1 7.30091e-05 8.73143e-05
8.50118e-05 1 8.61015e-05
9.90107e-05 9.83219e-05 1
0.998508 0.038616 0.0386097
0.993758 0.105842 0.0352503
0.988764 0.0472728 0.141814
0.979189 0.200913 0.028688
0.980568 0.100925 0.168228
0.975024 0.190455 0.114263
0.955504 0.0417046 0.292014
0.94032 0.339541 0.022584
0.957924 0.176201 0.22657
0.945621 0.296128 0.134571
0.925624 0.0850497 0.368764
0.916032 0.390837 0.0901778
0.921023 0.161162 0.354602
0.920655 0.308159 0.239651
0.860422 0.0338595 0.508456
0.840179 0.542029 0.0174342
0.895391 0.294606 0.33389
0.868823 0.461077 0.180428
0.846475 0.143557 0.51271
0.820212 0.562497 0.104161
0.845959 0.247433 0.472367
0.842261 0.444899 0.304402
0.763266 0.0664128 0.642662
0.749555 0.658434 0.0680532
0.808894 0.332006 0.485245
0.788685 0.544609 0.285265
0.728759 0.124665 0.673327
0.734497 0.65348 0.182971
0.738303 0.245762 0.628099
0.754034 0.492523 0.434574
0.628576 0.0249632 0.777348
0.608445 0.793497 0.0125638
0.71697 0.477284 0.508089
0.668323 0.69952 0.253013
0.64554 0.22354 0.730279
0.599938 0.789552 0.129161
0.651146 0.371296 0.661928
0.64338 0.644503 0.413132
0.547629 0.10195 0.830487
0.522576 0.849553 0.0719311
0.607667 0.46815 0.641542
0.577441 0.733626 0.358267
0.516935 0.173934 0.838168
0.514395 0.830986 0.211804
0.52951 0.329955 0.781504
0.543706 0.646261 0.535472
0.422084 0.0445225 0.905463
0.410046 0.910968 0.0447179
0.503799 0.55113 0.665163
0.464063 0.816045 0.344552
0.424835 0.223605 0.87722
0.40298 0.896114 0.185975
0.433077 0.395542 0.809932
0.435729 0.727075 0.530568
0.339649 0.0793919 0.937196
0.337769 0.934216 0.114686
0.393986 0.496008 0.77379
0.376831 0.807852 0.453181
0.313684 0.153338 0.937065
0.326738 0.903728 0.276619
0.322661 0.321939 0.890082
0.34013 0.685395 0.643852
0.242225 0.0152667 0.9701
0.231343 0.972842 0.0076506
0.304807 0.662855 0.683897
0.266141 0.910571 0.316275
0.252655 0.29453 0.921638
0.220964 0.964041 0.147646
0.251337 0.48577 0.837172
0.24231 0.824483 0.511384
0.190672 0.12914 0.973122
0.174009 0.98194 0.0742608
0.214321 0.587767 0.780126
0.19424 0.887354 0.418179
0.165653 0.211012 0.963345
0.159128 0.959405 0.232855
0.163787 0.395932 0.903555
0.164662 0.769153 0.617487
0.117049 0.0573573 0.991468
0.108115 0.993321 0.0403117
0.13647 0.643804 0.752922
0.117681 0.919919 0.374033
0.10269 0.256892 0.960969
0.0909251 0.977216 0.191787
0.0954636 0.449344 0.888243
0.0903314 0.813328 0.57475
0.0640746 0.0934099 0.993564
0.0583822 0.991977 0.112127
0.0648286 0.551038 0.831958
0.0555677 0.877753 0.475879
0.0407763 0.171578 0.984326
0.0367101 0.95903 0.280915
0.0309457 0.352058 0.935467
0.0261811 0.739187 0.672991
0.0134448 0.0239847 0.999622
0.00794261 0.999681 0.0239903
0.00326528 0.673218 0.739437
