2.99995 1.00002 0.999976
0.857166 1.71449 0.857124
0.000384325 0.000704123 5.99815
2.99995 1.00002 0.999976
2.00003 1.49998 0.500016
2.33571 1 2.99286
1.50008 1.74996 0.250039
2.7779 1 1.6663
2.5 1.25 0.749999
0.30011 0.600085 4.1999
1.2501 1.87495 0.125048
2.9072 1 1.27841
2.25002 1.37499 0.625008
0.409212 0.818254 3.54534
1.75005 1.62497 0.375028
2.60066 1 2.19802
2.74997 1.12501 0.874988
0.166751 0.333438 4.99995
1.12512 1.93744 0.0625589
2.95645 1 1.13064
2.12503 1.43749 0.562514
0.456643 0.913104 3.26077
1.62505 1.68747 0.312528
2.6974 1 1.90778
2.39767 1.26658 0.866204
0.236948 0.473772 4.57885
1.37507 1.81246 0.187536
2.60928 1.07106 1.56529
2.05518 1.41923 0.74332
0.357261 0.714366 3.85702
1.78824 1.59128 0.445586
2.48318 1 2.55044
2.0333 1.32818 1.17177
0.0883268 0.176568 5.47052
1.06259 1.96871 0.0312948
1.95853 1.3039 1.38723
1.55496 1.62755 0.587936
0.478845 0.957507 3.12756
1.35539 1.78389 0.291903
2.03253 1.15913 2.06609
1.52144 1.52425 0.977002
0.269343 0.538552 4.3845
1.16271 1.89015 0.160094
1.67478 1.29032 1.76802
1.28912 1.63777 0.799759
0.383836 0.767517 3.69757
1.11319 1.79833 0.458214
1.78708 1.11408 2.63841
1.26685 1.50573 1.24761
0.128663 0.25723 5.22852
0.98212 1.96443 0.107354
1.26592 1.38548 1.67205
0.985156 1.73312 0.731775
0.433455 0.866734 3.39989
0.928587 1.85735 0.42857
0.594472 1.18872 2.43388
0.952294 1.59074 1.16079
0.2028 0.405486 4.78373
0.946437 1.89305 0.321464
1.0394 1.30856 2.04108
0.833058 1.66627 1.00178
0.329384 0.65862 4.02427
0.876356 1.75287 0.741974
0.520532 1.04087 2.87746
0.760212 1.52056 1.43889
0.0455422 0.0910159 5.7272
0.994514 1.98922 0.0329811
0.727869 1.45586 1.63296
0.834698 1.66955 0.991942
0.489598 0.979006 3.06305
0.899812 1.79979 0.601229
0.635268 1.27031 2.18908
0.739829 1.47978 1.56119
0.28492 0.569702 4.29104
0.933604 1.86738 0.398465
0.622479 1.24505 2.26534
0.735991 1.47211 1.58422
0.396669 0.793171 3.62059
0.80397 1.60808 1.17632
0.521061 1.04219 2.87389
0.61545 1.231 2.30751
0.14799 0.295878 5.11257
0.941412 1.883 0.351613
0.521042 1.04215 2.874
0.653784 1.30767 2.07749
0.390767 0.781568 3.6557
0.740009 1.48013 1.56013
0.392267 0.78457 3.6467
0.485608 0.971277 3.08661
0.22011 0.440098 4.67988
0.757579 1.51529 1.45468
0.318887 0.637786 4.08701
0.412085 0.824211 3.52778
0.199225 0.398436 4.80503
0.439638 0.879303 3.36249
0.16571 0.331399 5.00613
0.18938 0.378741 4.8641
0.0672487 0.134434 5.59696
0.667014 1.33414 1.99811
0.0289067 0.0577553 5.827
