0.965361062720614
0.969650319304013
0.968182445806058
0.964145649102495
0.964947346147872
0.972607979535614
0.96378850678417
0.962657686229709
0.96770974265923
0.96591523618708
0.963791487767976
0.971356642923461
0.962772566458695
0.963375727542802
0.968785636739535
0.966369638109479
0.968173202128492
0.9601332658405
0.966143541520969
0.96863804437295
0.959417326168688
0.967799234424507
0.967293485579483
0.962495326735311
0.965683405453078
0.966395761178132
0.964010549964067
0.969026969027017
0.964858449032549
0.967069141491464
0.964543619584967
0.966063229205837
0.968153846738536
0.964330592045243
0.963962120780675
