1.99993 0.000189425
0.0004129 3.99926
1.99492 0.0102227
1.98461 0.0308378
1.97421 0.051671
1.96366 0.0727352
1.95303 0.0939905
1.94229 0.115485
1.93142 0.137199
1.92045 0.159152
1.90937 0.181309
1.89816 0.203754
1.88682 0.226419
1.87537 0.249316
1.86379 0.272486
1.85209 0.295895
1.84025 0.319564
1.82829 0.343496
1.81618 0.3677
1.80394 0.392157
1.79158 0.416918
1.77906 0.441934
1.76641 0.467252
1.75361 0.492839
1.74066 0.518741
1.72757 0.544939
1.71432 0.571434
1.70091 0.59825
1.68735 0.625384
1.67362 0.65283
1.65973 0.6806
1.64567 0.708717
1.63144 0.737174
1.61705 0.765963
1.60248 0.795121
1.58774 0.824618
1.57279 0.854502
1.55767 0.884753
1.54235 0.915379
1.52684 0.946387
1.51114 0.9778
1.49523 1.0096
1.47914 1.04182
1.4628 1.07444
1.44628 1.1075
1.42954 1.141
1.41257 1.17493
1.39538 1.20933
1.37796 1.24417
1.3603 1.27948
1.3424 1.31527
1.32426 1.35155
1.30587 1.38833
1.28722 1.42564
1.26832 1.46343
1.24916 1.50179
1.22971 1.54065
1.21 1.5801
1.18999 1.6201
1.1697 1.66068
1.14912 1.70183
1.12824 1.74361
1.10704 1.78601
1.08552 1.82903
1.06369 1.8727
1.04155 1.91702
1.01904 1.962
0.996195 2.00771
0.973002 2.05409
0.949444 2.10118
0.925516 2.14905
0.90121 2.19767
0.876525 2.24704
0.851431 2.29723
0.825945 2.34823
0.800033 2.40001
0.773689 2.4527
0.746897 2.50627
0.719686 2.56071
0.692013 2.61607
0.663848 2.67237
0.635223 2.72966
0.606089 2.78791
0.576447 2.8472
0.546278 2.90754
0.515582 2.96891
0.484317 3.03142
0.452497 3.09507
0.420109 3.15987
0.387116 3.22587
0.3535 3.29307
0.319259 3.36155
0.284376 3.43134
0.248827 3.50243
0.212561 3.57493
0.175616 3.64884
0.137933 3.7242
0.0995042 3.80105
0.0603131 3.87944
0.0203171 3.95951
