2.0824 0.0825936
0.0827972 4.0824
2.08239 0.0926534
2.08234 0.113483
2.08223 0.134743
2.08205 0.156455
2.08182 0.178625
2.08151 0.201263
2.08114 0.224384
2.08068 0.247995
2.08015 0.272126
2.07952 0.296778
2.07881 0.321965
2.07799 0.3477
2.07708 0.374016
2.07605 0.400908
2.0749 0.4284
2.07363 0.456504
2.07223 0.485241
2.07069 0.514629
2.069 0.544688
2.06715 0.575421
2.06513 0.606863
2.06294 0.639017
2.06056 0.671914
2.05798 0.705567
2.05519 0.739993
2.05217 0.775213
2.04892 0.811243
2.04541 0.848109
2.04164 0.885824
2.03758 0.92441
2.03323 0.96388
2.02856 1.00426
2.02355 1.04557
2.01819 1.08781
2.01245 1.13101
2.00631 1.17518
1.99976 1.22034
1.99276 1.2665
1.98529 1.31368
1.97732 1.36187
1.96883 1.4111
1.95979 1.46137
1.95017 1.51267
1.93994 1.56502
1.92906 1.61841
1.91751 1.67283
1.90525 1.72827
1.89224 1.78472
1.87845 1.84217
1.86385 1.90058
1.84839 1.95992
1.83204 2.02017
1.81477 2.08128
1.79653 2.14321
1.7773 2.20589
1.75703 2.26927
1.73569 2.33327
1.71326 2.39782
1.68969 2.46282
1.66497 2.52819
1.63906 2.59381
1.61195 2.65959
1.58362 2.72539
1.55405 2.79109
1.52324 2.85655
1.49118 2.92164
1.45789 2.98621
1.42336 3.05011
1.38762 3.11317
1.35069 3.17525
1.3126 3.23619
1.27339 3.29583
1.2331 3.35402
1.1918 3.4106
1.14953 3.46543
1.10636 3.51838
1.06238 3.56931
1.01765 3.6181
0.972254 3.66466
0.926296 3.70887
0.879846 3.75068
0.833013 3.79
0.785886 3.82678
0.738559 3.861
0.691131 3.89262
0.64369 3.92164
0.59633 3.94808
0.549144 3.97195
0.502201 3.99329
0.455609 4.01214
0.409428 4.02856
0.363724 4.04263
0.318569 4.05441
0.274024 4.06399
0.230139 4.07147
0.186966 4.07693
0.144542 4.08047
0.102905 4.08219
