0.994062  2.24945  5.62548  6.39088  2.73194  6.15972  3.68313  3.91263  10.4369  11.5933  13.093  3.45618  0.792902  15.2991  22.7086  11.2784  8.85616  6.05908  34.1384  25.4943  36.1855  34.6884  15.3655  2.93992  0.497031  0.562362  0.93758  0.79886  0.273194  0.51331  0.263081  0.24454  0.579828  0.579663  0.595138  0.144007  0.0304962  0.546396  0.756952  0.35245  0.260475  0.168308  0.89838  0.637358  0.86156  0.788372  0.334034  0.0612483  
1.42287  2.73757  1.39912  0.919122  1.4054  7.74748  13.0034  6.35139  14.2882  3.63856  9.497  23.4855  6.39379  8.73945  19.0641  29.3674  9.84244  29.6569  9.09353  35.1821  13.1258  24.4898  4.27505  10.9052  0.711433  0.684393  0.233187  0.11489  0.14054  0.645623  0.928811  0.396962  0.793791  0.181928  0.431682  0.978564  0.245915  0.312123  0.63547  0.917732  0.289483  0.823804  0.239304  0.879552  0.31252  0.556585  0.0929358  0.227191  
0.371068  3.53074  5.87671  0.328573  5.28766  5.54197  6.42119  3.389  15.5618  2.98485  12.0559  3.20162  4.87619  1.80805  24.0388  12.0778  29.4147  25.1209  27.2878  3.42387  29.2956  29.8125  10.8005  35.2514  0.185534  0.882684  0.979452  0.0410717  0.528766  0.461831  0.458657  0.211812  0.864542  0.149242  0.547994  0.133401  0.187546  0.0645733  0.801293  0.377431  0.86514  0.697803  0.718099  0.0855967  0.697515  0.677558  0.234793  0.734403  
1.33874  3.79715  4.62131  0.0655286  7.46345  10.1766  11.4961  7.50341  12.8772  14.094  13.192  16.9615  5.47484  17.38  29.4209  16.7064  8.00543  8.34164  0.291519  8.36693  21.9288  12.3335  35.7884  22.314  0.669372  0.949287  0.770219  0.00819107  0.746345  0.848049  0.821151  0.468963  0.715403  0.704701  0.599636  0.70673  0.210571  0.620714  0.980697  0.522074  0.235454  0.231712  0.00767155  0.209173  0.522114  0.280308  0.778008  0.464875  
0.742131  3.63572  3.88294  7.73669  7.82537  9.65581  12.8414  14.5669  4.99764  9.44892  4.18058  7.31196  9.48686  22.8425  1.13992  2.26105  24.419  17.9368  2.9685  10.5568  19.9225  42.1663  15.1176  16.5536  0.371066  0.908929  0.647157  0.967086  0.782537  0.804651  0.917243  0.91043  0.277647  0.472446  0.190026  0.304665  0.364879  0.815804  0.0379972  0.0706579  0.718207  0.498244  0.0781185  0.263921  0.474344  0.958325  0.328642  0.344866  
1.45432  0.741106  4.96621  3.12233  3.05155  6.27938  9.12274  2.18481  8.41462  5.00183  5.00614  19.4419  6.62036  21.3172  19.7061  10.3683  11.7558  21.7523  22.8112  6.27975  38.8826  24.6132  6.0524  44.6059  0.727159  0.185277  0.827701  0.390292  0.305155  0.523282  0.651624  0.136551  0.467479  0.250092  0.227552  0.810078  0.254629  0.761327  0.65687  0.324009  0.345758  0.60423  0.600295  0.156994  0.925776  0.559391  0.131574  0.929289  
0.893855  2.64008  5.28035  0.14507  0.762976  11.0639  2.00091  0.68799  9.68441  10.9936  17.2889  20.5246  16.6432  27.376  10.6846  29.9305  4.6256  13.2495  22.842  38.4182  17.8207  27.5727  38.2122  43.111  0.446927  0.660019  0.880058  0.0181337  0.0762976  0.921993  0.142922  0.0429994  0.538023  0.549679  0.785858  0.85519  0.640124  0.977714  0.356154  0.935329  0.136047  0.368041  0.601105  0.960454  0.424302  0.626653  0.830699  0.898147  
0.601881  0.587541  4.14116  2.87339  2.82393  9.31846  2.69907  4.80077  0.711766  4.09528  13.3848  23.8184  20.617  17.7586  10.4009  19.427  0.598798  29.4768  15.7871  34.8861  5.30038  18.2771  23.6816  7.61283  0.300941  0.146885  0.690193  0.359173  0.282393  0.776538  0.192791  0.300048  0.0395425  0.204764  0.608399  0.992434  0.79296  0.634234  0.346695  0.607093  0.0176117  0.818799  0.41545  0.872151  0.126199  0.415389  0.514818  0.158601  
1.72638  3.26739  5.45728  3.67207  5.80059  4.80975  6.81886  8.67068  5.45303  6.6771  21.9542  23.773  24.8147  2.69285  7.90231  12.0615  0.988665  10.548  5.3329  38.4019  28.8215  32.8667  19.6634  1.40621  0.863192  0.816847  0.909547  0.459008  0.580059  0.400813  0.487062  0.541917  0.302946  0.333855  0.997916  0.99054  0.954412  0.0961731  0.26341  0.376921  0.0290784  0.293  0.140339  0.960047  0.686227  0.746971  0.427465  0.0292961  
0.586604  0.177212  2.13433  4.77736  3.93472  8.29934  12.6124  6.40686  3.37094  9.40458  10.8288  21.5442  24.5554  20.2919  21.7178  24.5557  5.70561  35.6778  2.40309  18.4385  7.39798  33.7948  5.68487  11.8074  0.293302  0.044303  0.355721  0.59717  0.393472  0.691612  0.900885  0.400429  0.187274  0.470229  0.492218  0.897674  0.94444  0.724712  0.723927  0.767367  0.167812  0.991051  0.0632392  0.460962  0.176142  0.768063  0.123584  0.245987  
1.2847  1.74784  3.2446  5.4926  9.27388  9.43947  9.27644  6.48464  9.63015  6.93058  19.0213  16.7358  14.5979  25.7502  12.5752  5.39032  16.8234  17.3097  26.6258  35.203  25.9422  4.30895  42.0528  28.8215  0.642351  0.436961  0.540767  0.686575  0.927388  0.786623  0.662603  0.40529  0.535008  0.346529  0.864604  0.697326  0.561457  0.919648  0.419173  0.168448  0.494805  0.480825  0.700679  0.880076  0.617671  0.0979308  0.914192  0.600448  
1.44865  1.34603  4.86968  4.18358  0.962629  10.5361  12.1002  2.04779  3.23675  0.069442  13.5968  15.0997  12.2661  17.0472  28.0807  8.48225  23.0129  32.7597  23.2493  6.23977  19.7297  31.1543  17.7267  17.4756  0.724326  0.336508  0.811613  0.522947  0.0962629  0.878009  0.864302  0.127987  0.179819  0.0034721  0.618035  0.629154  0.471775  0.60883  0.936025  0.26507  0.676849  0.90999  0.611824  0.155994  0.469754  0.708052  0.385363  0.364075  
1.88185  1.94574  2.92124  3.67996  4.83042  0.831889  11.3819  4.20155  11.3  19.8007  12.8504  1.81826  10.2063  11.7117  4.39311  19.8619  25.5505  0.494745  9.783  37.8243  32.3943  22.6482  20.8785  37.7856  0.940926  0.486435  0.486874  0.459995  0.483042  0.0693241  0.812993  0.262597  0.627776  0.990033  0.584107  0.0757609  0.39255  0.418275  0.146437  0.620684  0.751487  0.0137429  0.257447  0.945608  0.771293  0.514732  0.45388  0.787199  
0.576522  2.50779  5.90751  1.20456  7.85285  2.91108  1.31581  11.7355  8.52396  6.9499  9.36053  14.1146  4.00196  2.90067  25.6985  25.9775  21.0171  7.33851  14.4141  25.5026  38.5338  1.82451  1.15789  9.85983  0.288261  0.626947  0.984584  0.15057  0.785285  0.24259  0.0939867  0.733466  0.473553  0.347495  0.425479  0.588109  0.153921  0.103595  0.856616  0.811797  0.618149  0.203848  0.379319  0.637566  0.917472  0.0414662  0.0251714  0.205413  
0.73131  2.39514  0.442474  4.37727  2.97762  9.82076  3.4402  14.9563  14.8258  14.1593  6.36416  9.68467  12.8517  25.7784  11.0024  6.75586  15.6117  8.51062  21.2037  4.41007  39.1014  0.706041  25.2275  13.7805  0.365655  0.598784  0.0737456  0.547159  0.297762  0.818397  0.245729  0.934771  0.823655  0.707967  0.28928  0.403528  0.494296  0.920656  0.366747  0.211121  0.459166  0.236406  0.557992  0.110252  0.930985  0.0160464  0.548425  0.287094  
1.48191  3.81503  3.19673  2.82627  4.17526  8.84737  10.9032  2.84062  8.88596  17.3677  17.1326  17.4879  0.400634  9.41964  26.0992  16.6983  20.7033  28.2059  23.1636  38.4872  35.5354  19.6202  40.5714  12.4419  0.740956  0.953757  0.532788  0.353283  0.417526  0.73728  0.7788  0.177539  0.493664  0.868384  0.778756  0.728664  0.015409  0.336416  0.869973  0.521823  0.608921  0.783497  0.609568  0.962179  0.846081  0.445914  0.881986  0.259205  
1.35746  1.37769  3.22587  6.76664  7.86897  10.7285  13.0256  3.83294  6.1392  4.05215  4.51445  16.9954  22.87  27.6503  15.3458  23.8464  26.2811  15.5545  29.9149  17.6  35.3156  30.729  17.6178  12.5951  0.678728  0.344422  0.537646  0.84583  0.786897  0.89404  0.9304  0.239559  0.341067  0.202607  0.205202  0.70814  0.879616  0.987512  0.511528  0.7452  0.772973  0.43207  0.787234  0.44  0.840847  0.698387  0.382996  0.262398  
0.46421  2.62252  2.25472  7.99458  8.74472  2.83081  0.252755  3.89073  14.293  14.8338  17.6003  7.72014  0.975882  26.2108  2.27349  5.47091  2.7642  21.8352  37.1302  32.2387  25.5247  4.88951  10.5757  6.07195  0.232105  0.65563  0.375787  0.999323  0.874472  0.235901  0.0180539  0.243171  0.794055  0.741688  0.800013  0.321673  0.0375339  0.936099  0.0757831  0.170966  0.0813  0.606533  0.977111  0.805969  0.607732  0.111125  0.229907  0.126499  
1.56251  0.327925  0.0891427  1.99045  0.969709  0.915003  12.6183  2.77367  1.40158  7.09283  15.0392  4.78419  4.0072  23.2624  16.3137  10.2767  25.5504  2.01853  2.03713  30.609  20.7775  9.67233  13.5374  45.2467  0.781254  0.0819813  0.0148571  0.248806  0.0969709  0.0762502  0.901304  0.173354  0.0778656  0.354641  0.683599  0.199341  0.154123  0.830798  0.54379  0.321148  0.751482  0.0560703  0.0536087  0.765225  0.494703  0.219826  0.294292  0.94264  
0.934704  0.0464293  2.82447  0.662508  1.71325  9.01134  8.24997  4.41024  10.6519  11.1947  0.410599  21.3339  4.44527  23.2311  0.598121  8.60756  33.7551  12.6842  19.3705  12.1312  25.4204  0.51105  21.8449  8.14256  0.467352  0.0116073  0.470746  0.0828135  0.171325  0.750945  0.589284  0.27564  0.59177  0.559733  0.0186636  0.888914  0.170972  0.829682  0.0199374  0.268986  0.992796  0.352338  0.50975  0.303281  0.605249  0.0116148  0.47489  0.169637  
0.621763  0.103347  3.10835  4.90153  8.97261  0.590644  0.761959  7.00232  8.30723  10.7394  12.0063  22.3833  14.9985  16.2072  16.1943  13.6572  19.9603  12.3026  27.8824  2.87931  8.4736  11.0274  35.3115  37.0795  0.310881  0.0258368  0.518058  0.612691  0.897261  0.0492203  0.0544257  0.437645  0.461513  0.536972  0.545742  0.932637  0.576865  0.57883  0.53981  0.426786  0.587069  0.34174  0.733748  0.0719827  0.201752  0.250622  0.767641  0.772489  
0.518223  1.97718  2.18032  3.84826  9.58729  5.29166  10.6912  0.964241  16.3267  3.31722  8.50029  12.6382  24.5343  20.2911  7.65085  12.139  12.5994  8.49102  31.6021  9.40462  13.0048  22.3762  43.5258  35.0866  0.259111  0.494295  0.363387  0.481032  0.958729  0.440972  0.763656  0.0602651  0.907041  0.165861  0.386377  0.526593  0.943626  0.724681  0.255028  0.379344  0.370571  0.235862  0.831633  0.235116  0.309637  0.508549  0.946214  0.730971  
0.282687  2.04616  2.44016  2.41547  3.87824  6.53925  1.80617  13.669  0.255912  12.6449  0.438846  2.83366  23.3468  25.6789  3.7752  20.2096  9.70822  4.00992  27.1621  32.2262  12.9076  38.6153  42.6274  37.165  0.141344  0.51154  0.406693  0.301934  0.387824  0.544937  0.129012  0.854314  0.0142173  0.632245  0.0199475  0.118069  0.897952  0.917105  0.12584  0.631549  0.285536  0.111387  0.714792  0.805654  0.307323  0.877619  0.926684  0.77427  
0.55182  3.76977  1.82936  3.73309  7.01349  6.55935  4.86048  3.60483  9.37857  5.39653  10.4232  16.4894  1.49939  15.9274  10.9097  8.14259  0.62981  13.2549  34.0751  16.0056  0.12377  41.4518  22.0662  40.7327  0.27591  0.942442  0.304893  0.466636  0.701349  0.546612  0.347177  0.225302  0.521032  0.269827  0.473783  0.687058  0.0576689  0.568837  0.363657  0.254456  0.0185238  0.368192  0.896714  0.40014  0.00294691  0.942086  0.479701  0.848597  
1.36457  0.838283  1.72388  1.03357  5.93488  7.13602  8.4092  4.436  7.67326  14.6405  18.5989  11.0012  12.4551  17.3135  11.7491  28.7438  13.9365  34.0424  21.326  10.196  18.9758  25.008  12.2192  32.4408  0.682287  0.209571  0.287314  0.129196  0.593488  0.594668  0.600657  0.27725  0.426292  0.732025  0.845404  0.458382  0.479041  0.618339  0.391636  0.898243  0.409896  0.945623  0.561211  0.2549  0.451804  0.568364  0.265636  0.675851  
1.51499  1.5611  2.67575  2.97491  3.77327  9.69847  5.7017  4.15731  3.93326  10.4741  6.93213  18.2945  16.8475  1.69504  15.5908  4.32031  6.99412  1.32898  0.329753  39.8734  21.5733  8.53887  30.312  1.57116  0.757496  0.390275  0.445959  0.371864  0.377327  0.808206  0.407265  0.259832  0.218515  0.523706  0.315097  0.76227  0.64798  0.0605371  0.519694  0.13501  0.205709  0.036916  0.00867772  0.996835  0.51365  0.194065  0.658957  0.0327326  
0.300824  3.81354  1.04045  0.722761  6.1804  10.5705  11.0718  11.4078  1.90627  15.7244  18.5272  21.6952  15.8393  2.84159  20.1425  20.1162  22.2196  12.7474  21.4115  26.9009  22.2404  3.86207  5.02709  45.4632  0.150412  0.953386  0.173408  0.0903451  0.61804  0.880872  0.79084  0.712985  0.105904  0.786221  0.842147  0.903968  0.609203  0.101485  0.671416  0.628632  0.653518  0.354095  0.563461  0.672523  0.529534  0.0877743  0.109285  0.94715  
1.57392  2.70363  5.50577  7.66843  7.07773  11.2874  0.833192  5.73414  9.08381  8.03378  2.65615  8.40984  14.3525  16.7285  3.00127  17.5994  6.87739  4.73615  8.439  17.6566  26.9047  0.99768  15.105  41.3816  0.786958  0.675908  0.917629  0.958554  0.707773  0.940614  0.0595137  0.358383  0.504656  0.401689  0.120734  0.35041  0.552017  0.597447  0.100042  0.549981  0.202276  0.13156  0.222079  0.441415  0.640588  0.0226746  0.32837  0.862117  
0.033309  2.40978  5.17813  7.24952  2.56182  3.56643  7.64915  0.344889  11.1672  16.6993  14.8388  8.9859  20.9355  6.62605  22.4056  10.2696  7.21733  16.235  4.77533  3.29937  5.99277  27.2778  42.5725  6.6521  0.0166545  0.602444  0.863021  0.90619  0.256182  0.297202  0.546368  0.0215556  0.6204  0.834966  0.674492  0.374413  0.80521  0.236645  0.746853  0.320924  0.212274  0.450973  0.125667  0.0824842  0.142685  0.61995  0.92549  0.138585  
1.19188  1.06271  5.87387  1.78622  8.19634  0.215298  0.304077  6.34025  3.79474  19.0111  5.91797  1.36184  5.5966  15.3163  16.6093  6.57798  2.8795  30.727  22.7674  2.26444  5.94562  40.7734  29.9676  3.11842  0.595942  0.265678  0.978978  0.223278  0.819634  0.0179415  0.0217198  0.396266  0.210819  0.950556  0.268999  0.0567435  0.215254  0.547012  0.553643  0.205562  0.0846911  0.853528  0.599142  0.0566109  0.141562  0.926668  0.651469  0.0649672  
0.442507  0.470447  0.588224  2.66318  3.25182  1.56767  4.24537  1.06821  9.17643  3.69237  14.2648  18.0471  13.7086  10.6613  10.2575  5.92367  10.8974  17.9242  19.1278  32.0734  9.08763  16.2522  10.8558  38.8012  0.221253  0.117612  0.0980373  0.332897  0.325182  0.130639  0.30324  0.066763  0.509802  0.184619  0.6484  0.751963  0.527255  0.380759  0.341916  0.185115  0.320513  0.497895  0.503364  0.801836  0.216372  0.369369  0.235997  0.808358  
0.170774  2.50082  4.06898  3.54077  0.723402  9.14146  13.1917  9.0707  7.26704  7.39447  4.57327  1.36967  7.77848  21.9012  29.3443  20.3175  15.8964  12.0504  15.4844  16.6913  24.0998  18.8325  3.73426  3.26199  0.085387  0.625205  0.678163  0.442597  0.0723402  0.761788  0.942263  0.566919  0.403724  0.369723  0.207876  0.0570696  0.299172  0.782187  0.978145  0.634923  0.46754  0.334732  0.407485  0.417283  0.573804  0.428012  0.0811796  0.0679582  
0.319545  0.318022  5.69842  6.94934  5.39256  0.791021  8.48184  2.6968  8.96147  16.63  19.6416  6.19651  2.23446  9.24394  2.63945  3.63256  19.4695  22.1636  26.6326  17.2533  11.0602  37.8413  26.1232  34.711  0.159773  0.0795054  0.949737  0.868668  0.539256  0.0659184  0.605846  0.16855  0.497859  0.831499  0.892799  0.258188  0.0859406  0.330141  0.0879818  0.113517  0.572631  0.615655  0.700858  0.431331  0.263339  0.860029  0.567895  0.723146  
0.6943  3.76953  2.51419  7.93959  8.55306  9.29953  6.00105  2.1298  6.11057  5.86339  19.9576  14.3037  15.6887  9.66867  20.5971  16.9429  29.4323  27.2872  16.2843  12.3466  41.0994  7.8012  34.3386  26.8352  0.34715  0.942383  0.419031  0.992448  0.855306  0.774961  0.428646  0.133112  0.339476  0.29317  0.907165  0.595987  0.603412  0.34531  0.686569  0.529464  0.865657  0.757977  0.428534  0.308666  0.978557  0.1773  0.746492  0.559067  
1.00804  0.743383  3.14174  0.221493  4.88913  3.485  1.15314  0.277677  9.77806  5.45409  4.51455  21.823  3.23291  25.2773  28.8133  9.28165  0.197679  31.3654  9.74527  28.6472  38.8006  38.2149  36.919  29.8946  0.50402  0.185846  0.523623  0.0276867  0.488913  0.290417  0.082367  0.0173548  0.543225  0.272704  0.205207  0.909292  0.124343  0.902759  0.960445  0.290052  0.00581409  0.871262  0.256454  0.716179  0.923823  0.868522  0.802587  0.622804  
0.173431  1.42021  5.76444  5.85401  6.13186  7.44411  3.42485  11.9195  0.522813  4.38643  13.1616  2.51698  12.2794  21.5598  7.62922  20.6268  0.352431  12.7077  8.56431  12.9963  40.1861  41.3577  32.9752  41.3141  0.0867156  0.355053  0.96074  0.731752  0.613186  0.620343  0.244632  0.744967  0.0290452  0.219321  0.598253  0.104874  0.472286  0.769994  0.254307  0.644589  0.0103656  0.352992  0.225377  0.324906  0.956812  0.939948  0.716852  0.860711  
1.20176  3.30311  4.23671  2.33812  0.644309  7.56006  2.75231  15.8361  9.89392  19.5007  12.2966  13.5806  21.9411  20.8412  17.7048  18.4859  22.4281  3.49067  21.2072  7.99699  34.9908  8.22265  4.49437  4.27818  0.600878  0.825778  0.706118  0.292265  0.0644309  0.630005  0.196593  0.989757  0.549662  0.975036  0.558936  0.565859  0.843887  0.744328  0.590159  0.577685  0.659649  0.0969631  0.558084  0.199925  0.833115  0.186879  0.0977037  0.0891287  
1.11047  0.719786  3.91642  5.32253  6.30144  11.3802  10.9072  10.9783  2.265  17.0249  11.7129  13.1009  10.8035  2.08206  16.4887  15.0845  30.4482  34.2986  26.4324  32.2373  14.9314  43.5425  26.81  13.0684  0.555236  0.179947  0.652737  0.665316  0.630144  0.94835  0.779086  0.686141  0.125834  0.851243  0.532404  0.545869  0.415519  0.0743592  0.549625  0.471389  0.895535  0.952739  0.695589  0.805933  0.35551  0.989602  0.582826  0.272258  
0.951018  1.91231  1.13463  2.78304  1.50333  1.71278  11.1029  10.523  0.364206  18.15  8.20979  19.0223  23.6514  24.055  7.63739  27.5683  17.5634  2.47402  4.36179  33.9193  10.2104  11.5073  42.3169  30.4324  0.475509  0.478078  0.189105  0.347879  0.150333  0.142732  0.793065  0.657687  0.0202337  0.907498  0.373172  0.792597  0.909668  0.859107  0.25458  0.861511  0.516571  0.0687228  0.114784  0.847982  0.243104  0.261529  0.919932  0.634008  
1.40312  1.62118  0.745303  6.63629  3.89965  0.772421  4.30428  7.32583  3.15328  0.344433  13.2068  3.78411  1.44047  21.5269  10.0427  12.4161  19.6301  27.2818  20.6277  19.3992  6.35161  8.39861  29.7563  9.1649  0.701559  0.405296  0.124217  0.829537  0.389965  0.0643684  0.307449  0.457865  0.175182  0.0172216  0.600311  0.157671  0.0554028  0.768818  0.334755  0.388004  0.577356  0.757828  0.542835  0.48498  0.151229  0.190878  0.646875  0.190935  
0.403403  0.41608  5.28287  0.912899  6.41241  0.877534  2.91887  4.97617  6.68779  10.6728  4.68255  0.645082  18.1224  5.35821  7.10035  12.6146  30.0041  1.97595  26.8097  20.9286  21.2207  5.51517  37.9522  16.9889  0.201701  0.10402  0.880478  0.114112  0.641241  0.0731278  0.208491  0.311011  0.371544  0.533642  0.212843  0.0268784  0.697017  0.191365  0.236678  0.394207  0.882473  0.0548874  0.705518  0.523214  0.505256  0.125345  0.825048  0.353936  
1.91527  2.44471  3.30014  3.02857  8.39444  0.740847  12.3831  13.0674  6.20898  5.98662  12.3128  11.013  2.03711  18.1985  12.7565  22.9663  2.48168  31.5388  12.0786  19.0575  26.5351  14.1771  24.3604  5.90567  0.957633  0.611177  0.550024  0.378571  0.839444  0.0617372  0.884505  0.816713  0.344943  0.299331  0.559672  0.458877  0.0783504  0.649946  0.425218  0.717695  0.0729905  0.876076  0.317857  0.476439  0.631789  0.322208  0.529574  0.123035  
0.656926  0.124767  5.60538  4.53561  9.40514  3.89805  0.350462  10.4335  6.02304  15.6974  12.3083  7.11951  19.1718  19.3672  10.2601  27.9505  28.4327  7.0129  34.5457  39.4911  14.9473  1.38982  24.1293  14.1974  0.328463  0.0311917  0.93423  0.566951  0.940514  0.324837  0.025033  0.652096  0.334613  0.784869  0.559469  0.296646  0.737378  0.691685  0.342003  0.873454  0.836255  0.194803  0.909099  0.987277  0.355887  0.0315867  0.52455  0.295779  
0.410207  1.8607  1.82895  5.4158  8.69138  0.688806  13.7959  13.7122  13.3465  19.6257  12.141  15.38  2.96361  27.3865  28.1085  1.9679  23.2219  22.3055  15.8622  2.49882  26.061  36.5994  45.4143  42.8061  0.205103  0.465175  0.304825  0.676975  0.869138  0.0574005  0.985423  0.857014  0.741474  0.981286  0.551864  0.640834  0.113985  0.97809  0.936949  0.0614969  0.682996  0.619597  0.417426  0.0624706  0.6205  0.831804  0.987268  0.891793  
1.5262  1.83039  0.484456  7.38796  2.46291  8.11187  6.79093  7.83983  17.6042  3.6961  17.9972  7.71792  1.64332  20.4448  1.04178  19.162  17.6467  28.4458  23.5451  18.6412  31.66  14.5574  21.7411  14.6544  0.7631  0.457597  0.0807427  0.923495  0.246291  0.675989  0.485067  0.48999  0.978013  0.184805  0.818053  0.32158  0.0632045  0.730173  0.0347259  0.598812  0.519019  0.79016  0.619609  0.46603  0.753809  0.330849  0.472632  0.3053  
0.602813  2.65834  2.07166  5.52938  6.32496  7.41192  4.58568  15.2177  12.1566  12.8948  3.61288  10.1171  22.5384  16.3985  12.8816  13.6577  29.0539  13.4556  32.8285  20.1668  2.72274  34.0825  17.6657  4.41795  0.301406  0.664585  0.345276  0.691172  0.632496  0.61766  0.327548  0.951109  0.675368  0.64474  0.164222  0.421545  0.866862  0.585662  0.429386  0.426802  0.854526  0.373767  0.863907  0.504171  0.0648271  0.774603  0.384037  0.0920407  
1.44544  0.955927  2.27365  5.92551  2.31845  7.78648  11.8195  4.46907  5.14765  0.717204  4.02827  13.3728  5.44605  22.2314  14.7847  6.78309  23.2308  16.8061  0.939159  39.851  39.5695  30.0102  35.4975  4.25995  0.72272  0.238982  0.378942  0.740688  0.231845  0.648873  0.844251  0.279317  0.285981  0.0358602  0.183103  0.557201  0.209463  0.793979  0.492823  0.211972  0.683258  0.466837  0.0247147  0.996276  0.942131  0.682051  0.771684  0.088749  
1.43792  2.98214  3.42428  0.552264  7.62703  6.23919  10.7823  8.07368  8.88765  19.1082  19.4649  0.996928  14.8465  22.0165  0.337603  14.3556  15.2227  29.9746  22.6336  39.4995  36.8194  29.4231  27.2214  32.552  0.718958  0.745535  0.570713  0.069033  0.762703  0.519932  0.770164  0.504605  0.493758  0.955412  0.884767  0.0415386  0.571021  0.786304  0.0112534  0.448612  0.447728  0.832629  0.595622  0.987487  0.876653  0.668707  0.591771  0.678166  
0.0531586  2.61862  5.5627  0.223708  9.56756  2.77338  9.18855  10.9849  5.78039  4.23549  19.0783  5.70337  16.4894  11.149  4.95768  28.6746  6.50774  20.7384  1.80863  11.2408  9.99396  40.9124  16.6602  28.4125  0.0265793  0.654655  0.927117  0.0279634  0.956756  0.231115  0.656325  0.686558  0.321133  0.211774  0.867196  0.237641  0.634206  0.398179  0.165256  0.896082  0.191404  0.576067  0.0475954  0.28102  0.237951  0.929827  0.362177  0.591927  
0.942288  1.09536  5.36503  0.325769  6.68169  5.58772  4.27177  6.79724  11.0282  19.9936  18.0279  10.0621  15.1015  26.346  14.8355  10.1669  3.15422  26.0162  37.6637  21.256  41.7737  4.26778  30.5415  36.6555  0.471144  0.273839  0.894172  0.0407211  0.668169  0.465643  0.305126  0.424827  0.612679  0.999679  0.819451  0.419254  0.580825  0.940929  0.494518  0.317715  0.0927711  0.722671  0.99115  0.5314  0.994613  0.0969951  0.663945  0.763656  
1.35094  2.12834  0.132091  4.30653  3.00459  0.5754  9.49625  14.8568  0.136269  17.4511  3.72363  3.33311  21.9868  4.50526  7.178  13.0507  12.0674  0.568963  17.499  27.1032  26.909  18.8695  9.25882  32.2823  0.675471  0.532084  0.0220151  0.538316  0.300459  0.04795  0.678304  0.928551  0.00757048  0.872557  0.169256  0.13888  0.845645  0.160902  0.239267  0.407833  0.354923  0.0158045  0.460501  0.67758  0.640691  0.428852  0.201279  0.672548  
0.668762  3.3915  0.47856  2.98964  7.05024  6.95577  11.6914  8.33581  15.4983  3.6181  7.79255  17.5375  3.73093  20.9485  16.9405  28.5344  20.7169  15.219  19.2139  31.4926  33.2789  2.38665  13.5691  45.6014  0.334381  0.847875  0.07976  0.373704  0.705024  0.579648  0.835102  0.520988  0.861019  0.180905  0.354207  0.730729  0.143497  0.74816  0.564683  0.891699  0.609322  0.422749  0.505629  0.787315  0.792354  0.054242  0.294981  0.950028  
0.095373  3.90438  1.12132  3.79064  2.58677  3.93901  4.28341  13.6538  13.7812  11.061  12.418  0.996399  25.3851  12.0701  4.09388  15.2495  22.4679  28.1666  3.89239  29.9818  25.2115  19.0348  24.3791  2.2551  0.0476865  0.976094  0.186887  0.47383  0.258677  0.328251  0.305958  0.853364  0.765625  0.553051  0.564456  0.0415166  0.97635  0.431074  0.136463  0.476546  0.660821  0.782406  0.102431  0.749546  0.600274  0.432609  0.529981  0.0469813  
1.12629  0.65892  0.675786  4.36453  2.77738  2.34804  11.7346  1.98774  9.67196  16.8144  5.51551  0.754672  14.7337  6.89845  1.58386  15.8849  31.6551  18.3604  26.3402  28.1307  7.25398  15.861  11.0429  5.51817  0.563146  0.16473  0.112631  0.545566  0.277738  0.19567  0.838185  0.124234  0.537331  0.840719  0.250705  0.0314447  0.566681  0.246373  0.0527953  0.496403  0.931032  0.51001  0.693163  0.703269  0.172714  0.360477  0.240063  0.114962  
0.582839  3.49464  4.55397  7.76098  5.44222  10.1087  0.0609209  13.5521  15.2625  0.772194  4.81075  17.7715  14.1517  15.3666  18.5866  15.7854  22.4181  32.6915  2.98958  29.1177  35.7225  28.6861  9.7464  38.9136  0.29142  0.87366  0.758996  0.970122  0.544222  0.842393  0.00435149  0.847005  0.847916  0.0386097  0.218671  0.740479  0.544296  0.548806  0.619555  0.493294  0.659357  0.908096  0.0786731  0.727942  0.850537  0.651957  0.211878  0.810699  
0.110788  3.24552  5.65917  4.33832  9.13457  0.596129  5.69372  2.20855  3.36333  0.411076  11.7228  13.5876  8.15979  24.9533  24.4565  20.7156  6.36217  2.84234  37.5933  32.3361  15.4755  29.4003  29.7054  39.5474  0.0553939  0.81138  0.943196  0.54229  0.913457  0.0496774  0.406694  0.138034  0.186852  0.0205538  0.532856  0.566149  0.313838  0.89119  0.815216  0.647361  0.187123  0.0789539  0.989298  0.808403  0.368463  0.668189  0.64577  0.823904  
0.884888  3.56048  0.126042  1.09815  9.2181  3.53759  0.917571  15.2807  0.189196  19.7552  20.4104  10.9918  8.72181  13.6678  17.1365  30.3873  33.0488  32.0044  19.3694  0.887409  0.486319  17.1502  29.9997  47.906  0.442444  0.89012  0.021007  0.137269  0.92181  0.294799  0.0655408  0.955043  0.0105109  0.987759  0.927748  0.457993  0.335454  0.488137  0.571215  0.949602  0.972025  0.88901  0.509721  0.0221852  0.011579  0.389777  0.652168  0.998041  
0.141401  1.23099  0.33414  4.40425  6.42969  11.151  3.84704  5.95885  9.85452  4.31241  9.64998  20.6932  18.0795  11.4138  1.88923  12.5627  24.8572  7.03146  5.13183  32.8614  5.95068  14.4187  28.6297  21.4386  0.0707005  0.307747  0.05569  0.550532  0.642969  0.929247  0.274789  0.372428  0.547473  0.21562  0.438636  0.862217  0.695364  0.407636  0.0629742  0.392584  0.731093  0.195318  0.135048  0.821535  0.141683  0.327699  0.622384  0.446637  
1.37734  3.00837  4.25222  4.37817  8.11814  3.25651  7.50351  7.89113  8.0727  18.0429  20.3649  14.6545  7.59434  16.5283  13.9469  8.20986  29.6348  32.279  36.8529  26.0045  38.2002  4.58391  40.6322  47.3208  0.688672  0.752093  0.708704  0.547271  0.811814  0.271376  0.535965  0.493195  0.448483  0.902143  0.925678  0.610605  0.29209  0.590295  0.464897  0.256558  0.871613  0.89664  0.969814  0.650113  0.909528  0.10418  0.883309  0.98585  
1.98409  0.044327  1.10645  0.420622  6.95937  6.25974  13.6123  12.8048  3.18458  3.46428  21.1859  19.976  19.8698  18.5121  29.6069  10.762  18.593  23.3451  5.05646  10.074  33.6106  39.6123  20.6465  16.9374  0.992045  0.0110817  0.184408  0.0525778  0.695937  0.521645  0.972304  0.8003  0.176921  0.173214  0.962996  0.832333  0.764224  0.661147  0.986897  0.336312  0.546853  0.648476  0.133065  0.251849  0.800252  0.900279  0.448837  0.352863  
0.434186  0.844952  4.47371  6.00358  2.97939  10.0312  2.42312  9.47367  2.79412  1.61984  20.1334  20.5443  6.06508  17.2839  15.6743  9.00213  9.8503  32.5702  26.2906  2.14336  2.32152  30.4152  11.6532  40.7466  0.217093  0.211238  0.745619  0.750447  0.297939  0.835936  0.17308  0.592105  0.155229  0.080992  0.915155  0.856014  0.233272  0.617282  0.522476  0.281317  0.289715  0.904727  0.691859  0.053584  0.0552744  0.691256  0.253331  0.848888  
0.396606  0.429123  2.12751  0.788866  9.17392  2.25971  6.33279  0.508219  5.79989  1.66584  7.16774  23.4691  23.3958  2.96113  20.202  6.45283  19.4092  4.93359  26.755  32.2699  18.7958  4.04082  27.1039  21.084  0.198303  0.107281  0.354585  0.0986082  0.917392  0.188309  0.452342  0.0317637  0.322216  0.083292  0.325806  0.977879  0.899838  0.105754  0.673399  0.201651  0.57086  0.137044  0.704078  0.806747  0.447519  0.0918369  0.589215  0.43925  
1.84913  1.82781  4.1477  0.0869716  9.05028  2.5038  5.92532  9.22048  15.4689  15.3001  16.7662  16.2116  11.7951  15.1293  24.6957  3.50188  15.0703  22.6455  27.5162  7.02979  23.5539  15.3108  13.0508  13.5852  0.924567  0.456953  0.691283  0.0108714  0.905028  0.20865  0.423237  0.57628  0.859386  0.765004  0.7621  0.675485  0.453659  0.540334  0.823189  0.109434  0.443245  0.629042  0.724111  0.175745  0.560807  0.347973  0.283712  0.283025  
1.70944  1.44922  2.06111  1.85693  7.3446  6.38669  5.64543  1.24994  12.1976  6.19757  13.71  8.67548  2.93604  23.4253  21.5574  3.96409  23.3869  15.2517  25.1002  27.5402  15.6665  5.73778  36.7649  7.17314  0.854722  0.362305  0.343518  0.232116  0.73446  0.532224  0.403245  0.0781215  0.677645  0.309878  0.62318  0.361478  0.112925  0.836619  0.718581  0.123878  0.68785  0.42366  0.660531  0.688506  0.373012  0.130404  0.799236  0.14944  
0.850272  0.629617  0.299744  7.87566  8.94169  7.04112  1.56402  1.57509  1.86516  11.7713  8.52134  17.086  4.01603  7.40381  4.13195  22.4666  14.3561  29.641  23.652  33.6739  28.7115  4.38058  18.6872  44.956  0.425136  0.157404  0.0499573  0.984458  0.894169  0.58676  0.111715  0.0984433  0.10362  0.588564  0.387334  0.711917  0.154463  0.264422  0.137732  0.702082  0.422239  0.82336  0.622421  0.841848  0.683607  0.0995585  0.406245  0.936584  
1.01263  1.8666  0.559496  2.47885  4.30016  1.62843  7.58464  4.47673  0.139174  16.612  6.97032  12.667  9.23793  3.65026  23.5886  4.39586  20.6005  8.85955  18.8976  24.0219  21.7048  22.9373  10.4479  27.2183  0.506315  0.466649  0.0932494  0.309856  0.430016  0.135702  0.54176  0.279795  0.00773191  0.8306  0.316833  0.527791  0.355305  0.130366  0.786286  0.137371  0.605898  0.246099  0.497305  0.600548  0.51678  0.521302  0.227129  0.567049  
0.467808  0.49184  0.564177  3.86815  8.38774  9.21997  13.9927  0.295433  10.7258  9.81656  7.64118  12.5707  10.3006  25.562  28.0734  25.996  27.5851  22.0746  10.8021  34.2338  30.7938  42.8554  2.7747  32.3376  0.233904  0.12296  0.0940294  0.483519  0.838774  0.768331  0.999481  0.0184646  0.595876  0.490828  0.347326  0.523777  0.396175  0.912927  0.935781  0.812374  0.811328  0.613185  0.284266  0.855845  0.733186  0.973987  0.0603195  0.673701  
0.778986  2.2329  4.78409  3.43206  0.94407  6.06146  2.10468  10.6937  17.2269  10.5076  6.12342  13.2382  9.97064  5.58402  3.32171  10.0486  30.0751  25.3264  10.988  33.8361  22.6692  24.3114  43.7536  20.106  0.389493  0.558225  0.797349  0.429007  0.094407  0.505121  0.150334  0.668356  0.957049  0.52538  0.278337  0.551593  0.383486  0.199429  0.110724  0.314019  0.88456  0.703511  0.289157  0.845903  0.539742  0.552531  0.951166  0.418874  
0.875215  0.95024  4.06712  2.29133  5.44756  4.12895  8.70294  12.8856  7.11292  6.14675  1.43201  9.52309  7.40578  9.49751  19.727  26.4872  25.2966  0.219446  11.2003  31.8672  35.4465  21.391  43.0366  19.2897  0.437607  0.23756  0.677854  0.286416  0.544756  0.344079  0.621638  0.805347  0.395162  0.307338  0.0650912  0.396796  0.284838  0.339197  0.657568  0.827725  0.744018  0.00609573  0.294745  0.796679  0.843965  0.486158  0.935579  0.401869  
1.39428  1.84888  4.93201  2.88183  5.09004  8.89875  7.46252  8.31426  8.44755  14.8542  11.3966  8.43912  18.5659  23.4979  28.2313  14.4829  20.2627  26.1046  16.9675  9.78792  19.3963  1.91268  45.3307  33.737  0.69714  0.46222  0.822001  0.360229  0.509004  0.741563  0.533037  0.519641  0.469308  0.742712  0.518027  0.35163  0.714074  0.839209  0.941044  0.452591  0.595963  0.725129  0.446513  0.244698  0.461817  0.04347  0.985449  0.702855  
0.20026  3.43432  1.47731  3.74485  9.94092  10.3193  0.174178  10.8837  1.49025  5.42895  8.04894  2.43823  19.7724  15.4285  17.6939  30.6333  24.1887  6.26271  14.884  20.3249  9.6308  24.5227  18.4119  38.325  0.10013  0.858579  0.246218  0.468106  0.994092  0.859938  0.0124413  0.680234  0.0827915  0.271448  0.365861  0.101593  0.760478  0.551018  0.589796  0.957292  0.711432  0.173964  0.391683  0.508123  0.229305  0.557334  0.400259  0.798438  
0.715275  0.86738  4.23838  4.19621  4.31035  5.33112  8.92276  13.4262  15.5075  7.09473  11.3762  20.6624  21.5136  5.18379  4.60589  31.9763  13.9328  21.764  13.5023  26.6338  39.8293  25.5798  3.49668  1.48258  0.357638  0.216845  0.706396  0.524526  0.431035  0.44426  0.63734  0.839137  0.861526  0.354736  0.517099  0.860932  0.827445  0.185135  0.15353  0.999259  0.409789  0.604554  0.355324  0.665845  0.948318  0.581358  0.0760148  0.030887  
0.883246  3.68865  4.37071  1.95545  5.26866  5.93264  3.41039  14.5428  6.17044  14.442  16.4674  15.6623  7.33653  6.13622  20.4836  7.23899  19.001  27.7766  34.9533  37.72  23.2845  22.1848  2.96203  0.0886982  0.441623  0.922161  0.728451  0.244432  0.526866  0.494387  0.2436  0.908922  0.342802  0.722099  0.748518  0.652594  0.282174  0.219151  0.682785  0.226218  0.558854  0.771573  0.919824  0.943  0.554392  0.504199  0.0643919  0.00184788  
0.491334  0.423477  5.96958  7.24977  2.41489  6.23404  8.38622  11.3679  11.8664  16.1009  21.329  5.11228  18.9843  7.31519  18.4421  23.0477  11.2026  1.44945  31.2579  7.72161  32.0058  1.40762  34.2036  23.6182  0.245667  0.105869  0.99493  0.906221  0.241489  0.519503  0.599016  0.710494  0.659245  0.805043  0.969502  0.213012  0.730164  0.261257  0.614737  0.72024  0.329488  0.0402624  0.822576  0.19304  0.762042  0.0319913  0.743557  0.492046  
1.97026  2.2195  1.16546  3.99469  5.57556  0.442083  9.47337  6.53476  0.106654  1.96648  4.94419  11.1162  14.6544  26.6868  14.5491  21.039  23.3582  19.1147  30.1491  15.6605  24.5801  29.7134  32.2408  16.0109  0.98513  0.554874  0.194244  0.499336  0.557556  0.0368403  0.676669  0.408422  0.00592524  0.0983241  0.224736  0.463175  0.563629  0.953099  0.48497  0.657468  0.687006  0.530963  0.793397  0.391512  0.585241  0.675305  0.700888  0.33356  
0.0664654  3.81419  2.26589  2.38235  3.1024  1.10133  4.53248  2.15683  13.7119  2.98515  8.3934  19.2008  6.71295  18.2049  9.79447  29.5529  32.4549  26.54  20.0247  39.0369  15.2295  5.16457  1.0906  4.14276  0.0332327  0.953546  0.377648  0.297794  0.31024  0.0917779  0.323749  0.134802  0.761771  0.149258  0.381518  0.800033  0.25819  0.650174  0.326482  0.923528  0.954554  0.737222  0.526967  0.975922  0.362606  0.117377  0.0237088  0.0863076  
0.158107  0.983713  3.58078  2.44851  0.928605  6.53704  4.82854  6.19597  5.73922  10.7384  19.3485  11.2157  22.5137  13.7683  16.9318  14.1585  1.76885  3.46369  4.38483  33.5373  13.5463  38.8737  45.5048  6.39179  0.0790536  0.245928  0.596797  0.306064  0.0928605  0.544753  0.344896  0.387248  0.318845  0.536921  0.879477  0.467319  0.865911  0.491725  0.564392  0.442452  0.0520251  0.0962137  0.11539  0.838433  0.322532  0.883492  0.989234  0.133162  
0.354455  3.90294  0.215131  6.88933  6.24568  3.39321  7.38312  1.50727  2.98376  11.1236  21.5511  7.56951  1.76672  10.4114  8.14795  8.16209  28.7798  26.2795  17.8354  19.3682  33.0953  35.756  15.2995  20.9971  0.177228  0.975735  0.0358552  0.861166  0.624568  0.282768  0.527366  0.0942041  0.165765  0.556182  0.979596  0.315396  0.0679508  0.371835  0.271598  0.255065  0.846463  0.729985  0.469353  0.484205  0.787984  0.812635  0.332597  0.437439  
1.42192  1.53419  3.81336  5.98909  8.26548  4.08414  9.31772  13.4483  17.8977  12.2857  2.83248  11.9326  25.7412  15.2669  11.4503  8.6978  25.3358  34.4163  28.6779  25.0745  7.54899  29.2079  13.7968  20.3235  0.710961  0.383548  0.63556  0.748636  0.826548  0.340345  0.665551  0.840518  0.994318  0.614287  0.128749  0.497193  0.990047  0.545248  0.381677  0.271806  0.745171  0.956009  0.754681  0.626864  0.179738  0.663815  0.299931  0.423406  
1.4474  3.7704  4.89757  5.55779  1.05821  11.2131  9.30354  6.30908  9.20306  11.9729  16.9122  0.49341  20.7519  22.2525  6.4865  29.8301  21.9739  25.6677  9.2269  11.3132  16.53  36.3363  34.187  44.718  0.723702  0.942599  0.816261  0.694723  0.105821  0.934426  0.664539  0.394317  0.511281  0.598645  0.768738  0.0205588  0.798148  0.794731  0.216217  0.932192  0.646291  0.712991  0.242813  0.282831  0.39357  0.825824  0.743196  0.931626  
0.334332  1.58963  2.0079  6.80731  5.56929  2.40848  6.96578  7.55869  1.47588  9.95844  14.9853  23.9574  17.2428  19.9578  5.10943  6.33189  25.0962  3.51725  23.2709  9.38337  40.1791  39.3927  15.7607  8.33426  0.167166  0.397407  0.33465  0.850914  0.556929  0.200706  0.497556  0.472418  0.0819934  0.497922  0.681148  0.998223  0.663184  0.71278  0.170314  0.197872  0.738123  0.0977015  0.612393  0.234584  0.956646  0.895288  0.342624  0.17363  
1.8426  3.98212  1.90678  1.94947  1.02311  5.70884  2.62149  2.71994  12.342  9.11167  4.03689  4.89563  1.33774  26.0745  14.3727  2.61162  16.1886  19.65  10.1099  10.2449  22.9406  12.8707  25.1751  32.7768  0.921302  0.995531  0.317797  0.243684  0.102311  0.475737  0.187249  0.169996  0.685667  0.455583  0.183495  0.203985  0.0514514  0.931234  0.479091  0.0816131  0.476136  0.545833  0.266049  0.256122  0.546206  0.292515  0.547285  0.682851  
0.0405657  2.27259  1.97067  6.90861  6.01034  9.58651  2.35367  13.0126  2.26577  14.2864  2.80955  17.1621  25.0627  9.6228  29.8944  22.2017  2.96596  14.1991  10.3189  32.7915  16.8578  38.0455  37.6273  36.3076  0.0202829  0.568148  0.328446  0.863576  0.601034  0.798876  0.168119  0.813288  0.125876  0.714321  0.127707  0.715088  0.963952  0.343671  0.996479  0.693804  0.087234  0.394419  0.27155  0.819788  0.401377  0.86467  0.817985  0.756407  
1.33287  1.20001  2.13867  5.91313  6.13989  1.18489  9.17275  9.92633  16.9453  2.70334  5.66971  15.482  21.121  25.5331  2.61059  30.5646  10.7788  27.2856  30.4812  17.0491  10.8305  36.4771  1.32803  38.5167  0.666434  0.300004  0.356445  0.739142  0.613989  0.0987406  0.655196  0.620395  0.941405  0.135167  0.257714  0.645084  0.812345  0.911895  0.0870198  0.955143  0.317022  0.757933  0.802137  0.426227  0.257868  0.829024  0.0288703  0.802431  
1.99796  3.02184  5.7766  1.35862  9.30303  9.36277  11.3765  0.427284  16.4322  13.1629  16.8671  19.6987  21.8419  20.6341  12.4617  16.6455  8.28608  29.2902  7.07634  13.1215  12.3055  11.21  5.37606  25.2514  0.99898  0.75546  0.962767  0.169828  0.930303  0.780231  0.812604  0.0267052  0.912899  0.658144  0.766686  0.820779  0.840075  0.736934  0.415389  0.520171  0.243708  0.813617  0.18622  0.328037  0.292989  0.254772  0.116871  0.52607  
1.18577  3.51496  5.1777  0.134871  9.08098  11.6336  3.33451  3.99051  8.6471  8.77877  11.0978  6.99319  21.8308  3.71506  27.6565  30.4486  13.5676  31.3133  13.5359  7.04376  3.50289  7.25312  45.0876  13.2664  0.592886  0.878739  0.86295  0.0168588  0.908098  0.96947  0.23818  0.249407  0.480395  0.438939  0.504446  0.291383  0.839647  0.132681  0.921883  0.95152  0.399046  0.869815  0.356207  0.176094  0.0834022  0.164844  0.980165  0.276384  
1.29696  1.46657  2.60063  5.60309  4.19895  2.14562  1.67992  14.1264  14.5786  10.8193  1.534  13.5293  17.3317  3.77724  18.922  24.7114  18.1833  7.96271  22.9643  0.580373  9.23633  4.12563  37.1305  10.2881  0.648482  0.366643  0.433439  0.700386  0.419895  0.178801  0.119994  0.882898  0.809921  0.540964  0.0697273  0.563721  0.666602  0.134901  0.630733  0.77223  0.534804  0.221187  0.604324  0.0145093  0.219913  0.0937643  0.807186  0.214336  
1.45933  3.78504  2.66697  3.23856  7.57887  11.9092  2.54904  5.97631  11.1957  2.55532  11.6198  1.81258  25.1617  15.6021  14.1361  3.12064  14.1602  7.7189  29.4805  22.3611  2.0243  17.7181  42.0907  25.8121  0.729665  0.94626  0.444495  0.40482  0.757887  0.992434  0.182074  0.373519  0.621983  0.127766  0.528175  0.0755241  0.967759  0.557217  0.471203  0.09752  0.416476  0.214414  0.775801  0.559028  0.0481977  0.402685  0.915014  0.537753  
0.513232  1.29744  3.31318  1.97512  6.10357  2.37641  3.4568  4.69246  1.30307  16.2708  4.65053  21.1447  10.6792  17.6045  28.1947  1.19161  6.5748  0.638441  7.61244  36.5813  11.8641  31.6898  44.4155  17.4987  0.256616  0.324359  0.552197  0.246891  0.610357  0.198034  0.246914  0.293279  0.072393  0.81354  0.211388  0.881028  0.410739  0.628731  0.939822  0.0372377  0.193376  0.0177345  0.200327  0.914532  0.282477  0.720223  0.965554  0.364556  
0.899629  0.566533  1.41778  2.43807  3.34378  11.0032  4.75585  14.9797  3.53788  4.35221  15.5927  9.77886  24.8699  6.20328  11.1638  22.9895  25.3414  29.8111  27.6587  12.6992  37.8636  30.6353  28.6776  25.5934  0.449815  0.141633  0.236297  0.304759  0.334378  0.916934  0.339704  0.936233  0.196549  0.217611  0.70876  0.407453  0.956534  0.221546  0.372125  0.718423  0.745335  0.828087  0.727861  0.317479  0.901513  0.696257  0.623425  0.533196  
0.321467  1.04825  5.70153  5.44846  2.52175  2.12941  11.109  7.60644  7.9398  12.1835  7.67238  4.54019  0.469882  8.27886  3.78979  22.2762  14.5542  16.6845  31.6261  31.2461  7.53329  33.4385  19.8232  37.7454  0.160733  0.262063  0.950256  0.681057  0.252175  0.177451  0.7935  0.475403  0.4411  0.609177  0.348744  0.189175  0.0180724  0.295674  0.126326  0.696132  0.428065  0.46346  0.832266  0.781152  0.179364  0.759967  0.430939  0.786363  
0.043528  1.29663  2.39664  3.26621  3.67581  2.70673  7.74369  8.04299  2.72855  3.56192  0.286719  22.8246  12.6115  7.43905  16.8611  12.8685  22.2377  16.8686  9.71277  1.01247  38.3776  29.696  0.785938  29.1362  0.021764  0.324159  0.39944  0.408276  0.367581  0.22556  0.553121  0.502687  0.151586  0.178096  0.0130327  0.951023  0.485058  0.26568  0.562037  0.402139  0.65405  0.468572  0.255599  0.0253117  0.913752  0.67491  0.0170856  0.607004  
1.89031  2.16585  4.38957  6.34822  5.60583  7.39967  5.9921  12.9671  13.9774  19.0316  18.8903  21.0136  14.6874  24.8478  19.2894  15.0547  4.69712  20.9196  36.4904  0.823571  31.3603  35.3777  4.72495  40.9165  0.945155  0.541463  0.731594  0.793528  0.560583  0.616639  0.428007  0.810442  0.776521  0.951581  0.858651  0.875565  0.564902  0.887421  0.642978  0.470459  0.138151  0.581101  0.960273  0.0205893  0.746675  0.804039  0.102716  0.852427  
1.01835  0.964809  4.10241  2.62261  8.89894  5.28178  5.43642  0.355188  2.09775  18.514  14.5091  12.6185  24.9859  2.08941  3.62984  28.232  25.2171  32.5842  10.5356  7.77647  10.1926  13.9675  41.2978  39.6597  0.509175  0.241202  0.683736  0.327826  0.889894  0.440148  0.388316  0.0221992  0.116542  0.925698  0.659503  0.525769  0.960997  0.0746218  0.120995  0.882251  0.741679  0.905116  0.277253  0.194412  0.242681  0.317442  0.897779  0.826243  
1.38424  2.90129  0.597082  2.14543  4.96174  5.8526  0.186251  0.314525  11.8507  8.92427  0.499223  4.33945  12.7697  23.207  21.7952  8.25646  25.8532  10.2315  17.3961  7.69742  26.4589  21.2732  2.59289  34.7369  0.69212  0.725321  0.0995136  0.268178  0.496174  0.487716  0.0133036  0.0196578  0.658374  0.446214  0.0226919  0.18081  0.491141  0.828821  0.726507  0.258015  0.760387  0.284208  0.457792  0.192435  0.629973  0.483482  0.0563673  0.723685  
0.72462  3.60713  5.77122  6.60235  4.24482  9.76565  9.57651  5.6495  3.03107  16.0287  21.0604  23.0863  5.32735  16.2395  7.61594  28.9986  6.45819  17.1293  5.59071  22.2015  29.106  2.45202  2.15982  2.35893  0.36231  0.901782  0.96187  0.825294  0.424482  0.813804  0.684037  0.353094  0.168393  0.801437  0.95729  0.961931  0.204898  0.579982  0.253865  0.906206  0.189947  0.475813  0.147124  0.555038  0.692999  0.0557277  0.0469526  0.0491443  
1.42528  2.3113  2.29032  1.28689  0.382197  9.46697  3.79287  3.28287  4.14248  5.50722  7.88551  18.8085  22.3601  4.48816  21.699  15.4148  18.5932  1.17916  15.6832  34.2949  31.568  17.3493  20.4556  1.96177  0.712639  0.577825  0.38172  0.160861  0.0382197  0.788914  0.270919  0.205179  0.230138  0.275361  0.358432  0.783687  0.860005  0.160291  0.723299  0.481713  0.54686  0.0327545  0.412716  0.857372  0.751618  0.394303  0.444687  0.0408701  
0.921927  2.12396  2.34854  3.38781  7.48208  6.92036  4.68712  5.34288  16.6758  1.15023  0.331632  23.5597  21.5394  21.8932  4.985  27.7684  29.9447  23.0883  4.86272  29.5293  2.3364  28.8814  0.316974  14.1061  0.460963  0.530989  0.391424  0.423477  0.748208  0.576696  0.334794  0.33393  0.926434  0.0575117  0.0150742  0.981656  0.828438  0.781901  0.166167  0.867762  0.880726  0.641342  0.127966  0.738233  0.0556286  0.656395  0.00689074  0.293877  
0.589787  3.85661  3.04167  2.55037  3.1263  11.9085  5.47788  5.84398  11.3234  5.43533  5.09224  8.16085  7.16934  12.6515  27.3564  29.7636  20.4936  7.54908  29.1232  3.96367  3.42391  29.6666  19.7038  9.21848  0.294893  0.964152  0.506946  0.318796  0.31263  0.992372  0.391277  0.365249  0.629078  0.271767  0.231466  0.340035  0.275744  0.45184  0.91188  0.930114  0.602752  0.209697  0.766401  0.0990917  0.0815216  0.67424  0.428342  0.192052  
0.907702  2.18338  2.9866  3.68653  7.47865  7.88078  1.56128  1.70519  15.6567  16.2543  21.8092  6.29328  17.9125  3.79016  16.979  30.7673  30.7585  7.99523  3.69575  34.4326  39.2454  42.6535  24.8899  43.9665  0.453851  0.545846  0.497767  0.460816  0.747865  0.656731  0.11152  0.106574  0.869816  0.812716  0.991328  0.26222  0.688942  0.135363  0.565968  0.961478  0.904663  0.22209  0.0972565  0.860815  0.934414  0.969397  0.541085  0.91597  
2  4  6  8  0  0  0  0  6.37693  6.79569  7.28107  7.61109  8.00773  8.35049  8.8748  9.09496  9.56413  9.84079  10.0851  10.3512  10.8484  10.8343  11.1968  11.4036  1  1  1  1  0  0  0  0  0.354274  0.339785  0.330958  0.317129  0.30799  0.298232  0.295827  0.284217  0.281298  0.273355  0.265397  0.258779  0.258295  0.246234  0.243408  0.237575  
2  4  0  0  3.51535  4.15101  4.38663  4.74214  5.13702  5.31071  5.65326  5.9839  6.17826  6.37582  6.61112  7.08117  7.16773  7.16738  7.30588  7.42245  7.65633  7.83657  7.66847  8.47713  1  1  0  0  0.351535  0.345918  0.313331  0.296384  0.28539  0.265535  0.256966  0.249329  0.237625  0.227708  0.220371  0.221286  0.210816  0.199094  0.19226  0.185561  0.182293  0.178104  0.166706  0.176607  
0  0  6  7.99957  3.51369  3.9145  4.38663  4.77228  5.50574  5.40914  5.62576  5.97879  6.2453  6.77259  6.73285  6.88995  7.07074  7.45075  7.35816  7.26322  7.4789  7.70046  7.85541  7.96205  0  0  1  0.999947  0.351369  0.326209  0.313331  0.298267  0.305875  0.270457  0.255717  0.249116  0.240204  0.241878  0.224428  0.215311  0.207963  0.206965  0.193636  0.181581  0.178069  0.175011  0.17077  0.165876  
2  4  6  8  0  0  0  0  6.357  6.79896  7.26438  7.61469  8.00555  8.35156  8.7894  9.15264  9.53515  9.99244  10.0503  10.3401  10.9155  10.9387  11.1848  11.4422  1  1  1  1  0  0  0  0  0.353167  0.339948  0.330199  0.317279  0.307906  0.29827  0.29298  0.28602  0.280446  0.277568  0.264482  0.258503  0.259892  0.248608  0.243149  0.23838  
2  4  6  8  0  0  0  0  6.32923  6.78035  7.26438  7.60749  8.00555  8.3414  8.74176  9.10229  9.47719  9.95733  9.96394  10.362  10.7535  10.8642  11.1848  11.2551  1  1  1  1  0  0  0  0  0.351624  0.339017  0.330199  0.316979  0.307906  0.297907  0.291392  0.284447  0.278741  0.276593  0.262209  0.25905  0.256036  0.246913  0.243149  0.234481  
1.9631  3.79727  6  8  0  0.22126  0.289582  0.259522  6.30426  6.77651  7.22054  7.61299  7.97604  8.33428  8.68098  9.1271  9.38258  9.76381  10.0374  10.3471  10.687  10.898  11.0337  11.4375  0.981549  0.949317  1  1  0  0.0184384  0.0206844  0.0162201  0.350237  0.338825  0.328207  0.317208  0.306771  0.297653  0.289366  0.285222  0.275958  0.271217  0.264143  0.258677  0.254453  0.247682  0.239863  0.238281  
2  4  3.7805  8  0.047855  0.00105715  0  5.56517  6.37503  6.77829  7.21569  7.66246  8.03089  8.35147  8.70862  9.13298  9.48405  9.95839  9.87964  10.4045  10.7748  10.9819  11.0723  11.1728  1  1  0.630084  1  0.0047855  8.80956e-05  0  0.347823  0.354168  0.338914  0.327986  0.319269  0.30888  0.298267  0.290287  0.285406  0.278943  0.276622  0.25999  0.260113  0.256542  0.249588  0.240702  0.232766  
1.93809  3.99484  6  8  0.00746485  0.0139402  0.172682  0  6.29899  6.65888  7.15969  7.5936  7.95427  8.33338  8.87025  9.16731  9.36128  9.84079  10.0799  10.3935  10.6067  10.8495  11.2457  11.3352  0.969046  0.99871  1  1  0.000746485  0.00116169  0.0123344  0  0.349944  0.332944  0.325441  0.3164  0.305934  0.297621  0.295675  0.286479  0.275332  0.273355  0.265259  0.259838  0.25254  0.246579  0.244472  0.236149  
1.99542  4  5.57611  8  0.110251  0.288996  0.271189  0  6.30426  6.69488  7.18189  7.61927  8.02189  8.33428  8.68882  9.16831  9.43  9.76166  10.0374  10.3471  10.8057  11.03  11.0337  11.5249  0.997708  1  0.929351  1  0.0110251  0.024083  0.0193706  0  0.350237  0.334744  0.326449  0.317469  0.308534  0.297653  0.289627  0.28651  0.277353  0.271157  0.264143  0.258677  0.257278  0.250683  0.239863  0.240102  
1.9248  3.44015  6  8  0.047855  0.113772  0.172682  2.1904  6.33052  6.76154  7.20203  7.59982  7.97487  8.35211  8.68822  9.0688  9.48405  9.72593  10.0025  10.4527  10.7748  10.8662  11.2725  11.3822  0.962401  0.860036  1  1  0.0047855  0.00948103  0.0123344  0.1369  0.351695  0.338077  0.327365  0.316659  0.306726  0.29829  0.289607  0.2834  0.278943  0.270165  0.263223  0.261317  0.256542  0.246959  0.245054  0.237129  
2  4  3.08093  8  0  0  0  6.59299  6.21758  6.87262  7.1025  7.51059  8.0235  8.34426  8.65725  9.00567  9.36128  9.52612  9.57586  9.94643  10.4023  10.749  11.1473  11.336  1  1  0.513488  1  0  0  0  0.412062  0.345421  0.343631  0.322841  0.312941  0.308596  0.298009  0.288575  0.281427  0.275332  0.264614  0.251996  0.248661  0.247673  0.244296  0.242333  0.236167  
1.88862  3.95847  6  7.60045  0.00278439  0.29908  0.0863408  0.473384  6.24674  6.69247  7.03496  7.59753  8.05607  8.29274  8.71183  8.97242  9.2714  9.60366  9.88217  10.4191  10.4194  10.8322  11.072  11.2648  0.94431  0.989617  1  0.950056  0.000278439  0.0249233  0.0061672  0.0295865  0.347041  0.334624  0.319771  0.316564  0.309849  0.296169  0.290394  0.280388  0.272688  0.266768  0.260057  0.260478  0.248082  0.246185  0.240696  0.234683  
2  4  5.22873  7.80588  0  0.340697  1.04423  0.473384  6.32098  6.73651  7.04737  7.68084  7.87262  8.29675  8.72283  8.95616  9.36324  9.6294  9.96065  10.2157  10.5943  10.8694  11.1243  11.3645  1  1  0.871455  0.975735  0  0.0283914  0.0745878  0.0295865  0.351166  0.336826  0.320335  0.320035  0.302793  0.296312  0.290761  0.27988  0.275389  0.267483  0.262122  0.255392  0.252246  0.247031  0.241834  0.23676  
1.95645  3.51992  6  8  0.0201951  0.22126  0.289582  1.35472  6.32002  6.77651  7.22054  7.6161  7.97604  8.33428  8.58997  9.07785  9.38258  9.70638  9.99873  10.3767  10.7711  10.898  11.0471  11.461  0.978226  0.87998  1  1  0.00201951  0.0184384  0.0206844  0.0846702  0.351112  0.338825  0.328207  0.317337  0.306771  0.297653  0.286332  0.283683  0.275958  0.269622  0.263125  0.259417  0.256454  0.247682  0.240154  0.238771  
2  4  4.61048  8  0.0681983  0.0201919  0  2.73447  6.32098  6.73388  7.187  7.64054  7.93646  8.33683  8.72283  8.94593  9.32695  9.6294  9.84819  10.282  10.6997  10.8694  11.1974  11.2123  1  1  0.768414  1  0.00681983  0.00168266  0  0.170904  0.351166  0.336694  0.326682  0.318356  0.305249  0.297744  0.290761  0.27956  0.274322  0.267483  0.259163  0.257051  0.254756  0.247031  0.243421  0.23359  
1.85239  3.76879  5.66872  8  0.0140631  0.498014  0.690726  0.859558  6.18921  6.59225  7.07297  7.59583  7.94547  8.29722  8.62823  8.8824  9.17289  9.71948  10.009  10.3157  10.4533  11.0718  10.9362  11.2779  0.926195  0.942197  0.944786  1  0.00140631  0.0415012  0.0493376  0.0537224  0.343845  0.329613  0.321498  0.316493  0.305595  0.296329  0.287608  0.277575  0.269791  0.269986  0.263395  0.257893  0.248888  0.251632  0.237744  0.234956  
1.92654  3.84438  4.99748  8  0  0  0.0214436  3.40912  6.49024  6.79124  7.25716  7.70186  8.15259  8.49673  8.76363  9.08373  9.57305  9.85611  10.1422  10.3723  10.7501  10.9681  11.2905  11.4479  0.963268  0.961095  0.832913  1  0  0  0.00153168  0.21307  0.360569  0.339562  0.329871  0.320911  0.313561  0.303455  0.292121  0.283867  0.28156  0.273781  0.266899  0.259307  0.255955  0.249275  0.245446  0.238497  
2  2.13556  6  8  0.00183636  0.00348506  0  7.40465  6.34194  6.66106  7.36714  7.40717  8.01177  8.43308  8.74398  9.10527  9.36128  9.74773  10.297  10.3181  10.7804  11.0073  11.6403  11.3991  1  0.533889  1  1  0.000183636  0.000290421  0  0.46279  0.35233  0.333053  0.33487  0.308632  0.308145  0.301181  0.291466  0.28454  0.275332  0.27077  0.270973  0.257953  0.256677  0.250167  0.253049  0.237481  
2  4  0.00155519  7.39402  0.121935  0.316431  4.78914  5.24119  5.7157  6.26725  6.48173  6.85561  7.34009  7.55871  7.77087  8.45608  8.27582  8.85436  8.75799  8.8668  9.63331  9.73  9.85808  9.99307  1  1  0.000259199  0.924253  0.0121935  0.0263693  0.342081  0.327574  0.317539  0.313362  0.294624  0.28565  0.282311  0.269954  0.259029  0.264252  0.243406  0.245954  0.230473  0.22167  0.229364  0.221136  0.214306  0.208189  
1.83649  3.84438  5.01643  7.99165  0  0.218883  0  3.78708  6.37806  6.71718  7.13752  7.55044  8.00555  8.43078  8.83738  9.08373  9.57305  9.75494  10.1159  10.3723  10.598  11.0067  11.1284  11.1892  0.918246  0.961095  0.836072  0.998956  0  0.0182403  0  0.236692  0.354337  0.335859  0.324433  0.314602  0.307906  0.301099  0.294579  0.283867  0.28156  0.270971  0.266207  0.259307  0.252333  0.250153  0.241921  0.233109  
2  3.78774  4.18763  8  0  0  0.0431704  5.63366  6.26767  6.69767  7.09416  7.55373  8.03089  8.35147  8.80561  9.0821  9.43136  9.93442  10.044  10.1709  10.6036  10.6846  11.2798  11.3391  1  0.946934  0.697938  1  0  0  0.0030836  0.352104  0.348204  0.334883  0.322462  0.314739  0.30888  0.298267  0.29352  0.283816  0.277393  0.275956  0.264317  0.254272  0.252467  0.242832  0.245213  0.236231  
1.77145  3.51186  5.66872  8  0.00758426  0.0139402  0.345363  3.37716  6.23135  6.6468  7.12631  7.5936  7.94992  8.32828  8.65181  8.81137  9.27406  9.69704  9.92391  10.3933  10.5789  10.9838  11.2218  11.2253  0.885725  0.877964  0.944786  1  0.000758426  0.00116169  0.0246688  0.211073  0.346186  0.33234  0.323923  0.3164  0.305766  0.297439  0.288394  0.275355  0.272766  0.269362  0.261156  0.259834  0.251879  0.249633  0.243953  0.233859  
1.98969  3.94841  3.58219  8  0.000833275  0  0  6.37682  6.2621  6.68792  7.10929  7.53395  8.06697  8.32999  8.89961  9.00639  9.3418  9.64231  9.70097  10.1764  10.2754  10.7505  11.0592  11.2808  0.994844  0.987104  0.597031  1  8.33275e-05  0  0  0.398552  0.347895  0.334396  0.323149  0.313915  0.310268  0.2975  0.296654  0.28145  0.274759  0.267842  0.255289  0.25441  0.244652  0.244329  0.240417  0.235016  
1.99771  3.15507  5.26909  7.90521  0  0.064652  0.0161781  5.1795  6.38623  6.79068  6.96261  7.59615  7.94217  8.31918  8.67798  9.11882  9.23059  9.75531  10.249  10.082  10.5315  10.9437  11.2469  11.3859  0.998854  0.788768  0.878182  0.988151  0  0.00538767  0.00115558  0.323719  0.35479  0.339534  0.316482  0.316506  0.305468  0.297113  0.289266  0.284963  0.271488  0.270981  0.269711  0.252049  0.250749  0.248721  0.244497  0.237207  
2  3.50982  4.38176  7.74012  0.0021002  0  0  6.90248  6.45874  6.79569  7.57465  7.50629  8.1164  8.56985  8.8748  9.32436  9.72333  9.90297  10.2012  10.3512  10.8484  10.8343  11.4448  11.4036  1  0.877455  0.730293  0.967515  0.00021002  0  0  0.431405  0.358819  0.339785  0.344302  0.312762  0.312169  0.306066  0.295827  0.291386  0.28598  0.275083  0.268453  0.258779  0.258295  0.246234  0.248799  0.237575  
1.80318  2.99074  6  8  0  0  0  5.59942  6.3088  6.80465  7.21569  7.56167  8.04279  8.43309  8.81416  8.99668  9.6951  9.61681  10.1825  10.4936  10.7359  11.3317  11.1663  11.1915  0.901589  0.747685  1  1  0  0  0  0.349964  0.350489  0.340233  0.327986  0.315069  0.309338  0.301182  0.293805  0.281146  0.28515  0.267134  0.267961  0.26234  0.255616  0.257539  0.242747  0.233156  
2  4  2.96949  7.86761  0.0049462  0.168181  0.00525096  5.75431  6.41287  6.65916  7.01545  7.36222  7.72843  8.13623  8.68674  8.83718  9.20563  9.49536  10.0913  10.1179  10.7367  10.5389  10.6779  10.9181  1  1  0.494916  0.983452  0.00049462  0.0140151  0.000375068  0.359645  0.356271  0.332958  0.318884  0.306759  0.297247  0.290579  0.289558  0.276162  0.270754  0.26376  0.265562  0.252948  0.255635  0.239519  0.232128  0.22746  
2  3.06703  5.1237  7.38374  0  0  0  7.03725  6.35421  6.70951  7.56258  7.54864  8.11188  9.05  8.77086  9.13741  9.7581  9.75494  10.0851  10.3777  11.0394  11.0351  11.6872  11.5264  1  0.766757  0.853949  0.922967  0  0  0  0.439828  0.353012  0.335475  0.343754  0.314527  0.311995  0.323214  0.292362  0.285544  0.287003  0.270971  0.265397  0.259443  0.262843  0.250798  0.254069  0.240134  
1.97485  3.55536  3.69237  7.81867  0.00861779  0.109649  0.0227418  5.76119  6.01661  6.48498  6.77704  7.26144  7.69474  7.88861  8.35789  8.46751  9.09566  9.48652  9.5  9.97736  10.3887  10.7026  10.5769  10.588  0.987427  0.888839  0.615394  0.977334  0.000861779  0.00913744  0.00162441  0.360075  0.334256  0.324249  0.308047  0.30256  0.295952  0.281736  0.278596  0.26461  0.26752  0.263514  0.25  0.249434  0.247351  0.24324  0.229933  0.220583  
1.7716  2.9463  6  7.6062  0  0  0  6.86776  6.43146  6.99765  7.55739  7.78531  8.10944  8.53933  8.71431  9.10894  9.71555  9.87043  10.1978  10.6362  11.3833  11.5328  11.5223  11.7851  0.885798  0.736574  1  0.950775  0  0  0  0.429235  0.357303  0.349883  0.343518  0.324388  0.311902  0.304976  0.290477  0.284654  0.285751  0.274179  0.268363  0.265904  0.271031  0.26211  0.250485  0.245523  
1.86316  3.99318  3.11431  7.62985  0  0.109649  0.0227418  5.69051  5.94468  6.48498  6.88938  7.19333  7.64299  8.05757  8.26428  8.46751  9.09566  9.48652  9.58242  9.74895  9.8335  10.1741  10.5769  10.2725  0.931582  0.998294  0.519051  0.953731  0  0.00913744  0.00162441  0.355657  0.33026  0.324249  0.313154  0.299722  0.293961  0.28777  0.275476  0.26461  0.26752  0.263514  0.252169  0.243724  0.234131  0.231229  0.229933  0.21401  
1.51977  3.59014  4.99748  8  0  0.0600882  0.0214436  6.19419  6.26848  6.64291  6.99703  7.49649  7.84334  8.35227  8.49977  8.88657  9.23267  9.34515  9.70859  10.0037  10.2897  10.577  11.0049  11.0153  0.759883  0.897535  0.832913  1  0  0.00500735  0.00153168  0.387137  0.348249  0.332146  0.318047  0.312354  0.301667  0.298296  0.283326  0.277705  0.271549  0.259588  0.255489  0.250093  0.244994  0.240386  0.239238  0.229485  
1.87979  3.37154  3.73602  7.94312  0.00598941  0.29908  0.525082  5.65649  6.08742  6.6747  6.85693  7.22682  7.83696  8.11017  8.74766  8.77107  9.09985  9.3388  10.0797  9.68991  10.3822  10.0991  11.072  10.7692  0.939895  0.842884  0.622671  0.99289  0.000598941  0.0249233  0.0375058  0.353531  0.33819  0.333735  0.311679  0.301118  0.301422  0.289649  0.291589  0.274096  0.267643  0.259411  0.265254  0.242248  0.247195  0.229525  0.240696  0.224359  
1.61253  1.03244  6  8  0  0  6.28316  6.20466  6.50868  6.64514  7.13456  7.51301  7.92793  8.53234  8.92393  9.13645  9.23059  10.1383  10.0681  10.082  11.1682  11.2099  11.5177  11.2397  0.806266  0.258109  1  1  0  0  0.448797  0.387792  0.361593  0.332257  0.324298  0.313042  0.30492  0.304727  0.297464  0.285514  0.271488  0.28162  0.26495  0.252049  0.265909  0.254771  0.250384  0.23416  
2  4  0.0408041  4.16787  0  5.96995  6.65206  5.70177  6.09503  6.68731  6.71572  7.49494  8.09089  8.15488  8.42009  8.75963  9.22729  9.60604  9.41146  10.1485  10.161  11.0106  10.7935  11.5046  1  1  0.00680068  0.520984  0  0.497496  0.475147  0.35636  0.338613  0.334365  0.30526  0.312289  0.311188  0.291246  0.28067  0.273739  0.271391  0.266835  0.24767  0.253712  0.241928  0.250242  0.234642  0.239679  
1.97568  2.9628  3.67678  7.9967  0.0065435  0.82269  1.0837  5.68298  6.07349  6.44075  7.04997  7.70824  7.78611  8.08995  8.33183  8.83718  8.92857  9.46841  10.1347  10.0409  10.4129  10.4377  10.6779  10.8314  0.987841  0.740701  0.612796  0.999588  0.00065435  0.0685575  0.077407  0.355186  0.337416  0.322038  0.320453  0.321177  0.299466  0.288927  0.277728  0.276162  0.262605  0.263011  0.266703  0.251021  0.247927  0.237221  0.232128  0.225654  
2  3.57754  2.63455  7.58002  0  0.249005  2.4388  5.35978  6.04085  6.51411  6.84091  7.15671  7.55061  7.84101  8.42896  8.48713  8.83482  9.03611  9.74555  9.63276  10.2539  10.2136  10.4468  10.7218  1  0.894384  0.439091  0.947502  0  0.0207504  0.1742  0.334986  0.335603  0.325706  0.31095  0.298196  0.290408  0.280036  0.280965  0.265223  0.259848  0.251003  0.256462  0.240819  0.244141  0.232127  0.227105  0.223371  
1.5816  3  4.92808  8  0.0022109  0.0180774  1.38145  5.41979  6.21668  6.65979  6.91138  7.86158  7.77017  8.10386  8.38343  8.7529  9.03955  9.45646  9.65062  10.4085  10.168  11.6549  10.6061  11.6031  0.790798  0.75  0.821347  1  0.00022109  0.00150645  0.0986752  0.338737  0.345371  0.33299  0.314154  0.327566  0.298853  0.289424  0.279448  0.273528  0.265869  0.262679  0.253964  0.260213  0.242095  0.264883  0.230568  0.241731  
2  3.91938  1.72048  7.67594  0.0970216  0.142331  2.25324  5.42913  5.87539  6.37575  7.05686  7.15689  7.5832  7.79716  8.04232  8.48713  8.66064  9.09872  9.26613  9.40781  10.1772  10.3621  10.3608  10.3568  1  0.979845  0.286747  0.959493  0.00970216  0.0118609  0.160945  0.33932  0.326411  0.318788  0.320766  0.298204  0.291662  0.27847  0.268077  0.265223  0.254725  0.252742  0.243846  0.235195  0.242315  0.235503  0.225234  0.215767  
1.75958  2.87258  4.10082  7.88624  0  0.203012  1.32713  5.41982  5.83309  6.46695  6.65566  6.87308  7.53931  7.86831  8.35443  8.47434  8.52189  9.05453  9.96252  9.30159  9.95648  9.79955  10.6061  10.0629  0.87979  0.718145  0.683471  0.98578  0  0.0169176  0.0947953  0.338739  0.324061  0.323348  0.30253  0.286378  0.289974  0.281011  0.278481  0.264823  0.250644  0.251515  0.262171  0.23254  0.237059  0.222717  0.230568  0.209643  
1.59608  3.90713  2.46147  7.99546  2.94452  0  0  5.57015  5.95612  6.55791  6.8158  7.24371  7.73031  8.19434  8.29143  8.66065  9.46323  9.25033  9.98216  9.67821  10.0719  9.80512  10.6616  10.5018  0.798038  0.976782  0.410245  0.999433  0.294452  0  0  0.348134  0.330895  0.327895  0.309809  0.301821  0.29732  0.292655  0.276381  0.270645  0.27833  0.256954  0.262688  0.241955  0.239807  0.222844  0.231774  0.218787  
1.62413  2.30887  5.64799  7.88624  0.00270622  0.138053  1.32713  5.52105  5.83309  6.46695  6.73331  6.98997  7.40315  7.70153  8.13365  8.2867  8.7414  9.17596  9.74035  9.19365  9.51969  9.79955  9.84365  10.087  0.812064  0.577217  0.941332  0.98578  0.000270622  0.0115044  0.0947953  0.345066  0.324061  0.323348  0.306059  0.291249  0.284737  0.275055  0.271122  0.258959  0.2571  0.254888  0.256325  0.229841  0.226659  0.222717  0.213992  0.210146  
1.96587  4  2.09317  6.08467  0  0  5.70673  5.70177  6.02696  6.50481  6.86451  7.13596  8.3342  7.95267  8.60257  8.73695  8.95113  10.2678  9.79413  10.0464  10.162  10.9528  11.042  11.9065  0.982936  1  0.348862  0.760584  0  0  0.407623  0.35636  0.334831  0.32524  0.312023  0.297331  0.320546  0.284024  0.286752  0.27303  0.263268  0.285217  0.25774  0.251161  0.241953  0.248928  0.240044  0.248052  
1.19088  4  3.63405  7.49969  0.010744  0.045406  4.88746  5.53075  6.08516  6.5735  6.86727  7.1673  7.80024  8.48256  8.35772  8.92146  9.02583  9.49221  9.74674  10.3094  10.3297  10.6781  10.6001  10.6866  0.595441  1  0.605675  0.937461  0.0010744  0.00378384  0.349104  0.345672  0.338064  0.328675  0.312149  0.298638  0.300009  0.302949  0.278591  0.278796  0.265466  0.263672  0.256493  0.257736  0.245946  0.242683  0.230437  0.222638  
1.85167  3.46337  3.20292  5.88778  0  0  6.28251  6.49913  6.06906  6.91211  7.03536  7.20098  7.84238  8.22665  8.72283  8.76309  9.09586  10.2414  9.9532  10.1513  10.5473  11.2656  11.267  12.3063  0.925835  0.865842  0.53382  0.735972  0  0  0.44875  0.406195  0.33717  0.345605  0.319789  0.300041  0.30163  0.293809  0.290761  0.273846  0.267525  0.284483  0.261926  0.253783  0.251126  0.256036  0.244935  0.256381  
0.71254  4  5.90611  6.79354  0.340352  0.474855  2.9791  5.75529  6.46413  6.54927  6.96309  7.49752  7.91827  8.32117  8.45683  8.61087  9.25898  9.52378  9.54052  10.1675  10.3613  10.8006  10.6008  11.1364  0.35627  1  0.984352  0.849193  0.0340352  0.0395713  0.212793  0.359706  0.359118  0.327464  0.316504  0.312397  0.304549  0.297185  0.281894  0.26909  0.272323  0.26455  0.251066  0.254187  0.246699  0.245467  0.230453  0.232008  
1.91692  3.7175  2.12043  6.14477  0.0140631  0.11817  6.53114  5.57659  6.31232  6.48745  6.96667  7.34274  7.64242  8.19364  8.62823  8.99484  9.17289  9.26696  10.4763  9.83583  10.1423  10.6262  11.2864  11.1057  0.958459  0.929376  0.353404  0.768096  0.00140631  0.00984747  0.46651  0.348537  0.350685  0.324373  0.316667  0.305947  0.293939  0.29263  0.287608  0.281089  0.269791  0.257416  0.275692  0.245896  0.241484  0.241504  0.245356  0.23137  
0.930391  3.84258  4.06733  7.62758  0  0  5.82496  5.86717  6.41118  6.51517  6.96667  7.36579  7.99808  8.42504  8.21161  8.99484  9.42049  9.26696  9.69682  10.2993  9.96594  10.7684  11.987  10.9598  0.465196  0.960646  0.677889  0.953447  0  0  0.416069  0.366698  0.356177  0.325758  0.316667  0.306908  0.307618  0.300894  0.27372  0.281089  0.277073  0.257416  0.255179  0.257482  0.237284  0.244736  0.260587  0.228328  
2  2.6117  1.99599  7.85714  0  0.409527  5.06416  5.27753  5.74412  6.28141  6.55069  6.72185  7.24877  7.49684  8.89961  8.24265  8.48591  8.85709  9.13409  8.97392  10.0073  9.74042  9.69933  10.0446  1  0.652926  0.332666  0.982143  0  0.0341272  0.361726  0.329845  0.319118  0.314071  0.297759  0.280077  0.278799  0.267744  0.296654  0.257583  0.249585  0.24603  0.240371  0.224348  0.238269  0.221373  0.210855  0.209263  
1.22199  2.27403  6  7.99773  1.0694  1.87405  0  5.57015  5.93341  6.49905  6.76081  7.20034  7.38924  8.06157  8.34707  8.95616  8.66761  8.81887  9.21793  9.75305  9.92768  10.052  10.6256  10.5384  0.610994  0.568508  1  0.999716  0.10694  0.156171  0  0.348134  0.329634  0.324952  0.30731  0.300014  0.284202  0.287913  0.278236  0.27988  0.25493  0.244969  0.242577  0.243826  0.236373  0.228455  0.230992  0.219551  
2  4  0  7.25483  0.0584453  0.45785  4.78914  5.38532  5.69723  6.26797  6.48173  6.65889  7.20852  7.41171  7.77087  8.40541  8.32602  8.99779  8.75799  8.89534  9.30091  9.43829  9.57155  9.86048  1  1  0  0.906853  0.00584453  0.0381542  0.342081  0.336582  0.316513  0.313398  0.294624  0.277454  0.277251  0.264704  0.259029  0.262669  0.244883  0.249939  0.230473  0.222384  0.22145  0.214507  0.208077  0.205427  
2  2.12445  2.36835  7.7462  0  0.356917  5.01516  5.24368  5.81025  6.3558  6.72945  6.83774  7.44337  7.55851  8.02286  8.41232  8.60858  9.01972  9.06347  9.07741  10.2183  9.84301  9.8449  10.7079  1  0.531114  0.394725  0.968275  0  0.0297431  0.358226  0.32773  0.322792  0.31779  0.305884  0.284906  0.286284  0.269947  0.267429  0.262885  0.253193  0.250548  0.238512  0.226935  0.243293  0.223705  0.21402  0.223081  
2  3.11442  1.48387  6.5308  0.526298  0.397281  4.74821  5.50011  5.74717  6.0033  6.45077  6.71206  7.04512  8.30491  8.11354  8.08474  8.326  8.87519  8.7102  8.98596  9.69124  9.77978  9.76759  9.98317  1  0.778604  0.247312  0.81635  0.0526298  0.0331068  0.339158  0.343757  0.319287  0.300165  0.293217  0.279669  0.270966  0.296604  0.270451  0.252648  0.244882  0.246533  0.229216  0.224649  0.230744  0.222268  0.212339  0.207983  
1.47388  1.979  5.55044  6.15266  0.572688  0.0202674  4.9209  6.52595  6.03037  6.51809  6.99039  7.06134  7.7236  7.99238  8.33909  9.07781  8.61444  9.17872  9.72727  9.84082  9.86091  10.3291  10.6447  10.2147  0.736942  0.49475  0.925074  0.769082  0.0572688  0.00168895  0.351493  0.407872  0.335021  0.325905  0.317745  0.294223  0.297061  0.285442  0.27797  0.283681  0.253366  0.254964  0.255981  0.24602  0.234784  0.234751  0.231406  0.212807  
2  3.53854  0  7.25483  0  2.37584  4.86142  5.38532  5.84764  6.81008  6.50952  6.97437  7.10606  7.60929  7.99781  8.10699  8.48802  8.59527  8.78317  8.93288  9.4774  9.5665  9.76445  10.0015  1  0.884636  0  0.906853  0  0.197987  0.347244  0.336582  0.324869  0.340504  0.295887  0.290599  0.27331  0.27176  0.266594  0.253344  0.249648  0.238757  0.231136  0.223322  0.225652  0.217421  0.212271  0.208364  
0.652997  4  4.99853  4.99236  0  0.813915  4.72948  4.90701  5.4093  5.81667  6.3496  6.43656  6.06623  6.91343  7.20664  7.68372  8.72906  8.42253  7.7718  8.44743  9.06078  9.13794  8.90339  8.87042  0.326498  1  0.833088  0.624045  0  0.0678262  0.33782  0.306688  0.300517  0.290833  0.288618  0.26819  0.233316  0.246908  0.240221  0.240116  0.256737  0.233959  0.204521  0.211186  0.215733  0.20768  0.193552  0.1848  
1.74033  2.98902  1.74559  6.46581  1.86429  0.433358  4.83546  5.5911  5.69181  6.23966  6.49189  6.69678  7.10606  8.5489  8.1759  8.04269  8.44304  8.87741  8.80061  9.0542  9.72712  9.43829  9.57848  9.68993  0.870164  0.747256  0.290932  0.808226  0.186429  0.0361132  0.34539  0.349444  0.316212  0.311983  0.295086  0.279033  0.27331  0.305318  0.27253  0.251334  0.248325  0.246595  0.231595  0.226355  0.231598  0.214507  0.208228  0.201874  
0.0504608  4  5.46404  7.99415  0.81465  0.00903871  6.11537  5.44665  5.91815  6.4739  6.54247  6.98801  7.77838  8.10693  8.40555  8.51691  8.85892  8.74221  9.41779  10.0507  10.0999  10.4974  10.9916  11.2474  0.0252304  1  0.910674  0.999269  0.081465  0.000753225  0.436812  0.340416  0.328786  0.323695  0.297385  0.291167  0.299169  0.289533  0.280185  0.266154  0.260557  0.242839  0.247836  0.251267  0.240473  0.238577  0.238947  0.234321  
1.87563  4  0.460349  5.48038  1.44292  0  4.57559  5.24953  5.63906  5.82014  6.04118  6.43888  6.97947  7.64398  7.606  7.56392  7.76766  8.72634  7.99069  8.22623  8.96336  8.88647  8.74511  8.5331  0.937813  1  0.0767248  0.685047  0.144292  0  0.326828  0.328096  0.313281  0.291007  0.274599  0.268287  0.268441  0.272999  0.253533  0.236373  0.22846  0.242398  0.210281  0.205656  0.213413  0.201965  0.190111  0.177773  
1.97689  1.40419  3.8312  5.10553  0.00498412  4.00995  4.88951  5.57155  5.74018  6.62704  6.69668  7.06134  7.45589  7.73501  7.96988  9.07781  8.61444  8.61945  9.72727  9.33927  9.65474  9.19397  10.6061  10.2147  0.988444  0.351047  0.638533  0.638191  0.000498412  0.334162  0.349251  0.348222  0.318899  0.331352  0.304394  0.294223  0.286765  0.27625  0.265663  0.283681  0.253366  0.239429  0.255981  0.233482  0.229875  0.208954  0.230568  0.212807  
1.86301  2.92854  0.148854  7.22605  0.0277946  4.2061  4.86573  5.19012  5.70569  6.16051  6.18033  7.2653  7.09374  7.86239  8.41664  7.9964  8.37676  8.46379  8.75509  9.44923  8.91574  10.5262  9.44333  10.3935  0.931507  0.732134  0.0248091  0.903256  0.00277946  0.350508  0.347552  0.324382  0.316983  0.308026  0.280924  0.302721  0.272836  0.2808  0.280555  0.249887  0.246375  0.235105  0.230397  0.236231  0.21228  0.239231  0.20529  0.216531  
0.856179  2.22653  5.53281  6.40763  2.13334  0.249421  4.95507  5.57015  6.32109  6.51481  6.76449  7.18268  7.31275  7.75683  7.6696  9.04786  8.6605  8.95894  9.39286  9.70127  10.3652  9.84367  10.5832  10.9957  0.428089  0.556632  0.922136  0.800954  0.213334  0.0207851  0.353934  0.348134  0.351172  0.325741  0.307477  0.299278  0.28126  0.27703  0.255653  0.282745  0.254721  0.24886  0.247181  0.242532  0.24679  0.22372  0.23007  0.229077  
2  3.21287  0  6.1321  0.0631214  4.92746  4.87453  5.27444  5.92603  6.3487  6.71397  6.98343  7.22987  7.63229  7.70918  8.32554  8.27279  9.04621  10.1956  8.98596  10.4351  9.71034  10.2655  11.0937  1  0.803218  0  0.766513  0.00631214  0.410622  0.348181  0.329653  0.329224  0.317435  0.305181  0.290976  0.278072  0.272582  0.256973  0.260173  0.243317  0.251284  0.268305  0.224649  0.248455  0.220689  0.223163  0.231118  
1.08583  2.24206  2.70127  7.75561  0  5.90952  6.45127  5.70177  6.21758  6.6665  6.77852  7.43093  7.92382  8.52168  8.27783  8.75963  8.80041  9.5988  9.44798  9.8594  9.97535  10.3862  10.7089  11.238  0.542917  0.560516  0.450212  0.969451  0  0.49246  0.460805  0.35636  0.345421  0.333325  0.308115  0.309622  0.304762  0.304346  0.275928  0.273739  0.258836  0.266633  0.248631  0.246485  0.237508  0.236051  0.232803  0.234125  
1.99917  1.85214  2.0792  5.04975  0  4.0932  4.33005  4.90622  5.25361  5.64796  6.09621  6.17682  7.13646  6.9262  7.60955  7.40939  8.36962  7.83191  7.58872  8.88284  8.20634  8.2723  8.48781  9.1271  0.999586  0.463036  0.346533  0.631219  0  0.3411  0.309289  0.306639  0.291867  0.282398  0.277101  0.257368  0.274479  0.247364  0.253652  0.231543  0.246165  0.217553  0.199703  0.222071  0.195389  0.188007  0.184518  0.190148  
0.623112  1.0147  6  8  0  5.49668  6.56528  5.67932  5.87327  6.66095  6.84585  7.5551  7.69474  8.34748  8.70835  8.46751  9.27406  9.48652  9.9496  10.3139  10.4198  10.625  10.5769  10.5641  0.311556  0.253676  1  1  0  0.458057  0.468949  0.354958  0.326293  0.333048  0.311175  0.314796  0.295952  0.298124  0.290278  0.26461  0.272766  0.263514  0.261832  0.257848  0.248091  0.241477  0.229933  0.220086  
1.99834  4  0  0  3.51535  4.15101  4.38663  4.7878  5.11316  5.30303  5.64491  5.99489  6.17717  6.37127  6.68517  7.08483  7.12427  7.22565  7.30588  7.42788  7.60889  7.8794  7.67774  8.40286  0.999172  1  0  0  0.351535  0.345918  0.313331  0.299237  0.284065  0.265152  0.256587  0.249787  0.237584  0.227545  0.222839  0.221401  0.209537  0.200712  0.19226  0.185697  0.181164  0.179077  0.166907  0.17506  
1.70874  2.17793  0  7.42097  0.527246  4.70234  4.53608  4.86237  5.65686  5.71632  6.27434  6.48694  6.55724  6.7632  7.38926  6.94528  7.36685  7.45402  7.78971  8.43235  8.09949  8.19025  8.71404  8.86637  0.854369  0.544483  0  0.927621  0.0527246  0.391862  0.324006  0.303898  0.31427  0.285816  0.285197  0.270289  0.252202  0.241543  0.246309  0.21704  0.216672  0.207056  0.204992  0.210809  0.192845  0.186142  0.189436  0.184716  
2  3.0255  0.969661  3.92373  0  4.07029  4.3062  4.83608  5.31542  5.59334  6.03359  6.12101  6.70759  6.95508  7.32634  7.30805  7.59137  7.57406  7.58259  7.61079  8.11141  8.14474  8.33939  8.55473  1  0.756375  0.16161  0.490466  0  0.33919  0.307586  0.302255  0.295301  0.279667  0.274254  0.255042  0.257984  0.248396  0.244211  0.228377  0.223276  0.210391  0.199542  0.19027  0.193129  0.185108  0.181291  0.178223  
1.49037  0.794632  3.36888  6.08023  1.79923  4.14977  4.51331  5.11072  5.29651  5.53971  6.22335  6.72188  6.45188  6.92998  7.34853  7.38282  7.53904  8.57401  9.20148  7.65094  9.06637  9.43158  9.13837  9.38956  0.745185  0.198658  0.561481  0.760029  0.179923  0.345814  0.322379  0.31942  0.29425  0.276985  0.28288  0.280079  0.248149  0.247499  0.244951  0.230713  0.221736  0.238167  0.242144  0.191273  0.215866  0.214354  0.19866  0.195616  
1.97339  3.66163  0.382492  3.64528  0  4.07029  4.54828  4.76181  5.31542  5.59334  6.14622  6.21923  6.54998  6.95508  7.09281  7.08187  7.59137  7.849  7.58259  7.52  8.18461  8.10109  8.08042  8.08795  0.986695  0.915407  0.0637487  0.45566  0  0.33919  0.324877  0.297613  0.295301  0.279667  0.279373  0.259135  0.251922  0.248396  0.236427  0.221308  0.223276  0.218028  0.199542  0.188  0.194872  0.184116  0.175661  0.168499  
0.254304  3.9907  0.0213624  7.99165  2.46068  4.07377  4.57721  4.82926  5.33938  5.43113  6.51984  6.58343  6.87811  6.75967  7.16816  7.2274  7.0898  7.86413  7.74015  7.89504  8.14248  8.43234  9.02572  8.31  0.127152  0.997676  0.0035604  0.998956  0.246068  0.339481  0.326944  0.301829  0.296632  0.271557  0.296356  0.27431  0.264543  0.241417  0.238939  0.225856  0.208524  0.218448  0.203688  0.197376  0.193869  0.191644  0.196211  0.173125  
1.99514  2.26819  1.39537  3.33663  1.9259  4.07029  4.60494  4.82592  5.26318  5.85824  6.11926  6.99419  6.70759  6.97961  7.32634  8.25343  7.45952  7.27891  8.48083  8.07094  8.47932  9.06533  8.6681  8.55473  0.997571  0.567047  0.232562  0.417079  0.19259  0.33919  0.328924  0.30162  0.292399  0.292912  0.278148  0.291424  0.257984  0.249272  0.244211  0.25792  0.219398  0.202192  0.22318  0.201773  0.201889  0.20603  0.188437  0.178223  
0.707674  1.30038  4.82921  6.30119  1.09484  4.07429  4.68446  4.90592  5.21692  5.94228  6.04496  6.19628  6.73464  6.91189  7.09974  7.9568  7.52361  7.76395  7.72223  8.08489  8.0483  8.41319  9.56474  8.3211  0.353837  0.325094  0.804869  0.787648  0.109484  0.339524  0.334604  0.30662  0.289829  0.297114  0.274771  0.258178  0.259025  0.246853  0.236658  0.24865  0.221283  0.215665  0.203217  0.202122  0.191626  0.191209  0.207929  0.173356  
1.9842  3.88075  0  3.24621  0.0382129  4.01798  4.38795  4.7878  5.13991  5.42024  5.96306  6.21329  6.36755  6.41909  6.93726  7.24577  7.30549  7.10894  7.08164  7.54391  7.7472  8.04131  8.50587  8.507  0.992102  0.970187  0  0.405777  0.00382129  0.334832  0.313425  0.299237  0.285551  0.271012  0.271048  0.258887  0.244906  0.229253  0.231242  0.22643  0.214867  0.19747  0.186359  0.188598  0.184457  0.182757  0.18491  0.177229  
0.849876  3.12537  1.7688  3.99009  3.5313  4.19663  4.37111  4.76897  4.94464  5.32925  5.59852  5.64193  6.58783  6.66795  6.54307  7.57811  6.69087  6.98878  7.42969  9.09548  7.82279  7.52567  7.53183  8.05858  0.424938  0.781342  0.294799  0.498762  0.35313  0.349719  0.312222  0.29806  0.274702  0.266463  0.254478  0.23508  0.253378  0.238141  0.218102  0.236816  0.19679  0.194133  0.195518  0.227387  0.186257  0.171038  0.163735  0.167887  
1.3005  4  0  3.98695  3.51504  4.23051  4.59719  4.92738  5.66463  5.91251  6.29832  6.51934  6.63954  6.85615  7.15027  7.54363  7.41408  8.09308  8.64606  8.12673  8.95122  8.93624  8.72134  9.14969  0.650248  1  0  0.498368  0.351504  0.352543  0.328371  0.307961  0.314702  0.295625  0.286287  0.271639  0.255367  0.244862  0.238342  0.235738  0.218061  0.224808  0.227528  0.203168  0.213124  0.203096  0.189594  0.190619  
0.966198  0.822302  1.76761  7.98698  3.53158  3.88628  4.35428  4.74214  5.13763  5.41483  5.55383  5.76323  6.39829  6.37582  6.94681  6.45925  6.73393  7.24287  7.06804  7.45414  7.38892  7.57285  7.11626  7.64015  0.483099  0.205575  0.294602  0.998373  0.353158  0.323857  0.31102  0.296384  0.285424  0.270742  0.252447  0.240134  0.246088  0.227708  0.23156  0.201852  0.198057  0.201191  0.186001  0.186353  0.175927  0.17211  0.154701  0.15917  
1.75125  3.7559  0.048908  2.94891  1.83051  4.19683  4.43434  4.81394  5.04918  5.43146  6.03359  6.07905  7.03762  6.32487  7.32634  7.27834  7.41084  7.36486  7.31814  7.66312  7.91734  8.02745  7.95139  8.55473  0.875626  0.938974  0.00815134  0.368613  0.183051  0.349736  0.316738  0.300871  0.28051  0.271573  0.274254  0.253294  0.270678  0.225888  0.244211  0.227448  0.217966  0.204579  0.192583  0.191578  0.188508  0.182442  0.172856  0.178223  
0.00229166  3.55621  0.0106812  6.91984  4.25479  4.20295  4.15757  4.4923  4.73274  4.82481  5.02577  5.45734  5.622  5.85419  6.36303  6.30866  6.34556  6.346  6.26283  6.19833  6.32427  6.74297  6.651  7.93854  0.00114583  0.889051  0.0017802  0.86498  0.425479  0.350246  0.296969  0.280769  0.26293  0.241241  0.228444  0.227389  0.216231  0.209078  0.212101  0.197146  0.186634  0.176278  0.164811  0.154958  0.150578  0.153249  0.144587  0.165386  
1.8528  1.96437  1.68378  1.82151  3.5313  4.08458  4.37111  4.76897  4.93184  5.11603  5.59852  5.6619  6.46571  6.62527  6.51014  6.55286  6.63026  7.10318  7.36076  7.13617  7.92634  7.52567  7.58743  7.8538  0.9264  0.491091  0.280631  0.227688  0.35313  0.340381  0.312222  0.29806  0.273991  0.255801  0.254478  0.235912  0.248681  0.236617  0.217005  0.204777  0.195008  0.19731  0.193704  0.178404  0.188722  0.171038  0.164944  0.163621  
0  1.64521  4.4661  8  2.46068  4.07377  4.48698  5.07524  5.21786  5.57313  5.43866  6.21743  6.64413  6.94901  6.80179  7.09092  7.63759  7.80925  7.78049  7.90598  7.93172  8.30284  9.24566  9.24326  0  0.411302  0.744351  1  0.246068  0.339481  0.320498  0.317202  0.289881  0.278656  0.247212  0.259059  0.255543  0.248179  0.226726  0.221591  0.224635  0.216924  0.20475  0.19765  0.18885  0.188701  0.200993  0.192568  
2  4  0.165641  1.7157  0.988223  4.29968  4.34346  4.7878  5.09099  5.30303  5.64491  5.99489  6.18137  6.3548  6.62645  7.05823  7.10097  7.10894  7.29423  7.54391  7.601  7.8926  7.95219  8.52411  1  1  0.0276068  0.214462  0.0988223  0.358307  0.310247  0.299237  0.282833  0.265152  0.256587  0.249787  0.237745  0.226957  0.220882  0.22057  0.208852  0.19747  0.191953  0.188598  0.180976  0.179377  0.172874  0.177586  
1.33908  2.13613  2.74242  0.268574  4.24747  3.76923  3.64848  4.74214  4.40889  4.78291  5.0426  5.40699  5.32651  5.66712  5.97931  6.0947  5.99683  6.01131  6.16238  6.1598  6.44619  6.49499  5.93397  7.25737  0.669539  0.534032  0.45707  0.0335717  0.424747  0.314103  0.260605  0.296384  0.244938  0.239146  0.229209  0.225291  0.204866  0.202397  0.19931  0.190459  0.176377  0.166981  0.162168  0.153995  0.153481  0.147613  0.128999  0.151195  
1.48066  3.74921  0.689071  1.58572  3.66421  3.88775  4.51796  4.96978  4.85341  5.37719  5.59475  5.96434  6.23035  6.84279  6.75115  6.97412  7.33506  7.11339  7.47505  7.48923  7.67275  8.10473  8.03515  7.93764  0.740328  0.937304  0.114845  0.198215  0.366421  0.323979  0.322712  0.310611  0.269634  0.268859  0.254307  0.248514  0.239629  0.244385  0.225038  0.217941  0.215737  0.197594  0.196712  0.187231  0.182685  0.184198  0.174677  0.165367  
0.112977  2.07208  1.79738  4.28723  6.81818  3.45434  3.94826  4.56035  4.29611  4.47811  4.76388  4.89941  5.61715  5.26243  5.82613  5.63745  5.48178  5.88151  6.06182  6.42603  6.31004  6.73617  5.42061  6.39931  0.0564884  0.51802  0.299563  0.535904  0.681818  0.287862  0.282018  0.285022  0.238673  0.223905  0.21654  0.204142  0.216044  0.187944  0.194204  0.17617  0.161229  0.163375  0.159521  0.160651  0.150239  0.153095  0.117839  0.133319  
1.73867  3.87461  0.344535  0.792859  3.58978  4.01938  4.38663  4.90162  4.97136  5.33627  5.61566  6.00785  6.20322  6.60476  6.75518  7.03131  7.20793  7.16704  7.39047  7.46127  7.65633  8.01348  7.86108  8.13311  0.869336  0.968652  0.0574226  0.0991073  0.358978  0.334948  0.313331  0.306351  0.276187  0.266814  0.255257  0.250327  0.238585  0.235884  0.225173  0.219728  0.211998  0.199085  0.194486  0.186532  0.182293  0.182125  0.170893  0.16944  
1.69777  0.0509165  1.23422  2.09833  5.11989  5.83189  4.99709  4.57839  4.17929  4.57624  4.92475  4.87663  5.59516  5.74028  5.63234  5.20089  5.46723  5.8813  6.20024  5.69636  6.64705  5.88707  6.12589  6.48704  0.848887  0.0127291  0.205703  0.262291  0.511989  0.485991  0.356935  0.286149  0.232183  0.228812  0.223852  0.203193  0.215198  0.20501  0.187745  0.162528  0.160801  0.163369  0.163164  0.142409  0.158263  0.133797  0.133171  0.135147  
1.86496  2.07664  1.51024  0  5.02472  3.79869  4.4344  4.51669  5.21865  5.06053  5.15382  6.00126  6.69555  6.74771  6.75264  6.54593  6.97615  6.75169  7.37836  7.04717  6.59273  7.282  7.5218  8.45606  0.93248  0.519159  0.251707  0  0.502472  0.316557  0.316743  0.282293  0.289925  0.253026  0.234265  0.250053  0.257521  0.24099  0.225088  0.20456  0.205181  0.187547  0.194167  0.176179  0.15697  0.1655  0.163517  0.176168  
0.402489  0.173103  5.00698  7.34718  3.51754  3.96948  4.23105  4.87524  4.95903  5.46969  5.61555  5.92699  6.17717  6.5512  6.70124  5.90694  6.93293  7.08003  7.21948  7.28785  7.80276  7.52337  7.67774  8.40286  0.201244  0.0432757  0.834496  0.918398  0.351754  0.33079  0.302218  0.304702  0.275501  0.273485  0.255252  0.246958  0.237584  0.233971  0.223375  0.184592  0.20391  0.196667  0.189986  0.182196  0.18578  0.170986  0.166907  0.17506  
1.96521  3.69542  0.204677  0.480128  3.51884  3.91276  4.29254  4.73814  5.33993  5.34157  5.79023  6.05853  6.1885  6.68852  6.31678  6.88326  7.01147  7.27017  7.167  7.65875  7.97327  7.90202  7.81513  8.43019  0.982605  0.923855  0.0341128  0.060016  0.351884  0.326063  0.30661  0.296134  0.296663  0.267078  0.263192  0.252439  0.238019  0.238876  0.210559  0.215102  0.20622  0.201949  0.188605  0.191469  0.18984  0.179591  0.169894  0.175629  
2  0.0118627  0  1.94296  8.26798  3.74848  3.5268  4.74214  4.49297  4.78291  6.00776  5.48095  6.04969  6.29641  6.22219  5.9006  6.1054  6.01131  6.47346  6.70929  6.61028  6.39516  6.60474  7.35483  1  0.00296567  0  0.24287  0.826798  0.312373  0.251914  0.296384  0.24961  0.239146  0.27308  0.228373  0.23268  0.224872  0.207406  0.184394  0.179571  0.166981  0.170354  0.167732  0.157388  0.145344  0.143581  0.153226  
1.12844  3.99763  0  1.11936  4.25181  4.08283  4.14064  4.21554  4.57741  4.65262  5.00418  5.07933  5.95962  6.27656  5.9535  5.76742  5.80447  6.52022  6.37914  6.06437  6.81963  6.52185  6.36294  7.59054  0.564218  0.999408  0  0.139919  0.425181  0.340236  0.29576  0.263471  0.2543  0.232631  0.227463  0.211639  0.229216  0.224163  0.19845  0.180232  0.17072  0.181117  0.167872  0.151609  0.162372  0.148224  0.138325  0.158136  
0.0203639  1.21583  2.36514  0  9.94734  5.83189  3.49189  4.01578  4.92427  4.37362  4.53944  5.04022  5.07653  5.95935  5.63234  5.00182  5.31347  5.53785  5.35084  5.20778  5.28344  5.88707  6.12589  5.07575  0.0101819  0.303957  0.394191  0  0.994734  0.485991  0.249421  0.250986  0.27357  0.218681  0.206338  0.210009  0.195251  0.212834  0.187745  0.156307  0.156278  0.153829  0.140812  0.130195  0.125796  0.133797  0.133171  0.105745  
1.7222  3.59014  0.0324089  0.65027  3.55687  3.66322  4.14064  4.45201  5.26032  4.98031  5.48732  5.51634  5.6241  6.00776  6.14615  6.2748  6.35826  7.30494  6.78906  7.15763  7.20345  7.39746  7.28302  7.12488  0.8611  0.897535  0.00540148  0.0812837  0.355687  0.305269  0.29576  0.278251  0.29224  0.249016  0.249424  0.229847  0.216312  0.214563  0.204872  0.196087  0.187008  0.202915  0.178659  0.178941  0.171511  0.168124  0.158326  0.148435  
0  2.55841  0  0.849407  10  5.25831  3.99426  3.97012  4.34023  4.21281  4.46242  4.85786  4.99336  5.57024  4.23397  4.65723  5.11422  5.07727  5.42614  5.16846  4.97317  5.68691  4.3127  5.24303  0  0.639603  0  0.106176  1  0.438193  0.285304  0.248132  0.241124  0.21064  0.202837  0.202411  0.192052  0.198937  0.141132  0.145538  0.150418  0.141035  0.142793  0.129211  0.118409  0.129248  0.0937544  0.10923  
1.7253  1.78286  0  0.395292  4.99773  5.36252  3.83441  4.14715  4.49752  4.38513  4.55196  4.98344  5.07816  5.65436  5.51551  5.33092  5.45406  5.51087  5.0809  5.19965  5.40403  5.62915  5.6105  7.50155  0.862648  0.445716  0  0.0494115  0.499773  0.446877  0.273886  0.259197  0.249862  0.219257  0.206907  0.207643  0.195314  0.201941  0.18385  0.166591  0.160414  0.15308  0.133708  0.129991  0.128667  0.127935  0.121967  0.156282  
0.0167591  0.15358  5.89766  7.75969  3.5193  4.22739  4.43499  4.76497  5.04501  5.46945  5.76621  5.97841  6.1788  6.49849  6.85648  7.04077  7.20498  7.45402  7.38994  7.53925  7.59907  7.91447  7.94595  8.36984  0.00837953  0.038395  0.982944  0.969961  0.35193  0.352282  0.316785  0.297811  0.280278  0.273473  0.2621  0.2491  0.237646  0.232089  0.228549  0.220024  0.211911  0.207056  0.194472  0.188481  0.18093  0.179874  0.172738  0.174372  
1.99917  4  0  0  3.5878  4.15101  4.47648  4.7878  5.0408  5.42222  5.67422  5.8866  6.17826  6.54785  6.73601  7.02377  7.25473  7.31412  7.38994  7.54197  7.67406  7.90082  7.9975  8.10446  0.999586  1  0  0  0.35878  0.345918  0.319748  0.299237  0.280044  0.271111  0.257919  0.245275  0.237625  0.233852  0.224534  0.219493  0.213374  0.20317  0.194472  0.188549  0.182716  0.179564  0.173859  0.168843  
1.41857  4  0  0  3.57575  3.88595  4.23339  4.05027  5.29678  4.55978  5.41398  5.40952  5.61715  5.4919  5.86125  6.29706  6.16403  6.59295  6.05288  6.51985  6.42201  6.68394  6.26762  6.59067  0.709287  1  0  0  0.357575  0.32383  0.302385  0.253142  0.294265  0.227989  0.24609  0.225397  0.216044  0.196139  0.195375  0.196783  0.181295  0.183137  0.159286  0.162996  0.152905  0.151908  0.136253  0.137306  
