1.6425  1.95864  1.6425  1.95864  |||| 10516.7 |||| 10516.7 
2.06456  1.76182  2.06456  1.76182  |||| 14339.1 |||| 14339.1 
1.85204  2.29167  1.85204  2.29167  |||| 271.401 |||| 271.401 
1.87064  1.87971  1.87064  1.87971  |||| 63.5523 |||| 63.5523 
2.6574  2.49721  2.6574  2.49721  |||| 62.3372 |||| 62.3372 
1.45692  2.22284  1.45692  2.22284  |||| 36.8443 |||| 36.8443 
3.4132  2.08065  3.4132  2.08065  |||| 25.56 |||| 25.56 
1.04869  1.7266  1.04869  1.7266  |||| 14.6043 |||| 14.6043 
2.43906  2.26227  2.43906  2.26227  |||| 20.4337 |||| 20.4337 
1.86901  2.75627  1.86901  2.75627  |||| 24.1642 |||| 24.1642 
1.75715  2.49567  1.75715  2.49567  |||| 18.3167 |||| 18.3167 
1.94533  2.08284  1.94533  2.08284  |||| 12.13 |||| 12.13 
1.3801  2.94876  1.3801  2.94876  |||| 19.0567 |||| 19.0567 
2.68547  2.01204  2.68547  2.01204  |||| 9.41706 |||| 9.41706 
0.630656  2.11368  0.630656  2.11368  |||| 9.46061 |||| 9.46061 
2.50346  1.4487  2.50346  1.4487  |||| 3.93255 |||| 3.93255 
2.85131  2.13542  2.85131  2.13542  |||| 8.30259 |||| 8.30259 
2.40296  1.91158  2.40296  1.91158  |||| 6.35174 |||| 6.35174 
2.06688  1.99095  2.06688  1.99095  |||| 6.43818 |||| 6.43818 
2.76405  1.40894  2.76405  1.40894  |||| 2.81104 |||| 2.81104 
2.43085  2.41099  2.43085  2.41099  |||| 7.96723 |||| 7.96723 
2.31757  1.39518  2.31757  1.39518  |||| 2.45355 |||| 2.45355 
1.72244  1.95089  1.72244  1.95089  |||| 4.99042 |||| 4.99042 
1.49296  2.82517  1.49296  2.82517  |||| 8.74339 |||| 8.74339 
2.84694  2.2688  2.84694  2.2688  |||| 5.93151 |||| 5.93151 
2.41275  1.10908  2.41275  1.10908  |||| 2.34423 |||| 2.34423 
1.90342  2.47712  1.90342  2.47712  |||| 6.2806 |||| 6.2806 
1.90762  2.12207  1.90762  2.12207  |||| 4.66978 |||| 4.66978 
2.24  2.21692  2.24  2.21692  |||| 4.84432 |||| 4.84432 
2.55005  1.6249  2.55005  1.6249  |||| 2.66809 |||| 2.66809 
1.74648  1.43587  1.74648  1.43587  |||| 1.81865 |||| 1.81865 
1.8371  1.61695  1.8371  1.61695  |||| 2.35856 |||| 2.35856 
2.48679  1.64183  2.48679  1.64183  |||| 2.69483 |||| 2.69483 
2.38576  2.77587  2.38576  2.77587  |||| 5.81433 |||| 5.81433 
3.24282  1.63356  3.24282  1.63356  |||| 3.90828 |||| 3.90828 
1.2682  2.4789  1.2682  2.4789  |||| 4.59847 |||| 4.59847 
2.56011  1.93453  2.56011  1.93453  |||| 2.97774 |||| 2.97774 
2.41765  1.93163  2.41765  1.93163  |||| 2.82862 |||| 2.82862 
2.32544  2.15557  2.32544  2.15557  |||| 3.35239 |||| 3.35239 
3.3667  1.41879  3.3667  1.41879  |||| 4.43194 |||| 4.43194 
2.72807  1.54644  2.72807  1.54644  |||| 3.45457 |||| 3.45457 
2.43778  2.25652  2.43778  2.25652  |||| 3.34825 |||| 3.34825 
2.23917  2.38464  2.23917  2.38464  |||| 3.57558 |||| 3.57558 
2.34752  2.30438  2.34752  2.30438  |||| 3.2999 |||| 3.2999 
2.78543  2.06843  2.78543  2.06843  |||| 3.80483 |||| 3.80483 
2.03114  2.04315  2.03114  2.04315  |||| 2.55965 |||| 2.55965 
2.32557  2.02169  2.32557  2.02169  |||| 3.1047 |||| 3.1047 
2.28569  1.96369  2.28569  1.96369  |||| 3.0894 |||| 3.0894 
1.79167  3.02243  1.79167  3.02243  |||| 4.45839 |||| 4.45839 
1.48238  2.89282  1.48238  2.89282  |||| 4.09712 |||| 4.09712 
1.46551  3.04137  1.46551  3.04137  |||| 4.31281 |||| 4.31281 
3.27262  1.12689  3.27262  1.12689  |||| 5.3384 |||| 5.3384 
1.81483  1.43651  1.81483  1.43651  |||| 2.44314 |||| 2.44314 
1.70426  1.8971  1.70426  1.8971  |||| 2.26265 |||| 2.26265 
3.18774  1.50612  3.18774  1.50612  |||| 5.50757 |||| 5.50757 
1.30025  1.60288  1.30025  1.60288  |||| 1.47461 |||| 1.47461 
1.7844  1.80898  1.7844  1.80898  |||| 2.59923 |||| 2.59923 
1.15097  2.99559  1.15097  2.99559  |||| 3.68801 |||| 3.68801 
2.79514  1.62706  2.79514  1.62706  |||| 5.11131 |||| 5.11131 
1.37966  1.83513  1.37966  1.83513  |||| 1.81241 |||| 1.81241 
1.54484  1.13792  1.54484  1.13792  |||| 2.2681 |||| 2.2681 
1.24761  1.74827  1.24761  1.74827  |||| 1.57042 |||| 1.57042 
2.8957  2.48204  2.8957  2.48204  |||| 5.91932 |||| 5.91932 
1.81608  1.82225  1.81608  1.82225  |||| 3.18279 |||| 3.18279 
1.83679  1.46319  1.83679  1.46319  |||| 3.32961 |||| 3.32961 
1.18616  2.69732  1.18616  2.69732  |||| 2.76306 |||| 2.76306 
2.73859  1.29229  2.73859  1.29229  |||| 6.16648 |||| 6.16648 
3.68068  1.95213  3.68068  1.95213  |||| 9.19699 |||| 9.19699 
1.75974  2.36167  1.75974  2.36167  |||| 3.51269 |||| 3.51269 
2.12128  2.38622  2.12128  2.38622  |||| 4.78955 |||| 4.78955 
2.0118  1.79624  2.0118  1.79624  |||| 4.5882 |||| 4.5882 
1.86928  2.43952  1.86928  2.43952  |||| 4.25912 |||| 4.25912 
2.31229  2.45169  2.31229  2.45169  |||| 5.99273 |||| 5.99273 
2.81201  1.70307  2.81201  1.70307  |||| 8.06689 |||| 8.06689 
3.21229  1.01531  3.21229  1.01531  |||| 9.92156 |||| 9.92156 
1.75584  1.98169  1.75584  1.98169  |||| 4.50074 |||| 4.50074 
1.9377  1.87112  1.9377  1.87112  |||| 5.45064 |||| 5.45064 
1.71582  2.0408  1.71582  2.0408  |||| 4.7265 |||| 4.7265 
1.67904  1.35602  1.67904  1.35602  |||| 4.77867 |||| 4.77867 
2.31369  1.97402  2.31369  1.97402  |||| 8.04572 |||| 8.04572 
1.33717  2.02773  1.33717  2.02773  |||| 3.55068 |||| 3.55068 
1.25305  1.9051  1.25305  1.9051  |||| 3.297 |||| 3.297 
2.44255  1.45417  2.44255  1.45417  |||| 10.1466 |||| 10.1466 
1.86032  0.906973  1.86032  0.906973  |||| 7.30348 |||| 7.30348 
1.73998  1.92553  1.73998  1.92553  |||| 7.01379 |||| 7.01379 
2.22274  2.21951  2.22274  2.21951  |||| 10.7603 |||| 10.7603 
2.56148  1.75434  2.56148  1.75434  |||| 14.0164 |||| 14.0164 
2.20966  2.65458  2.20966  2.65458  |||| 12.3794 |||| 12.3794 
2.439  2.51511  2.439  2.51511  |||| 15.4102 |||| 15.4102 
2.0097  2.62185  2.0097  2.62185  |||| 12.871 |||| 12.871 
2.36736  1.39197  2.36736  1.39197  |||| 17.9154 |||| 17.9154 
3.15782  1.70805  3.15782  1.70805  |||| 29.1367 |||| 29.1367 
1.95064  1.54789  1.95064  1.54789  |||| 17.2478 |||| 17.2478 
2.18805  2.00728  2.18805  2.00728  |||| 23.4807 |||| 23.4807 
2.21895  2.29046  2.21895  2.29046  |||| 28.3005 |||| 28.3005 
0.868573  2.18794  0.868573  2.18794  |||| 5.1813 |||| 5.1813 
1.38855  1.80529  1.38855  1.80529  |||| 21.2211 |||| 21.2211 
1.58421  2.6753  1.58421  2.6753  |||| 37.3795 |||| 37.3795 
1.74973  1.78841  1.74973  1.78841  |||| 73.1128 |||| 73.1128 
2.09837  1.68933  2.09837  1.68933  |||| 287.671 |||| 287.671 
1.00165  0.000298872  0.533405  1.54429  |||| 1.00147 |||| 15440.6 
0.000271424  1.00082  0.719662  0.931093  |||| 1.00058 |||| 7194.87 
0.993264  0.00520898  1.12852  0.0981448  |||| 0.998182 |||| 19.1902 
0.974453  0.0153134  0.767278  1.54826  |||| 0.989423 |||| 101.138 
0.955594  0.0245956  4.47018  3.90051  |||| 0.98043 |||| 152.891 
0.936592  0.0347564  1.57045  0.411885  |||| 0.9711 |||| 11.5262 
0.918615  0.0440681  0.951339  0.129569  |||| 0.962643 |||| 2.8166 
0.901499  0.0532225  2.45722  2.3628  |||| 0.954916 |||| 42.0967 
0.882146  0.0627975  1.95274  1.54308  |||| 0.944625 |||| 23.2614 
0.865668  0.0715886  0.608516  0.483809  |||| 0.93722 |||| 6.3187 
0.849069  0.0808427  2.38  1.74063  |||| 0.929516 |||| 20.0657 
0.831813  0.0894921  0.937807  0.47205  |||| 0.92091 |||| 4.86714 
0.817557  0.0975936  0.828947  0.0976615  |||| 0.915468 |||| 0.928225 
0.801034  0.106327  1.20174  0.481378  |||| 0.907332 |||| 4.10017 
0.787246  0.114295  1.59506  1.60064  |||| 0.90214 |||| 12.5472 
0.77121  0.122997  3.39854  2.92727  |||| 0.894218 |||| 21.2481 
0.757348  0.131366  0.820537  0.171299  |||| 0.888659 |||| 1.15615 
0.743242  0.139233  2.19981  2.70851  |||| 0.882673 |||| 17.1233 
0.728781  0.147746  3.23279  4.23018  |||| 0.876123 |||| 25.1234 
0.716145  0.155596  2.328  2.78083  |||| 0.871615 |||| 15.5714 
0.702387  0.163666  1.59829  1.23043  |||| 0.86574 |||| 6.5167 
0.68905  0.171293  2.75684  3.86533  |||| 0.859998 |||| 19.4245 
0.677567  0.179032  3.72524  3.56429  |||| 0.856575 |||| 17.0379 
0.664813  0.18655  4.00036  3.71197  |||| 0.851433 |||| 16.9186 
0.651913  0.194452  1.17227  1.98019  |||| 0.845965 |||| 8.62381 
0.639963  0.202144  0.789719  0.490015  |||| 0.842003 |||| 2.04248 
0.627472  0.209368  1.21901  1.12595  |||| 0.836532 |||| 4.50284 
0.615705  0.216722  1.59523  1.14137  |||| 0.832027 |||| 4.38553 
0.604311  0.223583  2.35494  1.51426  |||| 0.828046 |||| 5.59902 
0.592964  0.230901  1.15196  0.394039  |||| 0.824019 |||| 1.60106 
0.581633  0.238695  0.585846  0.25163  |||| 0.819969 |||| 0.864447 
0.571127  0.245278  0.680194  0.960575  |||| 0.816837 |||| 3.19029 
0.55937  0.253026  4.34082  3.71266  |||| 0.812246 |||| 11.9284 
0.549339  0.260403  2.18278  1.82127  |||| 0.809408 |||| 5.66543 
0.537967  0.267647  3.22119  2.02849  |||| 0.806348 |||| 6.11596 
0.528551  0.274618  0.616104  0.362212  |||| 0.802804 |||| 1.05892 
0.517465  0.281815  2.95304  2.55857  |||| 0.79985 |||| 7.26716 
0.507722  0.288431  0.300346  0.529273  |||| 0.795834 |||| 1.46044 
0.498714  0.296102  4.0605  3.1764  |||| 0.79442 |||| 8.52778 
0.488704  0.302969  0.819283  0.802735  |||| 0.791337 |||| 2.0972 
0.479075  0.310103  0.515301  0.387204  |||| 0.788778 |||| 0.985011 
0.468296  0.316944  1.31093  1.56956  |||| 0.785759 |||| 3.89353 
0.459856  0.323975  0.890279  0.625711  |||| 0.783457 |||| 1.51705 
0.449518  0.330436  0.651166  0.484535  |||| 0.779752 |||| 1.14365 
0.440786  0.337156  0.457074  1.01637  |||| 0.778016 |||| 2.34309 
0.430978  0.344317  1.69377  0.736085  |||| 0.775171 |||| 3.04536 
0.422652  0.351607  1.82927  1.6452  |||| 0.773884 |||| 3.62261 
0.413578  0.35825  0.548063  0.557697  |||| 0.771687 |||| 1.20069 
0.404642  0.365442  1.50645  1.09241  |||| 0.769683 |||| 2.86631 
0.395827  0.372144  0.482033  0.926063  |||| 0.767801 |||| 1.91013 
0.386766  0.379584  0.707562  1.67489  |||| 0.766518 |||| 3.38384 
0.378682  0.386543  0.622249  0.680752  |||| 0.76482 |||| 1.34729 
0.369905  0.393289  1.61843  1.6843  |||| 0.762812 |||| 3.33871 
0.361368  0.400281  4.93758  4.01729  |||| 0.761252 |||| 10.4057 
0.352888  0.407477  0.360742  0.894337  |||| 0.760185 |||| 1.66899 
0.344632  0.41427  0.347906  0.414202  |||| 0.758579 |||| 0.765789 
0.336225  0.421973  0.445749  0.441704  |||| 0.758354 |||| 1.00382 
0.328344  0.429067  0.36513  0.445239  |||| 0.757215 |||| 0.841546 
0.320614  0.436294  1.67736  0.852287  |||| 0.7567 |||| 3.96059 
0.312184  0.443837  0.326383  0.521116  |||| 0.756051 |||| 0.887761 
0.304181  0.450459  2.61719  2.85663  |||| 0.754245 |||| 6.49284 
0.296043  0.457684  4.53689  3.65992  |||| 0.753445 |||| 11.548 
0.288176  0.465797  2.652  2.49345  |||| 0.754133 |||| 6.93011 
0.280143  0.472209  1.80886  2.18314  |||| 0.752088 |||| 4.85621 
0.27205  0.479599  0.615093  1.31028  |||| 0.751642 |||| 2.05415 
0.265029  0.487454  0.56518  1.14256  |||| 0.752341 |||| 1.76296 
0.257072  0.495111  1.32342  1.87159  |||| 0.751904 |||| 3.87097 
0.249224  0.502398  0.668354  1.57961  |||| 0.751328 |||| 2.36303 
0.241292  0.510389  1.04134  1.87993  |||| 0.751806 |||| 3.23917 
0.234013  0.518283  1.62905  1.0388  |||| 0.752128 |||| 5.23376 
0.226685  0.526149  1.75825  1.8822  |||| 0.752475 |||| 5.8404 
0.21941  0.535155  1.70012  1.15252  |||| 0.754274 |||| 5.84543 
0.211367  0.543817  0.99143  1.74077  |||| 0.755617 |||| 3.53248 
0.204301  0.551012  0.394309  0.912866  |||| 0.754911 |||| 1.45755 
0.19632  0.558946  2.66934  2.44327  |||| 0.755223 |||| 10.258 
0.189055  0.5676  0.229993  0.705507  |||| 0.756487 |||| 0.940362 
0.181175  0.576051  1.2575  1.00119  |||| 0.757448 |||| 5.24332 
0.174044  0.58455  0.247406  0.632701  |||| 0.758448 |||| 1.07683 
0.166914  0.593432  0.987812  1.38923  |||| 0.760022 |||| 4.50178 
0.159629  0.603349  4.45887  3.95086  |||| 0.762647 |||| 21.3147 
0.152018  0.612325  1.17207  1.67945  |||| 0.764137 |||| 5.88952 
0.144465  0.622929  2.16303  2.17986  |||| 0.767598 |||| 11.4572 
0.136913  0.632708  0.168521  0.663028  |||| 0.769966 |||| 0.942744 
0.130043  0.641962  2.58193  2.13796  |||| 0.771646 |||| 15.3341 
0.122736  0.652656  0.116098  0.752949  |||| 0.774997 |||| 0.894132 
0.11516  0.663286  1.52775  1.35013  |||| 0.778191 |||| 10.3243 
0.10796  0.675133  4.18681  3.7582  |||| 0.782722 |||| 30.3919 
0.0998027  0.686473  1.34142  0.603205  |||| 0.786564 |||| 10.5154 
0.0928145  0.69781  1.06852  0.615632  |||| 0.790316 |||| 9.10419 
0.0854558  0.711065  0.364286  0.426716  |||| 0.796129 |||| 3.39837 
0.0776263  0.723386  0.491885  0.822512  |||| 0.800778 |||| 5.07237 
0.0702887  0.738571  3.43317  2.97809  |||| 0.808457 |||| 39.5804 
0.0624854  0.752832  0.16766  1.85098  |||| 0.814967 |||| 2.18848 
0.0541163  0.769314  2.91706  3.09919  |||| 0.823713 |||| 43.9777 
0.0468189  0.787199  3.96471  3.90773  |||| 0.833756 |||| 70.6409 
0.0388913  0.805207  4.89213  4.23662  |||| 0.843713 |||| 106.536 
0.030442  0.827934  1.09104  0.884381  |||| 0.858354 |||| 30.5442 
0.0224709  0.853654  0.0224709  1.52332  |||| 0.875759 |||| 1.56296 
0.0138914  0.885852  2.47648  2.92057  |||| 0.899383 |||| 161.785 
0.00482124  0.93517  0.162958  1.22272  |||| 0.939729 |||| 31.9055 
