0.825485  4.39793  0.825485  4.39793  |||| 29577.6 |||| 29577.6 
2.63513  2.63718  2.63513  2.63718  |||| 20189.2 |||| 20189.2 
1.72855  3.90225  1.72855  3.90225  |||| 482.566 |||| 482.566 
2.33075  3.44827  2.33075  3.44827  |||| 131.196 |||| 131.196 
1.89548  4.12273  1.89548  4.12273  |||| 105.156 |||| 105.156 
2.58645  2.69095  2.58645  2.69095  |||| 35.0219 |||| 35.0219 
2.25951  2.90867  2.25951  2.90867  |||| 31.9805 |||| 31.9805 
0.96889  4.90157  0.96889  4.90157  |||| 61.6759 |||| 61.6759 
1.971  3.77216  1.971  3.77216  |||| 35.1592 |||| 35.1592 
2.25482  3.49784  2.25482  3.49784  |||| 26.8868 |||| 26.8868 
1.93471  3.70259  1.93471  3.70259  |||| 26.0843 |||| 26.0843 
2.6278  2.16574  2.6278  2.16574  |||| 7.48482 |||| 7.48482 
2.71661  1.87579  2.71661  1.87579  |||| 4.0658 |||| 4.0658 
0.724086  4.65903  0.724086  4.65903  |||| 27.4303 |||| 27.4303 
2.22204  3.20246  2.22204  3.20246  |||| 13.8163 |||| 13.8163 
2.25797  3.34589  2.25797  3.34589  |||| 13.8341 |||| 13.8341 
2.22238  2.76487  2.22238  2.76487  |||| 8.95316 |||| 8.95316 
2.16942  4.03517  2.16942  4.03517  |||| 16.4071 |||| 16.4071 
0.909663  4.71594  0.909663  4.71594  |||| 19.4561 |||| 19.4561 
1.40246  4.10077  1.40246  4.10077  |||| 14.8994 |||| 14.8994 
2.7318  1.5654  2.7318  1.5654  |||| 2.60791 |||| 2.60791 
2.64986  2.01562  2.64986  2.01562  |||| 2.89199 |||| 2.89199 
2.22787  2.50674  2.22787  2.50674  |||| 5.09872 |||| 5.09872 
1.7251  4.04292  1.7251  4.04292  |||| 11.8637 |||| 11.8637 
1.48946  4.67491  1.48946  4.67491  |||| 14.0891 |||| 14.0891 
1.8354  3.93783  1.8354  3.93783  |||| 10.4158 |||| 10.4158 
2.63617  2.8459  2.63617  2.8459  |||| 5.62291 |||| 5.62291 
2.47404  2.75492  2.47404  2.75492  |||| 5.05277 |||| 5.05277 
2.11352  3.82705  2.11352  3.82705  |||| 8.82694 |||| 8.82694 
1.69147  4.58828  1.69147  4.58828  |||| 11.2187 |||| 11.2187 
2.42162  3.50172  2.42162  3.50172  |||| 7.08884 |||| 7.08884 
2.71398  1.44017  2.71398  1.44017  |||| 3.00121 |||| 3.00121 
1.76436  4.40039  1.76436  4.40039  |||| 9.51153 |||| 9.51153 
1.32216  4.50707  1.32216  4.50707  |||| 9.54143 |||| 9.54143 
1.99002  4.08129  1.99002  4.08129  |||| 7.96397 |||| 7.96397 
2.44188  3.07209  2.44188  3.07209  |||| 4.77396 |||| 4.77396 
0.796324  4.70338  0.796324  4.70338  |||| 9.26939 |||| 9.26939 
0.789196  4.72337  0.789196  4.72337  |||| 9.06349 |||| 9.06349 
2.57726  2.36559  2.57726  2.36559  |||| 3.12494 |||| 3.12494 
2.38551  3.19252  2.38551  3.19252  |||| 4.57947 |||| 4.57947 
2.31339  2.84268  2.31339  2.84268  |||| 3.57003 |||| 3.57003 
2.14438  2.98187  2.14438  2.98187  |||| 3.82497 |||| 3.82497 
2.59509  2.7141  2.59509  2.7141  |||| 3.37272 |||| 3.37272 
1.10711  4.48207  1.10711  4.48207  |||| 7.18329 |||| 7.18329 
1.71007  3.75792  1.71007  3.75792  |||| 5.34447 |||| 5.34447 
1.30321  4.83383  1.30321  4.83383  |||| 7.64548 |||| 7.64548 
2.60471  2.55585  2.60471  2.55585  |||| 3.6425 |||| 3.6425 
2.58018  2.76822  2.58018  2.76822  |||| 3.6661 |||| 3.6661 
2.40464  3.24558  2.40464  3.24558  |||| 3.80494 |||| 3.80494 
2.18374  3.46422  2.18374  3.46422  |||| 4.17594 |||| 4.17594 
1.98121  3.6596  1.98121  3.6596  |||| 4.48461 |||| 4.48461 
2.04414  3.30536  2.04414  3.30536  |||| 3.69269 |||| 3.69269 
2.33122  3.47156  2.33122  3.47156  |||| 3.94209 |||| 3.94209 
2.46393  3.20753  2.46393  3.20753  |||| 3.89414 |||| 3.89414 
1.64894  4.33233  1.64894  4.33233  |||| 5.3987 |||| 5.3987 
2.19093  2.63921  2.19093  2.63921  |||| 3.46793 |||| 3.46793 
2.12562  3.95739  2.12562  3.95739  |||| 4.52638 |||| 4.52638 
1.86286  4.20102  1.86286  4.20102  |||| 4.875 |||| 4.875 
2.20092  3.68793  2.20092  3.68793  |||| 3.89877 |||| 3.89877 
2.17174  3.34109  2.17174  3.34109  |||| 3.76403 |||| 3.76403 
1.95607  3.35589  1.95607  3.35589  |||| 3.32423 |||| 3.32423 
2.53571  2.56503  2.53571  2.56503  |||| 4.88604 |||| 4.88604 
0.864768  4.66343  0.864768  4.66343  |||| 5.22114 |||| 5.22114 
0.6162  4.5388  0.6162  4.5388  |||| 4.93766 |||| 4.93766 
2.02177  3.737  2.02177  3.737  |||| 3.88016 |||| 3.88016 
1.99101  4.08846  1.99101  4.08846  |||| 4.08713 |||| 4.08713 
2.09241  3.62399  2.09241  3.62399  |||| 4.31846 |||| 4.31846 
2.6533  2.92636  2.6533  2.92636  |||| 6.14264 |||| 6.14264 
2.42152  1.64345  2.42152  1.64345  |||| 5.61654 |||| 5.61654 
2.33607  3.52067  2.33607  3.52067  |||| 5.52616 |||| 5.52616 
2.68486  2.34811  2.68486  2.34811  |||| 6.87217 |||| 6.87217 
1.65768  4.02683  1.65768  4.02683  |||| 3.64737 |||| 3.64737 
2.27307  3.82442  2.27307  3.82442  |||| 5.90448 |||| 5.90448 
2.38897  3.36329  2.38897  3.36329  |||| 6.55589 |||| 6.55589 
2.3695  3.48131  2.3695  3.48131  |||| 6.73819 |||| 6.73819 
2.09112  3.88978  2.09112  3.88978  |||| 5.89969 |||| 5.89969 
2.17081  3.67958  2.17081  3.67958  |||| 6.48306 |||| 6.48306 
0.741146  4.67272  0.741146  4.67272  |||| 4.19589 |||| 4.19589 
1.69058  4.50808  1.69058  4.50808  |||| 4.89716 |||| 4.89716 
1.97604  4.06168  1.97604  4.06168  |||| 6.50067 |||| 6.50067 
2.39144  2.56786  2.39144  2.56786  |||| 8.92167 |||| 8.92167 
2.65148  2.91664  2.65148  2.91664  |||| 10.7814 |||| 10.7814 
2.39201  3.36727  2.39201  3.36727  |||| 9.94455 |||| 9.94455 
2.80617  2.0399  2.80617  2.0399  |||| 13.0071 |||| 13.0071 
2.38404  2.95944  2.38404  2.95944  |||| 11.1773 |||| 11.1773 
2.45545  1.93156  2.45545  1.93156  |||| 12.4308 |||| 12.4308 
2.49684  2.22726  2.49684  2.22726  |||| 13.6521 |||| 13.6521 
0.860238  4.79026  0.860238  4.79026  |||| 3.83987 |||| 3.83987 
2.59281  1.59459  2.59281  1.59459  |||| 16.8441 |||| 16.8441 
2.35383  2.60316  2.35383  2.60316  |||| 16.2179 |||| 16.2179 
1.81583  3.70137  1.81583  3.70137  |||| 12.3752 |||| 12.3752 
2.39378  2.87459  2.39378  2.87459  |||| 20.4944 |||| 20.4944 
1.34012  4.69848  1.34012  4.69848  |||| 9.45927 |||| 9.45927 
2.47914  2.71553  2.47914  2.71553  |||| 28.0875 |||| 28.0875 
1.72875  4.20832  1.72875  4.20832  |||| 19.8236 |||| 19.8236 
2.35253  2.00745  2.35253  2.00745  |||| 37.8133 |||| 37.8133 
2.11138  3.68306  2.11138  3.68306  |||| 41.865 |||| 41.865 
2.13118  3.60145  2.13118  3.60145  |||| 59.3871 |||| 59.3871 
1.42978  4.46404  1.42978  4.46404  |||| 53.1539 |||| 53.1539 
1.14916  4.81712  1.14916  4.81712  |||| 104.461 |||| 104.461 
2.00412  0.0388927  1.98292  0.841671  |||| 1.9387 |||| 8029.63 
0.0657211  4.00061  0.922631  3.57838  |||| 3.9619 |||| 8572.1 
2.00406  0.0486202  1.71481  2.08205  |||| 1.94858 |||| 400.495 
2.00234  0.0685885  1.98541  0.592651  |||| 1.96702 |||| 36.191 
2.00215  0.0893992  2.00212  0.0916371  |||| 1.98742 |||| 2.07481 
2.00188  0.110425  1.99135  0.503307  |||| 2.00818 |||| 13.0088 
2.00159  0.131875  1.67516  2.20729  |||| 2.02935 |||| 47.2268 
2.0012  0.153795  1.70817  2.09167  |||| 2.05088 |||| 36.58 
2.00076  0.176162  1.96115  0.862921  |||| 2.07282 |||| 12.4266 
2.00022  0.198977  1.9615  0.893354  |||| 2.09514 |||| 11.1674 
1.99957  0.22239  2.00011  0.342216  |||| 2.11784 |||| 3.49926 
1.99889  0.246222  2.002  0.465139  |||| 2.14101 |||| 4.39897 
1.99811  0.270629  2.00315  0.291592  |||| 2.16461 |||| 2.36025 
1.99723  0.295528  1.88579  1.4821  |||| 2.18864 |||| 12.3002 
1.99625  0.320991  1.98865  0.474457  |||| 2.21312 |||| 3.41627 
1.99517  0.347005  1.93891  1.00409  |||| 2.23805 |||| 7.00797 
1.994  0.373188  1.9124  1.1903  |||| 2.26348 |||| 7.78318 
1.99268  0.400457  1.62538  2.34154  |||| 2.28935 |||| 14.5599 
1.99122  0.428554  1.99123  0.428566  |||| 2.31569 |||| 2.3157 
1.98965  0.457017  1.99104  0.458413  |||| 2.34254 |||| 2.35035 
1.98793  0.486086  1.98178  0.768488  |||| 2.36989 |||| 3.86585 
1.98607  0.515812  1.97236  0.778908  |||| 2.39775 |||| 3.71997 
1.98404  0.54621  1.98673  0.547511  |||| 2.42613 |||| 2.43232 
1.98185  0.577263  1.99657  0.626582  |||| 2.45503 |||| 2.67961 
1.97948  0.609115  1.76496  1.93773  |||| 2.48447 |||| 8.27128 
1.97691  0.64166  1.97691  0.64167  |||| 2.51444 |||| 2.51448 
1.97414  0.674926  1.47152  2.72177  |||| 2.54496 |||| 10.7323 
1.97116  0.70899  1.97116  0.708991  |||| 2.57604 |||| 2.57604 
1.96796  0.743826  1.9671  0.785323  |||| 2.60767 |||| 2.76107 
1.96451  0.779491  1.96091  0.854646  |||| 2.63988 |||| 2.90771 
1.96081  0.815952  1.92975  1.07232  |||| 2.67264 |||| 3.55418 
1.95685  0.853263  1.32045  3.0398  |||| 2.70598 |||| 9.96975 
1.95259  0.891434  1.85052  1.53703  |||| 2.73991 |||| 4.81429 
1.94804  0.930476  1.86937  1.43818  |||| 2.77439 |||| 4.35392 
1.94317  0.970417  0.245056  3.97627  |||| 2.80946 |||| 11.8732 
1.93796  1.01127  1.35065  2.95748  |||| 2.8451 |||| 8.53848 
1.9324  1.05304  1.85213  1.5473  |||| 2.88132 |||| 4.28527 
1.92646  1.09575  1.92203  1.185  |||| 2.91812 |||| 3.16442 
1.92012  1.13946  1.8716  1.42644  |||| 2.95545 |||| 3.72595 
1.91336  1.18411  1.91464  1.1875  |||| 2.99335 |||| 3.00219 
1.90615  1.22977  1.34898  2.9978  |||| 3.03179 |||| 7.53223 
1.89848  1.27641  1.76277  1.90189  |||| 3.07076 |||| 4.62258 
1.89031  1.32406  1.20509  3.19887  |||| 3.11024 |||| 7.64681 
1.88161  1.37272  1.88494  1.35548  |||| 3.1502 |||| 3.15598 
1.87237  1.4224  0.918173  3.58169  |||| 3.19065 |||| 8.16971 
1.86254  1.47311  1.86368  1.47154  |||| 3.23152 |||| 3.23357 
1.85212  1.52483  1.87415  1.50102  |||| 3.27283 |||| 3.31318 
1.84104  1.57758  1.84423  1.57328  |||| 3.3145 |||| 3.32044 
1.82929  1.63133  1.83446  1.64  |||| 3.35649 |||| 3.37476 
1.81684  1.68608  1.91396  1.241  |||| 3.39879 |||| 3.58726 
1.80365  1.74182  1.80703  1.76664  |||| 3.44134 |||| 3.49148 
1.78968  1.79852  1.88717  1.37402  |||| 3.48408 |||| 3.68105 
1.77491  1.85616  1.77492  1.85616  |||| 3.52695 |||| 3.52696 
1.75929  1.91471  1.75929  1.9147  |||| 3.56987 |||| 3.56988 
1.74279  1.97414  1.75037  2.00476  |||| 3.6128 |||| 3.66996 
1.72538  2.03439  1.41386  2.83758  |||| 3.65564 |||| 5.12692 
1.70702  2.09542  1.5535  2.53025  |||| 3.69831 |||| 4.48021 
1.68767  2.15718  1.75227  1.94867  |||| 3.74071 |||| 3.88967 
1.66731  2.21959  1.68459  2.22156  |||| 3.78277 |||| 3.82359 
1.64589  2.28259  0.801415  3.66969  |||| 3.82435 |||| 6.18845 
1.6234  2.3461  1.79433  1.94737  |||| 3.86537 |||| 4.28946 
1.59981  2.41003  0.683482  3.77903  |||| 3.90571 |||| 6.16053 
1.57508  2.47429  1.34461  2.96844  |||| 3.94524 |||| 4.74568 
1.5492  2.53877  0.974289  3.50354  |||| 3.98384 |||| 5.5212 
1.52214  2.60336  1.96237  0.828366  |||| 4.02137 |||| 5.23664 
1.4939  2.66794  1.52738  2.59107  |||| 4.05772 |||| 4.15282 
1.46447  2.7324  1.69944  2.12006  |||| 4.09274 |||| 4.78011 
1.43383  2.79658  1.19781  3.20977  |||| 4.12628 |||| 4.7445 
1.40199  2.86036  1.77522  2.01044  |||| 4.15822 |||| 5.31937 
1.36896  2.9236  1.37081  2.92607  |||| 4.18843 |||| 4.19437 
1.33475  2.98614  1.51549  2.65808  |||| 4.21676 |||| 4.81718 
1.29938  3.04784  1.5599  2.51245  |||| 4.24309 |||| 5.13893 
1.26287  3.10854  1.26362  3.11887  |||| 4.26729 |||| 4.28165 
1.22526  3.1681  1.22968  3.17278  |||| 4.28923 |||| 4.30556 
1.1866  3.22636  1.18657  3.22643  |||| 4.30883 |||| 4.30892 
1.14691  3.28318  1.13563  3.30872  |||| 4.32596 |||| 4.36002 
1.10627  3.33842  1.10829  3.33692  |||| 4.34057 |||| 4.34898 
1.06473  3.39194  1.60033  2.41754  |||| 4.35254 |||| 6.68539 
1.02235  3.44359  1.73336  2.00706  |||| 4.36181 |||| 7.60268 
0.979214  3.49328  0.249952  4.0095  |||| 4.36837 |||| 5.02114 
0.935395  3.54091  0.950626  3.54924  |||| 4.37217 |||| 4.44871 
0.890973  3.58634  1.43749  2.82064  |||| 4.37318 |||| 7.26824 
0.846027  3.62951  1.78875  1.80797  |||| 4.37141 |||| 9.65066 
0.800661  3.67036  1.6841  2.19217  |||| 4.36689 |||| 9.61401 
0.75495  3.70879  0.757756  3.71056  |||| 4.35961 |||| 4.37735 
0.708993  3.74481  1.14107  3.30521  |||| 4.34968 |||| 7.2699 
0.662875  3.77834  0.688255  3.79259  |||| 4.33708 |||| 4.52132 
0.616689  3.80938  1.95171  0.946304  |||| 4.32194 |||| 14.7885 
0.570479  3.83797  0.590093  3.82614  |||| 4.30437 |||| 4.47111 
0.524462  3.86404  1.22816  3.17515  |||| 4.28437 |||| 10.8522 
0.478587  3.88767  0.478589  3.88768  |||| 4.26213 |||| 4.26216 
0.43298  3.90889  0.378041  3.93744  |||| 4.23775 |||| 4.26901 
0.387714  3.92774  1.97985  0.681315  |||| 4.21133 |||| 25.0152 
0.342866  3.94429  0.367675  3.94447  |||| 4.18303 |||| 4.55706 
0.298484  3.95858  0.315013  3.97412  |||| 4.15294 |||| 4.44727 
0.25466  3.9707  0.269416  3.98743  |||| 4.12123 |||| 4.44256 
0.21142  3.98074  0.224966  3.99473  |||| 4.08803 |||| 4.46726 
0.168815  3.98876  1.99216  0.538533  |||| 4.05346 |||| 75.5283 
0.12691  3.99486  0.132629  3.99958  |||| 4.01765 |||| 4.39093 
0.0857306  3.99914  1.94373  0.966002  |||| 3.98074 |||| 368.149 
