17.1771  13.0303  19.2728  17.1771  13.0303  19.2728  |||| 124291 |||| 124291 
15.0366  10.3371  15.465  15.0366  10.3371  15.465  |||| 93199.7 |||| 93199.7 
15.0437  18.1588  12.9705  15.0437  18.1588  12.9705  |||| 106726 |||| 106726 
21.5024  14.0898  19.0417  21.5024  14.0898  19.0417  |||| 339.798 |||| 339.798 
15.7376  12.302  6.84367  15.7376  12.302  6.84367  |||| 51.6355 |||| 51.6355 
15.002  10.023  14.0596  15.002  10.023  14.0596  |||| 63.2079 |||| 63.2079 
5.71663  9.19783  21.9673  5.71663  9.19783  21.9673  |||| 636.942 |||| 636.942 
37.8049  17.4889  18.5538  37.8049  17.4889  18.5538  |||| 123.841 |||| 123.841 
19.6712  14.8662  12.2031  19.6712  14.8662  12.2031  |||| 60.0193 |||| 60.0193 
26.1951  24.3145  16.1499  26.1951  24.3145  16.1499  |||| 520.07 |||| 520.07 
24.5029  19.8198  21.5864  24.5029  19.8198  21.5864  |||| 848.307 |||| 848.307 
18.2745  13.449  14.605  18.2745  13.449  14.605  |||| 46.611 |||| 46.611 
12.4262  18.3735  21.3907  12.4262  18.3735  21.3907  |||| 148.747 |||| 148.747 
24.3344  25.74  26.5206  24.3344  25.74  26.5206  |||| 295.899 |||| 295.899 
36.4748  16.7019  22.1807  36.4748  16.7019  22.1807  |||| 237.563 |||| 237.563 
26.3414  10.5721  21.8084  26.3414  10.5721  21.8084  |||| 60.6357 |||| 60.6357 
20.1962  8.6909  15.7501  20.1962  8.6909  15.7501  |||| 54.5687 |||| 54.5687 
16.01  11.4574  21.5106  16.01  11.4574  21.5106  |||| 164.343 |||| 164.343 
6.7002  11.1358  11.1482  6.7002  11.1358  11.1482  |||| 344.583 |||| 344.583 
16.8937  19.2288  19.0175  16.8937  19.2288  19.0175  |||| 60.7391 |||| 60.7391 
15.0519  9.40834  8.62526  15.0519  9.40834  8.62526  |||| 16.2282 |||| 16.2282 
18.172  15.6099  15.5878  18.172  15.6099  15.5878  |||| 85.0364 |||| 85.0364 
19.5056  15.0193  19.3038  19.5056  15.0193  19.3038  |||| 177.856 |||| 177.856 
24.9146  23.8014  17.4423  24.9146  23.8014  17.4423  |||| 103.243 |||| 103.243 
16.3648  11.779  15.1395  16.3648  11.779  15.1395  |||| 43.3745 |||| 43.3745 
8.91829  9.36633  18.4093  8.91829  9.36633  18.4093  |||| 41.6406 |||| 41.6406 
21.5074  22.4545  16.699  21.5074  22.4545  16.699  |||| 213.577 |||| 213.577 
13.9813  9.71744  12.7376  13.9813  9.71744  12.7376  |||| 19.7518 |||| 19.7518 
17.317  16.7313  21.7204  17.317  16.7313  21.7204  |||| 84.4072 |||| 84.4072 
10.3203  11.9682  18.9113  10.3203  11.9682  18.9113  |||| 54.8802 |||| 54.8802 
27.9843  10.4772  28.0779  27.9843  10.4772  28.0779  |||| 182.309 |||| 182.309 
21.9869  42.337  22.8085  21.9869  42.337  22.8085  |||| 228.604 |||| 228.604 
17.5935  34.0816  50.059  17.5935  34.0816  50.059  |||| 167.175 |||| 167.175 
23.9325  20.3008  29.709  23.9325  20.3008  29.709  |||| 731.296 |||| 731.296 
20.33  13.3346  13.7019  20.33  13.3346  13.7019  |||| 770.234 |||| 770.234 
21.1931  9.81334  22.4506  21.1931  9.81334  22.4506  |||| 52.2911 |||| 52.2911 
22.5842  21.7563  14.1713  22.5842  21.7563  14.1713  |||| 46.9414 |||| 46.9414 
12.9778  23.9483  10.1233  12.9778  23.9483  10.1233  |||| 117.774 |||| 117.774 
21.2633  30.3604  35.6584  21.2633  30.3604  35.6584  |||| 338.707 |||| 338.707 
9.95553  15.3262  12.6649  9.95553  15.3262  12.6649  |||| 35.5641 |||| 35.5641 
12.2177  10.9252  9.07631  12.2177  10.9252  9.07631  |||| 17.1882 |||| 17.1882 
25.7578  28.3337  23.0035  25.7578  28.3337  23.0035  |||| 302.546 |||| 302.546 
13.5954  15.7496  11.5777  13.5954  15.7496  11.5777  |||| 94.957 |||| 94.957 
13.9612  17.7982  15.3582  13.9612  17.7982  15.3582  |||| 37.8286 |||| 37.8286 
11.5589  10.4762  11.5576  11.5589  10.4762  11.5576  |||| 21.9638 |||| 21.9638 
5.97236  24.6977  18.0059  5.97236  24.6977  18.0059  |||| 151.286 |||| 151.286 
15.6765  12.0061  21.965  15.6765  12.0061  21.965  |||| 111.165 |||| 111.165 
29.4926  16.5937  15.0571  29.4926  16.5937  15.0571  |||| 73.6828 |||| 73.6828 
20.1585  17.7165  21.4033  20.1585  17.7165  21.4033  |||| 46.9152 |||| 46.9152 
21.8239  26.9269  19.1886  21.8239  26.9269  19.1886  |||| 599.004 |||| 599.004 
33.4581  32.965  46.6197  33.4581  32.965  46.6197  |||| 1212.61 |||| 1212.61 
20.3372  21.6837  26.2966  20.3372  21.6837  26.2966  |||| 50.3052 |||| 50.3052 
12.5735  28.9289  15.9265  12.5735  28.9289  15.9265  |||| 42.8285 |||| 42.8285 
7.64971  19.2278  23.4353  7.64971  19.2278  23.4353  |||| 80.1133 |||| 80.1133 
10.4695  11.8087  18.334  10.4695  11.8087  18.334  |||| 91.7491 |||| 91.7491 
16.9754  15.5393  14.4149  16.9754  15.5393  14.4149  |||| 42.5967 |||| 42.5967 
8.97682  14.4077  30.0602  8.97682  14.4077  30.0602  |||| 74.101 |||| 74.101 
10.7514  15.1526  11.6002  10.7514  15.1526  11.6002  |||| 130.915 |||| 130.915 
16.1848  7.48617  14.3685  16.1848  7.48617  14.3685  |||| 90.9533 |||| 90.9533 
12.5254  14.712  12.528  12.5254  14.712  12.528  |||| 28.7531 |||| 28.7531 
12.463  12.008  19.3008  12.463  12.008  19.3008  |||| 45.0216 |||| 45.0216 
11.2119  8.79035  21.7025  11.2119  8.79035  21.7025  |||| 24.5971 |||| 24.5971 
23.0503  13.699  17.1462  23.0503  13.699  17.1462  |||| 79.9524 |||| 79.9524 
11.5737  7.75435  13.8839  11.5737  7.75435  13.8839  |||| 27.8579 |||| 27.8579 
22.1976  38.3  21.1829  22.1976  38.3  21.1829  |||| 80.8898 |||| 80.8898 
21.4234  17.7593  14.1768  21.4234  17.7593  14.1768  |||| 819.082 |||| 819.082 
10.4987  13.5567  9.66905  10.4987  13.5567  9.66905  |||| 446.978 |||| 446.978 
19.4097  15.3931  15.2033  19.4097  15.3931  15.2033  |||| 74.1944 |||| 74.1944 
22.4351  29.3968  37.4007  22.4351  29.3968  37.4007  |||| 144.236 |||| 144.236 
11.6952  18.1137  33.2346  11.6952  18.1137  33.2346  |||| 52.9972 |||| 52.9972 
17.8511  12.0127  18.28  17.8511  12.0127  18.28  |||| 103.224 |||| 103.224 
13.4581  17.8121  16.1829  13.4581  17.8121  16.1829  |||| 48.4894 |||| 48.4894 
15.8499  23.6697  28.5927  15.8499  23.6697  28.5927  |||| 67.1192 |||| 67.1192 
11.4547  16.1161  15.2664  11.4547  16.1161  15.2664  |||| 86.3808 |||| 86.3808 
27.2389  25.6301  16.8746  27.2389  25.6301  16.8746  |||| 166.165 |||| 166.165 
11.9195  11.933  19.1679  11.9195  11.933  19.1679  |||| 45.7898 |||| 45.7898 
11.3902  9.072  16.7325  11.3902  9.072  16.7325  |||| 43.8038 |||| 43.8038 
22.3519  27.0676  9.57697  22.3519  27.0676  9.57697  |||| 134.568 |||| 134.568 
20.8274  16.3509  12.3433  20.8274  16.3509  12.3433  |||| 128.321 |||| 128.321 
15.2378  15.7878  16.3079  15.2378  15.7878  16.3079  |||| 85.0594 |||| 85.0594 
32.5397  26.3572  13.2716  32.5397  26.3572  13.2716  |||| 252.692 |||| 252.692 
9.55542  17.6071  21.0469  9.55542  17.6071  21.0469  |||| 205.724 |||| 205.724 
9.06544  14.3802  11.112  9.06544  14.3802  11.112  |||| 120.697 |||| 120.697 
18.2403  23.903  27.9647  18.2403  23.903  27.9647  |||| 140.695 |||| 140.695 
22.1162  26.1555  17.7082  22.1162  26.1555  17.7082  |||| 196.702 |||| 196.702 
29.8661  21.6447  17.7667  29.8661  21.6447  17.7667  |||| 310.54 |||| 310.54 
20.2723  29.4194  24.8542  20.2723  29.4194  24.8542  |||| 201.62 |||| 201.62 
23.4846  23.306  24.3103  23.4846  23.306  24.3103  |||| 266.568 |||| 266.568 
17.7403  27.1467  30.8595  17.7403  27.1467  30.8595  |||| 196.632 |||| 196.632 
20.1338  16.4922  10.6346  20.1338  16.4922  10.6346  |||| 258.959 |||| 258.959 
14.4736  13.5005  16.9945  14.4736  13.5005  16.9945  |||| 174.335 |||| 174.335 
6.66289  10.5112  17.766  6.66289  10.5112  17.766  |||| 21.113 |||| 21.113 
35.5165  28.9319  21.5016  35.5165  28.9319  21.5016  |||| 755.622 |||| 755.622 
11.9034  12.0714  15.4483  11.9034  12.0714  15.4483  |||| 181.503 |||| 181.503 
14.3487  10.1626  17.4509  14.3487  10.1626  17.4509  |||| 300.097 |||| 300.097 
11.8045  17.127  8.54535  11.8045  17.127  8.54535  |||| 259.374 |||| 259.374 
10.4022  19.3462  25.7782  10.4022  19.3462  25.7782  |||| 257.349 |||| 257.349 
19.8681  13.6018  19.8767  19.8681  13.6018  19.8767  |||| 1091.03 |||| 1091.03 
20.086  14.3224  14.2732  20.086  14.3224  14.2732  |||| 1851.22 |||| 1851.22 
41.8823  24.0676  33.4385  41.8823  24.0676  33.4385  |||| 14014.2 |||| 14014.2 
1  5.31173e-05  3.12381e-06  0.853037  0.532452  1.75266  |||| 1 |||| 17526.6 
0.0297271  24.555  0.0301184  0.354821  24.555  0.544054  |||| 301.183 |||| 5440.53 
7.20861e-05  9.62262e-05  1  6.4369e-05  9.62262e-05  1  |||| 1 |||| 1 
0.999254  0.0382415  0.0386235  1.44474  2.73552  0.0386235  |||| 1.07655 |||| 76.202 
0.994752  0.104594  0.035184  2.01051  0.118873  0.052873  |||| 1.13602 |||| 2.29603 
0.989878  0.0455177  0.141953  12.1082  12.1891  11.6442  |||| 1.17918 |||| 303.702 
0.998927  0.19189  0.0283394  3.29215  3.17232  3.56722  |||| 1.23317 |||| 150.235 
0.985601  0.0710464  0.16909  0.985601  0.0710464  0.515607  |||| 1.25616 |||| 3.83018 
0.983069  0.188734  0.100948  3.53483  3.23938  3.8051  |||| 1.29032 |||| 42.6127 
0.956366  0.0403515  0.292171  0.956366  0.621516  0.292171  |||| 1.2904 |||| 19.2068 
0.999711  0.308019  0.024057  1.87309  1.75633  1.49158  |||| 1.38476 |||| 85.8265 
0.973148  0.166295  0.230179  6.46666  2.94788  6.78281  |||| 1.38236 |||| 40.7347 
0.957658  0.294799  0.134527  0.988006  0.571736  0.154415  |||| 1.39387 |||| 2.65723 
0.92899  0.0714061  0.370106  0.92899  0.565047  0.370106  |||| 1.38451 |||| 9.15918 
0.922638  0.393401  0.084485  5.27802  5.2756  6.06859  |||| 1.40715 |||| 93.9991 
0.933227  0.120982  0.359292  12.2761  9.04488  14.534  |||| 1.45585 |||| 80.6273 
0.949289  0.317581  0.220482  0.949289  0.317581  0.723924  |||| 1.51417 |||| 4.4354 
0.860929  0.0305884  0.508726  1.14789  1.95786  0.508726  |||| 1.40361 |||| 81.021 
0.999784  0.562282  0.0207985  0.798652  0.360348  0.777173  |||| 1.66559 |||| 62.2141 
0.936985  0.246289  0.349372  0.79255  2.0363  0.519626  |||| 1.59469 |||| 10.5327 
0.886986  0.46921  0.176343  5.66284  5.01906  5.5382  |||| 1.54191 |||| 46.3599 
0.855337  0.143847  0.518074  3.25136  3.09679  4.20859  |||| 1.51848 |||| 32.4161 
0.828921  0.567933  0.097724  0.828921  1.36128  0.097724  |||| 1.50266 |||| 3.59828 
0.873103  0.0885899  0.487541  1.35312  0.0885899  0.487541  |||| 1.61603 |||| 2.50447 
0.886635  0.467073  0.313618  15.576  17.9402  13.9058  |||| 1.67542 |||| 72.706 
0.764989  0.0208477  0.644055  0.764989  0.424849  0.644055  |||| 1.47573 |||| 9.4088 
0.752871  0.661875  0.0672221  0.752871  1.09614  0.0881937  |||| 1.48376 |||| 2.4573 
0.857536  0.337805  0.514425  6.72496  5.2906  6.78347  |||| 1.72394 |||| 25.9127 
0.825921  0.57013  0.265792  3.55731  2.90021  3.02347  |||| 1.69498 |||| 17.1545 
0.734486  0.105145  0.678625  7.41917  5.4381  9.86178  |||| 1.53879 |||| 66.5869 
0.749477  0.666098  0.185225  27.6527  29.1583  25.6227  |||| 1.60299 |||| 219.986 
0.761662  0.245292  0.647982  0.761662  0.245292  1.16421  |||| 1.66321 |||| 2.98825 
0.837713  0.547793  0.464097  0.623022  0.937544  1.07277  |||| 1.86971 |||| 4.14994 
0.628705  0.017776  0.777647  0.761504  0.0127241  0.777647  |||| 1.43155 |||| 1.73362 
0.635039  0.982697  0.0148958  6.46813  7.31132  6.74428  |||| 1.75178 |||| 757.436 
0.769901  0.485954  0.541463  4.41341  0.485954  0.541463  |||| 1.82803 |||| 10.4791 
0.691336  0.724121  0.208857  0.283953  4.94821  0.201966  |||| 1.67781 |||| 11.4655 
0.662291  0.147788  0.749249  3.52675  1.96312  2.25841  |||| 1.64092 |||| 14.0445 
0.602632  0.80356  0.131125  1.22519  1.40707  0.566466  |||| 1.54559 |||| 6.65861 
0.664063  0.373092  0.675403  14.4836  14.8263  14.9638  |||| 1.71869 |||| 67.2548 
0.708299  0.708533  0.397707  0.88853  0.833029  0.397707  |||| 1.87267 |||| 2.34918 
0.550501  0.093957  0.834838  7.69618  5.7124  6.13835  |||| 1.48787 |||| 82.9 
0.526469  0.855923  0.0697674  0.526469  0.855923  0.114486  |||| 1.45492 |||| 2.29641 
0.648346  0.492879  0.681294  0.738879  2.04171  0.673844  |||| 1.83232 |||| 7.48967 
0.619415  0.786352  0.379363  1.82499  1.03831  1.64718  |||| 1.79069 |||| 7.67472 
0.524931  0.112678  0.851147  6.8822  5.45888  6.97821  |||| 1.55275 |||| 47.9824 
0.525191  0.853874  0.198056  0.72986  5.60067  0.198056  |||| 1.60005 |||| 10.4952 
0.560928  0.348224  0.827865  3.36608  2.45976  2.55179  |||| 1.73834 |||| 12.2327 
0.578363  0.6849  0.55112  0.578363  0.6849  1.60298  |||| 1.83542 |||| 5.16525 
0.42251  0.0411556  0.906359  3.30112  2.92091  4.37123  |||| 1.37345 |||| 89.9981 
0.412579  0.942927  0.0457268  1.37139  0.632499  1.36844  |||| 1.4137 |||| 41.718 
0.523456  0.557197  0.689821  2.79569  0.842549  0.689821  |||| 1.78719 |||| 9.5451 
0.49409  0.872312  0.320841  10.4586  7.48244  8.57257  |||| 1.73664 |||| 40.4223 
0.435879  0.198644  0.900006  0.435879  1.80312  0.900006  |||| 1.56531 |||| 12.3025 
0.407239  0.916722  0.16868  4.03742  4.07253  3.70747  |||| 1.51919 |||| 29.6039 
0.471551  0.232965  0.88184  0.471551  0.232965  0.88184  |||| 1.78407 |||| 1.78407 
0.304727  0.84608  0.605567  2.62381  2.37566  2.74317  |||| 1.97055 |||| 10.196 
0.340712  0.0715274  0.940168  0.695519  0.0715274  0.940168  |||| 1.36057 |||| 2.7773 
0.334764  0.943799  0.110502  0.41286  1.84321  1.03306  |||| 1.40092 |||| 12.4867 
0.453729  0.562279  0.891145  7.94249  9.38689  8.71181  |||| 1.91613 |||| 33.5409 
0.42313  0.907006  0.443346  1.85048  0.907006  0.443346  |||| 1.83909 |||| 8.04292 
0.317359  0.0981746  0.948306  13.6281  12.892  14.5768  |||| 1.42093 |||| 118.049 
0.34047  0.943754  0.27937  0.845002  0.943754  0.27937  |||| 1.57384 |||| 3.89761 
0.340792  0.256228  0.940139  1.38987  0.256228  0.940139  |||| 1.621 |||| 6.61069 
0.341413  0.7646  0.735263  0.342519  0.91685  1.03447  |||| 1.90638 |||| 2.68214 
0.242079  0.014892  0.970262  3.80451  3.6485  3.34538  |||| 1.22793 |||| 290.896 
0.331973  1.24818  0.011117  11.811  14.3089  14.1907  |||| 1.75869 |||| 2244.98 
0.310321  0.705029  0.735266  27.3522  17.3694  26.4151  |||| 1.77561 |||| 148.205 
0.280237  0.962697  0.310314  0.280237  1.64581  0.310314  |||| 1.57845 |||| 2.69851 
0.264375  0.231762  0.964421  3.13005  2.78624  3.80777  |||| 1.53702 |||| 18.1969 
0.222666  0.976739  0.129204  0.222666  4.49078  0.129204  |||| 1.35017 |||| 6.20785 
0.277996  0.467332  0.938486  15.1766  15.3716  17.3391  |||| 1.76479 |||| 95.0603 
0.235984  0.847603  0.525411  3.11271  0.847603  0.525411  |||| 1.6224 |||| 20.273 
0.192258  0.118539  0.981346  2.39461  0.372556  1.27865  |||| 1.3039 |||| 16.2377 
0.17323  0.992416  0.0724847  0.410636  0.992416  0.481132  |||| 1.24331 |||| 7.97012 
0.224101  0.67736  0.857334  0.224101  1.1262  0.857334  |||| 1.82335 |||| 3.0316 
0.211494  0.978737  0.378981  11.7642  11.1809  10.6024  |||| 1.6542 |||| 90.828 
0.169409  0.215112  0.985555  0.522946  0.553199  1.03292  |||| 1.37091 |||| 4.23027 
0.161496  0.987784  0.208217  0.324083  3.71374  0.208217  |||| 1.39135 |||| 5.23111 
0.178363  0.39333  0.983967  0.540317  0.668231  0.983967  |||| 1.59351 |||| 4.82706 
0.156655  0.84608  0.629409  0.541197  1.03256  0.629409  |||| 1.70642 |||| 5.09847 
0.117237  0.0299808  0.993104  12.1805  11.8886  7.74437  |||| 1.16781 |||| 241.654 
0.100593  1.00045  0.0401514  0.100593  7.68623  0.0401514  |||| 1.14999 |||| 8.83525 
0.121673  0.677396  0.789339  2.06213  1.78432  1.18468  |||| 1.61315 |||| 23.1666 
0.125979  0.993559  0.39425  0.421627  0.959416  0.0443838  |||| 1.52461 |||| 5.05716 
0.106223  0.236081  0.994342  2.0295  2.08297  1.94695  |||| 1.36642 |||| 26.0975 
0.0921697  0.99592  0.186904  0.9577  2.41132  0.141307  |||| 1.28405 |||| 13.2657 
0.106925  0.485144  0.994269  0.243374  1.55997  0.0377759  |||| 1.60418 |||| 4.97516 
0.109994  0.994369  0.637292  14.8681  14.2448  14.505  |||| 1.80754 |||| 243.15 
0.0642881  0.0752952  0.997932  6.43116  6.10567  6.85338  |||| 1.15612 |||| 115.516 
0.029803  0.999641  0.0698809  3.20616  4.29886  2.78713  |||| 1.17146 |||| 63.8289 
0.0777631  0.619239  0.996972  0.323726  0.993256  0.996972  |||| 1.73507 |||| 7.22299 
0.0617152  0.99866  0.531734  0.67962  0.186946  0.859995  |||| 1.6033 |||| 17.2328 
0.0413801  0.150671  0.999144  0.0413801  0.150671  1.06329  |||| 1.21471 |||| 1.29269 
0.0370756  0.999578  0.266049  0.232362  0.999578  7.47465  |||| 1.33063 |||| 33.9686 
0.0330499  0.245638  0.999454  0.488786  0.718462  0.999454  |||| 1.40866 |||| 20.8249 
0.0342557  0.999555  0.814427  0.0342557  1.69811  0.814427  |||| 1.94497 |||| 3.30427 
0.0132338  0.0181266  0.999912  0.188874  0.0181266  1.50602  |||| 1.03737 |||| 14.5616 
0.00901473  1.16011  0.0304373  4.64027  4.27575  4.81157  |||| 1.30881 |||| 597.813 
0.00490297  0.875901  0.999988  0.00490297  1.35088  0.999988  |||| 1.91537 |||| 2.84192 
