2.16845  2.66977  2.16845  2.66977  |||| 15244.2 |||| 15244.2 
1.68812  3.88595  1.68812  3.88595  |||| 6164.54 |||| 6164.54 
1.71249  3.83373  1.71249  3.83373  |||| 526.922 |||| 526.922 
2.21308  2.87063  2.21308  2.87063  |||| 112.718 |||| 112.718 
2.01913  2.99652  2.01913  2.99652  |||| 72.5656 |||| 72.5656 
1.48703  3.97923  1.48703  3.97923  |||| 79.3485 |||| 79.3485 
1.95459  3.15836  1.95459  3.15836  |||| 43.8387 |||| 43.8387 
1.61068  4.0048  1.61068  4.0048  |||| 50.9503 |||| 50.9503 
1.68669  3.82554  1.68669  3.82554  |||| 40.409 |||| 40.409 
2.0569  2.9671  2.0569  2.9671  |||| 23.8042 |||| 23.8042 
1.89231  3.57535  1.89231  3.57535  |||| 28.0165 |||| 28.0165 
1.62469  3.92315  1.62469  3.92315  |||| 28.6551 |||| 28.6551 
1.98154  2.97173  1.98154  2.97173  |||| 17.0462 |||| 17.0462 
2.01176  3.04231  2.01176  3.04231  |||| 16.1653 |||| 16.1653 
2.36739  1.14535  2.36739  1.14535  |||| 1.48516 |||| 1.48516 
2.08676  2.54288  2.08676  2.54288  |||| 10.145 |||| 10.145 
2.18916  3.09077  2.18916  3.09077  |||| 13.1484 |||| 13.1484 
1.46082  4.28891  1.46082  4.28891  |||| 19.8754 |||| 19.8754 
2.18321  2.80497  2.18321  2.80497  |||| 9.85716 |||| 9.85716 
2.31504  2.37768  2.31504  2.37768  |||| 6.90106 |||| 6.90106 
1.37821  3.94012  1.37821  3.94012  |||| 14.8047 |||| 14.8047 
1.79606  3.54874  1.79606  3.54874  |||| 12.0786 |||| 12.0786 
1.51509  3.8944  1.51509  3.8944  |||| 13.1417 |||| 13.1417 
2.03234  3.00851  2.03234  3.00851  |||| 8.4925 |||| 8.4925 
1.97949  3.17648  1.97949  3.17648  |||| 8.84667 |||| 8.84667 
2.34243  2.12662  2.34243  2.12662  |||| 4.09211 |||| 4.09211 
1.82005  3.65454  1.82005  3.65454  |||| 10.0368 |||| 10.0368 
2.08828  3.0533  2.08828  3.0533  |||| 7.3325 |||| 7.3325 
2.06911  3.40442  2.06911  3.40442  |||| 8.35429 |||| 8.35429 
2.01734  3.02514  2.01734  3.02514  |||| 6.69888 |||| 6.69888 
2.02052  3.16521  2.02052  3.16521  |||| 6.94549 |||| 6.94549 
1.89936  3.31211  1.89936  3.31211  |||| 7.19804 |||| 7.19804 
2.40588  1.75676  2.40588  1.75676  |||| 1.96454 |||| 1.96454 
1.62489  3.89614  1.62489  3.89614  |||| 8.55799 |||| 8.55799 
2.07057  3.07418  2.07057  3.07418  |||| 5.81615 |||| 5.81615 
2.05325  2.93511  2.05325  2.93511  |||| 5.23571 |||| 5.23571 
1.50028  4.13521  1.50028  4.13521  |||| 8.49293 |||| 8.49293 
1.6376  3.73728  1.6376  3.73728  |||| 7.15518 |||| 7.15518 
1.84708  3.48401  1.84708  3.48401  |||| 6.27914 |||| 6.27914 
2.60235  1.61482  2.60235  1.61482  |||| 2.47946 |||| 2.47946 
2.2478  2.71369  2.2478  2.71369  |||| 3.99214 |||| 3.99214 
1.84992  3.22587  1.84992  3.22587  |||| 5.16179 |||| 5.16179 
2.07564  2.90263  2.07564  2.90263  |||| 4.25217 |||| 4.25217 
1.53941  3.99256  1.53941  3.99256  |||| 6.72354 |||| 6.72354 
1.47738  4.02326  1.47738  4.02326  |||| 6.63611 |||| 6.63611 
1.35727  3.92863  1.35727  3.92863  |||| 6.27036 |||| 6.27036 
1.32794  4.14786  1.32794  4.14786  |||| 6.61227 |||| 6.61227 
2.04751  2.99405  2.04751  2.99405  |||| 3.98182 |||| 3.98182 
2.30923  2.43114  2.30923  2.43114  |||| 2.70983 |||| 2.70983 
1.45874  4.02978  1.45874  4.02978  |||| 5.95102 |||| 5.95102 
2.11071  2.88758  2.11071  2.88758  |||| 3.52037 |||| 3.52037 
2.27749  2.74516  2.27749  2.74516  |||| 3.16729 |||| 3.16729 
1.80263  3.40613  1.80263  3.40613  |||| 4.38725 |||| 4.38725 
1.93686  3.19539  1.93686  3.19539  |||| 3.90105 |||| 3.90105 
2.26888  2.43506  2.26888  2.43506  |||| 2.57862 |||| 2.57862 
1.50846  3.98384  1.50846  3.98384  |||| 5.19948 |||| 5.19948 
1.97614  3.35185  1.97614  3.35185  |||| 3.96765 |||| 3.96765 
2.11538  2.95343  2.11538  2.95343  |||| 3.19264 |||| 3.19264 
1.94855  3.56001  1.94855  3.56001  |||| 4.18825 |||| 4.18825 
2.01173  2.88182  2.01173  2.88182  |||| 2.95953 |||| 2.95953 
1.59588  3.9935  1.59588  3.9935  |||| 4.77126 |||| 4.77126 
1.80833  3.44557  1.80833  3.44557  |||| 3.78858 |||| 3.78858 
1.63239  3.94745  1.63239  3.94745  |||| 4.53893 |||| 4.53893 
2.27871  2.73951  2.27871  2.73951  |||| 3.24082 |||| 3.24082 
1.92813  3.34594  1.92813  3.34594  |||| 3.45052 |||| 3.45052 
1.84959  3.60767  1.84959  3.60767  |||| 3.80012 |||| 3.80012 
1.79611  3.53507  1.79611  3.53507  |||| 3.63089 |||| 3.63089 
1.87627  3.67646  1.87627  3.67646  |||| 3.787 |||| 3.787 
1.49149  3.96884  1.49149  3.96884  |||| 4.16093 |||| 4.16093 
2.31292  2.65663  2.31292  2.65663  |||| 3.9883 |||| 3.9883 
1.76708  3.62001  1.76708  3.62001  |||| 3.54039 |||| 3.54039 
2.0689  2.95853  2.0689  2.95853  |||| 3.42909 |||| 3.42909 
2.15387  2.56173  2.15387  2.56173  |||| 3.85658 |||| 3.85658 
2.03799  2.92479  2.03799  2.92479  |||| 3.57359 |||| 3.57359 
1.65433  3.68486  1.65433  3.68486  |||| 3.43271 |||| 3.43271 
2.36123  2.56578  2.36123  2.56578  |||| 5.15827 |||| 5.15827 
2.08307  3.22711  2.08307  3.22711  |||| 4.21776 |||| 4.21776 
2.02346  3.08612  2.02346  3.08612  |||| 4.1456 |||| 4.1456 
1.07167  4.4913  1.07167  4.4913  |||| 4.28631 |||| 4.28631 
2.02942  3.34778  2.02942  3.34778  |||| 4.57852 |||| 4.57852 
2.00554  3.42207  2.00554  3.42207  |||| 4.69329 |||| 4.69329 
1.53123  3.91358  1.53123  3.91358  |||| 3.4124 |||| 3.4124 
1.80997  3.46038  1.80997  3.46038  |||| 4.13449 |||| 4.13449 
1.85279  3.64221  1.85279  3.64221  |||| 4.6394 |||| 4.6394 
1.28818  4.1618  1.28818  4.1618  |||| 3.58317 |||| 3.58317 
2.0702  3.17406  2.0702  3.17406  |||| 6.74875 |||| 6.74875 
2.19232  3.14516  2.19232  3.14516  |||| 8.13515 |||| 8.13515 
1.5084  4.13656  1.5084  4.13656  |||| 3.42852 |||| 3.42852 
2.19367  2.58911  2.19367  2.58911  |||| 9.56142 |||| 9.56142 
2.05435  3.45412  2.05435  3.45412  |||| 9.17171 |||| 9.17171 
1.79963  3.36022  1.79963  3.36022  |||| 7.50946 |||| 7.50946 
2.03816  3.02002  2.03816  3.02002  |||| 11.1431 |||| 11.1431 
2.2814  2.38002  2.2814  2.38002  |||| 15.8072 |||| 15.8072 
2.21961  2.30785  2.21961  2.30785  |||| 17.3074 |||| 17.3074 
2.41299  2.24042  2.41299  2.24042  |||| 23.8999 |||| 23.8999 
1.97895  3.4354  1.97895  3.4354  |||| 19.7586 |||| 19.7586 
2.35158  2.26265  2.35158  2.26265  |||| 35.8374 |||| 35.8374 
1.33452  4.08894  1.33452  4.08894  |||| 10.3039 |||| 10.3039 
2.20078  2.39463  2.20078  2.39463  |||| 73.7686 |||| 73.7686 
2.18813  2.72913  2.18813  2.72913  |||| 218.827 |||| 218.827 
2.0025  0.00330939  2.0025  0.00330939  |||| 1.89409 |||| 1.89409 
0.108489  3.99688  0.108489  3.99688  |||| 3.99375 |||| 3.99375 
2.00249  0.0127331  1.9641  1.22427  |||| 1.9038 |||| 239.343 
2.00244  0.032333  1.44268  2.77802  |||| 1.92348 |||| 181.293 
2.00234  0.0523167  1.98387  1.05394  |||| 1.94352 |||| 41.1917 
2.00219  0.0730723  2.0454  0.199784  |||| 1.96392 |||| 5.50629 
2.00197  0.0941588  2.00197  0.0941588  |||| 1.9847 |||| 1.9847 
2.0017  0.115424  1.41111  2.98798  |||| 2.00587 |||| 53.1846 
2.00136  0.137552  1.86922  1.72352  |||| 2.02743 |||| 25.9382 
2.00095  0.159922  2.00093  0.160923  |||| 2.04939 |||| 2.06181 
2.00048  0.182255  2.09613  0.339013  |||| 2.07177 |||| 3.87252 
1.99991  0.206121  1.89784  1.58392  |||| 2.09454 |||| 16.3071 
1.99926  0.229968  1.95402  0.877903  |||| 2.11776 |||| 8.16453 
1.99854  0.254055  2.04708  0.302597  |||| 2.14142 |||| 2.55197 
1.9977  0.27932  1.69355  2.13825  |||| 2.16551 |||| 16.7394 
1.99679  0.304591  1.72632  2.03073  |||| 2.19008 |||| 14.7189 
1.99576  0.330657  2.09382  0.428717  |||| 2.21509 |||| 2.87638 
1.99462  0.357252  2.09003  0.452663  |||| 2.24059 |||| 2.84221 
1.99335  0.384584  1.63637  2.30942  |||| 2.26656 |||| 13.698 
1.99196  0.412558  0.475053  3.88924  |||| 2.29302 |||| 21.7623 
1.99045  0.440876  2.03542  0.572757  |||| 2.32001 |||| 3.01747 
1.98879  0.470023  2.0373  0.518533  |||| 2.34749 |||| 2.59022 
1.98697  0.500002  2.00216  0.92963  |||| 2.37548 |||| 4.42911 
1.98501  0.530398  1.98361  0.550903  |||| 2.40401 |||| 2.49682 
1.98286  0.561643  1.98874  0.567519  |||| 2.43307 |||| 2.45822 
1.98054  0.593607  2.02996  0.643021  |||| 2.46267 |||| 2.66848 
1.97805  0.62606  1.43416  2.79559  |||| 2.49286 |||| 11.1698 
1.97532  0.659674  2.01858  0.702936  |||| 2.52356 |||| 2.68945 
1.97239  0.693974  2.02229  0.743873  |||| 2.55483 |||| 2.73935 
1.96925  0.728797  1.92574  1.10006  |||| 2.58671 |||| 3.90906 
1.96585  0.764786  1.96448  1.17556  |||| 2.61912 |||| 4.03153 
1.96223  0.801164  1.15833  3.40292  |||| 2.65218 |||| 11.2942 
1.95828  0.838983  1.79425  2.21958  |||| 2.68574 |||| 7.12173 
1.95409  0.877215  1.84337  1.833  |||| 2.71996 |||| 5.69293 
1.94957  0.916666  1.67292  2.39639  |||| 2.75472 |||| 7.2166 
1.94479  0.956467  2.04376  1.05544  |||| 2.79016 |||| 3.07839 
1.93959  0.997876  2.03693  0.483699  |||| 2.82607 |||| 2.97631 
1.93405  1.04005  1.42852  2.94663  |||| 2.8626 |||| 8.12572 
1.92814  1.08311  2.05873  1.30666  |||| 2.89973 |||| 3.49987 
1.92182  1.12717  1.73333  2.2475  |||| 2.93749 |||| 5.86528 
1.91511  1.17197  2.02412  1.2069  |||| 2.97575 |||| 3.15529 
1.90794  1.21788  1.95685  0.852235  |||| 3.01461 |||| 3.09654 
1.90028  1.2649  1.22057  3.29802  |||| 3.05398 |||| 7.97283 
1.89207  1.31323  1.53765  2.56633  |||| 3.09379 |||| 6.05286 
1.88341  1.36219  1.97948  1.45826  |||| 3.13423 |||| 3.35537 
1.87413  1.41246  1.94925  1.62466  |||| 3.17507 |||| 3.65309 
1.86429  1.46362  1.15338  3.27387  |||| 3.2164 |||| 7.20297 
1.85387  1.51567  1.85387  1.51567  |||| 3.2582 |||| 3.2582 
1.84274  1.56904  1.29027  3.06298  |||| 3.30029 |||| 6.44872 
1.83094  1.62336  1.83094  1.62336  |||| 3.34278 |||| 3.34278 
1.81851  1.67836  1.91258  1.78467  |||| 3.38565 |||| 3.5998 
1.80519  1.73491  1.83761  1.76733  |||| 3.42858 |||| 3.49406 
1.79118  1.79205  1.78225  2.26352  |||| 3.47183 |||| 4.3865 
1.7763  1.85035  1.7763  1.85035  |||| 3.51513 |||| 3.51513 
1.76057  1.90954  0.771568  3.86744  |||| 3.55864 |||| 7.21338 
1.74402  1.96934  1.865  2.20349  |||| 3.60202 |||| 4.03056 
1.72645  2.03029  1.65205  2.26433  |||| 3.64525 |||| 4.06602 
1.70795  2.09193  1.75592  2.1399  |||| 3.68837 |||| 3.79898 
1.68846  2.15428  1.9235  1.11564  |||| 3.73121 |||| 4.28624 
1.66793  2.2173  1.66793  2.2173  |||| 3.77372 |||| 3.77372 
1.64635  2.28089  2.04663  0.795455  |||| 3.81573 |||| 4.80877 
1.62366  2.345  1.64384  2.62618  |||| 3.8572 |||| 4.32031 
1.59999  2.40919  1.13059  3.30548  |||| 3.89799 |||| 5.34925 
1.57497  2.4742  1.59958  2.56835  |||| 3.93764 |||| 4.08767 
1.54892  2.53911  1.54922  2.53941  |||| 3.97662 |||| 3.97745 
1.52164  2.60421  1.46574  2.72936  |||| 4.01439 |||| 4.2074 
1.4932  2.66919  1.63664  2.81262  |||| 4.05104 |||| 4.47065 
1.46355  2.73405  0.988757  3.48233  |||| 4.08627 |||| 5.20552 
1.43271  2.79857  1.2522  3.23768  |||| 4.12005 |||| 4.7667 
1.40053  2.86294  1.84677  1.54996  |||| 4.15201 |||| 5.58558 
1.36732  2.92638  1.9505  0.9087  |||| 4.18217 |||| 6.1195 
1.3329  2.98916  1.75266  2.14419  |||| 4.21055 |||| 5.65392 
1.29729  3.05112  2.00473  1.63081  |||| 4.23691 |||| 6.75781 
1.26046  3.11218  1.29255  3.18973  |||| 4.26136 |||| 4.3791 
1.22287  3.17154  1.27198  3.22065  |||| 4.28303 |||| 4.47179 
1.18397  3.22996  1.64859  2.2744  |||| 4.30244 |||| 6.16074 
1.14408  3.28688  1.15996  3.26457  |||| 4.31957 |||| 4.38522 
1.10341  3.34196  1.10341  3.34196  |||| 4.33385 |||| 4.33385 
1.06178  3.39539  1.11087  3.44449  |||| 4.34564 |||| 4.56938 
1.01919  3.44711  1.11307  3.54099  |||| 4.35497 |||| 4.80279 
0.976103  3.49655  1.65474  2.25646  |||| 4.36121 |||| 7.77133 
0.932185  3.54407  1.45555  2.75106  |||| 4.36494 |||| 7.13621 
0.887661  3.58942  0.887661  3.58942  |||| 4.36591 |||| 4.36591 
0.843117  3.63202  1.75328  2.06636  |||| 4.36375 |||| 9.7696 
0.79761  3.67281  1.26866  3.22611  |||| 4.35914 |||| 7.33579 
0.752262  3.71079  2.01003  0.812018  |||| 4.35158 |||| 12.8524 
0.706459  3.74653  1.661  2.23802  |||| 4.34146 |||| 11.2707 
0.660521  3.7798  0.775562  3.69161  |||| 4.32882 |||| 5.2305 
0.614363  3.81071  0.663439  3.85979  |||| 4.31379 |||| 4.72984 
0.568326  3.83908  0.568326  3.83908  |||| 4.29627 |||| 4.29627 
0.52258  3.86489  1.26951  3.31768  |||| 4.2763 |||| 11.9777 
0.475238  3.88915  0.475238  3.88915  |||| 4.25509 |||| 4.25509 
0.431976  3.90919  0.967588  3.60455  |||| 4.22976 |||| 11.2266 
0.386078  3.92824  0.386078  3.92824  |||| 4.20395 |||| 4.20395 
0.341424  3.94465  0.390462  3.99369  |||| 4.17587 |||| 5.02573 
0.298453  3.95846  0.397481  4.05749  |||| 4.14569 |||| 6.29539 
0.254837  3.97054  1.81807  2.14525  |||| 4.11434 |||| 47.8705 
0.21236  3.98042  0.260519  4.02858  |||| 4.0814 |||| 5.9628 
0.169968  3.98845  0.207769  4.04026  |||| 4.04727 |||| 6.49172 
0.128102  3.9946  1.99261  1.37084  |||| 4.01194 |||| 369.304 
