1.1398 0.000397476
0.000309759 1.39214
1.00058 0.00530865
1 0.0156335
1 0.0254033
1 0.0360255
1 0.0397405
1 0.0504534
1 0.0619907
1 0.0746512
1 0.0866388
1 0.101808
1 0.117276
1 0.124008
1 0.136758
1 0.150907
1 0.171196
1 0.176103
1 0.201948
1 0.215315
1 0.22604
1 0.23526
1 0.262711
1 0.279583
1 0.287271
1 0.309411
1 0.33104
1 0.344815
1 0.359726
1 0.375654
1 0.39126
0.928243 0.43004
0.923308 0.43004
0.901707 0.43004
0.859939 0.430049
0.839851 0.434612
0.839326 0.452574
0.839326 0.47083
0.839326 0.481613
0.839326 0.500231
0.839326 0.523353
0.839326 0.537239
0.839326 0.58391
0.839326 0.597661
0.839326 0.634557
0.509745 0.65
0.511531 0.65
0.624501 0.65
0.504443 0.65
0.537742 0.65
0.531491 0.65
0.536657 0.65
0.523064 0.65
0.532622 0.65
0.50843 0.65
0.519715 0.65
0.495882 0.65
0.496555 0.65
0.489343 0.662289
0.48933 0.680179
0.48933 0.720736
0.48933 0.754201
0.478184 0.772562
0.469848 0.784233
0.469663 0.817934
0.303155 0.85
0.28744 0.85
0.261037 0.85
0.256671 0.85
0.271445 0.85
0.269672 0.85
0.244589 0.85
0.271194 0.85
0.276277 0.85
0.281428 0.85
0.239058 0.85
0.24485 0.85
0.247582 0.85
0.23672 0.85
0.224551 0.85
0.219709 0.883598
0.219708 0.940177
0.191179 1
0.0436784 1
0.169801 1
0.0220703 1
0.0242184 1
0.0437368 1
0.114612 1
0.0227372 1
0.0317473 1
0.0167121 1
0.00989541 1
0.0370496 1
0.0197978 1
0.0101731 1
0.00848471 1
0.00650308 1
0.0121603 1
0.00375282 1
