2 2.75908e-05
0.00223252 4.00043
1.99999 0.0101228
1.99994 0.0310333
1.99983 0.0522164
1.99966 0.0739668
1.99942 0.0961092
1.99912 0.118705
1.99874 0.141829
1.99829 0.165403
1.99776 0.189514
1.99713 0.214146
1.99642 0.239293
1.99561 0.265019
1.99469 0.291293
1.99366 0.318164
1.99252 0.345614
1.99125 0.373699
1.98985 0.402414
1.98832 0.43177
1.98663 0.461778
1.98478 0.492493
1.98277 0.523906
1.98058 0.556027
1.97821 0.588881
1.97564 0.622491
1.97285 0.656896
1.96984 0.692092
1.96659 0.728075
1.96309 0.7649
1.95933 0.802568
1.95528 0.841154
1.95094 0.880558
1.94628 0.920889
1.94128 0.962153
1.93593 1.00439
1.9302 1.04752
1.92408 1.09165
1.91754 1.13677
1.91055 1.18288
1.9031 1.23001
1.89514 1.2782
1.88667 1.32739
1.87765 1.37757
1.86805 1.42886
1.85784 1.48115
1.84698 1.53449
1.83546 1.58886
1.82322 1.64426
1.81023 1.70067
1.79646 1.75811
1.7819 1.81644
1.76647 1.87574
1.75015 1.93598
1.7329 1.99707
1.71471 2.05892
1.69551 2.12156
1.67528 2.18492
1.65398 2.24888
1.63159 2.31338
1.60806 2.37837
1.58338 2.44372
1.5575 2.50935
1.53043 2.57514
1.50215 2.64089
1.47264 2.70655
1.44187 2.77202
1.40983 2.83717
1.37661 2.90169
1.34214 2.96561
1.30645 3.02866
1.26958 3.09077
1.23151 3.15177
1.19234 3.21146
1.15206 3.26972
1.11083 3.3263
1.06865 3.38114
1.02554 3.43411
0.981571 3.48513
0.936832 3.53405
0.891584 3.58055
0.845621 3.62488
0.799193 3.66678
0.752398 3.70617
0.705255 3.74306
0.657973 3.77735
0.610633 3.80901
0.563229 3.83813
0.515821 3.86469
0.468715 3.88863
0.421773 3.91005
0.375109 3.92903
0.329028 3.94552
0.283338 3.95967
0.238146 3.97156
0.193656 3.98122
0.149501 3.98882
0.106614 3.99432
0.0641963 3.99795
0.0221751 4.0002
