2.09329 0.284723
0.158445 4.09325
2.09278 0.293996
2.09223 0.314774
2.09165 0.335279
2.09099 0.356241
2.09026 0.377687
2.08945 0.39947
2.08857 0.421856
2.0876 0.444612
2.08655 0.467865
2.08541 0.491549
2.08416 0.515841
2.08281 0.540607
2.08136 0.565866
2.07978 0.591739
2.07809 0.618118
2.07626 0.645065
2.0743 0.672654
2.0722 0.700781
2.06994 0.729596
2.06752 0.759026
2.06493 0.789109
2.06216 0.819843
2.0592 0.851283
2.05604 0.883377
2.05267 0.916239
2.04907 0.949786
2.04524 0.984111
2.04115 1.01924
2.03681 1.05512
2.03218 1.09182
2.02726 1.12929
2.02203 1.16765
2.01647 1.20681
2.01056 1.24687
2.00429 1.28778
1.99764 1.32959
1.99058 1.3723
1.98309 1.41593
1.97515 1.46045
1.96674 1.50596
1.95783 1.55235
1.94839 1.59972
1.9384 1.64804
1.92783 1.69727
1.91666 1.74746
1.90485 1.79857
1.89237 1.85065
1.87919 1.9036
1.86529 1.95743
1.85063 2.01218
1.83517 2.06773
1.81889 2.12411
1.80175 2.18127
1.78371 2.23916
1.76476 2.29772
1.74487 2.35689
1.72399 2.41662
1.70211 2.47687
1.67918 2.53752
1.6552 2.59847
1.63015 2.65967
1.604 2.72101
1.57675 2.78237
1.54835 2.84369
1.51886 2.90476
1.48823 2.96552
1.45648 3.02581
1.42359 3.08555
1.38965 3.14453
1.35462 3.20265
1.31855 3.25976
1.28146 3.31574
1.2434 3.37045
1.20441 3.42377
1.16456 3.47553
1.1239 3.52563
1.08249 3.57395
1.04041 3.6204
0.997708 3.66488
0.954509 3.70726
0.910839 3.74754
0.866827 3.78559
0.822532 3.8214
0.778026 3.85493
0.733438 3.88614
0.688791 3.91504
0.644228 3.94161
0.599797 3.96587
0.555575 3.98786
0.511615 4.0076
0.468038 4.02515
0.424848 4.04055
0.382174 4.05387
0.340004 4.06518
0.298413 4.07456
0.257457 4.08207
0.217176 4.08781
0.177574 4.09186
