1.000e+00  1.934e-04  
2.106e-04  9.989e-01  
9.915e-01  5.075e-03  
9.717e-01  1.515e-02  
9.525e-01  2.482e-02  
9.344e-01  3.438e-02  
9.156e-01  4.414e-02  
8.978e-01  5.343e-02  
8.806e-01  6.255e-02  
8.642e-01  7.130e-02  
8.482e-01  8.040e-02  
8.320e-01  8.936e-02  
8.156e-01  9.771e-02  
8.003e-01  1.064e-01  
7.852e-01  1.147e-01  
7.701e-01  1.231e-01  
7.562e-01  1.313e-01  
7.415e-01  1.394e-01  
7.281e-01  1.475e-01  
7.151e-01  1.555e-01  
7.015e-01  1.633e-01  
6.894e-01  1.712e-01  
6.757e-01  1.788e-01  
6.632e-01  1.864e-01  
6.508e-01  1.939e-01  
6.390e-01  2.016e-01  
6.272e-01  2.091e-01  
6.153e-01  2.167e-01  
6.037e-01  2.238e-01  
5.922e-01  2.310e-01  
5.810e-01  2.381e-01  
5.699e-01  2.454e-01  
5.590e-01  2.526e-01  
5.483e-01  2.598e-01  
5.379e-01  2.670e-01  
5.276e-01  2.740e-01  
5.175e-01  2.811e-01  
5.074e-01  2.882e-01  
4.973e-01  2.952e-01  
4.875e-01  3.022e-01  
4.777e-01  3.090e-01  
4.680e-01  3.161e-01  
4.586e-01  3.230e-01  
4.492e-01  3.300e-01  
4.400e-01  3.369e-01  
4.308e-01  3.439e-01  
4.219e-01  3.508e-01  
4.128e-01  3.578e-01  
4.039e-01  3.647e-01  
3.953e-01  3.718e-01  
3.864e-01  3.786e-01  
3.778e-01  3.856e-01  
3.694e-01  3.926e-01  
3.609e-01  3.996e-01  
3.525e-01  4.066e-01  
3.441e-01  4.138e-01  
3.360e-01  4.209e-01  
3.277e-01  4.280e-01  
3.196e-01  4.351e-01  
3.115e-01  4.423e-01  
3.035e-01  4.495e-01  
2.956e-01  4.567e-01  
2.875e-01  4.640e-01  
2.797e-01  4.713e-01  
2.720e-01  4.788e-01  
2.643e-01  4.863e-01  
2.566e-01  4.939e-01  
2.490e-01  5.016e-01  
2.413e-01  5.093e-01  
2.338e-01  5.172e-01  
2.261e-01  5.250e-01  
2.187e-01  5.331e-01  
2.112e-01  5.412e-01  
2.036e-01  5.492e-01  
1.961e-01  5.575e-01  
1.885e-01  5.661e-01  
1.813e-01  5.745e-01  
1.739e-01  5.833e-01  
1.665e-01  5.923e-01  
1.592e-01  6.016e-01  
1.517e-01  6.109e-01  
1.445e-01  6.204e-01  
1.369e-01  6.305e-01  
1.297e-01  6.403e-01  
1.224e-01  6.510e-01  
1.149e-01  6.617e-01  
1.076e-01  6.727e-01  
1.001e-01  6.842e-01  
9.261e-02  6.962e-01  
8.515e-02  7.089e-01  
7.763e-02  7.221e-01  
6.998e-02  7.361e-01  
6.234e-02  7.513e-01  
5.453e-02  7.673e-01  
4.678e-02  7.849e-01  
3.883e-02  8.042e-01  
3.073e-02  8.265e-01  
2.227e-02  8.518e-01  
1.381e-02  8.836e-01  
4.854e-03  9.315e-01  
