1.96013  2.52076  1.74599  6.41076  2.9183  0.0643846  13.5274  11.3523  0.817465  19.9341  14.8538  7.92285  25.4563  22.9145  15.4794  23.2945  20.1729  21.3778  37.6698  30.1147  7.8167  9.64637  13.5994  10.4151  0.980064  0.630189  0.290998  0.801345  0.29183  0.00536538  0.966243  0.709516  0.0454147  0.996706  0.675174  0.330119  0.979087  0.818376  0.515979  0.727954  0.59332  0.593828  0.99131  0.752866  0.186112  0.219236  0.295639  0.216981  
1.40356  0.126745  3.46672  5.55732  3.23041  6.62574  5.76711  12.0775  0.638403  10.436  15.7822  23.343  23.2035  18.009  17.3365  27.1343  16.3983  1.07702  36.1798  17.1142  13.6259  12.2494  25.5284  37.3777  0.701781  0.0316863  0.577787  0.694665  0.323041  0.552145  0.411937  0.754842  0.0354668  0.521799  0.717374  0.972625  0.892442  0.643178  0.577884  0.847946  0.482304  0.0299172  0.9521  0.427856  0.324425  0.278395  0.554965  0.778702  
0.290192  1.42111  1.79559  5.17512  3.16801  7.13578  6.00176  8.67823  13.6246  13.4226  21.5908  21.9742  11.8963  9.5277  13.8747  4.16078  30.9487  11.109  28.7519  4.45064  29.5002  35.5503  26.3767  37.7336  0.145096  0.355279  0.299264  0.646891  0.316801  0.594649  0.428697  0.54239  0.756924  0.671132  0.981398  0.915591  0.45755  0.340275  0.462489  0.130024  0.910256  0.308583  0.75663  0.111266  0.702387  0.80796  0.573406  0.786117  
0.521235  2.42151  5.5958  1.85331  4.24021  7.19117  8.33263  0.908858  3.36251  14.3719  0.651488  14.3957  23.5966  16.4925  18.2817  7.54694  20.4361  19.5048  36.2786  28.3213  40.4156  4.78025  12.4668  25.7262  0.260617  0.605376  0.932634  0.231663  0.424021  0.599264  0.595188  0.0568037  0.186806  0.718597  0.0296131  0.599822  0.90756  0.589017  0.609389  0.235842  0.601062  0.5418  0.9547  0.708033  0.962277  0.108642  0.271017  0.535962  
1.91278  3.56756  1.16687  3.79496  1.27649  2.04575  10.4911  10.5629  14.9235  5.55372  2.52085  6.45954  22.5015  24.8297  21.3317  7.47215  18.556  35.5051  0.095301  26.9125  14.9467  15.227  22.8482  3.11713  0.95639  0.891889  0.194478  0.47437  0.127649  0.170479  0.749364  0.660178  0.829084  0.277686  0.114584  0.269147  0.865442  0.886776  0.711056  0.233505  0.545766  0.986254  0.00250792  0.672813  0.355875  0.346067  0.4967  0.0649403  
0.160761  0.797694  0.392802  3.9128  7.58332  10.3896  8.59656  1.60997  3.15487  5.16371  10.1708  5.83331  18.3587  5.98712  8.70055  9.55955  24.5359  35.3306  11.1374  28.8245  20.1821  39.8741  33.6175  2.11193  0.0803804  0.199423  0.065467  0.489099  0.758332  0.865796  0.61404  0.100623  0.175271  0.258186  0.462308  0.243055  0.706104  0.213826  0.290018  0.298736  0.721644  0.981404  0.293089  0.720612  0.480525  0.906229  0.730814  0.0439986  
1.88913  3.52102  3.60271  0.0204704  0.430537  3.81973  1.87522  11.3504  1.22003  16.7798  1.87075  16.9609  18.4588  17.9109  18.1308  28.5579  11.935  28.1204  22.0358  17.6912  14.255  9.9619  26.5651  13.5803  0.944565  0.880256  0.600452  0.0025588  0.0430537  0.318311  0.133944  0.709398  0.0677794  0.83899  0.0850342  0.706705  0.709953  0.639674  0.604361  0.892435  0.35103  0.781123  0.57989  0.44228  0.339405  0.226407  0.577502  0.282923  
0.52969  1.03832  2.75943  7.11704  3.42227  10.9867  13.92  9.70771  13.3987  15.8864  2.15633  10.2154  16.2035  3.6782  28.3475  26.9801  31.6189  33.9956  32.9807  15.5208  1.11634  42.7312  4.64661  36.549  0.264845  0.259581  0.459905  0.889631  0.342227  0.915557  0.994284  0.606732  0.744375  0.794322  0.0980148  0.42564  0.623211  0.131364  0.944917  0.843128  0.929967  0.944323  0.867913  0.388019  0.0265795  0.971164  0.101013  0.761437  
1.50562  2.27566  4.12386  7.11788  2.11019  2.08162  4.81781  8.30065  4.71557  16.5857  9.69536  17.4123  19.3516  11.5038  29.2284  23.6589  17.0736  31.9262  16.1305  9.96254  22.4216  20.3482  20.5828  46.1486  0.752808  0.568916  0.687311  0.889735  0.211019  0.173468  0.344129  0.51879  0.261976  0.829284  0.440698  0.725513  0.744293  0.410852  0.974281  0.73934  0.502166  0.886839  0.424486  0.249063  0.533849  0.46246  0.447453  0.96143  
0.743857  3.62972  4.65844  5.56601  3.53106  10.3637  7.10421  12.808  3.44647  11.7561  2.62927  12.0303  20.5925  6.66682  18.2726  10.8244  27.8056  29.5918  32.7587  26.5676  33.8286  5.95355  38.5815  3.04412  0.371929  0.907429  0.776407  0.695751  0.353106  0.863644  0.507443  0.800501  0.191471  0.587807  0.119512  0.501264  0.792018  0.238101  0.609086  0.338263  0.817811  0.821993  0.862071  0.66419  0.805442  0.135308  0.838728  0.0634192  
0.603514  0.0820891  0.438301  0.9398  1.11529  4.73286  7.25519  6.72342  13.6139  5.33842  5.29938  0.773921  1.96567  16.1141  1.07996  7.14803  17.3205  13.2166  17.5122  2.06197  21.8191  2.18025  15.5965  13.706  0.301757  0.0205223  0.0730502  0.117475  0.111529  0.394405  0.518228  0.420214  0.756326  0.266921  0.240881  0.0322467  0.0756027  0.575503  0.0359987  0.223376  0.509427  0.367129  0.460847  0.0515491  0.519503  0.0495511  0.339053  0.285542  
0.726407  0.99497  5.89969  2.3676  5.0937  6.02223  7.78257  11.8855  13.8298  19.9621  15.4674  23.6111  20.298  3.76052  20.3841  10.7946  29.753  17.3504  29.8368  33.4081  33.9588  2.4385  16.381  19.5476  0.363204  0.248742  0.983282  0.295951  0.50937  0.501853  0.555898  0.742846  0.76832  0.998106  0.703063  0.983797  0.780691  0.134304  0.67947  0.337332  0.875089  0.481955  0.785179  0.835202  0.808544  0.0554205  0.356109  0.407241  
0.332632  0.273415  1.11376  1.12961  0.671292  2.35439  2.35599  12.4876  14.4614  17.6447  5.87453  21.2553  0.494116  18.8448  25.4249  4.92568  10.0147  19.5714  21.0307  32.0816  40.7265  37.5771  28.4294  19.7421  0.166316  0.0683536  0.185627  0.141202  0.0671292  0.196199  0.168285  0.780474  0.80341  0.882237  0.267024  0.885637  0.0190045  0.673027  0.847495  0.153927  0.29455  0.543649  0.553441  0.802039  0.969678  0.854025  0.618031  0.411294  
1.03682  0.0487195  0.331231  6.12381  6.81588  10.564  10.2991  15.5359  12.1268  15.2694  19.1958  7.51374  20.5201  14.711  24.5826  0.681962  0.178847  18.5164  24.6548  23.8954  37.4621  24.4859  35.457  14.8514  0.518412  0.0121799  0.0552051  0.765476  0.681588  0.880335  0.735651  0.970996  0.673711  0.763472  0.872536  0.313073  0.789234  0.525393  0.819421  0.0213113  0.00526022  0.514346  0.648809  0.597385  0.891954  0.556497  0.770804  0.309404  
0.804811  0.949181  5.32656  3.2389  7.5648  8.89313  10.4661  12.9475  10.6193  14.4621  11.0052  15.9458  7.31429  18.625  0.917679  8.89778  33.0411  30.5531  26.3892  18.3674  33.1268  29.4803  42.5632  13.272  0.402405  0.237295  0.88776  0.404863  0.75648  0.741094  0.747576  0.809219  0.589962  0.723107  0.500235  0.664409  0.281319  0.665177  0.0305893  0.278056  0.971797  0.848697  0.694452  0.459185  0.788732  0.670006  0.925288  0.276501  
1.10979  2.91541  2.47861  2.42165  0.976863  6.78905  13.0012  11.6968  15.4069  13.7001  14.9045  10.4954  9.77609  12.0365  25.3673  3.19827  2.11122  23.1587  1.49088  29.2952  13.6951  5.22206  7.93137  45.8417  0.554897  0.728852  0.413102  0.302706  0.0976863  0.565754  0.928656  0.731047  0.85594  0.685006  0.677476  0.437307  0.376004  0.429877  0.845575  0.0999458  0.0620947  0.643299  0.0392338  0.73238  0.326075  0.118683  0.172421  0.955035  
1.91958  2.79162  1.165  5.3407  7.80461  9.3248  3.76114  8.46123  5.93049  13.6439  15.269  8.7945  13.2077  9.19332  19.5763  25.2083  21.3782  33.4959  7.06633  5.74123  7.32357  8.62318  30.6745  1.24063  0.959788  0.697904  0.194167  0.667587  0.780461  0.777067  0.268653  0.528827  0.329472  0.682195  0.694045  0.366438  0.507988  0.328333  0.652543  0.78776  0.62877  0.930441  0.185956  0.143531  0.174371  0.195981  0.666836  0.0258464  
0.917586  2.81291  1.65071  7.63353  2.31497  0.820003  13.0382  6.18846  9.80165  1.7725  1.26382  11.2675  16.251  14.9681  27.6601  23.6924  14.7581  26.8582  31.3736  2.1505  14.101  26.8315  20.7524  46.1002  0.458793  0.703227  0.275118  0.954191  0.231497  0.0683336  0.931299  0.386779  0.544536  0.0886248  0.0574462  0.469479  0.62504  0.534573  0.922005  0.740389  0.434061  0.746061  0.825621  0.0537626  0.335739  0.609807  0.45114  0.960421  
0.500289  3.71029  3.44616  6.07854  4.20693  4.01675  2.9914  5.06051  9.0191  18.1834  9.05451  21.8086  25.0386  9.02486  19.528  1.18148  1.73879  21.2163  33.4063  0.840808  14.9588  7.56666  22.3833  24.9132  0.250144  0.927573  0.574359  0.759817  0.420693  0.334729  0.213671  0.316282  0.501061  0.90917  0.411568  0.908691  0.963022  0.322316  0.650932  0.0369214  0.051141  0.589341  0.879114  0.0210202  0.356161  0.17197  0.486594  0.519024  
0.861213  3.3805  0.796245  1.3234  1.53472  1.70898  11.2729  14.3025  5.58037  13.3017  17.3128  1.03859  19.113  27.168  7.26552  29.385  26.8988  14.903  0.345569  12.246  17.6074  17.8191  6.83758  33.5023  0.430606  0.845124  0.132707  0.165425  0.153472  0.142415  0.805211  0.893908  0.310021  0.665087  0.786945  0.0432747  0.735115  0.970287  0.242184  0.91828  0.791141  0.413971  0.00909392  0.306149  0.419224  0.404979  0.148643  0.697965  
1.66825  3.21863  2.18562  3.14037  3.41419  1.51687  6.95917  5.7744  12.0261  7.73405  16.8177  0.760697  16.6985  15.177  5.55564  22.8625  15.207  3.01964  25.2377  24.7672  7.97603  20.8871  28.8484  26.1736  0.834123  0.804657  0.364271  0.392546  0.341419  0.126406  0.497084  0.3609  0.668116  0.386703  0.764441  0.0316957  0.642251  0.542036  0.185188  0.714454  0.447263  0.0838789  0.664151  0.619181  0.189906  0.474706  0.627139  0.545283  
0.806639  3.95671  2.80709  7.01049  7.4243  5.50787  7.48852  11.6062  16.7993  7.45978  5.38499  16.4626  3.78254  14.3658  29.6684  25.282  27.7322  9.60838  4.9443  9.53478  5.079  39.6749  3.94271  15.1744  0.403319  0.989177  0.467848  0.876311  0.74243  0.458989  0.534894  0.725386  0.933293  0.372989  0.244772  0.685941  0.145482  0.513064  0.988948  0.790063  0.815652  0.2669  0.130113  0.238369  0.120929  0.901702  0.0857111  0.316133  
0.258407  0.461808  4.10261  5.40045  7.15764  7.92612  6.42592  15.9444  13.0124  19.8165  13.8791  1.49469  11.8972  17.3346  25.0773  16.9832  6.3887  4.18293  26.8429  30.1693  37.6856  30.41  20.1138  14.2884  0.129204  0.115452  0.683768  0.675056  0.715764  0.66051  0.458994  0.996527  0.722914  0.990825  0.630869  0.0622789  0.457585  0.619093  0.835911  0.530724  0.187903  0.116192  0.706392  0.754233  0.897275  0.691136  0.437257  0.297674  
1.13421  2.74764  3.88198  7.3348  8.85168  11.7979  6.64432  7.36785  14.0452  18.957  20.6072  9.71595  13.3053  18.1874  15.2653  14.9835  24.3473  3.1574  2.35321  32.6941  9.16645  39.026  42.111  45.8421  0.567106  0.686911  0.646997  0.91685  0.885168  0.983161  0.474594  0.460491  0.780289  0.94785  0.936689  0.404831  0.511743  0.649549  0.508844  0.468234  0.716096  0.0877057  0.0619266  0.817352  0.218249  0.886954  0.915456  0.955044  
1.02313  1.89188  1.08765  3.40837  3.44975  1.61919  13.1503  4.09427  1.55688  5.32918  4.12391  0.737925  8.24631  1.41226  11.6457  10.0435  19.6566  23.8383  1.46167  26.3676  28.3058  8.04632  12.7869  45.0209  0.511567  0.472969  0.181275  0.426047  0.344975  0.134933  0.939305  0.255892  0.0864932  0.266459  0.187451  0.0307469  0.317166  0.050438  0.38819  0.313859  0.578136  0.662174  0.0384651  0.65919  0.673948  0.182871  0.277977  0.937936  
0.246952  3.99714  5.17418  2.05517  5.85584  7.82602  5.1693  9.31095  3.15384  6.30683  21.6162  17.7731  25.5417  26.8853  27.9183  21.4446  1.51959  18.2883  37.2728  9.88091  21.0494  12.7104  4.71809  14.7463  0.123476  0.999285  0.862363  0.256896  0.585584  0.652169  0.369236  0.581935  0.175213  0.315341  0.982554  0.740546  0.982372  0.960188  0.930609  0.670143  0.0446938  0.508007  0.980863  0.247023  0.501175  0.288872  0.102567  0.307215  
1.59747  1.88529  3.62306  3.20437  9.73881  8.46052  6.44997  4.73319  1.65227  9.82987  5.50294  3.60934  1.7253  8.37439  9.95424  8.57593  1.18614  23.2345  9.74451  36.8181  8.87296  24.7593  17.6694  37.0241  0.798736  0.471323  0.603843  0.400546  0.973881  0.705043  0.460712  0.295825  0.0917929  0.491494  0.250134  0.150389  0.0663577  0.299085  0.331808  0.267998  0.0348865  0.645403  0.256434  0.920453  0.211261  0.562712  0.384117  0.771336  
1.81716  2.52844  4.8996  6.22426  5.87061  7.29491  9.6941  5.17747  7.59576  5.44058  6.40855  5.20993  4.97879  10.161  29.0448  25.5886  12.7036  33.0503  7.23444  30.8568  21.5052  42.2992  9.83483  20.1326  0.908582  0.632111  0.8166  0.778033  0.587061  0.607909  0.692436  0.323592  0.421987  0.272029  0.291298  0.21708  0.191492  0.362894  0.968161  0.799645  0.373636  0.918065  0.19038  0.771419  0.51203  0.961346  0.213801  0.419429  
1.11766  1.44953  5.34905  0.611092  2.05851  7.65675  10.1446  12.4735  0.947737  0.716197  2.55384  13.0895  22.871  7.38166  26.7153  1.90829  12.6743  25.1397  15.9872  2.21721  26.7023  16.8242  20.9755  20.2595  0.558828  0.362384  0.891508  0.0763865  0.205851  0.638062  0.724617  0.779595  0.052652  0.0358099  0.116084  0.545395  0.879655  0.263631  0.890509  0.059634  0.372774  0.698325  0.420717  0.0554303  0.63577  0.382367  0.455989  0.422073  
1.05857  1.22601  5.51609  5.91782  3.28533  6.9031  12.1012  12.6602  6.24229  8.26725  5.6482  10.0516  20.1897  11.6763  5.60721  4.56742  3.91335  17.8106  34.2698  0.447212  33.2925  41.2722  34.7785  9.61867  0.529285  0.306502  0.919348  0.739728  0.328533  0.575258  0.864372  0.791262  0.346794  0.413362  0.256736  0.418817  0.776529  0.41701  0.186907  0.142732  0.115099  0.49474  0.901836  0.0111803  0.792677  0.938005  0.756054  0.200389  
1.80643  3.49093  3.67385  2.94705  9.0586  4.9746  10.0204  3.44362  14.0181  13.5956  13.4616  16.6234  10.0284  16.8194  2.30953  2.78073  13.1936  17.554  8.67537  21.5165  36.1946  22.9764  0.061024  23.8593  0.903217  0.872732  0.612309  0.368382  0.90586  0.41455  0.715744  0.215227  0.778781  0.679782  0.61189  0.692642  0.385706  0.600693  0.0769845  0.0868979  0.388048  0.487612  0.228299  0.537912  0.861775  0.52219  0.00132661  0.497069  
1.82928  2.7542  2.10298  4.46389  2.48213  1.03332  8.80615  2.91836  13.0785  3.55382  17.5687  21.5695  3.20338  5.16017  1.06583  19.0125  0.562279  5.45457  19.8126  3.9627  8.85498  39.5805  37.3837  15.4837  0.914641  0.688551  0.350496  0.557987  0.248213  0.0861099  0.62901  0.182398  0.726585  0.177691  0.798579  0.89873  0.123207  0.184292  0.0355277  0.594141  0.0165376  0.151516  0.521384  0.0990676  0.210833  0.899556  0.812689  0.322578  
1.0688  2.40822  1.0677  7.00561  4.53095  2.21173  10.5881  5.746  14.2613  9.66981  13.9378  17.0715  11.8221  14.2031  29.548  11.6571  22.4972  1.3963  22.3794  22.2817  22.8805  11.7203  9.18393  5.17267  0.534398  0.602055  0.17795  0.875701  0.453095  0.18431  0.756291  0.359125  0.792293  0.483491  0.633535  0.711311  0.454694  0.507253  0.984932  0.364285  0.661681  0.0387862  0.588931  0.557043  0.544775  0.266371  0.199651  0.107764  
0.0300537  1.03912  2.36127  5.73206  1.79951  5.56033  12.384  13.3431  12.313  4.67586  1.01706  9.01144  13.0015  26.3914  11.148  9.03983  10.1703  34.0345  29.1536  27.0445  20.5441  10.8309  36.8991  10.3308  0.0150268  0.259779  0.393546  0.716508  0.179951  0.463361  0.884573  0.833946  0.684057  0.233793  0.0462298  0.375477  0.500058  0.942551  0.371599  0.282495  0.299125  0.945402  0.767199  0.676113  0.489145  0.246156  0.802155  0.215225  
1.23862  2.73046  0.824975  0.765188  6.64306  8.14183  12.1129  5.73448  14.4003  14.0021  12.8564  8.89425  10.1887  27.2114  20.031  30.5932  9.02863  9.63875  15.2871  16.4485  21.8485  5.04162  23.0647  9.32249  0.61931  0.682614  0.137496  0.0956485  0.664306  0.678486  0.865208  0.358405  0.800017  0.700106  0.584384  0.370594  0.391875  0.971836  0.667699  0.956036  0.265548  0.267743  0.402291  0.411212  0.520203  0.114582  0.501407  0.194219  
1.76962  1.31414  0.0732531  6.82872  6.74407  8.9107  13.6509  0.85412  6.71895  19.8276  11.1318  3.00809  5.42304  1.29794  0.247938  27.903  22.8383  16.8347  1.51865  5.38746  22.9674  16.0604  26.2273  39.8184  0.884808  0.328536  0.0122089  0.85359  0.674407  0.742559  0.975068  0.0533825  0.373275  0.991382  0.50599  0.125337  0.208578  0.0463549  0.00826462  0.871969  0.671714  0.467631  0.0399645  0.134686  0.546842  0.365009  0.570159  0.829551  
0.130352  2.84615  5.69271  2.41707  5.40322  5.08666  8.50228  9.32506  13.3196  11.0108  13.1943  8.79907  9.64558  15.3891  10.4313  15.0895  30.2884  28.0921  23.3827  12.9201  41.5545  25.5512  25.8933  36.0214  0.0651761  0.711538  0.948786  0.302133  0.540322  0.423888  0.607306  0.582816  0.739975  0.55054  0.599743  0.366628  0.370984  0.549611  0.347709  0.471547  0.890835  0.780335  0.615334  0.323004  0.989394  0.580709  0.562898  0.750445  
1.43408  1.88425  4.67024  2.79317  2.94559  0.600103  10.7838  3.88924  16.6649  19.7106  14.0768  22.6998  25.1542  1.35783  6.99367  20.3256  3.69883  17.9185  14.4966  12.7153  37.5204  37.3203  8.58247  13.2657  0.71704  0.471063  0.778373  0.349146  0.294559  0.0500086  0.770271  0.243077  0.925827  0.985529  0.639853  0.945825  0.96747  0.0484939  0.233122  0.635174  0.108789  0.497737  0.381489  0.317882  0.893342  0.84819  0.186575  0.276368  
0.44162  3.297  5.73654  3.14918  6.76278  2.54003  8.91763  13.2411  0.522611  10.2908  7.24347  6.57971  2.98938  10.2279  1.41321  30.9016  26.0772  29.7576  28.3176  25.8139  35.0793  26.6866  39.3377  37.8134  0.22081  0.824249  0.95609  0.393648  0.676278  0.211669  0.636974  0.82757  0.0290339  0.51454  0.329249  0.274155  0.114976  0.365282  0.0471069  0.965674  0.766975  0.826599  0.7452  0.645348  0.835221  0.606513  0.855166  0.787779  
0.915314  3.84565  0.267109  1.38263  8.2549  2.55136  2.23158  0.51699  16.4332  1.23869  5.81414  14.4079  11.4933  4.39536  25.6156  20.9978  3.6678  4.10626  37.0495  7.97191  21.8529  31.688  32.83  10.8827  0.457657  0.961414  0.0445182  0.172829  0.82549  0.212613  0.159399  0.0323119  0.912953  0.0619343  0.264279  0.600327  0.442048  0.156977  0.853854  0.656181  0.107876  0.114063  0.974987  0.199298  0.520308  0.720182  0.713697  0.226724  
0.250017  3.40443  2.64467  7.36805  1.4927  6.53521  13.6359  13.1582  15.8688  1.16095  13.2502  6.50887  11.4398  25.8618  16.8469  15.2172  13.3153  16.4687  36.5726  2.56032  17.3949  34.5938  34.5971  32.8995  0.125009  0.851107  0.440779  0.921006  0.14927  0.5446  0.973993  0.822388  0.881598  0.0580477  0.602281  0.271203  0.43999  0.923634  0.561564  0.475537  0.391628  0.457463  0.962437  0.0640081  0.414164  0.786222  0.75211  0.685407  
1.18368  0.181707  4.35616  5.36237  0.070095  10.2271  8.19749  3.99906  0.309676  15.0988  13.7429  11.4578  4.56258  1.46977  5.77925  17.4189  20.0487  18.6404  24.5139  20.7603  0.659023  23.1526  15.9656  11.2524  0.591839  0.0454267  0.726027  0.670296  0.0070095  0.852258  0.585535  0.249941  0.0172042  0.75494  0.624678  0.477407  0.175484  0.0524916  0.192642  0.544341  0.589668  0.517788  0.645103  0.519008  0.015691  0.526195  0.347078  0.234426  
1.84184  0.413712  5.77573  0.804964  0.0801403  8.07579  10.4433  10.0828  0.0217063  9.45761  21.8589  3.02537  4.17363  17.8089  14.9686  12.3365  13.5972  14.9006  14.5634  19.0089  21.6247  24.8752  26.8499  30.8094  0.920921  0.103428  0.962622  0.10062  0.00801403  0.672982  0.745948  0.630173  0.00120591  0.472881  0.993584  0.126057  0.160524  0.636031  0.498953  0.385517  0.399917  0.413906  0.383249  0.475223  0.514873  0.565346  0.583694  0.641863  
1.5313  3.7717  1.30176  7.38436  3.54553  9.54324  12.3168  7.93278  2.56428  6.70471  18.4896  15.4292  25.024  2.5377  16.1756  21.8615  23.4716  0.726063  21.0355  0.385503  22.2647  35.0885  5.88451  47.4101  0.765648  0.942925  0.21696  0.923045  0.354553  0.79527  0.879772  0.495799  0.14246  0.335235  0.840437  0.642883  0.962462  0.090632  0.539185  0.683173  0.69034  0.0201684  0.553566  0.00963758  0.530111  0.797465  0.127924  0.98771  
0.857144  2.86481  5.52869  5.22294  5.32258  3.0672  3.32832  11.7546  10.4637  13.1787  11.1424  12.5183  23.5612  10.8976  14.1156  24.3272  14.5461  33.9735  36.0957  15.1631  21.8719  36.0941  23.9494  38.1436  0.428572  0.716203  0.921449  0.652868  0.532258  0.2556  0.237737  0.734662  0.581314  0.658937  0.506474  0.521596  0.906199  0.3892  0.470521  0.760225  0.427827  0.943708  0.949886  0.379076  0.52076  0.82032  0.52064  0.794659  
0.597048  3.79865  1.8451  2.66163  5.18226  5.18617  11.217  15.8713  12.6574  15.8701  18.2133  23.7035  7.37546  12.4741  29.5348  25.6152  27.8726  32.0043  8.11836  26.1193  4.17561  7.75554  12.7954  29.7973  0.298524  0.949663  0.307517  0.332703  0.518226  0.432181  0.801211  0.991958  0.703188  0.793505  0.827876  0.987647  0.283672  0.445503  0.984494  0.800474  0.819782  0.889009  0.213641  0.652983  0.0994193  0.176262  0.278161  0.620777  
0.268073  2.60959  5.2806  6.41379  3.15817  4.89993  9.13449  0.210766  9.23942  3.96392  1.55105  18.218  14.1686  24.7599  24.4104  6.57992  31.9437  32.5932  34.6171  23.7989  2.08628  0.509928  24.2809  45.1925  0.134037  0.652397  0.8801  0.801724  0.315817  0.408328  0.652464  0.0131729  0.513301  0.198196  0.0705021  0.759082  0.544944  0.884282  0.813679  0.205623  0.939522  0.905368  0.910976  0.594972  0.0496734  0.0115893  0.527846  0.941511  
1.92315  0.272641  0.37296  4.26859  7.40069  2.2179  3.41159  10.9197  17.5053  8.95701  18.2967  17.1588  12.1992  9.55363  11.3808  3.66096  6.21725  15.4552  36.9389  28.9617  12.4587  17.7356  27.3421  27.663  0.961574  0.0681603  0.0621601  0.533574  0.740069  0.184825  0.243685  0.682481  0.972518  0.44785  0.831667  0.71495  0.469202  0.341201  0.379359  0.114405  0.18286  0.429311  0.972076  0.724041  0.296636  0.403081  0.594394  0.576312  
1.58214  0.936241  0.258522  3.04233  2.92461  8.7516  12.5907  6.3726  7.84362  7.25227  15.9151  3.80462  1.56326  0.0513045  24.7781  17.3611  13.2987  19.4771  17.81  12.7834  1.96782  3.10402  35.6137  43.2071  0.791068  0.23406  0.0430869  0.380291  0.292461  0.7293  0.899336  0.398288  0.435757  0.362613  0.723414  0.158526  0.0601254  0.0018323  0.825935  0.542534  0.391137  0.54103  0.468685  0.319584  0.0468529  0.070546  0.77421  0.900149  
1.36447  2.51766  0.955782  5.95989  0.549637  0.844409  4.10665  5.95573  11.7206  4.72014  14.4916  1.43086  20.6  1.46327  9.94626  27.574  7.1558  1.19417  2.07862  1.71541  17.1788  12.129  20.2316  43.652  0.682234  0.629414  0.159297  0.744986  0.0549637  0.0703674  0.293332  0.372233  0.651145  0.236007  0.658707  0.0596194  0.792307  0.0522598  0.331542  0.861688  0.210465  0.0331713  0.0547005  0.0428852  0.409018  0.27566  0.439817  0.909416  
0.757767  2.83894  0.421948  4.13798  5.20491  0.72564  10.132  10.7453  17.1141  12.4917  19.9887  23.1016  9.17976  4.2908  3.67223  20.6571  20.226  2.85323  9.12789  19.2727  29.235  25.8919  34.893  0.3016  0.378883  0.709735  0.0703246  0.517248  0.520491  0.06047  0.723714  0.671583  0.950786  0.624587  0.908578  0.962566  0.353068  0.153243  0.122408  0.645536  0.594883  0.0792565  0.240208  0.481819  0.696071  0.588453  0.758543  0.00628334  
0.620339  0.103429  4.37206  3.45519  3.93791  0.901969  11.0576  11.2168  17.2821  13.1567  19.6921  11.0091  12.8403  26.2013  4.21996  29.3994  30.9264  6.46913  3.20327  21.9666  34.5042  29.8248  38.0044  37.201  0.31017  0.0258572  0.728676  0.431898  0.393791  0.075164  0.789828  0.701051  0.960119  0.657836  0.895094  0.458714  0.49386  0.935761  0.140665  0.918733  0.909601  0.179698  0.0842965  0.549165  0.821528  0.677837  0.826182  0.775022  
0.5904  3.48283  2.32406  2.9086  4.66284  8.35712  13.4948  1.39595  14.8598  13.4242  1.86783  6.96479  2.73421  21.2744  24.4783  10.2991  1.0486  20.6544  19.2471  32.8077  18.3869  39.8623  20.9761  46.9322  0.2952  0.870707  0.387343  0.363575  0.466284  0.696427  0.963911  0.0872468  0.825547  0.671212  0.0849015  0.290199  0.105162  0.7598  0.815942  0.321845  0.0308411  0.573734  0.506502  0.820192  0.437784  0.905961  0.456002  0.977755  
1.74821  3.73308  3.0768  7.7398  6.59412  0.221872  11.5125  0.518319  8.1351  12.086  15.061  4.42763  13.1319  11.021  26.8153  2.59039  4.89406  11.2695  5.6998  6.37745  23.7277  40.1823  19.656  26.3697  0.874105  0.93327  0.512799  0.967475  0.659412  0.0184893  0.822322  0.0323949  0.45195  0.6043  0.684589  0.184485  0.505071  0.393606  0.893843  0.0809495  0.143943  0.313041  0.149995  0.159436  0.564945  0.913234  0.427304  0.549369  
1.45522  2.72902  5.24344  0.830647  9.40524  9.4325  4.36813  15.9458  8.31087  16.1429  0.600024  13.0081  22.9084  26.3496  2.02235  28.6827  29.2228  6.10828  4.37511  3.88116  29.5458  28.4553  10.3663  20.8834  0.727608  0.682255  0.873907  0.103831  0.940524  0.786041  0.312009  0.996612  0.461715  0.807147  0.0272738  0.542005  0.881093  0.941058  0.0674117  0.896336  0.859495  0.169674  0.115134  0.097029  0.703472  0.64671  0.225354  0.435072  
0.600523  2.69622  4.45414  7.3732  3.82403  8.84805  8.43346  2.00085  15.9482  19.6279  8.41006  23.0865  24.74  23.6636  10.6759  2.81412  23.4665  35.255  23.7773  25.4284  7.96136  10.9225  7.21882  38.578  0.300262  0.674055  0.742357  0.921651  0.382403  0.737337  0.60239  0.125053  0.88601  0.981397  0.382275  0.961935  0.95154  0.845129  0.355864  0.0879412  0.69019  0.979307  0.625719  0.635709  0.189556  0.248238  0.156931  0.803709  
1.89722  1.60089  0.92165  1.15318  2.33691  7.81817  11.4632  5.70125  11.431  17.4571  4.84756  19.3254  16.8735  23.1328  23.0099  7.03146  7.68363  21.7578  18.9876  36.768  39.8829  27.5468  5.82335  10.6018  0.948612  0.400223  0.153608  0.144148  0.233691  0.651514  0.818798  0.356328  0.635056  0.872853  0.220344  0.805224  0.648979  0.82617  0.766996  0.219733  0.225989  0.604384  0.499674  0.9192  0.949593  0.626064  0.126595  0.220872  
1.00957  3.9668  1.0987  3.39805  9.60097  3.61118  12.4824  2.06932  7.05337  10.8346  21.4663  6.35259  14.8166  27.3462  14.3553  24.4092  6.98098  25.1887  8.47243  18.3152  18.9746  12.7235  39.9448  41.7123  0.504785  0.9917  0.183117  0.424756  0.960097  0.300932  0.891601  0.129333  0.391854  0.541728  0.975743  0.264691  0.569868  0.976652  0.47851  0.762789  0.205323  0.699685  0.222959  0.457879  0.451775  0.289171  0.868365  0.869007  
1.0708  2.90394  3.27049  7.1377  8.21132  6.99333  6.7107  11.7058  10.3834  1.74517  9.1333  15.4909  8.12317  9.76787  22.4878  30.184  2.70705  28.4511  26.1827  33.0921  38.1653  12.9742  6.81966  37.7909  0.5354  0.725984  0.545082  0.892213  0.821132  0.582778  0.479335  0.731612  0.576857  0.0872587  0.41515  0.645454  0.31243  0.348853  0.749594  0.943251  0.0796191  0.790308  0.689019  0.827301  0.908698  0.294868  0.148254  0.78731  
0.809053  0.403514  5.88286  4.27148  4.06609  0.283102  11.2392  15.5146  6.09085  10.7746  13.5955  4.20273  4.21521  20.0487  17.7112  10.8146  9.7453  25.6076  9.40647  25.1534  38.542  15.1753  16.9052  35.5172  0.404526  0.100878  0.980477  0.533936  0.406609  0.0235919  0.802798  0.96966  0.338381  0.53873  0.617979  0.175114  0.162124  0.716025  0.590374  0.337956  0.286626  0.711322  0.247539  0.628834  0.917666  0.344894  0.367504  0.739941  
1.40495  2.74771  0.634411  3.16505  2.49681  4.49274  8.48113  0.435795  3.07908  17.5099  11.8374  9.97101  23.2458  5.12825  2.38912  17.2517  16.513  24.6485  1.66566  4.60118  27.4993  8.31912  35.7223  30.0169  0.702474  0.686927  0.105735  0.395631  0.249681  0.374395  0.605795  0.0272372  0.17106  0.875495  0.538063  0.415459  0.89407  0.183152  0.0796372  0.539115  0.485677  0.68468  0.0438331  0.115029  0.654745  0.189071  0.776571  0.625352  
0.398055  2.41303  2.58364  0.30736  0.284098  4.24838  8.61577  11.168  11.2076  18.2231  13.9298  17.3706  2.61192  0.547171  3.15099  7.38419  7.24801  8.11627  12.3422  9.15261  32.2072  30.7708  14.5382  13.2591  0.199027  0.603259  0.430607  0.0384199  0.0284098  0.354032  0.615412  0.697999  0.622644  0.911153  0.633174  0.723773  0.100459  0.0195418  0.105033  0.230756  0.213177  0.225452  0.324794  0.228815  0.766838  0.699337  0.316048  0.276231  
1.89795  0.613878  5.84792  7.33178  5.16583  4.64465  1.9857  15.3789  16.3042  8.92859  12.3111  10.9873  24.0515  9.30909  0.26609  8.42989  7.58311  6.48065  35.7766  13.5479  23.6055  14.0432  15.9256  15.9484  0.948977  0.153469  0.974653  0.916472  0.516583  0.387055  0.141836  0.961178  0.905787  0.44643  0.559597  0.457803  0.925058  0.332468  0.00886966  0.263434  0.223033  0.180018  0.941489  0.338698  0.562035  0.319164  0.346208  0.332258  
1.201  0.788253  2.31995  4.73017  6.69042  8.04244  12.8684  8.34683  15.4672  10.9845  20.9944  4.06989  4.41217  21.1019  1.49692  31.9315  22.9012  19.7795  13.5719  11.6154  29.1463  19.9147  29.2063  37.9636  0.600502  0.197063  0.386658  0.591272  0.669042  0.670203  0.919169  0.521677  0.859288  0.549225  0.954291  0.169579  0.169699  0.753638  0.0498975  0.997858  0.673566  0.549431  0.357156  0.290385  0.693961  0.452607  0.63492  0.790908  
1.16374  3.59293  3.95436  6.13019  1.2061  5.38775  2.1658  4.65244  9.93211  8.45067  1.62082  21.3738  15.2934  16.7023  14.6535  30.0011  3.41946  23.6641  0.0314955  1.56827  31.2737  2.8836  14.3025  30.7097  0.581872  0.898232  0.65906  0.766274  0.12061  0.448979  0.1547  0.290778  0.551784  0.422533  0.0736738  0.890574  0.588207  0.596511  0.488451  0.937533  0.100572  0.657337  0.000828829  0.0392067  0.744613  0.0655364  0.310924  0.639785  
0.0784745  1.61263  3.9375  3.74674  1.67099  0.658021  1.77176  13.605  10.5177  8.65227  5.60575  13.111  3.98032  1.49833  16.8299  24.3916  2.1533  14.3212  33.3506  30.515  40.9388  39.4084  6.90695  47.2948  0.0392372  0.403158  0.65625  0.468343  0.167099  0.0548351  0.126554  0.850311  0.584318  0.432613  0.254807  0.546293  0.153089  0.0535116  0.560997  0.762238  0.0633325  0.397812  0.877648  0.762875  0.974734  0.895645  0.150151  0.985309  
1.65516  2.83362  5.20329  1.98725  8.00277  10.4199  4.66454  8.52201  2.46327  0.700825  14.9174  17.704  14.736  26.0432  4.2011  24.8956  11.1131  13.2617  15.0385  20.1911  34.743  42.6443  44.2596  13.2255  0.82758  0.708406  0.867215  0.248406  0.800277  0.868323  0.333181  0.532626  0.136848  0.0350413  0.678062  0.737665  0.566768  0.930115  0.140037  0.777988  0.326855  0.368382  0.39575  0.504778  0.827215  0.969188  0.962165  0.275532  
1.92186  3.79079  3.26694  5.6131  8.79007  1.38168  9.73805  7.56526  12.9464  18.1684  9.51045  8.7424  20.496  20.105  9.33807  0.127799  1.78427  20.1202  24.3054  19.8481  10.0872  39.4214  39.8475  36.4889  0.96093  0.947696  0.544489  0.701637  0.879007  0.11514  0.695575  0.472829  0.719245  0.908422  0.432293  0.364267  0.788307  0.718037  0.311269  0.00399373  0.0524786  0.558895  0.639616  0.496203  0.240171  0.895941  0.866249  0.760185  
0.765417  3.05279  4.70435  4.15768  9.43735  6.09508  2.04486  4.37093  3.79474  0.925855  15.0529  23.9345  15.8668  24.6331  16.4845  29.8405  6.2759  24.0299  16.5198  4.3628  16.0938  21.7572  17.3373  16.4575  0.382709  0.763198  0.784059  0.51971  0.943735  0.507923  0.146061  0.273183  0.210819  0.0462927  0.684222  0.99727  0.61026  0.879754  0.549483  0.932515  0.184585  0.667497  0.434731  0.10907  0.383186  0.494483  0.376898  0.342864  
1.79936  3.13895  3.88843  3.2321  4.8265  2.4437  3.78049  12.1392  1.09361  7.20993  17.9705  7.26308  15.1246  20.4438  19.0807  13.2181  1.65207  15.9846  33.4746  22.0577  17.6758  20.1168  36.3082  0.705522  0.899678  0.784737  0.648071  0.404013  0.48265  0.203641  0.270035  0.758697  0.060756  0.360496  0.816841  0.302628  0.581716  0.730135  0.636024  0.413066  0.0485903  0.444017  0.880911  0.551443  0.420853  0.457201  0.789309  0.0146984  
0.687136  3.76308  3.62456  0.117876  8.82663  1.67451  8.5148  7.18338  5.45794  11.5473  7.29997  1.1725  22.444  5.20677  1.75898  23.2601  1.06521  11.1681  22.3799  31.6025  33.4655  30.1551  29.6902  3.42092  0.343568  0.94077  0.604094  0.0147345  0.882663  0.139542  0.6082  0.448961  0.303219  0.577367  0.331817  0.048854  0.863232  0.185956  0.0586328  0.726879  0.0313296  0.310224  0.588945  0.790062  0.796797  0.685343  0.645439  0.0712692  
0.632792  2.28104  3.20214  4.1717  4.996  0.611769  11.5952  15.9416  5.9229  12.3933  15.6169  5.6734  24.638  25.3318  25.0375  25.0366  18.2285  31.8566  12.3788  18.2691  21.5773  29.589  44.2394  7.40939  0.316396  0.570259  0.53369  0.521463  0.4996  0.0509807  0.828226  0.996349  0.32905  0.619665  0.70986  0.236392  0.947616  0.904708  0.834583  0.782394  0.536132  0.884905  0.325757  0.456727  0.513745  0.672478  0.961726  0.154362  
1.69538  3.45847  1.86568  1.74806  8.71241  10.727  8.61076  4.68559  1.58349  5.54736  14.3445  16.3878  10.169  1.51921  18.1497  11.6533  24.6568  1.32615  26.7747  27.8832  31.1464  9.20567  32.993  35.0685  0.847691  0.864619  0.310946  0.218508  0.871241  0.893919  0.615054  0.29285  0.0879719  0.277368  0.652025  0.682823  0.391116  0.0542576  0.604992  0.364167  0.7252  0.0368374  0.704598  0.697081  0.741581  0.20922  0.717239  0.730594  
1.34556  2.851  2.49801  2.38123  2.64028  1.42373  6.57502  7.37557  5.6368  5.30053  6.88483  23.1085  25.1617  13.4217  27.9608  12.7703  9.03638  17.1729  3.13559  11.4769  16.526  9.52306  30.0955  9.86563  0.672778  0.712749  0.416335  0.297654  0.264028  0.118644  0.469645  0.460973  0.313156  0.265026  0.312947  0.962853  0.967757  0.479347  0.932027  0.399071  0.265776  0.477025  0.0825155  0.286922  0.393476  0.216433  0.65425  0.205534  
0.662701  3.29079  0.560655  0.917483  1.1667  4.90933  13.131  2.75378  7.20384  10.5426  8.14204  2.44305  24.0692  20.8154  4.91585  24.7202  30.8975  33.0277  32.7447  17.8918  25.1521  18.4561  26.8757  6.54075  0.33135  0.822698  0.0934425  0.114685  0.11667  0.409111  0.937927  0.172111  0.400213  0.52713  0.370093  0.101794  0.925739  0.743406  0.163862  0.772505  0.90875  0.917437  0.861703  0.447296  0.59886  0.419457  0.584253  0.136266  
0.222115  1.44191  0.317307  5.04626  9.62555  4.80642  8.81857  15.0274  2.42604  14.859  12.9327  18.3255  6.79497  1.85933  27.1819  6.91665  33.3201  16.8366  2.99407  25.609  7.07081  0.671066  29.4519  8.33856  0.111058  0.360478  0.0528845  0.630782  0.962555  0.400535  0.629898  0.939214  0.13478  0.742949  0.58785  0.763561  0.261345  0.0664045  0.906065  0.216145  0.980002  0.467683  0.0787913  0.640225  0.168353  0.0152515  0.640259  0.17372  
0.237479  0.986535  2.48087  2.92887  9.31266  5.73398  4.37038  15.0956  12.9173  16.8674  13.2623  13.145  8.94058  13.7514  19.7027  11.272  30.8443  6.02321  18.7803  19.577  14.5959  29.6771  18.2513  24.1208  0.118739  0.246634  0.413478  0.366109  0.931266  0.477832  0.31217  0.943476  0.71763  0.84337  0.602833  0.547706  0.343868  0.491121  0.656756  0.35225  0.907186  0.167311  0.49422  0.489424  0.347522  0.674481  0.396768  0.502517  
0.318651  3.90223  5.48254  6.50755  0.137883  9.42754  13.8769  5.60399  15.4919  18.0745  6.52808  12.9045  10.1024  0.457807  29.311  11.4709  31.2952  19.1904  20.2164  38.4698  0.489778  7.08659  39.6788  47.1484  0.159325  0.975556  0.913757  0.813444  0.0137883  0.785629  0.991207  0.35025  0.860662  0.903726  0.296731  0.537688  0.388555  0.0163503  0.977032  0.358467  0.920447  0.533065  0.532012  0.961744  0.0116614  0.161059  0.862583  0.982258  
1.9986  3.58118  5.23478  1.93853  0.217963  6.23887  6.07392  10.2839  0.328149  18.8803  19.742  1.97955  5.1125  6.21832  1.84524  5.73382  7.08608  34.9359  26.611  35.6691  17.417  14.0446  7.557  0.370125  0.999301  0.895295  0.872464  0.242317  0.0217963  0.519906  0.433851  0.642747  0.0182305  0.944015  0.897365  0.0824813  0.196635  0.222083  0.061508  0.179182  0.208414  0.970443  0.700289  0.891727  0.414689  0.319195  0.164283  0.00771094  
0.197623  3.7594  5.83708  4.32248  4.34557  4.95973  13.873  0.801721  11.7363  17.7217  18.7335  18.1661  4.437  14.5007  29.02  27.1421  4.20159  33.1891  17.6722  25.5316  4.2864  2.70474  39.0581  24.5893  0.0988114  0.939849  0.972846  0.54031  0.434557  0.413311  0.990925  0.0501075  0.652017  0.886083  0.851523  0.756922  0.170654  0.517883  0.967334  0.84819  0.123576  0.92192  0.465057  0.638291  0.102057  0.0614714  0.849088  0.512276  
0.940666  2.17159  1.63209  2.91767  7.21342  3.63867  4.58721  14.307  14.5757  15.6866  7.59002  1.04255  12.6172  11.8387  15.6789  21.4377  30.6576  10.9352  29.0484  31.7687  41.3851  24.8203  3.60448  28.8155  0.470333  0.542898  0.272016  0.364709  0.721342  0.303223  0.327658  0.894189  0.809759  0.784332  0.345001  0.0434398  0.485279  0.42281  0.52263  0.669929  0.901695  0.303756  0.764431  0.794218  0.98536  0.564099  0.0783582  0.600322  
1.20912  1.8555  5.69682  2.49894  7.42369  9.55016  5.20725  7.8715  0.965141  14.7015  20.7327  23.932  19.9242  27.2692  0.595699  6.1462  27.5228  22.4465  18.4569  21.9413  9.00114  27.1105  34.6847  7.75869  0.604559  0.463876  0.949469  0.312367  0.742369  0.795847  0.371947  0.491969  0.053619  0.735076  0.942395  0.997169  0.766314  0.9739  0.0198566  0.192069  0.809495  0.623515  0.485709  0.548531  0.214313  0.616147  0.754015  0.161639  
0.487502  2.83495  2.72081  6.148  9.16051  9.28405  10.6784  3.3285  12.4036  15.2088  15.2661  13.6451  23.7056  12.2856  18.3586  10.9434  19.165  29.4135  20.2443  26.8225  40.2372  34.7276  39.3263  37.3169  0.243751  0.708738  0.453469  0.7685  0.916051  0.773671  0.762744  0.208032  0.689087  0.76044  0.693915  0.568547  0.911754  0.438771  0.611954  0.341981  0.563676  0.817041  0.532746  0.670563  0.958029  0.789264  0.854919  0.777436  
1.91604  1.07224  3.582  7.80328  8.78758  2.50704  5.17408  10.6615  3.9346  13.7527  3.83203  21.691  16.3324  4.6843  9.20496  6.51605  2.65623  35.9473  30.2345  24.8765  41.7127  14.2913  35.5147  40.7662  0.958018  0.26806  0.597001  0.97541  0.878758  0.20892  0.369577  0.666344  0.218589  0.687633  0.174183  0.903792  0.62817  0.167296  0.306832  0.203627  0.0781244  0.998535  0.795646  0.621914  0.99316  0.324802  0.772059  0.849295  
0.945854  1.08657  3.30868  7.03472  6.28383  9.81916  3.73739  11.2095  6.06396  3.67626  16.6257  16.2382  0.196496  10.9579  4.76844  30.1329  3.00051  22.6755  31.796  15.9226  37.0089  41.1901  15.1334  32.0436  0.472927  0.271642  0.551447  0.87934  0.628383  0.818263  0.266957  0.700591  0.336887  0.183813  0.755714  0.67659  0.00755752  0.391353  0.158948  0.941653  0.0882503  0.629875  0.836737  0.398066  0.881163  0.936138  0.328987  0.667576  
0.011536  2.58721  3.43131  2.58282  9.03751  7.20483  12.3135  11.2303  7.82663  18.0409  2.38621  4.32496  4.20096  7.8957  13.48  11.6622  21.6889  25.9963  32.2399  3.942  12.3785  34.398  10.2039  20.3613  0.00576802  0.646804  0.571886  0.322852  0.903751  0.600402  0.879533  0.701893  0.434813  0.902046  0.108464  0.180207  0.161575  0.281989  0.449334  0.364444  0.637909  0.722119  0.848417  0.0985501  0.294726  0.781773  0.221824  0.424194  
1.58334  1.13791  5.32309  2.20475  3.52432  3.71153  5.70961  9.03226  1.0392  7.20678  16.1759  15.6136  25.351  8.58102  18.0683  19.524  18.5264  18.0048  28.6686  17.0986  25.7542  41.7275  35.4606  7.14072  0.791671  0.284477  0.887182  0.275594  0.352432  0.309294  0.40783  0.564516  0.0577336  0.360339  0.735266  0.650566  0.975038  0.306465  0.602276  0.610125  0.544894  0.500133  0.754438  0.427464  0.613195  0.948352  0.770882  0.148765  
1.30021  0.208226  2.87009  0.846893  3.07638  6.95293  0.246561  7.1465  10.2115  8.33479  14.887  0.27131  23.7796  20.0883  6.31491  2.66145  5.81726  26.3561  12.7283  14.8012  38.8972  17.2401  35.805  43.2204  0.650105  0.0520566  0.478348  0.105862  0.307638  0.57941  0.0176115  0.446657  0.567304  0.416739  0.676683  0.0113046  0.914601  0.717438  0.210497  0.0831704  0.171096  0.732113  0.334956  0.370031  0.926124  0.39182  0.77837  0.900425  
0.20811  2.29569  1.93854  5.76181  3.49266  4.44763  10.92  1.96559  11.6222  9.1483  6.17396  22.3077  16.1584  15.9108  20.0401  31.9989  7.58064  23.2383  4.16134  24.8619  22.7449  33.5751  2.68929  13.9539  0.104055  0.573923  0.323089  0.720226  0.349266  0.370636  0.780003  0.122849  0.64568  0.457415  0.280634  0.929488  0.621478  0.568241  0.668002  0.999966  0.22296  0.645508  0.109509  0.621549  0.541544  0.763071  0.0584628  0.290707  
0.542683  1.95989  2.41587  7.12096  6.31904  7.28824  4.27493  4.43936  16.2762  19.4765  8.06282  23.8229  11.6483  8.91382  4.77415  26.1139  8.55826  2.24886  31.8243  11.7237  23.9696  26.8785  23.2524  31.9013  0.271341  0.489973  0.402645  0.89012  0.631904  0.607354  0.305352  0.27746  0.904236  0.973826  0.366492  0.992621  0.44801  0.318351  0.159138  0.816058  0.251714  0.0624683  0.837481  0.293093  0.570705  0.610876  0.505488  0.66461  
0.247921  1.75801  3.94639  3.38236  8.43238  10.0397  7.79099  14.1352  3.3673  2.08811  12.1665  16.6388  5.32752  3.41865  10.9955  31.714  21.4327  17.211  2.17265  11.9833  21.3701  34.6345  45.4965  17.7368  0.123961  0.439502  0.657732  0.422795  0.843238  0.836643  0.556499  0.88345  0.187072  0.104406  0.553025  0.693282  0.204905  0.122095  0.366517  0.991064  0.630374  0.478082  0.057175  0.299584  0.508812  0.787148  0.989054  0.369516  
1.76478  3.64601  5.72766  2.807  2.41893  2.45897  2.05583  14.1717  1.99803  11.2186  0.397257  0.759015  14.193  14.097  2.62014  30.8368  29.5137  26.973  13.6025  26.4352  31.0235  9.05904  23.5752  40.3386  0.882389  0.911502  0.954611  0.350875  0.241893  0.204914  0.146845  0.885734  0.111002  0.560928  0.0180571  0.0316256  0.545886  0.503464  0.087338  0.963649  0.868049  0.749249  0.357961  0.660879  0.738654  0.205887  0.512505  0.840387  
1.46736  1.62627  4.21555  0.506355  9.65792  5.74644  7.28702  0.97238  4.94846  10.55  15.0102  5.27631  10.9943  15.5553  17.4675  21.2527  5.77897  24.6671  9.02148  36.2264  26.0554  26.7377  0.855948  35.6056  0.733678  0.406567  0.702592  0.0632944  0.965792  0.47887  0.520502  0.0607737  0.274915  0.527499  0.682282  0.219846  0.422859  0.555547  0.58225  0.664146  0.16997  0.685196  0.237407  0.905659  0.620367  0.607674  0.0186076  0.741782  
1.51348  2.50179  0.78158  7.90002  9.87704  9.76629  10.5528  11.0833  6.80473  3.92419  21.1433  13.4474  21.5956  21.0286  25.2875  8.88056  24.9323  15.6593  35.347  5.64546  22.6948  32.7173  6.35331  25.1227  0.756738  0.625447  0.130263  0.987502  0.987704  0.813858  0.753773  0.692708  0.378041  0.196209  0.96106  0.560308  0.8306  0.751023  0.842916  0.277518  0.733302  0.43498  0.930183  0.141136  0.540353  0.743576  0.138115  0.52339  
0.307574  1.85092  1.05029  1.29117  4.49549  6.73248  12.5196  7.93163  7.59783  16.1029  9.75601  5.79357  22.4301  27.7693  18.7604  5.36762  5.13899  20.5692  30.2144  12.6283  0.750828  13.4625  43.1401  17.8438  0.153787  0.462729  0.175049  0.161397  0.449549  0.56104  0.894258  0.495727  0.422102  0.805145  0.443455  0.241399  0.862695  0.991762  0.625348  0.167738  0.151147  0.571367  0.795116  0.315706  0.0178769  0.305967  0.937829  0.371745  
0.718961  0.7163  1.50681  4.73178  4.18711  6.07882  13.4406  6.59764  1.48045  7.51529  21.1739  4.45495  7.03845  25.9085  0.532449  27.1967  2.17341  25.8816  28.111  17.5463  31.7795  12.6643  22.57  23.5059  0.359481  0.179075  0.251136  0.591473  0.418711  0.506569  0.960045  0.412352  0.0822474  0.375764  0.962451  0.185623  0.27071  0.925303  0.0177483  0.849897  0.0639237  0.718934  0.739762  0.438657  0.756655  0.287825  0.490651  0.489706  
1.79899  3.88132  4.53721  7.06618  5.60503  11.8769  1.56183  0.923753  11.8182  15.8763  4.87858  18.7553  3.32569  21.3898  24.9795  24.143  28.544  29.1985  14.642  4.43817  11.9897  37.9719  40.0325  2.79724  0.899494  0.970331  0.756202  0.883272  0.560503  0.989745  0.111559  0.0577346  0.656569  0.793813  0.221754  0.78147  0.127911  0.763921  0.832649  0.754467  0.839529  0.811069  0.385316  0.110954  0.285469  0.862998  0.870273  0.0582758  
1.02972  2.42143  3.56621  0.580644  4.07299  4.8936  13.5704  1.87177  15.5902  14.8227  2.23128  15.0238  25.3039  15.2045  10.7463  25.7034  33.839  35.4458  22.4048  9.92775  19.2272  20.0339  6.04865  23.6825  0.51486  0.605357  0.594368  0.0725805  0.407299  0.4078  0.969312  0.116986  0.866122  0.741136  0.101422  0.625991  0.973229  0.543019  0.358211  0.803232  0.995263  0.984605  0.589601  0.248194  0.457791  0.455316  0.131492  0.493385  
1.13132  1.36238  2.48265  2.03494  4.07823  3.4708  8.08502  7.70922  3.53575  11.7286  16.0271  7.15557  15.7984  18.5718  4.3636  8.62092  25.7018  14.9645  30.2201  1.62048  19.5359  14.6977  36.7806  9.68283  0.565658  0.340595  0.413774  0.254367  0.407823  0.289234  0.577501  0.481826  0.19643  0.586429  0.728506  0.298149  0.60763  0.663277  0.145453  0.269404  0.755935  0.41568  0.795265  0.0405121  0.465141  0.334038  0.799578  0.201726  
1.16211  2.71283  5.56064  7.88004  6.53858  6.42672  10.1876  6.24303  11.7568  0.796986  0.768189  6.54855  15.3999  27.8811  29.8689  27.5008  19.0984  16.8146  18.9854  17.2725  38.834  3.24118  1.3027  6.85153  0.581053  0.678207  0.926773  0.985004  0.653858  0.53556  0.727682  0.390189  0.653155  0.0398493  0.0349177  0.272856  0.592303  0.995755  0.995631  0.859401  0.561717  0.467071  0.499615  0.431814  0.924618  0.0736633  0.0283196  0.14274  
2  4  6  8  3.50395  4.20145  4.90077  5.59771  6.29809  6.99573  7.7007  8.40336  9.10481  9.80573  10.5442  11.2124  11.9108  12.5977  13.295  14.0006  14.7154  15.4176  16.0975  16.8116  1  1  1  1  0.350395  0.350121  0.350055  0.349857  0.349894  0.349787  0.350032  0.35014  0.350185  0.350205  0.351474  0.350386  0.350318  0.349936  0.349867  0.350016  0.350366  0.350401  0.349945  0.350242  
2  4  6.33753e-19  4.50306e-20  3.5214  4.20185  4.90159  5.59813  6.30225  6.99787  7.71195  8.40475  9.10679  9.81296  10.5167  11.204  11.9317  12.622  13.3019  14.0021  14.7129  15.395  16.095  16.8004  1  1  1.05625e-19  5.62883e-21  0.35214  0.350154  0.350114  0.349883  0.350125  0.349894  0.350543  0.350198  0.350261  0.350463  0.350555  0.350125  0.350933  0.350611  0.350049  0.350052  0.350306  0.349887  0.349891  0.350009  
5.21699e-21  1.98383e-25  0.209236  0.0125435  3.50001  4.20514  4.89996  5.60294  6.30575  6.997  7.69288  8.41134  9.09737  9.79845  10.4989  11.1986  11.8988  12.5995  13.2986  13.9993  14.6875  15.3983  16.1885  16.8015  2.6085e-21  4.95958e-26  0.0348727  0.00156794  0.350001  0.350428  0.349997  0.350184  0.350319  0.34985  0.349676  0.350472  0.349899  0.349945  0.349964  0.349957  0.349966  0.349985  0.349964  0.349983  0.349702  0.349962  0.351925  0.350031  
1.99323  3.98281  5.83326  7.97483  3.50408  4.19795  4.90638  5.60773  6.3  6.99966  7.70643  8.43467  9.09587  9.80057  10.4988  11.1957  11.9103  12.6142  13.3225  13.9876  14.7103  15.396  16.1163  16.7824  0.996616  0.995703  0.97221  0.996853  0.350408  0.349829  0.350455  0.350483  0.35  0.349983  0.350292  0.351444  0.349841  0.35002  0.34996  0.349867  0.350304  0.350393  0.350593  0.349691  0.350246  0.34991  0.350355  0.349633  
2  3.92991  5.80937  7.52112  3.5032  4.19466  4.90654  5.60053  6.3  7.01022  7.7121  8.41862  9.08639  9.80085  10.5004  11.2082  11.8976  12.5974  13.2834  14.0004  14.7165  15.427  16.1279  16.7728  1  0.982477  0.968228  0.940139  0.35032  0.349555  0.350467  0.350033  0.35  0.350511  0.35055  0.350776  0.349476  0.350031  0.350013  0.350258  0.349928  0.349928  0.349563  0.350011  0.350393  0.350613  0.350606  0.349433  
1.8768  3.96875  5.79386  7.9585  3.49746  4.19576  4.90096  5.61275  6.28419  6.98792  7.70588  8.40157  9.11222  9.80014  10.4984  11.198  11.9197  12.597  13.3111  14.0049  14.7358  15.3932  16.1251  16.8197  0.938401  0.992187  0.965644  0.994813  0.349746  0.349647  0.350068  0.350797  0.349122  0.349396  0.350267  0.350065  0.35047  0.350005  0.349948  0.349939  0.35058  0.349918  0.350292  0.350122  0.350852  0.349845  0.350545  0.350411  
1.98488  3.98885  5.00406  8  3.50369  4.20124  4.90221  5.5982  6.29683  7.01362  7.71142  8.43069  9.11447  9.79948  10.5025  11.2047  11.9023  12.5931  13.3256  13.979  14.7049  15.3545  16.0994  16.8042  0.992439  0.997213  0.83401  1  0.350369  0.350103  0.350158  0.349887  0.349824  0.350681  0.350519  0.351279  0.350557  0.349981  0.350083  0.350146  0.350069  0.349809  0.350673  0.349474  0.350116  0.348966  0.349987  0.350088  
1.99554  3.66019  5.51964  7.96585  3.50047  4.20879  4.90973  5.60272  6.30332  6.99837  7.70569  8.41231  9.09149  9.78389  10.4955  11.1824  11.88  12.5917  13.3057  13.9755  14.7133  15.4257  16.1305  16.7949  0.997772  0.915048  0.919941  0.995731  0.350047  0.350733  0.350695  0.35017  0.350185  0.349919  0.350258  0.350513  0.349673  0.349425  0.349849  0.349449  0.349411  0.34977  0.35015  0.349387  0.350318  0.350584  0.350662  0.349895  
1.89102  3.98885  5.0528  8  3.50271  4.20067  4.90776  5.60725  6.29442  7.00644  7.69393  8.43422  9.11447  9.79948  10.539  11.2148  11.9023  12.5928  13.3394  13.9774  14.6959  15.3545  16.0994  16.8052  0.94551  0.997213  0.842134  1  0.350271  0.350056  0.350554  0.350453  0.34969  0.350322  0.349724  0.351426  0.350557  0.349981  0.351299  0.350464  0.350069  0.3498  0.351036  0.349435  0.349903  0.348966  0.349987  0.350109  
1.84926  3.69267  5.97234  7.83071  3.49903  4.20418  4.89805  5.62431  6.30091  6.99934  7.70503  8.4073  9.10111  9.79845  10.5085  11.1918  11.8768  12.5898  13.2986  14.0094  14.6988  15.4381  16.1114  16.8126  0.924631  0.923167  0.995391  0.978839  0.349903  0.350348  0.349861  0.351519  0.35005  0.349967  0.350229  0.350304  0.350043  0.349944  0.350282  0.349743  0.349317  0.349718  0.349963  0.350234  0.349971  0.350866  0.350247  0.350264  
2  4  4.99267  6.91608  3.50272  4.20381  4.89559  5.59948  6.31171  7.00457  7.70433  8.41354  9.09975  9.80511  10.5158  11.1911  11.93  12.5974  13.3188  13.9947  14.7778  15.408  16.0645  16.785  1  1  0.832111  0.86451  0.350272  0.350318  0.349685  0.349967  0.35065  0.350228  0.350197  0.350564  0.34999  0.350182  0.350525  0.349723  0.350883  0.349926  0.350496  0.349866  0.351852  0.350182  0.349228  0.349687  
1.78697  3.96809  5.11077  7.99957  3.4993  4.20171  4.8999  5.59774  6.2877  6.9833  7.72725  8.40908  9.10596  9.81262  10.5374  11.2334  11.9011  12.5976  13.3232  13.9772  14.7038  15.4058  16.0924  16.8252  0.893486  0.992022  0.851795  0.999947  0.34993  0.350143  0.349993  0.349859  0.349317  0.349165  0.351239  0.350378  0.350229  0.350451  0.351247  0.351043  0.350031  0.349934  0.350609  0.349429  0.35009  0.350133  0.349834  0.350524  
1.87653  3.97675  4.65119  7.76902  3.4997  4.20321  4.89996  5.58986  6.31211  6.99813  7.70717  8.3976  9.10225  9.80969  10.4748  11.1967  11.8811  12.6596  13.3017  13.9972  14.7424  15.4603  16.1005  16.8353  0.938264  0.994188  0.775199  0.971128  0.34997  0.350267  0.349997  0.349366  0.350673  0.349907  0.350326  0.3499  0.350086  0.350346  0.34916  0.349896  0.349444  0.351654  0.350044  0.349929  0.35101  0.351371  0.350011  0.350736  
1.72697  3.76328  5.54785  7.99987  3.50114  4.19316  4.9078  5.60341  6.29266  6.99116  7.71544  8.4235  9.09913  9.79803  10.5484  11.2081  11.8763  12.5983  13.3055  13.996  14.6831  15.4034  16.0913  16.8199  0.863486  0.940819  0.924642  0.999984  0.350114  0.34943  0.350557  0.350213  0.349592  0.349558  0.350702  0.350979  0.349967  0.34993  0.351614  0.350254  0.349302  0.349952  0.350144  0.349901  0.349597  0.350078  0.349812  0.350415  
2  3.80168  5.93922  5.22787  3.51827  4.19131  4.90046  5.60703  6.29533  7.00481  7.70819  8.38749  9.10757  9.82283  10.537  11.2126  11.9007  12.6171  13.3001  14.0206  14.7011  15.5173  16.1458  16.8316  1  0.950421  0.989871  0.653484  0.351827  0.349276  0.350033  0.350439  0.34974  0.35024  0.350372  0.349479  0.350291  0.350815  0.351232  0.350395  0.350022  0.350476  0.350002  0.350516  0.350026  0.352665  0.350996  0.350658  
1.72697  3.78661  5.15682  7.99988  3.50058  4.20281  4.91081  5.59884  6.29852  7.00431  7.70065  8.41773  9.11093  9.80258  10.5681  11.2013  11.8787  12.5959  13.3192  14.0008  14.6877  15.4253  16.094  16.8236  0.863486  0.946651  0.85947  0.999985  0.350058  0.350234  0.350772  0.349927  0.349918  0.350216  0.35003  0.350739  0.35042  0.350092  0.352272  0.35004  0.349372  0.349887  0.350506  0.35002  0.349706  0.350575  0.34987  0.350492  
1.75007  3.99328  5.00734  7.07742  3.49721  4.2045  4.89955  5.61143  6.29938  6.98807  7.70332  8.41752  9.0978  9.82031  10.4722  11.2409  11.8977  12.6362  13.3059  14.0074  14.7106  15.3886  16.0372  16.8165  0.875034  0.99832  0.834556  0.884677  0.349721  0.350375  0.349968  0.350715  0.349965  0.349403  0.350151  0.35073  0.349915  0.350725  0.349074  0.351277  0.349932  0.351006  0.350156  0.350185  0.350253  0.349742  0.348635  0.350343  
1.46346  3.95334  5.94237  7.81504  3.49721  4.20061  4.89876  5.61368  6.3  7.00072  7.7148  8.40934  9.10616  9.81511  10.4865  11.2015  11.898  12.6467  13.2961  14.0156  14.7042  15.3997  16.0857  16.8021  0.731728  0.988335  0.990395  0.976879  0.349721  0.350051  0.349911  0.350855  0.35  0.350036  0.350673  0.350389  0.350237  0.35054  0.349549  0.350046  0.349941  0.351298  0.349897  0.35039  0.350099  0.349992  0.349689  0.350044  
2  4  4.36679  5.96895  3.50395  4.20163  4.90077  5.59587  6.29809  6.99047  7.7122  8.41415  9.10481  9.775  10.5421  11.2124  11.9334  12.5962  13.3222  13.9798  14.6945  15.399  16.0822  16.8126  1  1  0.727798  0.746119  0.350395  0.350136  0.350055  0.349742  0.349894  0.349523  0.350555  0.35059  0.350185  0.349107  0.351404  0.350386  0.350982  0.349895  0.350583  0.349494  0.349868  0.349976  0.349613  0.350262  
1.91707  3.41526  5.0102  7.11999  3.49885  4.20411  4.94161  5.60913  6.31472  7.00104  7.70574  8.39531  9.09245  9.83564  10.521  11.2402  11.8769  12.6017  13.3089  13.9968  14.709  15.458  16.096  16.8243  0.958535  0.853816  0.835034  0.889998  0.349885  0.350343  0.352972  0.35057  0.350818  0.350052  0.350261  0.349804  0.34971  0.351273  0.350701  0.351258  0.349321  0.350049  0.350233  0.349919  0.350213  0.351319  0.349914  0.350506  
1.88334  3.82104  4.13837  7.05516  3.50461  4.20354  4.90735  5.60107  6.2963  6.98641  7.69581  8.42399  9.09948  9.85272  10.5227  11.2007  11.8944  12.5302  13.3117  14.0134  14.6992  15.3999  16.1218  16.8194  0.941671  0.95526  0.689728  0.881895  0.350461  0.350295  0.350525  0.350067  0.349794  0.34932  0.34981  0.350999  0.34998  0.351883  0.350756  0.350022  0.349835  0.348061  0.350308  0.350335  0.349981  0.349999  0.350475  0.350404  
1.71941  3.35906  5.18084  8  3.48852  4.203  4.91832  5.59218  6.30384  7.01061  7.70279  8.40117  9.11063  9.81712  10.5154  11.1926  11.9008  12.5909  13.3032  13.964  14.7013  15.4292  16.1345  16.811  0.859706  0.839765  0.863473  1  0.348852  0.35025  0.351308  0.349511  0.350213  0.35053  0.350127  0.350049  0.350409  0.350611  0.350513  0.349768  0.350023  0.349748  0.350083  0.349101  0.350032  0.350664  0.350749  0.350229  
1.91328  3.92735  3.37763  7.24913  3.50301  4.2004  4.89741  5.59659  6.29631  7.02461  7.71686  8.39263  9.13049  9.84125  10.5065  11.2052  11.895  12.6516  13.3207  14.0446  14.6881  15.3937  16.0351  16.7887  0.95664  0.981836  0.562938  0.906141  0.350301  0.350034  0.349815  0.349787  0.349795  0.35123  0.350766  0.349693  0.351173  0.351473  0.350217  0.350162  0.349854  0.351434  0.350545  0.351116  0.349716  0.349857  0.34859  0.349765  
1.61756  3.66871  4.87661  7.57497  3.50374  4.2039  4.91298  5.63928  6.31496  6.99127  7.70573  8.4033  9.11112  9.80289  10.5214  11.1779  11.8987  12.6818  13.2943  14.0605  14.7148  15.428  16.1207  16.7625  0.808782  0.917177  0.812768  0.946871  0.350374  0.350325  0.350927  0.352455  0.350831  0.349563  0.350261  0.350138  0.350428  0.350103  0.350712  0.349308  0.349963  0.352271  0.349849  0.351514  0.350353  0.350636  0.350449  0.349219  
1.80719  3.66276  4.18636  7.00412  3.49318  4.21351  4.89831  5.62757  6.30108  7.01587  7.75476  8.43542  9.09204  9.79507  10.4916  11.2043  11.895  12.5641  13.3587  14.0098  14.71  15.4446  16.1004  16.8286  0.903595  0.91569  0.697727  0.875515  0.349318  0.351126  0.349879  0.351723  0.35006  0.350794  0.352489  0.351476  0.349694  0.349824  0.349721  0.350135  0.349854  0.349002  0.351545  0.350245  0.350238  0.351014  0.350008  0.350596  
1.78697  2.77682  5.58094  7.99957  3.4993  4.20602  4.90738  5.59528  6.2951  6.988  7.73475  8.40065  9.10273  9.78114  10.544  11.2114  11.9021  12.5987  13.3232  13.9772  14.7384  15.4305  16.0924  16.8252  0.893486  0.694206  0.930157  0.999947  0.34993  0.350501  0.350527  0.349705  0.349728  0.3494  0.35158  0.350027  0.350105  0.349326  0.351466  0.350355  0.350061  0.349963  0.350609  0.349429  0.350915  0.350694  0.349834  0.350524  
1.91762  3.99924  4.09217  5.00016  3.50327  4.2076  4.88328  5.59761  6.33144  6.98545  7.7088  8.40118  9.09951  9.82115  10.5304  11.1985  11.8986  12.5942  13.3109  14.0061  14.7034  15.4016  16.1114  16.8197  0.958812  0.999811  0.682029  0.625021  0.350327  0.350634  0.348806  0.349851  0.351746  0.349272  0.3504  0.350049  0.349981  0.350755  0.351013  0.349955  0.349959  0.349839  0.350288  0.350153  0.350081  0.350037  0.350248  0.35041  
1.53513  3.7668  4.68757  7.03059  3.51771  4.20457  4.89811  5.60975  6.29685  7.00024  7.69283  8.39019  9.12198  9.77457  10.5131  11.2046  11.9389  12.6512  13.2839  13.9956  14.7416  15.4606  16.119  16.8092  0.767567  0.9417  0.781262  0.878824  0.351771  0.350381  0.349865  0.350609  0.349825  0.350012  0.349674  0.349591  0.350845  0.349092  0.350436  0.350145  0.351145  0.351423  0.349577  0.34989  0.350991  0.351377  0.350414  0.350192  
1.91328  3.45279  3.46267  7.07683  3.50008  4.19839  4.89293  5.60215  6.29651  7.0418  7.71718  8.40038  9.11724  9.83362  10.4873  11.2073  11.8874  12.6757  13.3062  14.0458  14.699  15.3935  16.0403  16.7706  0.95664  0.863197  0.577112  0.884604  0.350008  0.349866  0.349495  0.350135  0.349806  0.35209  0.350781  0.350016  0.350663  0.351201  0.349576  0.350229  0.349629  0.352103  0.350164  0.351145  0.349976  0.349851  0.348702  0.349386  
1.72697  2.74216  5.18247  7.98506  3.48445  4.21186  4.91472  5.598  6.2985  7.00469  7.70011  8.41265  9.12568  9.81788  10.5695  11.2068  11.8787  12.6119  13.3332  13.994  14.7185  15.4631  16.0977  16.8143  0.863486  0.685539  0.863746  0.998133  0.348445  0.350989  0.351051  0.349875  0.349917  0.350235  0.350005  0.350527  0.350988  0.350639  0.352316  0.350213  0.349373  0.350331  0.350874  0.34985  0.35044  0.351433  0.34995  0.350298  
1.83718  3.85852  3.1732  6.31535  3.49407  4.20596  4.91882  5.60327  6.29855  6.99704  7.69812  8.41359  9.11233  9.84169  10.4963  11.2255  11.8991  12.6301  13.324  13.9963  14.7468  15.387  16.1052  16.8192  0.918588  0.964629  0.528867  0.789418  0.349407  0.350497  0.351345  0.350204  0.34992  0.349852  0.349915  0.350566  0.350474  0.351489  0.349878  0.350798  0.349973  0.350836  0.350631  0.349909  0.351114  0.349705  0.350113  0.350399  
1.41513  3.52762  5.39861  6.53879  3.49151  4.20343  4.91501  5.59938  6.30528  7.00274  7.73433  8.38431  9.11849  9.86521  10.4991  11.1707  11.9115  12.6523  13.3275  13.9947  14.7388  15.3804  16.123  16.7884  0.707567  0.881905  0.899768  0.817349  0.349151  0.350286  0.351072  0.349961  0.350294  0.350137  0.35156  0.349346  0.350711  0.352329  0.34997  0.349084  0.350338  0.351454  0.350724  0.349868  0.350923  0.349555  0.3505  0.349758  
1.60865  3.6702  3.09454  7.96541  3.5031  4.21661  4.91014  5.5764  6.34047  7.01185  7.71048  8.4097  9.10983  9.86244  10.4982  11.2196  11.8932  12.6065  13.2916  13.9938  14.6795  15.422  16.0641  16.8008  0.804323  0.917549  0.515757  0.995676  0.35031  0.351384  0.350724  0.348525  0.352249  0.350592  0.350476  0.350404  0.350378  0.35223  0.349941  0.350613  0.349799  0.350179  0.34978  0.349844  0.349511  0.350499  0.34922  0.350017  
1.15642  3.40808  5.94856  7.82199  3.4944  4.20016  4.90238  5.61482  6.3  7.00072  7.71132  8.39932  9.09283  9.84776  10.4662  11.2015  11.8922  12.6415  13.2878  14.0301  14.7064  15.4062  16.0857  16.8021  0.57821  0.852021  0.991427  0.977748  0.34944  0.350013  0.35017  0.350926  0.35  0.350036  0.350515  0.349972  0.349724  0.351706  0.348875  0.350046  0.34977  0.351153  0.34968  0.350753  0.350152  0.350141  0.349689  0.350044  
2  3.99999  3.24933  4.0821  3.50386  4.19414  4.9044  5.59719  6.30222  6.99806  7.69742  8.42951  9.08239  9.79777  10.5084  11.2048  11.9351  12.6247  13.3014  13.9911  14.7106  15.3826  16.0909  16.785  1  0.999998  0.541555  0.510262  0.350386  0.349512  0.350314  0.349824  0.350123  0.349903  0.349883  0.351229  0.349323  0.34992  0.35028  0.350151  0.351033  0.350687  0.350037  0.349778  0.350252  0.349604  0.349802  0.349687  
1.56481  3.49599  4.81835  5.22075  3.50742  4.16279  4.92459  5.59772  6.29964  6.98397  7.66464  8.39692  9.1542  9.79936  10.4854  11.174  11.8984  12.6478  13.312  13.9694  14.6913  15.4046  16.0858  16.846  0.782406  0.873998  0.803059  0.652594  0.350742  0.346899  0.351756  0.349857  0.34998  0.349199  0.348393  0.349872  0.352085  0.349977  0.349514  0.349186  0.349954  0.351328  0.350315  0.349234  0.349793  0.350105  0.349692  0.350957  
1.72618  3.84773  2.75753  6.1072  3.50869  4.21711  4.90415  5.59921  6.29658  7.03457  7.73464  8.4059  9.13202  9.83966  10.4956  11.2787  11.884  12.6434  13.3389  14.029  14.7253  15.3969  16.1018  16.8378  0.86309  0.961932  0.459588  0.7634  0.350869  0.351426  0.350296  0.34995  0.34981  0.351728  0.351575  0.350246  0.351231  0.351416  0.349853  0.352459  0.349528  0.351204  0.351024  0.350725  0.350604  0.34993  0.35004  0.350787  
1.52576  2.77253  4.39762  7.9325  3.49793  4.21521  4.92187  5.59445  6.30599  7.02442  7.71108  8.38705  9.06278  9.72763  10.5024  11.2107  11.8916  12.6484  13.2966  13.9536  14.7409  15.4205  16.1069  16.7569  0.762879  0.693133  0.732937  0.991562  0.349793  0.351267  0.351562  0.349653  0.350333  0.351221  0.350504  0.34946  0.348568  0.347415  0.350081  0.350333  0.349754  0.351343  0.349912  0.34884  0.350973  0.350467  0.350151  0.349102  
1.88176  3.84704  2.36616  5.38156  3.51007  4.20318  4.90101  5.60074  6.29797  7.00018  7.72119  8.38875  9.1157  9.82994  10.4702  11.2897  11.9062  12.6647  13.3116  14.0226  14.7664  15.3963  16.0974  16.8754  0.940878  0.961759  0.39436  0.672695  0.351007  0.350265  0.350072  0.350046  0.349887  0.350009  0.350963  0.349531  0.350604  0.351069  0.349008  0.352804  0.350181  0.351798  0.350305  0.350565  0.351581  0.349916  0.349944  0.351571  
1.08468  4  3.46935  7.88519  3.52076  4.19599  4.96934  5.59949  6.35397  7.01275  7.72809  8.40474  9.1028  9.86426  10.5046  11.2154  11.909  12.6256  13.2995  14.0448  14.7058  15.401  16.0977  16.7899  0.542342  1  0.578225  0.985649  0.352076  0.349666  0.354953  0.349968  0.352998  0.350637  0.351277  0.350198  0.350108  0.352295  0.350154  0.350481  0.350264  0.35071  0.349986  0.351121  0.350138  0.350022  0.349949  0.34979  
1.43313  3.97528  3.38276  5.35896  3.50633  4.18389  4.92518  5.60816  6.30451  7.00293  7.69819  8.42081  9.10699  9.80159  10.4914  11.1957  11.9118  12.621  13.3312  13.9208  14.6844  15.4265  16.3499  16.8886  0.716565  0.99382  0.563793  0.66987  0.350633  0.348658  0.351798  0.35051  0.350251  0.350146  0.349918  0.350867  0.350269  0.350057  0.349713  0.349867  0.350346  0.350584  0.350821  0.348021  0.349628  0.350602  0.355434  0.351847  
1.19325  2.83749  5.32691  7.65527  3.51235  4.20598  4.89564  5.63726  6.30116  7.02636  7.71326  8.40935  9.09182  9.82321  10.5423  11.2187  11.891  12.6704  13.2918  14.0172  14.7095  15.4469  16.093  16.7949  0.596627  0.709372  0.887819  0.956909  0.351235  0.350499  0.349688  0.352329  0.350064  0.351318  0.350603  0.350389  0.349685  0.350829  0.351411  0.350586  0.349737  0.351956  0.349784  0.350431  0.350227  0.351066  0.349847  0.349893  
1.9517  3.89524  0.709995  7.24913  3.4954  4.20251  4.90051  5.60445  6.2725  7.01768  7.69696  8.40505  9.1372  9.81092  10.4991  11.2104  11.8812  12.6042  13.3354  14.0376  14.695  15.4056  16.1208  16.77  0.975852  0.973809  0.118332  0.906141  0.34954  0.350209  0.350036  0.350278  0.348472  0.350884  0.349862  0.35021  0.351431  0.35039  0.34997  0.350326  0.349447  0.350115  0.350931  0.350939  0.34988  0.350126  0.350452  0.349375  
1.74411  2.51267  3.81565  6.02302  3.50521  4.21112  4.90459  5.60602  6.26859  7.06682  7.68671  8.41457  9.1371  9.83989  10.5015  11.2008  11.895  12.6019  13.3225  14.0348  14.7169  15.4152  16.1353  16.8662  0.872057  0.628167  0.635942  0.752878  0.350521  0.350926  0.350328  0.350376  0.348255  0.353341  0.349396  0.350607  0.351427  0.351425  0.350051  0.350024  0.349853  0.350051  0.350591  0.35087  0.350403  0.350345  0.350767  0.351378  
1.60865  3.67042  2.14304  5.99083  3.50236  4.2168  4.9073  5.6061  6.31534  7.01643  7.72517  8.42048  9.12667  9.84883  10.4968  11.196  11.902  12.5514  13.3528  14.008  14.6739  15.4477  16.1084  16.8  0.804323  0.917604  0.357174  0.748854  0.350236  0.3514  0.350521  0.350381  0.350852  0.350821  0.351144  0.350853  0.351026  0.351744  0.349893  0.349874  0.350059  0.34865  0.35139  0.3502  0.349379  0.351084  0.350182  0.35  
1.15296  2.74879  4.45751  7.92704  3.49618  4.20132  4.92213  5.6037  6.29782  7.00485  7.74155  8.40572  9.14873  9.80496  10.5463  11.1893  11.8722  12.6035  13.338  13.9982  14.6906  15.419  16.1998  16.7931  0.576478  0.687196  0.742918  0.99088  0.349618  0.35011  0.351581  0.350231  0.349879  0.350242  0.351889  0.350239  0.351874  0.350177  0.351542  0.349664  0.349181  0.350098  0.350999  0.349956  0.349775  0.350432  0.35217  0.349857  
1.89104  3.49914  4.07498  1.96672  3.50639  4.1946  4.90573  5.57918  6.29772  6.97193  7.70437  8.40136  9.12271  9.84331  10.5683  11.2581  11.8894  12.5925  13.286  14.1034  14.653  15.4119  16.1278  16.811  0.945518  0.874785  0.679163  0.24584  0.350639  0.34955  0.35041  0.348699  0.349873  0.348597  0.350199  0.350057  0.350873  0.351547  0.352276  0.351815  0.349688  0.349791  0.349632  0.352586  0.348882  0.350272  0.350604  0.35023  
1.02547  3.29596  4.40132  6.05946  3.51159  4.20396  4.90305  5.57661  6.29596  7.00699  7.71189  8.38854  9.13563  9.85578  10.4907  11.1592  11.9145  12.5832  13.3677  14.0572  14.6974  15.4261  16.1055  16.78  0.512733  0.823989  0.733554  0.757433  0.351159  0.35033  0.350218  0.348538  0.349776  0.350349  0.35054  0.349522  0.35137  0.351992  0.349689  0.348725  0.350426  0.349534  0.351781  0.351431  0.349939  0.350594  0.35012  0.349582  
1.86143  2.49587  2.56594  5.67122  3.50777  4.19894  4.91486  5.60749  6.28413  7.05557  7.66515  8.4531  9.10209  9.79729  10.5099  11.2392  11.9201  12.6229  13.3234  13.9935  14.7006  15.4772  16.0711  16.787  0.930717  0.623968  0.427656  0.708903  0.350777  0.349911  0.351062  0.350468  0.349119  0.352779  0.348416  0.352212  0.35008  0.349903  0.350328  0.351224  0.350591  0.350636  0.350616  0.349837  0.350015  0.351755  0.349372  0.34973  
1.14094  2.04806  5.79586  7.5494  3.49061  4.19803  4.90286  5.60677  6.27  6.97488  7.6988  8.40728  9.10297  9.80117  10.5079  11.2021  11.9028  12.6214  13.3095  14.0091  14.6648  15.3898  16.0021  16.8846  0.570472  0.512016  0.965977  0.943675  0.349061  0.349836  0.350204  0.350423  0.348334  0.348744  0.349946  0.350303  0.350114  0.350042  0.350265  0.350066  0.350083  0.350595  0.350249  0.350228  0.349162  0.349769  0.347873  0.351763  
1.92027  3.9978  2.49832  2.11652  3.50088  4.20995  4.90045  5.59913  6.29737  7.01667  7.69004  8.4543  9.12314  9.80006  10.5034  11.2124  11.8986  12.5942  13.3122  14.0079  14.6996  15.388  16.1069  16.8254  0.960137  0.99945  0.416387  0.264565  0.350088  0.350829  0.350032  0.349946  0.349854  0.350833  0.349547  0.352263  0.35089  0.350002  0.350114  0.350389  0.34996  0.349839  0.35032  0.350198  0.349991  0.349727  0.350149  0.350528  
1.44342  2.74631  3.68852  4.4502  3.50022  4.23124  4.90303  5.66544  6.29645  7.02854  7.71336  8.36212  9.08996  9.79324  10.5363  11.1962  11.9125  12.6243  13.2955  14.0242  14.6872  15.3859  16.1835  16.8636  0.721712  0.686577  0.614753  0.556275  0.350022  0.352604  0.350216  0.35409  0.349803  0.351427  0.350607  0.348422  0.349614  0.349759  0.35121  0.34988  0.350367  0.350676  0.349883  0.350605  0.349696  0.34968  0.351815  0.351324  
1.88334  2.98906  3.67655  1.96543  3.50132  4.19712  4.87253  5.60421  6.33603  6.97833  7.73998  8.43117  9.12235  9.82354  10.4974  11.2143  11.8755  12.6341  13.3072  14.0412  14.6669  15.4794  16.1723  16.8073  0.94167  0.747264  0.612758  0.245679  0.350132  0.34976  0.348038  0.350263  0.352001  0.348917  0.351817  0.351299  0.350859  0.350841  0.349912  0.350447  0.34928  0.350947  0.35019  0.351029  0.349213  0.351804  0.351572  0.350151  
0.869524  2.73643  4.45751  6.60652  3.50008  4.1939  4.91909  5.60586  6.30006  7.00288  7.76136  8.38761  9.15685  9.83755  10.4877  11.1793  11.9217  12.5768  13.3302  14.0036  14.6952  15.4806  16.3007  16.7807  0.434762  0.684106  0.742918  0.825815  0.350008  0.349492  0.351363  0.350366  0.350003  0.350144  0.352789  0.349484  0.352187  0.351341  0.34959  0.349354  0.350638  0.349355  0.350796  0.35009  0.349886  0.351833  0.354364  0.349598  
1.79251  3.71478  2.49572  2.11652  3.50017  4.19819  4.90282  5.57938  6.30498  7.0143  7.70488  8.45314  9.11121  9.81638  10.5049  11.2185  11.8709  12.6349  13.2856  14.005  14.7431  15.4435  16.0985  16.8923  0.896254  0.928694  0.415953  0.264565  0.350017  0.34985  0.350201  0.348711  0.350277  0.350715  0.350222  0.352214  0.350431  0.350585  0.350163  0.350578  0.349144  0.350969  0.349621  0.350125  0.351025  0.350988  0.349968  0.351922  
1.09255  2.59192  4.07627  4.83429  3.50467  4.20976  4.92747  5.57866  6.32156  6.9971  7.71127  8.38446  9.08265  9.81187  10.5315  11.2112  11.903  12.6057  13.2987  13.9703  14.6685  15.4911  16.1609  16.7216  0.546274  0.647979  0.679378  0.604286  0.350467  0.350813  0.351962  0.348666  0.351198  0.349855  0.350512  0.349353  0.349333  0.350424  0.351048  0.350351  0.350088  0.350159  0.349966  0.349259  0.349251  0.352071  0.351324  0.348366  
1.48194  3.03224  3.43173  2.49994  3.51549  4.19636  4.90082  5.59103  6.31074  6.99845  7.69788  8.40278  9.09422  9.83039  10.4998  11.2691  11.8704  12.6112  13.3122  14.044  14.6858  15.4019  16.2133  16.8193  0.740972  0.758061  0.571955  0.312492  0.351549  0.349697  0.350058  0.349439  0.350596  0.349923  0.349904  0.350116  0.349778  0.351085  0.349992  0.352159  0.349129  0.35031  0.350321  0.351099  0.349661  0.350044  0.352463  0.350402  
0.947204  1.7344  5.4244  7.1901  3.50619  4.2019  4.90365  5.62939  6.30104  6.99591  7.72682  8.47474  9.06294  9.79162  10.5409  11.2034  11.9109  12.6064  13.2487  14.0615  14.7826  15.4436  16.0942  16.7804  0.473602  0.4336  0.904067  0.898763  0.350619  0.350159  0.350261  0.351837  0.350058  0.349796  0.351219  0.353114  0.348575  0.349701  0.351362  0.350106  0.350319  0.350178  0.34865  0.351537  0.351967  0.350992  0.349873  0.349592  
1.79622  3.97925  1.0223  3.10416  3.50978  4.20673  4.89342  5.60694  6.3055  7.0238  7.69792  8.42125  9.09274  9.81154  10.561  11.2062  11.8858  12.6584  13.3192  13.9392  14.7029  15.4124  16.0795  16.7934  0.898112  0.994813  0.170383  0.38802  0.350978  0.350561  0.34953  0.350434  0.350305  0.35119  0.349905  0.350886  0.349721  0.350412  0.352033  0.350193  0.349583  0.351622  0.350507  0.34848  0.350069  0.350282  0.349555  0.349863  
1.10073  2.58188  2.37057  5.6441  3.49551  4.23832  4.9102  5.61197  6.31554  6.94142  7.67765  8.42108  9.09388  9.80518  10.5763  11.1868  11.8912  12.5891  13.3056  14.0096  14.6883  15.4025  16.1537  16.795  0.550364  0.64547  0.395095  0.705512  0.349551  0.353193  0.350728  0.350748  0.350863  0.347071  0.348984  0.350878  0.349764  0.350185  0.352542  0.349587  0.349741  0.349697  0.350146  0.35024  0.349721  0.350057  0.351168  0.349896  
1.88076  2.43784  1.95154  3.0533  3.5068  4.22627  4.91552  5.66662  6.32087  6.99192  7.72377  8.39616  9.18255  9.80125  10.5134  11.1848  11.8873  12.8246  13.315  14.0431  14.7598  15.3393  16.1221  16.8815  0.940378  0.609459  0.325257  0.381662  0.35068  0.35219  0.351109  0.354164  0.351159  0.349596  0.35108  0.34984  0.353175  0.350045  0.350447  0.349524  0.349627  0.35624  0.350395  0.351077  0.351423  0.348622  0.350481  0.351698  
1.1195  1.19605  3.75426  7.97885  3.50694  4.23972  4.94141  5.64208  6.31239  7.00039  7.68957  8.41493  9.07658  9.80528  10.501  11.2241  11.8977  12.6275  13.3333  13.9596  14.7951  15.5665  16.15  16.8682  0.559751  0.299013  0.62571  0.997357  0.350694  0.35331  0.352958  0.35263  0.350688  0.35002  0.349526  0.350622  0.349099  0.350189  0.350034  0.350752  0.349931  0.350763  0.350877  0.348991  0.352265  0.353785  0.351088  0.351422  
1.47779  3.96917  1.0223  3.10416  3.50772  4.1998  4.889  5.58876  6.31388  7.04527  7.74438  8.40095  9.10121  9.79592  10.4843  11.2284  11.8856  12.6853  13.2857  13.9877  14.7512  15.3953  16.1311  16.7517  0.738896  0.992292  0.170383  0.38802  0.350772  0.349984  0.349214  0.349298  0.350771  0.352263  0.352017  0.35004  0.350046  0.349854  0.349478  0.350888  0.349577  0.35237  0.349623  0.349692  0.351219  0.349893  0.350675  0.348993  
1.33447  1.1288  2.56594  6.70349  3.49635  4.20451  4.90298  5.6087  6.27546  7.01397  7.69234  8.3858  9.08323  9.79812  10.5421  11.1905  11.8992  12.5389  13.2571  13.9404  14.7303  15.4542  16.0733  16.8363  0.667236  0.2822  0.427656  0.837937  0.349635  0.350376  0.350213  0.350544  0.348637  0.350699  0.349652  0.349408  0.349355  0.349933  0.351403  0.349704  0.349976  0.348303  0.348872  0.34851  0.350722  0.351231  0.349419  0.350757  
0.871906  3.63613  1.78706  3.65788  3.49545  4.22432  4.89969  5.5605  6.30371  6.99447  7.70378  8.38186  9.12575  9.78866  10.4986  11.1621  11.9074  12.6233  13.3302  14.061  14.6947  15.4059  16.1156  16.8535  0.435953  0.909032  0.297844  0.457234  0.349545  0.352026  0.349978  0.347531  0.350206  0.349723  0.350172  0.349244  0.350991  0.349595  0.349952  0.348814  0.350218  0.350648  0.350794  0.351526  0.349874  0.350133  0.350338  0.351115  
0.621311  1.43806  5.99095  7.69525  3.50439  4.20548  4.90713  5.60609  6.30679  7.00518  7.71104  8.41157  9.09137  9.76793  10.5181  11.2155  11.9039  12.611  13.2813  13.994  14.8173  15.4474  16.1384  16.769  0.310655  0.359515  0.998491  0.961906  0.350439  0.350457  0.350509  0.350381  0.350377  0.350259  0.350502  0.350482  0.349668  0.348855  0.350604  0.350486  0.350113  0.350307  0.349508  0.34985  0.352793  0.351078  0.350835  0.349354  
1.99999  4  0.780811  1.60749  3.4969  4.20305  4.90114  5.60762  6.30222  7.01532  7.6908  8.40492  9.10435  9.85046  10.626  11.2005  11.9026  12.6187  13.3674  14.0107  14.7267  15.4124  16.09  16.793  0.999997  1  0.130135  0.200936  0.34969  0.350254  0.350082  0.350476  0.350123  0.350766  0.349582  0.350205  0.350167  0.351802  0.354199  0.350015  0.350076  0.350519  0.351774  0.350266  0.350636  0.350283  0.349783  0.349854  
1.56481  1.77344  2.01803  2.85271  3.51064  4.20314  4.90273  5.59191  6.29784  6.96916  7.67849  8.38801  9.10312  9.73874  10.5019  11.1661  11.8893  12.633  13.3172  13.9651  14.7185  15.3919  16.154  16.7189  0.782406  0.44336  0.336338  0.356588  0.351064  0.350261  0.350195  0.349494  0.34988  0.348458  0.349022  0.3495  0.35012  0.347812  0.350062  0.34894  0.349684  0.350916  0.350453  0.349129  0.35044  0.349815  0.351173  0.34831  
1.8884  2.8283  1.04457  2.01692  3.50141  4.20308  4.9321  5.57971  6.28743  6.99701  7.71672  8.43973  9.15202  9.76781  10.5716  11.1878  11.9813  12.5563  13.2947  14.042  14.7203  15.3902  16.1151  16.8821  0.944201  0.707076  0.174096  0.252115  0.350141  0.350256  0.352293  0.348732  0.349302  0.349851  0.35076  0.351655  0.352001  0.34885  0.352385  0.349617  0.352391  0.348786  0.349859  0.351051  0.350483  0.349777  0.350328  0.351711  
0.670244  1.73068  1.42814  7.96541  3.50192  4.21904  4.91045  5.56931  6.34047  7.01279  7.70449  8.41295  9.11742  9.8599  10.5025  11.2144  11.8825  12.6019  13.2998  13.999  14.6648  15.4206  16.0735  16.8128  0.335122  0.432669  0.238024  0.995676  0.350192  0.351587  0.350746  0.348082  0.352249  0.35064  0.350204  0.350539  0.35067  0.352139  0.350083  0.35045  0.349484  0.350052  0.349996  0.349976  0.349161  0.350467  0.349423  0.350266  
1.94709  3.43374  2.00475  0.18564  3.51285  4.20125  4.8856  5.64891  6.31013  6.96706  7.71683  8.40263  9.08854  9.79908  10.498  11.1932  11.8768  12.6376  13.3164  14.0219  14.6554  15.3969  16.1007  16.8981  0.973545  0.858435  0.334125  0.023205  0.351285  0.350104  0.348971  0.353057  0.350563  0.348353  0.350765  0.35011  0.349559  0.349967  0.349933  0.349789  0.349317  0.351044  0.350433  0.350548  0.348938  0.34993  0.350016  0.352045  
0.706675  2.3254  4.06534  1.17384  3.51261  4.2013  4.91512  5.59354  6.29091  7.03417  7.69665  8.41574  9.13603  9.8077  10.5355  11.353  11.9084  12.8292  13.32  14.0147  14.6451  15.4496  16.1433  16.7426  0.353337  0.581351  0.677557  0.14673  0.351261  0.350108  0.35108  0.349596  0.349495  0.351708  0.349848  0.350656  0.351386  0.350275  0.351183  0.354782  0.350247  0.356367  0.350526  0.350367  0.348693  0.351128  0.350942  0.348804  
1.47998  2.65879  0.995283  2.11652  3.48332  4.24625  4.88876  5.60569  6.30235  7.01592  7.69172  8.40332  9.10895  9.76835  10.5099  11.1961  11.8758  12.675  13.264  13.9808  14.7414  15.4232  16.2482  16.7672  0.739992  0.664698  0.16588  0.264565  0.348332  0.353854  0.349197  0.350356  0.350131  0.350796  0.349624  0.350138  0.350344  0.34887  0.350329  0.349879  0.349289  0.352082  0.349053  0.34952  0.350985  0.350526  0.353222  0.349316  
0.42498  1.2344  3.3194  7.40117  3.49909  4.20468  4.91155  5.60194  6.30177  6.97996  7.69134  8.35792  9.09912  9.72215  10.4741  11.1293  11.9256  12.5955  13.3064  14.0775  14.704  15.3886  16.1015  16.8156  0.21249  0.3086  0.553233  0.925146  0.349909  0.35039  0.350825  0.350121  0.350098  0.348998  0.349607  0.348247  0.349966  0.34722  0.349136  0.347791  0.350752  0.349875  0.350169  0.351939  0.350096  0.349741  0.350033  0.350324  
1.88481  3.89473  0.613299  0.96086  3.51934  4.20389  4.91659  5.59744  6.29772  6.9981  7.71281  8.40028  9.11877  9.83493  10.514  11.1895  11.8831  12.6086  13.3048  13.9798  14.6959  15.4249  16.1496  16.801  0.942404  0.973684  0.102217  0.120107  0.351934  0.350325  0.351185  0.34984  0.349873  0.349905  0.350582  0.350012  0.350722  0.351247  0.350467  0.349672  0.349502  0.350239  0.350128  0.349494  0.349901  0.350566  0.351078  0.350021  
0.640755  2.74632  2.45671  1.18985  3.51085  4.2124  4.91072  5.61122  6.26988  6.98154  7.67537  8.42003  9.14185  9.77444  10.5087  11.2573  12.054  12.6068  13.3074  14.2028  14.5913  15.2939  16.1382  16.8127  0.320377  0.686581  0.409452  0.148731  0.351085  0.351033  0.350765  0.350701  0.348327  0.349077  0.34888  0.350835  0.35161  0.349087  0.350292  0.351792  0.354529  0.35019  0.350196  0.35507  0.347411  0.347588  0.350831  0.350264  
1.76602  2.49586  0.114833  2.68651  3.51086  4.17815  4.92023  5.60333  6.28039  7.00996  7.69344  8.42483  9.10572  9.81333  10.488  11.1887  11.919  12.5605  13.258  13.9867  14.7005  15.3785  16.0614  16.843  0.88301  0.623964  0.0191388  0.335814  0.351086  0.348179  0.351445  0.350208  0.34891  0.350498  0.349702  0.351035  0.35022  0.350476  0.349601  0.349645  0.350558  0.348902  0.348894  0.349669  0.350012  0.349512  0.349162  0.350896  
0.619112  0.678631  3.33232  4.1053  3.501  4.18842  4.90473  5.64365  6.34729  7.02891  7.70676  8.392  9.09328  9.89012  10.5245  11.2272  11.8434  12.5081  13.2781  13.9939  14.8407  15.402  16.0232  16.8475  0.309556  0.169658  0.555387  0.513162  0.3501  0.349035  0.350338  0.352728  0.352627  0.351446  0.350307  0.349667  0.349742  0.353219  0.350817  0.350851  0.348334  0.347446  0.349423  0.349846  0.35335  0.350045  0.348331  0.35099  
1.5759  3.79051  1.04604e-18  2.24539  3.49927  4.20099  4.92835  5.59613  6.31803  6.99425  7.7019  8.46703  9.11159  9.84169  10.4774  11.4544  11.8779  12.5915  13.2807  14.0293  14.6864  15.375  16.104  16.7987  0.78795  0.947627  1.7434e-19  0.280674  0.349927  0.350083  0.352025  0.349758  0.351002  0.349712  0.350086  0.352793  0.350446  0.351489  0.349245  0.357951  0.349349  0.349765  0.349493  0.350732  0.349676  0.349431  0.350086  0.349974  
0.671781  1.19306  1.96956  2.33908  3.50704  4.20327  4.8982  5.59987  6.35417  6.95919  7.69261  8.46452  9.16931  9.78324  10.4603  11.187  11.8858  12.5973  13.2809  14.104  14.7145  15.3685  15.9553  16.754  0.335891  0.298266  0.32826  0.292385  0.350704  0.350273  0.349871  0.349992  0.353009  0.34796  0.349664  0.352688  0.352666  0.349402  0.348677  0.349594  0.349581  0.349926  0.349497  0.3526  0.350346  0.349285  0.346855  0.349041  
1.10073  2.66321  0.301935  2.12163  3.50246  4.24034  4.9083  5.62564  6.33133  7.01614  7.69689  8.42339  9.11842  9.8112  10.5825  11.2202  11.9437  12.6025  13.3257  13.9941  14.6646  15.4737  16.1519  16.8091  0.550364  0.665802  0.0503224  0.265204  0.350246  0.353362  0.350593  0.351602  0.35174  0.350807  0.349858  0.350974  0.350709  0.3504  0.35275  0.35063  0.351286  0.350069  0.350676  0.349851  0.349157  0.351674  0.351129  0.35019  
0.603854  0.0692565  3.7562  7.98067  3.5156  4.19713  4.92044  5.61358  6.29844  7.00622  7.70218  8.43988  9.10416  9.83473  10.4804  11.2254  11.9333  12.601  13.2627  14.0175  14.6844  15.5197  16.1481  16.7971  0.301927  0.0173141  0.626034  0.997584  0.35156  0.349761  0.35146  0.350849  0.349913  0.350311  0.350099  0.351662  0.35016  0.351241  0.349346  0.350794  0.35098  0.350029  0.349019  0.350437  0.349629  0.35272  0.351047  0.34994  
1.99985  3.82059  0.103533  0.880837  3.50981  4.20353  4.88325  5.59544  6.31867  6.99429  7.6969  8.41979  9.09099  9.82931  10.5019  11.2086  11.9159  12.6094  13.2998  14.0048  14.7326  15.404  16.1186  16.8135  0.999923  0.955147  0.0172555  0.110105  0.350981  0.350294  0.348803  0.349715  0.351037  0.349714  0.349859  0.350825  0.349653  0.351047  0.350063  0.350268  0.350469  0.350262  0.349994  0.35012  0.350777  0.350091  0.350405  0.35028  
0.822509  2.17191  0.50457  1.66202  3.49988  4.20138  4.90925  5.58145  6.32179  7.04522  7.73126  8.38278  9.14508  9.81336  10.3995  11.1891  11.8153  12.593  13.3804  14.009  14.6766  15.377  16.0828  16.8609  0.411255  0.542978  0.084095  0.207753  0.349988  0.350115  0.350661  0.348841  0.351211  0.352261  0.351421  0.349283  0.351734  0.350477  0.346649  0.349659  0.347508  0.349805  0.352116  0.350224  0.349443  0.349478  0.349626  0.351269  
1.52143  3.10773  0.163464  1.0242  3.50103  4.25022  4.87418  5.60702  6.30063  7.01525  7.70721  8.39905  9.15175  9.83727  10.4793  11.1883  11.8802  12.6845  13.281  14.0171  14.7079  15.4974  16.2283  16.7861  0.760714  0.776934  0.0272439  0.128025  0.350103  0.354185  0.348156  0.350439  0.350035  0.350762  0.350328  0.34996  0.35199  0.351331  0.349309  0.349635  0.349419  0.352346  0.349501  0.350428  0.350187  0.352213  0.352789  0.34971  
0.236183  0.977808  1.39467  3.01359  3.50887  4.27906  4.92987  5.6694  6.29048  6.99073  7.75549  8.41864  9.07427  9.80113  10.5023  11.1894  11.9296  12.6098  13.3033  13.8424  14.6521  15.4663  16.0945  16.7147  0.118092  0.244452  0.232445  0.376699  0.350887  0.356589  0.352133  0.354338  0.349471  0.349537  0.352522  0.350777  0.34901  0.35004  0.350076  0.349667  0.350871  0.350272  0.350086  0.346061  0.348859  0.351508  0.349881  0.348223  
1.63802  3.82059  0.00669175  0.959848  3.49823  4.2021  4.90316  5.61545  6.28668  6.98763  7.71569  8.42346  9.12018  9.81772  10.5177  11.254  11.8993  12.5829  13.329  14.0099  14.7078  15.4  16.2453  16.7936  0.819009  0.955147  0.00111529  0.119981  0.349823  0.350175  0.350225  0.350965  0.34926  0.349381  0.350713  0.350978  0.350776  0.350633  0.350589  0.351688  0.349978  0.349524  0.350762  0.350247  0.350185  0.35  0.353159  0.349866  
0.430469  1.51549  0.50457  1.66202  3.48797  4.21859  4.90606  5.58872  6.3307  7.01689  7.71368  8.39318  9.13263  9.79849  10.4306  11.1877  11.8153  12.593  13.3807  14.0239  14.6728  15.377  16.0849  16.8579  0.215234  0.378871  0.084095  0.207753  0.348797  0.35155  0.350433  0.349295  0.351706  0.350844  0.350622  0.349716  0.351255  0.349946  0.347687  0.349616  0.347508  0.349805  0.352125  0.350597  0.349353  0.349478  0.349671  0.351207  
1.55638  1.86315  0.673592  0.114692  3.50507  4.22198  4.89064  5.63256  6.30164  7.02226  7.76174  8.39116  9.0795  9.83287  10.6852  11.1452  11.8896  12.6618  13.3288  14.101  14.7462  15.4212  16.0993  16.8322  0.778192  0.465789  0.112265  0.0143365  0.350507  0.351832  0.349331  0.352035  0.350091  0.351113  0.352807  0.349632  0.349211  0.351174  0.356175  0.348288  0.349695  0.351717  0.350757  0.352524  0.351101  0.350481  0.349985  0.35067  
0.236343  0.120034  1.80108  5.72288  3.4991  4.19698  4.91039  5.61861  6.32954  7.02965  7.68826  8.36789  9.07617  9.79454  10.4174  11.2059  11.9014  12.5916  13.34  13.982  14.8136  15.343  16.1232  16.8052  0.118171  0.0300085  0.300179  0.715359  0.34991  0.349749  0.350742  0.351163  0.351641  0.351483  0.349466  0.348662  0.349084  0.349805  0.347247  0.350184  0.350041  0.349765  0.351052  0.34955  0.352704  0.348705  0.350504  0.350109  
1.89282  3.65475  0.326047  0.00672678  3.53306  4.19593  4.91128  5.59862  6.29508  7.01931  7.70752  8.39643  9.08109  9.80097  10.531  11.2246  11.9042  12.5952  13.378  13.9828  14.7301  15.3722  16.1081  16.8046  0.946408  0.913686  0.0543412  0.000840848  0.353306  0.34966  0.350806  0.349914  0.349727  0.350966  0.350342  0.349851  0.349273  0.350035  0.351035  0.350769  0.350123  0.349866  0.352053  0.349571  0.350718  0.349368  0.350177  0.350096  
0.606367  1.65551  0.051106  1.14969  3.52782  4.1843  4.91732  5.61897  6.3233  7.02133  7.68827  8.38816  9.11305  9.76208  10.4041  11.1876  11.8962  12.3847  13.3048  14.0382  14.6831  15.4578  16.1594  16.8522  0.303183  0.413877  0.00851767  0.143711  0.352782  0.348692  0.351237  0.351185  0.351295  0.351067  0.349467  0.349507  0.350502  0.348646  0.346803  0.349613  0.349889  0.34402  0.350128  0.350956  0.349598  0.351313  0.351291  0.351087  
1.1419  3.31438  1.87612e-22  0.595855  3.50699  4.20436  4.91695  5.60626  6.30355  7.00872  7.77064  8.38764  9.1461  9.82188  10.4948  11.4564  11.9224  12.7468  13.337  14.0169  14.6603  15.3792  16.2064  16.8413  0.57095  0.828595  3.12687e-23  0.0744819  0.350699  0.350364  0.351211  0.350391  0.350197  0.350436  0.353211  0.349485  0.351773  0.350781  0.349827  0.358011  0.350658  0.354078  0.350974  0.350424  0.349055  0.349528  0.352313  0.350861  
1.21525e-23  0.872995  0.18722  2.75165  3.47685  4.20483  4.90981  5.58796  6.31271  6.98113  7.64957  8.39313  9.13285  9.79478  10.4938  11.0526  11.8215  12.6308  13.3001  13.9799  14.7197  15.3994  16.1235  16.7584  6.07626e-24  0.218249  0.0312033  0.343957  0.347685  0.350402  0.350701  0.349248  0.350706  0.349057  0.347708  0.349714  0.351263  0.349814  0.349794  0.345393  0.347691  0.350855  0.350003  0.349497  0.35047  0.349986  0.350511  0.349132  
1.5939  3.40478  0.18276  6.52716e-22  3.51641  4.23078  4.89558  5.60803  6.31865  7.01744  7.69746  8.41387  9.18053  9.87558  10.5006  11.1954  11.9936  12.614  13.325  13.9994  14.7259  15.3984  16.1099  16.814  0.796948  0.851195  0.0304601  8.15895e-23  0.351641  0.352565  0.349685  0.350502  0.351036  0.350872  0.349885  0.350578  0.353097  0.352699  0.350019  0.349858  0.352754  0.350389  0.350658  0.349984  0.350616  0.349963  0.350214  0.350291  
0.59904  0.330483  0.51924  0.0442391  3.49782  4.20144  4.9046  5.63461  6.29675  7.00197  7.77953  8.41455  9.12902  9.80434  10.7927  11.125  11.8842  12.6119  13.381  14.0457  14.7329  15.3937  16.1287  16.907  0.29952  0.0826208  0.08654  0.00552989  0.349782  0.35012  0.350329  0.352163  0.349819  0.350098  0.353615  0.350606  0.351116  0.350155  0.359758  0.347657  0.349537  0.350331  0.352131  0.351144  0.350783  0.349858  0.350625  0.352229  
0.970975  2.25243  0.0688213  0.0804741  3.52014  4.23261  4.92483  5.61172  6.30648  7.02592  7.70533  8.47148  9.22036  9.83643  10.461  11.2032  11.9938  12.6259  13.2377  14.014  14.7147  15.3668  16.076  16.7903  0.485487  0.563107  0.0114702  0.0100593  0.352014  0.352717  0.351773  0.350732  0.35036  0.351296  0.350242  0.352978  0.354629  0.351301  0.3487  0.350101  0.35276  0.350719  0.348361  0.35035  0.35035  0.349246  0.349478  0.349797  
4.64953e-21  0.0897056  2.54611  3.02394  3.501  4.20221  4.90157  5.59858  6.29328  7.00083  7.70021  8.40386  9.11784  9.80538  10.494  11.1964  11.9045  12.6251  13.3138  14.0236  14.7173  15.3904  16.1432  16.8292  2.32477e-21  0.0224264  0.424351  0.377993  0.3501  0.350184  0.350112  0.349911  0.349627  0.350041  0.350009  0.350161  0.350686  0.350192  0.3498  0.349886  0.350133  0.350698  0.350363  0.35059  0.350413  0.349781  0.350939  0.350609  
2  3.88107  8.98028e-20  0.0302541  3.50226  4.19215  4.90578  5.60372  6.31506  6.99638  7.69648  8.40398  9.09678  9.79717  10.501  11.22  11.9176  12.6026  13.3108  14.0061  14.7159  15.3866  16.1782  16.8383  1  0.970267  1.49671e-20  0.00378176  0.350226  0.349346  0.350413  0.350232  0.350837  0.349819  0.34984  0.350166  0.349876  0.349899  0.350034  0.350626  0.350517  0.350073  0.350284  0.350152  0.350378  0.349695  0.351699  0.350798  
0.944549  1.73801  1.34152e-07  8.77272e-10  3.50967  4.20222  4.96845  5.6393  6.31532  7.04414  7.69794  8.42099  9.23438  9.79832  10.5412  11.2266  11.9197  12.5906  13.3845  13.9894  14.7138  15.4015  16.1288  16.8681  0.472274  0.434502  2.23587e-08  1.09659e-10  0.350967  0.350185  0.35489  0.352456  0.350851  0.352207  0.349906  0.350874  0.355169  0.34994  0.351372  0.350831  0.350578  0.349738  0.352224  0.349736  0.350329  0.350034  0.350626  0.351419  
