1 9.9629e-05 9.97517e-05
6.72077e-05 1 9.99946e-05
8.08671e-05 9.83883e-05 1
0.99851 0.0385933 0.0385904
0.99376 0.105828 0.035231
0.988771 0.0471627 0.1418
0.979209 0.200814 0.0286911
0.980599 0.100898 0.168064
0.97505 0.190314 0.114276
0.955514 0.0416213 0.291995
0.940335 0.339497 0.0226314
0.957919 0.176214 0.226583
0.945647 0.296044 0.134575
0.925646 0.0849107 0.368742
0.916059 0.390769 0.0901939
0.921047 0.16116 0.354541
0.920672 0.308143 0.239606
0.86042 0.0337603 0.508466
0.840183 0.542022 0.0174753
0.895397 0.294585 0.333891
0.868857 0.461034 0.180376
0.846502 0.143327 0.51273
0.820167 0.562563 0.104162
0.846041 0.247482 0.472194
0.842322 0.444822 0.304347
0.763379 0.0639247 0.64278
0.74955 0.65844 0.0680596
0.808905 0.332031 0.48521
0.788891 0.544271 0.285342
0.728774 0.124648 0.673314
0.734442 0.653551 0.182939
0.738312 0.245772 0.628086
0.754061 0.492529 0.43452
0.62858 0.0245407 0.777358
0.608443 0.793498 0.0125553
0.717048 0.477086 0.508164
0.668358 0.699476 0.253043
0.64556 0.223416 0.7303
0.599912 0.789573 0.129155
0.651198 0.370922 0.662086
0.643363 0.644522 0.413128
0.547632 0.101111 0.830588
0.522467 0.849615 0.0719852
0.607749 0.468049 0.641538
0.577456 0.733619 0.358258
0.516908 0.173767 0.838219
0.514411 0.830993 0.211737
0.529327 0.329957 0.781627
0.543488 0.646398 0.535528
0.422003 0.0440396 0.905524
0.410037 0.910969 0.044779
0.503682 0.551213 0.665184
0.463688 0.816222 0.344638
0.424806 0.223409 0.877284
0.402804 0.896212 0.185884
0.433081 0.3953 0.810049
0.435509 0.727207 0.530568
0.339324 0.0791911 0.93733
0.337789 0.934206 0.114705
0.39399 0.495707 0.773981
0.376847 0.807795 0.45327
0.313667 0.152981 0.937129
0.326425 0.903832 0.276649
0.322515 0.321948 0.890131
0.339039 0.685715 0.644087
0.242161 0.0149808 0.97012
0.231308 0.97285 0.00764529
0.30453 0.6629 0.683977
0.266047 0.910589 0.316302
0.251129 0.294129 0.922183
0.22077 0.9641 0.147553
0.250541 0.485806 0.83739
0.241953 0.824563 0.511424
0.190332 0.128706 0.973246
0.173798 0.981983 0.0741881
0.214198 0.587658 0.780242
0.19386 0.887469 0.418111
0.165297 0.211012 0.963406
0.158899 0.95947 0.232741
0.163271 0.395998 0.90362
0.163353 0.769352 0.617586
0.116672 0.0573522 0.991513
0.10779 0.993354 0.0403757
0.135612 0.64372 0.753149
0.11729 0.920025 0.373894
0.100625 0.256616 0.961261
0.0907287 0.977232 0.191795
0.0954046 0.449331 0.888257
0.0876595 0.81352 0.574893
0.0637236 0.0924623 0.993675
0.0582593 0.991988 0.112094
0.0611997 0.55113 0.832172
0.0548363 0.877845 0.475796
0.0383104 0.171524 0.984435
0.0365091 0.959033 0.280931
0.0234174 0.352115 0.935664
0.024216 0.739223 0.673025
0.0131877 0.0235867 0.999635
0.00759568 0.999684 0.023955
4.12226e-17 0.673215 0.739446
