1 0.000119786
0.000150456 0.991083
0.99546 0.00451457
0.978282 0.0144913
0.955906 0.024408
0.936668 0.0346779
0.919358 0.0440895
0.896324 0.0533356
0.880215 0.0624994
0.865872 0.0716812
0.850656 0.080692
0.832799 0.0892653
0.816765 0.0974421
0.80257 0.106465
0.785248 0.114935
0.77262 0.122936
0.758431 0.131576
0.741918 0.139256
0.727754 0.147271
0.716017 0.155531
0.701294 0.163185
0.68873 0.171107
0.676599 0.17874
0.664146 0.186612
0.651791 0.194093
0.63869 0.201302
0.626788 0.208914
0.615015 0.216337
0.603643 0.223741
0.592228 0.230955
0.581047 0.238424
0.570365 0.2456
0.559846 0.252975
0.548307 0.259722
0.537655 0.266803
0.527579 0.274027
0.517194 0.280992
0.50709 0.288019
0.49725 0.295083
0.487497 0.302249
0.47753 0.309
0.46845 0.316321
0.458947 0.323015
0.449656 0.330244
0.439992 0.336845
0.43178 0.344555
0.422331 0.351239
0.413043 0.357985
0.404043 0.364811
0.395398 0.371705
0.386573 0.37866
0.377903 0.385654
0.369255 0.392515
0.360878 0.399653
0.352348 0.40654
0.34409 0.413654
0.335758 0.420648
0.327605 0.427773
0.319418 0.434854
0.311394 0.442091
0.303368 0.449258
0.29546 0.456707
0.287588 0.464015
0.279715 0.471261
0.272037 0.478902
0.26423 0.486428
0.256519 0.493942
0.248908 0.50159
0.241275 0.509479
0.233533 0.51726
0.22594 0.524861
0.21853 0.532869
0.211022 0.540935
0.203578 0.549226
0.196105 0.557472
0.188633 0.565914
0.18125 0.574499
0.17385 0.583289
0.166429 0.592173
0.159155 0.601557
0.151712 0.610675
0.144339 0.620181
0.136989 0.630019
0.129632 0.640173
0.122255 0.650494
0.114847 0.661208
0.107451 0.672305
0.100028 0.683889
0.0925444 0.695854
0.0850589 0.708503
0.0775249 0.721769
0.0699128 0.735716
0.0622571 0.750801
0.0545042 0.766761
0.0466683 0.78408
0.0387153 0.803723
0.0306034 0.82545
0.0222753 0.851685
0.0137274 0.88399
0.00482274 0.931547
