1 9.06431e-05 7.60927e-05
9.73009e-05 1 7.62967e-05
9.38309e-05 5.78352e-05 1
0.999267 0.0342378 0.0385464
0.994317 0.105485 0.0345165
0.98989 0.0396462 0.141959
0.979654 0.200839 0.0273372
0.982062 0.0995618 0.168478
0.976365 0.19051 0.113608
0.956418 0.0406782 0.292229
0.940742 0.339682 0.0172298
0.9599 0.174365 0.225645
0.948091 0.296139 0.130343
0.929049 0.0721599 0.37008
0.917858 0.391059 0.0900303
0.923158 0.159374 0.355111
0.923297 0.308613 0.238689
0.861002 0.0326615 0.508763
0.84048 0.542309 0.0173182
0.898002 0.294883 0.334564
0.872264 0.46259 0.177313
0.85146 0.130547 0.515294
0.825234 0.565781 0.100225
0.848484 0.243962 0.4737
0.846937 0.443399 0.305736
0.765015 0.0531043 0.644113
0.751602 0.660099 0.056513
0.811413 0.330641 0.486399
0.790818 0.544797 0.284399
0.734586 0.120781 0.678697
0.738622 0.656318 0.183425
0.748506 0.23578 0.637403
0.756592 0.493815 0.435163
0.628939 0.024714 0.777805
0.609664 0.794991 0.00876972
0.718926 0.47783 0.508172
0.671555 0.701175 0.25399
0.647167 0.223903 0.731429
0.604526 0.795582 0.129548
0.653371 0.372382 0.663668
0.645074 0.64605 0.414149
0.550549 0.101147 0.834948
0.523799 0.851631 0.0610371
0.609842 0.469548 0.643798
0.577805 0.737051 0.359692
0.522873 0.158567 0.848182
0.517107 0.835468 0.210895
0.537181 0.329366 0.793094
0.544586 0.648688 0.535202
0.422526 0.0255704 0.906398
0.411303 0.914172 0.0412165
0.505288 0.552852 0.666595
0.466949 0.821319 0.343946
0.42876 0.221157 0.88552
0.402669 0.898464 0.185001
0.435408 0.394389 0.814489
0.436311 0.72893 0.531837
0.340775 0.0494419 0.940368
0.339857 0.940454 0.107
0.39065 0.501892 0.783044
0.378472 0.814406 0.455978
0.315124 0.137 0.943623
0.33007 0.914219 0.275119
0.323791 0.323593 0.895031
0.340156 0.691111 0.649307
0.242182 0.01493 0.970549
0.228446 0.974582 0.00712974
0.303454 0.676722 0.699529
0.267739 0.922087 0.314761
0.252392 0.295452 0.930393
0.221646 0.973507 0.139078
0.251524 0.489686 0.843958
0.242309 0.827368 0.513076
0.190044 0.119324 0.97856
0.174104 0.983929 0.0623945
0.212595 0.594332 0.789528
0.194772 0.891886 0.420084
0.164605 0.20529 0.969153
0.159253 0.9686 0.219712
0.162021 0.401235 0.916767
0.160809 0.773721 0.621248
0.116826 0.0559358 0.993209
0.108164 0.994306 0.0372487
0.136184 0.644793 0.753966
0.100785 0.926698 0.375829
0.0962801 0.259121 0.97004
0.0907494 0.981496 0.191123
0.0910405 0.451541 0.894455
0.082655 0.816813 0.577519
0.0596887 0.0927057 0.997248
0.0581815 0.996665 0.112414
0.0401619 0.554254 0.839145
0.0508149 0.880983 0.476498
0.0343026 0.136073 0.997197
0.0173597 0.962802 0.280795
0.0326733 0.36402 0.997248
0.023678 0.742103 0.677414
0.0105413 0.0154896 0.999954
0.00539932 0.999987 0.0189645
0.00414393 0.782136 0.831603
