0.191184  2.96619  2.56449  4.77054  0.744321  2.55511  8.54882  11.4261  16.255  10.574  1.52229  13.453  12.9218  10.7143  25.4431  19.7214  23.0295  1.81455  18.4801  15.1539  10.8464  32.187  35.4094  14.966  0.0955919  0.741547  0.427415  0.596318  0.0744321  0.212926  0.61063  0.714129  0.903057  0.528699  0.0691949  0.560543  0.496991  0.382655  0.848102  0.616294  0.67734  0.0504043  0.486318  0.378847  0.258248  0.731523  0.76977  0.311791  
0.041  3.93061  2.74559  5.51555  3.32528  9.90045  9.98756  4.57194  3.47103  18.1652  7.79942  11.6428  14.0363  1.65248  19.4644  11.1962  17.5149  2.57878  4.78102  34.8304  35.6321  29.5751  12.3283  37.0751  0.0205  0.982651  0.457598  0.689444  0.332528  0.825038  0.713397  0.285746  0.192835  0.90826  0.354519  0.485115  0.539856  0.0590172  0.648813  0.34988  0.515144  0.0716327  0.125816  0.870759  0.848384  0.67216  0.268006  0.772397  
1.55572  0.829684  2.04341  5.82851  7.62631  5.51718  11.6549  14.1603  6.16045  10.4775  7.33435  14.8461  2.65293  22.0058  16.2938  23.699  10.8965  19.7907  17.8992  6.17195  13.9994  28.6367  6.26886  43.5336  0.777861  0.207421  0.340568  0.728563  0.762631  0.459765  0.832491  0.885016  0.342247  0.523877  0.33338  0.618587  0.102036  0.78592  0.543127  0.740593  0.320484  0.549742  0.471032  0.154299  0.333319  0.650834  0.13628  0.90695  
1.50931  0.198147  5.59355  7.14589  9.88426  8.47216  0.826246  5.95063  1.42138  9.63068  18.2188  20.6697  20.7436  19.5612  5.48524  7.35028  24.7067  24.3749  17.7673  30.6521  13.7197  43.1847  9.25821  15.8176  0.754654  0.0495369  0.932258  0.893236  0.988426  0.706014  0.0590176  0.371915  0.0789658  0.481534  0.828127  0.861236  0.797829  0.698614  0.182841  0.229696  0.726666  0.677081  0.467559  0.766303  0.326659  0.981471  0.201266  0.329533  
1.88659  3.77023  0.475386  1.47295  6.34984  8.37239  11.2351  8.77299  8.66979  1.03684  18.376  23.4659  9.27256  25.0621  2.64597  7.16017  19.5357  5.93972  16.7412  31.6356  20.4947  23.1169  17.302  44.5813  0.943293  0.942558  0.079231  0.184119  0.634984  0.697699  0.802505  0.548312  0.481655  0.0518421  0.835272  0.977748  0.356637  0.895077  0.088199  0.223755  0.57458  0.164992  0.440559  0.790889  0.48797  0.525384  0.376131  0.928777  
1.01478  1.9924  4.94459  1.32512  5.44843  10.3338  11.1077  0.0353796  15.7771  15.5949  20.2363  22.5009  0.428628  20.1639  13.8153  10.4268  24.6102  9.96523  10.3206  29.7504  39.2444  40.1621  22.7098  29.5305  0.507388  0.4981  0.824098  0.16564  0.544843  0.861152  0.793406  0.00221122  0.876506  0.779745  0.919831  0.937539  0.0164857  0.720139  0.460508  0.325838  0.72383  0.276812  0.271595  0.743761  0.934389  0.912774  0.493692  0.615219  
0.630957  0.0838941  2.51553  6.17407  2.36751  5.15332  2.99933  2.66635  7.94602  17.0652  10.8657  10.6308  24.8307  17.9626  29.8747  30.0428  30.313  21.443  19.5925  39.9492  3.92087  25.9351  25.7937  13.4594  0.315478  0.0209735  0.419255  0.771758  0.236751  0.429443  0.214238  0.166647  0.441445  0.85326  0.493896  0.442952  0.955028  0.641522  0.995823  0.938836  0.891559  0.595639  0.515593  0.99873  0.093354  0.589434  0.560734  0.280404  
1.7109  2.41908  1.74073  4.01849  5.72873  8.13147  9.19058  14.6559  13.0882  4.0639  4.87124  7.72841  9.48031  13.0401  0.538023  2.56117  13.5693  30.5979  6.95166  0.0689404  3.45043  3.08745  41.2987  10.0261  0.85545  0.604769  0.290121  0.502312  0.572873  0.677623  0.65647  0.915993  0.727125  0.203195  0.22142  0.322017  0.364627  0.465718  0.0179341  0.0800367  0.399096  0.849942  0.182938  0.00172351  0.0821531  0.0701692  0.897798  0.208878  
1.44963  2.14829  0.324134  1.91957  5.80975  11.9631  1.24049  13.7055  11.58  11.7388  3.0987  5.48755  0.3612  16.9458  16.9421  18.9145  4.10363  27.7372  26.7449  10.6066  9.90982  17.6959  25.7506  34.1288  0.724817  0.537074  0.0540223  0.239946  0.580975  0.996927  0.0886065  0.856595  0.643334  0.586941  0.14085  0.228648  0.0138923  0.605207  0.564737  0.591079  0.120695  0.770477  0.703812  0.265164  0.235948  0.40218  0.559796  0.711017  
0.449559  0.795893  0.894808  6.93115  8.44966  1.14412  2.8722  3.76916  7.46904  5.69642  6.82136  22.6347  21.4219  12.0133  16.2269  10.1668  9.54564  12.1584  34.2316  19.5453  27.6293  40.7704  25.2205  11.2421  0.224779  0.198973  0.149135  0.866393  0.844966  0.0953434  0.205157  0.235573  0.414946  0.284821  0.310062  0.943113  0.82392  0.429045  0.540897  0.317712  0.280754  0.337733  0.900832  0.488631  0.65784  0.926599  0.548273  0.234211  
0.75627  2.11771  4.44692  1.75284  9.78622  3.14952  0.275122  8.6521  14.6723  1.31774  20.4005  13.5604  13.2505  14.4985  12.0591  16.2984  20.1958  0.337712  24.6668  27.5541  30.2811  4.35634  43.906  24.9812  0.378135  0.529427  0.741153  0.219105  0.978622  0.26246  0.0196516  0.540756  0.81513  0.065887  0.927297  0.565015  0.509634  0.517802  0.401969  0.509324  0.593993  0.0093809  0.649127  0.688851  0.720978  0.0990077  0.954478  0.520441  
0.0559187  0.282723  0.0437575  3.26414  2.02666  7.94377  1.03375  5.91257  7.28178  7.77396  4.89773  5.07746  9.6958  13.615  10.25  9.19995  28.7563  18.5631  9.20539  17.506  28.2166  39.7827  29.1249  3.25404  0.0279594  0.0706806  0.00729291  0.408017  0.202666  0.661981  0.0738393  0.369536  0.404543  0.388698  0.222624  0.211561  0.372915  0.486252  0.341667  0.287499  0.845775  0.515641  0.242247  0.43765  0.671824  0.904153  0.63315  0.0677925  
1.86071  2.21901  1.89414  2.36788  3.69692  3.05367  8.8743  5.24494  12.4883  18.2778  11.4672  5.28329  19.0485  24.1524  0.779461  9.59978  6.28288  27.5122  19.3931  25.9274  40.2499  29.6076  41.5016  44.2713  0.930356  0.554752  0.315689  0.295985  0.369692  0.254472  0.633879  0.327808  0.693795  0.913892  0.521238  0.220137  0.732635  0.862584  0.025982  0.299993  0.184791  0.764227  0.510344  0.648185  0.958331  0.672901  0.902209  0.922318  
1.37038  3.34359  2.98101  1.94347  6.42123  6.61921  8.61761  10.1468  11.5461  13.5219  10.1722  10.0555  22.6287  9.38095  17.5624  1.45502  15.051  7.67653  19.8142  23.8726  38.5284  38.4488  20.9612  8.34221  0.685192  0.835898  0.496834  0.242934  0.642123  0.551601  0.615543  0.634177  0.641449  0.676095  0.462373  0.418981  0.870336  0.335034  0.585412  0.0454692  0.442678  0.213237  0.521427  0.596814  0.917344  0.873837  0.455678  0.173796  
0.606457  3.1427  3.53646  0.544649  3.90679  5.00595  9.75574  12.4224  3.08602  9.40395  18.3433  12.5106  4.80605  10.7514  15.608  12.7249  2.33237  35.8979  9.40258  22.1155  23.1208  34.4612  36.4776  17.14  0.303228  0.785675  0.589411  0.0680811  0.390679  0.417162  0.696839  0.7764  0.171446  0.470198  0.833789  0.521277  0.184848  0.383978  0.520266  0.397654  0.068599  0.997163  0.247436  0.552888  0.550495  0.783208  0.792991  0.357083  
1.81797  1.66038  3.6478  1.14895  6.28209  3.3373  12.7434  15.6469  16.1551  10.777  6.62371  6.35757  18.5239  16.3285  1.05062  12.8197  1.21563  8.75148  1.03521  35.8118  14.7445  24.4858  24.1298  22.5451  0.908985  0.415095  0.607967  0.143619  0.628209  0.278109  0.910243  0.977932  0.897504  0.538851  0.301078  0.264899  0.712458  0.58316  0.0350207  0.400616  0.0357538  0.243097  0.0272423  0.895296  0.35106  0.556495  0.524561  0.46969  
0.260975  2.10573  4.41967  5.6783  8.8462  4.5589  3.87076  13.2217  12.2225  5.12428  21.5115  2.66132  7.79856  18.1991  15.6122  13.3647  15.5684  19.6541  5.42821  7.36404  24.8373  24.4464  11.84  34.5072  0.130488  0.526434  0.736612  0.709788  0.88462  0.379908  0.276483  0.826358  0.679028  0.256214  0.977796  0.110888  0.299945  0.649966  0.520408  0.417646  0.457895  0.545947  0.142848  0.184101  0.591364  0.555599  0.257391  0.718899  
0.530727  0.751999  1.09797  7.34205  3.68102  6.82977  0.261546  2.86093  16.5769  8.23944  21.3234  13.2145  9.04838  16.7347  11.349  31.6869  22.1895  17.9272  16.6252  32.1709  1.61151  32.1531  10.146  15.2486  0.265363  0.188  0.182994  0.917756  0.368102  0.569148  0.0186819  0.178808  0.920938  0.411972  0.969247  0.550604  0.348015  0.597669  0.378301  0.990215  0.652631  0.497978  0.437506  0.804273  0.0383693  0.730752  0.220565  0.317679  
1.49353  3.07934  1.01723  4.85849  0.0776248  1.72539  0.193684  4.22777  13.0159  13.1213  13.8044  1.73995  21.9817  18.7222  25.35  14.5341  13.4459  23.8223  30.8217  15.0009  33.6321  14.505  14.4171  41.0967  0.746766  0.769835  0.169539  0.607312  0.00776248  0.143782  0.0138346  0.264235  0.723104  0.656064  0.627473  0.0724981  0.845448  0.668652  0.844999  0.454189  0.395469  0.66173  0.811099  0.375023  0.800765  0.329659  0.313416  0.856182  
1.12135  1.95754  3.19828  6.512  4.30183  9.28442  3.40679  11.434  17.3319  2.67444  19.1803  15.0024  1.51369  3.72685  1.59855  18.9961  2.79379  20.9971  28.1073  25.9855  41.8356  13.6897  11.1055  37.7238  0.560674  0.489384  0.533046  0.814  0.430183  0.773702  0.243342  0.714623  0.962882  0.133722  0.87183  0.6251  0.0582187  0.133102  0.053285  0.593629  0.0821703  0.583253  0.739665  0.649638  0.996085  0.31113  0.241423  0.785912  
0.340681  2.32943  1.95589  1.22331  2.93117  4.86511  6.80102  15.6655  10.5897  6.5861  19.336  17.9646  12.7893  4.68003  15.8965  20.9382  1.13239  6.71257  36.1714  23.2772  18.7013  26.0951  16.4123  9.20184  0.17034  0.582356  0.325981  0.152913  0.293117  0.405426  0.485787  0.979096  0.588319  0.329305  0.878909  0.748524  0.491896  0.167144  0.529882  0.654319  0.0333056  0.18646  0.951879  0.58193  0.445269  0.593071  0.35679  0.191705  
0.146219  3.7543  2.35893  7.29166  9.01465  8.87365  6.62819  4.04507  15.8587  10.0005  12.5088  5.08263  25.3324  0.609258  16.6469  9.87871  14.9601  5.59175  19.8495  7.6386  41.3237  42.8222  3.07344  0.369402  0.0731094  0.938575  0.393154  0.911457  0.901465  0.739471  0.473442  0.252817  0.881037  0.500027  0.568582  0.211776  0.974324  0.0217592  0.554898  0.30871  0.440003  0.155326  0.522356  0.190965  0.983898  0.973232  0.066814  0.00769587  
1.29274  0.0835663  3.10023  6.93561  6.76905  3.93052  11.3159  3.97384  0.684339  14.1613  18.2452  10.0953  15.9987  10.5509  5.49349  29.092  30.6553  7.68856  28.7605  14.8498  31.2337  33.7689  29.4159  29.6422  0.646372  0.0208916  0.516705  0.866951  0.676905  0.327543  0.80828  0.248365  0.0380188  0.708065  0.829328  0.420637  0.615334  0.376819  0.183116  0.909126  0.901625  0.213571  0.756854  0.371245  0.743661  0.767475  0.639477  0.617545  
0.556038  1.46601  0.82404  5.47579  5.33893  7.465  4.85107  6.94879  7.15832  16.0987  5.85691  22.782  9.37057  13.4002  3.29484  24.5144  32.5481  34.9361  30.0729  11.2998  38.4108  29.0704  33.8037  34.0023  0.278019  0.366502  0.13734  0.684473  0.533893  0.622083  0.346505  0.434299  0.397684  0.804937  0.266223  0.949248  0.360406  0.478577  0.109828  0.766075  0.957296  0.970448  0.791392  0.282495  0.914543  0.660692  0.734864  0.708382  
1.39965  3.33316  1.72414  2.43878  3.96122  3.45561  5.15151  11.0814  10.874  16.7596  15.9241  17.1135  13.8494  7.41573  9.16759  31.2095  22.6007  10.3045  19.2838  2.71985  36.0739  15.6091  3.73736  5.49956  0.699823  0.833289  0.287356  0.304848  0.396122  0.287968  0.367965  0.692586  0.604111  0.837982  0.723822  0.713064  0.532671  0.264848  0.305586  0.975298  0.664728  0.286235  0.50747  0.0679961  0.858904  0.354752  0.0812469  0.114574  
0.586007  3.58503  0.361443  1.71289  8.63887  7.17332  8.82716  3.93873  8.59183  13.4435  11.387  18.2178  9.72582  20.2223  25.2303  1.82499  17.5866  4.20468  15.5025  23.4268  8.57391  37.9626  7.81236  30.935  0.293004  0.896259  0.0602405  0.214112  0.863887  0.597776  0.630512  0.246171  0.477324  0.672174  0.517593  0.759077  0.37407  0.722226  0.841009  0.0570309  0.517254  0.116797  0.407959  0.58567  0.204141  0.862785  0.169834  0.644479  
0.721173  0.876363  3.08998  6.80231  0.0739846  4.80578  12.1894  2.37096  0.716638  18.8399  14.6653  18.9394  13.5777  1.61885  17.1094  6.10366  8.6016  11.8273  5.445  22.8144  22.6221  13.8082  17.7255  36.907  0.360587  0.219091  0.514997  0.850288  0.00739846  0.400482  0.870672  0.148185  0.0398132  0.941997  0.666606  0.789141  0.522218  0.057816  0.570313  0.190739  0.252988  0.328535  0.143289  0.570361  0.538621  0.313823  0.385336  0.768896  
0.813398  1.42088  0.859801  0.673079  2.08588  0.90216  11.8588  9.20252  15.4636  5.68736  14.7311  23.9839  4.44185  5.05313  24.1305  11.0952  22.627  7.52878  2.83208  21.5339  38.7965  24.2043  45.8254  36.3096  0.406699  0.35522  0.1433  0.0841348  0.208588  0.07518  0.847056  0.575157  0.859091  0.284368  0.669595  0.99933  0.170841  0.180469  0.80435  0.346724  0.665501  0.209133  0.0745285  0.538348  0.923725  0.550097  0.996203  0.75645  
1.77822  1.63441  0.43308  3.27845  7.69401  1.39975  4.36188  0.751071  17.1198  0.28745  3.5896  16.6857  6.15424  1.97288  13.3928  30.3013  19.7161  25.5756  32.1464  39.9556  29.7405  31.8934  39.2663  2.77058  0.889109  0.408602  0.0721801  0.409806  0.769401  0.116646  0.311563  0.0469419  0.9511  0.0143725  0.163164  0.695238  0.236701  0.0704601  0.446428  0.946916  0.579887  0.710433  0.845958  0.998889  0.708108  0.72485  0.853614  0.0577204  
1.55328  1.13844  3.15659  4.46272  6.52013  1.08994  13.7734  11.9199  1.12275  12.9968  0.787952  17.1302  4.39676  9.40186  11.0758  21.6558  28.2351  24.8997  29.0962  27.5766  23.0403  28.3918  7.47718  36.9093  0.776641  0.28461  0.526098  0.557841  0.652013  0.0908285  0.983813  0.744991  0.0623751  0.649842  0.035816  0.713757  0.169106  0.335781  0.369193  0.676745  0.830445  0.691659  0.76569  0.689414  0.548577  0.645269  0.162547  0.768943  
0.260557  2.05288  1.21018  0.0629721  0.898323  2.98041  4.17457  4.59286  10.3103  1.1711  1.47379  17.8806  6.29127  18.4851  2.14855  26.2307  12.1765  30.8918  11.8008  37.4439  19.2148  6.44234  0.794562  10.955  0.130279  0.51322  0.201696  0.00787151  0.0898323  0.248368  0.298183  0.287054  0.572795  0.0585552  0.0669906  0.745023  0.241972  0.660183  0.0716183  0.819711  0.358131  0.858106  0.310548  0.936098  0.457496  0.146417  0.0172731  0.228229  
1.80737  2.48946  1.48199  2.65361  3.77216  6.64854  0.941329  9.48669  11.7964  19.428  17.9615  4.64825  17.3088  5.10128  8.7404  11.9189  8.199  16.0113  28.0882  38.3544  11.4335  16.7364  8.47082  27.0636  0.903683  0.622365  0.246998  0.331702  0.377216  0.554045  0.0672378  0.592918  0.655358  0.9714  0.816434  0.193677  0.665722  0.182189  0.291347  0.372465  0.241147  0.444758  0.739164  0.95886  0.272227  0.380372  0.184148  0.563826  
1.96244  2.64572  3.56386  4.60687  9.47413  11.8251  4.14269  13.9176  17.4283  10.1436  1.27558  3.79754  8.82171  22.8091  10.3704  16.5905  16.5005  10.1255  20.2118  33.075  1.62428  29.1069  44.3174  31.0787  0.98122  0.661429  0.593977  0.575859  0.947413  0.985428  0.295906  0.869849  0.968237  0.507181  0.057981  0.158231  0.339297  0.81461  0.345681  0.518452  0.48531  0.281265  0.531891  0.826876  0.0386734  0.66152  0.963423  0.647472  
0.52512  3.34273  1.59358  7.66099  3.43474  7.02932  12.8489  10.242  9.05454  4.22679  16.6779  14.6546  6.24047  14.7499  17.5481  8.65658  5.90606  33.0739  33.5334  22.7256  14.9042  15.2261  9.0273  10.2449  0.26256  0.835684  0.265596  0.957624  0.343474  0.585776  0.917776  0.640127  0.50303  0.21134  0.758085  0.610607  0.240018  0.526781  0.584936  0.270518  0.173708  0.918721  0.882458  0.568141  0.354861  0.346047  0.196246  0.213435  
1.12718  3.79383  5.03758  7.36492  6.94441  6.15499  4.14162  2.83442  10.7861  7.0178  18.7466  19.1751  5.96986  25.4236  27.9444  22.6979  1.53678  8.00598  33.8644  36.5475  3.64492  12.1079  41.9467  1.19278  0.563591  0.948458  0.839597  0.920615  0.694441  0.512916  0.29583  0.177151  0.599228  0.35089  0.852117  0.798962  0.22961  0.907986  0.931479  0.709308  0.0451995  0.222388  0.891168  0.913687  0.0867838  0.27518  0.911885  0.0248496  
0.960082  2.97959  3.35082  3.70251  1.14125  8.23195  6.39515  7.23832  11.4661  15.9122  20.2763  5.93191  22.3933  0.988614  13.5275  22.9015  23.182  30.1307  14.6706  3.11493  39.713  31.6711  31.5248  41.6789  0.480041  0.744897  0.55847  0.462814  0.114125  0.685996  0.456796  0.452395  0.637004  0.795609  0.92165  0.247163  0.861281  0.0353076  0.450917  0.715672  0.681825  0.836963  0.386068  0.0778732  0.945547  0.719799  0.685321  0.868311  
0.112186  2.44418  3.11966  5.49316  2.0063  7.09393  8.97362  8.31118  13.8914  2.83857  15.7472  20.0879  8.01956  6.70566  24.918  2.02004  24.4407  20.508  35.2048  5.88727  26.7303  29.9498  27.3624  29.9099  0.0560928  0.611045  0.519943  0.686645  0.20063  0.59116  0.640973  0.519449  0.771744  0.141929  0.715782  0.836994  0.308444  0.239488  0.830601  0.0631263  0.718843  0.569666  0.926442  0.147182  0.636435  0.680677  0.594835  0.623123  
0.0994958  3.06125  1.51758  6.39931  3.05749  6.37458  5.52428  0.965062  8.67381  13.9927  15.4656  19.9238  12.778  23.8872  24.9042  19.7258  18.8101  5.75677  7.79131  22.2253  41.2318  27.8802  22.0176  27.9059  0.0497479  0.765311  0.25293  0.799914  0.305749  0.531215  0.394592  0.0603164  0.481878  0.699637  0.702982  0.830159  0.491462  0.853114  0.830141  0.616432  0.553238  0.15991  0.205035  0.555633  0.981711  0.633642  0.478644  0.581373  
1.13982  1.60487  4.71952  2.62702  1.01588  9.26998  0.458443  4.69475  5.58331  9.76287  8.46454  17.0054  25.1912  13.5876  5.23631  11.6853  3.82234  11.4078  26.8093  8.80765  41.9799  32.4065  24.5238  18.4653  0.569908  0.401217  0.786586  0.328378  0.101588  0.772498  0.0327459  0.293422  0.310184  0.488144  0.384752  0.708558  0.968891  0.485273  0.174544  0.365167  0.112422  0.316883  0.705508  0.220191  0.999521  0.736511  0.533125  0.384693  
1.71663  3.07408  3.24912  2.82212  2.52476  6.52594  0.977454  7.76573  16.5943  13.3855  12.3067  0.837655  16.5151  3.26879  22.2713  4.63952  31.3668  20.9652  32.9886  2.79424  13.6673  20.4179  42.5596  4.48104  0.858314  0.768521  0.54152  0.352765  0.252476  0.543828  0.0698181  0.485358  0.921908  0.669277  0.559396  0.0349023  0.635197  0.116742  0.742376  0.144985  0.922553  0.582367  0.868122  0.069856  0.325413  0.464043  0.925208  0.093355  
1.38835  3.77568  2.50616  4.19842  1.36891  5.35705  5.54412  12.0733  15.4724  9.59589  3.52545  6.98766  4.51088  8.66966  21.9288  27.3671  30.2719  0.41944  17.3722  7.97095  17.5565  8.33817  39.4417  25.6713  0.694175  0.94392  0.417694  0.524802  0.136891  0.446421  0.396008  0.754579  0.859576  0.479795  0.160248  0.291153  0.173496  0.309631  0.730961  0.855222  0.89035  0.0116511  0.457164  0.199274  0.418012  0.189504  0.857429  0.534819  
0.202431  3.9487  1.38518  1.67264  9.3787  3.84632  1.48839  4.9461  11.4649  17.4266  21.9181  12.5067  23.9496  18.3131  13.4839  19.8587  8.61666  1.47829  10.6253  21.087  32.3649  28.4526  18.4588  38.1631  0.101216  0.987175  0.230863  0.20908  0.93787  0.320526  0.106313  0.309131  0.636938  0.871332  0.996278  0.521114  0.921137  0.654038  0.449464  0.620585  0.253431  0.0410637  0.279614  0.527176  0.770594  0.64665  0.401279  0.795065  
0.252587  1.46062  3.33378  5.50664  3.46051  6.8214  0.529186  3.70066  1.57911  14.999  1.76699  11.5472  15.0618  10.4631  26.4569  13.1669  24.5534  32.768  13.5906  16.5817  30.5246  30.2868  10.4218  1.80007  0.126294  0.365155  0.555629  0.68833  0.346051  0.56845  0.037799  0.231291  0.0877285  0.749949  0.0803179  0.481133  0.579301  0.373681  0.881895  0.411465  0.72216  0.910222  0.357647  0.414543  0.726776  0.688337  0.226561  0.0375015  
0.38937  1.02153  1.07678  0.264349  2.65506  11.6325  0.701578  6.94917  6.75732  8.8416  2.73068  16.6758  4.03494  21.1599  1.54532  29.2881  30.7281  15.3706  7.56948  10.7677  1.91972  9.88409  5.60423  43.2343  0.194685  0.255382  0.179463  0.0330437  0.265506  0.969374  0.0501127  0.434323  0.375407  0.44208  0.124122  0.694827  0.15519  0.755711  0.0515106  0.915252  0.903768  0.42696  0.199197  0.269192  0.0457076  0.224638  0.121831  0.900714  
0.0264335  0.443348  0.737996  1.42686  2.51096  5.96551  9.1782  0.187621  0.247584  17.3575  11.4299  8.78327  3.42338  21.0182  20.8712  30.4026  13.1544  21.6135  18.8309  36.3948  37.7135  28.3259  23.8546  26.701  0.0132167  0.110837  0.122999  0.178358  0.251096  0.497126  0.655585  0.0117263  0.0137547  0.867877  0.51954  0.36597  0.131668  0.750652  0.695708  0.950081  0.386894  0.600375  0.495549  0.909871  0.89794  0.64377  0.518579  0.556271  
0.377132  3.22044  4.23965  5.54316  2.05895  1.4589  11.5865  14.7103  9.19573  1.59002  3.7133  15.0372  22.7546  19.9196  25.7912  15.5098  20.3774  31.4704  16.8537  31.5275  21.616  18.8101  8.83582  28.6558  0.188566  0.805109  0.706609  0.692896  0.205895  0.121575  0.827606  0.919395  0.510874  0.0795008  0.168787  0.62655  0.875179  0.711414  0.859705  0.48468  0.599335  0.874178  0.443518  0.788188  0.514666  0.427503  0.192083  0.596996  
0.103376  2.45487  3.18612  1.40737  0.363411  1.04085  10.0717  8.55667  8.0453  3.49523  11.6389  23.9266  3.40523  18.3861  18.871  23.7031  10.9738  16.5564  1.29177  18.9219  9.86505  37.2767  41.7753  12.8127  0.0516879  0.613717  0.53102  0.175921  0.0363411  0.0867373  0.719406  0.534792  0.446961  0.174761  0.529039  0.99694  0.130971  0.656645  0.629035  0.740722  0.32276  0.459899  0.0339938  0.473049  0.234882  0.847199  0.908158  0.266932  
1.96324  1.93614  4.25789  6.87604  7.08617  1.2359  11.3662  7.70317  8.11642  12.002  16.114  8.17641  25.7783  8.7994  9.30186  17.6002  18.7349  22.5822  11.696  17.3309  15.0118  20.4424  38.4655  43.8708  0.981619  0.484036  0.709649  0.859505  0.708617  0.102992  0.811869  0.481448  0.450912  0.600102  0.732456  0.340684  0.991473  0.314264  0.310062  0.550007  0.551025  0.627284  0.307791  0.433274  0.357424  0.464599  0.836206  0.913974  
1.82423  1.82247  4.97431  7.38982  7.89604  8.79718  12.1832  7.73926  12.281  14.5231  20.4375  22.0039  14.7544  12.6665  29.4975  2.02257  10.2979  6.2802  0.533542  38.3828  25.1668  5.7554  18.2002  5.81744  0.912113  0.455619  0.829052  0.923727  0.789604  0.733099  0.870232  0.483704  0.682276  0.726157  0.928979  0.916829  0.567475  0.452373  0.983248  0.0632053  0.30288  0.17445  0.0140406  0.95957  0.599209  0.130805  0.395658  0.121197  
1.07847  1.25926  0.932582  7.80834  6.33514  6.32089  13.214  0.422962  3.85577  3.96263  13.2488  7.20395  8.34308  21.6998  17.8509  15.6035  4.00118  25.2972  0.0084097  32.6061  19.2204  41.3007  12.3511  34.6402  0.539237  0.314816  0.15543  0.976042  0.633514  0.526741  0.943858  0.0264351  0.21421  0.198131  0.602217  0.300165  0.320888  0.774994  0.59503  0.487609  0.117682  0.702699  0.000221308  0.815151  0.457628  0.938653  0.268502  0.72167  
0.769155  1.38667  1.38699  7.93812  6.87145  3.5021  13.2305  8.94601  0.0632532  5.27484  11.7707  4.35144  7.62591  5.73936  7.69382  6.85304  19.6245  18.3264  17.2994  8.0254  20.8848  30.6495  1.1242  20.854  0.384577  0.346668  0.231165  0.992266  0.687145  0.291841  0.945033  0.559125  0.00351407  0.263742  0.535031  0.18131  0.293304  0.204977  0.256461  0.214158  0.577191  0.509067  0.455248  0.200635  0.497258  0.696579  0.0244392  0.434457  
0.575496  2.61311  1.53369  7.30444  1.13334  10.9924  4.35248  0.515588  11.1939  17.0156  12.6389  18.4833  10.6322  3.12193  6.95964  27.6669  22.589  8.0042  25.9669  4.88357  29.5975  0.837506  30.3443  7.28801  0.287748  0.653278  0.255614  0.913056  0.113334  0.916037  0.310891  0.0322242  0.621882  0.850781  0.574497  0.770136  0.40893  0.111498  0.231988  0.864589  0.664383  0.222339  0.68334  0.122089  0.704702  0.0190342  0.659659  0.151833  
1.31183  3.2219  0.0789951  4.04477  9.35459  5.51172  3.72973  12.3784  5.23914  13.9053  18.7999  21.7861  3.10701  21.0151  22.6691  5.6825  33.8147  17.9553  7.22705  25.4073  19.4114  24.5615  31.3167  6.22198  0.655914  0.805474  0.0131659  0.505596  0.935459  0.45931  0.266409  0.773653  0.291064  0.695264  0.854543  0.907752  0.1195  0.750539  0.755636  0.177578  0.994549  0.498759  0.190186  0.635183  0.462175  0.558217  0.680798  0.129625  
1.06932  2.69053  1.94308  6.78571  9.61582  2.15653  5.08799  14.0228  9.70214  15.7329  21.2261  4.67919  18.5789  18.8888  5.05106  2.28367  8.60038  32.049  9.6094  21.1908  18.3135  34.8089  21.9964  8.1926  0.534658  0.672631  0.323846  0.848213  0.961582  0.179711  0.363428  0.876426  0.539008  0.786647  0.964822  0.194966  0.714572  0.6746  0.168369  0.0713647  0.252952  0.890251  0.252879  0.52977  0.436035  0.791111  0.478182  0.170679  
0.577134  0.699403  0.488568  2.68124  7.59755  11.0407  0.00218751  0.227111  4.15174  7.55786  12.5485  20.9083  23.2389  11.6005  15.5578  7.31575  23.4669  18.6142  2.06158  4.51654  15.4324  39.3503  39.7298  9.96503  0.288567  0.174851  0.0814281  0.335155  0.759755  0.92006  0.000156251  0.0141944  0.230652  0.377893  0.570384  0.871181  0.893805  0.414304  0.518594  0.228617  0.690204  0.517062  0.054252  0.112914  0.367438  0.894324  0.863692  0.207605  
1.98933  0.632816  2.50425  1.113  0.102895  7.97395  12.4218  14.1458  12.5367  2.80343  20.5672  17.2135  24.4224  26.3372  4.7126  17.1711  23.007  17.7341  28.725  8.7789  27.7005  34.3208  42.2245  15.8916  0.994665  0.158204  0.417374  0.139126  0.0102895  0.664496  0.887271  0.884113  0.696482  0.140171  0.934874  0.717228  0.939322  0.940613  0.157087  0.536596  0.676677  0.492613  0.755922  0.219472  0.659536  0.780019  0.917923  0.331075  
0.653653  0.363402  4.3022  0.695229  5.69045  1.74471  4.31934  1.99203  5.95999  11.102  6.90508  18.1285  6.83156  14.4937  21.268  18.172  3.33384  34.3712  31.8969  22.0364  35.9073  18.4669  33.4993  22.36  0.326826  0.0908505  0.717033  0.0869036  0.569045  0.145393  0.308525  0.124502  0.33111  0.555099  0.313867  0.755356  0.262752  0.517632  0.708932  0.567875  0.0980543  0.954755  0.839391  0.550909  0.854936  0.419702  0.728245  0.465834  
1.06422  0.981463  2.27704  6.69169  9.09883  10.2858  12.6578  11.0084  0.012227  15.4131  17.5578  1.57506  22.6289  9.3974  4.08059  23.9282  29.0165  9.89306  5.35286  7.15316  36.2228  13.056  17.9112  16.3914  0.532109  0.245366  0.379507  0.836461  0.909883  0.857151  0.904132  0.688028  0.000679276  0.770655  0.798082  0.0656276  0.870341  0.335621  0.13602  0.747757  0.853427  0.274807  0.140865  0.178829  0.862447  0.296728  0.389374  0.341487  
0.597368  2.00209  0.155603  4.78849  4.00981  10.3004  3.89413  3.36256  10.6596  9.00769  8.50729  13.4809  4.7728  5.36993  16.8047  26.1492  9.92145  30.5817  28.4425  13.1997  1.08494  34.7049  39.9738  2.80414  0.298684  0.500521  0.0259339  0.598561  0.400981  0.858366  0.278152  0.21016  0.592198  0.450384  0.386695  0.561706  0.183569  0.191783  0.560158  0.817163  0.291807  0.849491  0.748487  0.329993  0.0258319  0.788748  0.868996  0.0584196  
0.674695  1.95318  2.82209  1.08736  1.14878  0.72595  3.20861  13.1044  6.11501  15.7151  16.865  7.80454  0.210724  9.51918  24.1005  23.2816  4.7932  34.7343  0.238584  17.5594  33.969  31.2645  24.364  33.697  0.337348  0.488295  0.470348  0.13592  0.114878  0.0604958  0.229186  0.819027  0.339723  0.785755  0.766589  0.325189  0.00810479  0.339971  0.80335  0.72755  0.140977  0.964841  0.00627853  0.438986  0.808786  0.710557  0.529652  0.702021  
0.596647  2.75346  1.13424  0.879731  6.75837  0.43045  13.9428  11.8406  4.54461  15.9418  4.73613  12.0355  19.2449  14.5403  2.11873  1.50445  6.1825  11.0983  5.22662  17.9471  21.7397  17.0539  31.1447  29.2805  0.298323  0.688365  0.18904  0.109966  0.675837  0.0358709  0.995913  0.740036  0.252479  0.797088  0.215279  0.501478  0.740187  0.519296  0.0706243  0.047014  0.181838  0.308285  0.137543  0.448679  0.517611  0.387589  0.677059  0.61001  
0.406959  2.72394  4.89004  3.36774  9.41884  8.85471  3.04003  3.66279  4.67058  17.7282  3.62202  20.3424  24.6344  1.83998  1.84417  10.2289  31.8342  23.3535  23.3277  11.7319  26.4879  43.6037  27.0742  26.9094  0.203479  0.680984  0.815006  0.420967  0.941884  0.737893  0.217145  0.228925  0.259477  0.886409  0.164637  0.847601  0.947477  0.0657136  0.0614725  0.319653  0.9363  0.648708  0.613886  0.293298  0.630663  0.990994  0.588569  0.560612  
0.0284764  3.59789  1.11411  5.14188  6.1821  5.00093  6.57483  14.0813  4.91677  14.2931  5.56251  2.14069  19.6458  23.8875  25.0056  5.79475  8.89679  1.334  8.72957  15.4117  1.89035  43.9397  39.7329  42.7186  0.0142382  0.899471  0.185684  0.642735  0.61821  0.416744  0.469631  0.880084  0.273154  0.714657  0.252841  0.0891954  0.755608  0.853125  0.833519  0.181086  0.26167  0.0370556  0.229726  0.385293  0.0450082  0.99863  0.863758  0.88997  
0.625155  3.94497  2.23375  7.33713  9.3554  10.7936  2.67461  13.2288  7.18751  9.74772  8.60829  6.59796  12.205  1.95302  24.6533  6.26433  29.8655  23.7041  17.5027  3.04161  32.3422  8.54112  38.1199  35.5891  0.312577  0.986242  0.372292  0.917141  0.93554  0.899466  0.191043  0.826801  0.399306  0.487386  0.391286  0.274915  0.469424  0.0697507  0.821777  0.19576  0.878398  0.658447  0.460598  0.0760403  0.770052  0.194116  0.828694  0.741439  
0.640574  3.3715  1.232  2.38995  3.27667  9.27263  12.5622  7.85041  8.39113  12.8618  4.72523  12.107  22.572  3.8091  22.3577  19.2004  11.8581  15.521  33.9144  2.4803  11.0022  23.696  43.6387  23.4446  0.320287  0.842875  0.205333  0.298744  0.327667  0.772719  0.897301  0.490651  0.466174  0.643091  0.214783  0.504456  0.868155  0.136039  0.745258  0.600012  0.348766  0.431138  0.892484  0.0620075  0.261957  0.538546  0.948668  0.48843  
0.5505  0.467204  5.87467  6.21364  8.55843  0.995033  5.54894  2.75169  5.34784  3.95433  6.90441  22.2891  20.03  2.1841  14.6928  16.4842  25.498  7.68647  27.1634  23.335  8.2003  32.5947  6.93777  3.17582  0.27525  0.116801  0.979112  0.776705  0.855843  0.0829194  0.396353  0.171981  0.297102  0.197716  0.313837  0.928713  0.770384  0.0780035  0.489759  0.515132  0.749941  0.213513  0.714827  0.583374  0.195245  0.740788  0.150821  0.0661628  
1.16497  0.998175  5.22843  6.22766  8.71416  9.66163  12.5511  9.60965  13.0214  7.01668  16.1654  12.5485  23.5998  24.0259  0.964363  11.5027  33.6935  23.1214  12.8973  22.5264  35.08  4.38616  8.93371  44.1274  0.582485  0.249544  0.871405  0.778458  0.871416  0.805136  0.896504  0.600603  0.723413  0.350834  0.73479  0.522855  0.907686  0.858069  0.0321454  0.359459  0.990986  0.642261  0.339403  0.563159  0.835238  0.0996854  0.194211  0.91932  
0.264746  1.40823  0.964165  2.52895  6.0849  5.19244  13.6554  10.6449  7.74434  6.85873  13.9016  19.2179  6.79483  19.39  7.04141  1.24613  15.6651  24.5607  0.167822  8.06719  19.6705  14.5145  28.8172  0.474772  0.132373  0.352057  0.160694  0.316119  0.60849  0.432703  0.975388  0.665305  0.430241  0.342937  0.631889  0.800746  0.26134  0.692499  0.234714  0.0389416  0.460738  0.682241  0.00441636  0.20168  0.468345  0.329875  0.62646  0.00989108  
0.0904954  0.306518  0.141714  7.74569  3.61385  9.4434  3.01554  6.14493  17.5677  11.916  12.7905  2.74838  21.9791  22.3756  1.3339  0.910255  15.0801  8.46031  25.5318  35.9867  39.9222  19.9043  36.8471  47.9891  0.0452477  0.0766295  0.0236189  0.968211  0.361385  0.78695  0.215396  0.384058  0.975981  0.5958  0.581387  0.114516  0.845348  0.799129  0.0444632  0.0284455  0.443534  0.235009  0.671889  0.899667  0.950528  0.45237  0.801024  0.999772  
1.33495  2.40193  4.72625  5.03782  6.76798  10.5157  8.94803  3.87236  10.947  8.5393  13.501  22.1462  20.8069  2.62831  19.205  26.0415  13.402  35.3101  10.4662  2.40329  0.512266  1.84281  40.6191  32.2585  0.667476  0.600483  0.787708  0.629727  0.676798  0.876305  0.639145  0.242022  0.608164  0.426965  0.613683  0.92276  0.800266  0.0938682  0.640168  0.813796  0.394177  0.980836  0.275427  0.0600822  0.0121968  0.0418821  0.883024  0.672052  
1.50745  0.630565  1.26226  0.0381154  8.38428  1.30102  4.41996  7.12986  5.18111  9.53431  20.733  8.89863  8.23681  0.197774  4.71308  31.0156  7.37726  5.27192  33.1287  24.0928  28.748  22.0959  45.3584  22.5838  0.753727  0.157641  0.210377  0.00476443  0.838428  0.108419  0.315711  0.445616  0.28784  0.476716  0.942409  0.370776  0.3168  0.00706337  0.157103  0.969236  0.216978  0.146442  0.871808  0.602319  0.684475  0.502178  0.986053  0.470495  
0.235991  2.70704  1.17508  6.10273  6.77684  9.92308  6.21256  10.408  12.5111  5.19351  13.4988  10.3661  18.3614  14.464  1.02002  19.2792  7.61978  22.5758  10.5016  0.982673  9.35855  1.03435  40.116  39.2823  0.117996  0.676759  0.195847  0.762842  0.677684  0.826923  0.443754  0.650498  0.695059  0.259676  0.613583  0.431921  0.706208  0.516572  0.0340007  0.602475  0.224111  0.627106  0.276358  0.0245668  0.222823  0.0235081  0.872086  0.818381  
1.48912  1.39133  0.210332  6.05368  9.40027  10.3323  12.6236  13.2102  7.58413  19.073  11.5653  7.50642  0.80119  9.13625  10.6148  28.6811  19.4448  17.348  36.9797  28.029  16.093  12.3579  16.8965  24.3832  0.74456  0.347832  0.0350553  0.75671  0.940027  0.861022  0.901684  0.82564  0.421341  0.953649  0.525693  0.312767  0.030815  0.326295  0.353825  0.896285  0.571905  0.481888  0.973149  0.700724  0.383166  0.280862  0.367316  0.507983  
0.764857  2.34176  0.405286  1.21371  9.26924  0.809871  13.7267  6.12593  5.85733  2.42942  2.05425  1.89435  13.7604  7.19151  9.98709  2.13469  26.4217  1.73736  15.4667  29.0874  34.8203  37.7394  34.8401  7.37366  0.382429  0.58544  0.0675476  0.151713  0.926924  0.0674893  0.980481  0.382871  0.325407  0.121471  0.0933751  0.0789313  0.529247  0.25684  0.332903  0.0667091  0.777108  0.04826  0.407019  0.727185  0.829054  0.857715  0.757393  0.153618  
1.59949  2.99862  4.26547  0.105061  3.40811  3.41927  11.4831  5.67427  0.265429  13.5821  2.46674  2.31484  4.27633  8.16469  21.5732  16.9899  21.5896  28.9831  16.9277  13.6703  32.8388  8.53415  31.9734  11.1745  0.799747  0.749656  0.710912  0.0131327  0.340811  0.284939  0.82022  0.354642  0.0147461  0.679105  0.112124  0.0964515  0.164474  0.291596  0.719107  0.530936  0.634989  0.805086  0.445466  0.341757  0.781877  0.193958  0.695074  0.232802  
1.09876  2.44856  5.78281  7.30521  8.38258  10.2402  5.57189  5.39649  6.42869  4.69061  13.8334  2.35344  21.2515  18.3227  3.56387  25.1182  6.70636  28.6066  25.0036  24.4172  14.1705  13.0863  36.7376  19.3585  0.549381  0.612141  0.963802  0.913151  0.838258  0.85335  0.397992  0.337281  0.357149  0.234531  0.628792  0.0980599  0.817364  0.654384  0.118796  0.784944  0.197246  0.794627  0.65799  0.61043  0.337393  0.297415  0.798643  0.403302  
0.111297  3.12477  0.731032  7.51708  7.74553  3.86293  12.3651  0.421047  15.0112  10.818  6.31484  18.1811  10.8518  10.2534  22.2382  30.3293  6.33327  28.4119  27.4185  22.586  21.1192  2.03352  15.4421  23.0707  0.0556483  0.781193  0.121839  0.939635  0.774553  0.321911  0.883222  0.0263155  0.833957  0.540902  0.287038  0.757545  0.417378  0.366195  0.741274  0.947792  0.186273  0.789219  0.721539  0.564651  0.502837  0.0462163  0.335698  0.480639  
0.835052  2.7709  0.254197  5.70406  5.04913  5.02334  13.1075  13.8508  17.6192  11.8417  5.81162  5.29216  16.5263  15.9126  29.7076  15.1109  10.1061  27.2828  13.9291  13.02  7.555  39.2152  22.6467  32.1365  0.417526  0.692724  0.0423662  0.713008  0.504913  0.418611  0.936251  0.865675  0.978845  0.592086  0.264165  0.220507  0.635626  0.568307  0.990254  0.472215  0.297237  0.757854  0.366556  0.325499  0.179881  0.891255  0.492319  0.669511  
0.898085  1.89132  2.93492  0.742534  4.81357  10.1794  2.49576  10.1511  5.24666  11.567  2.93564  1.67956  19.8642  20.7027  28.5441  11.9096  15.9884  28.3177  25.1359  35.9378  41.3981  22.3286  17.7416  14.8167  0.449043  0.47283  0.489154  0.0928168  0.481357  0.848284  0.178268  0.634442  0.291481  0.578348  0.133438  0.0699816  0.764007  0.739381  0.95147  0.372174  0.470248  0.786602  0.66147  0.898445  0.98567  0.507469  0.385688  0.308681  
0.107336  2.78844  1.61986  4.04546  6.60556  7.43962  9.58546  9.5102  15.8126  19.7391  6.72611  15.2385  22.9357  18.975  7.53863  29.3396  14.6556  8.27814  3.51179  24.0746  2.135  6.26897  23.4007  5.29769  0.0536678  0.69711  0.269976  0.505682  0.660556  0.619968  0.684675  0.594388  0.87848  0.986954  0.305732  0.634938  0.882143  0.67768  0.251288  0.916862  0.431046  0.229948  0.0924156  0.601866  0.0508332  0.142477  0.508711  0.110369  
0.980488  0.178681  4.93341  6.51837  4.85549  1.35743  0.0667782  14.1  7.97154  6.77986  15.0157  1.70929  8.34165  11.6643  7.09188  20.3638  32.2746  21.8956  12.5246  19.0751  27.9164  30.8965  33.9079  30.0012  0.490244  0.0446701  0.822235  0.814796  0.485549  0.113119  0.00476987  0.881251  0.442864  0.338993  0.682531  0.0712206  0.320833  0.416582  0.236396  0.636369  0.949252  0.608212  0.329594  0.476878  0.664675  0.702194  0.737128  0.625024  
0.586858  3.93704  4.59366  0.757724  7.10101  11.3442  10.2474  5.59567  5.55711  9.31462  11.9713  3.69077  13.8427  8.58444  27.5765  26.5394  9.9653  24.6831  23.9088  19.0567  25.2751  40.7043  3.88437  42.4734  0.293429  0.98426  0.76561  0.0947155  0.710101  0.945349  0.731958  0.349729  0.308728  0.465731  0.54415  0.153782  0.532411  0.306587  0.919215  0.829356  0.293097  0.685641  0.62918  0.476417  0.601789  0.925097  0.0844428  0.884863  
1.32832  0.342418  4.1529  7.90941  1.42042  9.41918  7.98244  3.57195  1.30261  15.675  1.91067  11.3658  25.7794  0.0686677  7.02621  17.2866  26.8248  34.9931  37.4946  9.56387  36.6548  42.602  26.1197  22.9871  0.66416  0.0856046  0.692149  0.988676  0.142042  0.784931  0.570174  0.223247  0.0723673  0.783749  0.0868484  0.473576  0.991514  0.00245242  0.234207  0.540205  0.788965  0.97203  0.9867  0.239097  0.872733  0.968228  0.567819  0.478897  
1.92584  2.92034  2.33127  3.00012  7.56684  7.673  8.07527  2.86517  7.19978  5.88215  17.6508  20.7077  3.94706  19.525  1.83093  9.32131  6.58552  7.8177  31.2038  33.2926  24.3993  32.2414  39.3335  18.7821  0.962918  0.730084  0.388545  0.375015  0.756684  0.639416  0.576805  0.179073  0.399988  0.294107  0.802311  0.86282  0.15181  0.697323  0.0610309  0.291291  0.193692  0.217158  0.821154  0.832315  0.580937  0.732759  0.855077  0.391295  
1.62544  0.44051  4.07958  0.426263  5.56716  9.29945  13.3394  5.65083  2.97521  9.24596  21.4607  16.8547  6.55161  12.3504  12.0674  12.9486  26.9539  27.2452  23.0657  3.24355  34.6413  38.4375  18.9381  12.428  0.812718  0.110128  0.679929  0.0532829  0.556716  0.774954  0.952811  0.353177  0.165289  0.462298  0.975485  0.702279  0.251985  0.441086  0.402247  0.404644  0.792763  0.756812  0.606991  0.0810889  0.824793  0.873581  0.411698  0.258916  
1.241  2.40925  3.18563  6.86661  4.30191  6.65141  5.66469  2.19355  7.43039  13.1929  19.5141  22.9816  6.73562  9.2587  10.7128  14.9995  7.10168  35.2015  8.24733  4.29329  30.2308  38.188  42.8249  45.8648  0.620502  0.602312  0.530938  0.858326  0.430191  0.554284  0.404621  0.137097  0.4128  0.659645  0.887003  0.957568  0.259062  0.330668  0.357094  0.468735  0.208873  0.977819  0.217035  0.107332  0.719782  0.867909  0.930975  0.955516  
1.78789  3.63224  3.42887  4.46936  5.67193  5.57504  8.04027  8.85036  8.50117  10.3313  0.652297  11.9395  5.03429  10.9627  11.3413  25.3911  19.5908  34.259  32.8514  11.9809  39.0829  42.0929  21.8584  38.763  0.893946  0.908059  0.571478  0.55867  0.567193  0.464586  0.574305  0.553147  0.472287  0.516564  0.0296499  0.497481  0.193627  0.391525  0.378044  0.793473  0.576199  0.95164  0.864512  0.299523  0.930545  0.956656  0.475183  0.807563  
1.41938  3.66704  0.202973  0.409664  6.15457  9.40906  3.08888  5.85049  4.23118  15.2214  9.6712  20.1688  0.795207  13.4699  27.257  17.188  23.9647  21.744  31.7975  35.836  5.32645  4.91433  27.0311  34.1585  0.709688  0.916761  0.0338289  0.051208  0.615457  0.784088  0.220634  0.365656  0.235066  0.76107  0.4396  0.840365  0.0305849  0.481068  0.908565  0.537126  0.704844  0.603999  0.836777  0.895899  0.12682  0.111689  0.587632  0.711635  
0.0912107  0.238957  5.2008  3.24699  7.72791  5.28189  6.92966  10.1473  16.8139  16.6597  18.7879  17.6449  24.2722  0.152979  11.8433  8.84508  14.6539  18.8181  23.8636  0.735766  8.91178  3.69851  6.96877  37.5937  0.0456053  0.0597393  0.8668  0.405873  0.772791  0.440157  0.494976  0.634209  0.934106  0.832984  0.853994  0.735202  0.933548  0.00546352  0.394776  0.276409  0.430996  0.522724  0.62799  0.0183941  0.212185  0.084057  0.151495  0.783203  
0.0815607  2.06518  2.71876  1.63705  9.75725  11.0456  4.64331  12.2817  15.2294  17.5091  21.8635  6.02055  14.0119  1.29275  19.5189  26.9319  14.3529  34.574  13.8698  7.66061  40.2294  26.6759  17.0865  5.55203  0.0407803  0.516296  0.453127  0.204632  0.975725  0.920466  0.331665  0.767603  0.846076  0.875454  0.993794  0.250856  0.538918  0.0461698  0.65063  0.841623  0.422145  0.960389  0.364995  0.191515  0.957843  0.606271  0.371445  0.115667  
0.930564  2.69388  4.92826  6.66255  2.15306  8.45772  1.48596  6.07258  11.7455  13.8551  0.683535  10.8375  4.83784  2.51746  5.68198  28.3663  13.4696  24.0476  4.57957  18.0195  1.2078  37.2295  39.4932  22.5269  0.465282  0.673471  0.821377  0.832819  0.215306  0.70481  0.10614  0.379536  0.652526  0.692755  0.0310698  0.451564  0.186071  0.0899091  0.189399  0.886447  0.396166  0.66799  0.120515  0.450487  0.0287571  0.846124  0.858547  0.469311  
0.687313  2.69952  5.4971  7.8234  5.79066  8.69769  7.84711  5.32422  2.68157  2.02  8.76023  18.016  8.33248  19.985  1.73396  27.0895  17.0617  28.8896  30.7651  5.72472  19.2846  10.3508  2.2254  4.77792  0.343656  0.67488  0.916184  0.977925  0.579066  0.724807  0.560508  0.332764  0.148976  0.101  0.398192  0.750668  0.32048  0.713751  0.0577987  0.846547  0.501815  0.80249  0.809609  0.143118  0.459158  0.235246  0.0483783  0.0995401  
1.23677  3.75716  4.90745  6.59131  6.60714  10.0105  12.6377  7.46111  0.657224  19.7086  13.1889  20.121  12.5072  11.5044  23.9519  24.4748  3.67911  35.9764  21.3797  18.6938  37.8206  37.4404  22.2193  33.9179  0.618386  0.93929  0.817908  0.823914  0.660714  0.834206  0.902694  0.466319  0.0365125  0.985429  0.599498  0.838376  0.481047  0.410873  0.798396  0.764838  0.108209  0.999343  0.562623  0.467346  0.90049  0.850918  0.483029  0.706623  
1.50757  2.42158  0.610841  2.40269  2.30611  8.82877  11.1224  10.5607  6.45111  15.4269  1.52235  15.139  2.49611  14.4216  0.547895  0.911185  30.1542  20.4562  28.2631  19.6585  0.0998295  24.7575  22.7239  28.6647  0.753784  0.605396  0.101807  0.300337  0.230611  0.73573  0.794455  0.660042  0.358395  0.771344  0.0691979  0.630793  0.0960044  0.515058  0.0182632  0.0284745  0.886888  0.568229  0.743767  0.491462  0.00237689  0.56267  0.493998  0.597181  
1.38002  0.345327  1.75133  0.608131  4.56354  1.28791  5.53785  0.0446258  10.2854  19.3604  7.51301  9.12828  24.798  14.1971  25.1846  14.0864  1.29452  18.9181  18.4268  37.0212  40.451  11.9342  26.5085  28.5409  0.690009  0.0863316  0.291888  0.0760164  0.456354  0.107325  0.395561  0.00278911  0.571413  0.96802  0.341501  0.380345  0.953771  0.50704  0.839487  0.440199  0.038074  0.525502  0.484917  0.925531  0.96312  0.271232  0.576271  0.594602  
1.17888  0.705509  0.706104  5.61876  5.44809  7.40595  12.0945  0.106062  4.05918  18.8466  13.3671  0.45797  22.5209  3.18182  4.00136  24.3797  30.0792  31.2327  3.87695  26.4271  22.781  19.4897  16.4711  5.50656  0.589442  0.176377  0.117684  0.702345  0.544809  0.617162  0.863896  0.00662886  0.22551  0.942328  0.607593  0.0190821  0.866188  0.113637  0.133379  0.761867  0.884682  0.867575  0.102025  0.660678  0.542406  0.442948  0.358066  0.11472  
1.42735  1.01126  4.69258  0.452087  2.29334  11.9599  4.34009  12.8126  16.6803  5.64303  18.7734  12.3854  6.87873  15.5663  22.5952  12.0742  20.8167  21.4274  10.1862  28.3391  21.7854  20.115  5.10667  40.6411  0.713673  0.252814  0.782097  0.0565109  0.229334  0.996658  0.310007  0.80079  0.926681  0.282152  0.853335  0.516056  0.264567  0.555939  0.753172  0.37732  0.612256  0.595206  0.268057  0.708478  0.5187  0.45716  0.111015  0.846689  
0.927368  3.08637  1.99608  4.63668  5.365  2.12253  0.297219  5.41245  13.0512  13.5047  18.5602  12.9396  25.4095  12.3499  5.61059  17.7558  8.03028  35.5611  28.9486  20.8629  6.22109  23.2542  22.5702  39.8682  0.463684  0.771593  0.332681  0.579585  0.5365  0.176878  0.0212299  0.338278  0.725065  0.675233  0.843646  0.539152  0.977287  0.441068  0.18702  0.55487  0.236185  0.987808  0.761806  0.521573  0.148121  0.528505  0.490657  0.830588  
0.7073  2.96802  1.62456  1.70679  6.93064  9.73881  9.50864  8.47346  6.51128  16.0112  8.57532  13.349  21.4303  9.45691  17.1015  3.5743  19.7543  4.24437  4.80879  16.7499  3.44385  23.5199  44.7675  5.66963  0.35365  0.742006  0.27076  0.213349  0.693064  0.811568  0.679189  0.529591  0.361738  0.800558  0.389787  0.556206  0.824243  0.337747  0.570051  0.111697  0.581009  0.117899  0.126547  0.418748  0.0819965  0.534544  0.973207  0.118117  
1.18699  0.128535  2.20524  6.15651  7.77305  1.91533  10.1904  1.97069  3.14824  7.62175  5.92303  13.5968  1.83888  12.5391  27.1898  5.33239  25.895  31.6152  2.60815  37.7556  19.2293  26.1324  31.2355  22.5225  0.593497  0.0321337  0.36754  0.769564  0.777305  0.159611  0.727885  0.123168  0.174902  0.381088  0.269229  0.566535  0.070726  0.447823  0.906325  0.166637  0.761618  0.8782  0.0686355  0.943889  0.457841  0.593919  0.679033  0.469218  
1.55951  0.411736  1.17694  6.7877  1.72629  3.20523  3.72486  6.68881  8.00748  10.4511  11.5698  10.6687  11.1422  14.7064  18.2262  18.2817  22.2157  24.6291  21.6554  26.3036  31.6636  33.6016  38.1273  47.9858  0.779753  0.102934  0.196156  0.848462  0.172629  0.267103  0.266062  0.418051  0.44486  0.522554  0.525902  0.444528  0.428548  0.52523  0.607541  0.571303  0.653404  0.68414  0.569879  0.657589  0.753894  0.763674  0.828854  0.999705  
0.104698  2.91626  0.738538  2.82341  2.34564  4.39821  2.82307  5.31428  5.48813  8.46551  8.59123  12.1297  10.7167  15.4964  17.0333  22.2395  21.3667  24.5829  23.8359  29.2841  32.5856  34.415  38.0814  47.9727  0.0523489  0.729066  0.12309  0.352927  0.234564  0.366518  0.201648  0.332142  0.304896  0.423275  0.39051  0.505405  0.412181  0.553442  0.567778  0.694985  0.628431  0.682858  0.627261  0.732102  0.775848  0.782159  0.827856  0.999431  
0.0423594  0.120541  5.95814  6.46088  0.640945  2.91086  3.89684  4.45441  3.17919  9.46673  10.9809  9.82494  13.9011  16.5534  9.9852  20.2574  21.3688  24.8819  23.2877  27.1516  31.1606  33.3642  35.6073  47.9929  0.0211797  0.0301353  0.993023  0.80761  0.0640945  0.242571  0.278345  0.278401  0.176622  0.473336  0.499131  0.409373  0.534659  0.591195  0.33284  0.633044  0.628495  0.691163  0.612834  0.678789  0.74192  0.758277  0.774071  0.999851  
1.55951  0.411736  1.17694  6.7877  1.72629  3.20523  3.72486  6.68881  8.00748  10.4511  11.5698  10.6687  11.1422  14.7064  18.2262  18.2817  22.2157  24.6291  21.6554  26.3036  31.6636  33.6016  38.1273  47.9858  0.779753  0.102934  0.196156  0.848462  0.172629  0.267103  0.266062  0.418051  0.44486  0.522554  0.525902  0.444528  0.428548  0.52523  0.607541  0.571303  0.653404  0.68414  0.569879  0.657589  0.753894  0.763674  0.828854  0.999705  
1.52854  2.84303  1.03117  5.99036  1.08849  1.65339  3.50408  2.65938  8.77027  8.40909  9.39689  9.45358  12.9053  15.7968  16.6657  21.4991  23.0114  23.1065  22.8795  27.335  30.7515  31.9632  36.9527  47.9682  0.764268  0.710758  0.171861  0.748795  0.108849  0.137782  0.250291  0.166211  0.487237  0.420455  0.427131  0.393899  0.496359  0.56417  0.555523  0.671847  0.676806  0.641847  0.602091  0.683375  0.732179  0.726436  0.803319  0.999337  
1.55067  0.737523  0.281046  6.8089  1.79052  3.63163  4.00648  6.36682  8.60767  9.90351  10.9471  13.4326  12.4582  12.7622  18.6223  18.2652  19.3015  22.4635  24.881  25.0696  31.3132  34.348  36.7632  47.9903  0.775333  0.184381  0.046841  0.851113  0.179052  0.302636  0.286177  0.397927  0.478204  0.495176  0.497595  0.55969  0.47916  0.455793  0.620743  0.570789  0.56769  0.623987  0.654762  0.62674  0.745551  0.780637  0.799199  0.999798  
1.54571  2.88476  1.24265  5.9694  1.10676  1.60801  3.54059  2.9857  7.88957  8.54727  9.72424  9.08798  12.242  15.8967  16.5923  21.516  23.5166  23.4293  23.3786  27.3319  30.7973  31.9968  37.342  47.9658  0.772857  0.721191  0.207108  0.746176  0.110676  0.134001  0.252899  0.186606  0.438309  0.427363  0.442011  0.378666  0.470846  0.567738  0.553076  0.672376  0.691665  0.650814  0.615225  0.683299  0.733269  0.727199  0.811782  0.999288  
1.61482  1.43262  0.877105  6.70757  1.3366  3.62072  3.09014  6.81959  7.46142  9.69895  10.9647  12.2193  14.3268  13.0153  17.3394  20.126  18.4299  23.3339  24.3444  27.4515  31.1573  34.284  36.1126  47.9974  0.807408  0.358155  0.146184  0.838447  0.13366  0.301727  0.220724  0.426224  0.414523  0.484948  0.498394  0.509138  0.551029  0.464831  0.577979  0.628936  0.542057  0.648165  0.640641  0.686288  0.74184  0.779181  0.785057  0.999945  
1.4738  0.689361  0.866777  6.70023  1.59484  2.90623  3.81593  5.7084  6.93042  9.63453  9.8564  12.8657  12.4146  13.4871  17.2451  20.0709  19.2186  23.3577  25.2169  26.3811  30.8866  34.6692  36.76  47.9902  0.736898  0.17234  0.144463  0.837528  0.159484  0.242186  0.272566  0.356775  0.385023  0.481726  0.448018  0.536073  0.477483  0.481682  0.574835  0.627214  0.565254  0.648825  0.663603  0.659526  0.735394  0.787936  0.79913  0.999796  
1.41621  1.51459  0.642503  6.2619  0.888034  3.00616  2.68837  4.95304  8.36409  9.276  10.7282  10.473  15.6755  13.3025  16.6202  19.6481  19.2311  21.613  23.4153  26.4997  30.7747  33.1848  36.8985  47.9904  0.708104  0.378647  0.107084  0.782738  0.0888034  0.250513  0.192027  0.309565  0.464671  0.4638  0.487644  0.436376  0.602905  0.475089  0.554005  0.614005  0.565621  0.60036  0.616192  0.662491  0.732731  0.754201  0.802141  0.999801  
1.5833  2.97608  1.70543  5.92354  1.14672  1.5087  3.62048  3.69978  5.95932  8.84963  10.4406  8.28794  10.7904  16.1153  16.4316  21.5531  24.6222  24.1358  24.4708  27.3252  30.8974  32.0703  38.194  47.9607  0.791652  0.744021  0.284238  0.740443  0.114672  0.125725  0.258606  0.231236  0.331073  0.442481  0.474572  0.345331  0.415015  0.575545  0.54772  0.673533  0.724182  0.670438  0.643967  0.68313  0.735652  0.72887  0.830303  0.99918  
1.47703  0.245857  0.768559  6.64693  1.64022  3.441  3.90574  6.73606  7.4878  10.1124  10.6835  12.0706  11.9785  13.3582  17.4711  18.8796  19.0602  23.2814  24.7408  26.1529  30.8903  34.7048  36.7271  47.992  0.738514  0.0614643  0.128093  0.830867  0.164022  0.28675  0.278982  0.421004  0.415989  0.505619  0.485612  0.502943  0.46071  0.477078  0.582369  0.589988  0.560593  0.646707  0.651074  0.653822  0.735484  0.788745  0.798416  0.999834  
1.43861  0.440915  0.779805  6.55354  1.85077  3.42427  3.08618  6.36776  7.89772  9.8589  10.5528  11.8079  11.2332  12.981  17.8848  18.7846  20.3311  24.0658  24.5097  26.5089  30.901  34.144  37.2195  47.9931  0.719304  0.110229  0.129968  0.819192  0.185077  0.285356  0.220441  0.397985  0.438762  0.492945  0.479675  0.491994  0.432047  0.463606  0.59616  0.58702  0.597975  0.668493  0.644992  0.662723  0.735739  0.776001  0.809119  0.999856  
1.60811  0.254345  0.854511  6.84792  1.70225  3.86087  3.9057  7.45894  7.95764  10.4461  11.0663  11.8269  12.0031  13.7017  18.5957  18.3401  19.3319  23.8653  23.6838  26.6123  31.0819  34.7822  36.9732  47.998  0.804054  0.0635862  0.142418  0.85599  0.170225  0.321739  0.278979  0.466183  0.442091  0.522306  0.503013  0.492786  0.461656  0.489348  0.619858  0.573128  0.568586  0.662925  0.623259  0.665307  0.740045  0.790506  0.803764  0.999957  
1.52917  0.457161  0.872724  6.97003  1.59149  3.12963  3.30011  6.43885  8.66388  10.2411  11.1991  14.0654  14.7576  11.6652  18.7451  18.773  17.0918  22.3843  24.1241  24.9468  30.7336  34.5485  36.7495  47.9994  0.764584  0.11429  0.145454  0.871254  0.159149  0.260803  0.235722  0.402428  0.481327  0.512055  0.509051  0.586057  0.567599  0.416616  0.624836  0.586656  0.502701  0.621786  0.634844  0.62367  0.731751  0.785193  0.798901  0.999988  
1.32259  0.748084  1.21305  6.2927  1.32707  2.70093  3.18881  5.43755  5.65813  9.36677  10.6427  12.1831  12.9447  13.7593  17.0455  19.8689  19.9028  22.6879  24.8303  26.095  30.7864  34.146  37.6757  47.9822  0.661295  0.187021  0.202174  0.786587  0.132707  0.225078  0.227772  0.339847  0.314341  0.468339  0.483759  0.507627  0.497872  0.491404  0.568182  0.620904  0.585375  0.630219  0.65343  0.652375  0.73301  0.776046  0.819037  0.999628  
1.58622  1.22929  0.932843  6.8285  1.55089  3.45781  4.23593  6.04043  7.64575  9.53908  10.6389  12.1569  10.5591  13.7311  16.2795  19.0256  22.0306  22.8026  25.9932  25.7551  31.6244  33.6524  35.0938  47.9767  0.793111  0.307323  0.155474  0.853562  0.155089  0.288151  0.302567  0.377527  0.424764  0.476954  0.483584  0.506539  0.40612  0.490395  0.542651  0.594549  0.647959  0.633407  0.68403  0.643877  0.752961  0.764827  0.762909  0.999515  
1.55495  1.33951  0.91208  6.38456  1.60671  2.76796  2.42117  6.30543  7.25669  10.3075  10.1379  9.72318  11.2776  12.9202  15.291  20.0782  21.1066  24.8523  24.9372  27.8582  31.2952  32.9152  37.5493  47.9959  0.777476  0.334878  0.152013  0.79807  0.160671  0.230663  0.172941  0.394089  0.403149  0.515377  0.460812  0.405133  0.433753  0.461437  0.5097  0.627443  0.620782  0.690342  0.656241  0.696455  0.745125  0.748073  0.81629  0.999915  
1.5833  2.97608  1.70543  5.92354  1.14672  1.5087  3.62048  3.69978  5.95791  8.84963  10.4406  8.28794  10.7904  16.1153  16.4316  21.5531  24.6222  24.1358  24.4708  27.3252  30.8974  32.0703  38.194  47.9607  0.791652  0.744021  0.284238  0.740443  0.114672  0.125725  0.258606  0.231236  0.330995  0.442481  0.474572  0.345331  0.415015  0.575545  0.54772  0.673533  0.724182  0.670438  0.643967  0.68313  0.735652  0.72887  0.830303  0.99918  
1.63698  2.301  1.7319  6.65499  1.47291  3.12968  2.60029  6.53758  5.54531  10.5438  11.0539  9.13678  9.68655  14.4943  14.3376  19.259  23.4611  24.8434  25.6422  27.6735  32.2272  33.4614  37.6048  47.9981  0.818491  0.57525  0.28865  0.831874  0.147291  0.260806  0.185735  0.408599  0.308073  0.52719  0.50245  0.380699  0.37256  0.517655  0.47792  0.601843  0.690031  0.690094  0.674794  0.691838  0.767314  0.760485  0.817496  0.999961  
1.50808  1.32316  0.715258  6.86311  1.07947  2.63521  2.73911  6.13925  6.44264  10.1345  10.7045  12.5227  16.0211  12.0359  18.0231  20.3349  17.8859  22.1906  25.0431  25.7533  31.3245  33.9395  38.015  47.9987  0.754041  0.330791  0.11921  0.857889  0.107947  0.219601  0.195651  0.383703  0.357924  0.506723  0.48657  0.52178  0.616197  0.429854  0.600771  0.635466  0.526056  0.616404  0.65903  0.643832  0.745821  0.771353  0.826412  0.999973  
1.54358  1.52337  1.72403  6.47125  1.21586  3.20723  3.15686  7.0201  3.87471  10.1396  11.1136  11.6614  11.1631  14.2603  16.5365  20.607  19.4837  24.4095  24.5115  29.002  31.3911  34.0379  37.0456  47.9949  0.771791  0.380843  0.287339  0.808906  0.121586  0.267269  0.22549  0.438756  0.215261  0.50698  0.505163  0.485893  0.42935  0.509297  0.551216  0.643969  0.573049  0.678041  0.64504  0.725051  0.747407  0.773589  0.805338  0.999894  
1.67696  0.928886  4.88145  4.29621  1.85824  2.4662  3.81484  7.17154  2.52324  11.3391  10.5011  13.7322  15.354  16.6021  16.2153  17.6364  16.0967  24.7961  23.6009  30.6835  31.3233  34.3315  38.2825  47.9965  0.838482  0.232222  0.813574  0.537027  0.185824  0.205517  0.272489  0.448221  0.14018  0.566954  0.477325  0.572176  0.590538  0.592931  0.540509  0.551137  0.473433  0.688781  0.621077  0.767086  0.745794  0.780261  0.832229  0.999926  
1.42016  0.107334  1.32084  6.59065  1.74104  3.13549  3.80774  6.71163  5.45148  9.9617  10.8146  12.8714  11.0775  13.9623  18.0499  19.2039  19.954  23.833  24.9669  26.1523  30.9426  34.9582  37.7137  47.986  0.710079  0.0268336  0.22014  0.823831  0.174104  0.261291  0.271981  0.419477  0.30286  0.498085  0.491573  0.536308  0.426056  0.498653  0.601663  0.600121  0.586883  0.662029  0.657023  0.653806  0.736729  0.794505  0.819862  0.999708  
1.56735  0.220219  0.968563  7.0464  1.91924  3.66483  3.73382  6.37175  7.14446  10.0142  10.2746  13.7589  10.3464  13.2961  19.1902  18.833  18.6199  23.8969  24.0569  27.4191  31.3551  34.8066  36.9669  47.9911  0.783675  0.0550547  0.161427  0.8808  0.191924  0.305402  0.266701  0.398234  0.396914  0.500709  0.467029  0.573286  0.397938  0.474861  0.639674  0.588532  0.547644  0.663801  0.633077  0.685477  0.746549  0.791059  0.803629  0.999815  
1.54139  2.23386  0.20981  6.40992  0.857212  2.92753  3.04902  4.38633  7.76593  8.9333  10.4455  11.9391  13.9455  13.9187  17.8807  20.9977  20.0473  21.1975  25.8987  26.526  30.8459  32.6542  35.9832  47.9812  0.770694  0.558466  0.0349683  0.80124  0.0857212  0.24396  0.217787  0.274145  0.431441  0.446665  0.474795  0.497463  0.536367  0.497097  0.596025  0.656178  0.589627  0.588819  0.681544  0.663149  0.734427  0.742141  0.782243  0.999609  
1.53634  0.455219  1.59342  6.37914  1.5021  3.2478  3.49201  6.97872  7.25314  10.5136  11.513  11.4163  13.0657  15.0574  17.1902  18.2607  19.7979  23.7537  20.7243  27.1708  31.5745  33.5531  37.5832  47.9939  0.768172  0.113805  0.26557  0.797392  0.15021  0.27065  0.249429  0.43617  0.402952  0.525681  0.523319  0.47568  0.502527  0.537764  0.573008  0.570648  0.58229  0.659825  0.545377  0.679271  0.751775  0.762571  0.817026  0.999873  
1.526  0.382573  1.06161  6.71618  1.89003  3.6111  3.67096  7.31228  7.75722  10.2348  11.1575  12.845  12.307  13.0933  18.0848  18.2195  18.9805  23.8486  24.4733  26.5563  31.1221  34.742  37.0011  47.9955  0.762999  0.0956433  0.176935  0.839522  0.189003  0.300925  0.262212  0.457018  0.430957  0.511738  0.50716  0.535208  0.473346  0.467617  0.602827  0.569359  0.558249  0.662462  0.644034  0.663908  0.741001  0.789591  0.804372  0.999906  
1.53319  1.95895  1.51901  5.97029  1.207  2.69813  3.63452  6.07694  4.56742  9.84712  10.6989  10.0921  10.7406  14.9445  17.7095  20.6708  20.3337  23.2103  22.7486  28.4023  30.6332  33.8841  37.6335  47.9881  0.766596  0.489738  0.253169  0.746286  0.1207  0.224845  0.259608  0.379809  0.253746  0.492356  0.486315  0.420504  0.4131  0.533732  0.590315  0.645962  0.598051  0.644732  0.598646  0.710058  0.729362  0.770094  0.81812  0.999752  
1.57469  0.98716  1.45514  6.90262  1.22597  3.86228  2.73274  7.2439  7.66374  10.2207  12.4285  10.6185  12.1617  14.1749  14.6317  18.7407  22.6749  25.7768  26.0229  28.0846  32.3963  32.3985  36.0352  47.9951  0.787344  0.24679  0.242524  0.862828  0.122597  0.321856  0.195196  0.452744  0.425763  0.511036  0.56493  0.442437  0.467757  0.506247  0.487723  0.585647  0.666909  0.716023  0.684812  0.702116  0.77134  0.736329  0.783373  0.999897  
1.33016  0.554416  4.78479  3.39249  1.20368  2.44841  3.33713  4.34637  5.89842  10.2419  9.68255  6.5363  13.2448  15.4867  14.4425  18.6494  23.7361  24.0803  24.223  27.606  31.6953  33.5556  37.0439  47.9919  0.665081  0.138604  0.797465  0.424061  0.120368  0.204034  0.238367  0.271648  0.32769  0.512094  0.440116  0.272346  0.509416  0.553098  0.481417  0.582793  0.698119  0.668897  0.637448  0.690149  0.754649  0.762628  0.805302  0.999832  
1.49663  2.29529  1.2777  5.99221  1.18215  2.00449  3.38882  4.50881  6.2559  8.96494  10.3762  10.1922  12.3165  14.4977  15.9664  21.343  21.7088  23.3381  25.2255  27.0283  30.8641  32.978  37.0962  47.9722  0.748314  0.573822  0.212949  0.749026  0.118215  0.167041  0.242059  0.281801  0.34755  0.448247  0.471646  0.424676  0.473711  0.517776  0.532213  0.66697  0.638493  0.64828  0.663828  0.675709  0.734861  0.749501  0.806439  0.99942  
1.48037  1.94557  0.767188  6.09147  1.11219  3.15006  3.22325  4.67032  8.39533  9.10658  10.1194  11.3155  13.415  13.3018  16.721  19.6111  20.9369  21.4579  26.1749  26.4214  30.9843  33.1704  36.0268  47.9815  0.740186  0.486392  0.127865  0.761434  0.111219  0.262505  0.230232  0.291895  0.466407  0.455329  0.459971  0.471481  0.515961  0.475064  0.557365  0.612846  0.615793  0.596053  0.688813  0.660534  0.737721  0.753872  0.783192  0.999615  
1.69902  3.00996  4.64937  5.74999  0.279184  1.2716  3.8185  7.3951  4.26922  5.15672  9.06005  9.9902  15.017  16.8679  15.7984  22.0116  19.4563  25.425  23.0678  22.4991  32.2165  35.7453  38.4421  47.9793  0.849508  0.75249  0.774894  0.718749  0.0279184  0.105966  0.27275  0.462194  0.237179  0.257836  0.411821  0.416258  0.577577  0.602425  0.526614  0.687862  0.572244  0.706249  0.607048  0.562476  0.76706  0.812393  0.835697  0.999568  
1.58317  2.98151  1.60088  5.58081  1.22305  1.47199  3.79423  3.64851  6.41506  9.12687  10.3401  8.15367  10.9094  16.0693  16.8343  21.1057  24.9815  24.2244  24.7557  27.3248  30.7952  32.0861  38.1096  47.9645  0.791584  0.745377  0.266813  0.697601  0.122305  0.122666  0.271016  0.228032  0.356392  0.456344  0.470002  0.339736  0.419594  0.573905  0.561143  0.659554  0.73475  0.672899  0.651466  0.68312  0.733219  0.72923  0.82847  0.999261  
1.56083  1.72094  1.30205  6.37256  1.61947  2.68147  3.48681  5.41022  7.96442  9.44098  10.671  11.3323  12.4407  14.3807  17.6391  19.5566  21.2406  23.9236  23.7824  27.1543  31.0749  33.3686  37.313  47.9822  0.780416  0.430234  0.217008  0.79657  0.161947  0.223456  0.249058  0.338139  0.442468  0.472049  0.485047  0.472179  0.478487  0.513596  0.58797  0.611144  0.624724  0.664545  0.625853  0.678858  0.739878  0.758376  0.811151  0.999629  
1.66042  1.11657  4.76689  3.83538  2.28272  2.98902  4.56294  7.12789  2.9249  10.7181  9.85655  13.913  12.1123  17.6435  17.7775  17.7747  17.4803  24.2217  23.0311  30.6688  31.4253  33.8039  37.7377  47.9965  0.830211  0.279143  0.794482  0.479423  0.228272  0.249085  0.325924  0.445493  0.162495  0.535905  0.448025  0.579708  0.465858  0.630124  0.592585  0.555459  0.514126  0.672826  0.606083  0.76672  0.748222  0.76827  0.820384  0.999926  
1.62526  1.21742  1.58678  6.5318  0.860311  2.68126  3.25226  5.47365  5.0308  9.74153  10.5061  11.4342  13.6784  14.4645  16.5666  20.8853  20.1997  22.7614  23.8037  26.6671  31.2684  33.2864  37.3099  47.9854  0.812631  0.304355  0.264463  0.816475  0.0860311  0.223439  0.232304  0.342103  0.279489  0.487077  0.477552  0.476427  0.526093  0.516588  0.552219  0.652665  0.594108  0.632261  0.626414  0.666678  0.744485  0.756509  0.811086  0.999695  
1.4675  1.1556  0.449472  6.05943  1.44356  3.16322  3.851  5.06901  8.53563  9.64532  9.13132  13.0607  14.889  13.5441  17.1792  19.6553  17.5894  21.3577  25.3275  26.7051  30.7692  34.6637  36.2226  47.9939  0.733752  0.288899  0.074912  0.757428  0.144356  0.263601  0.275072  0.316813  0.474202  0.482266  0.41506  0.544195  0.572654  0.483718  0.572641  0.614228  0.517336  0.59327  0.666514  0.667626  0.732599  0.787811  0.787447  0.999873  
1.58818  0.2431  0.814266  6.4976  1.5464  2.8602  3.71892  6.73942  7.55178  10.4049  11.0401  13.9814  13.7386  12.8176  18.6624  18.7678  17.5489  22.5655  24.0576  25.961  30.5443  34.7786  35.3479  47.9936  0.794089  0.0607751  0.135711  0.8122  0.15464  0.23835  0.265637  0.421214  0.419543  0.520246  0.501823  0.582558  0.528408  0.457771  0.62208  0.586493  0.516143  0.626821  0.633094  0.649025  0.727245  0.790423  0.768432  0.999868  
1.39823  0.869079  1.07622  6.1294  1.5659  3.09206  2.7288  6.65666  7.1124  10.2614  11.5348  9.201  11.7523  13.2285  17.8748  18.6126  22.3385  24.3932  23.0937  26.1938  31.1994  32.4659  39.0077  47.9956  0.699116  0.21727  0.179371  0.766175  0.15659  0.257672  0.194914  0.416041  0.395133  0.51307  0.524308  0.383375  0.452013  0.472447  0.595828  0.581644  0.657013  0.677589  0.607728  0.654846  0.742842  0.737862  0.847994  0.999907  
1.44329  2.87641  0.599377  5.79356  0.76484  2.33141  2.56723  5.07322  7.48052  9.46693  11.8806  8.29163  13.2094  15.1148  15.5671  19.1663  21.7801  22.6153  21.2398  27.7801  31.0575  31.5473  36.8183  47.985  0.721645  0.719102  0.0998962  0.724195  0.076484  0.194285  0.183373  0.317076  0.415585  0.473346  0.540026  0.345484  0.508056  0.539815  0.518903  0.598948  0.640592  0.628203  0.558942  0.694503  0.739463  0.716984  0.800397  0.999688  
1.52389  0.838599  0.261716  7.40132  1.56465  2.62598  2.96609  6.30568  6.27874  10.1526  10.8042  12.0386  13.5199  11.7974  19.6495  20.6219  19.3311  23.5163  25.8231  25.3221  31.3206  34.6609  38.8108  47.9871  0.761946  0.20965  0.0436194  0.925165  0.156465  0.218831  0.211863  0.394105  0.348819  0.507632  0.491098  0.50161  0.519997  0.421337  0.654985  0.644433  0.568562  0.653231  0.679555  0.633052  0.745729  0.787747  0.843712  0.999732  
1.43554  2.31361  0.306909  5.85149  1.54495  2.12801  3.45572  3.29998  7.07855  9.93455  10.3278  10.1657  11.0072  14.278  16.6985  20.8725  22.7362  22.8603  25.4893  28.4668  30.5331  32.0091  36.9149  47.9692  0.717772  0.578401  0.0511514  0.731437  0.154495  0.177334  0.246837  0.206249  0.393253  0.496727  0.469446  0.42357  0.423355  0.509928  0.556617  0.652266  0.668711  0.635008  0.670772  0.71167  0.726978  0.72748  0.802498  0.999358  
1.55288  1.90133  1.02486  5.85124  1.20739  2.79381  3.73522  5.26446  9.11756  9.60689  11.5582  7.32486  11.275  15.6108  17.0935  18.8746  23.1652  23.2602  22.3228  26.8259  30.8057  32.0757  37.2692  47.9807  0.77644  0.475332  0.17081  0.731404  0.120739  0.232817  0.266801  0.329029  0.506531  0.480344  0.525373  0.305203  0.433654  0.55753  0.569783  0.589831  0.681331  0.646116  0.587442  0.670648  0.733468  0.728994  0.810199  0.999598  
1.20905  1.32411  1.73888  5.88866  1.53635  1.99793  2.93135  5.88754  7.40624  8.73726  10.0301  7.78095  10.9566  16.5737  16.6191  20.002  20.8016  25.8966  19.1651  29.769  30.5094  32.1657  37.0826  47.9867  0.604523  0.331028  0.289813  0.736083  0.153635  0.166494  0.209382  0.367971  0.411458  0.436863  0.455913  0.324206  0.421406  0.591918  0.55397  0.625062  0.611811  0.719351  0.504344  0.744224  0.726415  0.731039  0.806144  0.999722  
1.7308  2.13737  2.99114  7.34463  1.57415  2.26824  5.01599  5.71293  0.773115  11.0597  11.0861  12.9669  9.01911  17.6721  15.5992  18.4704  23.8061  23.9514  25.4921  26.5687  32.872  35.5885  38.0839  47.9966  0.865402  0.534343  0.498524  0.918078  0.157415  0.18902  0.358285  0.357058  0.0429508  0.552985  0.503915  0.540289  0.346889  0.631148  0.519974  0.5772  0.70018  0.665317  0.670844  0.664217  0.782666  0.808831  0.827911  0.99993  
1.60905  2.5206  0.707802  6.66279  1.04076  2.31282  3.21186  4.52795  6.47464  9.13916  9.15652  12.2318  12.9008  13.7069  15.796  22.2957  19.0538  22.8825  26.1232  28.2705  31.0853  33.7653  35.7678  47.9817  0.804524  0.630151  0.117967  0.832849  0.104076  0.192735  0.229418  0.282997  0.359702  0.456958  0.416206  0.50966  0.496185  0.489531  0.526533  0.69674  0.560407  0.635624  0.687453  0.706763  0.740127  0.767393  0.777561  0.99962  
1.67116  2.39776  1.57818  7.05387  1.19794  2.42989  3.62184  4.34038  6.5308  8.79041  10.4156  10.9199  9.84738  14.2529  17.3786  21.6825  22.6521  23.514  25.4549  27.2167  31.3446  32.9817  37.1518  47.9664  0.83558  0.59944  0.26303  0.881734  0.119794  0.202491  0.258703  0.271274  0.362822  0.43952  0.473437  0.454998  0.378745  0.509033  0.579286  0.677577  0.666239  0.653167  0.669867  0.680418  0.746299  0.749584  0.807648  0.999299  
1.31453  1.02815  0.618227  6.67777  1.99018  2.90325  3.5664  5.6908  7.8097  9.14736  10.2932  11.9401  12.2978  14.6344  17.313  19.4549  19.741  23.832  22.453  27.2751  31.5391  34.2415  37.2184  47.9929  0.657266  0.257036  0.103038  0.834721  0.199018  0.241937  0.254743  0.355675  0.433872  0.457368  0.467874  0.497504  0.472993  0.522658  0.577098  0.607965  0.580619  0.661999  0.590869  0.681877  0.750931  0.778216  0.809095  0.999851  
1.63593  0.865857  1.79053  6.13969  1.9885  3.97526  5.28797  6.57944  7.42055  10.0691  10.4803  12.7007  8.631  15.2543  18.3896  17.6399  22.457  22.7162  25.7388  26.2338  31.8317  34.3333  35.3783  47.9734  0.817966  0.216464  0.298421  0.767462  0.19885  0.331272  0.377712  0.411215  0.412253  0.503453  0.476377  0.529194  0.331962  0.544795  0.612988  0.551247  0.6605  0.631006  0.677337  0.655846  0.757898  0.780303  0.769094  0.999446  
1.60012  1.05418  2.17499  6.50235  2.28933  3.87421  5.06933  7.31911  6.66085  10.0883  10.7853  11.9656  6.57918  15.5183  19.8212  16.7519  23.3222  23.6199  24.5674  26.8888  32.2998  34.2438  35.6373  47.9784  0.800058  0.263546  0.362498  0.812794  0.228933  0.322851  0.362095  0.457445  0.370047  0.504413  0.490243  0.498569  0.253045  0.554226  0.660706  0.523498  0.685948  0.65611  0.64651  0.672219  0.769042  0.778268  0.774725  0.999551  
1.7226  1.13008  2.39818  6.23262  2.09118  3.6629  4.85825  7.67695  0.968294  11.1131  9.9258  14.6181  8.66648  15.0059  18.5836  19.4547  18.8272  24.5412  27.5931  29.1052  32.0069  35.6674  36.6919  47.9979  0.861302  0.282519  0.399696  0.779078  0.209118  0.305242  0.347018  0.47981  0.0537941  0.555653  0.451173  0.609087  0.333326  0.535925  0.619452  0.607958  0.553742  0.681699  0.726135  0.727629  0.762069  0.810623  0.797651  0.999957  
1.26939  1.43583  1.91544  5.92081  1.11773  1.51018  3.9196  3.16353  7.45035  9.66903  10.3854  10.0007  15.5783  16.1602  13.7146  20.1129  21.9743  22.5394  23.1637  25.1361  31.8571  33.3743  38.2409  47.9772  0.634695  0.358958  0.31924  0.740101  0.111773  0.125849  0.279971  0.197721  0.413908  0.483452  0.472063  0.416697  0.599164  0.577149  0.457152  0.628527  0.646304  0.626094  0.609572  0.628402  0.758501  0.758508  0.831324  0.999525  
1.67123  1.36123  1.85554  6.02085  1.97332  3.67041  4.61645  6.38438  7.31755  10.1574  10.2332  11.6374  8.31354  15.0559  17.4021  18.1828  23.3839  23.4277  26.5256  27.0063  32.0151  33.5227  35.7507  47.9752  0.835614  0.340308  0.309256  0.752606  0.197332  0.305867  0.329746  0.399024  0.406531  0.507872  0.465144  0.484891  0.319751  0.53771  0.580072  0.568212  0.687763  0.650771  0.698042  0.675157  0.762265  0.76188  0.77719  0.999483  
1.76543  0.887248  0.794125  6.5317  1.74397  3.85577  3.42457  5.18656  9.73603  10.1258  11.2987  10.1404  10.6334  14.4366  19.5209  18.1435  24.5016  24.0835  23.2288  26.1655  31.8789  32.9746  37.6517  47.9823  0.882717  0.221812  0.132354  0.816463  0.174397  0.321314  0.244612  0.32416  0.540891  0.506288  0.513578  0.422516  0.408976  0.515594  0.650698  0.566983  0.720636  0.668986  0.611284  0.654139  0.759022  0.749423  0.818516  0.999631  
1.4218  1.04677  1.33835  5.91026  1.80713  3.11273  3.0628  6.29757  7.7922  9.95162  11.5198  8.66923  10.1529  14.276  17.7033  18.2649  23.837  25.1674  22.5305  26.8197  31.0879  32.2109  38.6941  47.9934  0.710898  0.261692  0.223059  0.738783  0.180713  0.259394  0.218772  0.393598  0.4329  0.497581  0.523628  0.361218  0.390496  0.509856  0.590109  0.570779  0.70109  0.699094  0.592907  0.670492  0.740187  0.732066  0.841177  0.999862  
1.21725  1.68371  1.07665  6.37313  1.23526  1.55021  3.56907  4.05728  6.96322  9.24505  10.1751  10.0421  15.8215  16.0605  15.2579  20.3101  20.6009  22.9203  21.9615  26.5223  31.9616  33.6732  37.4757  47.9879  0.608626  0.420927  0.179442  0.796641  0.123526  0.129184  0.254934  0.25358  0.386846  0.462252  0.462505  0.418421  0.608517  0.573588  0.508596  0.634691  0.60591  0.636675  0.577933  0.663058  0.760989  0.7653  0.814688  0.999747  
1.42234  0.628254  5.3407  3.40851  1.10011  2.08282  3.68357  4.83673  4.98276  10.2771  9.79931  6.65655  14.6381  15.6419  11.7021  19.0919  23.3203  24.0601  25.0493  26.9952  31.0916  33.9769  37.1457  47.9944  0.711171  0.157063  0.890116  0.426064  0.110011  0.173569  0.263112  0.302296  0.27682  0.513854  0.445423  0.277356  0.563003  0.55864  0.39007  0.596622  0.685892  0.668337  0.659191  0.67488  0.740277  0.772202  0.807516  0.999884  
1.50424  0.322226  1.70543  7.38319  1.92827  2.72081  3.21341  7.12849  7.61582  10.5042  11.0871  13.3886  13.5518  10.9246  20.7603  19.4996  17.9159  23.4125  25.9576  24.9478  30.9369  35.4517  37.7709  47.9934  0.752119  0.0805566  0.284238  0.922899  0.192827  0.226734  0.229529  0.445531  0.423101  0.525211  0.503961  0.557857  0.521224  0.390166  0.69201  0.609363  0.526937  0.650348  0.683095  0.623696  0.736592  0.80572  0.821106  0.999863  
1.55939  0.855292  1.69355  5.56706  1.33219  2.31665  3.67648  5.4454  4.73802  9.74236  10.3803  11.552  14.4052  15.1242  18.9861  21.5556  18.342  22.9557  23.4872  26.7671  30.297  34.2182  37.6087  47.9924  0.779694  0.213823  0.282258  0.695882  0.133219  0.193054  0.262606  0.340337  0.263224  0.487118  0.47183  0.481332  0.554048  0.540149  0.63287  0.673612  0.53947  0.637659  0.618084  0.669178  0.721357  0.777687  0.81758  0.999842  
1.34774  1.93102  2.76358  5.88101  0.559433  2.07873  4.39979  7.01718  2.90107  9.86034  9.98453  11.0831  15.1611  15.548  15.3077  21.692  17.9387  21.6948  22.7635  26.985  30.332  33.6417  37.2764  47.9923  0.673868  0.482754  0.460596  0.735126  0.0559433  0.173228  0.314271  0.438574  0.161171  0.493017  0.453842  0.461798  0.583119  0.555285  0.510258  0.677876  0.527607  0.602634  0.59904  0.674625  0.722191  0.764584  0.810356  0.999839  
1.36471  0.527788  2.28678  5.32084  1.62202  3.34725  3.07574  5.1842  6.72514  10.2831  9.69254  11.3053  12.2886  12.9796  17.1589  18.0839  20.2709  23.3831  25.6758  27.2842  31.5397  34.6726  36.5065  47.999  0.682357  0.131947  0.381131  0.665105  0.162202  0.278938  0.219696  0.324013  0.373619  0.514153  0.44057  0.471056  0.472639  0.463556  0.571964  0.565123  0.596204  0.649529  0.67568  0.682105  0.750945  0.788013  0.79362  0.999979  
1.76954  0.440915  2.92534  6.00426  0.931877  2.27339  3.80963  6.34425  9.43862  9.8595  11.3635  9.11367  14.2301  15.0953  18.0413  19.1674  18.7086  23.5139  19.0922  27.49  28.7939  31.2945  38.3634  47.9753  0.884772  0.110229  0.487557  0.750533  0.0931877  0.189449  0.272116  0.396516  0.524368  0.492975  0.516522  0.379736  0.547311  0.539117  0.601375  0.598983  0.550254  0.653164  0.502426  0.68725  0.685568  0.711238  0.833988  0.999486  
1.79443  0.749743  2.73427  6.24401  1.57008  3.22197  4.25328  6.44351  6.77502  11.8363  11.4439  11.4638  12.8676  15.2479  17.7302  18.1176  21.5339  23.2729  24.464  26.2074  31.94  34.4509  38.2633  47.9873  0.897215  0.187436  0.455712  0.780501  0.157008  0.268497  0.303806  0.402719  0.37639  0.591815  0.520178  0.477657  0.494906  0.544568  0.591008  0.566176  0.633349  0.64647  0.643789  0.655185  0.760477  0.782975  0.83181  0.999736  
1.30813  2.43676  0.330341  6.32516  1.09799  2.51497  3.1213  3.70346  9.13307  9.21538  10.2747  11.7304  15.6415  13.6344  16.6779  18.9744  20.4241  20.7933  24.2596  25.8804  31.6747  33.2784  36.5491  47.9911  0.654067  0.609189  0.0550568  0.790645  0.109799  0.209581  0.22295  0.231466  0.507393  0.460769  0.467031  0.488767  0.601596  0.486943  0.555929  0.592951  0.600708  0.577591  0.638412  0.647011  0.754159  0.756328  0.794545  0.999815  
1.50021  2.77827  0.776529  5.1064  1.24516  1.67367  3.04792  3.50077  9.92473  8.33686  10.1375  7.35589  12.5793  14.0442  17.8299  21.6358  23.7294  24.2108  23.9213  27.3589  31.6944  31.0026  37.7334  47.9575  0.750107  0.694567  0.129422  0.6383  0.124516  0.139472  0.217708  0.218798  0.551374  0.416843  0.460794  0.306496  0.483819  0.50158  0.594328  0.67612  0.697924  0.672522  0.629509  0.683973  0.754629  0.704606  0.820291  0.999114  
1.19604  3.49222  1.46284  7.37461  1.20061  1.70009  3.48502  5.02534  5.29422  8.58566  11.8796  11.313  10.0734  16.0298  15.5229  22.1853  23.3547  23.7719  25.2864  26.3051  30.6685  32.0923  38.4186  47.9646  0.598018  0.873056  0.243807  0.921826  0.120061  0.141674  0.24893  0.314084  0.294123  0.429283  0.539982  0.471373  0.387437  0.572492  0.51743  0.693292  0.686904  0.660331  0.665432  0.657627  0.730204  0.729372  0.835188  0.999262  
1.61125  1.38025  3.30392  5.00663  1.12696  2.2653  3.35115  5.62104  3.29222  9.86273  9.13364  9.43976  12.8158  16.9503  17.1576  19.8439  22.5922  25.0942  22.6357  28.637  31.788  33.3758  37.9277  47.9909  0.805626  0.345062  0.550653  0.625829  0.112696  0.188775  0.239368  0.351315  0.182901  0.493136  0.415165  0.393323  0.492916  0.605369  0.571921  0.620121  0.664477  0.697062  0.595675  0.715925  0.756857  0.758541  0.824515  0.99981  
1.23635  1.68371  0.409711  7.08097  1.54764  2.01594  3.24844  4.73508  7.811  9.16397  9.92712  11.1535  14.5192  15.3596  15.167  19.3755  20.4665  23.4907  21.8225  27.3339  32.5273  33.9966  36.996  47.9979  0.618175  0.420927  0.0682852  0.885122  0.154764  0.167995  0.232032  0.295943  0.433944  0.458198  0.451233  0.464731  0.558431  0.548557  0.505567  0.605484  0.601956  0.652518  0.574276  0.683348  0.774459  0.77265  0.804261  0.999956  
1.74207  1.64329  3.45246  5.6883  1.70588  2.93371  4.52807  5.24438  5.56673  11.6684  10.064  13.3871  15.4378  15.6199  16.4103  19.1563  18.6533  21.6017  27.5644  27.1001  32.0422  35.7871  37.4659  47.9956  0.871037  0.410823  0.57541  0.711038  0.170588  0.244476  0.323434  0.327774  0.309263  0.583419  0.457455  0.557795  0.59376  0.557852  0.547009  0.598634  0.548627  0.600046  0.725379  0.677502  0.76291  0.813343  0.814476  0.999907  
1.3582  3.01719  0.962757  6.01256  2.07168  3.3195  1.90725  6.12877  5.50846  8.98638  8.97818  14.9522  14.8744  13.7242  15.3469  21.0773  17.9956  23.2168  26.5248  29.6272  32.5381  35.501  37.8307  47.9861  0.679102  0.754297  0.160459  0.75157  0.207168  0.276625  0.136232  0.383048  0.306026  0.449319  0.408099  0.623009  0.572094  0.490149  0.511563  0.658665  0.529281  0.644911  0.69802  0.740681  0.774716  0.806841  0.822406  0.999711  
1.73734  0.85012  2.84822  5.64464  1.06041  3.52667  3.91386  4.71932  8.60615  10.6953  11.4588  12.1221  15.7084  13.2496  13.7127  19.6625  21.6574  22.4388  27.1697  24.1939  30.9117  33.5817  37.9109  47.9723  0.868669  0.21253  0.474704  0.70558  0.106041  0.293889  0.279561  0.294957  0.47812  0.534765  0.520856  0.505086  0.604171  0.473201  0.457089  0.614452  0.636982  0.6233  0.714991  0.604848  0.735993  0.76322  0.82415  0.999423  
0.246174  0.689361  0.866777  6.17308  0.280739  3.25953  3.89883  4.84147  1.72323  9.76941  11.2843  9.97205  13.4605  16.0843  10.7187  21.0486  21.229  24.4997  24.3876  26.8021  30.5009  32.992  35.7718  47.9863  0.123087  0.17234  0.144463  0.771635  0.0280739  0.271627  0.278488  0.302592  0.0957349  0.48847  0.512924  0.415502  0.517712  0.574441  0.357288  0.65777  0.624383  0.680547  0.641779  0.670053  0.726212  0.749818  0.777648  0.999714  
1.42044  0.198786  2.9628  4.84188  1.91282  2.82341  4.07325  6.0921  6.17127  10.1369  9.6376  10.132  13.1971  14.2558  16.3451  18.3979  20.3678  23.5487  24.1162  26.529  30.612  35.3936  37.708  47.9931  0.71022  0.0496965  0.493801  0.605235  0.191282  0.235284  0.290947  0.380756  0.342848  0.506847  0.438073  0.422166  0.50758  0.509136  0.544835  0.574936  0.599054  0.654132  0.634638  0.663225  0.728858  0.8044  0.81974  0.999856  
1.43116  0.939528  3.28351  5.56224  1.13048  1.09929  5.40087  5.13209  1.81447  9.90066  8.38957  13.8504  15.8425  18.7644  16.8664  21.2392  21.67  21.9515  23.7227  27.9193  32.5142  35.0621  35.489  47.9998  0.715582  0.234882  0.547251  0.695281  0.113048  0.0916073  0.385776  0.320755  0.100804  0.495033  0.381344  0.577101  0.609328  0.670156  0.562213  0.663726  0.637352  0.609763  0.624281  0.697982  0.774148  0.796867  0.771501  0.999995  
1.19469  0.472006  2.80756  4.61863  0.933578  2.51569  3.20448  5.21796  9.06063  9.14813  10.5055  8.37276  13.9687  15.8512  16.2052  21.0378  20.3806  23.8972  19.2542  28.0474  29.2467  31.0911  38.9853  47.9689  0.597344  0.118001  0.467926  0.577329  0.0933578  0.209641  0.228891  0.326122  0.503368  0.457407  0.477521  0.348865  0.537258  0.566113  0.540173  0.65743  0.59943  0.66381  0.506688  0.701186  0.69635  0.706617  0.847506  0.999353  
1.04598  1.73082  2.17163  6.59065  1.06385  0.0293161  4.26932  6.63126  3.68976  9.33672  10.3822  10.37  13.4769  16.5514  13.4503  21.8515  17.9694  24.7533  19.5603  27.6669  30.2746  33.5184  37.9352  47.9745  0.52299  0.432704  0.361939  0.823831  0.106385  0.00244301  0.304951  0.414454  0.204986  0.466836  0.471919  0.432083  0.518342  0.591121  0.448344  0.682859  0.528512  0.687591  0.514745  0.691673  0.720824  0.761782  0.824678  0.999468  
1.7408  1.62761  3.28812  5.3536  1.93788  3.23144  4.05388  5.70656  6.47235  11.938  10.0828  11.6281  13.0857  15.9152  14.4675  18.3733  19.9378  22.879  26.6563  28.5418  32.0656  35.007  38.3597  47.9951  0.870401  0.406903  0.54802  0.6692  0.193788  0.269287  0.289563  0.35666  0.359575  0.596898  0.45831  0.484503  0.503297  0.568402  0.482251  0.574165  0.586407  0.635528  0.701482  0.713546  0.763466  0.795613  0.833907  0.999897  
1.59276  1.02236  4.83669  4.91592  2.27895  1.45037  5.83069  6.20999  8.60749  11.7437  11.8813  14.6219  10.3348  18.0841  18.7018  17.4103  19.9521  24.7296  23.565  27.5804  31.3105  34.1937  38.6103  47.9975  0.796382  0.255589  0.806115  0.61449  0.227895  0.120864  0.416478  0.388124  0.478194  0.587186  0.540059  0.609245  0.397492  0.645862  0.623392  0.544071  0.586827  0.686933  0.620133  0.689509  0.745488  0.77713  0.839355  0.999948  
1.44421  2.24293  2.15423  4.53598  2.14227  2.29324  5.30044  4.16812  1.94081  9.86678  7.91546  10.8144  5.63571  17.2661  18.9151  20.1174  23.5197  23.9159  27.2192  29.7713  31.1903  32.8175  37.9159  47.9698  0.722104  0.560731  0.359038  0.566997  0.214227  0.191103  0.378603  0.260508  0.107823  0.493339  0.359794  0.450602  0.216758  0.616647  0.630503  0.628668  0.691757  0.66433  0.716295  0.744284  0.742626  0.745852  0.824258  0.999371  
1.16625  1.95166  0.871608  6.8606  0.839434  2.72416  4.77096  7.22879  7.99444  9.7714  10.3566  8.95646  13.4697  14.9597  16.968  20.8061  21.3311  21.7037  22.4979  24.4883  29.905  34.0705  37.0778  47.9915  0.583124  0.487914  0.145268  0.857574  0.0839434  0.227014  0.340783  0.4518  0.444136  0.48857  0.470755  0.373186  0.518064  0.534276  0.565599  0.650189  0.627385  0.602881  0.592051  0.612209  0.712025  0.77433  0.806039  0.999823  
1.43188  0.375545  1.68191  7.85799  1.26484  2.36606  2.601  6.5456  4.36588  9.24911  12.5342  9.98748  9.51219  13.1605  16.5219  20.6832  23.2891  26.5945  23.1398  25.6926  31.0671  33.1986  38.237  47.9812  0.715941  0.0938862  0.280319  0.982249  0.126484  0.197171  0.185786  0.4091  0.242549  0.462456  0.569735  0.416145  0.365854  0.470018  0.550731  0.646351  0.684974  0.738735  0.608942  0.642316  0.739693  0.754513  0.83124  0.999607  
1.70999  0.673334  5.61948  2.99834  0.460208  2.43582  4.52274  5.8167  3.98114  10.5161  9.89689  5.79158  13.3224  15.5587  12.4906  20.312  24.6227  23.2586  28.0125  25.9092  29.9157  33.8522  36.5955  47.9748  0.854995  0.168333  0.93658  0.374792  0.0460208  0.202985  0.323053  0.363544  0.221174  0.525806  0.449859  0.241316  0.512401  0.555666  0.416354  0.63475  0.724198  0.646073  0.73717  0.64773  0.712279  0.769368  0.795555  0.999476  
1.4738  3.2293  3.36971  4.20218  1.48617  2.82075  2.21441  5.6726  3.76881  9.18671  8.5879  11.8366  15.5413  14.816  12.8757  21.788  20.7556  23.2055  28.1481  29.5064  32.0545  35.078  37.7654  47.9776  0.736898  0.807324  0.561618  0.525273  0.148617  0.235063  0.158172  0.354537  0.209379  0.459335  0.390359  0.493194  0.597742  0.529143  0.429189  0.680875  0.610459  0.644597  0.74074  0.737659  0.763201  0.797226  0.820986  0.999533  
1.115  1.37335  4.06517  6.87774  1.00453  0.3625  4.00095  6.00414  2.78467  10.0363  9.88766  9.06125  13.195  15.6555  13.2258  21.0001  19.2574  25.0222  21.5545  28.0816  31.2531  33.8415  37.858  47.9754  0.557502  0.343338  0.677528  0.859717  0.100453  0.0302083  0.285782  0.375259  0.154704  0.501815  0.449439  0.377552  0.507498  0.559124  0.440859  0.656254  0.566393  0.69506  0.567225  0.70204  0.744122  0.769125  0.823  0.999488  
1.60355  0.375092  2.68739  4.72191  1.62354  3.72554  4.42296  6.64242  8.25294  10.9373  9.75954  10.2353  14.4522  14.8874  16.2928  17.5797  19.3468  22.6544  24.5962  27.2347  31.0936  35.1541  36.4517  47.9923  0.801775  0.0937729  0.447899  0.590239  0.162354  0.310462  0.315926  0.415151  0.458496  0.546865  0.443615  0.426471  0.555856  0.531693  0.543092  0.549367  0.569024  0.629288  0.647268  0.680867  0.740324  0.798958  0.792429  0.999839  
0.26309  2.69197  5.61948  3.16235  1.83888  3.66284  1.35268  5.79751  6.94512  7.6193  7.96825  5.71612  11.8939  15.4065  16.9402  21.3357  22.8883  26.108  20.3007  30.8622  31.049  32.4751  36.2041  47.9882  0.131545  0.672992  0.93658  0.395294  0.183888  0.305237  0.0966202  0.362344  0.38584  0.380965  0.362193  0.238172  0.457457  0.550234  0.564674  0.66674  0.673186  0.725222  0.53423  0.771554  0.739262  0.738069  0.787045  0.999754  
1.52389  2.45822  0.261716  7.85797  0.969684  0.42477  5.06896  3.16232  6.0962  10.6021  11.0056  12.0063  11.6186  16.2891  15.6904  21.5897  21.7184  22.158  25.8634  26.9388  30.552  32.0527  37.4254  47.956  0.761946  0.614554  0.0436194  0.982247  0.0969684  0.0353975  0.362068  0.197645  0.338678  0.530107  0.500255  0.500261  0.44687  0.581753  0.523015  0.67468  0.638775  0.615501  0.680615  0.67347  0.72743  0.728471  0.813595  0.999083  
0.530079  0.0875482  5.02267  3.67442  0.302849  2.2976  3.96221  4.64195  8.35354  9.67637  10.0114  8.31574  15.2866  16.2375  12.0106  21.8232  19.6739  23.0978  21.3415  28.3876  28.9686  30.871  37.9757  47.9677  0.26504  0.021887  0.837111  0.459302  0.0302849  0.191466  0.283015  0.290122  0.464086  0.483818  0.455065  0.346489  0.587948  0.579911  0.400353  0.681976  0.578643  0.641606  0.561618  0.70969  0.689728  0.701614  0.825559  0.999326  
1.72497  1.07922  3.59319  4.31374  2.84307  3.53442  4.94029  6.72471  5.95521  11.4617  8.65765  11.3305  5.77921  17.4017  20.5622  17.5806  23.2175  25.2048  26.7902  30.0782  32.0412  34.2861  38.701  47.9809  0.862486  0.269805  0.598865  0.539218  0.284307  0.294535  0.352878  0.420295  0.330845  0.573084  0.393529  0.472105  0.222277  0.62149  0.685407  0.549393  0.682869  0.700133  0.705007  0.751955  0.762886  0.77923  0.841327  0.999602  
1.36119  3.47455  1.09814  4.40254  1.61982  1.62197  3.92648  4.97102  8.94903  9.46315  11.0107  7.67291  14.6737  15.5216  15.9684  19.2615  24.3267  23.4494  25.1031  26.0048  30.364  31.8194  37.8197  47.9783  0.680596  0.868639  0.183024  0.550318  0.161982  0.135164  0.280463  0.310688  0.497168  0.473157  0.500487  0.319704  0.564372  0.554343  0.532281  0.601922  0.715492  0.651373  0.660607  0.650121  0.722953  0.723167  0.822167  0.999547  
1.31339  2.94591  1.20679  2.86252  1.294  0.91632  3.94203  4.02085  6.87892  9.75595  10.4042  5.42132  16.5003  16.3309  13.6949  18.96  24.7889  24.3249  24.8607  26.098  29.995  32.2531  38.4191  47.9911  0.656697  0.736479  0.201131  0.357814  0.1294  0.07636  0.281574  0.251303  0.382162  0.487797  0.472916  0.225888  0.634626  0.583248  0.456495  0.592501  0.729086  0.67569  0.65423  0.65245  0.714166  0.733024  0.835197  0.999814  
1.26424  2.17596  2.91936  5.35641  1.2006  2.76763  5.16318  7.9741  5.8906  10.3403  10.3567  9.50632  13.311  17.142  17.2476  19.6004  20.4184  22.1573  21.3503  26.7396  30.1879  33.6162  37.5911  47.9948  0.632118  0.543991  0.48656  0.669551  0.12006  0.230636  0.368798  0.498381  0.327256  0.517016  0.470758  0.396097  0.511961  0.612215  0.574918  0.612514  0.60054  0.615482  0.56185  0.66849  0.71876  0.764004  0.817198  0.999891  
0.0405932  3.25333  1.42665  3.47251  2.88408  4.21736  2.43175  6.63817  4.12839  8.49988  9.1372  10.8142  7.04429  15.969  19.5956  20.6502  22.9153  26.2004  21.7392  30.4562  33.4233  34.2548  38.545  47.9816  0.0202966  0.813333  0.237775  0.434064  0.288408  0.351446  0.173696  0.414886  0.229355  0.424994  0.415327  0.450591  0.270934  0.570323  0.653185  0.645319  0.673979  0.72779  0.572085  0.761406  0.795794  0.778517  0.837934  0.999617  
1.58169  0.370894  2.05907  3.13581  1.36294  2.34847  4.64559  4.60436  3.43566  10.706  9.09684  7.41932  11.7354  16.5721  13.1429  17.6181  24.2498  25.0677  26.0716  27.1808  31.3238  34.3352  36.8736  47.9992  0.790843  0.0927236  0.343178  0.391976  0.136294  0.195705  0.331828  0.287773  0.19087  0.535298  0.413493  0.309138  0.451362  0.591859  0.438097  0.550564  0.713231  0.696326  0.686095  0.67952  0.745804  0.780346  0.8016  0.999984  
0.0817981  3.37681  0.759635  3.16361  1.89439  4.23233  2.11944  4.42462  6.79267  8.4109  8.95764  10.9454  11.6369  15.0313  16.0194  23.0147  23.2672  24.8313  24.8886  27.9855  32.2831  34.2206  38.5954  47.9791  0.040899  0.844204  0.126606  0.395451  0.189439  0.352694  0.151389  0.276538  0.377371  0.420545  0.407166  0.456059  0.447573  0.536831  0.533979  0.71921  0.68433  0.689758  0.654963  0.699638  0.768645  0.777741  0.83903  0.999565  
0.646236  1.46594  4.35638  5.95512  1.29886  2.78641  3.09792  6.68735  4.72341  9.77571  12.2239  11.8786  11.9785  15.3358  12.8369  19.766  21.4977  23.4377  25.6635  25.8044  31.2911  33.5946  37.4407  47.9988  0.323118  0.366484  0.726063  0.74439  0.129886  0.232201  0.22128  0.417959  0.262412  0.488785  0.555631  0.494941  0.460712  0.547705  0.427897  0.617688  0.632285  0.651047  0.675356  0.64511  0.745026  0.763514  0.813928  0.999975  
0.103744  3.05684  0.297447  0.860932  2.72892  3.92668  3.48267  6.07608  7.91862  10.0809  8.81462  11.5508  11.7289  16.3481  19.1794  19.3939  23.0558  25.0439  25.2542  29.2063  32.113  34.6538  37.3036  47.9998  0.051872  0.764211  0.0495746  0.107617  0.272892  0.327223  0.248762  0.379755  0.439923  0.504046  0.400664  0.481281  0.451113  0.583862  0.639312  0.606061  0.678113  0.695665  0.664583  0.730158  0.764595  0.787587  0.810948  0.999996  
0.0369975  2.00078  0.609778  1.16461  2.87723  4.30145  3.83035  4.97661  8.43911  10.203  8.1107  12.8617  11.9442  15.5458  18.4929  20.0371  21.5994  24.203  25.7587  28.9174  31.5901  34.1632  37.2658  47.9982  0.0184988  0.500194  0.10163  0.145576  0.287723  0.358454  0.273596  0.311038  0.468839  0.51015  0.368668  0.535906  0.459392  0.555209  0.61643  0.626158  0.635276  0.672305  0.677862  0.722935  0.752145  0.776437  0.810125  0.999962  
