0.993933  3.2623  4.23084  6.19155  3.62514  11.5481  13.9155  0.169476  2.29527  7.78898  6.37715  17.9721  17.251  7.53338  6.08887  18.0111  6.41394  35.7916  7.21192  33.1276  0.883542  25.3878  26.8534  21.271  0.496967  0.815574  0.70514  0.773944  0.362514  0.962345  0.993966  0.0105923  0.127515  0.389449  0.289871  0.748837  0.663501  0.269049  0.202962  0.562847  0.188645  0.994212  0.189787  0.828189  0.0210367  0.576996  0.58377  0.443146  
1.30715  2.11056  4.6031  1.09788  5.18539  3.33294  8.58033  2.90622  13.447  2.72717  3.06204  22.112  9.71353  10.6035  13.7093  18.9486  24.5939  34.4895  30.2277  38.8274  2.82555  33.8474  21.2726  7.84137  0.653574  0.527639  0.767184  0.137235  0.518539  0.277745  0.612881  0.181639  0.747055  0.136359  0.139184  0.921332  0.373597  0.378697  0.456978  0.592145  0.723349  0.95804  0.795465  0.970686  0.067275  0.769258  0.462449  0.163362  
1.54571  2.11577  3.8222  3.28807  8.43288  7.94024  0.25069  15.7433  17.0749  4.46437  4.68702  15.6629  17.6477  13.1024  22.0368  25.6585  12.8446  28.4908  1.44462  1.62426  14.5404  4.19466  41.7496  19.7084  0.772857  0.528943  0.637033  0.411009  0.843288  0.661687  0.0179064  0.983959  0.948607  0.223219  0.213046  0.652619  0.678759  0.467943  0.73456  0.801827  0.377783  0.791412  0.0380164  0.0406066  0.3462  0.0953333  0.907599  0.410592  
0.130243  0.316541  5.80816  5.56873  4.23303  9.34702  1.97273  6.81787  12.8389  15.2742  11.9863  23.34  18.3242  19.2439  11.7944  6.58094  31.1352  2.3754  9.74066  20.2748  22.8041  16.7467  29.8684  42.6654  0.0651213  0.0791354  0.968027  0.696091  0.423303  0.778918  0.140909  0.426117  0.713275  0.763712  0.544831  0.9725  0.704777  0.687282  0.393146  0.205654  0.915741  0.0659833  0.256333  0.50687  0.542954  0.380606  0.649313  0.888863  
1.11657  1.89473  3.56622  3.05846  2.98389  7.46964  11.0142  7.08612  17.9762  3.58321  16.5749  6.97559  9.37678  23.0255  13.7858  13.4063  18.9984  10.0898  0.160732  37.2759  7.58238  42.9525  0.93234  36.1926  0.558284  0.473681  0.59437  0.382308  0.298389  0.62247  0.786726  0.442882  0.998679  0.17916  0.753405  0.29065  0.360645  0.822339  0.459525  0.418948  0.558776  0.280272  0.00422978  0.931899  0.180533  0.976193  0.0202683  0.754012  
1.51985  2.56618  3.79372  3.23261  2.77935  10.0247  6.02873  7.51404  16.0883  18.0787  0.0416933  11.848  5.68959  24.2961  6.6268  2.54644  17.0113  24.7628  10.8547  3.95157  5.13903  5.80792  41.6955  19.5775  0.759923  0.641544  0.632287  0.404076  0.277935  0.835393  0.430624  0.469627  0.893796  0.903933  0.00189515  0.493667  0.21883  0.867717  0.220893  0.0795764  0.500331  0.687855  0.285649  0.0987892  0.122358  0.131998  0.906424  0.407865  
1.74969  0.165509  0.835127  2.7479  2.6826  10.9101  0.756695  14.4683  0.95144  16.8912  2.00656  7.30132  2.2508  17.5706  23.4117  24.5559  7.16163  19.2933  24.2722  22  26.3212  12.9845  13.4779  9.8691  0.874845  0.0413774  0.139188  0.343488  0.26826  0.909175  0.0540497  0.904268  0.0528578  0.84456  0.0912072  0.304222  0.0865692  0.627523  0.78039  0.767371  0.210636  0.535926  0.638742  0.550001  0.626695  0.295102  0.292998  0.205606  
0.272743  1.25796  1.48634  5.58123  8.95315  11.5775  2.75269  8.29889  6.31099  19.2443  1.6764  0.467236  21.16  11.708  27.0405  9.34628  16.0166  25.8697  37.0712  35.3974  8.26796  5.64983  13.7929  45.005  0.136371  0.314491  0.247724  0.697654  0.895315  0.964788  0.196621  0.51868  0.350611  0.962213  0.0761999  0.0194682  0.813847  0.418142  0.90135  0.292071  0.471076  0.718603  0.975557  0.884936  0.196856  0.128405  0.299846  0.937603  
0.502676  0.372802  4.61302  7.38119  7.92465  0.241772  9.96898  14.9638  14.1898  9.1131  19.8297  10.1422  20.1138  1.32827  6.51493  22.39  25.9027  30.0493  30.4177  2.10961  5.86214  13.0615  19.1933  24.2579  0.251338  0.0932004  0.768837  0.922649  0.792465  0.0201477  0.71207  0.935235  0.788321  0.455655  0.90135  0.422592  0.773609  0.0474381  0.217164  0.699688  0.761845  0.834703  0.800465  0.0527401  0.139575  0.296853  0.417247  0.505373  
0.0288753  3.6498  2.05711  7.25689  1.04745  10.1575  0.0162775  8.43874  12.9773  5.98325  15.144  13.5591  23.865  4.82436  13.7066  3.08077  5.9417  31.3937  28.709  1.7572  6.9506  17.395  5.24446  26.4457  0.0144376  0.91245  0.342852  0.907111  0.104745  0.846456  0.00116268  0.527421  0.720961  0.299163  0.688363  0.564964  0.917886  0.172299  0.456886  0.0962741  0.174756  0.872048  0.755501  0.0439301  0.16549  0.395342  0.11401  0.550951  
0.129814  0.156549  2.80378  0.366924  6.36461  8.708  11.3121  1.98109  4.99758  8.08108  14.2087  7.86216  3.32187  26.0749  1.08098  18.6495  22.6852  0.99181  27.3688  37.9925  23.0853  19.701  31.2177  0.815439  0.0649072  0.0391372  0.467297  0.0458655  0.636461  0.725666  0.808006  0.123818  0.277644  0.404054  0.645849  0.32759  0.127764  0.931246  0.0360327  0.582796  0.667211  0.0275503  0.720231  0.949812  0.54965  0.447751  0.678645  0.0169883  
1.8449  3.91542  0.263064  0.0762726  8.64387  8.49703  13.4652  2.16758  7.5527  13.2277  20.0647  7.22822  9.89914  22.3469  14.8669  4.90439  18.1583  27.2216  24.6809  11.9191  37.5862  25.5447  12.3275  29.8746  0.922452  0.978855  0.043844  0.00953408  0.864387  0.708086  0.961803  0.135474  0.419595  0.661383  0.912031  0.301176  0.380736  0.798104  0.495563  0.153262  0.534069  0.756156  0.649497  0.297978  0.89491  0.580561  0.267988  0.622387  
1.30045  0.190451  4.73617  6.66421  0.221933  9.80671  11.3159  9.63265  7.91575  16.5959  11.8651  7.10603  11.9583  19.3774  0.700436  24.3979  0.781935  29.9065  35.2764  34.0851  9.33176  11.547  12.3359  37.0763  0.650223  0.0476126  0.789362  0.833026  0.0221933  0.817226  0.808281  0.60204  0.439764  0.829794  0.539324  0.296085  0.459935  0.692049  0.0233479  0.762435  0.0229981  0.830736  0.928326  0.852128  0.222185  0.262431  0.268171  0.772423  
0.802024  0.961267  1.21497  7.06552  6.49144  7.24803  7.48042  9.78726  4.96155  12.8919  1.57097  11.844  13.3209  5.21248  18.5517  30.1212  13.2007  9.31205  30.2866  17.9925  11.545  24.061  5.0667  34.7327  0.401012  0.240317  0.202496  0.88319  0.649144  0.604002  0.534316  0.611704  0.275641  0.644593  0.0714077  0.493499  0.512343  0.18616  0.61839  0.941288  0.388255  0.258668  0.797016  0.449813  0.27488  0.54684  0.110146  0.723597  
0.987908  0.181114  4.86408  0.839756  1.39746  8.38559  9.98833  12.6068  12.5219  9.94289  1.21728  12.4271  10.2787  4.24519  26.0293  15.0061  22.5788  1.97791  2.02373  8.10738  34.7882  15.1716  19.3049  4.68539  0.493954  0.0452785  0.81068  0.10497  0.139746  0.6988  0.713452  0.787923  0.695662  0.497145  0.0553309  0.517796  0.395336  0.151614  0.867644  0.468942  0.664083  0.054942  0.053256  0.202685  0.82829  0.344809  0.419672  0.0976123  
0.0209598  0.630792  2.40554  5.55216  1.76062  3.81233  13.3318  7.70333  6.15399  14.7162  13.7091  3.16338  11.1566  27.7419  22.4531  28.9702  4.14277  24.8755  13.0447  26.6448  25.6775  21.9716  31.1493  41.1079  0.0104799  0.157698  0.400923  0.69402  0.176062  0.317695  0.952274  0.481458  0.341888  0.735811  0.623139  0.131808  0.429099  0.990783  0.748436  0.905319  0.121846  0.690986  0.343282  0.666121  0.611369  0.499355  0.677159  0.856415  
0.122015  1.41009  4.71368  4.42562  8.41114  11.5181  8.63359  6.79571  10.2618  13.3098  15.0783  22.2776  10.2523  21.3755  22.8853  12.2397  3.26289  10.1452  3.13081  37.0348  24.7095  24.0581  45.3586  36.8554  0.0610074  0.352522  0.785613  0.553203  0.841114  0.959843  0.616685  0.424732  0.570098  0.665489  0.685376  0.928235  0.39432  0.763411  0.762844  0.38249  0.0959673  0.281811  0.0823897  0.925869  0.588321  0.546775  0.986057  0.767821  
1.28337  1.76212  5.67756  5.21763  2.35106  3.63078  1.98836  12.6526  10.5685  5.98986  15.1253  17.1416  3.63767  16.7371  14.4646  1.17191  27.6727  30.0516  9.35181  15.1577  18.1095  9.75969  34.0437  40.0549  0.641687  0.440529  0.94626  0.652203  0.235106  0.302565  0.142025  0.790786  0.587139  0.299493  0.687513  0.714234  0.13991  0.597755  0.482153  0.0366221  0.813902  0.834767  0.2461  0.378942  0.431178  0.221811  0.74008  0.834478  
0.741609  3.32193  0.224778  6.44732  3.28286  6.92398  9.60907  5.57698  9.0739  17.7346  20.3683  18.3271  24.1285  19.1367  23.6786  14.9589  25.2714  3.9879  16.3292  21.465  2.55449  23.9547  8.49449  39.9838  0.370805  0.830483  0.0374629  0.805915  0.328286  0.576998  0.686362  0.348561  0.504105  0.886731  0.925832  0.76363  0.928021  0.683454  0.789287  0.467465  0.743278  0.110775  0.429716  0.536626  0.0608211  0.544424  0.184663  0.832997  
1.41851  1.96919  3.0301  0.856667  8.7541  1.80035  13.5384  9.9993  15.8397  11.5924  15.6406  19.5662  24.4345  17.8074  15.8101  10.1951  10.8011  24.6907  27.3179  35.3791  21.5651  14.8335  16.2891  9.90553  0.709257  0.492298  0.505017  0.107083  0.87541  0.150029  0.967025  0.624957  0.879983  0.579621  0.710936  0.815258  0.939789  0.635978  0.527003  0.318598  0.317679  0.685853  0.718893  0.884478  0.513455  0.337125  0.354111  0.206365  
1.77215  2.55959  5.24884  7.2176  2.33028  1.55159  6.88021  10.424  7.23102  4.4193  16.6766  9.24122  11.7753  25.2704  27.4526  7.45181  20.7251  12.435  30.8594  6.42696  10.2419  43.1552  29.0187  45.0275  0.886075  0.639896  0.874806  0.9022  0.233028  0.129299  0.491444  0.651501  0.401723  0.220965  0.758029  0.385051  0.452894  0.902515  0.915086  0.232869  0.609561  0.345416  0.812089  0.160674  0.243855  0.9808  0.630842  0.938072  
0.0289844  2.55668  3.44363  0.213022  5.29197  5.28334  13.0206  11.8228  5.00441  1.81999  12.544  5.64897  8.30197  20.2808  16.9729  24.5461  5.77561  28.773  10.9896  30.128  0.909937  43.8751  0.988801  14.1825  0.0144922  0.63917  0.573938  0.0266277  0.529197  0.440278  0.930046  0.738925  0.278023  0.0909994  0.570182  0.235374  0.319306  0.724313  0.565764  0.767065  0.169871  0.799249  0.2892  0.7532  0.0216652  0.99716  0.0214957  0.295468  
1.11804  2.18901  1.11656  6.03439  6.68644  10.7974  8.5815  7.21782  0.198631  19.164  21.9205  3.83912  15.4758  20.5626  23.5144  7.98467  20.9659  29.6141  13.8484  2.33924  31.593  8.98725  8.94969  6.42339  0.559022  0.547251  0.186093  0.754299  0.668644  0.899781  0.612964  0.451114  0.0110351  0.9582  0.996385  0.159963  0.595224  0.73438  0.783814  0.249521  0.616644  0.822614  0.364432  0.0584809  0.752213  0.204256  0.194558  0.133821  
0.318117  0.33528  3.723  1.77383  3.54841  6.53066  5.57284  14.2964  6.52651  5.38781  12.0479  11.0332  25.8317  26.4084  5.46437  15.5087  4.37345  32.4578  5.02532  17.031  30.683  15.2151  27.7394  3.10628  0.159058  0.08382  0.620499  0.221728  0.354841  0.544222  0.39806  0.893528  0.362584  0.269391  0.547632  0.459718  0.993526  0.943156  0.182146  0.484646  0.128631  0.901607  0.132245  0.425775  0.730547  0.345797  0.60303  0.0647143  
1.42901  0.821249  2.76723  5.84758  2.40925  6.84477  6.19752  2.88405  2.11893  7.18884  17.8292  16.954  22.3163  4.36814  22.3919  16.134  3.62519  3.68129  27.74  25.5605  28.2939  36.5023  4.62784  15.7623  0.714504  0.205312  0.461205  0.730947  0.240925  0.570397  0.44268  0.180253  0.117718  0.359442  0.810418  0.706418  0.858318  0.156005  0.746396  0.504189  0.106623  0.102258  0.73  0.639014  0.673664  0.829598  0.100605  0.328381  
0.723877  3.46465  1.19573  3.88419  3.53914  9.43932  11.3451  3.0751  13.23  17.5219  11.4765  3.87084  11.6673  6.7458  14.0666  30.6896  12.0132  10.9696  31.0916  23.353  38.1303  10.5742  16.7504  24.9686  0.361938  0.866163  0.199288  0.485523  0.353914  0.78661  0.810364  0.192194  0.734998  0.876093  0.521658  0.161285  0.448744  0.240921  0.468887  0.959049  0.353328  0.304711  0.8182  0.583825  0.907865  0.240323  0.364139  0.520179  
1.28938  1.18625  3.62831  5.51111  7.57883  11.9254  10.9341  14.3468  14.8169  13.5269  3.04974  0.832109  1.49891  18.7263  12.2031  20.1613  24.3406  0.844713  20.8386  15.6866  37.291  6.41613  31.0643  16.0548  0.644689  0.296562  0.604718  0.688888  0.757883  0.993785  0.781009  0.896674  0.823161  0.676347  0.138625  0.0346712  0.0576505  0.668797  0.406771  0.63004  0.715901  0.0234643  0.548385  0.392165  0.887882  0.145821  0.675312  0.334476  
1.53252  3.46035  5.87044  1.91791  9.49918  1.59004  7.76834  11.6681  8.93053  2.5286  4.62145  20.7323  23.5853  24.8527  27.1082  11.0263  13.4897  7.60364  20.8346  15.2461  11.5753  21.9483  9.98729  40.4841  0.766258  0.865088  0.978406  0.239739  0.949918  0.132503  0.554882  0.729256  0.496141  0.12643  0.210066  0.863846  0.907128  0.887596  0.903606  0.344573  0.396757  0.211212  0.548278  0.381151  0.275603  0.498825  0.217115  0.843419  
1.97056  0.508685  4.09513  3.52948  9.06338  7.16003  7.5764  5.11055  0.566939  0.639018  18.6972  22.8632  16.2007  26.3972  9.68785  18.7254  0.798713  28.5047  3.80185  25.1911  17.5458  1.16748  31.6067  40.2384  0.985279  0.127171  0.682521  0.441184  0.906338  0.59667  0.541171  0.319409  0.0314966  0.0319509  0.849871  0.952632  0.623104  0.942756  0.322928  0.585168  0.0234916  0.791798  0.100049  0.629776  0.417757  0.0265336  0.687103  0.838301  
1.99125  2.41587  4.19572  5.73778  8.96216  11.3225  5.60029  12.1607  6.86368  18.986  7.93365  20.966  20.552  24.6969  17.7339  13.7053  16.7741  5.426  8.27088  14.2738  23.1781  25.7621  17.0929  29.091  0.995626  0.603968  0.699287  0.717222  0.896216  0.94354  0.400021  0.760044  0.381316  0.949301  0.360621  0.873585  0.790462  0.88203  0.591129  0.42829  0.493356  0.150722  0.217655  0.356844  0.551861  0.585502  0.371584  0.606062  
1.69248  1.5983  3.85884  6.47997  2.32438  2.04184  4.65119  9.18698  9.5522  12.5547  7.69082  8.50623  2.17936  15.0473  29.5381  1.31029  2.603  16.1447  8.54364  19.2224  20.1231  29.869  41.7995  13.8464  0.846242  0.399575  0.64314  0.809996  0.232438  0.170153  0.332228  0.574186  0.530678  0.627734  0.349583  0.354426  0.0838216  0.537404  0.984602  0.0409466  0.076559  0.448464  0.224833  0.48056  0.479122  0.678841  0.908685  0.288468  
0.157514  3.35288  2.94938  4.76829  4.7555  6.84234  5.98871  14.085  0.248092  16.5869  7.13209  23.8563  23.6385  25.9689  3.74618  3.22237  30.1211  22.1457  19.3696  17.0966  38.523  12.8612  0.00806963  30.6688  0.0787572  0.838219  0.491563  0.596037  0.47555  0.570195  0.427765  0.880314  0.0137829  0.829344  0.324186  0.994012  0.909174  0.927461  0.124873  0.100699  0.885915  0.615158  0.509727  0.427416  0.917214  0.292301  0.000175427  0.638933  
0.666243  2.02099  4.55081  7.1242  2.3304  10.1874  1.89743  7.80304  16.9536  13.5907  1.40833  23.1103  2.53076  21.0196  8.86371  27.6874  28.0911  32.3643  36.2138  5.87671  13.6296  23.3316  18.6225  0.650434  0.333121  0.505249  0.758468  0.890525  0.23304  0.848949  0.135531  0.48769  0.941865  0.679534  0.064015  0.962927  0.0973369  0.750699  0.295457  0.865232  0.82621  0.899009  0.952994  0.146918  0.324514  0.530264  0.404836  0.0135507  
1.27853  0.0178237  2.43189  4.82153  0.93738  9.76638  12.2553  5.3438  5.79367  17.2751  7.24957  13.3327  12.2498  17.8886  8.77158  29.4367  3.02148  21.2724  16.158  13.3743  41.1331  38.0764  44.4018  38.7573  0.639266  0.00445592  0.405316  0.602691  0.093738  0.813865  0.875375  0.333988  0.32187  0.863754  0.329526  0.555531  0.471148  0.638877  0.292386  0.919897  0.0888671  0.590901  0.425212  0.334358  0.97936  0.865374  0.965257  0.807444  
1.5818  3.72792  4.39892  0.283794  1.51067  3.98415  8.27349  11.8587  10.7717  2.75384  21.7965  22.8833  15.7842  14.9459  22.2251  12.2959  6.55099  19.1829  4.44832  5.67156  5.90382  2.76045  26.7311  41.23  0.7909  0.931981  0.733154  0.0354742  0.151067  0.332013  0.590964  0.741169  0.598426  0.137692  0.99075  0.953472  0.607086  0.53378  0.740837  0.384246  0.192676  0.532859  0.117061  0.141789  0.140567  0.0627374  0.581111  0.858957  
0.389421  2.95841  3.46508  5.08703  7.48642  11.5312  6.22729  2.6218  14.1117  1.70968  4.30394  7.28032  23.6585  0.492046  7.64772  17.4949  13.815  32.8313  26.6044  28.1873  4.27135  25.1058  33.9966  17.5247  0.19471  0.739602  0.577513  0.635878  0.748642  0.960931  0.444807  0.163862  0.783985  0.085484  0.195634  0.303347  0.909943  0.0175731  0.254924  0.546716  0.406323  0.91198  0.700115  0.704682  0.101699  0.570586  0.739057  0.365097  
1.26008  2.73855  5.86559  6.86596  2.73153  5.75132  10.4358  11.0618  7.99188  0.0496328  17.609  10.3765  22.4396  12.8969  14.0836  11.3278  32.3445  20.5  28.056  11.6537  33.7545  25.9486  10.9834  5.91457  0.630039  0.684637  0.977599  0.858246  0.273153  0.479276  0.745417  0.691365  0.443993  0.00248164  0.80041  0.432354  0.863063  0.460603  0.469453  0.353995  0.951309  0.569445  0.738315  0.291343  0.803677  0.58974  0.238769  0.12322  
0.224661  2.28225  4.02327  3.71924  3.94044  3.67387  3.87984  1.68352  2.41041  12.3531  6.32376  20.7815  0.801423  10.2622  2.89391  0.422255  24.8584  33.7572  5.55368  5.33321  15.8893  18.1149  20.0207  12.6032  0.11233  0.570562  0.670546  0.464905  0.394044  0.306156  0.277131  0.10522  0.133912  0.617656  0.287444  0.865895  0.030824  0.366508  0.0964636  0.0131955  0.731129  0.9377  0.14615  0.13333  0.378317  0.411703  0.435233  0.262567  
0.273917  3.16788  2.39744  4.68659  4.30361  1.40476  3.23661  13.5653  10.4656  14.232  6.33165  19.8007  9.40087  27.4309  25.3131  17.6282  24.1751  12.5172  29.5664  34.0868  23.5709  37.6833  6.32116  10.3692  0.136958  0.791971  0.399573  0.585824  0.430361  0.117063  0.231186  0.847831  0.581421  0.7116  0.287802  0.825027  0.361572  0.979677  0.843771  0.550881  0.711033  0.347701  0.778064  0.85217  0.561211  0.85644  0.137416  0.216026  
1.96508  2.74937  3.8796  2.13664  5.33995  0.905271  4.70217  3.32858  16.7322  15.6108  15.0207  11.5502  7.50654  22.7053  19.1173  6.00255  3.39272  1.16753  3.66596  39.432  34.7425  14.5656  10.1342  21.7867  0.982539  0.687343  0.646601  0.26708  0.533995  0.0754393  0.33587  0.208037  0.929567  0.78054  0.682757  0.48126  0.288713  0.810902  0.637242  0.18758  0.099786  0.0324315  0.0964726  0.985801  0.827201  0.331036  0.220308  0.453889  
0.659664  2.59592  2.57508  0.565589  5.40462  10.1164  9.96756  12.671  5.45282  13.5402  12.7219  7.9989  7.04819  15.6378  29.7257  9.24322  8.62863  8.51487  5.21345  6.94609  10.1754  31.5626  1.45819  37.35  0.329832  0.648979  0.42918  0.0706987  0.540462  0.843035  0.711968  0.791935  0.302935  0.677009  0.578267  0.333287  0.271084  0.558493  0.990856  0.288851  0.253783  0.236524  0.137196  0.173652  0.242271  0.717331  0.0316997  0.778124  
1.32109  0.85835  4.10361  4.03175  5.20608  7.1178  13.3718  14.4275  6.69929  14.2718  17.2755  4.21519  24.793  9.10031  13.1727  27.2091  0.437021  10.7281  35.394  27.1029  7.07692  40.2948  32.5471  5.12251  0.660543  0.214588  0.683935  0.503969  0.520608  0.59315  0.955128  0.901721  0.372183  0.71359  0.785249  0.175633  0.953575  0.325011  0.439091  0.850284  0.0128536  0.298002  0.931421  0.677573  0.168498  0.91579  0.707545  0.106719  
0.897791  1.73412  3.17261  2.33774  9.29814  10.3031  12.8613  12.9479  5.27544  17.0354  19.272  4.61167  25.3818  26.969  2.77486  14.768  24.2888  1.87374  30.777  15.5747  38.8058  41.3857  45.0498  40.082  0.448896  0.433529  0.528768  0.292217  0.929814  0.858596  0.918663  0.809245  0.29308  0.851772  0.875999  0.192153  0.976222  0.963177  0.0924952  0.461501  0.714377  0.0520483  0.809922  0.389367  0.923948  0.940584  0.979345  0.835042  
0.373492  2.01328  2.84645  2.84612  4.06676  11.3481  11.6525  4.35076  8.06486  12.3502  13.4912  23.2528  11.2844  16.6304  12.4126  8.61656  25.0676  10.6195  27.482  4.8935  31.0673  6.15933  11.3247  27.3418  0.186746  0.503319  0.474408  0.355764  0.406676  0.945672  0.832325  0.271922  0.448048  0.61751  0.613236  0.968866  0.434016  0.593944  0.413754  0.269268  0.737283  0.294985  0.723209  0.122337  0.739697  0.139985  0.246189  0.569621  
1.62334  0.494305  2.99988  1.46094  8.93694  4.60003  4.41517  8.68089  8.8916  9.05388  19.6779  20.4366  22.9607  17.7428  29.1607  16.4097  33.6663  16.3159  12.7699  7.57862  13.4952  0.412381  24.7948  37.2875  0.811671  0.123576  0.49998  0.182617  0.893694  0.383336  0.31537  0.542556  0.493978  0.452694  0.894448  0.851526  0.883103  0.633671  0.972025  0.512804  0.990187  0.453218  0.336049  0.189465  0.321313  0.00937229  0.539017  0.776823  
1.10631  3.29038  5.41402  1.2146  1.64218  11.387  5.84998  11.7474  8.95123  15.5957  16.6214  18.2183  12.9427  6.3901  20.1576  11.9596  10.1053  1.06815  25.5793  12.4614  23.8477  29.5269  16.3613  42.3718  0.553155  0.822594  0.902337  0.151825  0.164218  0.948919  0.417856  0.734214  0.497291  0.779786  0.755519  0.759098  0.497796  0.228218  0.671921  0.373737  0.297216  0.0296709  0.67314  0.311534  0.567802  0.671065  0.355681  0.882746  
0.719005  0.852151  3.364  1.74821  0.757933  9.43948  8.96529  1.30973  6.28332  12.8016  7.69288  11.1062  16.3004  9.0411  14.6763  28.092  17.8302  32.5493  5.84322  5.79444  27.7303  22.8587  26.6002  15.3692  0.359503  0.213038  0.560666  0.218526  0.0757933  0.786624  0.640378  0.0818582  0.349073  0.640081  0.349676  0.462757  0.626939  0.322896  0.489209  0.877874  0.524418  0.904148  0.153769  0.144861  0.660246  0.519515  0.578265  0.320191  
1.0294  1.10186  3.12978  7.39112  1.76957  0.426221  3.24861  11.3169  4.84136  3.99732  8.55952  7.57158  0.72324  23.9083  11.1255  17.2445  14.5094  32.5792  35.9219  14.9098  40.1578  30.2274  1.53322  17.7909  0.514702  0.275464  0.521629  0.92389  0.176957  0.0355185  0.232044  0.707304  0.268965  0.199866  0.389069  0.315482  0.0278169  0.853868  0.370849  0.53889  0.426746  0.904979  0.945312  0.372744  0.956139  0.686987  0.0333308  0.370644  
0.349566  1.76922  2.02911  5.01607  7.83858  7.71925  12.3888  9.62213  0.072887  6.27906  14.9434  17.5401  8.54872  10.1309  18.2387  1.731  6.94178  17.4291  17.2558  8.77835  10.8248  32.6447  36.6383  24.6077  0.174783  0.442304  0.338184  0.627009  0.783858  0.643271  0.884912  0.601383  0.00404928  0.313953  0.679246  0.730838  0.328797  0.361816  0.607956  0.0540937  0.20417  0.484143  0.4541  0.219459  0.257732  0.741925  0.796485  0.51266  
0.345243  3.79218  0.774183  2.73821  2.84097  2.4935  12.6435  12.3657  1.25421  0.962838  3.7962  14.0248  16.5135  12.1085  11.623  16.9051  24.639  13.054  35.7157  4.30429  15.416  0.112681  13.3466  40.9296  0.172622  0.948044  0.12903  0.342276  0.284097  0.207791  0.903107  0.772854  0.0696783  0.0481419  0.172555  0.584366  0.635133  0.432445  0.387432  0.528284  0.724676  0.362611  0.939886  0.107607  0.367048  0.00256093  0.290143  0.852699  
1.15433  2.92036  5.18735  6.12356  2.98543  6.64757  12.7723  6.75862  13.1639  5.8881  2.668  23.6516  3.63454  27.5126  17.4592  4.72044  5.69666  3.86164  31.352  9.19858  4.41176  7.14064  37.4831  40.2451  0.577167  0.730089  0.864559  0.765444  0.298543  0.553964  0.912305  0.422414  0.731325  0.294405  0.121273  0.985483  0.13979  0.982592  0.581973  0.147514  0.167549  0.107268  0.825052  0.229965  0.105042  0.162287  0.814849  0.838439  
0.846859  3.42218  2.26736  2.66573  3.5617  9.97903  5.74642  15.4329  2.59855  14.3522  9.57366  9.49034  2.77048  4.66423  12.7066  16.7194  26.735  33.3914  37.7806  16.3414  36.1675  20.1408  25.6081  31.4117  0.42343  0.855544  0.377893  0.333216  0.35617  0.831586  0.410458  0.964555  0.144364  0.717612  0.435166  0.395431  0.106557  0.16658  0.423554  0.52248  0.786323  0.927538  0.994226  0.408534  0.861131  0.457746  0.556698  0.654411  
0.491653  1.58665  3.58633  5.41611  3.26142  0.331392  4.18208  11.4733  16.9504  5.21932  2.09701  12.7078  12.2695  0.813374  8.35737  20.2778  33.398  28.6199  31.6791  39.4214  39.4397  2.76643  40.8867  42.7812  0.245827  0.396661  0.597722  0.677014  0.326142  0.027616  0.29872  0.71708  0.94169  0.260966  0.0953186  0.529493  0.471906  0.0290491  0.278579  0.63368  0.982293  0.794998  0.83366  0.985534  0.93904  0.0628734  0.888841  0.891275  
1.75439  0.72168  4.19409  5.80451  9.34742  11.8486  11.9149  11.7999  4.70119  12.535  1.58821  23.4633  17.3594  24.7271  5.36826  8.49997  33.5726  29.0141  33.0329  27.831  23.0877  15.6909  16.1988  39.5955  0.877194  0.18042  0.699016  0.725563  0.934742  0.987382  0.851067  0.737494  0.261177  0.62675  0.0721915  0.977638  0.667671  0.883109  0.178942  0.265624  0.987428  0.805946  0.869288  0.695775  0.549708  0.356612  0.352148  0.824907  
1.45016  1.98714  1.30355  7.38656  4.85745  2.52172  9.77438  15.9043  4.02309  9.61852  16.4202  16.0399  11.2641  2.81802  16.9126  4.71576  3.0415  1.49683  13.496  14.8088  36.5052  8.11959  18.5836  36.7872  0.725082  0.496786  0.217258  0.92332  0.485745  0.210143  0.69817  0.994021  0.223505  0.480926  0.746374  0.668329  0.433234  0.100644  0.563755  0.147368  0.0894559  0.0415787  0.355159  0.370219  0.86917  0.184536  0.403991  0.766401  
1.83415  1.92918  4.14768  1.63503  6.26749  1.64852  10.5367  7.72278  4.15954  14.8141  5.97545  22.696  3.75694  24.4216  29.4757  12.5323  14.9487  10.4747  31.5785  10.7897  11.7949  17.3007  44.2611  43.4041  0.917075  0.482295  0.691281  0.204378  0.626749  0.137377  0.752625  0.482674  0.231085  0.740703  0.271611  0.945669  0.144498  0.872201  0.982524  0.391633  0.439668  0.290965  0.831012  0.269743  0.280832  0.393197  0.962199  0.904253  
1.6181  2.77819  3.21064  0.42563  9.7668  0.515416  7.19888  9.05377  0.166164  17.0351  7.03578  8.33739  9.11545  8.23582  0.847273  2.17575  15.8257  7.5761  3.98207  31.3031  41.1799  28.6334  17.7167  8.89433  0.809052  0.694548  0.535107  0.0532038  0.97668  0.0429514  0.514206  0.56586  0.00923134  0.851753  0.319808  0.347391  0.350594  0.294136  0.0282424  0.0679922  0.465461  0.210447  0.104791  0.782577  0.980474  0.65076  0.385146  0.185299  
1.57614  1.88851  5.99762  4.5169  7.9709  8.6652  1.80482  8.86014  5.28104  13.7386  0.0593407  3.36875  7.73278  8.43902  3.38615  5.24058  0.25776  8.68573  15.4972  13.3584  10.2177  38.3999  32.2077  15.1841  0.788071  0.472128  0.999603  0.564612  0.79709  0.7221  0.128916  0.553759  0.293391  0.686932  0.00269731  0.140365  0.297415  0.301394  0.112872  0.163768  0.00758117  0.24127  0.407822  0.33396  0.243279  0.872725  0.700167  0.316336  
1.55964  1.82107  0.0131285  6.24412  8.74746  4.21974  10.6953  2.56338  5.846  15.5791  3.12878  3.62596  16.756  7.04083  4.2287  16.4612  20.6057  7.6371  14.7085  9.55613  13.6575  10.5117  29.3067  0.17005  0.779818  0.455269  0.00218808  0.780516  0.874746  0.351645  0.763951  0.160211  0.324778  0.778956  0.142217  0.151082  0.644461  0.251458  0.140957  0.514412  0.60605  0.212142  0.387065  0.238903  0.325178  0.238903  0.637101  0.00354271  
1.05068  1.75513  0.484292  0.0278979  8.29844  9.05455  8.40103  7.58661  2.41207  19.6464  8.51957  23.6048  0.228293  17.5033  25.263  11.7081  11.1896  17.9273  22.3204  24.2823  7.75773  9.86858  37.4649  46.2582  0.525342  0.438783  0.0807153  0.00348723  0.829844  0.754546  0.600074  0.474163  0.134004  0.982318  0.387253  0.983532  0.00878052  0.625117  0.842099  0.365877  0.329106  0.497982  0.587378  0.607057  0.184708  0.224286  0.814454  0.963712  
0.0345972  1.4583  3.35832  2.69896  4.93496  0.936459  3.66817  1.46033  7.23428  17.0614  20.2325  8.35771  6.70349  18.8591  26.4697  19.3512  3.47517  15.2783  7.393  31.7346  41.3334  40.8354  6.87363  33.5076  0.0172986  0.364574  0.55972  0.33737  0.493496  0.0780382  0.262012  0.0912706  0.401905  0.853072  0.919659  0.348238  0.257826  0.673539  0.882324  0.604723  0.102211  0.424397  0.194553  0.793366  0.98413  0.928078  0.149427  0.698074  
0.450386  0.125071  0.3523  5.36527  9.77878  5.05474  5.82349  10.3551  5.59992  7.18045  20.3988  23.4892  14.5665  18.0051  18.7127  26.872  0.049217  26.6117  25.9216  11.254  32.0586  17.8241  18.268  7.07712  0.225193  0.0312679  0.0587167  0.670659  0.977878  0.421228  0.415964  0.647195  0.311107  0.359023  0.92722  0.978719  0.560249  0.643039  0.623757  0.839749  0.00144756  0.739215  0.682147  0.281351  0.7633  0.405093  0.39713  0.14744  
1.73522  1.19808  4.40895  7.07493  8.06364  3.44211  6.51956  11.445  1.14223  12.666  7.70825  15.6595  10.4186  12.2489  15.8336  27.5737  19.9663  15.2814  5.48957  21.6812  8.94187  20.5305  30.6353  29.751  0.867611  0.299519  0.734824  0.884366  0.806364  0.286843  0.465683  0.715313  0.0634572  0.6333  0.350375  0.652477  0.400715  0.437461  0.527788  0.861677  0.587243  0.424484  0.144462  0.542031  0.212902  0.466603  0.665986  0.619812  
0.57285  3.92578  1.79803  3.53799  4.0051  3.49249  1.16919  4.76145  4.53307  11.7139  1.989  20.8359  21.174  18.5428  16.7799  9.23992  8.98438  11.7989  2.6082  27.7055  41.0797  30.7284  3.81412  29.2321  0.286425  0.981445  0.299671  0.442249  0.40051  0.291041  0.0835132  0.29759  0.251837  0.585694  0.0904091  0.868161  0.814385  0.662244  0.559329  0.288748  0.264247  0.327747  0.0686368  0.692637  0.978089  0.698373  0.0829156  0.609003  
0.390165  1.00997  4.37417  5.28368  0.121727  8.85733  3.21769  8.71288  10.3958  8.47562  9.28711  11.0602  16.29  23.5603  15.7723  2.74493  18.897  0.410627  2.70742  29.1867  7.65592  27.2084  36.8679  46.4284  0.195082  0.252492  0.729028  0.66046  0.0121727  0.738111  0.229835  0.544555  0.577543  0.423781  0.422142  0.46084  0.626537  0.84144  0.525743  0.0857791  0.555795  0.0114063  0.071248  0.729668  0.182284  0.618374  0.801476  0.967259  
0.848908  2.88453  3.5496  1.33038  1.09101  5.29415  10.0063  9.77824  0.35715  11.8825  12.8369  5.85307  3.41946  13.3653  11.2245  19.4986  17.9364  26.047  9.47296  13.9168  31.3665  5.52947  16.3626  34.3618  0.424454  0.721134  0.5916  0.166298  0.109101  0.441179  0.714739  0.61114  0.0198417  0.594124  0.583495  0.243878  0.131518  0.477332  0.374149  0.60933  0.527541  0.723529  0.249289  0.347919  0.746821  0.12567  0.355709  0.71587  
1.52869  0.27467  2.50679  2.25808  7.31074  7.16964  1.29345  11.1705  4.49167  3.81232  7.275  16.787  6.62625  2.73747  23.1952  27.7868  12.7517  20.091  20.9705  11.598  35.8313  40.5704  43.8681  7.78926  0.764345  0.0686674  0.417798  0.282259  0.731074  0.59747  0.0923896  0.698156  0.249537  0.190616  0.330682  0.699458  0.254856  0.0977669  0.773173  0.868337  0.37505  0.558083  0.551856  0.28995  0.853127  0.922054  0.953654  0.162276  
0.835957  0.237795  4.0043  6.65918  7.84227  6.72338  5.05158  11.5664  0.0255839  4.5915  6.03052  16.8615  22.6297  5.49824  17.7193  16.2892  32.6262  16.4396  8.20584  37.9838  25.5766  41.4463  8.89894  46.6157  0.417979  0.0594488  0.667383  0.832398  0.784227  0.560281  0.360827  0.722902  0.00142133  0.229575  0.274115  0.702564  0.870373  0.196366  0.590643  0.509036  0.959594  0.456655  0.215943  0.949595  0.608966  0.941961  0.193455  0.97116  
0.985919  0.876798  5.6432  1.30618  6.06677  10.0043  9.06111  12.4516  13.3151  8.99967  2.71761  22.0821  13.3966  24.3214  2.6493  26.1678  4.54101  4.96368  12.5382  2.51671  20.5222  2.65837  28.8325  20.5461  0.492959  0.2192  0.940533  0.163273  0.606677  0.833691  0.647222  0.778222  0.739727  0.449984  0.123528  0.920087  0.515253  0.868621  0.08831  0.817744  0.133559  0.13788  0.329953  0.0629178  0.488624  0.0604174  0.626793  0.428045  
1.87376  2.60273  2.83436  7.79459  5.30776  2.88688  10.175  7.63201  2.08247  18.2186  10.6974  1.23711  3.0154  0.570647  5.94702  17.0222  20.6022  28.5048  2.80643  21.0553  22.0625  36.6272  45.7901  28.2938  0.936879  0.650682  0.472394  0.974324  0.530776  0.240573  0.726785  0.477  0.115693  0.910932  0.486246  0.0515463  0.115977  0.0203803  0.198234  0.531945  0.605947  0.791799  0.0738534  0.526383  0.525298  0.832436  0.995437  0.589453  
1.25368  1.7446  2.6732  7.80313  2.6345  0.520425  7.13649  5.99957  12.3104  14.2957  14.4422  8.92992  8.98993  21.5967  1.16806  6.58041  7.25593  6.43413  6.19393  36.9832  0.637634  16.8184  45.4488  26.3752  0.62684  0.436151  0.445534  0.975392  0.26345  0.0433688  0.509749  0.374973  0.683913  0.714786  0.656465  0.37208  0.345767  0.771309  0.0389352  0.205638  0.21341  0.178726  0.162998  0.924579  0.0151818  0.382236  0.988017  0.549483  
1.885  0.0584408  1.55839  1.50097  6.01313  8.74189  2.24469  4.83883  0.0855524  16.3063  5.24098  11.5347  13.6021  25.8211  1.713  23.186  25.9749  13.8276  36.8518  15.2761  10.3123  20.9894  19.5951  11.0409  0.9425  0.0146102  0.259732  0.187621  0.601313  0.728491  0.160335  0.302427  0.00475291  0.815317  0.238226  0.480614  0.523157  0.922184  0.0570999  0.724563  0.763967  0.3841  0.969784  0.381902  0.24553  0.477032  0.42598  0.230019  
1.02498  2.61404  2.78109  4.59233  5.9995  1.8634  8.18641  3.1303  9.09216  13.4056  13.0824  15.4564  0.125475  6.51083  19.8934  6.56173  25.0025  1.37299  22.3092  24.8377  20.8582  6.06079  39.2682  16.4863  0.512491  0.653511  0.463515  0.574041  0.59995  0.155283  0.584744  0.195644  0.50512  0.670279  0.594655  0.644018  0.00482594  0.23253  0.663113  0.205054  0.735367  0.0381387  0.587083  0.620944  0.496625  0.137745  0.853656  0.343464  
1.20706  2.1997  5.59323  5.41595  9.75695  4.67171  1.01793  6.91335  5.35979  13.3358  13.0912  16.3104  24.7509  27.4129  1.696  23.4923  30.4613  31.4971  12.9781  33.4595  21.6528  3.12503  33.2122  22.407  0.603529  0.549925  0.932206  0.676994  0.975695  0.389309  0.0727096  0.432084  0.297766  0.666791  0.595056  0.679598  0.951957  0.979034  0.0565333  0.734134  0.895922  0.874919  0.341529  0.836487  0.515543  0.0710235  0.722003  0.466813  
0.902368  2.25792  2.37835  4.55753  2.73296  8.79959  9.55505  5.14067  14.7179  6.09692  3.77094  0.525506  4.61765  15.041  9.49483  28.2802  19.2395  15.4308  4.07748  14.3137  11.2447  41.8481  41.8261  15.6911  0.451184  0.564481  0.396392  0.569691  0.273296  0.733299  0.682504  0.321292  0.817662  0.304846  0.171406  0.0218961  0.177602  0.537177  0.316494  0.883755  0.565867  0.428632  0.107302  0.357843  0.267732  0.951094  0.909263  0.326898  
1.02921  0.317917  5.1437  3.90457  2.28156  5.57899  3.76856  4.55711  5.52609  15.9485  17.7955  9.80497  7.38043  7.4079  28.084  10.3747  16.299  28.0458  32.3502  28.9494  28.9067  15.238  45.1089  30.1383  0.514606  0.0794793  0.857283  0.488071  0.228156  0.464916  0.269183  0.284819  0.307005  0.797423  0.808886  0.40854  0.283863  0.264568  0.936135  0.324208  0.479382  0.779051  0.85132  0.723734  0.688256  0.346319  0.980629  0.627882  
1.91996  1.35776  1.58041  5.34251  0.153633  5.53409  0.582517  13.5067  15.1449  7.75353  15.8811  2.68212  5.83952  13.384  26.3295  13.2397  12.7451  21.7467  12.7748  11.1085  28.1237  8.40011  43.2163  34.1376  0.95998  0.339439  0.263402  0.667814  0.0153633  0.461175  0.0416083  0.844169  0.841386  0.387677  0.721866  0.111755  0.224597  0.478  0.877651  0.413742  0.374855  0.604075  0.336178  0.277712  0.669611  0.190912  0.939486  0.711201  
1.83115  2.17548  2.69098  1.93063  3.87411  3.17712  6.16008  5.51811  16.2915  5.94339  6.88644  20.1412  24.0766  11.7471  18.2285  15.9055  14.4783  31.7983  34.1808  37.4574  3.57057  15.9007  4.5435  26.7164  0.915574  0.543869  0.448497  0.241329  0.387411  0.26476  0.440005  0.344882  0.905086  0.297169  0.31302  0.839219  0.926024  0.419538  0.607618  0.497046  0.425833  0.883286  0.899496  0.936435  0.0850136  0.361379  0.0987717  0.556592  
1.92037  3.18206  3.9716  2.35289  0.0914514  5.33817  13.1028  5.68554  4.00071  3.23532  6.56903  8.3618  23.3478  0.140841  26.6311  26.1847  20.4527  4.75243  23.4831  23.6828  1.70025  13.5367  35.7882  42.497  0.960185  0.795515  0.661933  0.294112  0.00914514  0.444848  0.935917  0.355346  0.222262  0.161766  0.298592  0.348408  0.897991  0.00503002  0.887705  0.818273  0.601549  0.132012  0.617977  0.59207  0.0404822  0.307652  0.778005  0.885354  
1.31481  2.91591  4.12874  0.215264  5.6937  3.10763  2.64627  6.16395  3.4778  15.7983  7.70249  9.95905  11.1122  14.4143  7.66183  12.2777  0.339735  24.6933  32.1329  6.65027  9.698  3.93789  9.43304  47.1309  0.657405  0.728977  0.688124  0.026908  0.56937  0.258969  0.18902  0.385247  0.193211  0.789913  0.350113  0.414961  0.427393  0.514797  0.255394  0.383679  0.00999222  0.685926  0.845603  0.166257  0.230905  0.0894975  0.205066  0.981893  
1.69687  3.20219  0.299965  0.606759  4.04011  1.98895  9.58809  6.8091  14.2539  6.24556  0.792258  13.9862  9.1474  14.2307  14.787  15.4113  11.6132  28.0144  24.325  9.34652  34.4572  12.6641  12.5036  9.04866  0.848434  0.800548  0.0499942  0.0758449  0.404011  0.165746  0.684863  0.425569  0.791881  0.312278  0.0360117  0.582759  0.351823  0.50824  0.492901  0.481603  0.341564  0.778177  0.640132  0.233663  0.82041  0.287821  0.271818  0.188514  
1.78292  3.17703  4.52531  1.08607  6.59408  9.40403  1.35189  15.3376  12.7928  1.94431  8.23173  6.29278  21.1339  22.3357  19.5522  30.2048  13.6407  27.0763  31.7381  31.2672  36.9075  27.1985  42.4895  34.0822  0.891462  0.794258  0.754219  0.135758  0.659408  0.783669  0.0965639  0.958599  0.710713  0.0972154  0.37417  0.262199  0.812843  0.797703  0.651741  0.9439  0.401198  0.752119  0.835213  0.781681  0.87875  0.618148  0.923685  0.710045  
0.192332  0.493782  3.68099  6.19128  1.52657  4.67947  0.247519  14.2601  12.0772  15.3021  15.0302  10.1282  3.55297  17.857  24.1041  9.4092  25.738  10.5636  14.4293  16.5187  32.1399  33.0583  29.4842  15.7774  0.0961658  0.123446  0.613499  0.773911  0.152657  0.389956  0.0176799  0.891257  0.670954  0.765103  0.683191  0.422006  0.136653  0.637751  0.80347  0.294037  0.757  0.293434  0.379717  0.412968  0.765237  0.751325  0.640961  0.328696  
1.80963  1.13045  4.4816  0.829397  7.43907  8.62259  2.79882  2.63702  9.3105  8.77801  2.38215  13.6683  10.6974  6.31093  1.70065  24.3911  0.88931  9.72839  36.7603  17.8789  26.4637  34.6359  25.5467  7.19641  0.904814  0.282612  0.746933  0.103675  0.743907  0.718549  0.199915  0.164814  0.51725  0.4389  0.10828  0.569512  0.411439  0.225391  0.0566884  0.762221  0.0261562  0.270233  0.967377  0.446973  0.630088  0.787179  0.555363  0.149925  
0.630149  1.325  2.45089  1.12964  8.85417  5.66373  4.6437  0.388154  1.55786  6.36837  21.0806  8.74724  22.4401  6.20733  12.6242  27.2486  29.9537  23.9104  12.8759  16.1659  17.8367  22.8408  33.1557  8.56221  0.315075  0.33125  0.408482  0.141205  0.885417  0.471977  0.331693  0.0242596  0.0865476  0.318419  0.958209  0.364468  0.863082  0.221691  0.420808  0.851517  0.880991  0.664179  0.338838  0.404147  0.424683  0.519109  0.720777  0.178379  
0.34059  2.70964  4.44628  7.61142  2.69006  10.2574  3.37931  6.66835  8.67364  1.73744  4.25902  17.415  23.0903  3.86551  11.3175  4.4783  22.915  8.25955  35.6546  9.90231  26.4582  7.88993  44.5114  21.4377  0.170295  0.677409  0.741047  0.951428  0.269006  0.854784  0.241379  0.416772  0.481869  0.0868718  0.193592  0.725626  0.888088  0.138054  0.37725  0.139947  0.67397  0.229432  0.938279  0.247558  0.629957  0.179317  0.967638  0.446618  
0.110681  2.53764  2.18301  6.35808  2.29565  9.58397  6.8121  8.01626  1.51669  7.92126  19.6184  16.8724  0.155783  3.6297  9.39683  14.1935  13.2977  32.4774  19.8266  33.6921  32.929  38.8103  3.23061  7.29899  0.0553407  0.634409  0.363835  0.79476  0.229565  0.798664  0.486578  0.501016  0.0842604  0.396063  0.891746  0.703017  0.00599165  0.129632  0.313228  0.443546  0.391109  0.902151  0.521752  0.842303  0.784023  0.882052  0.0702307  0.152062  
0.556801  1.99627  5.60038  0.78133  0.90945  9.56217  10.3523  5.33747  7.3422  15.9781  3.84569  8.345  6.40784  26.2838  11.637  5.40252  9.4931  34.8339  35.5217  8.49948  10.5914  25.096  36.9447  34.9297  0.278401  0.499067  0.933396  0.0976662  0.090945  0.796848  0.739453  0.333592  0.4079  0.798907  0.174804  0.347709  0.246455  0.938706  0.3879  0.168829  0.279209  0.967607  0.934781  0.212487  0.252176  0.570364  0.803146  0.727703  
0.280263  2.92113  5.90161  0.26863  6.64024  4.02486  11.7896  2.15518  17.4743  4.49389  3.1978  20.3968  14.3602  7.94463  16.1003  12.9538  23.1182  27.3171  12.4478  3.59289  20.3064  23.7692  4.57516  19.308  0.140131  0.730282  0.983601  0.0335787  0.664024  0.335405  0.842114  0.134699  0.970794  0.224694  0.145355  0.849867  0.552315  0.283737  0.536677  0.404807  0.679948  0.758808  0.327575  0.0898222  0.483486  0.540208  0.09946  0.402251  
1.83331  0.684141  5.93439  7.2947  9.79524  9.65386  10.6961  9.16586  4.18243  15.1315  2.55077  13.6298  14.4441  24.2209  28.8088  1.23889  20.9741  6.23082  24.8092  20.5402  16.026  15.217  2.43551  32.836  0.916655  0.171035  0.989065  0.911838  0.979524  0.804489  0.764004  0.572866  0.232357  0.756574  0.115944  0.567906  0.555544  0.865033  0.960294  0.0387154  0.616886  0.173078  0.652874  0.513505  0.381571  0.34584  0.0529458  0.684083  
0.860706  0.777858  4.06382  4.97756  0.712999  4.09567  10.4036  13.4371  4.46765  1.31175  3.90986  21.587  22.2565  21.4299  24.9644  20.7576  24.0342  27.9074  5.40023  0.432491  17.4244  26.3505  25.479  24.9722  0.430353  0.194465  0.677304  0.622195  0.0712999  0.341306  0.743112  0.839816  0.248203  0.0655874  0.177721  0.899459  0.856021  0.765354  0.832146  0.648674  0.706888  0.775206  0.142111  0.0108123  0.414866  0.598876  0.553892  0.520255  
1.78865  3.4136  2.98567  3.95129  9.56611  8.86081  1.61781  11.7391  13.1721  1.39456  2.54323  4.70764  1.84154  4.88392  20.2988  20.2659  23.1799  29.4088  17.3845  24.7919  6.9125  21.7934  8.21778  37.3173  0.894326  0.853399  0.497612  0.493911  0.956611  0.738401  0.115558  0.733693  0.731781  0.0697282  0.115601  0.196152  0.0708285  0.174426  0.676627  0.633311  0.681762  0.816912  0.457488  0.619799  0.164583  0.495305  0.178647  0.777444  
0.776361  0.503313  4.19221  3.28847  6.9178  0.0215246  6.3516  1.31125  16.8391  1.89022  12.4315  22.7124  20.284  16.2339  0.449651  1.28978  17.235  17.3711  2.01273  0.899182  9.20965  18.8203  2.32923  21.0772  0.38818  0.125828  0.698701  0.411059  0.69178  0.00179372  0.453686  0.0819532  0.935507  0.0945108  0.565067  0.946348  0.780152  0.579784  0.0149884  0.0403057  0.506912  0.48253  0.0529666  0.0224795  0.219277  0.427735  0.0506355  0.439109  
1.11234  1.93497  3.24353  2.85266  2.13285  10.5425  2.08247  13.5946  11.162  7.19495  13.8247  2.61192  23.6377  2.41178  28.9031  21.1609  8.74895  25.0486  12.6669  30.0352  19.9023  12.123  4.97559  6.47007  0.55617  0.483743  0.540588  0.356582  0.213285  0.87854  0.148748  0.849661  0.620114  0.359748  0.628397  0.10883  0.909141  0.0861348  0.963438  0.661277  0.257322  0.695793  0.333341  0.750881  0.473863  0.275522  0.108165  0.134793  
0.0165287  2.10507  2.02976  2.49538  3.93072  2.4821  8.62395  13.6382  10.8696  12.8641  16.8195  18.0096  21.9534  14.628  21.8321  14.41  7.41905  2.47779  8.12819  33.3287  1.11657  6.78239  27.7448  16.0003  0.00826437  0.526268  0.338294  0.311922  0.393072  0.206842  0.615997  0.852389  0.603868  0.643204  0.764524  0.750398  0.844361  0.522429  0.727736  0.450312  0.218207  0.0688274  0.2139  0.833218  0.0265849  0.154145  0.603149  0.333339  
0.0622436  3.64627  4.51223  5.88954  8.05613  3.09296  6.76921  10.6109  13.7113  13.6571  0.975396  23.3792  18.136  24.1097  13.6354  2.89609  12.3178  34.6926  20.4731  7.16764  19.8717  5.92633  2.60758  7.66707  0.0311218  0.911566  0.752038  0.736192  0.805613  0.257746  0.483515  0.663178  0.761737  0.682856  0.0443362  0.974132  0.69754  0.86106  0.454514  0.0905028  0.362287  0.963683  0.538765  0.179191  0.473136  0.134689  0.0566866  0.159731  
0.171525  2.47585  0.879085  3.06104  0.478966  0.328099  2.24216  15.205  13.0983  16.0884  19.8073  14.1562  5.15202  18.8371  9.38067  26.932  10.3817  26.0602  30.4241  21.1148  6.03191  10.6917  23.2002  26.5881  0.0857626  0.618962  0.146514  0.38263  0.0478966  0.0273415  0.160154  0.95031  0.727681  0.804421  0.90033  0.589841  0.198154  0.672752  0.312689  0.841625  0.305344  0.723894  0.800634  0.52787  0.143617  0.242994  0.504353  0.553919  
0.586002  0.562298  1.1645  6.63745  9.30275  11.3652  0.0835945  11.9278  0.263302  8.33526  11.9119  13.6886  11.2441  18.9608  27.8644  13.3159  1.32001  11.6816  23.6675  22.5788  19.0012  9.10599  1.90415  42.5439  0.293001  0.140575  0.194084  0.829682  0.930275  0.947104  0.00597104  0.745486  0.0146279  0.416763  0.54145  0.570359  0.432467  0.67717  0.928812  0.416121  0.0388238  0.324488  0.622828  0.564469  0.452408  0.206954  0.0413945  0.886332  
1.39373  3.58294  4.19012  2.26327  1.56896  9.07201  12.4936  11.4028  6.47413  18.9175  15.1726  0.679786  8.36942  3.47919  19.0504  21.0157  30.6578  8.88676  36.5654  6.43196  28.3706  33.7972  40.5416  45.8958  0.696863  0.895735  0.698353  0.282909  0.156896  0.756001  0.892398  0.712673  0.359674  0.945874  0.689664  0.0283244  0.321901  0.124257  0.635014  0.656742  0.901699  0.246854  0.962249  0.160799  0.675491  0.768118  0.88134  0.956163  
0.752421  1.48909  3.80942  1.43315  9.42291  9.07057  4.71199  5.86493  9.74271  15.8452  15.0431  3.14308  24.2974  19.1329  1.98946  13.6418  24.6316  8.1172  19.3533  13.5543  27.9552  30.1745  31.1638  4.23626  0.37621  0.372272  0.634903  0.179144  0.942291  0.755881  0.33657  0.366558  0.541262  0.79226  0.683778  0.130962  0.934515  0.683318  0.0663153  0.426307  0.724459  0.225478  0.509297  0.338858  0.665601  0.685784  0.677473  0.0882554  
1.4935  2.63176  0.393294  5.32718  3.01882  3.97433  5.97329  5.34514  7.19096  14.2105  7.99846  15.4701  10.6644  9.80437  10.5794  11.2757  11.9014  12.6073  13.3  14  14.7  15.4  16.1  16.8  0.746748  0.657939  0.065549  0.665897  0.301882  0.331194  0.426664  0.334071  0.399498  0.710523  0.363567  0.644588  0.410169  0.350156  0.352647  0.352365  0.350041  0.350204  0.35  0.349999  0.35  0.35  0.35  0.35  
1.58209  1.08753  0  0  3.75179  4.33393  5.06663  5.84628  5.93566  13.6666  9.62589  12.0477  9.04891  9.7901  10.5015  11.0666  11.8984  12.5995  13.2999  14  14.7  15.4  16.1  16.8  0.791046  0.271883  0  0  0.375179  0.361161  0.361902  0.365393  0.329759  0.683332  0.437541  0.501988  0.348035  0.349647  0.350051  0.345832  0.349953  0.349987  0.349998  0.35  0.349999  0.35  0.35  0.35  
2.30643e-10  0  0.000471973  4.16875e-16  2.70523  3.73723  4.69167  6.08854  5.35425  13.8731  7.56066  9.31237  9.09767  9.82992  10.5074  11.4026  11.9124  12.6  13.3007  14  14.7  15.4  16.1  16.8  1.15322e-10  0  7.86622e-05  5.21094e-17  0.270523  0.311436  0.335119  0.380534  0.297458  0.693653  0.343666  0.388015  0.34991  0.351069  0.350247  0.356333  0.350365  0.349999  0.350019  0.35  0.35  0.35  0.35  0.35  
0.561883  0.434147  0.109073  0.00330718  3.5932  4.15336  5.03918  5.92075  6.4342  13.2088  7.58865  9.90545  9.03659  9.78283  10.5001  11.3296  11.8997  12.6026  13.3005  14  14.7  15.4  16.1  16.8  0.280942  0.108537  0.0181789  0.000413398  0.35932  0.346113  0.359941  0.370047  0.357456  0.66044  0.344939  0.412727  0.347561  0.349387  0.350002  0.354049  0.349991  0.350071  0.350014  0.35  0.35  0.35  0.35  0.35  
1.67107  0.322493  1.29519e-05  0.00378655  3.06574  3.84341  4.84172  5.59368  6.05441  12.8628  7.76138  8.19069  9.07933  9.82343  10.4823  11.2874  11.9061  12.6002  13.3006  14  14.7  15.4  16.1  16.8  0.835537  0.0806232  2.15865e-06  0.000473319  0.306574  0.320284  0.345837  0.349605  0.336356  0.643141  0.35279  0.341279  0.349205  0.350837  0.349411  0.35273  0.350178  0.350006  0.350016  0.35  0.35  0.35  0.35  0.35  
1.57719  0.0314625  0.101762  0.00111276  3.05131  4.1559  5.2295  5.89217  6.95832  12.2008  8.7127  8.39399  8.63466  9.80194  10.5148  11.2031  11.9004  12.5991  13.3001  14  14.7  15.4  16.1  16.8  0.788597  0.00786562  0.0169603  0.000139095  0.305131  0.346325  0.373536  0.368261  0.386574  0.61004  0.396032  0.34975  0.332102  0.350069  0.350492  0.350096  0.350013  0.349976  0.350002  0.35  0.35  0.35  0.35  0.35  
0.90721  0.592218  1.8295e-15  2.87606  4.05592  4.2007  5.32759  5.95879  3.69647  11.2232  7.78449  10.4747  9.13268  9.81672  10.6777  13.4417  11.9183  12.6  13.3  14  14.7  15.4  16.1  16.8  0.453605  0.148055  3.04917e-16  0.359508  0.405592  0.350058  0.380542  0.372425  0.205359  0.56116  0.353841  0.436446  0.351257  0.350597  0.355923  0.420052  0.350539  0.349999  0.35  0.35  0.35  0.35  0.35  0.35  
1.5422  0.0324354  0.000202776  0.00111276  2.73232  4.30246  4.9655  5.73283  3.59235  13.2672  7.69611  8.48864  8.83133  9.82489  10.5189  11.2034  11.9009  12.6003  13.3003  14  14.7  15.4  16.1  16.8  0.771098  0.00810884  3.37959e-05  0.000139095  0.273232  0.358538  0.354679  0.358302  0.199575  0.663361  0.349823  0.353693  0.339667  0.350889  0.350629  0.350107  0.350025  0.350007  0.350009  0.35  0.35  0.35  0.35  0.35  
1.94754  0.0674571  4.09771e-08  0.00111767  3.55084  4.18465  5.17715  6.32912  6.02719  12.9029  8.13937  10.8111  9.60164  9.78631  10.5139  11.409  11.9109  12.6  13.3001  14  14.7  15.4  16.1  16.8  0.97377  0.0168643  6.82951e-09  0.000139709  0.355084  0.348721  0.369797  0.39557  0.334844  0.645147  0.369971  0.450464  0.369294  0.349511  0.350463  0.356532  0.350321  0.35  0.350002  0.35  0.35  0.35  0.35  0.35  
1.82448  0.00480361  0.247332  0.00130897  2.91373  3.7399  5.44727  5.40045  3.89941  13.9518  8.26429  12.0038  9.23924  9.80107  10.5337  11.1609  11.9  12.6093  13.3  14  14.7  15.4  16.1  16.8  0.912241  0.0012009  0.041222  0.000163622  0.291373  0.311658  0.389091  0.337528  0.216634  0.697588  0.37565  0.500158  0.355355  0.350038  0.351122  0.348779  0.35  0.350258  0.35  0.35  0.35  0.35  0.35  0.35  
1.86168  0.592218  1.90866e-16  0.0388797  3.12534  4.57741  4.73986  5.89432  6.32113  13.4194  9.19079  10.0762  9.07676  9.78924  10.4862  11.0378  11.9  12.5998  13.3001  14  14.7  15.4  16.1  16.8  0.930839  0.148055  3.1811e-17  0.00485996  0.312534  0.381451  0.338561  0.368395  0.351174  0.670969  0.417763  0.419844  0.349106  0.349616  0.34954  0.344932  0.350001  0.349993  0.350001  0.35  0.35  0.35  0.35  0.35  
0.863869  0.0324354  9.21242e-08  0.00111276  3.07003  3.96717  4.94911  5.14463  6.30263  13.7296  8.88079  8.60124  9.08094  9.76642  10.5173  11.2004  11.9119  12.5999  13.3004  14  14.7  15.4  16.1  16.8  0.431935  0.00810884  1.5354e-08  0.000139095  0.307003  0.330597  0.353508  0.321539  0.350146  0.686478  0.403672  0.358385  0.349267  0.348801  0.350576  0.350013  0.350349  0.349997  0.350011  0.349999  0.35  0.35  0.35  0.35  
1.1902  0.0788615  2.16208e-16  0.117303  3.35297  3.59524  5.44867  5.35087  5.7726  12.7057  7.72997  13.2985  9.41365  9.96331  10.6273  11.2098  11.9001  12.6016  13.3001  14  14.7  15.4  16.1  16.8  0.595102  0.0197154  3.60347e-17  0.0146629  0.335297  0.299603  0.389191  0.334429  0.3207  0.635287  0.351362  0.554102  0.362063  0.355833  0.354244  0.350307  0.350002  0.350044  0.350002  0.35  0.35  0.35  0.35  0.35  
0.126094  0.0172827  1.299e-05  0.0145497  2.94866  3.59081  5.02765  5.58209  6.75137  13.3758  7.31203  8.86076  9.10582  9.81793  10.4889  11.3564  11.9088  12.6004  13.3006  14  14.7  15.4  16.1  16.8  0.063047  0.00432068  2.16501e-06  0.00181871  0.294866  0.299234  0.359118  0.348881  0.375076  0.668788  0.332365  0.369198  0.350224  0.35064  0.349631  0.354889  0.350259  0.350012  0.350016  0.35  0.35  0.35  0.35  0.35  
1.43059  0.197868  4.79837e-18  0.0199701  3.03318  4.24938  4.91176  5.44379  3.75757  13.1903  8.79251  8.77965  9.10167  9.81592  10.5577  11.2  11.9114  12.6004  13.3001  14  14.7  15.4  16.1  16.8  0.715297  0.049467  7.99729e-19  0.00249626  0.303318  0.354115  0.35084  0.340237  0.208754  0.659517  0.39966  0.365819  0.350064  0.350569  0.351924  0.350001  0.350334  0.35001  0.350003  0.35  0.35  0.35  0.35  0.35  
0.576165  0.00802121  1.72365e-08  0.0048898  3.63005  4.88113  5.07108  6.22944  4.77982  12.2615  9.58634  8.45606  9.16204  9.76456  10.5647  11.0768  11.9034  12.5954  13.3  14  14.7  15.4  16.1  16.8  0.288082  0.0020053  2.87275e-09  0.000611225  0.363005  0.406761  0.36222  0.38934  0.265545  0.613074  0.435743  0.352336  0.352386  0.348734  0.352156  0.346149  0.350099  0.349873  0.35  0.35  0.35  0.35  0.35  0.35  
1.97838  0.015192  2.93298e-16  0.0612658  3.74695  4.62232  5.64106  5.51306  6.31025  13.224  8.91187  11.0372  9.09559  9.88119  10.5013  11.1199  11.9004  12.6  13.3  14  14.7  15.4  16.1  16.8  0.989192  0.003798  4.8883e-17  0.00765823  0.374695  0.385193  0.402933  0.344566  0.350569  0.6612  0.405085  0.459885  0.34983  0.3529  0.350045  0.347496  0.350012  0.349999  0.35  0.35  0.35  0.35  0.35  0.35  
1.55017  0.000312379  0.15808  0.00330718  3.44718  4.22857  4.89232  5.8882  4.62662  11.8682  9.18318  8.42261  9.24007  9.79624  10.5172  11.1596  11.9004  12.5997  13.3  14  14.7  15.4  16.1  16.8  0.775085  7.80949e-05  0.0263467  0.000413398  0.344718  0.352381  0.349451  0.368013  0.257035  0.593412  0.417417  0.350942  0.355387  0.349866  0.350574  0.348737  0.350013  0.349993  0.349999  0.35  0.35  0.35  0.35  0.35  
1.74549  0.627936  0.124178  1.30424e-17  3.72455  4.41943  4.68975  5.44519  6.4894  10.8136  8.05282  8.81297  8.87845  9.84948  10.5041  11.2525  11.896  12.5997  13.3001  14  14.7  15.4  16.1  16.8  0.872745  0.156984  0.0206964  1.63029e-18  0.372455  0.368286  0.334982  0.340325  0.360522  0.54068  0.366037  0.367207  0.341479  0.351767  0.350138  0.35164  0.349882  0.34999  0.350002  0.35  0.35  0.35  0.35  0.35  
1.85781  0.00655617  1.90646e-16  0.0725926  3.2888  4.33631  5.0428  5.75789  6.72639  13.2474  8.97091  11.4356  9.15837  9.83715  10.5247  11.0156  11.9001  12.6002  13.3  14  14.7  15.4  16.1  16.8  0.928903  0.00163904  3.17744e-17  0.00907408  0.32888  0.361359  0.3602  0.359868  0.373688  0.662368  0.407769  0.476482  0.352245  0.351327  0.350825  0.344239  0.350002  0.350006  0.349999  0.35  0.35  0.35  0.35  0.35  
1.15198  0.0500551  0.138719  4.16875e-16  3.54567  4.97292  4.87263  6.55211  2.98136  13.2349  8.61378  10.9818  9.21351  9.8313  10.4288  11.1418  11.9011  12.5992  13.3  14  14.7  15.4  16.1  16.8  0.575988  0.0125138  0.0231198  5.21094e-17  0.354567  0.41441  0.348045  0.409507  0.165631  0.661746  0.391536  0.457574  0.354366  0.351118  0.347628  0.348181  0.350032  0.349978  0.350001  0.35  0.35  0.35  0.35  0.35  
0.323957  0.00189914  2.107e-08  0.00478581  3.70288  3.82763  5.10762  5.91737  4.18405  12.5236  7.69497  8.41319  9.07248  9.80265  10.5018  11.1978  11.9176  12.6001  13.3005  14  14.7  15.4  16.1  16.8  0.161979  0.000474786  3.51167e-09  0.000598226  0.370288  0.318969  0.36483  0.369836  0.232447  0.62618  0.349772  0.35055  0.348942  0.350095  0.35006  0.349931  0.350518  0.350002  0.350013  0.35  0.35  0.35  0.35  0.35  
1.74605  0.111934  0.014579  4.17342e-17  3.28639  4.08205  5.17347  6.15679  6.35267  12.8405  7.91618  9.70366  9.58757  9.80025  10.5027  11.1983  11.8984  12.6002  13.3003  14  14.7  15.4  16.1  16.8  0.873024  0.0279834  0.00242983  5.21678e-18  0.328639  0.340171  0.369534  0.3848  0.352926  0.642024  0.359827  0.404319  0.368753  0.350009  0.350089  0.349946  0.349952  0.350006  0.350008  0.35  0.35  0.35  0.35  0.35  
0.283729  0.0047283  3.19364e-18  1.36276  3.61815  4.19143  5.15368  5.56963  4.34217  12.2682  8.60003  10.0072  9.12047  9.83619  10.4921  11.2889  11.897  12.6021  13.2993  14  14.7  15.4  16.1  16.8  0.141865  0.00118207  5.32273e-19  0.170346  0.361815  0.349286  0.36812  0.348102  0.241232  0.613409  0.39091  0.416969  0.350787  0.351292  0.349737  0.352779  0.349913  0.350058  0.349981  0.35  0.35  0.35  0.35  0.35  
1.25719  0.0207966  0.211054  2.62077e-16  3.37303  3.95274  4.72559  5.73677  7.92487  10.8173  9.0144  7.79293  9.09467  9.80108  10.498  11.2066  11.8994  12.5978  13.3  14  14.7  15.4  16.1  16.8  0.628594  0.00519915  0.0351757  3.27596e-17  0.337303  0.329395  0.337542  0.358548  0.44027  0.540865  0.409745  0.324705  0.349795  0.350038  0.349932  0.350207  0.349983  0.34994  0.35  0.35  0.35  0.35  0.35  0.35  
0.962029  6.87392e-05  1.87661e-08  1.69295  3.52191  4.32365  5.08377  5.43862  4.81407  12.1103  8.55029  8.6855  9.1887  9.81159  10.4961  11.2279  11.9058  12.6003  13.3  14  14.7  15.4  16.1  16.8  0.481015  1.71848e-05  3.12769e-09  0.211619  0.352191  0.360304  0.363126  0.339914  0.267448  0.605515  0.38865  0.361896  0.353412  0.350414  0.349869  0.350872  0.35017  0.350009  0.35  0.35  0.35  0.35  0.35  0.35  
1.89649  0.187201  0.000449831  1.47463e-17  3.57472  4.59606  5.24663  6.10778  8.00049  12.6795  8.47817  9.93836  9.06865  9.80081  10.4422  11.1471  11.8987  12.5999  13.3  14  14.7  15.4  16.1  16.8  0.948244  0.0468002  7.49718e-05  1.84329e-18  0.357472  0.383005  0.37476  0.381736  0.444472  0.633975  0.385372  0.414098  0.348794  0.350029  0.348075  0.348346  0.349963  0.349997  0.35  0.35  0.35  0.35  0.35  0.35  
0.610093  0.00577761  2.16409e-16  0.00675366  3.03929  4.09712  4.68314  5.41873  4.45484  12.3392  8.91229  9.86577  9.11238  9.82677  10.5285  11.062  11.9  12.5999  13.3001  14  14.7  15.4  16.1  16.8  0.305047  0.0014444  3.60682e-17  0.000844208  0.303929  0.341427  0.33451  0.338671  0.247491  0.61696  0.405104  0.411074  0.350476  0.350956  0.350949  0.345687  0.35  0.349996  0.350002  0.35  0.35  0.35  0.35  0.35  
1.42295  0.0167708  0.0261362  1.30424e-17  3.88326  3.94252  4.91729  5.65151  5.03298  10.9881  8.68674  10.5456  9.0804  9.96841  10.4082  11.1273  11.9017  12.5999  13.2999  14  14.7  15.4  16.1  16.8  0.711476  0.00419269  0.00435604  1.63029e-18  0.388326  0.328543  0.351235  0.35322  0.27961  0.549406  0.394852  0.439401  0.349246  0.356015  0.346939  0.347728  0.35005  0.349996  0.349996  0.35  0.35  0.35  0.35  0.35  
0.304895  0.000164427  2.36762e-07  0.00167659  2.4182  4.41166  5.22444  6.09386  5.0505  13.3556  8.13896  8.70924  9.06577  9.78849  10.5163  11.2254  11.8971  12.6011  13.3003  14  14.7  15.4  16.1  16.8  0.152447  4.11067e-05  3.94603e-08  0.000209574  0.24182  0.367638  0.373174  0.380866  0.280583  0.667779  0.369953  0.362885  0.348683  0.349589  0.350542  0.350795  0.349915  0.350031  0.350007  0.35  0.350001  0.35  0.35  0.35  
1.14194  0.0513401  0.0192912  4.25043e-20  3.3795  4.78379  4.846  6.22727  3.50792  16.5411  8.00272  9.07898  9.32805  9.73321  10.3304  11.1789  11.9092  12.6106  13.3  14  14.7  15.4  16.1  16.8  0.570968  0.012835  0.0032152  5.31304e-21  0.33795  0.398649  0.346143  0.389205  0.194885  0.827056  0.36376  0.378291  0.358771  0.347614  0.344346  0.349339  0.35027  0.350296  0.349999  0.35  0.35  0.35  0.35  0.35  
1.8023  0.000312379  2.48126e-16  0.0545004  3.3417  4.62072  5.1751  5.65257  6.26082  13.3536  8.78914  9.8993  9.14569  9.85342  10.5012  11.1326  11.8991  12.6  13.3  14  14.7  15.4  16.1  16.8  0.90115  7.80949e-05  4.13543e-17  0.00681255  0.33417  0.38506  0.36965  0.353286  0.347824  0.667681  0.399507  0.412471  0.351757  0.351908  0.35004  0.347893  0.349974  0.35  0.350001  0.35  0.35  0.35  0.35  0.35  
1.39677  0.00425251  0.0615477  1.30424e-17  3.73377  4.46807  4.78448  4.99342  2.73266  11.1509  8.19717  11.0543  9.10705  9.80145  10.4997  11.5712  11.9084  12.602  13.3  14  14.7  15.4  16.1  16.8  0.698386  0.00106313  0.010258  1.63029e-18  0.373377  0.372339  0.341748  0.312089  0.151815  0.557543  0.372599  0.460596  0.350271  0.350052  0.349991  0.361599  0.350248  0.350056  0.35  0.35  0.35  0.35  0.35  0.35  
1.69186  1.05386e-09  0.158081  0.00199336  3.52566  4.20621  4.89104  5.79815  3.92771  11.5888  9.2789  8.32219  9.1135  9.81774  10.5087  11.2269  11.9005  12.5993  13.3  14  14.7  15.4  16.1  16.8  0.845932  2.63465e-10  0.0263469  0.00024917  0.352566  0.350517  0.34936  0.362384  0.218206  0.579441  0.421768  0.346758  0.350519  0.350634  0.350291  0.35084  0.350014  0.349981  0.35  0.350001  0.35  0.35  0.35  0.35  
1.65164  1.08739  1.04727e-07  3.52444e-17  3.62057  4.30931  5.22783  5.55977  6.65323  13.7089  8.87409  12.0861  9.1628  9.8444  10.4813  11.2086  11.8982  12.6  13.3  14  14.7  15.4  16.1  16.8  0.825822  0.271847  1.74544e-08  4.40555e-18  0.362057  0.35911  0.373416  0.347485  0.369624  0.685446  0.403368  0.503587  0.352415  0.351586  0.349376  0.350269  0.349947  0.350001  0.35  0.35  0.349999  0.35  0.35  0.35  
0.901594  0.00285567  0.0397281  2.09133e-17  3.73519  4.22864  4.84463  5.22025  3.50278  11.3451  8.22354  9.61563  8.97136  9.80044  10.5054  11.224  11.9105  12.6013  13.3002  14  14.7  15.4  16.1  16.8  0.450797  0.000713919  0.00662135  2.61417e-18  0.373519  0.352386  0.346045  0.326266  0.194599  0.567253  0.373797  0.400651  0.345052  0.350016  0.350179  0.35075  0.35031  0.350035  0.350004  0.35  0.35  0.35  0.35  0.35  
1.82432  0.0171569  1.299e-05  3.52444e-17  3.26754  3.82379  4.86158  5.68492  6.08254  12.8451  7.39278  8.23658  9.06807  9.84375  10.5006  11.4031  11.9097  12.6003  13.3006  14  14.7  15.4  16.1  16.8  0.91216  0.00428923  2.16501e-06  4.40555e-18  0.326754  0.318649  0.347256  0.355307  0.337919  0.642255  0.336035  0.343191  0.348772  0.351563  0.350021  0.356347  0.350284  0.350009  0.350016  0.35  0.35  0.35  0.35  0.35  
0.218584  0.000137442  8.30058e-17  0.0641258  3.01181  4.83398  5.48157  5.82346  6.1417  12.8173  8.12567  8.15685  9.15719  9.79236  10.5088  11.2642  11.8998  12.6005  13.3  14  14.7  15.4  16.1  16.8  0.109292  3.43605e-05  1.38343e-17  0.00801573  0.301181  0.402832  0.391541  0.363966  0.341205  0.640865  0.369349  0.339869  0.3522  0.349727  0.350295  0.352007  0.349994  0.350015  0.35  0.35  0.349999  0.35  0.35  0.35  
1.48844  0.0669592  1.03306e-07  2.98637e-17  3.48894  4.33279  4.9342  6.3128  5.9097  13.3415  8.13164  10.4175  9.58068  9.78752  10.5025  11.3552  11.91  12.6003  13.3002  14  14.7  15.4  16.1  16.8  0.744222  0.0167398  1.72177e-08  3.73296e-18  0.348894  0.361066  0.352443  0.39455  0.328317  0.667074  0.36962  0.434062  0.368488  0.349554  0.350082  0.35485  0.350294  0.350009  0.350006  0.35  0.35  0.35  0.35  0.35  
1.51703  0.00031238  0.327659  2.98637e-17  3.46783  4.08665  4.91308  5.84034  8.4354  10.6247  8.31209  7.94636  9.14718  9.7524  10.3065  11.2736  11.8969  12.6  13.2999  14  14.7  15.4  16.1  16.8  0.758513  7.80949e-05  0.0546099  3.73296e-18  0.346783  0.340554  0.350934  0.365021  0.468633  0.531234  0.377822  0.331098  0.351815  0.3483  0.343549  0.3523  0.349908  0.35  0.349998  0.35  0.35  0.35  0.35  0.35  
1.26967  0.00508592  0.00226195  4.25043e-20  3.43404  3.95368  4.8704  5.5137  3.23507  11.3336  7.70759  8.31209  8.63592  9.89909  10.5035  11.2229  11.9046  12.5985  13.3001  14  14.7  15.4  16.1  16.8  0.634833  0.00127148  0.000376991  5.31304e-21  0.343404  0.329473  0.347886  0.344606  0.179726  0.566682  0.350345  0.346337  0.332151  0.353539  0.350118  0.350715  0.350136  0.34996  0.350003  0.35  0.35  0.35  0.35  0.35  
1.30443  1.05386e-09  9.21242e-08  0.00125333  3.46246  4.08549  4.97057  5.01589  5.57339  13.3694  8.94976  9.95705  9.18218  9.79711  10.5071  11.1994  11.9068  12.6001  13.3001  14  14.7  15.4  16.1  16.8  0.652216  2.63465e-10  1.5354e-08  0.000156666  0.346246  0.340458  0.35504  0.313493  0.309633  0.668472  0.406807  0.414877  0.353161  0.349897  0.350238  0.349981  0.350199  0.350004  0.350004  0.35  0.35  0.35  0.35  0.35  
1.50862  0.157713  1.55288e-07  4.25043e-20  3.77083  4.68927  4.90704  5.92721  5.69465  12.1702  8.49971  10.2882  9.10268  9.84633  10.4469  11.2255  11.9042  12.5978  13.3  14  14.7  15.4  16.1  16.8  0.754308  0.0394283  2.58814e-08  5.31304e-21  0.377083  0.390772  0.350503  0.37045  0.316369  0.608508  0.386351  0.428677  0.350103  0.351655  0.348231  0.350796  0.350122  0.34994  0.350001  0.35  0.35  0.35  0.35  0.35  
1.17594  0.000457673  0.000471973  4.16875e-16  2.32242  4.43103  4.96663  5.13474  2.80266  14.3271  9.1344  10.9401  9.57115  9.80016  10.526  11.2006  11.8985  12.6002  13.3  14  14.7  15.4  16.1  16.8  0.587972  0.000114418  7.86622e-05  5.21094e-17  0.232242  0.369252  0.354759  0.320921  0.155703  0.716354  0.4152  0.455837  0.368121  0.350006  0.350868  0.35002  0.349956  0.350006  0.350001  0.35  0.35  0.35  0.35  0.35  
0.94398  0.0118086  0  2.91122  3.41615  4.23924  5.2928  5.72904  4.30956  13.5305  7.75843  11.3423  9.32083  9.87518  10.4995  11.3366  11.8997  12.601  13.3  14  14.7  15.4  16.1  16.8  0.47199  0.00295215  0  0.363902  0.341615  0.35327  0.378057  0.358065  0.23942  0.676525  0.352656  0.472597  0.358493  0.352685  0.349982  0.354268  0.349991  0.350029  0.35  0.35  0.35  0.35  0.35  0.35  
4.87921e-09  0.000312379  2.16409e-16  0.0723035  3.34479  4.28961  4.80849  5.54991  5.26921  13.0111  7.52476  8.51468  9.06413  9.8756  10.4786  11.4862  11.9075  12.6  13.3005  14  14.7  15.4  16.1  16.8  2.4396e-09  7.80949e-05  3.60682e-17  0.00903794  0.334479  0.357467  0.343463  0.346869  0.292734  0.650555  0.342034  0.354779  0.348621  0.3527  0.349286  0.358945  0.350222  0.349999  0.350013  0.35  0.35  0.35  0.35  0.35  
0.519114  0.0446995  1.95318e-07  4.25043e-20  3.41018  4.01812  5.01601  6.18735  1.48766  12.9933  7.6961  12.6918  8.89991  9.79523  10.576  11.3583  11.9409  12.6023  13.3  14  14.7  15.4  16.1  16.8  0.259557  0.0111749  3.2553e-08  5.31304e-21  0.341018  0.334843  0.358286  0.386709  0.0826477  0.649667  0.349823  0.528827  0.342304  0.34983  0.352534  0.354946  0.351204  0.350063  0.35  0.35  0.35  0.35  0.35  0.35  
0.894479  2.1942e-05  0.138719  1.2703e-17  3.26578  4.68453  4.88944  6.23957  3.22417  13.8577  8.76598  10.308  9.20483  9.79939  10.4569  11.1318  11.9041  12.6  13.3002  14  14.7  15.4  16.1  16.8  0.44724  5.4855e-06  0.0231198  1.58788e-18  0.326578  0.390377  0.349245  0.389973  0.179121  0.692886  0.398453  0.429501  0.354032  0.349978  0.348564  0.347868  0.350122  0.350001  0.350005  0.35  0.35  0.35  0.35  0.35  
0.841015  0.00189965  1.57254e-06  1.27272e-17  2.78363  4.47842  4.33495  5.54862  0.736508  13.6869  7.6521  8.92477  9.09898  9.84739  10.488  11.2694  11.9032  12.5998  13.3004  14  14.7  15.4  16.1  16.8  0.420507  0.000474912  2.62089e-07  1.5909e-18  0.278363  0.373202  0.30964  0.346789  0.0409171  0.684347  0.347823  0.371865  0.349961  0.351693  0.3496  0.352169  0.350094  0.349995  0.35001  0.35  0.35  0.35  0.35  0.35  
1.07348  1.57052e-12  7.15281e-06  0.0102533  3.53701  4.27256  5.13528  5.95405  7.56444  14.1929  8.04577  10.0471  9.10453  9.81117  10.4516  11.2267  11.8992  12.6002  13.3005  14  14.7  15.4  16.1  16.8  0.536742  3.92631e-13  1.19213e-06  0.00128166  0.353701  0.356047  0.366806  0.372128  0.420247  0.709643  0.365717  0.418629  0.350174  0.350399  0.348387  0.350835  0.349977  0.350007  0.350012  0.35  0.35  0.35  0.35  0.35  
0.774165  0.322493  0  0.00442271  3.32956  4.21266  5.13278  5.87683  5.06734  13.6326  7.32613  8.40018  9.10477  9.80145  10.5024  11.2165  11.9048  12.6005  13.3024  14  14.7  15.4  16.1  16.8  0.387083  0.0806232  0  0.000552839  0.332956  0.351055  0.366627  0.367302  0.281519  0.681628  0.333006  0.350007  0.350183  0.350052  0.350079  0.350515  0.350142  0.350014  0.350064  0.35  0.35  0.35  0.35  0.35  
1.06112  0.000312379  3.63037e-06  3.52444e-17  3.78045  3.96662  3.95441  5.69281  4.97353  10.4752  9.38704  6.99295  8.45524  9.91494  10.4609  11.0792  11.9001  12.5964  13.3  14  14.7  15.4  16.1  16.8  0.53056  7.80949e-05  6.05062e-07  4.40555e-18  0.378045  0.330552  0.282458  0.3558  0.276307  0.523759  0.426684  0.291373  0.325202  0.354105  0.348698  0.346225  0.350004  0.349899  0.35  0.35  0.350001  0.35  0.35  0.35  
0.94398  0.0118086  0  0.0535857  3.67245  4.62162  5.18916  5.69926  4.85415  13.0909  9.19158  10.1113  9.1511  9.86986  10.5295  11.0875  11.9025  12.6  13.3  14  14.7  15.4  16.1  16.8  0.47199  0.00295215  0  0.00669821  0.367245  0.385135  0.370654  0.356204  0.269675  0.654545  0.417799  0.421306  0.351965  0.352495  0.350984  0.346486  0.350075  0.35  0.35  0.35  0.35  0.35  0.35  0.35  
5.74292e-11  0.000191129  6.75259e-19  0.00465329  2.57529  3.98571  5.24683  6.00489  5.87209  14.3022  7.61066  8.43728  9.10389  9.80942  10.5211  11.3387  11.9106  12.6005  13.3006  14  14.7  15.4  16.1  16.8  2.87146e-11  4.77822e-05  1.12543e-19  0.000581661  0.257529  0.332142  0.374774  0.375305  0.326227  0.715108  0.345939  0.351553  0.35015  0.350337  0.350705  0.354335  0.35031  0.350015  0.350015  0.35  0.35  0.35  0.35  0.35  
0.489561  0.0512983  0  0.00212167  2.62403  4.57673  4.82614  5.6084  2.72256  13.086  9.16043  7.7596  8.86683  9.79531  10.5016  10.9874  11.8995  12.5974  13.3  14  14.7  15.4  16.1  16.8  0.244781  0.0128246  0  0.000265209  0.262403  0.381394  0.344724  0.350525  0.151254  0.654298  0.416383  0.323317  0.341032  0.349833  0.350055  0.343357  0.349985  0.349927  0.35  0.35  0.35  0.35  0.35  0.35  
1.76085  3.44346e-06  0.010811  4.25043e-20  3.70849  4.10952  5.02315  6.57952  6.03328  13.0381  8.34363  8.53027  9.35536  9.67005  10.5444  11.2206  11.9271  12.6  13.3  14  14.7  15.4  16.1  16.8  0.880423  8.60866e-07  0.00180183  5.31304e-21  0.370849  0.34246  0.358797  0.41122  0.335182  0.651903  0.379256  0.355428  0.359821  0.345359  0.351481  0.350645  0.350798  0.35  0.350001  0.35  0.35  0.35  0.35  0.35  
0.790715  0.00173797  0  0.1017  2.77292  3.48595  4.00239  5.27821  6.46645  12.2945  8.71908  8.51633  9.25594  9.79177  10.3452  11.2251  11.8991  12.6  13.3003  14  14.7001  15.4  16.1  16.8  0.395357  0.000434494  0  0.0127125  0.277292  0.290496  0.285885  0.329888  0.359247  0.614725  0.396322  0.354847  0.355998  0.349706  0.344839  0.350784  0.349974  0.35  0.350008  0.35  0.350001  0.35  0.35  0.35  
1.37943  2.3333e-13  3.38541e-16  1.61644  2.82173  3.97994  5.37701  6.25896  7.21755  15.2027  8.00948  9.5946  9.11878  9.80172  10.4939  11.203  11.9055  12.6004  13.3004  14  14.7  15.4  16.1  16.8  0.689713  5.83326e-14  5.64236e-17  0.202055  0.282173  0.331662  0.384072  0.391185  0.400975  0.760137  0.364067  0.399775  0.350722  0.350061  0.349796  0.350092  0.350161  0.35001  0.350011  0.35  0.35  0.35  0.35  0.35  
0.662708  0.108769  2.16409e-16  3.52444e-17  3.73804  5.66119  4.51301  6.27834  5.81071  15.626  10.3536  8.39482  10.2616  9.80051  10.5088  11.0195  11.9062  12.5999  13.3  13.9999  14.7  15.4  16.1  16.8  0.331354  0.0271922  3.60682e-17  4.40555e-18  0.373804  0.471766  0.322358  0.392396  0.322817  0.781298  0.470616  0.349784  0.394678  0.350018  0.350294  0.344361  0.350181  0.349998  0.35  0.349996  0.35  0.35  0.35  0.35  
0.980386  1.76762e-05  0  2.88268  2.39559  4.37749  4.40561  5.74564  2.70901  13.1429  8.69155  8.30711  9.20376  9.76108  10.5183  11.1798  11.9  12.6001  13.3004  14  14.7  15.4  16.1  16.8  0.490193  4.41906e-06  0  0.360335  0.239559  0.364791  0.314686  0.359103  0.1505  0.657147  0.39507  0.346129  0.353991  0.34861  0.350609  0.349368  0.349999  0.350002  0.35001  0.35  0.350001  0.35  0.35  0.35  
1.47356  0.00208466  0  0.00393779  3.35366  4.13078  4.74251  5.82504  5.54647  12.0122  9.19835  10.4354  9.08304  9.7993  10.4903  11.0277  11.9013  12.5995  13.3  14  14.7  15.4  16.1  16.8  0.736779  0.000521164  0  0.000492223  0.335366  0.344232  0.338751  0.364065  0.308137  0.600612  0.418107  0.434809  0.349348  0.349975  0.349675  0.344615  0.350039  0.349987  0.350001  0.350001  0.35  0.35  0.35  0.35  
1.07348  1.57052e-12  4.86776e-19  0.0102533  2.94252  4.38592  4.88043  6.06574  5.83352  13.3895  9.12974  10.2932  9.61115  9.73249  10.4529  11.0418  11.9002  12.6  13.3002  14  14.7  15.4  16.1  16.8  0.536742  3.92631e-13  8.11293e-20  0.00128166  0.294252  0.365493  0.348602  0.379109  0.324085  0.669474  0.414988  0.428884  0.36966  0.347589  0.348429  0.345058  0.350006  0.350001  0.350004  0.35  0.35  0.35  0.35  0.35  
1.856  0.00877235  5.223e-16  1.2703e-17  3.52637  5.15408  4.68767  5.80745  6.35639  15.0089  9.29549  9.5026  9.83315  9.75371  10.4876  11.1924  11.9005  12.6002  13.3001  14  14.7  15.4  16.1  16.8  0.928002  0.00219309  8.705e-17  1.58788e-18  0.352637  0.429507  0.334834  0.362966  0.353133  0.750444  0.422522  0.395942  0.378198  0.348347  0.349586  0.349762  0.350015  0.350005  0.350002  0.349999  0.35  0.35  0.35  0.35  
1.3486  1.43783e-10  0.00291968  4.25043e-20  2.99156  4.64235  4.83358  6.09525  6.29195  14.3085  9.91899  10.3748  9.0561  9.8284  10.5648  11.1874  11.9018  12.6006  13.3001  13.9999  14.7  15.4  16.1  16.8  0.674301  3.59458e-11  0.000486614  5.31304e-21  0.299156  0.386862  0.345256  0.380953  0.349553  0.715424  0.450863  0.432282  0.348311  0.351014  0.35216  0.349606  0.350053  0.350016  0.350002  0.349996  0.35  0.35  0.35  0.35  
1.26905  0.000164427  0  0.00791422  3.15048  4.22947  4.47704  5.62965  2.40942  12.6901  8.56648  11.3876  9.43165  9.85246  10.5224  11.2063  11.9023  12.5996  13.3  14  14.7  15.4  16.1  16.8  0.634524  4.11067e-05  0  0.000989278  0.315048  0.352456  0.319788  0.351853  0.133857  0.634506  0.389385  0.474483  0.362756  0.351874  0.350746  0.350197  0.350067  0.349988  0.350001  0.35  0.35  0.35  0.35  0.35  
1.63606e-05  1.24716e-16  0.0122382  0.00347287  3.27744  4.42503  4.81037  6.32108  2.79877  12.9144  8.00945  11.4888  9.28393  9.85418  10.5024  11.4966  11.9051  12.5986  13.3  14  14.7  15.4  16.1  16.8  8.18032e-06  3.1179e-17  0.00203969  0.000434109  0.327744  0.368753  0.343598  0.395068  0.155487  0.645721  0.364066  0.478698  0.357074  0.351935  0.35008  0.359267  0.35015  0.34996  0.35  0.35  0.35  0.35  0.35  0.35  
1.24581  1.12735  0.280026  0  4.01972  4.03279  5.21072  5.66648  6.28652  11.0386  7.94449  9.20328  9.00212  9.79962  10.5977  11.1569  11.8986  12.6045  13.3  14  14.7  15.4  16.1  16.8  0.622903  0.281838  0.046671  0  0.401972  0.336066  0.372194  0.354155  0.349251  0.551929  0.361113  0.38347  0.346236  0.349986  0.353258  0.348653  0.349958  0.350124  0.35  0.35  0.35  0.35  0.35  0.35  
1.2244  5.59977e-05  0  0.00257434  2.29399  3.89353  4.84573  4.8157  0.0464123  13.4262  7.7676  11.9442  9.26183  10.2377  10.5285  11.3159  11.9059  12.6021  13.3  14  14.7  15.4  16.1  16.8  0.612198  1.39994e-05  0  0.000321792  0.229399  0.324461  0.346123  0.300981  0.00257846  0.671309  0.353073  0.497677  0.356224  0.365633  0.35095  0.353621  0.350174  0.350059  0.35  0.35  0.35  0.35  0.35  0.35  
1.05534  0.00595914  1.44483e-18  5.04739e-18  3.52506  4.23788  5.17157  5.95089  6.44294  12.3301  9.58851  11.0895  9.13139  9.80054  10.5033  10.9291  11.9013  12.6  13.2999  14  14.7  15.4  16.1  16.8  0.52767  0.00148979  2.40804e-19  6.30923e-19  0.352506  0.353156  0.369398  0.37193  0.357941  0.616504  0.435842  0.462064  0.351207  0.350019  0.350111  0.341534  0.350037  0.349999  0.349996  0.35  0.35  0.35  0.35  0.35  
0.00246134  7.5676e-10  9.76649e-08  4.1987e-16  3.05989  4.05287  4.94781  5.34961  2.40354  13.0182  8.7068  12.1752  8.86337  10.0321  10.6257  11.2091  11.9113  12.6  13.2999  14  14.7  15.4  16.1  16.8  0.00123067  1.8919e-10  1.62775e-08  5.24837e-17  0.305989  0.337739  0.353415  0.334351  0.13353  0.650911  0.395764  0.5073  0.340899  0.35829  0.354191  0.350283  0.350331  0.349999  0.349998  0.35  0.35  0.35  0.35  0.35  
1.36689  0.0280436  0.19579  0  3.36666  3.98337  5.07745  5.69564  10.2998  10.7811  8.37882  8.73834  9.10997  9.79421  10.5304  11.2013  11.9  12.6003  13.3001  14  14.7  15.4  16.1  16.8  0.683447  0.0070109  0.0326317  0  0.336666  0.331948  0.362675  0.355977  0.572211  0.539057  0.380856  0.364098  0.350383  0.349793  0.351013  0.350042  0.349999  0.350008  0.350002  0.35  0.35  0.35  0.35  0.35  
1.04055  1.21454e-09  0  0.0179301  3.10634  4.41253  4.46365  5.89865  5.31766  11.9255  9.12911  9.44026  9.18934  9.78844  10.488  11.1667  11.9  12.5999  13.3002  14  14.7  15.4  16.1  16.8  0.520274  3.03636e-10  0  0.00224126  0.310634  0.367711  0.318832  0.368666  0.295426  0.596273  0.41496  0.393344  0.353436  0.349587  0.3496  0.348959  0.35  0.349996  0.350005  0.35  0.35  0.35  0.35  0.35  
0.981482  0.000573376  1.44483e-18  5.04739e-18  2.62674  4.36432  5.01587  5.42384  3.12742  13.6235  9.11135  10.5814  9.44839  9.79995  10.5289  10.9918  11.9001  12.6  13.3  14  14.7  15.4  16.1  16.8  0.490741  0.000143344  2.40804e-19  6.30923e-19  0.262674  0.363694  0.358276  0.33899  0.173746  0.681175  0.414152  0.440892  0.3634  0.349998  0.350962  0.343495  0.350003  0.35  0.35  0.35  0.35  0.35  0.35  0.35  
1.94395  1.64965e-16  0.0859941  1.4683e-17  3.20655  4.67947  4.4915  6.25957  1.84265  13.8654  8.62585  9.81545  9.26695  9.8028  10.4655  11.2194  11.9035  12.6  13.3004  14  14.7  15.4  16.1  16.8  0.971975  4.12413e-17  0.0143323  1.83538e-18  0.320655  0.389956  0.320822  0.391223  0.10237  0.693268  0.392084  0.408977  0.356421  0.3501  0.348849  0.350606  0.350103  0.35  0.35001  0.35  0.35  0.35  0.35  0.35  
0.293908  0.197564  0.00161914  0  2.52186  4.2282  5.05926  6.04749  5.61476  13.9387  8.09962  8.63849  9.11841  9.75028  10.5081  11.3137  11.9036  12.601  13.3007  14  14.7  15.4  16.1  16.8  0.146954  0.049391  0.000269856  0  0.252186  0.35235  0.361376  0.377968  0.311931  0.696934  0.368165  0.359937  0.350708  0.348224  0.35027  0.353552  0.350107  0.350027  0.350018  0.35  0.35  0.35  0.35  0.35  
4.87921e-09  0.000312379  2.0215e-16  3.52444e-17  2.93191  4.94095  4.3078  6.35981  3.55555  15.1343  8.21567  10.3486  9.34776  9.80021  10.4565  11.2717  11.9034  12.6011  13.3006  14  14.7  15.4  16.1  16.8  2.4396e-09  7.80949e-05  3.36917e-17  4.40555e-18  0.293191  0.411745  0.3077  0.397488  0.19753  0.756714  0.373439  0.431193  0.359529  0.350008  0.34855  0.352241  0.350101  0.35003  0.350015  0.35  0.35  0.35  0.35  0.35  
1.06192  0.00120695  0.0535398  0  3.60648  3.46224  5.28633  5.36924  3.56313  11.2793  7.58721  11.1543  8.93699  10.0836  9.7878  11.1954  11.9046  12.6  13.3  14  14.7  15.4  16.1  16.8  0.53096  0.000301738  0.00892331  0  0.360648  0.28852  0.377595  0.335577  0.197951  0.563966  0.344873  0.464763  0.34373  0.36013  0.32626  0.349856  0.350134  0.349999  0.35  0.350001  0.35  0.35  0.35  0.35  
0.554288  2.25896e-14  0  2.64913  3.29236  4.02472  5.75907  6.33756  3.63985  11.9315  8.61194  9.01977  9.12081  9.7181  10.7214  11.191  11.901  12.6018  13.3  14  14.7  15.4  16.1  16.8  0.277144  5.64739e-15  0  0.331142  0.329236  0.335393  0.411362  0.396098  0.202214  0.596574  0.391452  0.375824  0.3508  0.347075  0.35738  0.349717  0.350029  0.350049  0.35  0.35  0.35  0.35  0.35  0.35  
1.37968  0.00764417  0.000471973  0  3.22417  3.49039  5.31343  6.15983  5.50811  10.5021  7.25932  9.90685  9.18334  9.79924  10.57  11.2359  11.8534  12.6002  13.3  14  14.7  15.4  16.1  16.8  0.689842  0.00191104  7.86622e-05  0  0.322417  0.290866  0.37953  0.384989  0.306006  0.525103  0.329969  0.412786  0.353205  0.349973  0.352332  0.351121  0.348628  0.350007  0.35  0.35  0.35  0.35  0.35  0.35  
0.00170893  5.17143e-10  0  0.000485529  2.82007  3.92268  4.995  6.10107  5.53653  13.8659  7.35601  8.81405  9.09607  9.83397  10.5181  11.4389  11.9116  12.6003  13.3006  14  14.7  15.4  16.1  16.8  0.000854467  1.29286e-10  0  6.06911e-05  0.282007  0.32689  0.356786  0.381317  0.307585  0.693296  0.334364  0.367252  0.349849  0.351213  0.350604  0.357467  0.35034  0.35001  0.350015  0.35  0.35  0.35  0.35  0.35  
1.11572  2.89956e-05  0.0587121  0  3.03138  4.00456  4.93076  5.79901  2.83242  14.9036  7.28467  9.81181  8.75549  9.74629  10.3402  11.2  11.9061  12.6106  13.3  14.0001  14.7  15.4  16.1  16.8  0.557861  7.24891e-06  0.00978535  0  0.303138  0.333713  0.352197  0.362438  0.157356  0.745181  0.331121  0.408826  0.336749  0.348082  0.344673  0.35  0.35018  0.350295  0.35  0.350002  0.35  0.35  0.35  0.35  
5.74292e-11  6.35676e-17  2.15446e-16  0.00465329  3.76487  3.84711  4.92478  5.69327  4.62781  11.8508  8.48939  7.11859  8.78607  9.77027  10.5008  10.5606  11.9105  12.5997  13.3004  14  14.7  15.4  16.1  16.8  2.87146e-11  1.58919e-17  3.59077e-17  0.000581661  0.376487  0.320593  0.35177  0.35583  0.257101  0.592539  0.385881  0.296608  0.337926  0.348938  0.350027  0.330018  0.35031  0.349991  0.350012  0.35  0.35  0.35  0.35  0.35  
1.079  0.197639  2.732e-07  0  2.80254  4.47157  4.20753  5.99894  3.70588  13.2911  8.29507  8.53707  9.27394  9.7921  10.4897  11.2995  11.9  12.6  13.3004  14  14.7  15.4  16.1  16.8  0.539499  0.0494098  4.55333e-08  0  0.280254  0.372631  0.300538  0.374934  0.205882  0.664556  0.377049  0.355711  0.35669  0.349718  0.349657  0.35311  0.350001  0.35  0.350011  0.35  0.35  0.35  0.35  0.35  
0.960284  7.5676e-10  0.0298175  0  3.62645  3.86607  5.12058  5.49904  4.79486  12.2373  8.22917  11.0563  8.78047  9.99071  10.6065  11.1311  11.9006  12.5985  13.3001  14  14.7  15.4  16.1  16.8  0.480142  1.8919e-10  0.00496959  0  0.362645  0.322173  0.365756  0.34369  0.266381  0.611866  0.374053  0.460679  0.337711  0.356811  0.353548  0.347847  0.350016  0.349958  0.350002  0.35  0.35  0.35  0.35  0.35  
1.80465  0.000715201  4.66957e-06  0  3.61558  3.24718  4.28103  4.98465  4.77078  11.8192  8.947  9.81366  9.14128  9.80318  10.3889  11.2169  11.9147  12.6  13.3003  14  14.7  15.4  16.1  16.8  0.902325  0.0001788  7.78262e-07  0  0.361558  0.270598  0.305788  0.311541  0.265043  0.590961  0.406682  0.408903  0.351588  0.350114  0.346297  0.350529  0.350434  0.350001  0.350009  0.35  0.350001  0.35  0.35  0.35  
1.20368  1.24716e-16  2.16972e-16  4.21753e-16  2.78422  4.43417  4.3946  5.82559  4.3625  13.3043  8.49501  8.56877  9.12969  9.7966  10.4932  11.287  11.8999  12.6  13.3004  14  14.7  15.4  16.1  16.8  0.601841  3.1179e-17  3.6162e-17  5.27191e-17  0.278422  0.369514  0.3139  0.364099  0.242361  0.665215  0.386137  0.357032  0.351142  0.349879  0.349774  0.352719  0.349996  0.349999  0.350009  0.35  0.35  0.35  0.35  0.35  
0.954276  0.0099186  1.72365e-08  0  3.84466  4.60106  5.26458  6.21895  5.12608  12.4087  9.20641  9.09404  9.06823  9.76507  10.4467  11.1526  11.9033  12.5996  13.3  14  14.7  15.4  16.1  16.8  0.477138  0.00247965  2.87275e-09  0  0.384466  0.383422  0.376041  0.388685  0.284782  0.620435  0.418473  0.378918  0.348778  0.348752  0.348222  0.348518  0.350098  0.349989  0.35  0.35  0.35  0.35  0.35  0.35  
0.977101  5.17263e-13  0.0398603  0  3.77752  4.66161  4.824  5.57857  6.46988  11.4463  10.1169  8.42829  9.08334  9.71998  10.5205  11.2069  11.9091  12.601  13.3  13.9998  14.7  15.4  16.1  16.8  0.488551  1.29316e-13  0.00664339  0  0.377752  0.388468  0.344571  0.348661  0.359438  0.572315  0.459857  0.351179  0.349359  0.347142  0.350683  0.350216  0.350269  0.350027  0.35  0.349996  0.35  0.35  0.35  0.35  
1.4301  6.1245e-06  2.732e-07  0  2.82783  4.47181  4.36092  5.93574  4.20011  13.3363  8.20014  8.85135  9.2551  9.79594  10.4801  11.3105  11.8993  12.6  13.3004  14  14.7  15.4  16.1  16.8  0.71505  1.53113e-06  4.55333e-08  0  0.282783  0.372651  0.311494  0.370984  0.23334  0.666815  0.372733  0.368806  0.355965  0.349855  0.349338  0.353453  0.34998  0.35  0.350011  0.35  0.35  0.35  0.35  0.35  
2.75033e-10  4.97136e-19  0  1.18086  3.19626  4.27557  4.87558  5.29028  5.06557  12.9923  7.69309  7.24643  9.02371  9.79117  10.4335  11.5018  11.9122  12.6002  13.3005  14  14.7  15.4  16.1  16.8  1.37516e-10  1.24284e-19  0  0.147607  0.319626  0.356297  0.348256  0.330642  0.28142  0.649616  0.349686  0.301935  0.347066  0.349685  0.347782  0.35943  0.350358  0.350005  0.350014  0.35  0.35  0.35  0.35  0.35  
0.571103  0.048529  0  2.10877e-18  3.55606  5.37992  4.29062  6.01075  4.60796  14.8396  9.14752  7.18621  10.3999  9.78136  10.5132  11.2142  11.9023  12.6006  13.3001  14  14.7  15.4  16.1  16.8  0.285552  0.0121323  0  2.63597e-19  0.355606  0.448327  0.306473  0.375672  0.255998  0.74198  0.415796  0.299425  0.399997  0.349334  0.35044  0.350445  0.350067  0.350016  0.350002  0.349999  0.35  0.35  0.35  0.35  
0.541747  1.57052e-12  2.732e-07  0  3.51209  4.53271  4.9861  5.95028  6.78526  13.2476  10.5912  9.58448  9.22734  9.80969  10.5768  10.8483  11.9051  12.5998  13.2999  13.9998  14.7  15.4  16.1  16.8  0.270873  3.92631e-13  4.55333e-08  0  0.351209  0.377726  0.35615  0.371892  0.376959  0.662378  0.481418  0.399353  0.354898  0.350346  0.352559  0.339009  0.35015  0.349994  0.349998  0.349996  0.35  0.35  0.35  0.35  
0.621454  5.59977e-05  0  1.18665e-17  3.08751  3.92915  5.00988  5.68295  3.42791  13.6271  7.72511  7.61818  9.00193  9.80157  10.5153  11.4022  11.9136  12.6004  13.3008  14  14.7  15.4  16.1  16.8  0.310727  1.39994e-05  0  1.48331e-18  0.308751  0.327429  0.357849  0.355184  0.190439  0.681356  0.351141  0.317424  0.346228  0.350056  0.35051  0.35632  0.350399  0.35001  0.35002  0.35  0.35  0.35  0.35  0.35  
5.74292e-11  6.35676e-17  0.100279  0  3.40248  4.26372  4.67295  5.83189  5.40556  12.0891  8.75659  8.24994  9.1893  9.80341  10.5106  11.1182  11.9056  12.5989  13.3002  14  14.7  15.4  16.1  16.8  2.87146e-11  1.58919e-17  0.0167132  0  0.340248  0.35531  0.333782  0.364493  0.300309  0.604454  0.398027  0.343747  0.353435  0.350122  0.350354  0.347445  0.350166  0.349968  0.350004  0.35  0.35  0.35  0.35  0.35  
1.87693  0.000827264  1.91383e-16  0  2.88627  4.40009  4.90159  5.60226  6.12361  13.2948  9.66077  11.0476  9.22342  9.79879  10.5397  10.8399  11.9003  12.5997  13.3  14  14.7  15.4  16.1  16.8  0.938464  0.000206816  3.18972e-17  0  0.288627  0.366674  0.350113  0.350141  0.340201  0.664739  0.439126  0.460315  0.354747  0.349957  0.351325  0.338746  0.350009  0.349992  0.349999  0.35  0.35  0.35  0.35  0.35  
1.63606e-05  1.24716e-16  0  3.14852e-16  2.55421  4.3738  4.88721  5.55217  2.64727  14.8436  9.58862  11.8956  8.96069  9.94972  10.6163  11.1041  11.9115  12.6004  13.3001  13.9999  14.7  15.4  16.1  16.8  8.18032e-06  3.1179e-17  0  3.93565e-17  0.255421  0.364483  0.349087  0.34701  0.147071  0.742179  0.435846  0.495651  0.344642  0.355347  0.353878  0.347003  0.350338  0.35001  0.350002  0.349997  0.35  0.35  0.35  0.35  
1.177  3.38618e-10  3.19364e-18  0  2.90795  4.58266  4.26953  5.78176  4.12409  13.2598  8.0408  8.63742  9.05131  9.81234  10.5048  11.3201  11.9006  12.6  13.3005  14  14.7  15.4  16.1  16.8  0.5885  8.46544e-11  5.32273e-19  0  0.290795  0.381888  0.304966  0.36136  0.229116  0.662992  0.365491  0.359892  0.348127  0.350441  0.350158  0.353753  0.350018  0.350001  0.350012  0.349999  0.35  0.35  0.35  0.35  
2.30643e-10  0  0.00345595  4.16875e-16  3.43671  5.11898  4.74837  5.85519  6.33919  14.8853  9.12707  9.30674  9.96873  9.77558  10.4803  11.1872  11.8988  12.6002  13.3002  14  14.7  15.4  16.1  16.8  1.15322e-10  0  0.000575992  5.21094e-17  0.343671  0.426582  0.33917  0.36595  0.352177  0.744263  0.414867  0.387781  0.383413  0.349128  0.349342  0.349601  0.349965  0.350006  0.350005  0.349999  0.35  0.35  0.35  0.35  
0.898629  0.192335  0  0  2.6268  4.61649  4.33229  6.14583  4.39767  13.9496  8.73753  8.80394  9.29896  9.70974  10.5364  11.2023  11.8998  12.6001  13.3004  14  14.7  15.4  16.1  16.8  0.449314  0.0480836  0  0  0.26268  0.384707  0.309449  0.384114  0.244315  0.697478  0.39716  0.366831  0.357652  0.346776  0.351213  0.350071  0.349995  0.350002  0.350011  0.35  0.35  0.35  0.35  0.35  
0.460907  2.25896e-14  0  0  2.7628  4.45101  4.28949  5.7986  4.73573  13.4101  8.29061  8.48603  9.10537  9.80004  10.49  11.2672  11.9024  12.5995  13.3004  14  14.7  15.4  16.1  16.8  0.230454  5.64739e-15  0  0  0.27628  0.370918  0.306392  0.362413  0.263096  0.670506  0.376846  0.353585  0.350206  0.350001  0.349668  0.3521  0.350069  0.349987  0.350012  0.35  0.35  0.35  0.35  0.35  
