1.19102 0.0377919 0.0371355
0.0185373 1.06937 0.0127971
0.00902003 0.00463463 1.54359
1.07282 0.0438796 0.0364353
1.07366 0.0805811 0.0295809
1.01508 0.0461863 0.0490631
1.02724 0.174982 0.0234042
1.01161 0.0592859 0.0448333
1.01405 0.056933 0.0532776
1.0107 0.0291756 0.262497
1.02363 0.271948 0.014232
1.0137 0.0713367 0.220873
1.00501 0.273148 0.117181
1.00365 0.051121 0.372678
1.01047 0.322445 0.0789022
1.00497 0.0670079 0.240764
1.01328 0.218237 0.0441998
1.01004 0.0398372 0.526124
1.02497 0.513074 0.0201058
1.00613 0.141881 0.313146
0.956616 0.499033 0.125652
1.00185 0.154601 0.531007
0.86027 0.588371 0.0420153
1.00443 0.0590359 0.435065
0.949747 0.434308 0.288022
1.00363 0.0627686 0.758773
0.816979 0.71788 0.0633717
0.969938 0.391972 0.296961
0.858229 0.594461 0.0578383
1.004 0.104046 0.79077
0.789246 0.713684 0.126946
0.988061 0.308982 0.842094
0.863097 0.576823 0.406862
0.757404 0.0142445 0.999999
0.0818183 1.00171 0.0149458
0.862082 0.582804 0.592049
0.711305 0.764883 0.234711
0.837986 0.289833 0.999925
0.638849 0.847893 0.0888764
0.926306 0.500409 0.81064
0.735227 0.736874 0.203144
0.286198 0.0908751 0.999939
0.533089 0.927739 0.0605805
0.813377 0.630981 0.267052
0.648503 0.824052 0.2366
0.236441 0.20495 0.999935
0.451036 0.927648 0.202469
0.540505 0.391929 0.999925
0.690392 0.791999 0.156445
0.297193 0.0173908 0.999999
0.4162 0.995471 0.0258403
0.694594 0.756146 0.887066
0.499678 0.927985 0.178469
0.401991 0.173128 0.999926
0.415569 0.953968 0.174454
0.366882 0.404422 0.999924
0.529265 0.888135 0.43683
0.187632 0.0399178 0.99996
0.30312 0.976074 0.0709124
0.419378 0.604341 0.999926
0.415067 0.934017 0.455388
0.213237 0.143548 0.999934
0.329772 0.97648 0.225398
0.359467 0.193699 0.999925
0.433915 0.917347 0.82135
0.0754027 0.0100834 1.00095
0.109775 1.00624 0.00499816
0.423079 0.930559 0.645593
0.289689 0.977285 0.163238
0.236715 0.260735 0.99993
0.214934 0.992655 0.137926
0.29756 0.442356 0.999928
0.274868 0.978554 0.194788
0.104857 0.0945105 0.999947
0.150434 0.996848 0.0746204
0.156283 0.496881 0.999932
0.205959 0.989247 0.449258
0.158088 0.203858 0.999952
0.161065 0.993833 0.181149
0.158906 0.331226 0.999939
0.201071 0.988581 0.611423
0.11798 0.0544682 1
0.0675256 1.00091 0.0217381
0.149093 0.521965 0.999934
0.101979 0.998409 0.154367
0.106976 0.225949 0.999954
0.0943098 0.999668 0.178242
0.0852589 0.288529 0.999934
0.108793 0.998749 0.363192
0.0475775 0.0694349 1
0.0626999 1.00062 0.0700259
0.0656012 0.635238 0.999948
0.0650791 1.00028 0.131985
0.0346633 0.139429 1
0.0379405 1.00052 0.188924
0.0367436 0.227063 1
0.0376377 1.00072 0.0973072
0.00538136 0.0134477 1.02464
0.0128708 1.05626 0.0209609
0.00830116 0.641389 1
