1.01626 0.0108475 0.0154834
0.0252715 1.59305 0.0302513
0.0165468 0.0041655 5.93625
0.999888 0.0310358 0.0276399
0.995543 0.103003 0.0376917
0.999157 0.0480874 0.118988
0.982454 0.197429 0.0281877
0.995343 0.101701 0.134501
0.982358 0.192271 0.118572
0.999166 0.0440811 0.1214
0.949584 0.321822 0.0197086
0.983879 0.17982 0.159255
0.955602 0.298584 0.119112
0.995942 0.0914699 0.168812
0.920593 0.392084 0.0750496
0.985325 0.172127 0.168048
0.949099 0.316474 0.227466
0.999365 0.0393527 0.320846
0.842718 0.548512 0.0208318
0.950271 0.312709 0.316069
0.884675 0.468659 0.125195
0.986242 0.167513 0.580896
0.82584 0.565729 0.0961317
0.960077 0.28093 0.213675
0.884806 0.46695 0.278616
0.996297 0.0871494 0.130436
0.754758 0.662078 0.0679225
0.92562 0.379662 0.347231
0.824284 0.567583 0.150999
0.985877 0.168652 0.649556
0.748816 0.66527 0.173616
0.949082 0.315655 0.265881
0.838279 0.546666 0.191223
0.678547 0.0278191 1.0001
0.650432 0.769056 0.0179041
0.833526 0.553944 0.333747
0.69354 0.724357 0.155222
0.298537 0.278404 0.975299
0.607785 0.799183 0.100589
0.870146 0.49571 0.572475
0.70829 0.708101 0.420482
0.341377 0.113732 0.993897
0.527441 0.858482 0.0485205
0.793349 0.610439 0.764739
0.620743 0.786652 0.104323
0.161584 0.200294 0.9822
0.530147 0.854309 0.135405
0.522928 0.253526 0.974794
0.64642 0.76575 0.627583
0.29491 0.0488965 0.999531
0.280948 0.999681 0.0469527
0.676435 0.73821 0.631754
0.497038 0.872149 0.152789
0.369841 0.243831 0.975202
0.415668 0.923835 0.18969
0.461225 0.297841 0.97496
0.517651 0.860228 0.492789
0.359419 0.0757262 0.997615
0.315081 0.995238 0.122967
0.378636 0.517833 0.974963
0.426146 0.910183 0.418261
0.279021 0.161631 0.988652
0.33783 0.95015 0.250929
0.335691 0.333098 0.975032
0.447133 0.899402 0.752307
0.147092 0.0165956 1.00227
0.229514 1.64894 0.01875
0.418183 0.913497 0.770477
0.258065 0.972939 0.245636
0.244443 0.265527 0.975357
0.150936 0.992481 0.149566
0.282949 0.336477 0.97516
0.281497 0.968319 0.547768
0.162218 0.124182 0.993897
0.169649 0.998841 0.066948
0.248496 0.322371 0.975199
0.117092 0.991379 0.441011
0.137739 0.212067 0.982149
0.0641042 0.991511 0.239593
0.14235 0.361427 0.975881
0.208757 0.988433 0.753426
0.0440309 0.0562266 0.999531
0.0496123 1.00082 0.0429246
0.132336 0.496486 0.975836
0.079963 0.991448 0.369464
0.0589474 0.248334 0.977427
0.0357227 0.991669 0.191093
0.0845317 0.284402 0.977041
0.104368 0.991381 0.430891
0.0415027 0.0749921 0.999531
0.0553497 0.997597 0.10992
0.0708493 0.336306 0.977237
0.0604478 0.991413 0.424782
0.0414157 0.167217 0.999531
0.0331559 0.991635 0.265561
0.0288647 0.245806 0.999531
0.0302514 0.991582 0.548529
0.0155515 0.0210812 1.00378
0.012602 1.09493 0.0347178
0.00558338 0.997151 0.868852
