2.09524 0.0952386 0.0952386
0.0952394 4.09524 0.0952393
0.0952467 0.0953006 6.09524
2.09472 0.170757 0.172304
2.09228 0.307785 0.165001
2.0924 0.190005 0.381416
2.08473 0.503289 0.148702
2.08938 0.300393 0.435588
2.08429 0.483505 0.32747
2.08451 0.180449 0.702659
2.06337 0.805803 0.141203
2.08076 0.459817 0.56449
2.06904 0.712959 0.375178
2.07579 0.276999 0.884222
2.05024 0.929334 0.286091
2.07155 0.441113 0.855856
2.06062 0.753104 0.606815
2.05719 0.170729 1.25459
1.99865 1.32307 0.13228
2.05408 0.739154 0.825685
2.02407 1.11863 0.49527
2.04898 0.425945 1.2784
1.98568 1.39122 0.33416
2.0415 0.664132 1.18175
2.01605 1.10943 0.788081
2.01921 0.261214 1.71486
1.9257 1.7032 0.260787
2.01792 0.884315 1.24786
1.97365 1.39224 0.772806
2.00034 0.420237 1.8553
1.91737 1.71633 0.549019
1.9952 0.727145 1.71169
1.96567 1.31658 1.17087
1.94401 0.164963 2.3816
1.77053 2.27998 0.128514
1.94716 1.3266 1.40742
1.85632 1.93831 0.761809
1.94264 0.735005 2.18401
1.763 2.29001 0.454289
1.92396 1.13808 1.95407
1.85182 1.85451 1.22047
1.87412 0.42588 2.79232
1.6463 2.61653 0.306669
1.86844 1.46125 1.96693
1.75855 2.20735 1.12638
1.83581 0.679993 2.91736
1.64233 2.59459 0.730532
1.82361 1.17157 2.64632
1.75009 2.06221 1.72253
1.72068 0.265349 3.58184
1.43294 3.06726 0.240258
1.73219 1.88576 2.2563
1.57205 2.69208 1.18984
1.70554 0.942715 3.41885
1.42568 3.05366 0.708984
1.67806 1.53892 3.05541
1.56132 2.54183 1.88058
1.56194 0.433273 4.14271
1.26464 3.32942 0.492398
1.57606 1.95844 3.00276
1.41116 2.91662 1.6779
1.49161 0.777365 4.2671
1.25148 3.29338 1.07241
1.47718 1.4742 3.90754
1.38269 2.68951 2.5323
1.29387 0.167872 4.89709
0.954145 3.70755 0.122116
1.30346 2.72077 2.80662
1.08481 3.48173 1.27124
1.28662 1.48367 4.44128
0.925161 3.71582 0.649041
1.2192 2.26756 3.83859
1.04999 3.34358 2.10891
1.09416 0.771716 5.19326
0.76257 3.86133 0.376937
1.05379 2.7248 3.58421
0.866151 3.61686 1.75271
0.975414 1.21551 5.21421
0.717478 3.84797 1.00553
0.922396 2.09552 4.6603
0.801425 3.39476 2.74406
0.760359 0.420149 5.7327
0.520473 4.00235 0.253733
0.72966 3.08728 3.59309
0.574659 3.84367 1.6175
0.665642 1.52199 5.433
0.458131 3.99561 0.860589
0.591652 2.43724 4.72568
0.488973 3.64303 2.6021
0.471452 0.642315 5.93071
0.328406 4.05702 0.537189
0.422494 2.87653 4.29418
0.33167 3.83093 2.11943
0.332771 1.0999 5.85902
0.245107 4.0102 1.24077
0.267256 2.05429 5.30085
0.214882 3.50883 3.20214
0.175699 0.238812 6.08651
0.126643 4.09426 0.188792
0.0952387 3.32243 3.6402
