0.671574  0.063945185595816356194376339772  0.542420664385779072169668779679  0.247132604013323486924491589889  0.108214096724148015060684713262  0.808308267363441523833955670852  0.985857857297136375152035725478  0.671573831738799698065633947408  0.063945185595816356194376339772  0.542420664385779072169668779679  0.247132604013323486924491589889  0.108214096724148015060684713262  0.808308267363441523833955670852  0.985857857297136375152035725478  
0.204934456115322544134116355963  0.738547938771813572422786364768  0.043325728589057421746844056543  0.489556931710028619963992468911  0.661048200535167440605732736003  0.555056266570362555334838816634  0.829244554269028433246546683222  0.204934456115322544134116355963  0.738547938771813572422786364768  0.043325728589057421746844056543  0.489556931710028619963992468911  0.661048200535167440605732736003  0.555056266570362555334838816634  0.829244554269028433246546683222  
0.641548905769203314797266557434  0.916376633519313199549571891112  0.002825720347550804423253367759  0.874409818241761338519779656053  0.054014844629569812306524312362  0.400433799269084345073821395999  0.891071662186221802315344575618  0.641548905769203314797266557434  0.916376633519313199549571891112  0.002825720347550804423253367759  0.874409818241761338519779656053  0.054014844629569812306524312362  0.400433799269084345073821395999  0.891071662186221802315344575618  
0.439830990222112361287543080834  0.175160808436883946859197180856  0.703903773255562748012437168654  0.342918817022861643906139761384  0.666045895132190146625816851156  0.549732707779519325086425851623  0.394601633558580133787074828433  0.439830990222112361287543080834  0.175160808436883946859197180856  0.703903773255562748012437168654  0.342918817022861643906139761384  0.666045895132190146625816851156  0.549732707779519325086425851623  0.394601633558580133787074828433  
0.404974559053237315175977073523  0.389545151550014456809378771140  0.706021422991445768424512152706  0.362787279224451031378606558064  0.033452821356938132468794577790  0.615631580505838771344429005694  0.163440813726032696528989163198  0.404974559053237315175977073523  0.389545151550014456809378771140  0.706021422991445768424512152706  0.362787279224451031378606558064  0.033452821356938132468794577790  0.615631580505838771344429005694  0.163440813726032696528989163198  
0.980181909778836346625041642255  0.258078712940537635667226368241  0.337256559481289019952754415499  0.075479427546146948824201672323  0.062962542917493799499162321354  0.290414823538279132097983392669  0.967650427133909585286630772316  0.980181909778836346625041642255  0.258078712940537635667226368241  0.337256559481289019952754415499  0.075479427546146948824201672323  0.062962542917493799499162321354  0.290414823538279132097983392669  0.967650427133909585286630772316  
0.492377319769967403129129479566  0.535482151208437451295196751744  0.654701732401571812047791354416  0.174113547801809182002941156497  0.721895530522391193350983940036  0.945125056121325912705799510150  0.213564916119453440668252142132  0.492377319769967403129129479566  0.535482151208437451295196751744  0.654701732401571812047791354416  0.174113547801809182002941156497  0.721895530522391193350983940036  0.945125056121325912705799510150  0.213564916119453440668252142132  
0.442891188266571145248917673598  0.767994142267621193731486073375  0.477701842135124177257665678553  0.202119232239264395856181977251  0.711511031947302474698346941295  0.233285814444205819029320991831  0.647642255783822284875839159213  0.442891188266571145248917673598  0.767994142267621193731486073375  0.477701842135124177257665678553  0.202119232239264395856181977251  0.711511031947302474698346941295  0.233285814444205819029320991831  0.647642255783822284875839159213  
0.065830608175882002197631948093  0.506676836436396049734298685507  0.309464434303565349981823828784  0.070195372200853492494765362153  0.378724777694608105704787703871  0.032285455960903201855227706574  0.057041824724783703193242700991  0.065830608175882002197631948093  0.506676836436396049734298685507  0.309464434303565349981823828784  0.070195372200853492494765362153  0.378724777694608105704787703871  0.032285455960903201855227706574  0.057041824724783703193242700991  
0.178204685518237898600446555974  0.732321441288722008167155763658  0.935173341766807220132307065796  0.965907907626671780043636772461  0.390828682212362998882326792227  0.022678496748056366227874747210  0.997641391493155782477231241501  0.178204685518237898600446555974  0.732321441288722008167155763658  0.935173341766807220132307065796  0.965907907626671780043636772461  0.390828682212362998882326792227  0.022678496748056366227874747210  0.997641391493155782477231241501  
0.437527356757701046952035994764  0.169812354461313291809076986283  0.536137690568204816621289410250  0.110543617697529267251965734431  0.465274773793460716397873966343  0.550988985613949489028584594053  0.884967801730271008686656841746  0.437527356757701046952035994764  0.169812354461313291809076986283  0.536137690568204816621289410250  0.110543617697529267251965734431  0.465274773793460716397873966343  0.550988985613949489028584594053  0.884967801730271008686656841746  
0.709345885689556698849855820299  0.967150056365763233223731276667  0.699466675731664211390636864962  0.852488765242297663604631452472  0.584225007639790683278135929868  0.036537926227656995770143311120  0.797272023636904525467627991020  0.709345885689556698849855820299  0.967150056365763233223731276667  0.699466675731664211390636864962  0.852488765242297663604631452472  0.584225007639790683278135929868  0.036537926227656995770143311120  0.797272023636904525467627991020  
0.560531109406214311796645688446  0.749597811939108238377116322226  0.192638962703902183459803154619  0.674235961544353834540288517019  0.541090223934812986072984131170  0.840533549173433147672085397062  0.075448604492997464743275770616  0.560531109406214311796645688446  0.749597811939108238377116322226  0.192638962703902183459803154619  0.674235961544353834540288517019  0.541090223934812986072984131170  0.840533549173433147672085397062  0.075448604492997464743275770616  
0.254817814873305292788785436642  0.430481637637568248511144020085  0.152076752822158850486644610100  0.331180900405336431369107685896  0.063164192423669787701534517055  0.502560414242388286965024235542  0.792229986907704186727130490908  0.254817814873305292788785436642  0.430481637637568248511144020085  0.152076752822158850486644610100  0.331180900405336431369107685896  0.063164192423669787701534517055  0.502560414242388286965024235542  0.792229986907704186727130490908  
0.052777968573443280464463356338  0.633723531321855326758907267504  0.978108170041439350939072028268  0.772028373844181992069479747443  0.541244811846785744968713061098  0.337515252497418039023813207677  0.289825721473985498111147762756  0.052777968573443280464463356338  0.633723531321855326758907267504  0.978108170041439350939072028268  0.772028373844181992069479747443  0.541244811846785744968713061098  0.337515252497418039023813207677  0.289825721473985498111147762756  
0.443852715998646285555651047616  0.127205074211783369930728326835  0.205345001283253114632287861241  0.413867034101252417865879351666  0.614029533785074188578789744497  0.599829927545759700180383333645  0.677074431232794538004782225471  0.443852715998646285555651047616  0.127205074211783369930728326835  0.205345001283253114632287861241  0.413867034101252417865879351666  0.614029533785074188578789744497  0.599829927545759700180383333645  0.677074431232794538004782225471  
0.737292472119377984007826398738  0.958595436290191504902225005935  0.690448514040617133957766782260  0.444375160975329863699556653955  0.235121893689670125038304604459  0.771973758757938388619379566080  0.052414579528960981991136947045  0.737292472119377984007826398738  0.958595436290191504902225005935  0.690448514040617133957766782260  0.444375160975329863699556653955  0.235121893689670125038304604459  0.771973758757938388619379566080  0.052414579528960981991136947045  
0.232954635192241521490785771675  0.583257979982033547550202001730  0.579627193635474657895656491746  0.798800337080857070226613814157  0.597010574650903569349225108454  0.202572646652662641253428432719  0.045653745010759833045099753690  0.232954635192241521490785771675  0.583257979982033547550202001730  0.579627193635474657895656491746  0.798800337080857070226613814157  0.597010574650903569349225108454  0.202572646652662641253428432719  0.045653745010759833045099753690  
0.575068634879232321033271091437  0.036783783755554640138019095730  0.744058196081289424661520115478  0.884035945470936335155442975520  0.504120716755399933539649737213  0.014736085782091734586174425203  0.410707835066209558938510326698  0.575068634879232321033271091437  0.036783783755554640138019095730  0.744058196081289424661520115478  0.884035945470936335155442975520  0.504120716755399933539649737213  0.014736085782091734586174425203  0.410707835066209558938510326698  
0.886592128016208680385545903846  0.525777916280144252958450579172  0.343826323386857979347297487038  0.431591053812410474499472456955  0.809109078615099064357707447925  0.369506491072499998473688265221  0.569307393110882631326319369691  0.886592128016208680385545903846  0.525777916280144252958450579172  0.343826323386857979347297487038  0.431591053812410474499472456955  0.809109078615099064357707447925  0.369506491072499998473688265221  0.569307393110882631326319369691  
0.132046449102437207789861872698  0.251982676525845883386267587412  0.350229601268431223193289270057  0.996848527683003249322268857213  0.711583645308674239693402796547  0.787179659544616439070807700773  0.273765449072263744589861289569  0.132046449102437207789861872698  0.251982676525845883386267587412  0.350229601268431223193289270057  0.996848527683003249322268857213  0.711583645308674239693402796547  0.787179659544616439070807700773  0.273765449072263744589861289569  
0.970049285541376704600224911701  0.109419837734050215405368078336  0.829887518910895627399781915301  0.036214467174480534372715823110  0.083904185859419305737461058925  0.684552028396596345949376427598  0.522303444517679849035118877509  0.970049285541376704600224911701  0.109419837734050215405368078336  0.829887518910895627399781915301  0.036214467174480534372715823110  0.083904185859419305737461058925  0.684552028396596345949376427598  0.522303444517679849035118877509  
0.005142976733461498625721297628  0.770139477896436885906439329119  0.959229826710436106473878226097  0.000283029872950883200355409741  0.221942054976278307920622978600  0.744424932764898628079208720010  0.255506904198828543872679119886  0.005142976733461498625721297628  0.770139477896436885906439329119  0.959229826710436106473878226097  0.000283029872950883200355409741  0.221942054976278307920622978600  0.744424932764898628079208720010  0.255506904198828543872679119886  
0.556752982700245202529742982733  0.392772289172580724159189458078  0.442897022537070750303200838971  0.792373416177807543547828572628  0.175616934861726803340786773333  0.209272744035433611031749023823  0.145533591681325485955866838594  0.556752982700245202529742982733  0.392772289172580724159189458078  0.442897022537070750303200838971  0.792373416177807543547828572628  0.175616934861726803340786773333  0.209272744035433611031749023823  0.145533591681325485955866838594  
0.601081031417421862705907642521  0.314080024462566720355738425496  0.279255615424703507176928951594  0.330148790526505198084095127342  0.991902185749116260815583245858  0.720123908114867372631806574645  0.451516658244149715617510310040  0.601081031417421862705907642521  0.314080024462566720355738425496  0.279255615424703507176928951594  0.330148790526505198084095127342  0.991902185749116260815583245858  0.720123908114867372631806574645  0.451516658244149715617510310040  
0.155473990931775996049424293233  0.863146637737501554177299567527  0.634250283199955688928639574442  0.501480378036309071276832582953  0.216985043344892880590180084255  0.843189932718474532968855328363  0.139355515057788592603316146779  0.155473990931775996049424293233  0.863146637737501554177299567527  0.634250283199955688928639574442  0.501480378036309071276832582953  0.216985043344892880590180084255  0.843189932718474532968855328363  0.139355515057788592603316146779  
0.403080369933429827344895102215  0.852276714725196726796241364355  0.372030318073265753309186720799  0.090531856145340844355118292697  0.013301075496986237631236171808  0.730380305593053780199852553778  0.339735575428942171427593166300  0.403080369933429827344895102215  0.852276714725196726796241364355  0.372030318073265753309186720799  0.090531856145340844355118292697  0.013301075496986237631236171808  0.730380305593053780199852553778  0.339735575428942171427593166300  
0.144697209959506439824750145817  0.084921502609889829016331930234  0.123205486439385614172437044544  0.400201935794746777030894691052  0.852641016931499517994552661548  0.009911273998421751482701402836  0.275220895835094236936413381045  0.144697209959506439824750145817  0.084921502609889829016331930234  0.123205486439385614172437044544  0.400201935794746777030894691052  0.852641016931499517994552661548  0.009911273998421751482701402836  0.275220895835094236936413381045  
0.025216628398473099614829351367  0.792448403014854640957764786435  0.971506031964911476173085702612  0.146302546111734765865719509748  0.380509706839604777695029724782  0.677513939136958120990072984569  0.617051733866984641885267137695  0.025216628398473099614829351367  0.792448403014854640957764786435  0.971506031964911476173085702612  0.146302546111734765865719509748  0.380509706839604777695029724782  0.677513939136958120990072984569  0.617051733866984641885267137695  
0.743547610566740346804692762817  0.206196223165224762352565335277  0.622341609047277199984193885030  0.420723272376450796450342295429  0.508168049712797720296464376588  0.626724981829348659623235562321  0.442002029423682274433815564407  0.743547610566740346804692762817  0.206196223165224762352565335277  0.622341609047277199984193885030  0.420723272376450796450342295429  0.508168049712797720296464376588  0.626724981829348659623235562321  0.442002029423682274433815564407  
0.118222493701107780883496900515  0.472910377754542088357680995614  0.369153996639926762490802047978  0.266040863289252582646327027760  0.583495548273027631047682461940  0.365762284998686126868960855063  0.011239972410443077946440304515  0.118222493701107780883496900515  0.472910377754542088357680995614  0.369153996639926762490802047978  0.266040863289252582646327027760  0.583495548273027631047682461940  0.365762284998686126868960855063  0.011239972410443077946440304515  
0.302120797652875916483594664896  0.117467724711055210295995721026  0.592808299413279393696996066865  0.778811472095071843924074528331  0.191202882794777401231911539981  0.864452356695407209130621595250  0.291944152123878197802042677722  0.302120797652875916483594664896  0.117467724711055210295995721026  0.592808299413279393696996066865  0.778811472095071843924074528331  0.191202882794777401231911539981  0.864452356695407209130621595250  0.291944152123878197802042677722  
0.822676049977291490300501664024  0.611947463832578808506923451205  0.154090703510544158039152762285  0.067589131996536724877877588824  0.687414162992594723888828411873  0.733460148025356528656004684308  0.284940660102272480536100829340  0.822676049977291490300501664024  0.611947463832578808506923451205  0.154090703510544158039152762285  0.067589131996536724877877588824  0.687414162992594723888828411873  0.733460148025356528656004684308  0.284940660102272480536100829340  
0.783429880436295578149952234526  0.097414985429623054957737338100  0.825516390692858537114773298526  0.262374019856467688427414941543  0.748035758073925749478405577975  0.329628796325273643041953164357  0.065865809376628045579415982047  0.783429880436295578149952234526  0.097414985429623054957737338100  0.825516390692858537114773298526  0.262374019856467688427414941543  0.748035758073925749478405577975  0.329628796325273643041953164357  0.065865809376628045579415982047  
0.963564172807594099268158061022  0.325299619999931954872351980157  0.236289928706662710755637135662  0.691309558116510736169857409550  0.093347785963938487152624645660  0.685740245640241052882402073010  0.844169427060708965626645294833  0.963564172807594099268158061022  0.325299619999931954872351980157  0.236289928706662710755637135662  0.691309558116510736169857409550  0.093347785963938487152624645660  0.685740245640241052882402073010  0.844169427060708965626645294833  
0.234379615598482693439308377492  0.525126738304166451598575804383  0.437623789160522635999228668879  0.851207202930288509001854890812  0.707774191704022781479466175369  0.320364636010953274247725630630  0.146766624169034437530356740353  0.234379615598482693439308377492  0.525126738304166451598575804383  0.437623789160522635999228668879  0.851207202930288509001854890812  0.707774191704022781479466175369  0.320364636010953274247725630630  0.146766624169034437530356740353  
0.916157983650187301982725784910  0.589192512948701008212992746849  0.128887162057407550497245551924  0.691728534082381663061767085310  0.287856331778591600922823090514  0.930874573590391607424976427865  0.585458426160722189557361616608  0.916157983650187301982725784910  0.589192512948701008212992746849  0.128887162057407550497245551924  0.691728534082381663061767085310  0.287856331778591600922823090514  0.930874573590391607424976427865  0.585458426160722189557361616608  
0.553257141274799080221669100865  0.428943974645919101629232272899  0.428659056516373426770627474980  0.250570053373675105667928164621  0.229818399313168580944122254550  0.367544671167292169577933691471  0.477143367546231600417883100818  0.553257141274799080221669100865  0.428943974645919101629232272899  0.428659056516373426770627474980  0.250570053373675105667928164621  0.229818399313168580944122254550  0.367544671167292169577933691471  0.477143367546231600417883100818  
0.535716381173530820092310023028  0.939962113693719514273539061833  0.213299889643905032921011866165  0.968499526065988325385092139186  0.956510256651496471036466573423  0.051807994676604657291463240654  0.260343449250419245455390182542  0.535716381173530820092310023028  0.939962113693719514273539061833  0.213299889643905032921011866165  0.968499526065988325385092139186  0.956510256651496471036466573423  0.051807994676604657291463240654  0.260343449250419245455390182542  
0.039130664582413848817665780189  0.070085986963151436501817670433  0.161693816885340235778301121172  0.682175792746684717116067986353  0.368827368295903457173778861033  0.123303638995070616313221023574  0.706355015765957716666889609769  0.039130664582413848817665780189  0.070085986963151436501817670433  0.161693816885340235778301121172  0.682175792746684717116067986353  0.368827368295903457173778861033  0.123303638995070616313221023574  0.706355015765957716666889609769  
0.614933695769572685740911310859  0.820171885059499228276536086923  0.316480632825220820070200034024  0.767264201407067969462616474630  0.684100513881325533738220201485  0.101099619452593686430574848600  0.349521648469073742404589211219  0.614933695769572685740911310859  0.820171885059499228276536086923  0.316480632825220820070200034024  0.767264201407067969462616474630  0.684100513881325533738220201485  0.101099619452593686430574848600  0.349521648469073742404589211219  
0.862864555485307826998564451060  0.891718255260983361232263177953  0.847215547698234039408760054357  0.889821314548520203580039833469  0.230686496760860199062292963390  0.395824981222452298990077679264  0.456129833483619517853213665148  0.862864555485307826998564451060  0.891718255260983361232263177953  0.847215547698234039408760054357  0.889821314548520203580039833469  0.230686496760860199062292963390  0.395824981222452298990077679264  0.456129833483619517853213665148  
0.020662534868491563150305623253  0.026631049934606645934742630288  0.080370607707417413001493855518  0.216294141199906364558813720578  0.305468340387944570224476592557  0.143250051036595521525285334974  0.986606105166263347427957342006  0.020662534868491563150305623253  0.026631049934606645934742630288  0.080370607707417413001493855518  0.216294141199906364558813720578  0.305468340387944570224476592557  0.143250051036595521525285334974  0.986606105166263347427957342006  
0.571220690176709844365632307017  0.643249336479321809356690664572  0.921594670198646825909349900030  0.329987159487283132630608406544  0.860754412675334590332454354211  0.329685937158439634764306447323  0.859273475612628012676452726737  0.571220690176709844365632307017  0.643249336479321809356690664572  0.921594670198646825909349900030  0.329987159487283132630608406544  0.860754412675334590332454354211  0.329685937158439634764306447323  0.859273475612628012676452726737  
0.305765120307931292931158395731  0.562636717140730935327042061544  0.801042244345224863089072186995  0.979228608419388413253159342275  0.209784563552442876455117470869  0.817873274683592943468113389827  0.743372702592368983509629742912  0.305765120307931292931158395731  0.562636717140730935327042061544  0.801042244345224863089072186995  0.979228608419388413253159342275  0.209784563552442876455117470869  0.817873274683592943468113389827  0.743372702592368983509629742912  
0.385929974636085248995698293584  0.156112630045774192222296505861  0.618511060054153238851881724258  0.688283165220203385636921211699  0.332856345592434210711729747345  0.597282168813508151927749167953  0.410053281977087680232330058061  0.385929974636085248995698293584  0.156112630045774192222296505861  0.618511060054153238851881724258  0.688283165220203385636921211699  0.332856345592434210711729747345  0.597282168813508151927749167953  0.410053281977087680232330058061  
0.824770872064644500198937748792  0.871475301252398915075048080325  0.803593184009855909799568962626  0.814028398223413995893338324095  0.529394435229956661359551617352  0.667002470090617416431655328779  0.160352372392058212247079040935  0.824770872064644500198937748792  0.871475301252398915075048080325  0.803593184009855909799568962626  0.814028398223413995893338324095  0.529394435229956661359551617352  0.667002470090617416431655328779  0.160352372392058212247079040935  
0.567016957419198663892245804163  0.030134392698026903067987092300  0.380573741322740910497657296219  0.018464625146935292193672850658  0.162096665603209566519637974125  0.795852352235210114272945247649  0.079070699736946012392557747717  0.567016957419198663892245804163  0.030134392698026903067987092300  0.380573741322740910497657296219  0.018464625146935292193672850658  0.162096665603209566519637974125  0.795852352235210114272945247649  0.079070699736946012392557747717  
0.139613072791654246884718304500  0.386493312591654980536759467213  0.053799450664293625712364388392  0.166957575916961753481615460259  0.216252427725799556412766833091  0.897738972822117009542353116558  0.471394014576678732630909962609  0.139613072791654246884718304500  0.386493312591654980536759467213  0.053799450664293625712364388392  0.166957575916961753481615460259  0.216252427725799556412766833091  0.897738972822117009542353116558  0.471394014576678732630909962609  
0.551662954916875447608504146046  0.791237212836352621359026215941  0.886434503526861261590852336667  0.924863830494426886197345538676  0.461481552210604717423336751381  0.734814551407115934544833635300  0.046141348742886743872215760121  0.551662954916875447608504146046  0.791237212836352621359026215941  0.886434503526861261590852336667  0.924863830494426886197345538676  0.461481552210604717423336751381  0.734814551407115934544833635300  0.046141348742886743872215760121  
0.277002687354212795423080706314  0.528750859174795029282734049048  0.623380896629475156345279174275  0.353547371016594835779756067495  0.667448902378397379564489710901  0.448397701659148828490231153410  0.036997593075407397833487266325  0.277002687354212795423080706314  0.528750859174795029282734049048  0.623380896629475156345279174275  0.353547371016594835779756067495  0.667448902378397379564489710901  0.448397701659148828490231153410  0.036997593075407397833487266325  
0.561091080630543581619917858916  0.116308371017785530665555882024  0.389481225565962596579794308127  0.198144396693573199286220187787  0.716309396962774291850450936181  0.999018283522014494124618977366  0.359179296312034213034536378473  0.561091080630543581619917858916  0.116308371017785530665555882024  0.389481225565962596579794308127  0.198144396693573199286220187787  0.716309396962774291850450936181  0.999018283522014494124618977366  0.359179296312034213034536378473  
0.084987987868478040431874376281  0.582043266610092313584345902200  0.211407233015454748548123120599  0.466397149322441639807124147410  0.565447155415550017920622849488  0.850529838956443740016766241752  0.338463687696221038336830133630  0.084987987868478040431874376281  0.582043266610092313584345902200  0.211407233015454748548123120599  0.466397149322441639807124147410  0.565447155415550017920622849488  0.850529838956443740016766241752  0.338463687696221038336830133630  
0.384532186521792718192358506712  0.873496968879942992103337928711  0.000903645100449134374386017665  0.268863889786149667937564800013  0.499694310349419856809305429124  0.180694194212093262041918251271  0.002061210188643478827957844501  0.384532186521792718192358506712  0.873496968879942992103337928711  0.000903645100449134374386017665  0.268863889786149667937564800013  0.499694310349419856809305429124  0.180694194212093262041918251271  0.002061210188643478827957844501  
0.849422463775104552574646277208  0.876108798882573758248781814473  0.616259910344189254516322762356  0.179100406925908561817095687729  0.597878521689993447374433799268  0.234140429600112387475974173867  0.342064366245396045407289875584  0.849422463775104552574646277208  0.876108798882573758248781814473  0.616259910344189254516322762356  0.179100406925908561817095687729  0.597878521689993447374433799268  0.234140429600112387475974173867  0.342064366245396045407289875584  
0.884011415830333824317222024547  0.064828402600444021142145345493  0.570431336521480036871878382954  0.808931497279171463077318549040  0.263330200865430297252345326342  0.955454689084388575359696460509  0.073712145101992573859028823335  0.884011415830333824317222024547  0.064828402600444021142145345493  0.570431336521480036871878382954  0.808931497279171463077318549040  0.263330200865430297252345326342  0.955454689084388575359696460509  0.073712145101992573859028823335  
0.818275888708164256257759916480  0.925487021294607248300678747910  0.601360397001557855922726503195  0.037260302885959738217191983267  0.217831862864880043684223664968  0.405301164579856654235356927529  0.233061590143588903689675362330  0.818275888708164256257759916480  0.925487021294607248300678747910  0.601360397001557855922726503195  0.037260302885959738217191983267  0.217831862864880043684223664968  0.405301164579856654235356927529  0.233061590143588903689675362330  
0.300178481040136391211348154684  0.514669629627335090127360217593  0.900677955503401461712087439082  0.678071702661036890269485866156  0.799649913781435572879274786828  0.885463721241995793675982895365  0.445144603884448930575246095032  0.300178481040136391211348154684  0.514669629627335090127360217593  0.900677955503401461712087439082  0.678071702661036890269485866156  0.799649913781435572879274786828  0.885463721241995793675982895365  0.445144603884448930575246095032  
0.510136197023827953067609541904  0.445093962751788474463410238968  0.886478845193377607003526463814  0.083841080370588141890131339551  0.471021261083338027564337835429  0.221759737864871381285425400165  0.894214759584634810707370888849  0.510136197023827953067609541904  0.445093962751788474463410238968  0.886478845193377607003526463814  0.083841080370588141890131339551  0.471021261083338027564337835429  0.221759737864871381285425400165  0.894214759584634810707370888849  
0.731781170797254687521160576580  0.497606693439450520344280448626  0.420624826919804462033170011637  0.654476819387883712586528872635  0.746809841822291042845449737797  0.346303652709261722275613237798  0.643644895735111188805888104980  0.731781170797254687521160576580  0.497606693439450520344280448626  0.420624826919804462033170011637  0.654476819387883712586528872635  0.746809841822291042845449737797  0.346303652709261722275613237798  0.643644895735111188805888104980  
0.730231781056943085594923559256  0.717056608735496037176915251621  0.990835195044517336171452370763  0.181687502862623778687733988590  0.261877031186384889860363500702  0.565948599067344737534313026117  0.058803611899869052959122228685  0.730231781056943085594923559256  0.717056608735496037176915251621  0.990835195044517336171452370763  0.181687502862623778687733988590  0.261877031186384889860363500702  0.565948599067344737534313026117  0.058803611899869052959122228685  
0.380128885764142165903933801019  0.508566594323218157391863769590  0.264699262799433121529091295088  0.925740639068164949954109488317  0.461465801216938087403462986913  0.430303003441428411068869763767  0.382408083651534780322833739774  0.380128885764142165903933801019  0.508566594323218157391863769590  0.264699262799433121529091295088  0.925740639068164949954109488317  0.461465801216938087403462986913  0.430303003441428411068869763767  0.382408083651534780322833739774  
0.049238988750294802876350530596  0.406647776982309749893573780355  0.062191789637460428985527016721  0.873596218533664314875863965426  0.697972465459098856399577925913  0.175982764902773786142020640000  0.109810470758886086217742672488  0.049238988750294802876350530596  0.406647776982309749893573780355  0.062191789637460428985527016721  0.873596218533664314875863965426  0.697972465459098856399577925913  0.175982764902773786142020640000  0.109810470758886086217742672488  
0.654408142727190722531815936236  0.741381899461830751185686949611  0.756819292125124443160189002811  0.272760415070054718089664902436  0.159801655720519242276367322120  0.494770099434749421885015863154  0.008561220358919227266247808927  0.654408142727190722531815936236  0.741381899461830751185686949611  0.756819292125124443160189002811  0.272760415070054718089664902436  0.159801655720519242276367322120  0.494770099434749421885015863154  0.008561220358919227266247808927  
0.057683989360527647416443386419  0.259605114379168833149691408835  0.370512886202705726823580789642  0.474345100260960661486819844868  0.495921558771902915019325064350  0.698576826313058951711809640983  0.052778317353761275421142329378  0.057683989360527647416443386419  0.259605114379168833149691408835  0.370512886202705726823580789642  0.474345100260960661486819844868  0.495921558771902915019325064350  0.698576826313058951711809640983  0.052778317353761275421142329378  
0.873035985607681253028999890375  0.274193389018270228252305287242  0.217367280962047576542417459677  0.600244371695803247135359015374  0.350384909092782637074492413376  0.663934126232937349421092676494  0.584029170518032936243457697856  0.873035985607681253028999890375  0.274193389018270228252305287242  0.217367280962047576542417459677  0.600244371695803247135359015374  0.350384909092782637074492413376  0.663934126232937349421092676494  0.584029170518032936243457697856  
0.666266423944684715863218116283  0.661339305906482488595088398142  0.544576568663589832830496106908  0.412186789808737630291801679050  0.735723736480119461234039590636  0.159748691403604481386935276532  0.548984316952371487197126498359  0.666266423944684715863218116283  0.661339305906482488595088398142  0.544576568663589832830496106908  0.412186789808737630291801679050  0.735723736480119461234039590636  0.159748691403604481386935276532  0.548984316952371487197126498359  
0.651413055309145616611488094350  0.197428447558273573170239956198  0.695075572971917576836631269543  0.633882353492081218604425885133  0.114282243751916437468629794694  0.600566139467117343642144078331  0.839594789485240911020014209498  0.651413055309145616611488094350  0.197428447558273573170239956198  0.695075572971917576836631269543  0.633882353492081218604425885133  0.114282243751916437468629794694  0.600566139467117343642144078331  0.839594789485240911020014209498  
0.951991607397462469286608666152  0.155394196141747126249654797903  0.918682954780781213521834160929  0.431667446480939576147761727043  0.373530824086684754004039632491  0.723019713282899711970230782754  0.138047805863462158537657842317  0.951991607397462469286608666152  0.155394196141747126249654797903  0.918682954780781213521834160929  0.431667446480939576147761727043  0.373530824086684754004039632491  0.723019713282899711970230782754  0.138047805863462158537657842317  
0.459253461582839583865478516600  0.231687508380710255329049118700  0.847675501393348684864292863494  0.862382142945417262680507519690  0.617191235749635414009617306874  0.031843706363213736265649345114  0.581686271095337770198341331707  0.459253461582839583865478516600  0.231687508380710255329049118700  0.847675501393348684864292863494  0.862382142945417262680507519690  0.617191235749635414009617306874  0.031843706363213736265649345114  0.581686271095337770198341331707  
0.309514081714999389483011782431  0.109113402326888958571160515021  0.241352179327483873372273137647  0.697016795280588574712510308018  0.207909060955173419227293152289  0.733339683773868267202544757311  0.794939086572184372414540121099  0.309514081714999389483011782431  0.109113402326888958571160515021  0.241352179327483873372273137647  0.697016795280588574712510308018  0.207909060955173419227293152289  0.733339683773868267202544757311  0.794939086572184372414540121099  
0.074664369852501633051389262619  0.215125964156215515599157583893  0.794828470591651292664892025641  0.747785934043025735107335094654  0.836325070861555164292155950534  0.984998995775782759665162302554  0.804813074604194267358536762913  0.074664369852501633051389262619  0.215125964156215515599157583893  0.794828470591651292664892025641  0.747785934043025735107335094654  0.836325070861555164292155950534  0.984998995775782759665162302554  0.804813074604194267358536762913  
0.854650861418490892518207147077  0.556988819196843398806606728613  0.263957499729649824882216080368  0.108380803937263944791702385828  0.128545952926578915809230352352  0.339719681942915963102080922908  0.828172491581487313361265023559  0.854650861418490892518207147077  0.556988819196843398806606728613  0.263957499729649824882216080368  0.108380803937263944791702385828  0.128545952926578915809230352352  0.339719681942915963102080922908  0.828172491581487313361265023559  
0.165576945093479171999817367578  0.979055591495579635719082034484  0.863256963145379807578194686357  0.330877672473249118123561629545  0.594176974382737088653527735005  0.167928656690724098510258954775  0.441515567958738308629307312003  0.165576945093479171999817367578  0.979055591495579635719082034484  0.863256963145379807578194686357  0.330877672473249118123561629545  0.594176974382737088653527735005  0.167928656690724098510258954775  0.441515567958738308629307312003  
0.454892440077782345131396368743  0.773312115916763409551037966594  0.455038484036117407693922132239  0.413038500635080296774503949564  0.038586182650097423929569373513  0.607273068566904772325187877868  0.845379995581367782442328007164  0.454892440077782345131396368743  0.773312115916763409551037966594  0.455038484036117407693922132239  0.413038500635080296774503949564  0.038586182650097423929569373513  0.607273068566904772325187877868  0.845379995581367782442328007164  
0.712871256561044996935549988848  0.481250453696720537077879953358  0.170694930715984238833726749363  0.303305891706142916053323688175  0.979896723428378524367587942834  0.795924627992135147458441224444  0.102422854260514770152745711584  0.712871256561044996935549988848  0.481250453696720537077879953358  0.170694930715984238833726749363  0.303305891706142916053323688175  0.979896723428378524367587942834  0.795924627992135147458441224444  0.102422854260514770152745711584  
0.299337385894580643164175626225  0.947990609136969641923542440054  0.226008141977103449438146753891  0.755859245661662848547734938620  0.363443124523696314831511244847  0.904418706835988017722627319017  0.171200997453222425459529176806  0.299337385894580643164175626225  0.947990609136969641923542440054  0.226008141977103449438146753891  0.755859245661662848547734938620  0.363443124523696314831511244847  0.904418706835988017722627319017  0.171200997453222425459529176806  
0.672493754030190959980473053292  0.160950246118368084369265602618  0.590291683177832982032384734339  0.503282097531006833435185399139  0.858670114999152578327823448490  0.722197241329944450427547053550  0.168173108387139724761993875291  0.672493754030190959980473053292  0.160950246118368084369265602618  0.590291683177832982032384734339  0.503282097531006833435185399139  0.858670114999152578327823448490  0.722197241329944450427547053550  0.168173108387139724761993875291  
0.731710312047682887026667231112  0.121842889281290389646983385319  0.556623078097105761230523057748  0.436283432917712155063583168157  0.430022309791248447119471620681  0.820544039246739465021107662324  0.209616592068881890664755474063  0.731710312047682887026667231112  0.121842889281290389646983385319  0.556623078097105761230523057748  0.436283432917712155063583168157  0.430022309791248447119471620681  0.820544039246739465021107662324  0.209616592068881890664755474063  
0.842848633249352552354594081407  0.545728968636580935580582263356  0.350384689300646368081970649655  0.312978497987227655130482162349  0.060084469200661350107850466884  0.659197418033974469331326417887  0.987726337256254027785473681433  0.842848633249352552354594081407  0.545728968636580935580582263356  0.350384689300646368081970649655  0.312978497987227655130482162349  0.060084469200661350107850466884  0.659197418033974469331326417887  0.987726337256254027785473681433  
0.499012879289730815202119629248  0.301645849663716381083844453315  0.266279693522385285664455523147  0.010604522145066588856288092302  0.567412637281266118982614443667  0.095719137758075584221373333094  0.960586310666909581890138269955  0.499012879289730815202119629248  0.301645849663716381083844453315  0.266279693522385285664455523147  0.010604522145066588856288092302  0.567412637281266118982614443667  0.095719137758075584221373333094  0.960586310666909581890138269955  
0.611251541858716440636101197015  0.683959926542171192664909540326  0.738175616480841956246194968116  0.261175838857864162090294257723  0.083877509985858730856556064737  0.012199519684984894141166478221  0.383766248179660707240401507079  0.611251541858716440636101197015  0.683959926542171192664909540326  0.738175616480841956246194968116  0.261175838857864162090294257723  0.083877509985858730856556064737  0.012199519684984894141166478221  0.383766248179660707240401507079  
0.644722213876148808608945728338  0.385766467913123689559284912320  0.477493617956972427052164675843  0.000555467348180117359915386466  0.221498362173959961740621338322  0.051449204503177844993722089839  0.018886977157272891864048247612  0.644722213876148808608945728338  0.385766467913123689559284912320  0.477493617956972427052164675843  0.000555467348180117359915386466  0.221498362173959961740621338322  0.051449204503177844993722089839  0.018886977157272891864048247612  
0.048378765169621931740984166481  0.867413478777811719488965991331  0.064502644577401124781346197778  0.682055461674329954746553994482  0.965355434015026214744636945397  0.628732583225830254924915152515  0.553304499960915463496746724559  0.048378765169621931740984166481  0.867413478777811719488965991331  0.064502644577401124781346197778  0.682055461674329954746553994482  0.965355434015026214744636945397  0.628732583225830254924915152515  0.553304499960915463496746724559  
0.654645101001874341051234296174  0.103830051527151079326927174407  0.924063481178784673630843826686  0.068716420252293214376848595748  0.969737020054667553381477773655  0.571985697196230380434656126454  0.172241988424476716312838675549  0.654645101001874341051234296174  0.103830051527151079326927174407  0.924063481178784673630843826686  0.068716420252293214376848595748  0.969737020054667553381477773655  0.571985697196230380434656126454  0.172241988424476716312838675549  
0.868200945107769350705950728297  0.088836662727927936944460896029  0.209168366519413478910038861613  0.192684448500246796598389664723  0.915828938989648455581971120409  0.726422830832163191061567886209  0.495972034594799826567879108552  0.868200945107769350705950728297  0.088836662727927936944460896029  0.209168366519413478910038861613  0.192684448500246796598389664723  0.915828938989648455581971120409  0.726422830832163191061567886209  0.495972034594799826567879108552  
0.586142198565456462588940667047  0.404195801055358294728847567967  0.877386356973014924776066436607  0.923801052627660990168578791781  0.909683053532177376965250914509  0.015423022355398581864638352101  0.222232471634522116277210557200  0.586142198565456462588940667047  0.404195801055358294728847567967  0.877386356973014924776066436607  0.923801052627660990168578791781  0.909683053532177376965250914509  0.015423022355398581864638352101  0.222232471634522116277210557200  
0.683727267252662085361691879370  0.263383715594008471772013990631  0.823575748598174506298619235167  0.642349222022892796246651414549  0.033600584071152676812754833691  0.117561245333732036777441010145  0.167021968493641981279296260254  0.683727267252662085361691879370  0.263383715594008471772013990631  0.823575748598174506298619235167  0.642349222022892796246651414549  0.033600584071152676812754833691  0.117561245333732036777441010145  0.167021968493641981279296260254  
0.857261336346721969370321403403  0.894640001023374487054695691768  0.067581583161109390345266945133  0.229126307403545892427132457669  0.359582012316431387510817785369  0.617298856596649958561329185613  0.568482831269987221034512003826  0.857261336346721969370321403403  0.894640001023374487054695691768  0.067581583161109390345266945133  0.229126307403545892427132457669  0.359582012316431387510817785369  0.617298856596649958561329185613  0.568482831269987221034512003826  
0.511273957071027851384314999450  0.106193609548014031296325754283  0.591261441473487026065924965224  0.213040114896562771118482260135  0.200192087337527163670714003274  0.379229208563679254240241789375  0.022676251794901399611026349135  0.511273957071027851384314999450  0.106193609548014031296325754283  0.591261441473487026065924965224  0.213040114896562771118482260135  0.200192087337527163670714003274  0.379229208563679254240241789375  0.022676251794901399611026349135  
0.199422516837210350715281492739  0.316669829616758768953133085233  0.046787817020418329128084167223  0.682421784385038421305580413900  0.168262303016286224321973463702  0.238499574490107502100499914377  0.289782553739620862831571912466  0.199422516837210350715281492739  0.316669829616758768953133085233  0.046787817020418329128084167223  0.682421784385038421305580413900  0.168262303016286224321973463702  0.238499574490107502100499914377  0.289782553739620862831571912466  
0.659535321435193666594898331823  0.874930310234928620971572854614  0.204013226246984785694493780284  0.749269636202565925131580115703  0.998153300882796967741228399973  0.745778388060239549872676434461  0.565198558867851974518714541773  0.659535321435193666594898331823  0.874930310234928620971572854614  0.204013226246984785694493780284  0.749269636202565925131580115703  0.998153300882796967741228399973  0.745778388060239549872676434461  0.565198558867851974518714541773  
0.217842845486775904539911152824  0.563764195386300182022409899218  0.954617713178743443336315976921  0.147078427719728260791853813316  0.143336602106509336529427400819  0.375358522825629647989842396782  0.900669979656556707325876232062  0.217842845486775904539911152824  0.563764195386300182022409899218  0.954617713178743443336315976921  0.147078427719728260791853813316  0.143336602106509336529427400819  0.375358522825629647989842396782  0.900669979656556707325876232062  
0.691484249092713554318834212609  0.007783444906395309108304569889  0.565410450594447722139079814951  0.932932227989304529991443359904  0.178555795074087836349363556110  0.451581964913973121777956976075  0.655859289573523907002083888074  0.691484249092713554318834212609  0.007783444906395309108304569889  0.565410450594447722139079814951  0.932932227989304529991443359904  0.178555795074087836349363556110  0.451581964913973121777956976075  0.655859289573523907002083888074  
0.270753366413543083979220682522  0.699850412312562175642938200326  0.404433512304373354862008227428  0.582217807643354734459251176304  0.294844071409546826245673400990  0.930288682726462368144382253377  0.045500298900308738803133223882  0.270753366413543083979220682522  0.699850412312562175642938200326  0.404433512304373354862008227428  0.582217807643354734459251176304  0.294844071409546826245673400990  0.930288682726462368144382253377  0.045500298900308738803133223882  
0.273115826870708400253562331272  0.544737162209422698389005290664  0.961108826889773060209165578271  0.278004546943300623329520249172  0.008117837221369224309786005733  0.011000682569601580654272687809  0.560019962769791823653520168591  0.273115826870708400253562331272  0.544737162209422698389005290664  0.961108826889773060209165578271  0.278004546943300623329520249172  0.008117837221369224309786005733  0.011000682569601580654272687809  0.560019962769791823653520168591  
0.530984544723148599310036388488  0.006461099045906876919831418604  0.485505564263077893372155813267  0.954233701392013911046774410352  0.162855959424169999261167163240  0.325924829907533963879728844404  0.658152213293564547491598659690  0.530984544723148599310036388488  0.006461099045906876919831418604  0.485505564263077893372155813267  0.954233701392013911046774410352  0.162855959424169999261167163240  0.325924829907533963879728844404  0.658152213293564547491598659690  
0.390807012663500430438290322854  0.649162931916699381673652169411  0.629934316288873974443163206161  0.641699778169617540690694568184  0.458417794651124865801250507502  0.102838027170501791762724508317  0.858547606960193498970568271034  0.390807012663500430438290322854  0.649162931916699381673652169411  0.629934316288873974443163206161  0.641699778169617540690694568184  0.458417794651124865801250507502  0.102838027170501791762724508317  0.858547606960193498970568271034  
0.281398055105858801994145323988  0.810873469768206067698201877647  0.208583783698092023461967414732  0.548028727333267129395721894980  0.117231569236462648819774301501  0.332994789026937021425567309052  0.769983455281981088447196270863  0.281398055105858801994145323988  0.810873469768206067698201877647  0.208583783698092023461967414732  0.548028727333267129395721894980  0.117231569236462648819774301501  0.332994789026937021425567309052  0.769983455281981088447196270863  
0.087913421668410693388118204439  0.903830145870131662633184532751  0.118517955333937982653758069773  0.292385906378180737696936830616  0.706190734182583379485720342927  0.736004980541962838813674352423  0.592709491672137156470512309170  0.087913421668410693388118204439  0.903830145870131662633184532751  0.118517955333937982653758069773  0.292385906378180737696936830616  0.706190734182583379485720342927  0.736004980541962838813674352423  0.592709491672137156470512309170  
0.999901  0.999924161545463818789869492321  0.499999999921519555634574771830  0.499999999787142102025683243482  0.500000000051318949090273235925  0.500000000183072002002404587984  0.499999999802465955323071966632  0.999901447378581109681761063257  0.999924161545463818789869492321  0.499999999921519555634574771830  0.499999999787142102025683243482  0.500000000051318949090273235925  0.500000000183072002002404587984  0.499999999802465955323071966632  
0.999900840019971370864482196339  0.000098235458935835850979856332  0.500000000072336692191754536907  0.499999999892770108367301418184  0.500000000287706525270436941355  0.499999999955998197798123783286  0.500000000285519607956530308002  0.999900840019971370864482196339  0.000098235458935835850979856332  0.500000000072336692191754536907  0.499999999892770108367301418184  0.500000000287706525270436941355  0.499999999955998197798123783286  0.500000000285519607956530308002  
0.000176922010965363529777505391  0.508377690638560530977940743469  0.500000000031525448918046095059  0.499999999652916971015770286613  0.499999999989887422557899299136  0.499999999791616911437586168176  0.499999999892241364651823687382  0.000176922010965363529777505391  0.508377690638560530977940743469  0.500000000031525448918046095059  0.499999999652916971015770286613  0.499999999989887422557899299136  0.499999999791616911437586168176  0.499999999892241364651823687382  
0.964102825099321103508032138052  0.962767336343544721799503349757  0.499999999948594342491503539350  0.499999999935628158809208798630  0.499999999602124045594564449857  0.499999999800513017511605085019  0.500000000153601575902939657681  0.964102825099321103508032138052  0.962767336343544721799503349757  0.499999999948594342491503539350  0.499999999935628158809208798630  0.499999999602124045594564449857  0.499999999800513017511605085019  0.500000000153601575902939657681  
0.968917288673659671260907089163  0.903743291859283814915215771180  0.500000000060106586374786274973  0.499999999959535812443789382087  0.500000000156636925652264835662  0.500000000153651646961350252241  0.500000000098257180169980529172  0.968917288673659671260907089163  0.903743291859283814915215771180  0.500000000060106586374786274973  0.499999999959535812443789382087  0.500000000156636925652264835662  0.500000000153651646961350252241  0.500000000098257180169980529172  
0.879593876986276668183961646719  0.954375196969343475572600254964  0.500000000077901352035780746519  0.500000000038024694504201761447  0.500000000253065679522990194528  0.499999999938739669858023262350  0.499999999651763782360092136514  0.879593876986276668183961646719  0.954375196969343475572600254964  0.500000000077901352035780746519  0.500000000038024694504201761447  0.500000000253065679522990194528  0.499999999938739669858023262350  0.499999999651763782360092136514  
0.976257362085327984324578665110  0.829747214094175511434059444582  0.500000000031875724282315331948  0.500000000184470994035734747740  0.500000000179858350435324609862  0.500000000214347761762212485337  0.499999999842933307014902766241  0.976257362085327984324578665110  0.829747214094175511434059444582  0.500000000031875724282315331948  0.500000000184470994035734747740  0.500000000179858350435324609862  0.500000000214347761762212485337  0.499999999842933307014902766241  
0.865386158338338984385984531400  0.906673338727508437706603672268  0.499999999926754978840648391269  0.500000000113836051696125650778  0.499999999737494149609773330667  0.499999999490433499893526914093  0.500000000036894709509738277120  0.865386158338338984385984531400  0.906673338727508437706603672268  0.499999999926754978840648391269  0.500000000113836051696125650778  0.499999999737494149609773330667  0.499999999490433499893526914093  0.500000000036894709509738277120  
0.910710510161422459596280987171  0.836587060403606308511825773166  0.499999999761362889927340802387  0.499999999964383712303117590636  0.499999999963716190709561715266  0.500000000119070531212628338835  0.500000000293914892424140816729  0.910710510161422459596280987171  0.836587060403606308511825773166  0.499999999761362889927340802387  0.499999999964383712303117590636  0.499999999963716190709561715266  0.500000000119070531212628338835  0.500000000293914892424140816729  
0.773493932018216145962696828065  0.958171865026910762885847816506  0.499999999980476561578512928463  0.500000000101519903594748939213  0.500000000104353192753592338704  0.499999999755267321432938842918  0.499999999520174542855244226303  0.773493932018216145962696828065  0.958171865026910762885847816506  0.499999999980476561578512928463  0.500000000101519903594748939213  0.500000000104353192753592338704  0.499999999755267321432938842918  0.499999999520174542855244226303  
0.982625639515297577553099017678  0.734701517223080635687892936403  0.500000000098820174265767946054  0.500000000031690761126412780868  0.500000000329622329431344951445  0.500000000415773193651602923637  0.499999999947161488655922312319  0.982625639515297577553099017678  0.734701517223080635687892936403  0.500000000098820174265767946054  0.500000000031690761126412780868  0.500000000329622329431344951445  0.500000000415773193651602923637  0.499999999947161488655922312319  
0.833497748716352737652357518527  0.844624227063382471136776530329  0.499999999863058541826887903881  0.499999999991868504523040428467  0.499999999977971565368051187761  0.500000000074201422783914949832  0.500000000314498316278388756473  0.833497748716352737652357518527  0.844624227063382471136776530329  0.499999999863058541826887903881  0.499999999991868504523040428467  0.499999999977971565368051187761  0.500000000074201422783914949832  0.500000000314498316278388756473  
0.902211088369395786124016467511  0.761535187082200137886900392914  0.499999999911120041051759699258  0.500000000023231860879491250671  0.500000000241326292282906251785  0.500000000201792693665936440084  0.500000000216192841406837032991  0.902211088369395786124016467511  0.761535187082200137886900392914  0.499999999911120041051759699258  0.500000000023231860879491250671  0.500000000241326292282906251785  0.500000000201792693665936440084  0.500000000216192841406837032991  
0.732678955723735536587071237591  0.915806386163669050581859210070  0.500000000051925796995533346490  0.500000000480680162340263450460  0.499999999837018371806607319741  0.500000000263415178558545903797  0.499999999833843133956179372035  0.732678955723735536587071237591  0.915806386163669050581859210070  0.500000000051925796995533346490  0.500000000480680162340263450460  0.499999999837018371806607319741  0.500000000263415178558545903797  0.499999999833843133956179372035  
0.935440779412993528296738077188  0.700932142002328895102891692659  0.500000000226984542273100942111  0.500000000178967951569575234316  0.500000000135944810963906093093  0.499999999862151767171525307276  0.500000000066903371731541483314  0.935440779412993528296738077188  0.700932142002328895102891692659  0.500000000226984542273100942111  0.500000000178967951569575234316  0.500000000135944810963906093093  0.499999999862151767171525307276  0.500000000066903371731541483314  
0.753206128939066910099597862427  0.851070024292033155965953028499  0.499999999954001517199486670506  0.499999999920290649768617186055  0.499999999994274246795100680174  0.500000000217761253473724991636  0.499999999733945155178105324012  0.753206128939066910099597862427  0.851070024292033155965953028499  0.499999999954001517199486670506  0.499999999920290649768617186055  0.499999999994274246795100680174  0.500000000217761253473724991636  0.499999999733945155178105324012  
0.836783381177860663413525799115  0.749234921968006228887304587261  0.499999999572731224084520817996  0.499999999718189869213347265031  0.499999999776763959236092205174  0.499999999925172744497103849426  0.499999999856449994783957890832  0.836783381177860663413525799115  0.749234921968006228887304587261  0.499999999572731224084520817996  0.499999999718189869213347265031  0.499999999776763959236092205174  0.499999999925172744497103849426  0.499999999856449994783957890832  
0.637531914787096809504873817787  0.962112527591662547443718267459  0.500000000130890409621997605427  0.499999999926285909612744262631  0.500000000008848810573169885174  0.500000000074667383387350128032  0.500000000190355398110853002436  0.637531914787096809504873817787  0.962112527591662547443718267459  0.500000000130890409621997605427  0.499999999926285909612744262631  0.500000000008848810573169885174  0.500000000074667383387350128032  0.500000000190355398110853002436  
0.987527394367714639322741732030  0.607859135792924831775962957181  0.499999999875096801105200938764  0.499999999900824332321747078822  0.500000000125972121622908161953  0.500000000010292433572089976224  0.500000000104653175014846056001  0.987527394367714639322741732030  0.607859135792924831775962957181  0.499999999875096801105200938764  0.499999999900824332321747078822  0.500000000125972121622908161953  0.500000000010292433572089976224  0.500000000104653175014846056001  
0.780913493485535292748522806505  0.752434545322619663387797572796  0.500000000038192560225525085116  0.499999999951450946333864067128  0.499999999937167705077456503204  0.499999999899265412661719665266  0.500000000039823588871001902589  0.780913493485535292748522806505  0.752434545322619663387797572796  0.500000000038192560225525085116  0.499999999951450946333864067128  0.499999999937167705077456503204  0.499999999899265412661719665266  0.500000000039823588871001902589  
0.880537458396005057181810116163  0.653292888909684066334193630610  0.500000000028563484910648639925  0.500000000052545856554786496417  0.500000000136871070033350861195  0.499999999994997501584492738402  0.500000000132029831512170403585  0.880537458396005057181810116163  0.653292888909684066334193630610  0.500000000028563484910648639925  0.500000000052545856554786496417  0.500000000136871070033350861195  0.499999999994997501584492738402  0.500000000132029831512170403585  
0.658800231508869238439274340635  0.855014602775865162342938674556  0.499999999921613647035911753846  0.500000000257891819011035750009  0.500000000159644408803671922215  0.499999999822454355147272053728  0.500000000027579494243923363683  0.658800231508869238439274340635  0.855014602775865162342938674556  0.499999999921613647035911753846  0.500000000257891819011035750009  0.500000000159644408803671922215  0.499999999822454355147272053728  0.500000000027579494243923363683  
0.929945579959390533630880781857  0.593189343325486007074687222484  0.500000000159216195783073999337  0.499999999898119273922247884911  0.500000000070382588646111798880  0.500000000262243782245263901132  0.500000000496441554531656947802  0.929945579959390533630880781857  0.593189343325486007074687222484  0.500000000159216195783073999337  0.499999999898119273922247884911  0.500000000070382588646111798880  0.500000000262243782245263901132  0.500000000496441554531656947802  
0.698314334772270783879832833918  0.773703319540138712007149024430  0.499999999917639992297324624815  0.499999999770849523628157839994  0.499999999934077732355319767521  0.499999999787869131573359027243  0.499999999933919636596613145230  0.698314334772270783879832833918  0.773703319540138712007149024430  0.499999999917639992297324624815  0.499999999770849523628157839994  0.499999999934077732355319767521  0.499999999787869131573359027243  0.499999999933919636596613145230  
0.808736517344499472592644906399  0.654365447721387827328953790129  0.500000000022408630506731697096  0.500000000205141015285903449694  0.500000000160782942515425020247  0.500000000293552293584298240603  0.499999999852754395401888132255  0.808736517344499472592644906399  0.654365447721387827328953790129  0.500000000022408630506731697096  0.500000000205141015285903449694  0.500000000160782942515425020247  0.500000000293552293584298240603  0.499999999852754395401888132255  
0.563540061907165434895716771280  0.919874995874318424071702793299  0.500000000044833914358832771541  0.500000000167082792046358008520  0.499999999841425180058251953596  0.499999999806685524461613567837  0.499999999859034593985285255258  0.563540061907165434895716771280  0.919874995874318424071702793299  0.500000000044833914358832771541  0.500000000167082792046358008520  0.499999999841425180058251953596  0.499999999806685524461613567837  0.499999999859034593985285255258  
0.953854856142471452251641039766  0.532351082980817458256694862939  0.500000000002591149517172652850  0.499999999752505586148032534766  0.500000000165431446319530550682  0.499999999795833205418205125170  0.500000000364266616870168036257  0.953854856142471452251641039766  0.532351082980817458256694862939  0.500000000002591149517172652850  0.499999999752505586148032534766  0.500000000165431446319530550682  0.499999999795833205418205125170  0.500000000364266616870168036257  
0.701596709791039718773220101866  0.708996326289593414848866359534  0.499999999968463226807102728344  0.499999999800951278050575865564  0.500000000015954237930770887033  0.500000000243148279288618596183  0.500000000375126596452446392504  0.701596709791039718773220101866  0.708996326289593414848866359534  0.499999999968463226807102728344  0.499999999800951278050575865564  0.500000000015954237930770887033  0.500000000243148279288618596183  0.500000000375126596452446392504  
0.823756958494040070206665404839  0.591527429279487426683203921129  0.500000000017788881478963958216  0.499999999734544064988739364708  0.499999999791322369269153114146  0.500000000159566804214250623772  0.500000000308708614227271027630  0.823756958494040070206665404839  0.591527429279487426683203921129  0.500000000017788881478963958216  0.499999999734544064988739364708  0.499999999791322369269153114146  0.500000000159566804214250623772  0.500000000308708614227271027630  
0.558985123462081068268503258878  0.853905862517959524105037871777  0.499999999930723137975263625776  0.500000000159832147517136036186  0.499999999637567194010756566058  0.499999999965645314237150387271  0.499999999772270609099678040366  0.558985123462081068268503258878  0.853905862517959524105037871777  0.499999999930723137975263625776  0.500000000159832147517136036186  0.499999999637567194010756566058  0.499999999965645314237150387271  0.499999999772270609099678040366  
0.883532843933133027469750686578  0.529191023072935307069997179497  0.499999999792271276888300235441  0.500000000114297349362857403321  0.499999999803719896718234849686  0.500000000196959670795138208632  0.500000000249995357748389324115  0.883532843933133027469750686578  0.529191023072935307069997179497  0.499999999792271276888300235441  0.500000000114297349362857403321  0.499999999803719896718234849686  0.500000000196959670795138208632  0.500000000249995357748389324115  
0.610407280658081474733478444250  0.750244504392897137989848488360  0.499999999572912634526744568575  0.499999999886526547143716925348  0.499999999931553251730775855322  0.500000000195223615051531851350  0.499999999939073125343469428117  0.610407280658081474733478444250  0.750244504392897137989848488360  0.499999999572912634526744568575  0.499999999886526547143716925348  0.499999999931553251730775855322  0.500000000195223615051531851350  0.499999999939073125343469428117  
0.741502384749807452735126389598  0.604892720840575215390799712623  0.499999999926031724051256333041  0.500000000245452214109320721036  0.500000000102164499082846305100  0.499999999901598601859120662994  0.500000000257557752902926040406  0.741502384749807452735126389598  0.604892720840575215390799712623  0.499999999926031724051256333041  0.500000000245452214109320721036  0.500000000102164499082846305100  0.499999999901598601859120662994  0.500000000257557752902926040406  
0.456702241508328832253482687520  0.961861178493431556724146958004  0.499999999729425770311763699283  0.500000000145120804262433011900  0.500000000194822602495037244807  0.499999999732696598364611872967  0.499999999749518031499917469773  0.456702241508328832253482687520  0.961861178493431556724146958004  0.499999999729425770311763699283  0.500000000145120804262433011900  0.500000000194822602495037244807  0.499999999732696598364611872967  0.499999999749518031499917469773  
0.991117204206088731055501739320  0.434006714580280283932722795726  0.499999999735602662642719451469  0.499999999873859013455046351737  0.500000000262404320494624698767  0.499999999855560706141233140443  0.500000000060156546410894407018  0.991117204206088731055501739320  0.434006714580280283932722795726  0.499999999735602662642719451469  0.499999999873859013455046351737  0.500000000262404320494624698767  0.499999999855560706141233140443  0.500000000060156546410894407018  
0.701552270670566135990497969033  0.600351130431904800310860537138  0.499999999854162158197112830749  0.499999999896958313705397358717  0.500000000144094514098469517194  0.500000000175069736485511384672  0.499999999607612988228311223793  0.701552270670566135990497969033  0.600351130431904800310860537138  0.499999999854162158197112830749  0.499999999896958313705397358717  0.500000000144094514098469517194  0.500000000175069736485511384672  0.499999999607612988228311223793  
0.843909463412998217535232470254  0.488596993590634576243303399679  0.500000000120454424212823596463  0.499999999958110397102473143605  0.500000000223817187006147833017  0.500000000103496322623186642886  0.500000000142867162544746406638  0.843909463412998217535232470254  0.488596993590634576243303399679  0.500000000120454424212823596463  0.499999999958110397102473143605  0.500000000223817187006147833017  0.500000000103496322623186642886  0.500000000142867162544746406638  
0.543371927384181607756374887686  0.742789877122012165422404450510  0.499999999943735895513441391813  0.499999999701626729464720710894  0.500000000008835154829966995749  0.500000000055101034845961294195  0.500000000177134196199801863258  0.543371927384181607756374887686  0.742789877122012165422404450510  0.499999999943735895513441391813  0.499999999701626729464720710894  0.500000000008835154829966995749  0.500000000055101034845961294195  0.500000000177134196199801863258  
0.914949095830449588007127204037  0.431769453245319456691220239009  0.500000000049668491541865478212  0.500000000164842139938059517590  0.500000000144293132997574957699  0.499999999926414417927844624501  0.500000000266068278520492640382  0.914949095830449588007127204037  0.431769453245319456691220239009  0.500000000049668491541865478212  0.500000000164842139938059517590  0.500000000144293132997574957699  0.499999999926414417927844624501  0.500000000266068278520492640382  
0.607022985733173481293079021270  0.636841429027983685351443909894  0.499999999992275567795019242112  0.500000000052468140943062735460  0.499999999910473058584159389284  0.500000000166493263620282050397  0.500000000329223759365504520247  0.607022985733173481293079021270  0.636841429027983685351443909894  0.499999999992275567795019242112  0.500000000052468140943062735460  0.499999999910473058584159389284  0.500000000166493263620282050397  0.500000000329223759365504520247  
0.757123518469880019132745019306  0.499563702762774619614560833725  0.500000000028496982551473593048  0.499999999898367075701344219851  0.500000000032641667147004227445  0.500000000059490856685329163156  0.500000000325655835631266654673  0.757123518469880019132745019306  0.499563702762774619614560833725  0.500000000028496982551473593048  0.499999999898367075701344219851  0.500000000032641667147004227445  0.500000000059490856685329163156  0.500000000325655835631266654673  
0.438881903340251788847581337905  0.843047203469144079690522630699  0.500000000064087291029579773749  0.499999999967140618117866779357  0.499999999787114290938916383311  0.499999999819606466555654833428  0.500000000147825529595024818263  0.438881903340251788847581337905  0.843047203469144079690522630699  0.500000000064087291029579773749  0.499999999967140618117866779357  0.499999999787114290938916383311  0.499999999819606466555654833428  0.500000000147825529595024818263  
0.950151605588649861289241016493  0.380850087999324182774785185757  0.499999999928775862301222332462  0.499999999854308874169817045185  0.499999999754038249033527563370  0.500000000311005443620615551481  0.500000000124763532838301216543  0.950151605588649861289241016493  0.380850087999324182774785185757  0.499999999928775862301222332462  0.499999999854308874169817045185  0.499999999754038249033527563370  0.500000000311005443620615551481  0.500000000124763532838301216543  
0.626437537085657303315144872613  0.564841491488916602747849537991  0.499999999974563624771661807245  0.499999999720827592586402943198  0.499999999807967110410089617289  0.500000000246962561512020783994  0.499999999763377944717035461508  0.626437537085657303315144872613  0.564841491488916602747849537991  0.499999999974563624771661807245  0.499999999720827592586402943198  0.499999999807967110410089617289  0.500000000246962561512020783994  0.499999999763377944717035461508  
0.785375034556096474069875057467  0.440441127164417745021296468622  0.500000000175896519571949738747  0.499999999706460085402426329892  0.500000000010063616606714731461  0.499999999763699964905327988163  0.499999999935691552543914895068  0.785375034556096474069875057467  0.440441127164417745021296468622  0.500000000175896519571949738747  0.499999999706460085402426329892  0.500000000010063616606714731461  0.499999999763699964905327988163  0.499999999935691552543914895068  
0.451851042992019280575277662138  0.748214926707037486508511392458  0.499999999842487441448213303374  0.500000000314485770758210492204  0.499999999884885026890657400145  0.499999999875514855585123541459  0.500000000195731875152205248014  0.451851042992019280575277662138  0.748214926707037486508511392458  0.499999999842487441448213303374  0.500000000314485770758210492204  0.499999999884885026890657400145  0.499999999875514855585123541459  0.500000000195731875152205248014  
0.863973323728880027161380894540  0.382343639311493843635503253608  0.500000000062172489379008766264  0.500000000044640624530245531787  0.500000000014014789329053201072  0.500000000137105438113849231740  0.500000000116091802837559043837  0.863973323728880027161380894540  0.382343639311493843635503253608  0.500000000062172489379008766264  0.500000000044640624530245531787  0.500000000014014789329053201072  0.500000000137105438113849231740  0.500000000116091802837559043837  
0.523758725358212440248451002844  0.616088096383366701225270389841  0.500000000148264733823566530191  0.500000000142268863356775909779  0.499999999980168974289540528844  0.499999999691677188273786214268  0.500000000348224782342754224373  0.523758725358212440248451002844  0.616088096383366701225270389841  0.500000000148264733823566530191  0.500000000142268863356775909779  0.499999999980168974289540528844  0.499999999691677188273786214268  0.500000000348224782342754224373  
0.689645545729392406286706318497  0.456883005255171559255700231006  0.499999999933487704328882728078  0.500000000082108986276807627291  0.499999999943612438713103074406  0.500000000035505598461327281257  0.500000000250735432416604453465  0.689645545729392406286706318497  0.456883005255171559255700231006  0.499999999933487704328882728078  0.500000000082108986276807627291  0.499999999943612438713103074406  0.500000000035505598461327281257  0.500000000250735432416604453465  
0.340048855099877422869525389615  0.904589298057619894954939354648  0.499999999823596330550401489745  0.499999999953656792950340559401  0.500000000225219176641644480696  0.500000000377769149295659190102  0.500000000047889248122601202340  0.340048855099877422869525389615  0.904589298057619894954939354648  0.499999999823596330550401489745  0.499999999953656792950340559401  0.500000000225219176641644480696  0.500000000377769149295659190102  0.500000000047889248122601202340  
0.967198986534210325416438536195  0.310402815996188741198835714385  0.500000000050839998877449943393  0.500000000083280049523182242410  0.500000000294832602776295971125  0.499999999752155810384124379198  0.500000000103953512464727282349  0.967198986534210325416438536195  0.310402815996188741198835714385  0.500000000050839998877449943393  0.500000000083280049523182242410  0.500000000294832602776295971125  0.499999999752155810384124379198  0.500000000103953512464727282349  
0.613299055666026382560573892988  0.477568315500854267963148913623  0.499999999944570283627598428211  0.500000000075043526948093131068  0.500000000135375932686088162882  0.499999999749841161911234621584  0.500000000224666507619986077771  0.613299055666026382560573892988  0.477568315500854267963148913623  0.499999999944570283627598428211  0.500000000075043526948093131068  0.500000000135375932686088162882  0.499999999749841161911234621584  0.500000000224666507619986077771  
0.787922910183331270950191083102  0.362523999586201128852991359963  0.500000000009038880754985711974  0.500000000355320439737738524855  0.499999999894429114632998789602  0.499999999647512960443407337152  0.499999999950379303559344634778  0.787922910183331270950191083102  0.362523999586201128852991359963  0.500000000009038880754985711974  0.500000000355320439737738524855  0.499999999894429114632998789602  0.499999999647512960443407337152  0.499999999950379303559344634778  
0.425026027532291850175028002923  0.655164835893924712983960034762  0.499999999939902239898259495021  0.499999999886378332369929466950  0.499999999676413453553180943345  0.500000000051455950611511980242  0.500000000035753400240423616196  0.425026027532291850175028002923  0.655164835893924712983960034762  0.499999999939902239898259495021  0.499999999886378332369929466950  0.499999999676413453553180943345  0.500000000051455950611511980242  0.500000000035753400240423616196  
0.874774249083312693819891592284  0.310195701020517411450327927014  0.499999999752172352707191294030  0.499999999895764268842413002858  0.500000000195078397879910880874  0.500000000306915381997896474786  0.500000000191858307019288076845  0.874774249083312693819891592284  0.310195701020517411450327927014  0.499999999752172352707191294030  0.499999999895764268842413002858  0.500000000195078397879910880874  0.500000000306915381997896474786  0.500000000191858307019288076845  
0.505696489042977703753933838016  0.522642805750544114928857197810  0.499999999832335006999528559390  0.500000000171441749685641298129  0.500000000247709186496081201767  0.499999999919187809727105786806  0.499999999652032400820900193139  0.505696489042977703753933838016  0.522642805750544114928857197810  0.499999999832335006999528559390  0.500000000171441749685641298129  0.500000000247709186496081201767  0.499999999919187809727105786806  0.499999999652032400820900193139  
0.686682053902437306014405749011  0.374735316315607525083919426834  0.499999999914538473255731787503  0.499999999994187649399179917964  0.500000000094616980916839565907  0.499999999997405297769148546649  0.499999999759597191228976953425  0.686682053902437306014405749011  0.374735316315607525083919426834  0.499999999914538473255731787503  0.499999999994187649399179917964  0.500000000094616980916839565907  0.499999999997405297769148546649  0.499999999759597191228976953425  
0.308981742984547613772861041070  0.810482259331498311460961758712  0.500000000111653908341224905598  0.499999999866931832404048918761  0.499999999909418568755370415602  0.500000000021513568704278895893  0.499999999997008393037845053186  0.308981742984547613772861041070  0.810482259331498311460961758712  0.500000000111653908341224905598  0.499999999866931832404048918761  0.499999999909418568755370415602  0.500000000021513568704278895893  0.499999999997008393037845053186  
0.917265897020277276574518054986  0.265546447177077704626668719357  0.499999999530552630133684033353  0.499999999854806032040244190284  0.500000000259665511315176900098  0.499999999888015467242041722784  0.499999999913480541735566475836  0.917265897020277276574518054986  0.265546447177077704626668719357  0.499999999530552630133684033353  0.499999999854806032040244190284  0.500000000259665511315176900098  0.499999999888015467242041722784  0.499999999913480541735566475836  
0.534911327293426719364788368694  0.442679504369561049870185343025  0.500000000224707363827292283531  0.500000000165200186863501130574  0.499999999872727030059138542128  0.500000000141138656317707500421  0.499999999561340224829564249376  0.534911327293426719364788368694  0.442679504369561049870185343025  0.500000000224707363827292283531  0.500000000165200186863501130574  0.499999999872727030059138542128  0.500000000141138656317707500421  0.499999999561340224829564249376  
0.723316087719091616037303538178  0.318084573670916026522093034146  0.499999999814197404468529839505  0.500000000103916431015704802121  0.499999999932608574226833297871  0.499999999914108927967504314438  0.500000000047325587892999010364  0.723316087719091616037303538178  0.318084573670916026522093034146  0.499999999814197404468529839505  0.500000000103916431015704802121  0.499999999932608574226833297871  0.499999999914108927967504314438  0.500000000047325587892999010364  
0.332615215662001251217816388817  0.671666388654183377227013806987  0.499999999545212514551195681634  0.499999999781871873327787625385  0.499999999969536257360402942140  0.500000000190253923726402263128  0.500000000116477938405523673282  0.332615215662001251217816388817  0.671666388654183377227013806987  0.499999999545212514551195681634  0.499999999781871873327787625385  0.499999999969536257360402942140  0.500000000190253923726402263128  0.500000000116477938405523673282  
0.816468880878334357653614006267  0.265545601688991161903885540596  0.499999999692217644842173740471  0.499999999866273692195051125964  0.500000000050717763322438713658  0.499999999889091328864054730730  0.500000000351528806064038690238  0.816468880878334357653614006267  0.265545601688991161903885540596  0.499999999692217644842173740471  0.499999999866273692195051125964  0.500000000050717763322438713658  0.499999999889091328864054730730  0.500000000351528806064038690238  
0.420012855618904223931053820706  0.500557026454250486580122014857  0.499999999977815690055393815783  0.500000000314043457905199829838  0.499999999809086603796970393887  0.499999999942774220329511081218  0.500000000026269653119470603997  0.420012855618904223931053820706  0.500557026454250486580122014857  0.499999999977815690055393815783  0.500000000314043457905199829838  0.499999999809086603796970393887  0.499999999942774220329511081218  0.500000000026269653119470603997  
0.614316479519650959773002796283  0.331662180385163485318855691730  0.500000000027468138874553460482  0.500000000100004560188438063051  0.499999999815897266941533416684  0.500000000214929518627116067364  0.499999999997348787417195126181  0.614316479519650959773002796283  0.331662180385163485318855691730  0.500000000027468138874553460482  0.500000000100004560188438063051  0.499999999815897266941533416684  0.500000000214929518627116067364  0.499999999997348787417195126181  
0.209803335219625297636270033763  0.940415534715426604250865239010  0.499999999844653930658466833847  0.500000000005785483203624153248  0.500000000197225014098023621045  0.500000000086387785813712980598  0.500000000270278244229871233983  0.209803335219625297636270033763  0.940415534715426604250865239010  0.499999999844653930658466833847  0.500000000005785483203624153248  0.500000000197225014098023621045  0.500000000086387785813712980598  0.500000000270278244229871233983  
0.993679560921716609200871062058  0.192112318597397579988950155894  0.500000000247838860545357420051  0.500000000150496171080760632321  0.499999999801801042753623960380  0.499999999799059402505463367561  0.500000000128244748154315857391  0.993679560921716609200871062058  0.192112318597397579988950155894  0.500000000247838860545357420051  0.500000000150496171080760632321  0.499999999801801042753623960380  0.499999999799059402505463367561  0.500000000128244748154315857391  
0.585903176436484707245710978896  0.314985952717464157135651703356  0.499999999895384739101444893095  0.499999999633678193777797105213  0.499999999914747528251268704480  0.500000000152195811509159284469  0.499999999777843706638691401167  0.585903176436484707245710978896  0.314985952717464157135651703356  0.499999999895384739101444893095  0.499999999633678193777797105213  0.499999999914747528251268704480  0.500000000152195811509159284469  0.499999999777843706638691401167  
0.788143331137175162659502802853  0.226175277401477692329478941247  0.499999999960462293557839075220  0.499999999734145605945201396025  0.500000000036747938025882831425  0.499999999725790511551082317965  0.499999999847742182534915400538  0.788143331137175162659502802853  0.226175277401477692329478941247  0.499999999960462293557839075220  0.499999999734145605945201396025  0.500000000036747938025882831425  0.499999999725790511551082317965  0.499999999847742182534915400538  
0.372536056424534800513015397883  0.461732321409303647641308998573  0.500000000134017907882366671402  0.500000000046214032600744303636  0.499999999674121509141144770183  0.499999999683593765453792912012  0.499999999986680321306664609438  0.372536056424534800513015397883  0.461732321409303647641308998573  0.500000000134017907882366671402  0.500000000046214032600744303636  0.499999999674121509141144770183  0.499999999683593765453792912012  0.499999999986680321306664609438  
0.889216228698238020378141754918  0.186459215258589550145984503615  0.500000000194561700084250333020  0.499999999652358972923593682935  0.500000000059699356569353767554  0.499999999832664077104027455789  0.500000000147279188844606778730  0.889216228698238020378141754918  0.186459215258589550145984503615  0.500000000194561700084250333020  0.499999999652358972923593682935  0.500000000059699356569353767554  0.499999999832664077104027455789  0.500000000147279188844606778730  
0.468213067433855378851603745716  0.340965022331643330399941760334  0.499999999886572288332331481797  0.499999999796970073795421285467  0.499999999895112179348899417164  0.500000000298665092657302011503  0.499999999579014531292386891437  0.468213067433855378851603745716  0.340965022331643330399941760334  0.499999999886572288332331481797  0.499999999796970073795421285467  0.499999999895112179348899417164  0.500000000298665092657302011503  0.499999999579014531292386891437  
0.675980657535213858011502452428  0.227141129011057152364827516067  0.499999999576657860878015071648  0.499999999895383795411873961712  0.500000000135806144108130411041  0.499999999875241629698763290435  0.499999999852762222474211739609  0.675980657535213858011502452428  0.227141129011057152364827516067  0.499999999576657860878015071648  0.499999999895383795411873961712  0.500000000135806144108130411041  0.499999999875241629698763290435  0.499999999852762222474211739609  
0.247375224901382140263450537532  0.596142080852118061429223416781  0.499999999887963841871396653005  0.499999999965478447716549226243  0.499999999938172456914742269873  0.499999999742772427424597481149  0.500000000339528183346260448161  0.247375224901382140263450537532  0.596142080852118061429223416781  0.499999999887963841871396653005  0.499999999965478447716549226243  0.499999999938172456914742269873  0.499999999742772427424597481149  0.500000000339528183346260448161  
0.939644354534495240827141060436  0.150537118596716534835167067286  0.500000000002739364290960111248  0.500000000184132264990921612480  0.499999999878935286190539954987  0.500000000142842737638204653194  0.500000000185504722693963230995  0.939644354534495240827141060436  0.150537118596716534835167067286  0.500000000002739364290960111248  0.500000000184132264990921612480  0.499999999878935286190539954987  0.500000000142842737638204653194  0.500000000185504722693963230995  
0.506932686399656495801480105001  0.267207917744272216431511424162  0.499999999700088626486405019023  0.499999999920578308554297564115  0.499999999851442611387142278545  0.500000000304464009559524129145  0.499999999812557938128065870842  0.506932686399656495801480105001  0.267207917744272216431511424162  0.499999999700088626486405019023  0.499999999920578308554297564115  0.499999999851442611387142278545  0.500000000304464009559524129145  0.499999999812557938128065870842  
0.721174733886324248466337394348  0.179599951861321049939590466238  0.500000000080748963071641810529  0.500000000048130166518944861309  0.499999999840183728672116103553  0.499999999955373475302167207701  0.499999999867098421368893923500  0.721174733886324248466337394348  0.179599951861321049939590466238  0.500000000080748963071641810529  0.500000000048130166518944861309  0.499999999840183728672116103553  0.499999999955373475302167207701  0.499999999867098421368893923500  
0.281088569572974511512342132846  0.439779321893837726875631233270  0.499999999977758180502718232674  0.500000000150332524206930884247  0.499999999816856277590204626904  0.499999999952255469448658686815  0.499999999931495631155797809697  0.281088569572974511512342132846  0.439779321893837726875631233270  0.499999999977758180502718232674  0.500000000150332524206930884247  0.499999999816856277590204626904  0.499999999952255469448658686815  0.499999999931495631155797809697  
0.827689471126296316683124132396  0.142273893822000285780404738034  0.499999999742706979777295828171  0.499999999728933164355737517326  0.499999999947636941666218035607  0.500000000193500326872708683368  0.499999999876890532934936572929  0.827689471126296316683124132396  0.142273893822000285780404738034  0.499999999742706979777295828171  0.499999999728933164355737517326  0.499999999947636941666218035607  0.500000000193500326872708683368  0.499999999876890532934936572929  
0.382499391132773147727874629709  0.292639611582491354635493507885  0.499999999495645497393780942730  0.499999999994583277374005092497  0.500000000283474133055960919592  0.500000000261222932174121069693  0.500000000011135536936990320100  0.382499391132773147727874629709  0.292639611582491354635493507885  0.499999999495645497393780942730  0.499999999994583277374005092497  0.500000000283474133055960919592  0.500000000261222932174121069693  0.500000000011135536936990320100  
0.601956120930050686546053384518  0.176326894939223488556478969258  0.499999999861418853441819010186  0.500000000070143668651212465193  0.500000000042568060187875289557  0.499999999858050547807408747758  0.500000000067473582276988963713  0.601956120930050686546053384518  0.176326894939223488556478969258  0.499999999861418853441819010186  0.500000000070143668651212465193  0.500000000042568060187875289557  0.499999999858050547807408747758  0.500000000067473582276988963713  
0.149573215259373171193146845326  0.671248692388082379700620094809  0.499999999842977216335526691182  0.499999999946779793980056183500  0.499999999755872115425603396943  0.499999999756320756549854422701  0.499999999830418373480966920397  0.149573215259373171193146845326  0.671248692388082379700620094809  0.499999999842977216335526691182  0.499999999946779793980056183500  0.499999999755872115425603396943  0.499999999756320756549854422701  0.499999999830418373480966920397  
0.964653473157319862885117345286  0.098157761278081623323998883279  0.500000000002731814774392660183  0.500000000194835036992913046561  0.499999999828019070502449494597  0.500000000248629894450402844086  0.500000000265693911316589037597  0.964653473157319862885117345286  0.098157761278081623323998883279  0.500000000002731814774392660183  0.500000000194835036992913046561  0.499999999828019070502449494597  0.500000000248629894450402844086  0.500000000265693911316589037597  
0.508921168563609360724342423055  0.174899977155010433182980023048  0.500000000079855677626028409577  0.499999999927489224837984238548  0.499999999941591943830587752018  0.500000000190853333137397385144  0.499999999888984580920237021928  0.508921168563609360724342423055  0.174899977155010433182980023048  0.500000000079855677626028409577  0.499999999927489224837984238548  0.499999999941591943830587752018  0.500000000190853333137397385144  0.499999999888984580920237021928  
0.735043314979775153084062822018  0.113424399907477047033665940035  0.499999999944745476820884277913  0.499999999844787046399119390117  0.499999999750964541078701586230  0.499999999818445228783048150945  0.499999999825110508222536509493  0.735043314979775153084062822018  0.113424399907477047033665940035  0.499999999944745476820884277913  0.499999999844787046399119390117  0.499999999750964541078701586230  0.499999999818445228783048150945  0.499999999825110508222536509493  
0.272294464002072578168167638069  0.285573040318799875603161808613  0.499999999985556997650348876050  0.499999999928029181806010683431  0.500000000026090019034086253669  0.500000000025335955555760847346  0.500000000208082773234252726979  0.272294464002072578168167638069  0.285573040318799875603161808613  0.499999999985556997650348876050  0.499999999928029181806010683431  0.500000000026090019034086253669  0.500000000025335955555760847346  0.500000000208082773234252726979  
0.847782911570045594196187721536  0.085155529659401207887015061715  0.500000000210280015622288374288  0.500000000202609817812060555298  0.500000000234841368573768249917  0.500000000077619466409828419273  0.500000000096301411289800853410  0.847782911570045594196187721536  0.085155529659401207887015061715  0.500000000210280015622288374288  0.500000000202609817812060555298  0.500000000234841368573768249917  0.500000000077619466409828419273  0.500000000096301411289800853410  
0.380189435569482592214285432419  0.175318803308541493191086146908  0.499999999861305777226760937992  0.499999999746925272159359110447  0.500000000188211002338789512578  0.500000000122885590592147764255  0.500000000244817277561537594011  0.380189435569482592214285432419  0.175318803308541493191086146908  0.499999999861305777226760937992  0.499999999746925272159359110447  0.500000000188211002338789512578  0.500000000122885590592147764255  0.500000000244817277561537594011  
0.611255082720306264221221681510  0.100033400716941944796900543224  0.499999999872417943969082898548  0.499999999766902070152951864657  0.499999999919123139235921371437  0.500000000031096236696726009541  0.500000000008871570145174700883  0.611255082720306264221221681510  0.100033400716941944796900543224  0.499999999872417943969082898548  0.499999999766902070152951864657  0.499999999919123139235921371437  0.500000000031096236696726009541  0.500000000008871570145174700883  
0.136821587230679164726154795062  0.406907118921828292457121278858  0.500000000218139950547424632532  0.499999999923351035047147661317  0.500000000166008762292335632083  0.500000000209799511097230606538  0.500000000125361276914759400825  0.136821587230679164726154795062  0.406907118921828292457121278858  0.500000000218139950547424632532  0.499999999923351035047147661317  0.500000000166008762292335632083  0.500000000209799511097230606538  0.500000000125361276914759400825  
0.903535590114687203744381349679  0.055560898698439831200346361584  0.499999999892544122470638967570  0.499999999912795756173977679282  0.500000000227133867269913025666  0.499999999850711196458519225416  0.500000000201087368978392078134  0.903535590114687203744381349679  0.055560898698439831200346361584  0.499999999892544122470638967570  0.499999999912795756173977679282  0.500000000227133867269913025666  0.499999999850711196458519225416  0.500000000201087368978392078134  
0.425391887493145270937588975357  0.105333530249922091570624615997  0.499999999986803556062398001814  0.499999999886605650534221467751  0.500000000026307622746912784351  0.500000000414581258212365355575  0.499999999977892184421790489068  0.425391887493145270937588975357  0.105333530249922091570624615997  0.499999999986803556062398001814  0.499999999886605650534221467751  0.500000000026307622746912784351  0.500000000414581258212365355575  0.499999999977892184421790489068  
0.662282745545760831440418314742  0.059489872603300159026318283395  0.499999999898110281115748421144  0.499999999819647933385624583025  0.499999999821920004805519965885  0.499999999965590913308943754600  0.499999999765911640192683762507  0.662282745545760831440418314742  0.059489872603300159026318283395  0.499999999898110281115748421144  0.499999999819647933385624583025  0.499999999821920004805519965885  0.499999999965590913308943754600  0.499999999765911640192683762507  
0.177431642413953483128352672793  0.191972358628605815900058928491  0.499999999894263191801968559957  0.499999999812319462222376387217  0.500000000021734836153086689592  0.500000000148665746380061136733  0.500000000270903077748130272084  0.177431642413953483128352672793  0.191972358628605815900058928491  0.499999999894263191801968559957  0.499999999812319462222376387217  0.500000000021734836153086689592  0.500000000148665746380061136733  0.500000000270903077748130272084  
0.779964605976371516682377205143  0.036878900791377455803399243450  0.499999999975100972715580383010  0.499999999904276015705306690506  0.499999999823456886538508570084  0.499999999763932390095533264684  0.499999999900825997656284016557  0.779964605976371516682377205143  0.036878900791377455803399243450  0.499999999975100972715580383010  0.499999999904276015705306690506  0.499999999823456886538508570084  0.499999999763932390095533264684  0.499999999900825997656284016557  
0.290477266799942346331420139904  0.080782895713164076800794077826  0.500000000113615339358830169658  0.499999999936366290587130833956  0.500000000265595323512002323696  0.499999999641984382847681445128  0.500000000324240634341776967631  0.290477266799942346331420139904  0.080782895713164076800794077826  0.500000000113615339358830169658  0.499999999936366290587130833956  0.500000000265595323512002323696  0.499999999641984382847681445128  0.500000000324240634341776967631  
0.532107358340995983958521264867  0.034197334568336679172517733605  0.499999999944957029818226601492  0.500000000340602213100282824598  0.500000000197638905241603879404  0.500000000220114149129813085892  0.499999999865100741569534648079  0.532107358340995983958521264867  0.034197334568336679172517733605  0.499999999944957029818226601492  0.500000000340602213100282824598  0.500000000197638905241603879404  0.500000000220114149129813085892  0.499999999865100741569534648079  
0.036087631523317592607824622064  0.359355264909104077375445740472  0.500000000007952527525389996299  0.500000000160909841007139675639  0.499999999974744202546617088956  0.499999999545321038851852790685  0.499999999973232633898589938326  0.036087631523317592607824622064  0.359355264909104077375445740472  0.500000000007952527525389996299  0.500000000160909841007139675639  0.499999999974744202546617088956  0.499999999545321038851852790685  0.499999999973232633898589938326  
0.976746894706475798919598219072  0.007944796120400110517323355452  0.499999999738497735712883240922  0.500000000089440677086827236053  0.499999999855954557759218914725  0.500000000214501083561913219455  0.500000000196971772226106622838  0.976746894706475798919598219072  0.007944796120400110517323355452  0.499999999738497735712883240922  0.500000000089440677086827236053  0.499999999855954557759218914725  0.500000000214501083561913219455  0.500000000196971772226106622838  
0.477862268007631985078376146703  0.005223934352920622803395644951  0.499999999786716164962285802176  0.500000000258669419217483209650  0.500000000067888805688198772259  0.500000000415812162479767266632  0.499999999938037453794947850838  0.477862268007631985078376146703  0.005223934352920622803395644951  0.499999999786716164962285802176  0.500000000258669419217483209650  0.500000000067888805688198772259  0.500000000415812162479767266632  0.499999999938037453794947850838  
