2.28307 0.38099 0.382903
0.378652 4.29439 0.381012
0.374476 0.374476 6.37448
1.94293 0.433804 0.417668
1.75854 0.522372 0.422329
1.85724 0.445285 0.587135
1.60919 0.626833 0.409738
1.71018 0.505562 0.592142
1.57502 0.609084 0.516349
1.80623 0.436294 0.80302
1.47273 0.760431 0.395263
1.56335 0.594339 0.642596
1.45136 0.713415 0.531216
1.66003 0.491576 0.889816
1.38101 0.803523 0.474072
1.54204 0.57889 0.824282
1.40775 0.718486 0.641555
1.7854 0.419586 1.16011
1.30443 0.968535 0.389898
1.39503 0.712006 0.748725
1.29752 0.863829 0.566931
1.50191 0.56746 1.05675
1.23026 0.959171 0.485057
1.39326 0.673049 0.928738
1.27159 0.852864 0.704528
1.58072 0.479285 1.34826
1.17181 1.0748 0.445672
1.3099 0.756701 0.936591
1.19588 0.946153 0.67275
1.45223 0.558552 1.3693
1.14175 1.06255 0.546391
1.32915 0.68812 1.17563
1.19223 0.908416 0.831224
1.42279 0.416514 1.67126
1.07707 1.29305 0.38754
1.18045 0.91218 0.941693
1.09701 1.1171 0.601294
1.28382 0.683941 1.3914
1.03299 1.24386 0.494268
1.1893 0.837947 1.20495
1.07833 1.07553 0.810677
1.21146 0.523226 1.65109
0.982142 1.34658 0.460913
1.1128 0.94871 1.14872
1.01258 1.1728 0.775
1.13694 0.633053 1.60898
0.963662 1.32069 0.611211
1.11849 0.838173 1.47748
1.01293 1.12553 0.983837
1.20895 0.455123 2.13143
0.892222 1.56361 0.431027
1.01469 1.07263 1.20541
0.92361 1.35028 0.740486
1.01731 0.705854 1.70122
0.878309 1.49985 0.604194
1.00351 0.946696 1.54441
0.921397 1.28963 0.976888
1.07024 0.520479 2.33367
0.826522 1.6477 0.535397
0.940088 1.08097 1.47703
0.860506 1.43085 0.913805
0.956809 0.654211 2.09324
0.81617 1.60602 0.744183
0.874074 0.867194 1.734
0.859124 1.35146 1.18753
0.980568 0.414004 2.81098
0.75245 1.9934 0.387559
0.82551 1.36028 1.29895
0.759634 1.70157 0.818923
0.812212 0.887743 1.95129
0.720134 1.88519 0.56588
0.763334 1.08416 1.65833
0.737997 1.65898 1.10331
0.819939 0.678514 2.69151
0.671006 2.0865 0.501238
0.697771 1.29887 1.60683
0.689137 1.79683 1.03056
0.742156 0.841044 2.54592
0.645614 2.03127 0.776411
0.674021 1.11969 2.07292
0.660571 1.70847 1.46129
0.70565 0.5326 3.23386
0.592035 2.3868 0.449103
0.60113 1.47328 1.66692
0.584916 2.12352 1.08627
0.622875 1.00158 2.73094
0.556735 2.35436 0.734142
0.574331 1.307 2.24597
0.556098 1.99425 1.52534
0.580348 0.680262 3.38234
0.505549 2.65838 0.634327
0.511878 1.55294 2.0933
0.496687 2.37568 1.44013
0.490243 0.888914 3.38401
0.458781 2.7244 1.04896
0.451862 1.27043 2.79276
0.430927 2.07605 1.88997
0.438145 0.486993 4.79497
0.389928 3.71325 0.457234
0.380416 2.37166 2.5601
