0.989443472208972
0.989443667345546
0.98944373858668
0.989443666794606
0.989443935267018
0.98944415199016
0.989443803218627
0.989443692166834
0.989443807504113
0.98944367245709
0.989443521698091
0.989443572316555
0.989443676190011
0.989444012437603
0.989443957204737
0.989443841755173
0.989444233566337
0.98944379379008
0.989443678431978
0.989444068001246
0.989444407112267
0.989443741685985
0.98944363579122
0.989443750217646
0.989443971593066
0.989443487311122
0.98944376420576
0.989443629177368
0.989444258718048
0.989443782586417
0.989444114465963
0.989443763988281
0.989443761032895
0.98944381824957
0.989443779825049
