0.577351 0.577351 0.57735
0.577351 0.577351 0.57735
9.98778e-05 9.98778e-05 1
0.577351 0.577351 0.57735
0.688247 0.688247 0.229414
0.301512 0.301512 0.904534
0.703527 0.703527 0.100503
0.457496 0.457496 0.762492
0.650945 0.650945 0.390566
0.140027 0.140027 0.980196
0.706322 0.706322 0.047088
0.523206 0.523206 0.672689
0.673189 0.673189 0.305995
0.219382 0.219382 0.950654
0.697877 0.697877 0.161047
0.382359 0.382359 0.841191
0.619585 0.619585 0.481901
0.0663718 0.0663718 0.995585
0.706923 0.706923 0.022803
0.551784 0.551784 0.625354
0.6815 0.6815 0.266674
0.260332 0.260332 0.92976
0.701122 0.701122 0.129833
0.420903 0.420903 0.803543
0.636525 0.636525 0.435514
0.102359 0.102359 0.989467
0.705223 0.705223 0.0729533
0.491705 0.491705 0.718646
0.663085 0.663085 0.347327
0.179142 0.179142 0.967376
0.693642 0.693642 0.194219
0.342376 0.342376 0.874961
0.599918 0.599918 0.529336
0.0322234 0.0322234 0.998961
0.707031 0.707031 0.0146355
0.564945 0.564945 0.601394
0.683055 0.683055 0.258595
0.280927 0.280927 0.917693
0.699048 0.699048 0.150542
0.439472 0.439472 0.783408
0.643843 0.643843 0.413441
0.120996 0.120996 0.985251
0.703775 0.703775 0.0969591
0.507809 0.507809 0.695888
0.647527 0.647527 0.401767
0.199145 0.199145 0.959522
0.678912 0.678912 0.279565
0.362512 0.362512 0.858586
0.580264 0.580264 0.571477
0.0490614 0.0490614 0.99759
0.705006 0.705006 0.0770267
0.516872 0.516872 0.682413
0.626072 0.626072 0.464829
0.239797 0.239797 0.940742
0.672216 0.672216 0.310245
0.401845 0.401845 0.822825
0.535878 0.535878 0.652434
0.0841435 0.0841435 0.992895
0.687556 0.687556 0.233526
0.413191 0.413191 0.811508
0.538673 0.538673 0.647814
0.159423 0.159423 0.974253
0.606687 0.606687 0.513674
0.322017 0.322017 0.890286
0.423207 0.423207 0.801119
0.0158689 0.0158689 0.999748
0.706913 0.706913 0.023406
0.377042 0.377042 0.845978
0.541336 0.541336 0.643359
0.2556 0.2556 0.932383
0.639337 0.639337 0.427197
0.276343 0.276343 0.920472
0.39363 0.39363 0.830729
0.130464 0.130464 0.982832
0.676953 0.676953 0.288911
0.256092 0.256092 0.932113
0.388244 0.388244 0.835783
0.167085 0.167085 0.971682
0.491402 0.491402 0.719061
0.175595 0.175595 0.968676
0.249521 0.249521 0.93567
0.0576586 0.0576586 0.99667
0.683669 0.683669 0.255331
0.175583 0.175583 0.96868
0.287475 0.287475 0.913628
0.105665 0.105665 0.988772
0.393882 0.393882 0.83049
0.106319 0.106319 0.988632
0.153543 0.153543 0.97614
0.0642314 0.0642314 0.995866
0.419303 0.419303 0.805214
0.0775278 0.0775278 0.993971
0.115222 0.115222 0.986635
0.0413686 0.0413686 0.998287
0.128541 0.128541 0.983338
0.0330447 0.0330447 0.998907
0.0388543 0.0388543 0.998489
0.0134535 0.0134535 0.999819
0.301836 0.301836 0.904318
0.00494279 0.00494279 0.999976
