1 9.6813e-05 7.63229e-05
8.00503e-05 1 1.89568e-05
8.58493e-05 8.62932e-05 1
0.998513 0.0385439 0.038538
0.99376 0.105831 0.03523
0.98878 0.0472338 0.141717
0.979203 0.200853 0.0286305
0.980582 0.100918 0.168152
0.97504 0.190368 0.114265
0.955514 0.0416861 0.291986
0.940318 0.339546 0.0225959
0.957942 0.176113 0.226564
0.945629 0.296088 0.134601
0.925662 0.0850406 0.368672
0.91603 0.390858 0.0901013
0.921052 0.161149 0.354533
0.920678 0.308117 0.239618
0.860425 0.033885 0.508449
0.840181 0.542024 0.0174684
0.895431 0.294526 0.333852
0.868819 0.461088 0.18042
0.846495 0.143559 0.512676
0.82021 0.562505 0.104131
0.845973 0.247365 0.472377
0.842265 0.444902 0.304387
0.763235 0.065668 0.642775
0.749546 0.658453 0.0679775
0.80888 0.331921 0.485326
0.788698 0.5446 0.285248
0.728693 0.124538 0.673421
0.734491 0.653497 0.182935
0.738318 0.245606 0.628143
0.75404 0.492541 0.434543
0.628542 0.0250726 0.777371
0.608429 0.793508 0.0125863
0.716984 0.477326 0.508029
0.66835 0.699508 0.252974
0.645509 0.223552 0.730303
0.5999 0.78958 0.129163
0.651122 0.371323 0.661936
0.643378 0.644553 0.413058
0.547664 0.101965 0.830462
0.522528 0.849579 0.0719723
0.607545 0.468205 0.641618
0.577444 0.733632 0.358249
0.516923 0.173932 0.838175
0.514398 0.830989 0.211782
0.529512 0.329952 0.781504
0.543708 0.64626 0.535471
0.422064 0.0444442 0.905476
0.409937 0.911017 0.044713
0.503815 0.551123 0.665157
0.464008 0.816068 0.344572
0.424813 0.223582 0.877237
0.402992 0.896133 0.185857
0.433093 0.395399 0.809994
0.435674 0.727094 0.530588
0.339628 0.0789872 0.937237
0.337773 0.934212 0.114705
0.393803 0.496006 0.773885
0.376813 0.807859 0.453183
0.313645 0.153023 0.937129
0.326748 0.90372 0.276632
0.322282 0.321597 0.890343
0.339952 0.685451 0.643886
0.242208 0.0123958 0.970145
0.231336 0.972845 0.00751647
0.304706 0.662867 0.683931
0.266138 0.910562 0.316304
0.252658 0.294532 0.921637
0.220962 0.964049 0.147598
0.251341 0.485694 0.837215
0.242319 0.824545 0.511279
0.190637 0.128986 0.97315
0.173968 0.981949 0.074237
0.214315 0.587756 0.780136
0.194229 0.887367 0.418156
0.165654 0.21098 0.963351
0.159104 0.959448 0.232691
0.163787 0.395882 0.903577
0.164653 0.769192 0.617441
0.116854 0.0571954 0.991501
0.10809 0.993322 0.0403534
0.136365 0.643792 0.752952
0.117635 0.919926 0.374031
0.102643 0.256704 0.961024
0.0909373 0.977215 0.191785
0.0950635 0.449341 0.888288
0.0903897 0.813328 0.57474
0.0638487 0.093277 0.993591
0.058305 0.991986 0.112095
0.0647773 0.551043 0.831959
0.0552318 0.877765 0.475897
0.0401748 0.171471 0.98437
0.0365916 0.959038 0.280905
0.0305222 0.352048 0.935484
0.0260778 0.73919 0.672992
0.0128673 0.0238944 0.999632
0.00799072 0.99969 0.0235813
0.00361634 0.673233 0.739421
