1.00001 8.40339e-05
0.000100319 1.00003
1.00001 0.00490605
1 0.0130162
1 0.0216135
1 0.0368613
1 0.0475749
0.950005 0.0562375
0.950004 0.0643922
0.950004 0.0766769
0.950004 0.0901521
0.950004 0.0901521
0.900015 0.106252
0.900005 0.117012
0.900005 0.124831
0.900003 0.135217
0.857338 0.150095
0.850004 0.159673
0.850003 0.171869
0.850003 0.181596
0.850003 0.193007
0.850003 0.203279
0.850003 0.203279
0.828743 0.230566
0.828539 0.246028
0.788222 0.250027
0.750132 0.250096
0.750013 0.262536
0.750013 0.27314
0.750013 0.288274
0.730269 0.300095
0.700169 0.301354
0.70002 0.314739
0.700018 0.329683
0.700018 0.33984
0.671286 0.350029
0.650141 0.352493
0.650045 0.367033
0.650006 0.383447
0.650006 0.390287
0.650006 0.390287
0.624853 0.423119
0.617842 0.434636
0.596917 0.450004
0.557831 0.450004
0.557831 0.450004
0.550009 0.456719
0.550002 0.475723
0.550002 0.490405
0.550002 0.507158
0.53265 0.523402
0.519095 0.529718
0.516626 0.548009
0.488203 0.563443
0.488203 0.563443
0.470639 0.565894
0.469376 0.58509
0.429723 0.611735
0.429723 0.611735
0.429723 0.611735
0.418102 0.618972
0.414697 0.638522
0.35604 0.650008
0.35604 0.650008
0.35604 0.650008
0.35604 0.650008
0.356024 0.673061
0.305215 0.700404
0.305215 0.700404
0.305215 0.700404
0.304786 0.70677
0.304714 0.742777
0.275947 0.750005
0.275947 0.750005
0.263791 0.750005
0.250052 0.75015
0.250016 0.787227
0.248856 0.836161
0.24488 0.869775
0.130436 0.900001
0.130436 0.900001
0.130436 0.900001
0.130436 0.900001
0.130436 0.900001
0.130436 0.900001
0.130436 0.900001
0.130436 0.900001
0.130436 0.900001
0.107701 0.900001
0.107701 0.900001
0.056421 0.950007
0.056421 0.950007
0.056421 0.950007
0.056421 0.950007
0.056421 0.950007
0.0127549 1
0.0127549 1
0.0127549 1
0.0127549 1
0.00488857 1
