1.99998 0.000249059
0.000395165 3.99924
1.99495 0.0103379
1.98452 0.0309712
1.97411 0.0517981
1.96358 0.072853
1.95296 0.0940826
1.9422 0.115608
1.93134 0.137319
1.92037 0.159271
1.9093 0.181423
1.89807 0.203873
1.88674 0.226538
1.87529 0.249443
1.86371 0.272598
1.85201 0.296007
1.84018 0.319657
1.82822 0.34356
1.81611 0.3678
1.80388 0.392244
1.7915 0.417016
1.779 0.442028
1.76633 0.467348
1.75354 0.492949
1.74059 0.518842
1.7275 0.545014
1.71424 0.571535
1.70083 0.598352
1.68727 0.625478
1.67355 0.652914
1.65966 0.680703
1.64561 0.708807
1.63137 0.737265
1.61698 0.766049
1.6024 0.795211
1.58765 0.824712
1.57271 0.854589
1.55759 0.884835
1.54228 0.915452
1.52678 0.946463
1.51107 0.977874
1.49517 1.00968
1.47907 1.04189
1.46275 1.07452
1.44622 1.10758
1.42947 1.14107
1.41251 1.17499
1.39531 1.20939
1.37789 1.24423
1.36024 1.27953
1.34233 1.31535
1.3242 1.35161
1.30581 1.3884
1.28716 1.42569
1.26826 1.46349
1.24909 1.50183
1.22966 1.54071
1.20994 1.58014
1.18994 1.62016
1.16964 1.66072
1.14906 1.70189
1.12818 1.74366
1.10698 1.78605
1.08548 1.82906
1.06365 1.87272
1.04149 1.91703
1.01899 1.96205
0.996147 2.00772
0.972952 2.05411
0.949393 2.10122
0.92547 2.14907
0.901159 2.19769
0.876484 2.24708
0.851388 2.29724
0.825893 2.34822
0.799984 2.40005
0.773645 2.45271
0.746876 2.50625
0.719642 2.56072
0.691976 2.61606
0.66381 2.67239
0.635175 2.72966
0.606046 2.78792
0.576405 2.8472
0.546248 2.90752
0.515547 2.96891
0.484298 3.03141
0.452483 3.09505
0.420089 3.15984
0.387094 3.22583
0.353472 3.29307
0.31925 3.36151
0.284361 3.4313
0.248809 3.5024
0.212546 3.57493
0.175612 3.64881
0.137939 3.72414
0.0995118 3.80099
0.0603103 3.87941
0.020314 3.9594
