2.0475 0.0479349 0.0478184
0.0898839 4.04655 0.0791995
0.0745363 0.0639686 6.0469
2.04697 0.124443 0.124378
2.04457 0.258956 0.117819
2.0447 0.140619 0.332519
2.03717 0.451708 0.105621
2.0417 0.251714 0.386136
2.03664 0.43392 0.279575
2.03685 0.132898 0.652423
2.01595 0.754443 0.0946306
2.03319 0.410018 0.514153
2.02163 0.661492 0.325424
2.02828 0.22833 0.831651
2.00302 0.876669 0.239054
2.02405 0.391253 0.804636
2.01331 0.701132 0.556513
2.00984 0.123607 1.20076
1.95188 1.26927 0.0867734
2.00683 0.687215 0.774433
1.97702 1.06596 0.445782
2.00169 0.377196 1.22464
1.93905 1.33702 0.286193
1.9943 0.613601 1.12861
1.969 1.05707 0.738267
1.97218 0.214281 1.65934
1.87967 1.64766 0.212749
1.97094 0.832603 1.19489
1.92705 1.33825 0.723665
1.95359 0.370178 1.79886
1.87144 1.66068 0.499177
1.94853 0.676855 1.65486
1.91912 1.26274 1.12009
1.89781 0.119804 2.32246
1.72589 2.2227 0.0815824
1.90077 1.27413 1.35251
1.81084 1.88238 0.711163
1.89638 0.68396 2.12674
1.71866 2.23199 0.405269
1.87795 1.085 1.89767
1.80622 1.79887 1.17032
1.82858 0.373989 2.73262
1.6026 2.55881 0.259765
1.82291 1.40717 1.91076
1.71391 2.1506 1.07509
1.79069 0.628921 2.8566
1.59876 2.53658 0.681906
1.77856 1.11864 2.58709
1.70557 2.00565 1.66926
1.67656 0.211156 3.51954
1.39106 3.00892 0.192632
1.68794 1.83068 2.19836
1.5291 2.63399 1.13903
1.66137 0.890231 3.35821
1.38375 2.99566 0.658891
1.63399 1.4868 2.99476
1.51855 2.4844 1.82583
1.51906 0.386963 4.07881
1.22382 3.27169 0.44359
1.53303 1.9036 2.94359
1.36947 2.859 1.62429
1.44935 0.727261 4.20367
1.21075 3.23586 1.02163
1.43494 1.42124 3.84605
1.34116 2.63295 2.47604
1.25311 0.119767 4.8336
0.915145 3.65145 0.0753496
1.26202 2.66594 2.74899
1.04524 3.42493 1.21998
1.24556 1.43206 4.37979
0.886113 3.66013 0.600249
1.17876 2.21334 3.77951
1.01028 3.28745 2.05713
1.0542 0.722516 5.13215
0.724248 3.80679 0.331417
1.01435 2.67 3.5278
0.827388 3.56179 1.70218
0.936208 1.166 5.15406
0.679528 3.79382 0.956545
0.883744 2.04325 4.60211
0.763073 3.34079 2.69111
0.722441 0.37244 5.67445
0.482851 3.95015 0.206232
0.691203 3.03417 3.5404
0.537011 3.79082 1.56916
0.627596 1.47236 5.37698
0.420788 3.94417 0.810293
0.555346 2.38624 4.67048
0.452032 3.59123 2.55182
0.434003 0.595429 5.87674
0.28991 4.00679 0.494962
0.385101 2.82611 4.24307
0.294484 3.78054 2.07133
0.296745 1.0515 5.80709
0.207061 3.96081 1.19398
0.230181 2.00548 5.25075
0.177296 3.45946 3.15475
0.137449 0.182625 6.038
0.089879 4.04609 0.143422
0.0784373 2.96653 4.14868
