2.01523 0.0154369
0.0156244 4.01523
2.01522 0.0254957
2.01517 0.0463186
2.01506 0.0675627
2.01488 0.0892541
2.01465 0.111465
2.01434 0.134106
2.01397 0.157227
2.01351 0.180833
2.01298 0.204969
2.01235 0.229614
2.01164 0.254805
2.01082 0.28055
2.0099 0.306835
2.00888 0.333734
2.00773 0.361231
2.00646 0.38934
2.00506 0.418053
2.00352 0.447468
2.00182 0.477531
1.99998 0.508255
1.99796 0.539682
1.99577 0.571855
1.99339 0.604757
1.99081 0.638407
1.98801 0.672826
1.985 0.708051
1.98174 0.744087
1.97824 0.780946
1.97447 0.818663
1.97041 0.857252
1.96606 0.896716
1.96139 0.937103
1.95638 0.978407
1.95102 1.02065
1.94528 1.06384
1.93914 1.10802
1.93259 1.15318
1.92558 1.19934
1.91811 1.24652
1.91015 1.29471
1.90166 1.34393
1.89262 1.39421
1.883 1.44551
1.87276 1.49786
1.86189 1.55125
1.85034 1.60567
1.83807 1.66111
1.82507 1.71756
1.81128 1.77499
1.79667 1.83341
1.78122 1.89276
1.76487 1.95301
1.7476 2.01412
1.72936 2.07604
1.71013 2.13873
1.68986 2.20211
1.66852 2.26611
1.64609 2.33065
1.62252 2.39565
1.5978 2.461
1.57188 2.52665
1.54478 2.59242
1.51645 2.65821
1.48688 2.72391
1.45606 2.78938
1.42401 2.85447
1.39072 2.91903
1.35618 2.98294
1.32045 3.04599
1.28352 3.10809
1.24543 3.16902
1.20621 3.22867
1.16593 3.28685
1.12463 3.34343
1.08235 3.39827
1.03919 3.45121
0.995209 3.50214
0.950461 3.55095
0.905084 3.59749
0.859125 3.6417
0.812666 3.68352
0.765843 3.72283
0.718715 3.75961
0.671379 3.79383
0.623953 3.82545
0.57652 3.85447
0.529162 3.88091
0.481974 3.90478
0.435039 3.92611
0.388438 3.94497
0.342254 3.96139
0.296556 3.97546
0.251397 3.98724
0.20685 3.99682
0.162955 4.0043
0.119795 4.00976
0.0773743 4.01329
0.0357365 4.01502
