2 0.000150436 9.41209e-05
0.000121979 4 0.000274933
4.10939e-16 0.000104341 6
1.99946 0.0771563 0.0772425
1.99703 0.212618 0.0708951
1.99715 0.0954161 0.286375
1.98949 0.407702 0.0582658
1.99412 0.204983 0.341658
1.98904 0.388344 0.23306
1.98924 0.0862727 0.607845
1.96812 0.710599 0.0472553
1.98549 0.365204 0.469576
1.97376 0.618069 0.280822
1.98057 0.181922 0.788377
1.95501 0.833853 0.192442
1.97632 0.345848 0.7605
1.9654 0.657655 0.511474
1.96194 0.0771074 1.15916
1.90338 1.22793 0.0395718
1.95882 0.644257 0.730402
1.92879 1.02362 0.400529
1.95372 0.331328 1.18306
1.89036 1.29635 0.23995
1.94622 0.569245 1.08672
1.92072 1.01454 0.694057
1.92392 0.167541 1.61979
1.83097 1.60838 0.166291
1.92263 0.789126 1.15334
1.87836 1.29689 0.679408
1.90506 0.325895 1.76009
1.82212 1.62109 0.453773
1.89994 0.632475 1.61617
1.87026 1.22154 1.07782
1.84905 0.00526539 2.28669
1.67531 2.18483 0.034117
1.85173 1.2326 1.31207
1.76105 1.84325 0.666333
1.84731 0.639736 2.08981
1.66773 2.19484 0.359061
1.82873 1.04267 1.85895
1.75636 1.75943 1.12775
1.7788 0.331279 2.69756
1.55098 2.52142 0.213632
1.77321 1.36602 1.87207
1.66308 2.11289 1.03153
1.74066 0.585701 2.82231
1.5478 2.50042 0.637127
1.72832 1.07697 2.55079
1.65489 1.96703 1.62979
1.62546 0.166556 3.48692
1.33772 2.97196 0.146006
1.63695 1.79055 2.16097
1.47675 2.59668 1.09621
1.61109 0.847926 3.32663
1.33039 2.95852 0.613764
1.58264 1.44537 2.9597
1.46721 2.44794 1.7857
1.46744 0.343136 4.0491
1.16938 3.23421 0.397157
1.48109 1.86461 2.90885
1.31602 2.82174 1.58293
1.39686 0.682815 4.17217
1.15616 3.19804 0.978755
1.38197 1.37891 3.81225
1.28713 2.59537 2.43808
1.19908 0.00676753 4.80221
0.859005 3.61227 0.0284141
1.2084 2.62789 2.71124
0.989747 3.3863 1.17593
1.19133 1.38886 4.34585
0.829749 3.62071 0.554281
1.12456 2.17346 3.7458
0.954651 3.24822 2.01473
0.998813 0.676735 5.09813
0.667348 3.76598 0.284612
0.959077 2.63014 3.49091
0.770838 3.52128 1.65942
0.878774 1.12159 5.12049
0.622264 3.75266 0.910793
0.826471 2.00071 4.56575
0.70666 3.30074 2.64989
0.665588 0.326126 5.63757
0.425203 3.90712 0.158655
0.634033 2.99199 3.49911
0.479354 3.7482 1.52399
0.566222 1.42935 5.34683
0.363013 3.90032 0.765472
0.497812 2.34215 4.62982
0.392579 3.54815 2.50735
0.374754 0.548674 5.83598
0.233176 3.96149 0.4478
0.327367 2.78149 4.19951
0.235431 3.73575 2.02541
0.232028 1.00502 5.76566
0.149815 3.91483 1.14663
0.163964 1.95959 5.2075
0.115197 3.41375 3.10805
0.0671763 0.143825 5.99273
0.031812 3.99899 0.0951782
0.0106812 3.22727 3.5447
