1.015e+00  2.225e-02  
1.532e-02  1.022e+00  
1.015e+00  2.607e-02  
1.015e+00  3.125e-02  
1.012e+00  4.813e-02  
1.007e+00  5.806e-02  
1.002e+00  6.799e-02  
9.957e-01  8.011e-02  
9.891e-01  9.074e-02  
9.868e-01  1.025e-01  
9.822e-01  1.138e-01  
9.761e-01  1.245e-01  
9.713e-01  1.338e-01  
9.652e-01  1.463e-01  
9.577e-01  1.600e-01  
9.538e-01  1.717e-01  
9.433e-01  1.821e-01  
9.377e-01  1.951e-01  
9.329e-01  2.077e-01  
9.256e-01  2.193e-01  
9.203e-01  2.314e-01  
9.110e-01  2.447e-01  
9.076e-01  2.581e-01  
8.963e-01  2.652e-01  
8.888e-01  2.813e-01  
8.821e-01  2.929e-01  
8.753e-01  3.088e-01  
8.656e-01  3.205e-01  
8.591e-01  3.339e-01  
8.477e-01  3.449e-01  
8.429e-01  3.601e-01  
8.349e-01  3.741e-01  
8.250e-01  3.878e-01  
8.163e-01  4.016e-01  
8.107e-01  4.148e-01  
8.009e-01  4.274e-01  
7.900e-01  4.434e-01  
7.812e-01  4.571e-01  
7.755e-01  4.713e-01  
7.659e-01  4.873e-01  
7.554e-01  5.000e-01  
7.447e-01  5.146e-01  
7.327e-01  5.274e-01  
7.228e-01  5.418e-01  
7.116e-01  5.551e-01  
7.025e-01  5.704e-01  
6.828e-01  5.781e-01  
6.793e-01  5.978e-01  
6.682e-01  6.113e-01  
6.561e-01  6.248e-01  
6.450e-01  6.395e-01  
6.335e-01  6.521e-01  
6.244e-01  6.695e-01  
6.097e-01  6.813e-01  
5.996e-01  6.970e-01  
5.882e-01  7.103e-01  
5.768e-01  7.249e-01  
5.631e-01  7.371e-01  
5.473e-01  7.457e-01  
5.381e-01  7.632e-01  
5.257e-01  7.787e-01  
5.140e-01  7.904e-01  
5.020e-01  7.986e-01  
4.835e-01  8.132e-01  
4.729e-01  8.288e-01  
4.564e-01  8.341e-01  
4.466e-01  8.543e-01  
4.340e-01  8.647e-01  
4.209e-01  8.747e-01  
4.025e-01  8.867e-01  
3.899e-01  8.939e-01  
3.771e-01  9.041e-01  
3.487e-01  9.112e-01  
3.474e-01  9.197e-01  
3.345e-01  9.290e-01  
3.142e-01  9.377e-01  
3.054e-01  9.516e-01  
2.936e-01  9.576e-01  
2.787e-01  9.613e-01  
2.650e-01  9.693e-01  
2.509e-01  9.775e-01  
2.344e-01  9.806e-01  
2.156e-01  9.851e-01  
2.050e-01  9.935e-01  
1.887e-01  1.001e+00  
1.748e-01  1.001e+00  
1.698e-01  1.001e+00  
1.571e-01  1.007e+00  
1.366e-01  1.010e+00  
1.310e-01  1.010e+00  
1.122e-01  1.018e+00  
1.069e-01  1.018e+00  
5.451e-02  1.022e+00  
5.451e-02  1.022e+00  
5.451e-02  1.022e+00  
5.451e-02  1.022e+00  
2.825e-02  1.022e+00  
2.825e-02  1.022e+00  
2.817e-02  1.022e+00  
1.857e-02  1.022e+00  
