1.980e+00  1.971e-04  1.835e-04  
3.894e-04  3.921e+00  2.579e-04  
5.867e-04  5.843e-04  5.874e+00  
1.632e+00  6.313e-02  6.281e-02  
1.440e+00  1.533e-01  5.089e-02  
1.583e+00  7.566e-02  2.269e-01  
1.279e+00  2.624e-01  3.732e-02  
1.432e+00  1.474e-01  2.453e-01  
1.282e+00  2.504e-01  1.496e-01  
1.583e+00  6.912e-02  4.834e-01  
1.118e+00  4.037e-01  2.681e-02  
1.289e+00  2.371e-01  3.045e-01  
1.149e+00  3.600e-01  1.630e-01  
1.441e+00  1.322e-01  5.720e-01  
1.060e+00  4.524e-01  1.042e-01  
1.293e+00  2.263e-01  4.966e-01  
1.123e+00  3.759e-01  2.924e-01  
1.581e+00  6.211e-02  9.299e-01  
9.378e-01  6.048e-01  1.949e-02  
1.123e+00  3.695e-01  4.177e-01  
9.874e-01  5.241e-01  2.041e-01  
1.291e+00  2.189e-01  7.816e-01  
9.111e-01  6.248e-01  1.145e-01  
1.150e+00  3.362e-01  6.388e-01  
9.830e-01  5.191e-01  3.530e-01  
1.034e+00  9.247e-02  1.192e+00  
8.344e-01  7.330e-01  7.566e-02  
1.051e+00  4.313e-01  6.298e-01  
9.001e-01  6.216e-01  3.255e-01  
1.277e+00  2.183e-01  1.180e+00  
8.244e-01  7.333e-01  2.051e-01  
1.104e+00  3.676e-01  9.330e-01  
9.116e-01  5.952e-01  5.253e-01  
1.109e+00  4.415e-02  1.372e+00  
7.138e-01  9.310e-01  1.466e-02  
9.026e-01  6.008e-01  6.390e-01  
7.702e-01  8.063e-01  2.915e-01  
7.192e-01  3.448e-01  1.192e+00  
7.034e-01  9.263e-01  1.515e-01  
9.429e-01  5.377e-01  9.577e-01  
7.785e-01  7.797e-01  4.992e-01  
8.889e-01  1.655e-01  1.347e+00  
6.417e-01  1.043e+00  8.793e-02  
8.514e-01  6.557e-01  8.980e-01  
7.064e-01  8.974e-01  4.369e-01  
7.812e-01  2.629e-01  1.267e+00  
6.378e-01  1.030e+00  2.626e-01  
6.279e-01  4.546e-01  1.192e+00  
7.210e-01  8.572e-01  7.088e-01  
9.492e-01  1.001e-01  2.036e+00  
5.514e-01  1.225e+00  6.012e-02  
7.417e-01  8.110e-01  9.758e-01  
6.085e-01  1.070e+00  4.517e-01  
6.789e-01  3.568e-01  1.402e+00  
5.452e-01  1.213e+00  2.516e-01  
5.412e-01  5.780e-01  1.192e+00  
6.186e-01  1.032e+00  7.529e-01  
8.108e-01  1.895e-01  2.236e+00  
4.874e-01  1.349e+00  1.651e-01  
5.412e-01  5.780e-01  1.192e+00  
5.482e-01  1.175e+00  6.589e-01  
6.735e-01  3.291e-01  2.011e+00  
4.826e-01  1.335e+00  4.086e-01  
5.374e-01  5.362e-01  1.482e+00  
5.600e-01  1.128e+00  1.059e+00  
6.262e-01  3.972e-02  2.507e+00  
3.873e-01  1.628e+00  1.282e-02  
4.538e-01  7.246e-01  1.192e+00  
4.270e-01  1.461e+00  5.065e-01  
4.958e-01  5.781e-01  1.805e+00  
3.728e-01  1.627e+00  2.489e-01  
4.038e-01  7.805e-01  1.345e+00  
4.239e-01  1.442e+00  8.912e-01  
3.898e-01  2.554e-01  2.390e+00  
3.187e-01  1.799e+00  1.359e-01  
3.405e-01  9.335e-01  1.238e+00  
3.564e-01  1.629e+00  7.676e-01  
2.764e-01  4.265e-01  2.390e+00  
3.015e-01  1.818e+00  4.412e-01  
3.490e-01  8.437e-01  1.923e+00  
2.708e-01  1.131e+00  1.192e+00  
3.858e-01  1.891e-01  3.267e+00  
2.297e-01  2.111e+00  8.562e-02  
2.450e-01  1.156e+00  1.348e+00  
2.507e-01  1.960e+00  7.940e-01  
1.792e-01  6.336e-01  2.390e+00  
2.022e-01  2.174e+00  4.260e-01  
2.352e-01  1.108e+00  2.190e+00  
1.210e-01  1.645e+00  1.192e+00  
1.051e-01  2.488e-01  3.585e+00  
1.441e-01  2.449e+00  2.765e-01  
1.601e-01  1.360e+00  2.052e+00  
1.082e-01  1.704e+00  1.192e+00  
1.437e-01  6.044e-01  3.466e+00  
1.008e-01  2.633e+00  7.707e-01  
8.083e-02  9.197e-01  2.443e+00  
6.504e-02  1.836e+00  1.671e+00  
2.600e-02  7.470e-02  4.771e+00  
2.652e-02  3.318e+00  7.948e-02  
7.490e-03  1.443e+00  2.390e+00  
