2.200e+00  2.000e-01  2.000e-01  
8.730e-03  4.005e+00  5.323e-03  
7.378e-03  7.378e-03  6.007e+00  
2.200e+00  2.000e-01  2.000e-01  
2.193e+00  5.412e-01  2.000e-01  
2.200e+00  2.000e-01  2.000e-01  
2.110e+00  1.315e+00  1.903e-01  
2.199e+00  2.303e-01  3.776e-01  
2.197e+00  4.298e-01  2.000e-01  
2.169e+00  1.999e-01  1.258e+00  
1.981e+00  1.759e+00  1.501e-01  
2.195e+00  4.047e-01  5.208e-01  
2.185e+00  6.880e-01  2.000e-01  
2.188e+00  2.045e-01  8.589e-01  
2.167e+00  9.287e-01  2.001e-01  
2.187e+00  3.819e-01  8.398e-01  
2.179e+00  7.284e-01  5.674e-01  
2.033e+00  1.573e-01  2.241e+00  
1.426e+00  3.105e+00  1.034e-01  
2.172e+00  7.146e-01  8.033e-01  
2.135e+00  1.129e+00  4.431e-01  
2.163e+00  3.568e-01  1.309e+00  
2.072e+00  1.421e+00  2.576e-01  
2.154e+00  6.131e-01  1.197e+00  
2.105e+00  1.106e+00  7.607e-01  
2.124e+00  1.949e-01  1.781e+00  
1.985e+00  1.742e+00  1.672e-01  
2.087e+00  8.547e-01  1.248e+00  
2.040e+00  1.408e+00  7.094e-01  
2.078e+00  3.602e-01  1.915e+00  
1.982e+00  1.758e+00  4.245e-01  
2.062e+00  6.753e-01  1.749e+00  
2.035e+00  1.330e+00  1.158e+00  
1.620e+00  1.354e-01  4.157e+00  
8.618e-01  3.727e+00  6.124e-02  
2.019e+00  1.323e+00  1.391e+00  
1.919e+00  2.008e+00  6.174e-01  
2.011e+00  6.394e-01  2.263e+00  
1.817e+00  2.391e+00  2.163e-01  
1.996e+00  1.126e+00  2.026e+00  
1.915e+00  1.916e+00  1.228e+00  
1.936e+00  3.264e-01  2.909e+00  
1.674e+00  2.720e+00  2.334e-01  
1.931e+00  1.484e+00  2.034e+00  
1.787e+00  2.282e+00  1.114e+00  
1.893e+00  6.345e-01  3.054e+00  
1.639e+00  2.649e+00  6.722e-01  
1.865e+00  1.152e+00  2.743e+00  
1.758e+00  2.088e+00  1.725e+00  
1.757e+00  1.586e-01  3.763e+00  
1.413e+00  3.134e+00  1.060e-01  
1.742e+00  1.900e+00  2.295e+00  
1.566e+00  2.749e+00  1.151e+00  
1.709e+00  8.915e-01  3.510e+00  
1.407e+00  3.124e+00  6.336e-01  
1.684e+00  1.535e+00  3.140e+00  
1.558e+00  2.589e+00  1.891e+00  
1.550e+00  2.785e-01  4.262e+00  
1.234e+00  3.395e+00  4.012e-01  
1.572e+00  1.961e+00  3.079e+00  
1.386e+00  2.973e+00  1.668e+00  
1.475e+00  7.173e-01  4.403e+00  
1.214e+00  3.346e+00  1.001e+00  
1.433e+00  1.423e+00  3.934e+00  
1.330e+00  2.678e+00  2.509e+00  
9.601e-01  9.262e-02  5.499e+00  
2.312e-02  4.003e+00  2.450e-02  
1.244e+00  2.714e+00  2.798e+00  
1.019e+00  3.470e+00  1.205e+00  
1.231e+00  1.432e+00  4.463e+00  
8.535e-01  3.702e+00  5.686e-01  
1.167e+00  2.245e+00  3.850e+00  
9.866e-01  3.339e+00  2.079e+00  
1.031e+00  6.455e-01  5.234e+00  
6.867e-01  3.845e+00  5.197e-02  
9.727e-01  2.659e+00  3.525e+00  
7.873e-01  3.616e+00  1.703e+00  
8.889e-01  1.127e+00  5.142e+00  
6.400e-01  3.832e+00  9.273e-01  
8.358e-01  1.990e+00  4.614e+00  
7.130e-01  3.323e+00  2.668e+00  
6.842e-01  2.685e-01  5.752e+00  
4.375e-01  3.977e+00  1.111e-01  
6.412e-01  3.012e+00  3.517e+00  
4.858e-01  3.757e+00  1.527e+00  
5.686e-01  1.440e+00  5.374e+00  
2.770e-01  3.936e+00  7.724e-01  
4.944e-01  2.361e+00  4.667e+00  
3.972e-01  3.574e+00  2.501e+00  
3.791e-01  4.596e-01  5.890e+00  
1.718e-01  3.980e+00  4.503e-01  
3.301e-01  2.810e+00  4.235e+00  
2.381e-01  3.752e+00  2.033e+00  
2.084e-01  1.024e+00  5.863e+00  
1.529e-01  3.935e+00  1.143e+00  
1.473e-01  2.002e+00  5.302e+00  
1.261e-01  3.438e+00  3.127e+00  
8.580e-02  1.955e-02  6.005e+00  
2.312e-02  4.003e+00  2.450e-02  
2.359e-02  3.426e+00  3.177e+00  
