0.893219  2.05327  5.90952  0.893219  2.05327  5.90952  |||| 38096.8 |||| 38096.8 
1.79172  2.83283  3.72335  1.79172  2.83283  3.72335  |||| 16235 |||| 16235 
1.11176  1.87606  5.94651  1.11176  1.87606  5.94651  |||| 14299.6 |||| 14299.6 
0.61644  0.620533  6.57958  0.61644  0.620533  6.57958  |||| 124.791 |||| 124.791 
0.612591  0.892148  6.36242  0.612591  0.892148  6.36242  |||| 137.111 |||| 137.111 
0.643132  0.978738  6.40699  0.643132  0.978738  6.40699  |||| 35.7721 |||| 35.7721 
0.540656  0.96928  6.41306  0.540656  0.96928  6.41306  |||| 181.653 |||| 181.653 
1.42564  1.52578  5.50146  1.42564  1.52578  5.50146  |||| 25.2688 |||| 25.2688 
1.033  1.06505  6.13727  1.033  1.06505  6.13727  |||| 45.2145 |||| 45.2145 
2.34883  1.75998  2.26371  2.34883  1.75998  2.26371  |||| 40.6045 |||| 40.6045 
0.491904  0.839542  6.45763  0.491904  0.839542  6.45763  |||| 250.75 |||| 250.75 
0.666975  1.30799  6.41101  0.666975  1.30799  6.41101  |||| 25.891 |||| 25.891 
1.62239  1.26487  5.1684  1.62239  1.26487  5.1684  |||| 31.3767 |||| 31.3767 
0.493971  0.456756  6.44302  0.493971  0.456756  6.44302  |||| 16.2471 |||| 16.2471 
1.01582  1.73612  5.85138  1.01582  1.73612  5.85138  |||| 58.1092 |||| 58.1092 
1.11315  1.12692  6.06095  1.11315  1.12692  6.06095  |||| 16.05 |||| 16.05 
0.668988  2.86501  5.06841  0.668988  2.86501  5.06841  |||| 18.188 |||| 18.188 
0.731091  1.09934  6.26858  0.731091  1.09934  6.26858  |||| 27.0328 |||| 27.0328 
1.72177  2.44321  3.56378  1.72177  2.44321  3.56378  |||| 117.191 |||| 117.191 
0.574113  1.62769  6.36223  0.574113  1.62769  6.36223  |||| 19.4535 |||| 19.4535 
0.69928  3.57133  4.58598  0.69928  3.57133  4.58598  |||| 20.8113 |||| 20.8113 
1.8157  0.981998  5.11662  1.8157  0.981998  5.11662  |||| 8.84206 |||| 8.84206 
1.84177  2.65424  3.87292  1.84177  2.65424  3.87292  |||| 25.309 |||| 25.309 
0.45625  1.57037  6.21088  0.45625  1.57037  6.21088  |||| 13.6267 |||| 13.6267 
2.27847  1.35994  2.65539  2.27847  1.35994  2.65539  |||| 3.46509 |||| 3.46509 
2.27999  2.27256  2.09985  2.27999  2.27256  2.09985  |||| 40.4513 |||| 40.4513 
1.31056  3.83076  2.7505  1.31056  3.83076  2.7505  |||| 14.1005 |||| 14.1005 
0.803511  0.703382  6.54929  0.803511  0.703382  6.54929  |||| 14.911 |||| 14.911 
1.54516  2.16703  5.24773  1.54516  2.16703  5.24773  |||| 17.8604 |||| 17.8604 
1.08704  2.59212  5.40006  1.08704  2.59212  5.40006  |||| 26.277 |||| 26.277 
1.15277  2.78155  4.75258  1.15277  2.78155  4.75258  |||| 22.7753 |||| 22.7753 
0.595465  0.597506  6.59475  0.595465  0.597506  6.59475  |||| 11.5373 |||| 11.5373 
0.500244  1.15846  6.36708  0.500244  1.15846  6.36708  |||| 16.5075 |||| 16.5075 
1.84406  1.94642  3.80444  1.84406  1.94642  3.80444  |||| 85.6189 |||| 85.6189 
0.544207  3.3932  4.75569  0.544207  3.3932  4.75569  |||| 298.272 |||| 298.272 
0.999564  4.02571  2.28484  0.999564  4.02571  2.28484  |||| 12.7672 |||| 12.7672 
0.53561  0.535613  6.53561  0.53561  0.535613  6.53561  |||| 28.416 |||| 28.416 
0.760266  3.71444  3.7536  0.760266  3.71444  3.7536  |||| 23.3825 |||| 23.3825 
0.922662  2.3619  5.41256  0.922662  2.3619  5.41256  |||| 38.9398 |||| 38.9398 
1.51149  3.31728  3.59144  1.51149  3.31728  3.59144  |||| 13.0242 |||| 13.0242 
0.638911  1.037  6.38896  0.638911  1.037  6.38896  |||| 17.6595 |||| 17.6595 
0.527453  0.547559  6.5239  0.527453  0.547559  6.5239  |||| 7.88463 |||| 7.88463 
1.55611  2.1195  4.73695  1.55611  2.1195  4.73695  |||| 52.8962 |||| 52.8962 
0.618214  0.622718  6.61821  0.618214  0.622718  6.61821  |||| 12.0953 |||| 12.0953 
1.24795  2.16382  5.21282  1.24795  2.16382  5.21282  |||| 14.5043 |||| 14.5043 
0.699622  0.928115  6.42064  0.699622  0.928115  6.42064  |||| 7.88242 |||| 7.88242 
0.483746  2.36951  5.60716  0.483746  2.36951  5.60716  |||| 25.7841 |||| 25.7841 
0.612758  0.801541  6.52205  0.612758  0.801541  6.52205  |||| 9.28565 |||| 9.28565 
1.92021  2.74212  2.83174  1.92021  2.74212  2.83174  |||| 6.13009 |||| 6.13009 
1.40062  3.03692  4.21078  1.40062  3.03692  4.21078  |||| 79.8278 |||| 79.8278 
0.660692  0.75609  6.53841  0.660692  0.75609  6.53841  |||| 135.313 |||| 135.313 
0.444732  0.446105  6.44456  0.444732  0.446105  6.44456  |||| 11.2354 |||| 11.2354 
1.63681  2.52147  4.15101  1.63681  2.52147  4.15101  |||| 9.67187 |||| 9.67187 
0.813833  3.17664  4.71577  0.813833  3.17664  4.71577  |||| 18.6305 |||| 18.6305 
1.08215  3.11952  4.73153  1.08215  3.11952  4.73153  |||| 21.0138 |||| 21.0138 
0.54388  0.55856  6.54375  0.54388  0.55856  6.54375  |||| 8.99047 |||| 8.99047 
2.19371  1.70366  3.34251  2.19371  1.70366  3.34251  |||| 6.79642 |||| 6.79642 
1.40439  2.93782  4.58765  1.40439  2.93782  4.58765  |||| 42.5497 |||| 42.5497 
1.23622  2.4635  5.43183  1.23622  2.4635  5.43183  |||| 40.2739 |||| 40.2739 
0.773284  1.03936  6.4746  0.773284  1.03936  6.4746  |||| 9.40656 |||| 9.40656 
1.35894  2.98811  4.41893  1.35894  2.98811  4.41893  |||| 8.38145 |||| 8.38145 
0.929344  1.58837  6.31848  0.929344  1.58837  6.31848  |||| 10.4595 |||| 10.4595 
1.8166  2.87781  3.26207  1.8166  2.87781  3.26207  |||| 6.33153 |||| 6.33153 
0.491242  0.688846  6.47556  0.491242  0.688846  6.47556  |||| 7.54464 |||| 7.54464 
0.941874  2.43418  5.48507  0.941874  2.43418  5.48507  |||| 8.77715 |||| 8.77715 
0.887289  2.45914  5.72628  0.887289  2.45914  5.72628  |||| 160.501 |||| 160.501 
1.17551  2.74988  5.03108  1.17551  2.74988  5.03108  |||| 463.723 |||| 463.723 
0.606397  0.617633  6.60512  0.606397  0.617633  6.60512  |||| 10.8799 |||| 10.8799 
0.875902  2.84972  5.37582  0.875902  2.84972  5.37582  |||| 15.4633 |||| 15.4633 
0.626942  0.638615  6.58545  0.626942  0.638615  6.58545  |||| 7.14882 |||| 7.14882 
1.15519  1.29225  5.88497  1.15519  1.29225  5.88497  |||| 34.1646 |||| 34.1646 
0.519887  3.58074  3.9047  0.519887  3.58074  3.9047  |||| 10.1588 |||| 10.1588 
0.59864  1.45505  6.32488  0.59864  1.45505  6.32488  |||| 13.0388 |||| 13.0388 
1.24852  2.56163  5.05089  1.24852  2.56163  5.05089  |||| 21.1752 |||| 21.1752 
0.560751  0.560752  6.56075  0.560751  0.560752  6.56075  |||| 73.8964 |||| 73.8964 
0.881105  1.33375  6.29864  0.881105  1.33375  6.29864  |||| 8.51585 |||| 8.51585 
1.15327  3.61499  3.79848  1.15327  3.61499  3.79848  |||| 6.09211 |||| 6.09211 
1.31392  2.09205  5.12816  1.31392  2.09205  5.12816  |||| 10.4522 |||| 10.4522 
0.627896  0.945655  6.40628  0.627896  0.945655  6.40628  |||| 24.9919 |||| 24.9919 
1.49526  3.35335  2.8834  1.49526  3.35335  2.8834  |||| 10.7444 |||| 10.7444 
0.721339  1.13426  6.43759  0.721339  1.13426  6.43759  |||| 10.8977 |||| 10.8977 
1.30999  3.25158  4.17837  1.30999  3.25158  4.17837  |||| 57.0256 |||| 57.0256 
1.68795  3.07807  3.13017  1.68795  3.07807  3.13017  |||| 29.1351 |||| 29.1351 
0.676363  0.915394  6.34011  0.676363  0.915394  6.34011  |||| 8.63458 |||| 8.63458 
0.710145  2.92821  4.93422  0.710145  2.92821  4.93422  |||| 10.6972 |||| 10.6972 
0.73928  2.28016  5.78727  0.73928  2.28016  5.78727  |||| 9.42796 |||| 9.42796 
0.657379  2.53766  5.86148  0.657379  2.53766  5.86148  |||| 24.7121 |||| 24.7121 
0.540767  0.721388  6.50271  0.540767  0.721388  6.50271  |||| 7.10368 |||| 7.10368 
0.778568  2.96881  4.73792  0.778568  2.96881  4.73792  |||| 6.78617 |||| 6.78617 
1.32841  2.68874  5.15036  1.32841  2.68874  5.15036  |||| 27.6346 |||| 27.6346 
1.26559  1.24713  5.8256  1.26559  1.24713  5.8256  |||| 38.6244 |||| 38.6244 
0.899241  3.73809  3.78129  0.899241  3.73809  3.78129  |||| 10.141 |||| 10.141 
0.553576  0.60049  6.50832  0.553576  0.60049  6.50832  |||| 13.0545 |||| 13.0545 
1.24847  3.74368  3.88764  1.24847  3.74368  3.88764  |||| 23.5795 |||| 23.5795 
0.54985  0.557931  6.54829  0.54985  0.557931  6.54829  |||| 20.216 |||| 20.216 
0.67007  0.67235  6.6682  0.67007  0.67235  6.6682  |||| 9.60057 |||| 9.60057 
1.81181  2.69747  3.83208  1.81181  2.69747  3.83208  |||| 75.0854 |||| 75.0854 
1.76296  2.93448  3.12956  1.76296  2.93448  3.12956  |||| 107.566 |||| 107.566 
0.496121  0.66292  6.49082  0.496121  0.66292  6.49082  |||| 188.814 |||| 188.814 
0.535047  0.597033  6.51994  0.535047  0.597033  6.51994  |||| 34.997 |||| 34.997 
2  0.00015723  0.000198727  2  0.000157696  0.000199193  |||| 2 |||| 2 
0.000290316  4  0.000378089  0.000298904  4.00001  0.000386653  |||| 4 |||| 4.00001 
0.000167203  0.000599996  6  0.00017777  0.000610499  6.00001  |||| 6 |||| 6.10499 
1.99946  0.0772467  0.0772572  1.99867  0.136657  0.0770432  |||| 2.15412 |||| 3.80682 
1.99703  0.212607  0.0706353  2.00483  0.235324  0.0795952  |||| 2.28064 |||| 2.56028 
1.99715  0.0954405  0.286439  1.92996  1.03307  0.275522  |||| 2.37909 |||| 25.7399 
1.98946  0.408198  0.0582212  1.98966  0.408325  0.0584011  |||| 2.45599 |||| 2.45959 
1.99411  0.205171  0.342031  1.99602  0.207042  0.343885  |||| 2.54152 |||| 2.56334 
1.98903  0.388522  0.232481  1.99398  0.397008  0.239172  |||| 2.61069 |||| 2.67845 
1.98923  0.0867358  0.607947  1.99156  0.0888582  0.609352  |||| 2.68403 |||| 2.7461 
1.96812  0.71063  0.0472443  1.97324  0.712571  0.0519321  |||| 2.72617 |||| 2.98821 
1.98552  0.364808  0.469103  1.98552  0.364808  0.469103  |||| 2.82042 |||| 2.82042 
1.97377  0.618004  0.28085  1.97377  0.618004  0.28085  |||| 2.87282 |||| 2.87282 
1.98054  0.181901  0.789037  1.99787  0.19604  0.796648  |||| 2.95167 |||| 3.17785 
1.95499  0.834076  0.19225  1.95499  0.834076  0.19225  |||| 2.98162 |||| 2.98162 
1.97631  0.345767  0.760682  1.97633  0.345778  0.760689  |||| 3.08307 |||| 3.0831 
1.9654  0.657624  0.511539  1.96546  0.65765  0.511573  |||| 3.13492 |||| 3.13501 
1.96195  0.0757973  1.15931  1.96195  0.0757991  1.15931  |||| 3.19864 |||| 3.19865 
1.90341  1.22776  0.0395458  1.90523  1.22778  0.0410677  |||| 3.17099 |||| 3.28755 
1.9588  0.644403  0.730405  1.95657  0.67142  0.729565  |||| 3.33377 |||| 3.47294 
1.92882  1.02346  0.40027  1.92904  1.02412  0.400707  |||| 3.353 |||| 3.35458 
1.95374  0.331307  1.1828  1.94561  0.49511  1.17529  |||| 3.46849 |||| 5.18267 
1.89036  1.29637  0.24007  1.89037  1.29637  0.24008  |||| 3.42683 |||| 3.42692 
1.94623  0.569202  1.08653  1.94806  0.573306  1.09162  |||| 3.60226 |||| 3.62788 
1.92071  1.01453  0.694151  1.92254  1.02739  0.70026  |||| 3.62945 |||| 3.67533 
1.92392  0.167382  1.61981  1.60156  2.1708  1.52809  |||| 3.71141 |||| 48.0775 
1.83048  1.60782  0.166319  1.5573  2.51158  0.160756  |||| 3.60477 |||| 5.63055 
1.92266  0.78915  1.15297  1.50893  0.620232  3.92301  |||| 3.86519 |||| 13.1468 
1.87835  1.29698  0.679293  1.87835  1.29698  0.679293  |||| 3.8548 |||| 3.8548 
1.90509  0.325832  1.75981  1.90724  0.329987  1.76788  |||| 3.99122 |||| 4.04054 
1.82213  1.62108  0.453699  1.82545  1.62397  0.456842  |||| 3.8972 |||| 3.92227 
1.89994  0.632416  1.61627  1.90763  0.635935  1.61684  |||| 4.14876 |||| 4.17141 
1.87024  1.22164  1.07788  1.8712  1.22583  1.08158  |||| 4.16984 |||| 4.18415 
1.84876  0.0717613  2.28632  1.84876  0.0717613  2.28632  |||| 4.20883 |||| 4.20883 
1.67528  2.18478  0.0346168  1.64778  2.26869  0.0349779  |||| 3.89474 |||| 4.04431 
1.8517  1.23271  1.31212  1.8517  1.23271  1.31212  |||| 4.39666 |||| 4.39666 
1.76104  1.84322  0.666614  1.76136  1.84604  0.668291  |||| 4.27099 |||| 4.28115 
1.84757  0.639617  2.0901  1.84752  0.639597  2.09011  |||| 4.5775 |||| 4.57751 
1.66774  2.19484  0.359154  1.66774  2.19484  0.359154  |||| 4.22174 |||| 4.22174 
1.82943  1.0435  1.86016  1.83137  1.05254  1.87168  |||| 4.73352 |||| 4.77451 
1.75637  1.75934  1.12782  1.75639  1.75935  1.12783  |||| 4.64366 |||| 4.64371 
1.77881  0.331274  2.69758  1.77881  0.331273  2.69758  |||| 4.80768 |||| 4.80768 
1.55098  2.52142  0.213567  1.74073  1.96512  0.218213  |||| 4.28608 |||| 4.81043 
1.77322  1.36582  1.87188  1.77456  1.36648  1.87235  |||| 5.01139 |||| 5.01517 
1.6632  2.11305  1.03191  1.66358  2.11302  1.032  |||| 4.8082 |||| 4.80931 
1.7406  0.585684  2.82221  1.74058  0.585675  2.82222  |||| 5.14855 |||| 5.14857 
1.54706  2.49922  0.637009  1.35622  2.21066  2.91051  |||| 4.68334 |||| 21.3967 
1.7286  1.07731  2.55154  1.73183  1.07797  2.55024  |||| 5.35766 |||| 5.36702 
1.65487  1.96694  1.62981  1.65538  1.97849  1.64161  |||| 5.25169 |||| 5.28971 
1.62538  0.171279  3.48674  1.62538  0.171279  3.48674  |||| 5.28361 |||| 5.28361 
1.33774  2.97193  0.146105  1.33368  2.99363  0.161047  |||| 4.45583 |||| 4.90966 
1.63706  1.79181  2.16253  1.64345  1.79856  2.16083  |||| 5.59229 |||| 5.61333 
1.47671  2.59674  1.09635  1.47671  2.59674  1.09635  |||| 5.16987 |||| 5.16987 
1.60986  0.847672  3.32543  1.36012  1.99895  3.21873  |||| 5.78367 |||| 13.6388 
1.33041  2.95849  0.613738  1.33365  2.96117  0.615397  |||| 4.90294 |||| 4.91482 
1.58423  1.44666  2.96268  1.58239  1.44641  2.96357  |||| 5.99379 |||| 5.9956 
1.46649  2.44673  1.78531  1.46503  2.4443  1.80351  |||| 5.69868 |||| 5.75631 
1.46664  0.342862  4.04677  1.46725  0.348603  4.06265  |||| 5.85647 |||| 5.95289 
1.16937  3.23425  0.396734  1.16967  3.23506  0.397553  |||| 4.80084 |||| 4.80525 
1.48055  1.86397  2.9078  1.35029  2.2524  2.86906  |||| 6.25232 |||| 7.55522 
1.31601  2.82122  1.58265  1.31601  2.82123  1.58267  |||| 5.7199 |||| 5.71999 
1.39711  0.6829  4.17352  1.3969  0.682878  4.17366  |||| 6.25356 |||| 6.25378 
1.15621  3.19795  0.978847  1.15812  3.19858  0.979139  |||| 5.33314 |||| 5.34187 
1.38271  1.37957  3.81429  1.38282  1.37961  3.81423  |||| 6.57663 |||| 6.57713 
1.28708  2.5952  2.43791  1.2706  2.64674  2.4304  |||| 6.32097 |||| 6.44652 
1.19912  0.0761946  4.80234  1.19912  0.0761986  4.80234  |||| 6.07769 |||| 6.07772 
0.858941  3.61227  0.02836  0.858963  3.61228  0.0283748  |||| 4.49972 |||| 4.49973 
1.20783  2.62821  2.71165  1.20789  2.62903  2.71372  |||| 6.54841 |||| 6.55341 
0.989742  3.38626  1.17622  0.993555  3.38721  1.17641  |||| 5.55228 |||| 5.57366 
1.19135  1.38883  4.34584  1.19135  1.38883  4.34584  |||| 6.92607 |||| 6.92607 
0.829784  3.62066  0.554504  0.830085  3.62425  0.558311  |||| 5.00505 |||| 5.03932 
1.12482  2.17545  3.74918  1.12789  2.17739  3.74742  |||| 7.05021 |||| 7.06466 
0.954652  3.24819  2.01473  0.956133  3.25551  2.03596  |||| 6.21761 |||| 6.28313 
0.998468  0.677188  5.10148  0.997898  0.677293  5.10268  |||| 6.77828 |||| 6.77987 
0.667348  3.76598  0.284451  0.6688  3.76656  0.285176  |||| 4.71818 |||| 4.72827 
0.958954  2.63243  3.49395  0.95891  2.63239  3.49396  |||| 7.08632 |||| 7.08634 
0.770896  3.52142  1.65952  0.772459  3.52206  1.65959  |||| 5.95185 |||| 5.96392 
0.879147  1.12148  5.11996  0.878848  1.1243  5.12534  |||| 7.12189 |||| 7.13959 
0.621698  3.75302  0.910928  0.621698  3.75302  0.910928  |||| 5.28647 |||| 5.28647 
0.826165  2.00084  4.56613  0.828639  2.00685  4.57254  |||| 7.39474 |||| 7.4168 
0.704605  3.30151  2.65051  0.704595  3.30151  2.65051  |||| 6.65886 |||| 6.65886 
0.665651  0.32595  5.6381  0.665651  0.32595  5.6381  |||| 6.62993 |||| 6.62993 
0.425195  3.90712  0.158819  0.425195  3.90712  0.158819  |||| 4.49122 |||| 4.49122 
0.633595  2.99211  3.49925  0.633123  2.99238  3.50372  |||| 7.12564 |||| 7.13474 
0.479475  3.74812  1.52381  0.48292  3.74965  1.52358  |||| 5.75161 |||| 5.79233 
0.567178  1.42756  5.34036  0.566169  1.43157  5.3567  |||| 7.33868 |||| 7.36113 
0.36303  3.90031  0.765415  0.366368  3.90461  0.770402  |||| 5.02885 |||| 5.0748 
0.497833  2.3426  4.63072  0.496927  2.34104  4.63718  |||| 7.47131 |||| 7.48173 
0.394337  3.54768  2.50639  0.372548  3.34173  3.10832  |||| 6.44904 |||| 7.99583 
0.374878  0.548655  5.83591  0.548841  0.79514  5.6602  |||| 6.761 |||| 9.85821 
0.233081  3.96152  0.447627  0.233298  3.96408  0.451402  |||| 4.64254 |||| 4.67963 
0.327137  2.78177  4.19992  0.327135  2.78176  4.19992  |||| 7.30928 |||| 7.30928 
0.236351  3.73547  2.02518  0.23657  3.73588  2.02683  |||| 5.99724 |||| 6.00189 
0.233763  1.00465  5.76517  0.233763  1.00465  5.76517  |||| 7.00902 |||| 7.00902 
0.149581  3.91487  1.14658  0.100768  3.92187  1.14626  |||| 5.21156 |||| 5.22088 
0.161095  1.95999  5.20797  0.162141  1.95724  5.22018  |||| 7.34024 |||| 7.35745 
0.10698  3.41467  3.10888  0.107753  3.41467  3.11673  |||| 6.64453 |||| 6.6613 
0.0789174  0.143789  5.99145  0.0790391  0.143879  5.99165  |||| 6.21586 |||| 6.2195 
0.0312331  3.999  0.0958758  0.0352054  4.00251  0.0990753  |||| 4.12701 |||| 4.53555 
0.000103701  3.2274  3.54485  0.000102645  3.2274  3.54485  |||| 6.78977 |||| 6.78977 
