1.52447  0.433298  0.418776  1.52447  0.433298  0.418776  |||| 4209.79 |||| 4209.79 
1.68242  0.58514  1.12213  1.68242  0.58514  1.12213  |||| 16802.8 |||| 16802.8 
2.04074  0.516663  0.211757  2.04074  0.516663  0.211757  |||| 20386 |||| 20386 
0.376619  0.351886  1.8181  0.376619  0.351886  1.8181  |||| 49.631 |||| 49.631 
1.52405  0.812141  0.0784896  1.52405  0.812141  0.0784896  |||| 8.57576 |||| 8.57576 
0.0374539  0.0598273  1.63875  0.0374539  0.0598273  1.63875  |||| 13.3076 |||| 13.3076 
0.311505  1.14216  1.59458  0.311505  1.14216  1.59458  |||| 65.6216 |||| 65.6216 
1.5542  0.798864  0.739807  1.5542  0.798864  0.739807  |||| 9.73806 |||| 9.73806 
0.0509308  0.0675716  2.51343  0.0509308  0.0675716  2.51343  |||| 27.7393 |||| 27.7393 
0.0449636  0.127041  1.58609  0.0449636  0.127041  1.58609  |||| 6.84151 |||| 6.84151 
1.48009  0.0123183  0.693791  1.48009  0.0123183  0.693791  |||| 37.824 |||| 37.824 
0.867453  0.12902  1.39626  0.867453  0.12902  1.39626  |||| 8.16646 |||| 8.16646 
0.58408  1.77542  1.22679  0.58408  1.77542  1.22679  |||| 12.1715 |||| 12.1715 
0.730939  0.217556  2.14109  0.730939  0.217556  2.14109  |||| 7.8731 |||| 7.8731 
1.10086  1.47608  0.870113  1.10086  1.47608  0.870113  |||| 12.913 |||| 12.913 
0.823203  0.310827  1.33192  0.823203  0.310827  1.33192  |||| 5.2491 |||| 5.2491 
1.08597  0.456714  1.58426  1.08597  0.456714  1.58426  |||| 9.48327 |||| 9.48327 
0.0994271  1.49382  0.0364482  0.0994271  1.49382  0.0364482  |||| 61.3091 |||| 61.3091 
0.417087  0.209743  1.33616  0.417087  0.209743  1.33616  |||| 104.044 |||| 104.044 
0.738114  0.940677  1.26608  0.738114  0.940677  1.26608  |||| 5.61203 |||| 5.61203 
0.170082  0.735054  1.76452  0.170082  0.735054  1.76452  |||| 14.4656 |||| 14.4656 
0.182664  0.121192  2.07334  0.182664  0.121192  2.07334  |||| 5.97004 |||| 5.97004 
0.404871  0.306406  1.81586  0.404871  0.306406  1.81586  |||| 25.3995 |||| 25.3995 
1.20186  1.36532  0.399938  1.20186  1.36532  0.399938  |||| 8.56177 |||| 8.56177 
1.44525  0.716912  1.32179  1.44525  0.716912  1.32179  |||| 6.72037 |||| 6.72037 
1.12407  0.623064  1.52057  1.12407  0.623064  1.52057  |||| 13.5264 |||| 13.5264 
0.215328  0.517136  1.69926  0.215328  0.517136  1.69926  |||| 36.0351 |||| 36.0351 
1.04346  0.0933254  1.13988  1.04346  0.0933254  1.13988  |||| 3.69781 |||| 3.69781 
1.26995  0.301473  1.3816  1.26995  0.301473  1.3816  |||| 7.63209 |||| 7.63209 
1.53118  0.312056  0.972008  1.53118  0.312056  0.972008  |||| 3.67015 |||| 3.67015 
0.491502  1.36761  0.930239  0.491502  1.36761  0.930239  |||| 7.67373 |||| 7.67373 
0.854941  0.784579  1.16423  0.854941  0.784579  1.16423  |||| 5.06563 |||| 5.06563 
0.907426  1.01507  1.23239  0.907426  1.01507  1.23239  |||| 4.6264 |||| 4.6264 
0.992714  0.718471  1.76321  0.992714  0.718471  1.76321  |||| 40.2981 |||| 40.2981 
0.451  0.170665  1.80444  0.451  0.170665  1.80444  |||| 198.559 |||| 198.559 
0.700026  1.88826  0.0802173  0.700026  1.88826  0.0802173  |||| 6.69086 |||| 6.69086 
1.10212  0.502931  1.46861  1.10212  0.502931  1.46861  |||| 9.17462 |||| 9.17462 
1.01824  1.06728  1.56891  1.01824  1.06728  1.56891  |||| 7.54745 |||| 7.54745 
0.468673  1.5887  0.730774  0.468673  1.5887  0.730774  |||| 8.16155 |||| 8.16155 
0.7616  0.575228  1.55658  0.7616  0.575228  1.55658  |||| 3.86826 |||| 3.86826 
0.112751  1.61366  0.273744  0.112751  1.61366  0.273744  |||| 4.22639 |||| 4.22639 
0.200135  0.0473708  1.56325  0.200135  0.0473708  1.56325  |||| 2.72109 |||| 2.72109 
0.8797  0.611549  1.10958  0.8797  0.611549  1.10958  |||| 21.5254 |||| 21.5254 
1.73388  0.661674  0.354254  1.73388  0.661674  0.354254  |||| 4.89416 |||| 4.89416 
0.264938  0.322375  1.42689  0.264938  0.322375  1.42689  |||| 6.4785 |||| 6.4785 
1.7174  0.644571  0.123174  1.7174  0.644571  0.123174  |||| 5.55739 |||| 5.55739 
0.168636  0.312737  1.53647  0.168636  0.312737  1.53647  |||| 11.0275 |||| 11.0275 
1.00112  0.774827  0.875526  1.00112  0.774827  0.875526  |||| 3.79208 |||| 3.79208 
0.205544  0.414522  1.51372  0.205544  0.414522  1.51372  |||| 4.76016 |||| 4.76016 
1.59843  0.635511  0.0510477  1.59843  0.635511  0.0510477  |||| 19.2017 |||| 19.2017 
0.250276  0.113291  1.87043  0.250276  0.113291  1.87043  |||| 55.9106 |||| 55.9106 
1.22794  0.921466  0.624842  1.22794  0.921466  0.624842  |||| 4.18515 |||| 4.18515 
0.144259  0.389756  1.57698  0.144259  0.389756  1.57698  |||| 7.26407 |||| 7.26407 
0.503802  0.917994  1.22423  0.503802  0.917994  1.22423  |||| 6.17943 |||| 6.17943 
0.125212  0.304938  1.54933  0.125212  0.304938  1.54933  |||| 12.0803 |||| 12.0803 
1.02552  1.48293  0.4384  1.02552  1.48293  0.4384  |||| 6.09207 |||| 6.09207 
0.00770577  1.52239  1.09894  0.00770577  1.52239  1.09894  |||| 3.5171 |||| 3.5171 
0.208239  0.901552  1.57737  0.208239  0.901552  1.57737  |||| 15.1849 |||| 15.1849 
1.5774  1.11901  0.556054  1.5774  1.11901  0.556054  |||| 6.46701 |||| 6.46701 
1.25648  0.519893  0.192282  1.25648  0.519893  0.192282  |||| 5.29706 |||| 5.29706 
0.424211  0.329894  1.40731  0.424211  0.329894  1.40731  |||| 4.95446 |||| 4.95446 
0.497663  1.10601  1.23768  0.497663  1.10601  1.23768  |||| 10.0148 |||| 10.0148 
0.384393  0.613853  1.48523  0.384393  0.613853  1.48523  |||| 7.8926 |||| 7.8926 
0.0438251  0.105857  1.71997  0.0438251  0.105857  1.71997  |||| 2.90275 |||| 2.90275 
0.177457  0.349624  2.11842  0.177457  0.349624  2.11842  |||| 5.39811 |||| 5.39811 
0.414496  0.490253  1.70148  0.414496  0.490253  1.70148  |||| 38.1061 |||| 38.1061 
0.0558474  0.310917  1.62258  0.0558474  0.310917  1.62258  |||| 250.927 |||| 250.927 
0.383414  0.595403  1.6932  0.383414  0.595403  1.6932  |||| 4.00091 |||| 4.00091 
1.28448  0.946071  0.178785  1.28448  0.946071  0.178785  |||| 7.1937 |||| 7.1937 
1.27896  0.0240339  0.960146  1.27896  0.0240339  0.960146  |||| 7.42296 |||| 7.42296 
1.10421  0.413472  0.533967  1.10421  0.413472  0.533967  |||| 6.64666 |||| 6.64666 
1.56026  1.60984  0.886055  1.56026  1.60984  0.886055  |||| 9.75951 |||| 9.75951 
0.950351  1.14389  1.65131  0.950351  1.14389  1.65131  |||| 6.17566 |||| 6.17566 
1.32259  0.97383  0.619063  1.32259  0.97383  0.619063  |||| 9.62421 |||| 9.62421 
0.220235  0.158167  1.89464  0.220235  0.158167  1.89464  |||| 30.7815 |||| 30.7815 
1.85347  0.930718  0.649835  1.85347  0.930718  0.649835  |||| 13.6666 |||| 13.6666 
0.093208  0.0703859  1.47134  0.093208  0.0703859  1.47134  |||| 5.14622 |||| 5.14622 
0.412787  1.5811  0.223676  0.412787  1.5811  0.223676  |||| 9.96214 |||| 9.96214 
1.14651  1.01537  0.91718  1.14651  1.01537  0.91718  |||| 9.71802 |||| 9.71802 
1.10682  1.25449  0.798628  1.10682  1.25449  0.798628  |||| 9.86894 |||| 9.86894 
0.423862  0.824972  1.50296  0.423862  0.824972  1.50296  |||| 3.97293 |||| 3.97293 
1.38444  0.0596524  0.475906  1.38444  0.0596524  0.475906  |||| 13.7678 |||| 13.7678 
0.681731  1.77524  0.527353  0.681731  1.77524  0.527353  |||| 13.8816 |||| 13.8816 
0.614826  0.107379  1.54309  0.614826  0.107379  1.54309  |||| 6.8831 |||| 6.8831 
0.165003  0.0136748  1.6557  0.165003  0.0136748  1.6557  |||| 6.11125 |||| 6.11125 
0.357489  1.04704  1.7268  0.357489  1.04704  1.7268  |||| 5.31896 |||| 5.31896 
0.157564  1.76413  0.648703  0.157564  1.76413  0.648703  |||| 4.02223 |||| 4.02223 
0.473391  0.174836  1.80948  0.473391  0.174836  1.80948  |||| 7.07007 |||| 7.07007 
0.923282  0.464071  1.29625  0.923282  0.464071  1.29625  |||| 15.0642 |||| 15.0642 
0.418543  0.31557  1.55656  0.418543  0.31557  1.55656  |||| 7.47939 |||| 7.47939 
0.800924  1.14704  0.357855  0.800924  1.14704  0.357855  |||| 15.9023 |||| 15.9023 
1.33456  0.381544  1.41696  1.33456  0.381544  1.41696  |||| 29.7291 |||| 29.7291 
0.00213957  0.383682  2.06602  0.00213957  0.383682  2.06602  |||| 6.01002 |||| 6.01002 
0.426652  0.562417  1.6127  0.426652  0.562417  1.6127  |||| 12.4541 |||| 12.4541 
0.614892  1.86788  0.782263  0.614892  1.86788  0.782263  |||| 21.3026 |||| 21.3026 
1.54872  0.220625  1.14382  1.54872  0.220625  1.14382  |||| 65.8926 |||| 65.8926 
1.6326  1.19548  0.178172  1.6326  1.19548  0.178172  |||| 89.551 |||| 89.551 
1.35837  0.0912389  1.12852  1.35837  0.0912389  1.12852  |||| 104.561 |||| 104.561 
1.1576  0.683371  1.32685  1.1576  0.683371  1.32685  |||| 148.86 |||| 148.86 
1.1679  1.03059  0.84499  1.1679  1.03059  0.84499  |||| 451.731 |||| 451.731 
1  5.77366e-05  8.25609e-05  0.996897  0.0747434  0.0281013  |||| 1 |||| 747.434 
9.09635e-05  1  8.00428e-05  9.09635e-05  1  8.00428e-05  |||| 1 |||| 1 
9.71464e-05  8.63218e-05  1  0.746769  0.66356  0.0449967  |||| 1 |||| 7467.69 
0.99851  0.0386035  0.0385815  0.998583  0.0386063  0.0385843  |||| 1.07574 |||| 1.07582 
0.993763  0.105812  0.0352036  0.993763  0.105812  0.0352036  |||| 1.13489 |||| 1.13489 
0.988775  0.0470233  0.14182  0.988779  0.0470235  0.141821  |||| 1.17787 |||| 1.17788 
0.979219  0.200764  0.0286962  0.980584  0.201044  0.0287362  |||| 1.20884 |||| 1.21053 
0.98058  0.100874  0.168187  0.983622  0.101187  0.168708  |||| 1.24976 |||| 1.25364 
0.97503  0.190446  0.114225  0.975457  0.19053  0.114275  |||| 1.27977 |||| 1.28033 
0.955513  0.0416699  0.291992  0.649017  0.702508  0.291992  |||| 1.28925 |||| 21.7106 
0.940325  0.339526  0.022617  0.940325  0.339526  0.022617  |||| 1.3025 |||| 1.3025 
0.95792  0.176219  0.226577  0.958999  0.176418  0.226832  |||| 1.36072 |||| 1.36226 
0.945652  0.296031  0.134569  0.931263  0.338585  0.134569  |||| 1.3764 |||| 1.57369 
0.925671  0.0850405  0.368648  0.927355  0.0851953  0.369319  |||| 1.37956 |||| 1.38207 
0.916045  0.390823  0.0901037  0.916061  0.39083  0.0901052  |||| 1.39709 |||| 1.39712 
0.921094  0.161181  0.354409  0.921095  0.161181  0.354409  |||| 1.43692 |||| 1.43692 
0.920694  0.308017  0.239682  0.968043  0.0737963  0.239682  |||| 1.46856 |||| 1.54408 
0.860425  0.0338902  0.508448  0.861205  0.0339209  0.508909  |||| 1.40279 |||| 1.40406 
0.840166  0.542051  0.0173736  0.840166  0.542051  0.0173736  |||| 1.39975 |||| 1.39975 
0.895411  0.294511  0.333921  0.305956  0.100633  0.946712  |||| 1.52402 |||| 4.3208 
0.868833  0.461089  0.180349  0.868909  0.461129  0.180365  |||| 1.51036 |||| 1.51049 
0.846488  0.143549  0.512691  0.695901  0.503538  0.512928  |||| 1.50278 |||| 5.2709 
0.820235  0.562468  0.104135  0.820235  0.562468  0.104135  |||| 1.48692 |||| 1.48692 
0.845967  0.247396  0.472372  0.84608  0.247429  0.472435  |||| 1.56579 |||| 1.566 
0.842266  0.444886  0.304408  0.842293  0.4449  0.304418  |||| 1.59159 |||| 1.59164 
0.763261  0.0664688  0.642662  0.948809  0.0826273  0.304852  |||| 1.47241 |||| 1.83034 
0.749581  0.658399  0.0681072  0.370778  0.926226  0.0681075  |||| 1.47615 |||| 2.07645 
0.808871  0.332025  0.48527  0.201058  0.850934  0.48527  |||| 1.62624 |||| 4.16779 
0.788697  0.544599  0.285252  0.7887  0.544601  0.285253  |||| 1.61859 |||| 1.61859 
0.728757  0.12461  0.673339  0.728757  0.12461  0.673339  |||| 1.5268 |||| 1.5268 
0.734492  0.653484  0.182974  0.737894  0.656511  0.183821  |||| 1.57096 |||| 1.57823 
0.738304  0.245777  0.628093  0.738311  0.245779  0.628098  |||| 1.61218 |||| 1.6122 
0.754033  0.492533  0.434564  0.754809  0.49304  0.435011  |||| 1.68117 |||| 1.6829 
0.628575  0.0250209  0.777346  0.628604  0.025022  0.777382  |||| 1.431 |||| 1.43106 
0.608448  0.793494  0.0125878  0.141028  0.989933  0.012022  |||| 1.41454 |||| 1.76472 
0.716965  0.477282  0.508097  0.719255  0.478806  0.509719  |||| 1.70238 |||| 1.70781 
0.668275  0.699562  0.253024  0.668275  0.699562  0.253024  |||| 1.62096 |||| 1.62096 
0.645534  0.223458  0.730309  0.645763  0.223537  0.730568  |||| 1.59944 |||| 1.6 
0.599922  0.789563  0.12917  0.600161  0.789877  0.129221  |||| 1.51871 |||| 1.51932 
0.651112  0.371347  0.661932  0.654846  0.373476  0.665728  |||| 1.6845 |||| 1.69416 
0.643399  0.644473  0.413149  0.643434  0.644509  0.413172  |||| 1.70108 |||| 1.70117 
0.547611  0.101846  0.830512  0.547747  0.101871  0.830718  |||| 1.48015 |||| 1.48052 
0.522574  0.849549  0.0719951  0.522621  0.849625  0.0720016  |||| 1.44412 |||| 1.44425 
0.607644  0.468166  0.641552  0.543269  0.418567  0.727778  |||| 1.71741 |||| 1.94821 
0.577454  0.733633  0.358233  0.577454  0.733633  0.358233  |||| 1.66938 |||| 1.66938 
0.516933  0.173783  0.8382  0.516933  0.173783  0.8382  |||| 1.52913 |||| 1.52913 
0.514412  0.830972  0.211815  0.514412  0.830972  0.211815  |||| 1.55725 |||| 1.55725 
0.529536  0.329776  0.781562  0.508004  0.363202  0.782388  |||| 1.64111 |||| 1.80627 
0.543681  0.646276  0.53548  0.542962  0.645421  0.537467  |||| 1.72548 |||| 1.73186 
0.422028  0.0434862  0.905539  0.422066  0.0434902  0.905622  |||| 1.3722 |||| 1.37232 
0.410037  0.910971  0.0447482  0.410051  0.911003  0.0447498  |||| 1.36582 |||| 1.36587 
0.503816  0.551116  0.665162  0.503864  0.551168  0.665225  |||| 1.72014 |||| 1.7203 
0.464091  0.816039  0.344529  0.464364  0.816519  0.344731  |||| 1.62474 |||| 1.62569 
0.424792  0.22361  0.87724  0.424792  0.22361  0.87724  |||| 1.5257 |||| 1.5257 
0.402853  0.896166  0.185998  0.402861  0.896184  0.186001  |||| 1.48518 |||| 1.48521 
0.433091  0.395449  0.80997  0.433091  0.39545  0.809971  |||| 1.63865 |||| 1.63865 
0.435758  0.727067  0.530556  0.435766  0.72708  0.530566  |||| 1.69341 |||| 1.69344 
0.3394  0.0792674  0.937296  0.34017  0.0758964  0.937296  |||| 1.35641 |||| 1.35834 
0.337762  0.934224  0.114642  0.890028  0.445292  0.11485  |||| 1.38674 |||| 3.65389 
0.393962  0.495992  0.773813  0.393962  0.495992  0.773813  |||| 1.66385 |||| 1.66385 
0.376829  0.807855  0.453178  0.376829  0.807855  0.453178  |||| 1.63788 |||| 1.63788 
0.313681  0.152921  0.937134  0.313681  0.152921  0.937134  |||| 1.40419 |||| 1.40419 
0.326739  0.903725  0.276627  0.326739  0.903725  0.276627  |||| 1.50712 |||| 1.50712 
0.322602  0.321905  0.890115  0.322602  0.321905  0.890115  |||| 1.53474 |||| 1.53474 
0.340122  0.685402  0.643849  0.340122  0.685402  0.643849  |||| 1.6694 |||| 1.6694 
0.241955  0.0120796  0.970212  0.242003  0.012082  0.970405  |||| 1.22787 |||| 1.22811 
0.231333  0.972845  0.00764458  0.231333  0.972845  0.00764458  |||| 1.21185 |||| 1.21185 
0.30481  0.662856  0.683896  0.314716  0.65821  0.683896  |||| 1.65158 |||| 1.70526 
0.266105  0.910583  0.31627  0.509604  0.801146  0.316544  |||| 1.49304 |||| 2.85878 
0.25248  0.294515  0.921691  0.252621  0.294679  0.922204  |||| 1.46892 |||| 1.46974 
0.220952  0.964058  0.147553  0.145987  0.63697  0.756939  |||| 1.33267 |||| 6.83214 
0.251144  0.48576  0.837236  0.189352  0.366243  0.911514  |||| 1.57439 |||| 1.71407 
0.24228  0.824492  0.511383  0.744677  0.428886  0.511383  |||| 1.5782 |||| 4.85005 
0.190638  0.129177  0.973124  0.190672  0.1292  0.973298  |||| 1.29299 |||| 1.29322 
0.174003  0.981949  0.0741542  0.191136  0.980935  0.0743131  |||| 1.23023 |||| 1.35129 
0.213991  0.587747  0.780231  0.213991  0.587747  0.780231  |||| 1.58244 |||| 1.58244 
0.194212  0.887361  0.418176  0.194212  0.887361  0.418176  |||| 1.4998 |||| 1.4998 
0.165595  0.210891  0.963381  0.584988  0.745003  0.320562  |||| 1.34007 |||| 4.73214 
0.159132  0.959432  0.232736  0.15819  0.953749  0.267517  |||| 1.35145 |||| 1.5525 
0.1637  0.395927  0.903573  0.163738  0.39602  0.903784  |||| 1.46332 |||| 1.46366 
0.164556  0.769163  0.617503  0.164556  0.769163  0.617503  |||| 1.55135 |||| 1.55135 
0.11675  0.0569826  0.991525  0.878426  0.428735  0.211079  |||| 1.16595 |||| 8.74917 
0.108083  0.993326  0.0402572  0.108083  0.993326  0.0402572  |||| 1.14182 |||| 1.14182 
0.136228  0.643806  0.752965  0.136229  0.643815  0.752974  |||| 1.53329 |||| 1.53331 
0.117582  0.919942  0.374006  0.117582  0.919946  0.374008  |||| 1.41168 |||| 1.41169 
0.102666  0.256854  0.960982  0.210992  0.178877  0.960982  |||| 1.32057 |||| 2.71316 
0.09096  0.977232  0.191689  0.09096  0.977232  0.191689  |||| 1.25999 |||| 1.25999 
0.0952335  0.449273  0.888304  0.0952335  0.449273  0.888304  |||| 1.43321 |||| 1.43321 
0.0903695  0.813323  0.574751  0.0905367  0.814828  0.575814  |||| 1.47849 |||| 1.48122 
0.0637853  0.0933984  0.993584  0.0637875  0.0934016  0.993618  |||| 1.15108 |||| 1.15112 
0.0583599  0.99198  0.112118  0.058368  0.992119  0.112134  |||| 1.16251 |||| 1.16267 
0.0644335  0.55104  0.831988  0.0644335  0.55104  0.831988  |||| 1.44794 |||| 1.44794 
0.0554434  0.877748  0.475903  0.0554437  0.877753  0.475905  |||| 1.40926 |||| 1.40926 
0.0404892  0.171552  0.984343  0.0404892  0.171552  0.984343  |||| 1.19672 |||| 1.19672 
0.0366819  0.959034  0.280905  0.0367241  0.960139  0.281228  |||| 1.27669 |||| 1.27816 
0.0308709  0.352055  0.93547  0.030871  0.352057  0.935475  |||| 1.31848 |||| 1.31848 
0.0261725  0.739196  0.672982  0.0261786  0.73937  0.67314  |||| 1.43838 |||| 1.43872 
0.0128641  0.02397  0.99963  0.0128641  0.02397  0.99963  |||| 1.03707 |||| 1.03707 
0.00794337  0.999682  0.0239143  0.00794442  0.999815  0.0175441  |||| 1.03168 |||| 1.03182 
0.00216219  0.67322  0.739439  0.0021623  0.673254  0.739476  |||| 1.41631 |||| 1.41638 
