4.91334  5.75846  3.51581  4.91334  5.75846  3.51581  |||| 49354.2 |||| 49354.2 
6.32923  5.76032  3.00941  6.32923  5.76032  3.00941  |||| 53447.8 |||| 53447.8 
5.34734  4.35835  7.68279  5.34734  4.35835  7.68279  |||| 43628.9 |||| 43628.9 
3.02549  3.29324  3.48678  3.02549  3.29324  3.48678  |||| 69.1906 |||| 69.1906 
8.63806  6.89183  4.8299  8.63806  6.89183  4.8299  |||| 123.098 |||| 123.098 
2.56992  5.84064  3.67629  2.56992  5.84064  3.67629  |||| 125.018 |||| 125.018 
3.50267  3.13454  5.70396  3.50267  3.13454  5.70396  |||| 197.984 |||| 197.984 
4.91397  2.46367  3.67727  4.91397  2.46367  3.67727  |||| 20.3122 |||| 20.3122 
3.66406  3.62366  6.70076  3.66406  3.62366  6.70076  |||| 63.8086 |||| 63.8086 
2.94559  8.30348  6.24326  2.94559  8.30348  6.24326  |||| 231.178 |||| 231.178 
2.98833  3.26822  3.5962  2.98833  3.26822  3.5962  |||| 149.216 |||| 149.216 
4.44886  5.20095  2.74305  4.44886  5.20095  2.74305  |||| 33.8036 |||| 33.8036 
3.44744  4.12421  2.09899  3.44744  4.12421  2.09899  |||| 15.3433 |||| 15.3433 
5.07757  4.69624  5.14768  5.07757  4.69624  5.14768  |||| 62.7855 |||| 62.7855 
3.18234  4.40552  6.16347  3.18234  4.40552  6.16347  |||| 79.933 |||| 79.933 
4.17058  1.61545  2.13351  4.17058  1.61545  2.13351  |||| 7.06359 |||| 7.06359 
3.29434  2.40321  3.18466  3.29434  2.40321  3.18466  |||| 13.3669 |||| 13.3669 
2.45619  4.81508  4.00821  2.45619  4.81508  4.00821  |||| 165.203 |||| 165.203 
4.00852  2.10541  2.90095  4.00852  2.10541  2.90095  |||| 151.936 |||| 151.936 
3.18593  4.25844  2.16127  3.18593  4.25844  2.16127  |||| 17.7697 |||| 17.7697 
3.40498  2.25269  4.83393  3.40498  2.25269  4.83393  |||| 32.0686 |||| 32.0686 
3.01822  2.44187  3.77864  3.01822  2.44187  3.77864  |||| 16.9454 |||| 16.9454 
3.61276  3.25526  2.54205  3.61276  3.25526  2.54205  |||| 21.9689 |||| 21.9689 
4.99652  5.49451  11.2715  4.99652  5.49451  11.2715  |||| 34.0365 |||| 34.0365 
2.54467  2.64336  3.36619  2.54467  2.64336  3.36619  |||| 12.356 |||| 12.356 
1.53595  3.09512  5.36483  1.53595  3.09512  5.36483  |||| 50.3207 |||| 50.3207 
7.03866  7.47564  10.1004  7.03866  7.47564  10.1004  |||| 197.151 |||| 197.151 
4.33215  5.55676  6.36918  4.33215  5.55676  6.36918  |||| 23.1853 |||| 23.1853 
4.13178  6.8076  7.4986  4.13178  6.8076  7.4986  |||| 36.8548 |||| 36.8548 
4.22258  2.81924  3.60654  4.22258  2.81924  3.60654  |||| 24.4425 |||| 24.4425 
3.80882  1.7255  3.08714  3.80882  1.7255  3.08714  |||| 17.8937 |||| 17.8937 
6.70556  6.42781  5.158  6.70556  6.42781  5.158  |||| 36.7644 |||| 36.7644 
0.984451  4.67138  2.97739  0.984451  4.67138  2.97739  |||| 13.1356 |||| 13.1356 
7.72688  4.47356  4.32912  7.72688  4.47356  4.32912  |||| 208.325 |||| 208.325 
5.46501  9.19915  5.35778  5.46501  9.19915  5.35778  |||| 489.079 |||| 489.079 
6.5454  7.14729  10.0611  6.5454  7.14729  10.0611  |||| 30.3491 |||| 30.3491 
5.15101  8.29931  6.24353  5.15101  8.29931  6.24353  |||| 33.5715 |||| 33.5715 
2.4977  3.22804  3.17146  2.4977  3.22804  3.17146  |||| 17.206 |||| 17.206 
2.47464  2.26822  4.79852  2.47464  2.26822  4.79852  |||| 44.6152 |||| 44.6152 
4.40172  5.6777  4.55571  4.40172  5.6777  4.55571  |||| 22.0217 |||| 22.0217 
4.26419  5.13939  5.19863  4.26419  5.13939  5.19863  |||| 17.2747 |||| 17.2747 
4.82806  5.38994  5.66343  4.82806  5.38994  5.66343  |||| 66.2763 |||| 66.2763 
4.10033  2.01189  4.23357  4.10033  2.01189  4.23357  |||| 64.8006 |||| 64.8006 
7.20377  5.22259  8.38324  7.20377  5.22259  8.38324  |||| 19.7564 |||| 19.7564 
3.59758  3.77399  1.83372  3.59758  3.77399  1.83372  |||| 7.55439 |||| 7.55439 
3.21341  3.12912  2.81724  3.21341  3.12912  2.81724  |||| 20.27 |||| 20.27 
4.78932  2.34972  1.15738  4.78932  2.34972  1.15738  |||| 11.5183 |||| 11.5183 
8.59507  10.8931  5.13093  8.59507  10.8931  5.13093  |||| 50.0803 |||| 50.0803 
4.69758  4.04119  5.44563  4.69758  4.04119  5.44563  |||| 14.3154 |||| 14.3154 
4.7512  4.34195  4.38378  4.7512  4.34195  4.38378  |||| 108.424 |||| 108.424 
4.28137  2.34582  3.43857  4.28137  2.34582  3.43857  |||| 74.2511 |||| 74.2511 
8.07218  7.03172  7.1752  8.07218  7.03172  7.1752  |||| 24.199 |||| 24.199 
3.76849  2.15914  2.76097  3.76849  2.15914  2.76097  |||| 9.74665 |||| 9.74665 
2.25913  2.47945  2.08805  2.25913  2.47945  2.08805  |||| 11.3016 |||| 11.3016 
3.28166  5.68736  6.80188  3.28166  5.68736  6.80188  |||| 46.3038 |||| 46.3038 
4.70988  5.30724  4.80687  4.70988  5.30724  4.80687  |||| 18.576 |||| 18.576 
3.04832  3.66197  1.08093  3.04832  3.66197  1.08093  |||| 8.02007 |||| 8.02007 
3.95003  3.06635  6.46547  3.95003  3.06635  6.46547  |||| 38.3076 |||| 38.3076 
6.31233  9.40719  5.71476  6.31233  9.40719  5.71476  |||| 56.9516 |||| 56.9516 
4.7975  4.0823  5.42149  4.7975  4.0823  5.42149  |||| 16.1024 |||| 16.1024 
6.17999  6.1501  7.65088  6.17999  6.1501  7.65088  |||| 24.0264 |||| 24.0264 
1.43793  6.62596  4.40012  1.43793  6.62596  4.40012  |||| 53.1364 |||| 53.1364 
4.30065  2.86038  3.99627  4.30065  2.86038  3.99627  |||| 16.3067 |||| 16.3067 
3.34467  3.40712  2.34365  3.34467  3.40712  2.34365  |||| 12.3181 |||| 12.3181 
3.77524  9.73904  4.97401  3.77524  9.73904  4.97401  |||| 21.7162 |||| 21.7162 
2.18934  4.52066  6.66931  2.18934  4.52066  6.66931  |||| 294.814 |||| 294.814 
4.48873  11.232  2.89833  4.48873  11.232  2.89833  |||| 299.845 |||| 299.845 
3.10728  5.40731  2.54525  3.10728  5.40731  2.54525  |||| 11.5023 |||| 11.5023 
5.95976  4.73544  5.09436  5.95976  4.73544  5.09436  |||| 27.9106 |||| 27.9106 
3.85259  3.07287  4.80455  3.85259  3.07287  4.80455  |||| 16.6743 |||| 16.6743 
3.85736  2.55213  4.14014  3.85736  2.55213  4.14014  |||| 28.316 |||| 28.316 
7.09032  6.39922  5.37085  7.09032  6.39922  5.37085  |||| 38.2448 |||| 38.2448 
1.80584  5.84965  4.12046  1.80584  5.84965  4.12046  |||| 9.62168 |||| 9.62168 
3.47669  2.64251  6.09441  3.47669  2.64251  6.09441  |||| 18.2119 |||| 18.2119 
5.78698  6.36988  6.72717  5.78698  6.36988  6.72717  |||| 94.8232 |||| 94.8232 
5.82187  1.97877  9.16552  5.82187  1.97877  9.16552  |||| 35.71 |||| 35.71 
3.19144  7.02007  1.00298  3.19144  7.02007  1.00298  |||| 17.0395 |||| 17.0395 
4.27326  4.95727  6.4254  4.27326  4.95727  6.4254  |||| 26.6042 |||| 26.6042 
4.16238  6.27182  3.59957  4.16238  6.27182  3.59957  |||| 26.9869 |||| 26.9869 
5.98449  4.65117  3.92302  5.98449  4.65117  3.92302  |||| 44.6691 |||| 44.6691 
2.08787  3.49991  5.06295  2.08787  3.49991  5.06295  |||| 10.395 |||| 10.395 
6.3205  10.8481  4.60859  6.3205  10.8481  4.60859  |||| 203.774 |||| 203.774 
6.65651  5.66114  5.61473  6.65651  5.66114  5.61473  |||| 130.409 |||| 130.409 
2.84855  1.53182  3.71363  2.84855  1.53182  3.71363  |||| 20.9418 |||| 20.9418 
3.38279  5.94992  4.31655  3.38279  5.94992  4.31655  |||| 28.7666 |||| 28.7666 
5.62538  2.24723  2.60157  5.62538  2.24723  2.60157  |||| 59.6781 |||| 59.6781 
2.32813  3.12037  4.8523  2.32813  3.12037  4.8523  |||| 25.2882 |||| 25.2882 
3.50086  3.15601  2.64143  3.50086  3.15601  2.64143  |||| 37.753 |||| 37.753 
8.54  2.89499  3.24652  8.54  2.89499  3.24652  |||| 123.562 |||| 123.562 
5.78527  3.5273  3.4127  5.78527  3.5273  3.4127  |||| 86.2317 |||| 86.2317 
1.5371  2.41465  3.09736  1.5371  2.41465  3.09736  |||| 21.7122 |||| 21.7122 
4.80856  5.33127  4.40722  4.80856  5.33127  4.40722  |||| 85.3237 |||| 85.3237 
6.18515  5.12421  6.12424  6.18515  5.12421  6.12424  |||| 131.872 |||| 131.872 
5.97112  8.53547  5.7019  5.97112  8.53547  5.7019  |||| 146.296 |||| 146.296 
1.6691  3.63303  3.30003  1.6691  3.63303  3.30003  |||| 23.8022 |||| 23.8022 
3.2084  2.25977  7.05032  3.2084  2.25977  7.05032  |||| 94.7518 |||| 94.7518 
3.82992  0.823045  3.15423  3.82992  0.823045  3.15423  |||| 156.284 |||| 156.284 
6.16448  7.14318  6.45961  6.16448  7.14318  6.45961  |||| 399.364 |||| 399.364 
4.27638  2.8689  2.31372  4.27638  2.8689  2.31372  |||| 424.104 |||| 424.104 
7.06827  3.60573  5.6248  7.06827  3.60573  5.6248  |||| 2357.48 |||| 2357.48 
1  0.000110339  5.12467e-05  2.61319  2.94248  1.88424  |||| 0.999997 |||| 29424.5 
8.06203e-05  1  3.66502e-05  0.704311  1  3.66502e-05  |||| 0.999978 |||| 7043.08 
5.04497e-05  6.90489e-05  1  5.04497e-05  0.482107  1  |||| 1 |||| 4820.84 
0.999271  0.0140539  0.0383622  1.05878  0.29213  0.124275  |||| 1.07656 |||| 8.13716 
0.999383  0.0985246  0.0354728  0.997549  0.0985346  0.0702459  |||| 1.14131 |||| 2.25955 
0.989904  0.0258636  0.14192  0.989904  0.0258636  0.17659  |||| 1.17921 |||| 1.46663 
0.983361  0.197563  0.0248354  1.02222  0.197563  0.0278444  |||| 1.21395 |||| 1.26192 
0.985645  0.0972536  0.169009  1.0242  0.0952779  0.169009  |||| 1.25622 |||| 1.30535 
0.976533  0.190683  0.113404  0.980089  0.190683  0.113404  |||| 1.28174 |||| 1.2864 
0.95672  0.0255397  0.292384  0.981601  0.0255397  0.292384  |||| 1.29088 |||| 1.32445 
0.941459  0.339585  0.0160726  0.941459  0.339585  0.0160726  |||| 1.30407 |||| 1.30407 
0.973209  0.174017  0.23005  0.979468  0.174017  0.23005  |||| 1.38244 |||| 1.39133 
0.954471  0.298359  0.135722  0.954471  0.429901  0.135722  |||| 1.38923 |||| 1.998 
0.929034  0.0814108  0.370097  0.9291  0.0814108  0.480047  |||| 1.38457 |||| 1.79578 
0.918648  0.391643  0.0874755  0.918648  0.392728  0.0874755  |||| 1.40106 |||| 1.40372 
0.933355  0.106674  0.359118  0.941238  0.106673  0.340133  |||| 1.45604 |||| 1.46834 
0.940306  0.314325  0.239099  0.940306  0.315521  0.232528  |||| 1.49983 |||| 1.50347 
0.860993  0.0245051  0.508722  1.11339  0.0245051  0.510811  |||| 1.40371 |||| 1.81521 
0.844472  0.544806  0.0152705  0.844472  0.544806  0.0603667  |||| 1.40684 |||| 4.83246 
0.937099  0.302758  0.349303  0.937099  0.302758  0.349303  |||| 1.59488 |||| 1.59488 
0.883572  0.468919  0.151217  0.883572  0.568663  0.151217  |||| 1.53597 |||| 1.86263 
0.855414  0.103168  0.518122  0.855414  0.102084  0.578859  |||| 1.51862 |||| 1.69661 
0.82413  0.565107  0.0953122  0.824392  0.576342  0.0953122  |||| 1.49397 |||| 1.52341 
0.873197  0.17769  0.487535  0.873197  0.17769  1.2279  |||| 1.61618 |||| 4.07007 
0.884426  0.467149  0.31045  0.884434  0.467149  0.31045  |||| 1.67124 |||| 1.67125 
0.764969  0.0609022  0.644089  0.764969  0.0606912  0.700393  |||| 1.47569 |||| 1.60468 
0.751306  0.660001  0.055337  0.932488  0.660001  0.055337  |||| 1.47956 |||| 1.83635 
0.857599  0.215642  0.514405  0.870447  0.226626  0.514405  |||| 1.72406 |||| 1.74989 
0.815243  0.561984  0.288976  0.832731  0.561984  0.288976  |||| 1.67306 |||| 1.70895 
0.73476  0.0844615  0.678675  0.827576  0.0963532  0.678675  |||| 1.53934 |||| 1.7338 
0.747343  0.664852  0.0615071  0.747343  2.43201  0.0615071  |||| 1.59842 |||| 5.84643 
0.761717  0.199902  0.647994  0.761717  0.233207  0.649165  |||| 1.6633 |||| 1.66625 
0.827697  0.540575  0.296075  1.61546  2.56572  1.92367  |||| 1.84537 |||| 8.75751 
0.628756  0.0241567  0.777894  0.628756  0.0239881  0.96857  |||| 1.43201 |||| 1.78302 
0.609212  0.794642  0.0109429  0.609212  0.801643  0.0109429  |||| 1.41654 |||| 1.42902 
0.815905  0.493649  0.578198  0.815905  0.49531  0.651242  |||| 1.93725 |||| 2.18199 
0.691283  0.723508  0.245061  0.72589  0.725827  0.245061  |||| 1.67654 |||| 1.76047 
0.662319  0.203685  0.749268  0.662319  0.43419  0.749268  |||| 1.64096 |||| 3.10614 
0.605384  0.796882  0.0937256  0.605384  0.796882  0.0937256  |||| 1.53275 |||| 1.53275 
0.701296  0.29747  0.712896  0.703028  0.29747  0.714567  |||| 1.81411 |||| 1.8186 
0.651938  0.654422  0.419127  0.662844  0.654422  0.417008  |||| 1.72714 |||| 1.75248 
0.550538  0.102005  0.834875  0.550538  0.129916  0.985489  |||| 1.48796 |||| 1.88505 
0.524128  0.852191  0.0508841  0.524128  1.16424  0.0497954  |||| 1.44857 |||| 1.97902 
0.6108  0.4705  0.643425  0.621591  0.578622  0.636678  |||| 1.72621 |||| 2.12252 
0.579274  0.737483  0.359838  1.74017  0.73751  0.359838  |||| 1.67808 |||| 5.03071 
0.524948  0.159895  0.851145  0.524948  0.159895  0.851145  |||| 1.55275 |||| 1.55275 
0.526442  0.850536  0.178713  0.972222  0.850536  0.185486  |||| 1.59379 |||| 2.94315 
0.560909  0.342571  0.827988  0.765306  0.346872  0.827988  |||| 1.73859 |||| 2.37171 
0.545736  0.648846  0.536826  0.545736  1.41631  0.536826  |||| 1.73228 |||| 3.78131 
0.422482  0.0380487  0.906399  0.422482  0.0380487  0.906399  |||| 1.3735 |||| 1.3735 
0.409456  0.913086  0.0301304  0.409456  0.913086  0.0752741  |||| 1.36896 |||| 2.29479 
0.506578  0.554446  0.668617  0.843263  0.554446  0.668617  |||| 1.73036 |||| 2.87907 
0.494664  0.870237  0.18734  0.519058  0.858875  0.257264  |||| 1.73251 |||| 1.81716 
0.435876  0.172559  0.900119  0.435876  0.220236  0.900982  |||| 1.56549 |||| 1.56699 
0.40986  0.912384  0.16389  0.40986  0.913152  0.174857  |||| 1.512 |||| 1.51328 
0.434395  0.398905  0.817078  0.573663  0.398905  0.817078  |||| 1.65303 |||| 2.17039 
0.373699  0.781379  0.570089  1.77854  2.10112  1.60244  |||| 1.81985 |||| 6.91127 
0.34075  0.0670813  0.94021  0.34075  0.238534  0.94021  |||| 1.36065 |||| 4.07292 
0.339999  0.943302  0.112708  0.534969  0.946353  0.104255  |||| 1.40018 |||| 2.19623 
0.416023  0.50444  0.817639  0.416023  1.37099  0.817639  |||| 1.75808 |||| 4.59861 
0.39227  0.841061  0.455463  1.37696  0.841061  0.455643  |||| 1.70515 |||| 5.98478 
0.317415  0.152388  0.948324  0.317417  0.152358  0.948325  |||| 1.42096 |||| 1.42096 
0.320598  0.908311  0.277967  0.322036  0.908311  0.906305  |||| 1.51473 |||| 4.93732 
0.276575  0.333929  0.927558  0.276575  0.333929  0.94658  |||| 1.5993 |||| 1.6321 
0.347513  0.689179  0.657879  0.34893  1.98792  0.657879  |||| 1.70574 |||| 4.84181 
0.242393  0.0145925  0.970819  0.242082  0.528017  0.970819  |||| 1.22864 |||| 42.0973 
0.230688  0.973489  0.00747394  0.230688  0.973489  0.00747394  |||| 1.21262 |||| 1.21262 
0.300558  0.67499  0.696427  2.0639  0.67499  0.696427  |||| 1.68181 |||| 11.1831 
0.268559  0.920017  0.307241  0.268559  0.920017  0.913678  |||| 1.50847 |||| 4.31275 
0.218917  0.300449  0.940546  0.541644  0.300449  0.940546  |||| 1.49897 |||| 3.14889 
0.223508  0.975167  0.145454  0.223508  0.980027  0.145454  |||| 1.348 |||| 1.35472 
0.22106  0.502933  0.873147  0.22106  0.502933  1.47956  |||| 1.64192 |||| 2.78226 
0.253261  0.871649  0.536081  0.782578  0.880335  0.536081  |||| 1.66842 |||| 5.09688 
0.191284  0.105818  0.98052  0.191284  0.122759  0.990853  |||| 1.30281 |||| 1.31654 
0.165452  0.987456  0.072998  1.06054  0.987465  0.0758578  |||| 1.2371 |||| 7.49775 
0.216405  0.59357  0.787931  0.187247  0.610223  0.792228  |||| 1.59806 |||| 1.64262 
0.197647  0.90589  0.425738  0.304207  0.90589  0.425738  |||| 1.53108 |||| 2.34867 
0.169198  0.125023  0.984737  0.169198  0.134053  1.25138  |||| 1.36977 |||| 1.74068 
0.160762  0.971201  0.230249  0.160314  0.971201  0.240675  |||| 1.36799 |||| 1.39673 
0.169831  0.409058  0.937726  0.509794  0.409058  0.939038  |||| 1.51863 |||| 4.55435 
0.162524  0.774687  0.621298  0.162524  2.16836  0.621298  |||| 1.56243 |||| 4.37334 
0.116826  0.0353449  0.993254  0.116826  0.0353449  1.31339  |||| 1.16798 |||| 1.54443 
0.0972416  1  0.0386777  0.142992  1  0.0386757  |||| 1.14947 |||| 1.51009 
0.1321  0.650361  0.760556  0.1321  0.650361  0.760556  |||| 1.54876 |||| 1.54876 
0.115435  0.923825  0.37523  0.115435  0.925291  2.01873  |||| 1.4176 |||| 7.61891 
0.106262  0.235835  0.994383  0.106262  0.236042  1.06548  |||| 1.36647 |||| 1.46418 
0.0915231  0.992092  0.156335  0.502434  0.997833  0.1573  |||| 1.27912 |||| 6.95951 
0.0721385  0.451425  0.892314  0.0789615  0.452821  0.903811  |||| 1.43968 |||| 1.45823 
0.0884402  0.815159  0.575967  0.258835  0.899859  0.607688  |||| 1.48177 |||| 4.23289 
0.0641659  0.0427741  0.99796  0.0641659  0.0689489  1.00148  |||| 1.15615 |||| 1.16023 
0.0565204  0.998455  0.107741  6.81782  7.17711  8.55918  |||| 1.17007 |||| 135.73 
0.0474328  0.566503  0.864661  0.0474328  3.67663  0.864661  |||| 1.5048 |||| 9.66053 
0.0575617  0.918525  0.472706  0.0614446  0.918525  0.474863  |||| 1.47464 |||| 1.55796 
0.0401543  0.138215  0.998345  0.133343  0.138215  0.998345  |||| 1.21374 |||| 3.91186 
0.0364183  0.961464  0.279546  0.0364183  1.37456  0.279535  |||| 1.27989 |||| 1.82981 
0.0318067  0.301046  0.99834  0.0282775  0.301046  0.999732  |||| 1.40709 |||| 1.40905 
0.0256555  0.793708  0.717684  1.14197  0.800131  0.7196  |||| 1.54441 |||| 62.7213 
0.0132557  0.0167436  0.999918  0.0132557  0.0167436  0.999918  |||| 1.03737 |||| 1.03737 
0.00650987  1  0.0226057  5.20351  5.33837  6.32948  |||| 1.03199 |||| 670.376 
0.00357753  0.88481  0.998339  0.00357753  1.62598  0.998339  |||| 1.91221 |||| 3.42067 
