15.6546  18.4089  20.6051  15.6546  18.4089  20.6051  |||| 140508 |||| 140508 
16.248  10.1509  19.3732  16.248  10.1509  19.3732  |||| 128189 |||| 128189 
13.787  32.3076  10.3737  13.787  32.3076  10.3737  |||| 245829 |||| 245829 
15.7596  14.6706  16.058  15.7596  14.6706  16.058  |||| 264.743 |||| 264.743 
19.2888  10.9482  10.5416  19.2888  10.9482  10.5416  |||| 128.256 |||| 128.256 
16.9145  15.0623  26.0285  16.9145  15.0623  26.0285  |||| 182.822 |||| 182.822 
16.5275  18.6015  21.0234  16.5275  18.6015  21.0234  |||| 609.376 |||| 609.376 
16.1669  11.7084  15.0535  16.1669  11.7084  15.0535  |||| 63.1365 |||| 63.1365 
12.117  14.4948  23.1332  12.117  14.4948  23.1332  |||| 185.665 |||| 185.665 
9.37396  13.332  16.5327  9.37396  13.332  16.5327  |||| 173.288 |||| 173.288 
16.9014  13.1236  17.4565  16.9014  13.1236  17.4565  |||| 627.318 |||| 627.318 
13.2875  12.0398  10.7444  13.2875  12.0398  10.7444  |||| 33.3188 |||| 33.3188 
15.7062  16.3107  18.7116  15.7062  16.3107  18.7116  |||| 124.312 |||| 124.312 
34.6343  8.86097  17.3378  34.6343  8.86097  17.3378  |||| 40.8845 |||| 40.8845 
11.3622  25.3946  14.5169  11.3622  25.3946  14.5169  |||| 123.337 |||| 123.337 
15.3601  13.6413  11.7584  15.3601  13.6413  11.7584  |||| 52.7409 |||| 52.7409 
7.2012  11.6363  16.8529  7.2012  11.6363  16.8529  |||| 63.0982 |||| 63.0982 
20.5838  28.1359  16.8444  20.5838  28.1359  16.8444  |||| 844.677 |||| 844.677 
10.844  19.0155  15.3401  10.844  19.0155  15.3401  |||| 703.322 |||| 703.322 
33.0666  30.6832  26.1285  33.0666  30.6832  26.1285  |||| 118.753 |||| 118.753 
11.3802  9.21732  15.0939  11.3802  9.21732  15.0939  |||| 71.4841 |||| 71.4841 
34.5943  22.2665  38.6903  34.5943  22.2665  38.6903  |||| 152.219 |||| 152.219 
16.4199  39.3839  15.734  16.4199  39.3839  15.734  |||| 131.033 |||| 131.033 
14.2938  15.9429  19.2018  14.2938  15.9429  19.2018  |||| 52.0044 |||| 52.0044 
18.7139  10.5043  23.3826  18.7139  10.5043  23.3826  |||| 87.9863 |||| 87.9863 
33.9766  24.0447  38.1823  33.9766  24.0447  38.1823  |||| 361.446 |||| 361.446 
15.6037  8.67308  9.30358  15.6037  8.67308  9.30358  |||| 59.5801 |||| 59.5801 
10.0309  11.4889  14.1844  10.0309  11.4889  14.1844  |||| 25.57 |||| 25.57 
20.842  21.0626  10.502  20.842  21.0626  10.502  |||| 39.6398 |||| 39.6398 
14.4378  15.9184  25.6984  14.4378  15.9184  25.6984  |||| 100.328 |||| 100.328 
31.6871  24.9395  31.0328  31.6871  24.9395  31.0328  |||| 210.163 |||| 210.163 
22.3911  23.1009  27.7856  22.3911  23.1009  27.7856  |||| 100.86 |||| 100.86 
11.3216  14.291  17.4554  11.3216  14.291  17.4554  |||| 42.17 |||| 42.17 
19.7944  18.4907  19.9758  19.7944  18.4907  19.9758  |||| 614.385 |||| 614.385 
14.1972  17.4307  18.5728  14.1972  17.4307  18.5728  |||| 1349.77 |||| 1349.77 
18.5473  11.6956  11.6351  18.5473  11.6956  11.6351  |||| 26.9398 |||| 26.9398 
19.4804  20.5639  19.566  19.4804  20.5639  19.566  |||| 83.3543 |||| 83.3543 
23.5859  31.8162  13.2806  23.5859  31.8162  13.2806  |||| 172.357 |||| 172.357 
20.4274  10.5805  18.9815  20.4274  10.5805  18.9815  |||| 146.077 |||| 146.077 
10.1948  7.72473  15.2097  10.1948  7.72473  15.2097  |||| 22.0254 |||| 22.0254 
10.9682  16.0862  14.7005  10.9682  16.0862  14.7005  |||| 33.5401 |||| 33.5401 
12.0939  12.0924  19.6058  12.0939  12.0924  19.6058  |||| 63.3845 |||| 63.3845 
17.3963  18.9544  23.5516  17.3963  18.9544  23.5516  |||| 340.941 |||| 340.941 
12.132  15.5729  17.0865  12.132  15.5729  17.0865  |||| 28.79 |||| 28.79 
29.4491  21.0351  24.5003  29.4491  21.0351  24.5003  |||| 83.6161 |||| 83.6161 
8.37158  14.0055  14.2068  8.37158  14.0055  14.2068  |||| 55.2068 |||| 55.2068 
23.5752  17.055  19.1406  23.5752  17.055  19.1406  |||| 92.5287 |||| 92.5287 
14.1884  16.76  10.896  14.1884  16.76  10.896  |||| 44.9339 |||| 44.9339 
23.1302  17.0104  16.865  23.1302  17.0104  16.865  |||| 50.5503 |||| 50.5503 
8.27855  13.5371  13.4754  8.27855  13.5371  13.4754  |||| 179.09 |||| 179.09 
13.0853  12.7334  15.137  13.0853  12.7334  15.137  |||| 261.652 |||| 261.652 
23.2847  10.191  20.0737  23.2847  10.191  20.0737  |||| 54.9125 |||| 54.9125 
21.383  14.6945  15.7196  21.383  14.6945  15.7196  |||| 49.6491 |||| 49.6491 
12.451  9.0795  20.4488  12.451  9.0795  20.4488  |||| 24.1653 |||| 24.1653 
9.87055  19.4596  16.4565  9.87055  19.4596  16.4565  |||| 79.0686 |||| 79.0686 
10.6091  20.1496  11.5887  10.6091  20.1496  11.5887  |||| 51.4705 |||| 51.4705 
28.7313  26.8159  18.0333  28.7313  26.8159  18.0333  |||| 83.6648 |||| 83.6648 
14.7466  14.5628  9.19352  14.7466  14.5628  9.19352  |||| 116.771 |||| 116.771 
9.82947  7.81028  9.51759  9.82947  7.81028  9.51759  |||| 35.8176 |||| 35.8176 
15.5596  16.7921  12.35  15.5596  16.7921  12.35  |||| 35.2972 |||| 35.2972 
36.4079  20.7642  25.7117  36.4079  20.7642  25.7117  |||| 126.944 |||| 126.944 
15.0716  21.3418  8.39999  15.0716  21.3418  8.39999  |||| 124.689 |||| 124.689 
16.1545  21.9488  11.9143  16.1545  21.9488  11.9143  |||| 41.2975 |||| 41.2975 
9.61101  21.3067  30.0249  9.61101  21.3067  30.0249  |||| 64.7445 |||| 64.7445 
14.8899  15.0408  14.3597  14.8899  15.0408  14.3597  |||| 37.7369 |||| 37.7369 
12.4102  16.2367  12.6472  12.4102  16.2367  12.6472  |||| 678.668 |||| 678.668 
15.587  11.4857  16.9326  15.587  11.4857  16.9326  |||| 1641.86 |||| 1641.86 
24.1551  13.7915  10.7256  24.1551  13.7915  10.7256  |||| 91.8632 |||| 91.8632 
8.81929  19.2844  11.088  8.81929  19.2844  11.088  |||| 21.4 |||| 21.4 
14.1673  15.9491  9.7763  14.1673  15.9491  9.7763  |||| 41.0132 |||| 41.0132 
17.5986  20.4009  14.149  17.5986  20.4009  14.149  |||| 68.5501 |||| 68.5501 
22.6945  13.1519  16.5152  22.6945  13.1519  16.5152  |||| 97.0445 |||| 97.0445 
19.1312  23.8079  12.1077  19.1312  23.8079  12.1077  |||| 77.6994 |||| 77.6994 
11.7581  11.051  19.3845  11.7581  11.051  19.3845  |||| 33.2945 |||| 33.2945 
12.9865  13.4637  13.4708  12.9865  13.4637  13.4708  |||| 114.575 |||| 114.575 
15.3258  19.9569  21.1471  15.3258  19.9569  21.1471  |||| 59.9764 |||| 59.9764 
7.75  9.56489  14.4089  7.75  9.56489  14.4089  |||| 28.1704 |||| 28.1704 
17.9133  12.6322  12.317  17.9133  12.6322  12.317  |||| 86.6534 |||| 86.6534 
17.5808  13.7701  11.3264  17.5808  13.7701  11.3264  |||| 88.1437 |||| 88.1437 
21.1304  24.5305  16.7976  21.1304  24.5305  16.7976  |||| 124.44 |||| 124.44 
12.1804  12.7942  24.2819  12.1804  12.7942  24.2819  |||| 46.9079 |||| 46.9079 
11.8152  34.7465  13.7716  11.8152  34.7465  13.7716  |||| 549.259 |||| 549.259 
16.2858  23.8189  21.827  16.2858  23.8189  21.827  |||| 431.876 |||| 431.876 
38.7075  23.0842  27.2789  38.7075  23.0842  27.2789  |||| 353.951 |||| 353.951 
24.2858  24.1708  28.7456  24.2858  24.1708  28.7456  |||| 204.92 |||| 204.92 
13.3269  13.4416  10.4496  13.3269  13.4416  10.4496  |||| 78.7708 |||| 78.7708 
11.6349  14.6837  23.7042  11.6349  14.6837  23.7042  |||| 112.667 |||| 112.667 
35.1032  36.5214  27.739  35.1032  36.5214  27.739  |||| 418.608 |||| 418.608 
14.6953  16.412  6.55429  14.6953  16.412  6.55429  |||| 122.556 |||| 122.556 
13.0883  12.9305  12.4229  13.0883  12.9305  12.4229  |||| 105.742 |||| 105.742 
19.891  13.3816  18.1573  19.891  13.3816  18.1573  |||| 252.631 |||| 252.631 
17.7488  13.1142  8.87358  17.7488  13.1142  8.87358  |||| 235.338 |||| 235.338 
20.1263  21.7698  17.5605  20.1263  21.7698  17.5605  |||| 327.735 |||| 327.735 
12.2458  10.0897  8.22286  12.2458  10.0897  8.22286  |||| 147.997 |||| 147.997 
25.0185  18.0986  23.4367  25.0185  18.0986  23.4367  |||| 619.427 |||| 619.427 
30.9233  11.5644  26.5359  30.9233  11.5644  26.5359  |||| 1010.69 |||| 1010.69 
24.1496  20.8993  34.0313  24.1496  20.8993  34.0313  |||| 930.872 |||| 930.872 
20.819  13.1149  24.9725  20.819  13.1149  24.9725  |||| 1049.89 |||| 1049.89 
14.4403  29.1795  33.1624  14.4403  29.1795  33.1624  |||| 1144.16 |||| 1144.16 
26.4172  13.1121  23.7516  26.4172  13.1121  23.7516  |||| 7446.17 |||| 7446.17 
1  0.00016987  8.77446e-05  4.55539  0.00016987  8.77446e-05  |||| 1 |||| 4.55539 
0.118529  21.8043  0.151186  17.6272  6.22484  18.7543  |||| 1511.86 |||| 187543 
4.88036e-05  0.000159201  1  0.352356  0.244962  1.58427  |||| 1 |||| 3523.55 
0.999276  0.033663  0.0381403  0.999276  1.56355  0.440335  |||| 1.07657 |||| 43.5532 
0.999402  0.0541626  0.0346234  0.999402  0.77344  0.0346234  |||| 1.14133 |||| 8.29196 
0.989979  0.0142663  0.141263  3.60137  0.0142663  0.141263  |||| 1.1793 |||| 4.29011 
0.999583  0.11781  0.0289875  1.25359  0.11781  0.0289875  |||| 1.23398 |||| 1.54756 
0.985668  0.0833062  0.168757  0.985668  0.355437  0.835888  |||| 1.25625 |||| 6.20938 
0.993238  0.165155  0.116128  0.993238  0.377989  2.02704  |||| 1.30367 |||| 22.7005 
0.956578  0.0242412  0.29164  0.956578  0.450886  2.83567  |||| 1.29069 |||| 13.9317 
0.999717  0.330891  0.023851  0.999717  0.872293  0.102315  |||| 1.38477 |||| 5.88727 
0.973218  0.170816  0.229956  4.36837  0.170816  0.229956  |||| 1.38246 |||| 6.20527 
0.981514  0.290583  0.106098  0.981514  0.290583  0.106098  |||| 1.42859 |||| 1.42859 
0.929072  0.0815133  0.369996  0.997484  0.0812835  0.0709953  |||| 1.38463 |||| 1.48658 
0.981332  0.384279  0.0831111  1.0509  2.20846  0.0831111  |||| 1.49666 |||| 7.89378 
0.933493  0.126507  0.358669  0.933493  0.126507  1.01917  |||| 1.45626 |||| 4.12956 
0.967753  0.181469  0.251937  1.61144  0.181469  0.251937  |||| 1.54362 |||| 2.57033 
0.86127  0.0240205  0.508322  0.86127  0.471229  0.508322  |||| 1.40416 |||| 19.4973 
0.871885  0.567468  0.0149533  0.871885  0.567468  0.0149533  |||| 1.46516 |||| 1.46516 
0.937165  0.30325  0.34892  0.937165  0.303253  0.691185  |||| 1.595 |||| 3.15457 
0.979134  0.491983  0.203243  1.39765  1.04445  0.203244  |||| 1.7021 |||| 3.42089 
0.85537  0.144635  0.518043  0.85537  0.579741  0.518043  |||| 1.51854 |||| 6.06766 
0.825923  0.566071  0.0903429  0.825923  0.839441  0.0903429  |||| 1.49723 |||| 2.21871 
0.873118  0.252534  0.487566  0.873118  0.710139  0.681066  |||| 1.61611 |||| 4.49321 
0.940524  0.350074  0.339807  0.940524  2.73521  0.339807  |||| 1.77725 |||| 9.78452 
0.764955  0.039237  0.644102  0.764955  0.039237  1.52362  |||| 1.47571 |||| 3.49078 
0.825869  0.725225  0.0744059  2.37583  0.871562  0.454713  |||| 1.62639 |||| 9.85412 
0.85754  0.281158  0.514443  1.08781  0.940759  0.514443  |||| 1.724 |||| 4.60732 
0.825858  0.567438  0.264585  1.77247  0.567438  0.264585  |||| 1.69485 |||| 3.63752 
0.734489  0.0855312  0.678635  0.734489  0.0855312  2.81343  |||| 1.53881 |||| 6.37949 
0.825815  0.728133  0.16802  0.825815  1.23208  0.664756  |||| 1.76627 |||| 5.70733 
0.761733  0.247511  0.647909  0.761733  0.541692  0.647909  |||| 1.66334 |||| 3.55265 
0.853785  0.561878  0.467571  0.853785  0.561878  2.3149  |||| 1.91757 |||| 8.95502 
0.629381  0.0246429  0.7781  1.70743  0.0246429  0.821095  |||| 1.43283 |||| 3.88709 
0.712175  0.948937  0.0146497  0.890203  10.6774  0.262621  |||| 1.69148 |||| 29.4944 
0.815887  0.366363  0.578226  0.815887  1.12664  0.578226  |||| 1.93735 |||| 4.01804 
0.825815  0.812546  0.223606  0.825815  1.22794  5.15397  |||| 2.00282 |||| 33.0169 
0.662436  0.21467  0.749192  0.662436  2.35838  0.758473  |||| 1.64124 |||| 16.8718 
0.334071  0.948795  0.148014  0.802633  0.948795  0.148014  |||| 1.82483 |||| 2.03179 
0.701338  0.132442  0.712874  1.10378  0.342797  1.33455  |||| 1.81423 |||| 3.39601 
0.825815  0.812546  0.223606  0.828261  1.0336  0.223606  |||| 2.18337 |||| 2.72774 
0.550469  0.0800257  0.834971  0.550829  0.0800257  0.834971  |||| 1.4881 |||| 1.48875 
0.540497  0.948795  0.0685976  0.540497  1.94456  0.0809752  |||| 1.61268 |||| 3.30534 
0.661405  0.511466  0.699429  0.661405  0.958955  0.699429  |||| 1.87593 |||| 3.51749 
0.703072  0.904548  0.437516  0.703072  4.0237  0.773262  |||| 2.05809 |||| 9.15568 
0.524946  0.167942  0.85115  0.524946  0.167942  1.05347  |||| 1.55275 |||| 1.92184 
0.334071  0.948795  0.148014  0.658666  0.948795  0.148014  |||| 1.7778 |||| 1.99395 
0.560969  0.315771  0.827924  0.57976  0.441664  1.53841  |||| 1.73847 |||| 3.23033 
0.6433  0.80163  0.657814  1.88314  1.24614  0.657814  |||| 2.14003 |||| 5.9761 
0.422339  0.0432783  0.9065  0.864257  2.0283  0.9065  |||| 1.37365 |||| 62.493 
0.425245  0.94891  0.0456765  0.425245  0.94891  0.0456765  |||| 1.42257 |||| 1.42257 
0.163847  0.649035  0.794348  0.163847  4.19484  1.04458  |||| 2.05418 |||| 13.0919 
0.334071  0.948795  0.148014  1.56588  1.35122  0.148014  |||| 1.88879 |||| 5.48199 
0.435571  0.157043  0.90016  0.435571  0.157043  1.9164  |||| 1.56556 |||| 3.33301 
0.334071  0.948795  0.148014  0.334071  2.03549  0.148014  |||| 1.57224 |||| 3.37315 
0.459261  0.414167  0.859408  0.459261  0.481156  0.859408  |||| 1.73867 |||| 1.99285 
0.47946  0.813109  0.594213  0.47946  4.90919  0.811061  |||| 1.89657 |||| 11.4338 
0.340449  0.0791113  0.940271  10.0631  9.88222  10.732  |||| 1.36072 |||| 168.752 
0.334071  0.948795  0.0966397  0.334071  0.948795  0.553413  |||| 1.40824 |||| 6.68914 
0.43033  0.52814  0.859401  0.43033  2.19384  0.859401  |||| 1.84788 |||| 7.3585 
0.379187  0.903958  0.506678  0.401654  1.22694  1.0004  |||| 1.83255 |||| 3.61559 
0.317453  0.14003  0.948298  0.541848  0.195661  0.948298  |||| 1.42094 |||| 2.42535 
0.334071  0.948795  0.148014  0.336189  1.1613  0.162561  |||| 1.58214 |||| 1.93652 
0.340454  0.285199  0.940271  0.828291  0.285199  0.990035  |||| 1.62122 |||| 3.93963 
0.375048  0.801663  0.746578  4.85845  0.801663  0.746578  |||| 1.95236 |||| 23.8456 
0.241795  0.00956051  0.970367  0.330974  0.0365386  0.970367  |||| 1.22806 |||| 2.90636 
0.313717  1.29547  0.0101056  0.314007  1.29547  1.79281  |||| 1.64334 |||| 283.624 
0.341422  0.745964  0.794329  5.82968  0.745964  0.794329  |||| 1.91824 |||| 31.5876 
0.201633  0.988506  0.310494  0.201633  0.988506  3.53945  |||| 1.62066 |||| 16.707 
0.26438  0.294726  0.964421  0.539155  0.294726  0.964427  |||| 1.53702 |||| 3.13444 
0.20774  0.988801  0.15122  0.20774  0.988801  0.15122  |||| 1.36676 |||| 1.36676 
0.233948  0.522785  0.915819  0.233948  0.641805  5.49789  |||| 1.72217 |||| 10.3386 
0.264519  0.903958  0.549939  0.264519  0.903958  3.30233  |||| 1.73015 |||| 10.1913 
0.19208  0.110165  0.98139  0.597183  0.110165  0.98139  |||| 1.30396 |||| 4.04946 
0.313574  1.6138  0.116238  0.313574  1.6138  0.116238  |||| 2.2169 |||| 2.2169 
0.208358  0.600105  0.795318  5.70761  0.600105  0.795318  |||| 1.61521 |||| 42.1338 
0.0908589  0.988506  0.387558  0.0908589  2.07512  0.591174  |||| 1.67061 |||| 3.50718 
0.146326  0.194521  0.982652  2.88367  2.81807  3.86107  |||| 1.36687 |||| 23.3269 
0.0252998  0.988506  0.193232  0.0252998  2.22579  0.346427  |||| 1.39228 |||| 3.13511 
0.173615  0.424948  0.982629  0.173615  0.424948  1.86251  |||| 1.59135 |||| 3.0163 
0.169971  0.804646  0.638118  0.169971  2.85374  0.638118  |||| 1.62272 |||| 5.75556 
0.117077  0.0510561  0.993144  0.117077  0.0510561  2.92519  |||| 1.16785 |||| 3.43977 
0.313391  2.84936  0.108597  0.313391  2.84936  2.23016  |||| 3.30967 |||| 63.0637 
0.142123  0.668027  0.794348  0.142123  0.668027  3.39569  |||| 1.61756 |||| 6.91474 
0.0908589  0.988506  0.387558  5.01219  1.37978  0.387558  |||| 1.51676 |||| 60.1181 
0.106067  0.253743  0.994373  3.2831  0.253743  0.994373  |||| 1.36646 |||| 42.2177 
0.0252998  0.988506  0.193232  0.0252998  0.988506  0.655782  |||| 1.27441 |||| 4.30817 
0.106682  0.399303  0.994307  0.106682  0.875588  1.6965  |||| 1.60424 |||| 2.79226 
0.0909833  0.839322  0.59417  1.65629  0.84397  0.59417  |||| 1.52844 |||| 27.0865 
0.0636367  0.0396864  0.997975  0.0636367  0.0396864  1.11208  |||| 1.15617 |||| 1.28836 
0.0749284  1.29854  0.151191  0.0749284  1.29854  0.201781  |||| 1.56738 |||| 2.09184 
0.0777267  0.614651  0.996993  0.0777267  0.756389  1.65762  |||| 1.73511 |||| 2.88483 
0.0259498  0.988506  0.526989  0.0259498  0.988506  0.792752  |||| 1.58689 |||| 2.34752 
0.0411779  0.172389  0.999157  0.0648826  0.172389  1.24421  |||| 1.21473 |||| 1.90349 
0.0378246  0.988506  0.262053  7.72043  3.56428  2.67152  |||| 1.31581 |||| 268.404 
0.0327836  0.2521  0.999464  0.557636  0.2521  0.999464  |||| 1.40867 |||| 23.7582 
0.0257567  0.988506  0.836137  0.0257567  4.49794  0.859486  |||| 1.92334 |||| 8.75228 
0.0131062  0.0117575  0.999915  1.19879  0.0117575  0.999915  |||| 1.03737 |||| 92.4232 
0.0293615  5.28384  0.151188  2.24952  5.28384  0.260234  |||| 6.50114 |||| 289.809 
0.00464248  0.841914  0.99999  0.59216  0.847349  0.806041  |||| 1.91537 |||| 229.462 
