2.02287  2.72172  2.02287  2.72172  |||| 3873.98 |||| 3873.98 
1.11735  4.07154  1.11735  4.07154  |||| 5229.67 |||| 5229.67 
0.852059  4.27253  0.852059  4.27253  |||| 379.89 |||| 379.89 
1.75673  3.30162  1.75673  3.30162  |||| 63.1974 |||| 63.1974 
1.68417  3.3432  1.68417  3.3432  |||| 39.5483 |||| 39.5483 
1.15108  3.92016  1.15108  3.92016  |||| 44.4036 |||| 44.4036 
1.69451  3.5575  1.69451  3.5575  |||| 26.6382 |||| 26.6382 
1.26008  3.79273  1.26008  3.79273  |||| 25.9863 |||| 25.9863 
1.14424  4.09802  1.14424  4.09802  |||| 26.5912 |||| 26.5912 
1.61216  3.34746  1.61216  3.34746  |||| 13.2384 |||| 13.2384 
0.881164  4.0401  0.881164  4.0401  |||| 19.6667 |||| 19.6667 
1.54711  3.51282  1.54711  3.51282  |||| 12.1571 |||| 12.1571 
1.55275  3.41026  1.55275  3.41026  |||| 10.0421 |||| 10.0421 
0.82719  4.34595  0.82719  4.34595  |||| 17.1426 |||| 17.1426 
1.41324  3.55777  1.41324  3.55777  |||| 9.59185 |||| 9.59185 
1.21203  4.04995  1.21203  4.04995  |||| 12.4542 |||| 12.4542 
1.55753  3.65487  1.55753  3.65487  |||| 8.92515 |||| 8.92515 
1.64815  3.28508  1.64815  3.28508  |||| 6.01128 |||| 6.01128 
1.04363  4.05667  1.04363  4.05667  |||| 10.2297 |||| 10.2297 
1.16174  3.83674  1.16174  3.83674  |||| 8.41361 |||| 8.41361 
1.4912  3.82401  1.4912  3.82401  |||| 7.89133 |||| 7.89133 
0.594387  4.40252  0.594387  4.40252  |||| 10.394 |||| 10.394 
1.91521  2.39989  1.91521  2.39989  |||| 1.6702 |||| 1.6702 
1.56364  3.73899  1.56364  3.73899  |||| 6.40269 |||| 6.40269 
1.62275  3.45237  1.62275  3.45237  |||| 4.86975 |||| 4.86975 
1.57726  3.76735  1.57726  3.76735  |||| 5.97603 |||| 5.97603 
1.23842  3.8654  1.23842  3.8654  |||| 6.12431 |||| 6.12431 
1.20108  4.04856  1.20108  4.04856  |||| 6.58807 |||| 6.58807 
1.8466  2.88144  1.8466  2.88144  |||| 2.02332 |||| 2.02332 
0.767125  4.35562  0.767125  4.35562  |||| 7.20319 |||| 7.20319 
0.79994  4.222  0.79994  4.222  |||| 6.49097 |||| 6.49097 
1.61185  3.53584  1.61185  3.53584  |||| 3.99151 |||| 3.99151 
1.32287  4.05787  1.32287  4.05787  |||| 5.53797 |||| 5.53797 
1.3492  3.7964  1.3492  3.7964  |||| 4.54871 |||| 4.54871 
1.54656  3.66271  1.54656  3.66271  |||| 4.00561 |||| 4.00561 
1.17279  4.13961  1.17279  4.13961  |||| 5.28115 |||| 5.28115 
1.90767  2.63617  1.90767  2.63617  |||| 2.0268 |||| 2.0268 
1.81961  3.05317  1.81961  3.05317  |||| 1.98444 |||| 1.98444 
1.65934  3.43102  1.65934  3.43102  |||| 2.94458 |||| 2.94458 
1.6809  3.5805  1.6809  3.5805  |||| 3.2567 |||| 3.2567 
1.80156  3.04359  1.80156  3.04359  |||| 1.98828 |||| 1.98828 
1.49038  3.48014  1.49038  3.48014  |||| 2.8428 |||| 2.8428 
1.90205  3.09251  1.90205  3.09251  |||| 2.22872 |||| 2.22872 
1.3806  3.73619  1.3806  3.73619  |||| 3.31044 |||| 3.31044 
0.790508  4.14254  0.790508  4.14254  |||| 4.16955 |||| 4.16955 
0.768467  4.28829  0.768467  4.28829  |||| 4.40206 |||| 4.40206 
1.28073  3.91368  1.28073  3.91368  |||| 3.47815 |||| 3.47815 
1.6988  3.15115  1.6988  3.15115  |||| 2.06157 |||| 2.06157 
1.37834  3.75  1.37834  3.75  |||| 2.98359 |||| 2.98359 
1.71246  3.09978  1.71246  3.09978  |||| 2.16973 |||| 2.16973 
1.55082  3.75793  1.55082  3.75793  |||| 2.87658 |||| 2.87658 
0.899744  4.21179  0.899744  4.21179  |||| 3.71701 |||| 3.71701 
1.3152  3.72048  1.3152  3.72048  |||| 2.68998 |||| 2.68998 
0.794587  4.31131  0.794587  4.31131  |||| 3.76204 |||| 3.76204 
1.62944  3.35949  1.62944  3.35949  |||| 2.22935 |||| 2.22935 
1.19735  4.02758  1.19735  4.02758  |||| 3.10169 |||| 3.10169 
1.02679  4.08722  1.02679  4.08722  |||| 3.152 |||| 3.152 
1.4406  3.70503  1.4406  3.70503  |||| 2.42035 |||| 2.42035 
1.22337  3.87693  1.22337  3.87693  |||| 2.67567 |||| 2.67567 
1.785  2.7332  1.785  2.7332  |||| 2.88099 |||| 2.88099 
1.92818  3.0788  1.92818  3.0788  |||| 3.30916 |||| 3.30916 
1.77912  3.22042  1.77912  3.22042  |||| 3.01568 |||| 3.01568 
1.80341  3.43552  1.80341  3.43552  |||| 3.15958 |||| 3.15958 
1.57533  3.37478  1.57533  3.37478  |||| 2.63375 |||| 2.63375 
1.16844  3.98774  1.16844  3.98774  |||| 2.59256 |||| 2.59256 
1.65003  3.41429  1.65003  3.41429  |||| 2.99863 |||| 2.99863 
2.06219  2.43706  2.06219  2.43706  |||| 4.29388 |||| 4.29388 
1.57712  3.4179  1.57712  3.4179  |||| 2.96331 |||| 2.96331 
1.75984  3.10547  1.75984  3.10547  |||| 3.62583 |||| 3.62583 
1.40388  3.77564  1.40388  3.77564  |||| 2.60101 |||| 2.60101 
0.930273  4.10273  0.930273  4.10273  |||| 2.52999 |||| 2.52999 
1.45282  3.51335  1.45282  3.51335  |||| 2.9518 |||| 2.9518 
1.49453  3.86649  1.49453  3.86649  |||| 3.20778 |||| 3.20778 
1.73029  3.42199  1.73029  3.42199  |||| 4.20069 |||| 4.20069 
1.18443  4.05395  1.18443  4.05395  |||| 2.32447 |||| 2.32447 
1.3272  3.91688  1.3272  3.91688  |||| 2.93123 |||| 2.93123 
2.04938  2.5341  2.04938  2.5341  |||| 6.06761 |||| 6.06761 
2.14831  2.33432  2.14831  2.33432  |||| 6.76818 |||| 6.76818 
1.10622  3.85211  1.10622  3.85211  |||| 2.33302 |||| 2.33302 
0.689224  4.24738  0.689224  4.24738  |||| 2.4191 |||| 2.4191 
1.35694  4.01208  1.35694  4.01208  |||| 3.8323 |||| 3.8323 
1.47733  3.63632  1.47733  3.63632  |||| 4.6772 |||| 4.6772 
1.58391  3.56156  1.58391  3.56156  |||| 5.54132 |||| 5.54132 
1.58474  3.49229  1.58474  3.49229  |||| 5.88208 |||| 5.88208 
0.813256  4.18881  0.813256  4.18881  |||| 2.20291 |||| 2.20291 
1.20499  4.15932  1.20499  4.15932  |||| 4.12685 |||| 4.12685 
1.36808  3.63865  1.36808  3.63865  |||| 5.61643 |||| 5.61643 
1.11258  3.90297  1.11258  3.90297  |||| 4.06265 |||| 4.06265 
1.38611  3.87408  1.38611  3.87408  |||| 6.74688 |||| 6.74688 
1.60147  3.48098  1.60147  3.48098  |||| 9.39941 |||| 9.39941 
1.29654  3.93321  1.29654  3.93321  |||| 7.24321 |||| 7.24321 
1.33184  3.74305  1.33184  3.74305  |||| 8.50235 |||| 8.50235 
1.52307  3.82742  1.52307  3.82742  |||| 12.1348 |||| 12.1348 
1.64253  3.4464  1.64253  3.4464  |||| 15.8028 |||| 15.8028 
0.817043  4.31438  0.817043  4.31438  |||| 3.96732 |||| 3.96732 
1.64951  3.30647  1.64951  3.30647  |||| 22.9781 |||| 22.9781 
1.40302  3.78458  1.40302  3.78458  |||| 22.6418 |||| 22.6418 
1.30731  3.88044  1.30731  3.88044  |||| 27.9464 |||| 27.9464 
1.23878  3.88281  1.23878  3.88281  |||| 42.1006 |||| 42.1006 
1.56064  3.65042  1.56064  3.65042  |||| 189.385 |||| 189.385 
2  0.000198804  1.92456  1.08824  |||| 1.99953 |||| 10882.4 
0.000868914  4  0.000868914  4  |||| 4 |||| 4 
1.99999  0.0102565  1.99999  0.0102565  |||| 2.00977 |||| 2.00977 
1.99994  0.031066  1.99994  0.031066  |||| 2.03055 |||| 2.03055 
1.99983  0.0523144  1.93629  1.00154  |||| 2.05169 |||| 39.2601 
1.99966  0.0740425  2.01228  0.086666  |||| 2.07323 |||| 2.42654 
1.99942  0.0961315  2.00734  0.104052  |||| 2.09515 |||| 2.26594 
1.99912  0.118788  2.01532  0.134991  |||| 2.11748 |||| 2.40523 
1.99874  0.141918  1.98472  0.493574  |||| 2.14022 |||| 7.44153 
1.99829  0.165559  2.00283  0.170104  |||| 2.16338 |||| 2.22264 
1.99775  0.189633  1.99775  0.189633  |||| 2.18696 |||| 2.18696 
1.99713  0.214332  1.99713  0.214332  |||| 2.21098 |||| 2.21098 
1.99641  0.239478  1.99641  0.239478  |||| 2.23545 |||| 2.23545 
1.9956  0.265213  1.99106  0.377735  |||| 2.26037 |||| 3.21893 
1.99468  0.291547  1.95055  0.904853  |||| 2.28576 |||| 7.09402 
1.99365  0.318432  1.99492  0.319701  |||| 2.31161 |||| 2.32077 
1.99251  0.345877  1.99932  0.352687  |||| 2.33796 |||| 2.38366 
1.99124  0.374021  1.91843  1.13072  |||| 2.36478 |||| 7.14906 
1.98984  0.402744  1.99216  0.405072  |||| 2.39212 |||| 2.40586 
1.9883  0.432108  1.85909  1.51544  |||| 2.41996 |||| 8.48646 
1.98661  0.46216  1.98957  0.464141  |||| 2.44831 |||| 2.45867 
1.98476  0.492885  1.99237  0.500497  |||| 2.4772 |||| 2.51529 
1.98274  0.524315  1.98274  0.524315  |||| 2.50661 |||| 2.50661 
1.98055  0.55649  1.98759  0.563527  |||| 2.53657 |||| 2.56861 
1.97817  0.589341  1.97817  0.589341  |||| 2.56708 |||| 2.56708 
1.97559  0.623014  1.80453  1.74855  |||| 2.59814 |||| 7.29183 
1.9728  0.657442  1.9728  0.657442  |||| 2.62977 |||| 2.62977 
1.96979  0.692657  1.96979  0.692657  |||| 2.66197 |||| 2.66197 
1.96653  0.728682  1.96653  0.728682  |||| 2.69474 |||| 2.69474 
1.96303  0.765526  1.96413  0.76662  |||| 2.72809 |||| 2.73194 
1.95926  0.803222  1.95926  0.803222  |||| 2.76203 |||| 2.76203 
1.95521  0.841806  1.95521  0.841806  |||| 2.79655 |||| 2.79655 
1.95086  0.88128  1.70898  2.09962  |||| 2.83166 |||| 6.74633 
1.94619  0.921657  1.95679  0.932265  |||| 2.86737 |||| 2.90036 
1.94118  0.962938  1.94827  0.970024  |||| 2.90366 |||| 2.92498 
1.93582  1.00518  1.67364  2.19861  |||| 2.94053 |||| 6.43173 
1.93009  1.04836  1.93009  1.04836  |||| 2.97799 |||| 2.97799 
1.92396  1.09251  1.92396  1.09251  |||| 3.01602 |||| 3.01602 
1.9174  1.13769  1.9174  1.13769  |||| 3.05461 |||| 3.05461 
1.9104  1.18383  1.90037  1.25007  |||| 3.09377 |||| 3.26685 
1.90293  1.231  1.90364  1.2317  |||| 3.13346 |||| 3.13524 
1.89497  1.27919  1.89497  1.27919  |||| 3.17369 |||| 3.17369 
1.88649  1.3284  1.88941  1.33133  |||| 3.21442 |||| 3.22147 
1.87745  1.37865  1.87747  1.37858  |||| 3.25564 |||| 3.25567 
1.86783  1.42996  1.86783  1.42996  |||| 3.29732 |||| 3.29732 
1.85761  1.48229  1.85761  1.48229  |||| 3.33943 |||| 3.33943 
1.84673  1.53568  1.84673  1.53568  |||| 3.38194 |||| 3.38194 
1.83519  1.59007  1.84334  1.59822  |||| 3.4248 |||| 3.44232 
1.82293  1.6455  1.82821  1.65077  |||| 3.46798 |||| 3.47904 
1.80993  1.70196  1.80993  1.70196  |||| 3.51141 |||| 3.51142 
1.79615  1.75937  1.79615  1.75937  |||| 3.55508 |||| 3.55508 
1.78154  1.8178  1.78173  1.81798  |||| 3.59888 |||| 3.59924 
1.7661  1.87713  1.69828  2.11268  |||| 3.64276 |||| 4.09985 
1.74976  1.93737  1.74976  1.93737  |||| 3.68666 |||| 3.68666 
1.73249  1.99847  1.73251  1.99849  |||| 3.7305 |||| 3.73054 
1.71426  2.06039  1.71426  2.06039  |||| 3.77419 |||| 3.77419 
1.69504  2.12307  1.70161  2.12925  |||| 3.81763 |||| 3.83245 
1.67477  2.18644  1.73463  1.99759  |||| 3.86074 |||| 3.99876 
1.65345  2.25043  1.65345  2.25043  |||| 3.90341 |||| 3.90341 
1.63102  2.31497  1.63102  2.31497  |||| 3.94552 |||| 3.94552 
1.60747  2.37995  1.60846  2.38095  |||| 3.98698 |||| 3.98945 
1.58274  2.44534  1.35789  2.93817  |||| 4.02761 |||| 4.83934 
1.55685  2.51095  1.19513  3.20729  |||| 4.06733 |||| 5.19527 
1.52974  2.57674  1.52974  2.57674  |||| 4.10603 |||| 4.10603 
1.50143  2.64251  1.50554  2.64663  |||| 4.14347 |||| 4.15483 
1.47187  2.70821  1.48033  2.71668  |||| 4.17961 |||| 4.20366 
1.44108  2.77365  1.44794  2.78052  |||| 4.2143 |||| 4.23438 
1.40902  2.83878  1.41742  2.84718  |||| 4.24733 |||| 4.27264 
1.37574  2.90333  1.37574  2.90333  |||| 4.27861 |||| 4.27861 
1.34122  2.96724  1.37313  2.93071  |||| 4.30799 |||| 4.41049 
1.30549  3.03031  1.30549  3.03031  |||| 4.33533 |||| 4.33533 
1.26858  3.09239  1.26858  3.09239  |||| 4.3605 |||| 4.3605 
1.23049  3.15334  1.24417  3.16702  |||| 4.38336 |||| 4.4321 
1.1913  3.21297  1.20264  3.22431  |||| 4.40382 |||| 4.44574 
1.15102  3.27119  1.29242  3.0624  |||| 4.42173 |||| 4.96513 
1.10972  3.32777  1.126  3.34405  |||| 4.43702 |||| 4.50212 
1.06746  3.38263  1.06746  3.38263  |||| 4.44962 |||| 4.44962 
1.02431  3.43558  1.03172  3.44299  |||| 4.45942 |||| 4.49165 
0.98034  3.48651  0.917971  3.55377  |||| 4.46637 |||| 4.55254 
0.935617  3.53532  0.865213  3.60633  |||| 4.47047 |||| 4.56026 
0.890242  3.58188  0.894003  3.58564  |||| 4.47165 |||| 4.49055 
0.844289  3.62611  0.844289  3.62611  |||| 4.46993 |||| 4.46993 
0.797839  3.66794  1.43664  2.78284  |||| 4.46532 |||| 8.04257 
0.751011  3.70728  0.767419  3.72369  |||| 4.45783 |||| 4.5552 
0.703874  3.74409  0.712185  3.75241  |||| 4.44752 |||| 4.49986 
0.656584  3.77831  0.662427  3.78415  |||| 4.43441 |||| 4.47389 
0.609153  3.80995  0.611876  3.81267  |||| 4.41864 |||| 4.43833 
0.561695  3.83901  0.561695  3.83901  |||| 4.40026 |||| 4.40026 
0.514363  3.86545  0.516869  3.86796  |||| 4.37935 |||| 4.40058 
0.467162  3.88935  0.467162  3.88935  |||| 4.35607 |||| 4.35607 
0.420264  3.91069  0.420921  3.91135  |||| 4.33048 |||| 4.33724 
0.373657  3.92957  0.500954  3.87249  |||| 4.30277 |||| 5.77024 
0.327485  3.94601  0.335298  3.95383  |||| 4.27303 |||| 4.37504 
0.281785  3.9601  0.475971  3.89228  |||| 4.24142 |||| 7.16903 
0.236636  3.9719  0.242702  3.97797  |||| 4.20806 |||| 4.31607 
0.192095  3.98151  0.192095  3.98151  |||| 4.17312 |||| 4.17312 
0.148164  3.98901  0.172451  3.9851  |||| 4.13674 |||| 4.81536 
0.105021  3.99448  0.111648  4.00111  |||| 4.09904 |||| 4.358 
0.0626102  3.99804  0.0697268  4.00516  |||| 4.06018 |||| 4.52452 
0.0209812  3.99978  0.0209812  3.99978  |||| 4.02029 |||| 4.02029 
