2 0.000200887
0.000443811 4
1.99999 0.0102566
1.99994 0.031085
1.99983 0.0523502
1.99966 0.0740597
1.99942 0.0962256
1.99912 0.118865
1.99874 0.141985
1.99829 0.165601
1.99775 0.189727
1.99713 0.214377
1.99641 0.239565
1.9956 0.265306
1.99468 0.291614
1.99365 0.318505
1.9925 0.345996
1.99123 0.374102
1.98983 0.40284
1.98829 0.432227
1.9866 0.462282
1.98475 0.493018
1.98273 0.524455
1.98054 0.556611
1.97816 0.589506
1.97558 0.623155
1.97279 0.657582
1.96977 0.692801
1.96652 0.728833
1.96301 0.765697
1.95924 0.80341
1.95519 0.841995
1.95083 0.881466
1.94616 0.921848
1.94116 0.963149
1.93579 1.00539
1.93006 1.04859
1.92392 1.09276
1.91736 1.13792
1.91036 1.18408
1.90289 1.23125
1.89493 1.27945
1.88644 1.32868
1.8774 1.37894
1.86778 1.43024
1.85755 1.4826
1.84667 1.53598
1.83512 1.5904
1.82286 1.64584
1.80985 1.70229
1.79606 1.75973
1.78146 1.81814
1.766 1.87749
1.74965 1.93774
1.73238 1.99885
1.71415 2.06077
1.69491 2.12345
1.67465 2.18684
1.65331 2.25083
1.63088 2.31538
1.60731 2.38038
1.58259 2.44575
1.55668 2.51137
1.52957 2.57714
1.50124 2.64294
1.47167 2.70864
1.44086 2.77411
1.40881 2.8392
1.37552 2.90376
1.34099 2.96766
1.30525 3.03073
1.26832 3.09281
1.23023 3.15375
1.19102 3.21339
1.15074 3.27158
1.10943 3.32816
1.06716 3.38299
1.024 3.43594
0.980017 3.48687
0.935288 3.53567
0.889899 3.58222
0.843937 3.62644
0.797489 3.66825
0.750656 3.70757
0.703528 3.74435
0.656204 3.77857
0.608774 3.81019
0.561335 3.83922
0.513977 3.86566
0.46679 3.88953
0.419856 3.91087
0.373259 3.92972
0.327074 3.94615
0.28137 3.96022
0.236218 3.972
0.19167 3.98159
0.147789 3.98906
0.104614 3.99452
0.0621919 3.99807
0.0205575 3.99979
