2.00187 0.0346448
0.0651905 3.9999
2.00182 0.0444588
2.00174 0.0615125
2.00152 0.0836854
2.00126 0.106222
2.00095 0.127256
2.00057 0.149746
2.00012 0.172111
1.99961 0.19493
1.99898 0.218214
1.9983 0.241988
1.99752 0.266556
1.99666 0.291439
1.9957 0.316788
1.99462 0.342953
1.99344 0.369509
1.99214 0.396734
1.99071 0.424519
1.98915 0.452923
1.98744 0.482027
1.98559 0.511724
1.98358 0.542169
1.98142 0.573304
1.97904 0.605113
1.97648 0.63766
1.97375 0.670677
1.97077 0.704966
1.96757 0.739868
1.96414 0.775518
1.96046 0.811996
1.95651 0.849337
1.95227 0.887458
1.94773 0.926561
1.94288 0.966513
1.93769 1.00739
1.93214 1.04919
1.92622 1.09188
1.9199 1.13564
1.91314 1.18032
1.90596 1.22599
1.89831 1.27257
1.89014 1.32033
1.88147 1.36901
1.87225 1.41872
1.86244 1.46946
1.85203 1.52122
1.84097 1.574
1.82923 1.62779
1.8168 1.68257
1.80363 1.73835
1.78968 1.79509
1.77492 1.85278
1.75932 1.91137
1.74284 1.97084
1.72544 2.03114
1.70709 2.09224
1.68776 2.15405
1.66741 2.21651
1.64601 2.27959
1.62353 2.34315
1.59994 2.40716
1.57523 2.47148
1.54935 2.53602
1.5223 2.60068
1.49407 2.66534
1.46464 2.72985
1.434 2.79412
1.40217 2.85797
1.36913 2.92129
1.33491 2.98391
1.29954 3.04571
1.26302 3.1065
1.2254 3.16611
1.18672 3.22445
1.14703 3.28135
1.10637 3.33667
1.06479 3.39028
1.0224 3.44202
0.97926 3.49176
0.935417 3.53946
0.890947 3.58498
0.845999 3.6282
0.800582 3.66912
0.754851 3.70761
0.708854 3.74368
0.662705 3.77727
0.616492 3.80836
0.570287 3.83697
0.524199 3.8631
0.478295 3.88677
0.432644 3.90803
0.387345 3.92692
0.342459 3.94349
0.298027 3.95782
0.254182 3.96995
0.210915 3.98
0.168277 3.98804
0.126337 3.99415
0.0851112 3.99844
