0.0610573  0.751479  5.8986  6.76163  2.2984  1.53428  9.38068  10.3097  9.53751  12.5127  13.4711  8.19706  2.30758  5.07547  23.7535  26.8845  29.8465  20.0201  33.2491  19.4454  37.8226  30.0228  34.846  28.5682  0.0305286  0.18787  0.983101  0.845204  0.22984  0.127856  0.670049  0.644359  0.529862  0.625637  0.612324  0.341544  0.0887531  0.181267  0.791782  0.840141  0.877839  0.556113  0.874976  0.486135  0.900537  0.682336  0.757521  0.595171  
0.245336  0.69506  4.78562  2.74039  4.89541  10.7918  6.51935  15.6044  3.26099  19.8179  14.8904  16.555  3.15046  16.0776  26.1926  20.443  23.5139  24.4131  21.2707  5.52254  4.50746  23.3462  5.46006  20.9122  0.122668  0.173765  0.797604  0.342548  0.489541  0.899316  0.465668  0.975276  0.181166  0.990894  0.676835  0.689791  0.121171  0.574201  0.873087  0.638845  0.691586  0.678141  0.559756  0.138063  0.10732  0.530596  0.118697  0.43567  
0.477609  0.309007  5.7847  7.94147  4.3271  7.10012  6.29065  9.86618  5.85154  5.98291  3.30544  22.7907  22.0387  26.6874  21.1743  7.8312  11.9069  25.8477  14.9995  18.984  34.2426  16.576  35.5856  29.4758  0.238805  0.0772517  0.964116  0.992684  0.43271  0.591677  0.449332  0.616636  0.325086  0.299145  0.150247  0.949614  0.847642  0.953121  0.70581  0.244725  0.350202  0.717993  0.394725  0.474601  0.815301  0.376726  0.7736  0.614079  
0.360338  0.694395  2.76338  5.81025  1.06205  2.45516  8.93935  14.7672  6.01227  16.5956  21.3564  2.91032  20.9695  19.4849  24.1597  29.8808  29.5632  24.0935  3.56604  13.7601  31.6303  27.4175  41.3589  47.295  0.180169  0.173599  0.460563  0.726281  0.106205  0.204596  0.638525  0.922952  0.334015  0.829779  0.970747  0.121263  0.80652  0.695889  0.805322  0.933774  0.869507  0.669264  0.0938433  0.344003  0.753102  0.623124  0.899107  0.985313  
0.798898  3.96626  2.05462  3.21938  3.20987  1.77283  6.17649  15.3545  9.22396  8.42606  11.7636  14.7424  13.1015  8.67123  22.6675  20.955  15.5263  15.7728  35.1358  35.4727  18.381  25.6664  12.9963  23.4122  0.399449  0.991564  0.342437  0.402423  0.320987  0.147736  0.441178  0.959653  0.512442  0.421303  0.534708  0.614268  0.503904  0.309687  0.755584  0.654842  0.456656  0.438133  0.924625  0.886816  0.437642  0.583327  0.282529  0.487753  
0.59502  3.74606  4.23928  0.761437  8.86959  0.802023  1.95536  5.35453  16.2127  3.63165  4.10892  18.9409  11.144  16.7898  29.1206  5.48313  26.1482  24.2762  19.3954  36.1323  27.1114  25.6883  19.7989  33.0087  0.29751  0.936515  0.706547  0.0951797  0.886959  0.0668352  0.139668  0.334658  0.900704  0.181583  0.186769  0.789204  0.428615  0.599634  0.970686  0.171348  0.769066  0.674339  0.510405  0.903308  0.64551  0.583825  0.43041  0.68768  
1.38734  3.98294  5.44642  4.03583  5.41637  4.54112  3.86813  7.51601  10.6008  3.84121  5.79997  11.1931  5.83141  22.1131  2.87989  26.4146  20.8002  26.1771  31.5179  22.495  17.7088  15.7217  32.0064  9.56299  0.69367  0.995734  0.907737  0.504478  0.541637  0.378427  0.276295  0.469751  0.588932  0.192061  0.263635  0.466379  0.224285  0.789753  0.0959964  0.825455  0.611772  0.727142  0.829417  0.562375  0.421639  0.357311  0.695792  0.199229  
1.77884  0.378582  2.04393  6.73652  6.89926  0.100776  13.9839  2.17899  13.7187  6.88885  3.60642  22.1891  16.5967  0.690432  20.0923  1.87594  6.15953  18.3942  21.702  17.5535  39.6157  40.9595  15.0403  44.5613  0.889419  0.0946454  0.340654  0.842065  0.689926  0.008398  0.998853  0.136187  0.762148  0.344442  0.163928  0.924545  0.638336  0.0246583  0.669742  0.0586233  0.181163  0.510949  0.571106  0.438839  0.94323  0.930897  0.326962  0.92836  
1.86915  0.95447  1.70205  0.564031  6.54947  2.33651  11.1888  1.78039  13.8809  16.778  1.85095  17.4445  8.63378  7.42671  26.3511  13.1549  9.354  16.695  21.8102  17.016  28.9776  17.0947  2.89146  32.2282  0.934575  0.238618  0.283675  0.0705038  0.654947  0.194709  0.7992  0.111274  0.771161  0.838902  0.084134  0.726854  0.332068  0.26524  0.878371  0.411092  0.275118  0.463751  0.573953  0.4254  0.689943  0.388517  0.0628578  0.671422  
0.429517  1.662  4.29113  7.09678  9.55117  3.62669  10.4756  4.12569  8.70568  16.4969  11.9177  6.8507  4.31765  23.6292  8.84057  24.7593  25.5644  30.6918  11.3456  4.838  19.057  16.9374  27.8551  34.5519  0.214759  0.4155  0.715188  0.887097  0.955117  0.302224  0.748259  0.257855  0.483649  0.824846  0.541712  0.285446  0.166063  0.8439  0.294686  0.773728  0.751894  0.852549  0.298568  0.12095  0.453738  0.384942  0.605546  0.719832  
0.820791  2.26769  4.04077  5.82758  1.05072  10.629  4.5196  10.7365  5.41503  0.689077  13.5728  18.0237  25.6803  19.4806  18.1049  9.01861  29.6026  3.25677  6.9168  29.469  8.91369  42.5309  3.03345  1.37354  0.410395  0.566923  0.673462  0.728447  0.105072  0.885746  0.322828  0.671033  0.300835  0.0344539  0.616944  0.750987  0.987704  0.695737  0.603495  0.281832  0.870664  0.090466  0.182021  0.736726  0.212231  0.966611  0.0659446  0.0286154  
0.211548  0.932949  3.19939  0.521874  3.86442  7.00545  2.2725  8.94734  2.46016  18.1288  14.0922  16.7293  25.8181  11.2576  23.659  9.01342  23.7679  9.83538  24.0323  38.5329  38.3608  27.9043  15.9126  32.9253  0.105774  0.233237  0.533232  0.0652342  0.386442  0.583788  0.162321  0.559209  0.136675  0.906442  0.640555  0.697056  0.993004  0.402057  0.788635  0.281669  0.699055  0.273205  0.63243  0.963323  0.913351  0.634188  0.345926  0.685944  
0.157341  0.138031  0.369527  0.984587  3.20117  8.86518  9.75523  12.7832  6.52208  18.5289  20.6407  23.2182  11.2952  11.2362  26.9786  2.78149  14.3137  32.3094  0.788977  20.9675  41.4352  17.1709  7.55342  0.924317  0.0786705  0.0345077  0.0615879  0.123073  0.320117  0.738765  0.696802  0.798948  0.362338  0.926446  0.938214  0.967424  0.434429  0.401293  0.899286  0.0869215  0.420992  0.897482  0.0207626  0.524187  0.986553  0.390247  0.164205  0.0192566  
1.26234  3.81942  2.38484  0.386342  5.59245  7.54129  4.07935  13.0867  12.3827  18.6407  2.19625  1.77834  14.1959  9.97895  18.3598  10.0424  33.669  19.7096  28.6221  8.84428  20.1438  32.1566  23.5017  41.5632  0.631168  0.954856  0.397474  0.0482927  0.559245  0.628441  0.291382  0.817922  0.687928  0.932036  0.0998296  0.0740977  0.545997  0.356391  0.611994  0.313826  0.990265  0.547488  0.753213  0.221107  0.479613  0.730833  0.510907  0.8659  
1.01425  2.69412  2.6415  3.16612  9.87178  10.186  2.37262  12.0821  7.96899  5.05612  4.87874  13.4278  20.3534  6.92003  10.8525  9.7873  8.83163  32.863  22.5366  27.2208  37.4421  38.4635  37.656  35.1838  0.507125  0.673531  0.44025  0.395764  0.987178  0.848832  0.169473  0.755133  0.442722  0.252806  0.221761  0.559493  0.782823  0.247144  0.361751  0.305853  0.259754  0.912861  0.593068  0.680521  0.891478  0.87417  0.81861  0.732997  
1.75292  1.62763  1.40948  0.165978  6.70876  11.7494  7.86577  9.03257  0.554291  4.98784  8.49513  5.73959  9.91192  16.6677  27.2956  21.4103  21.351  15.4331  4.52873  21.8702  10.3344  11.2917  9.97798  29.1535  0.876459  0.406908  0.234913  0.0207472  0.670876  0.979114  0.561841  0.564535  0.0307939  0.249392  0.386142  0.23915  0.381228  0.595276  0.909853  0.669073  0.62797  0.428698  0.119177  0.546754  0.246058  0.256629  0.216913  0.607365  
1.06888  1.21162  5.05255  3.3631  3.29727  0.055565  8.96159  12.1154  14.4712  7.6305  21.7429  21.275  18.7273  17.0813  29.4198  9.46356  20.6797  30.8884  0.458206  20.9183  19.0672  40.5608  33.6885  10.0876  0.534439  0.302906  0.842092  0.420387  0.329727  0.00463042  0.640113  0.757214  0.803953  0.381525  0.988314  0.886458  0.72028  0.610047  0.980659  0.295736  0.608227  0.858011  0.0120581  0.522959  0.45398  0.921836  0.732358  0.210159  
0.904155  1.63747  0.517213  4.03181  1.87917  2.30929  9.012  6.95277  7.54704  17.0428  13.5149  4.87123  13.8373  22.0402  9.91472  8.82592  11.0384  11.2578  8.60957  23.9778  6.71133  27.8015  38.2536  1.76832  0.452078  0.409368  0.0862021  0.503977  0.187917  0.19244  0.643714  0.434548  0.41928  0.852139  0.614314  0.202968  0.532202  0.787151  0.330491  0.27581  0.32466  0.312718  0.226568  0.599444  0.159794  0.631852  0.8316  0.03684  
1.43823  0.195495  0.344414  1.81495  4.05783  7.20271  5.73366  8.96148  12.749  17.2768  7.53792  18.8584  7.30633  24.7726  2.82939  3.58931  21.6884  34.9208  21.5346  26.8984  24.4241  16.2971  0.104909  36.2634  0.719115  0.0488738  0.0574023  0.226868  0.405783  0.600226  0.409547  0.560093  0.708275  0.863839  0.342633  0.785766  0.281013  0.884737  0.0943129  0.112166  0.637893  0.970022  0.5667  0.67246  0.581527  0.370388  0.00228062  0.755488  
0.892418  0.528881  3.63601  4.67928  4.08043  0.0804662  2.5623  12.293  0.843325  8.36851  7.47154  10.8185  18.3028  5.83944  25.9186  18.8029  14.7821  24.9608  3.77791  24.3226  11.2519  10.4104  4.43994  1.9119  0.446209  0.13222  0.606002  0.58491  0.408043  0.00670552  0.183022  0.768312  0.0468514  0.418426  0.339615  0.450772  0.703954  0.208551  0.863954  0.587592  0.434768  0.693356  0.0994188  0.608065  0.267903  0.236601  0.0965205  0.0398313  
0.82254  2.43407  5.96691  0.785119  1.98576  6.93479  1.26206  13.769  16.1873  4.97596  2.42004  10.6001  4.97253  15.7363  4.6206  23.9262  10.2274  18.5637  6.44502  39.265  8.69834  11.4207  2.78382  32.2713  0.41127  0.608518  0.994485  0.0981399  0.198576  0.577899  0.0901474  0.860565  0.899292  0.248798  0.110002  0.44167  0.191251  0.562009  0.15402  0.747692  0.300805  0.515657  0.169606  0.981624  0.207103  0.259562  0.0605179  0.672318  
1.18147  3.37077  5.78074  5.98341  2.77954  0.962718  9.66102  12.9853  11.1996  8.61184  9.79112  8.74238  6.66307  0.531596  25.5516  31.8528  17.7577  26.9549  7.30836  30.4912  26.9933  28.2695  1.80791  26.6188  0.590733  0.842691  0.963456  0.747926  0.277954  0.0802265  0.690073  0.811581  0.622202  0.430592  0.445051  0.364266  0.256272  0.0189856  0.85172  0.995401  0.522287  0.748747  0.192325  0.762279  0.642698  0.642488  0.0393024  0.554558  
0.802416  0.616266  3.08722  1.21708  1.66705  9.11304  8.47175  4.70764  5.82125  14.6302  14.4757  20.134  8.10296  15.4976  5.47691  16.3539  16.6316  4.33069  29.8012  30.0902  11.9455  3.86636  39.3161  6.87033  0.401208  0.154066  0.514537  0.152135  0.166705  0.75942  0.605125  0.294227  0.323403  0.731508  0.657985  0.838916  0.311652  0.553486  0.182564  0.511059  0.489164  0.120297  0.784243  0.752255  0.284417  0.0878718  0.854698  0.143132  
0.0660287  2.72681  4.5299  1.70976  6.38648  3.92202  3.57373  11.1568  12.6293  4.00998  10.1522  11.7856  5.19805  8.18677  9.58611  14.9776  5.00549  7.83069  15.1595  28.7834  39.64  22.8227  27.0301  24.6966  0.0330144  0.681703  0.754984  0.21372  0.638648  0.326835  0.255266  0.697302  0.701629  0.200499  0.461465  0.491066  0.199925  0.292385  0.319537  0.468051  0.14722  0.217519  0.398934  0.719585  0.943809  0.518698  0.58761  0.514513  
0.520902  2.90576  5.22753  1.41163  9.18068  7.82511  5.87779  1.57124  1.70431  4.7424  19.2529  8.87286  3.54566  6.84055  26.6188  13.9983  22.7943  14.3931  12.8717  10.521  0.726024  5.54863  32.2307  40.1955  0.260451  0.726441  0.871255  0.176453  0.918068  0.652092  0.419842  0.0982025  0.0946839  0.23712  0.875132  0.369703  0.136372  0.244305  0.887295  0.437447  0.670422  0.399809  0.338728  0.263025  0.0172863  0.126105  0.700667  0.837406  
1.66542  1.02053  2.82061  7.65802  4.62886  8.01228  3.10144  8.89719  2.92944  14.3097  1.02277  3.11641  6.68207  5.01166  6.14229  11.316  33.265  21.6828  32.9211  3.48835  18.5711  41.1392  31.7866  15.469  0.83271  0.255134  0.470102  0.957252  0.462886  0.66769  0.221531  0.556075  0.162747  0.715483  0.0464896  0.12985  0.257003  0.178988  0.204743  0.353626  0.978383  0.602299  0.866346  0.0872089  0.44217  0.934982  0.691012  0.322271  
0.0495366  1.53791  4.95419  7.20781  5.58327  5.66971  13.7557  1.91548  11.2712  2.20834  6.55124  13.8003  9.32778  1.52629  4.34054  25.5513  15.8382  15.7675  6.19731  35.6632  3.38837  40.232  15.2091  38.4897  0.0247683  0.384477  0.825698  0.900976  0.558327  0.472476  0.982551  0.119718  0.62618  0.110417  0.297784  0.575011  0.358761  0.0545105  0.144685  0.798477  0.465829  0.437986  0.163087  0.891581  0.0806754  0.914364  0.330632  0.801868  
0.501827  2.76065  2.10445  7.40795  1.8836  7.61717  11.393  2.69003  17.1841  4.61919  6.73993  5.6376  3.11926  27.9778  24.4587  30.8256  7.18142  28.8076  29.5403  35.3599  3.88919  36.4037  31.9749  0.978129  0.250913  0.690163  0.350742  0.925994  0.18836  0.634764  0.813786  0.168127  0.954672  0.23096  0.30636  0.2349  0.119972  0.999207  0.815291  0.9633  0.211218  0.800212  0.777376  0.883997  0.0925999  0.827356  0.695106  0.0203777  
1.47093  0.136021  2.3464  2.80765  9.77882  5.16234  3.8338  3.99337  14.7449  19.7248  18.4215  5.86826  0.905965  20.5364  8.71339  3.62977  28.9031  24.4577  24.4271  7.40334  23.6872  13.1177  28.4356  11.3444  0.735464  0.0340052  0.391067  0.350956  0.977882  0.430195  0.273843  0.249586  0.819163  0.986241  0.837339  0.244511  0.0348448  0.733444  0.290446  0.11343  0.850092  0.679381  0.642817  0.185084  0.563981  0.298128  0.618165  0.236342  
0.145419  3.49422  2.72495  4.04059  3.56637  6.77295  9.12465  4.66617  17.6016  13.7635  15.8884  15.5144  19.6085  10.9285  11.3782  22.2908  6.71224  15.8643  9.72346  29.4189  30.1444  3.71991  28.927  43.5129  0.0727095  0.873554  0.454159  0.505073  0.356637  0.564413  0.651761  0.291636  0.977868  0.688173  0.722198  0.646435  0.754172  0.390303  0.379274  0.696586  0.197419  0.440675  0.25588  0.735473  0.717725  0.0845433  0.628849  0.906518  
0.215292  2.85705  5.97313  7.4741  0.801398  9.3357  3.8879  13.7063  8.58367  9.73802  2.74018  4.8658  17.0036  13.1092  24.0182  14.0267  33.3333  8.28154  15.3675  24.3107  31.7838  19.4378  18.0474  37.9728  0.107646  0.714263  0.995522  0.934262  0.0801398  0.777975  0.277707  0.856645  0.476871  0.486901  0.124553  0.202742  0.653984  0.468184  0.800606  0.438334  0.980391  0.230043  0.404407  0.607769  0.756757  0.441767  0.392334  0.7911  
0.530062  2.23262  4.69341  3.91389  3.6384  3.06501  13.7045  3.16876  14.2592  15.4037  18.7465  18.188  4.80007  18.6184  28.3847  5.21745  22.5545  33.5709  15.8802  33.3535  29.3321  9.83812  25.0866  10.7348  0.265031  0.558154  0.782235  0.489236  0.36384  0.255418  0.978895  0.198048  0.792176  0.770183  0.852114  0.757835  0.184618  0.664944  0.946158  0.163045  0.663367  0.932525  0.417901  0.833837  0.698384  0.223594  0.54536  0.223642  
1.10315  0.724429  1.79029  2.96557  8.77517  1.25326  6.83093  12.6612  5.9264  1.37364  18.174  4.28883  15.4638  5.61675  17.1794  25.4235  21.3399  9.88463  6.81292  39.3595  18.8471  23.311  13.0482  30.5249  0.551575  0.181107  0.298381  0.370696  0.877517  0.104439  0.487923  0.791327  0.329245  0.068682  0.826091  0.178701  0.594761  0.200598  0.572648  0.794485  0.627643  0.274573  0.179287  0.983987  0.44874  0.529794  0.283656  0.635936  
0.51288  3.46975  2.57739  5.9053  0.280849  11.2423  11.8765  13.7121  2.70868  10.9577  17.9757  15.0151  14.6137  10.7349  24.9003  27.9126  14.0379  34.7197  1.19938  22.7107  12.1503  38.2402  8.36596  5.4789  0.25644  0.867438  0.429565  0.738163  0.0280849  0.936861  0.848322  0.857007  0.150482  0.547886  0.817078  0.625628  0.562067  0.383389  0.830011  0.872269  0.412879  0.964435  0.0315627  0.567766  0.289292  0.869096  0.181869  0.114144  
1.86701  3.87925  3.85484  6.799  5.46084  7.26844  8.5531  5.23647  11.9968  14.1534  15.8048  16.3133  21.464  11.8355  4.83849  24.7428  15.2329  25.8859  31.9501  23.512  34.556  19.1472  7.01946  21.7519  0.933507  0.969814  0.642473  0.849875  0.546084  0.605704  0.610936  0.32728  0.666487  0.707668  0.7184  0.67972  0.825537  0.422696  0.161283  0.773214  0.448026  0.719052  0.840791  0.587799  0.822762  0.435163  0.152597  0.453164  
1.58302  3.96369  5.59137  7.58533  8.6893  8.58604  12.1029  5.18744  4.12317  16.886  16.8935  16.4499  13.145  23.4288  23.0733  25.9331  0.208473  27.3634  30.0129  11.0662  4.05426  40.6061  15.1324  39.4776  0.79151  0.990922  0.931895  0.948166  0.86893  0.715503  0.864493  0.324215  0.229065  0.844302  0.767887  0.685414  0.505577  0.836745  0.769109  0.81041  0.00613156  0.760095  0.789813  0.276655  0.09653  0.922867  0.328965  0.822449  
1.17798  3.34622  0.75998  3.95334  3.46673  1.78981  10.7202  2.89757  5.15411  6.19282  9.67162  0.342462  6.24836  21.1258  12.7789  30.1127  33.5782  5.15605  9.53223  3.8548  8.61734  11.6826  0.440956  22.4262  0.58899  0.836555  0.126663  0.494168  0.346673  0.149151  0.765725  0.181098  0.286339  0.309641  0.439619  0.0142693  0.240321  0.754494  0.425964  0.941021  0.987594  0.143224  0.250848  0.09637  0.205175  0.265513  0.009586  0.467212  
0.701541  3.63303  3.68937  0.901043  7.84866  10.9865  11.9642  0.8962  10.4037  15.2698  6.5373  17.5226  24.0266  6.77909  24.7808  9.07012  19.0254  15.8136  25.251  17.2121  37.3713  22.0501  8.8263  19.5959  0.35077  0.908257  0.614895  0.11263  0.784866  0.91554  0.854584  0.0560125  0.577985  0.763491  0.29715  0.730108  0.924102  0.24211  0.826027  0.283441  0.55957  0.439266  0.664501  0.430302  0.889793  0.501139  0.191876  0.408248  
1.24597  2.51312  3.45463  4.89759  8.42314  8.7462  8.69585  9.98178  3.71616  16.7851  16.5086  22.2983  3.61255  3.21677  15.3262  27.3977  25.0506  4.1173  21.5698  36.5559  35.9319  18.6622  11.3616  37.9817  0.622984  0.628281  0.575772  0.612198  0.842314  0.72885  0.621132  0.623861  0.206454  0.839256  0.750391  0.929095  0.138944  0.114885  0.510874  0.856178  0.736782  0.11437  0.567627  0.913897  0.855521  0.42414  0.246991  0.791285  
0.77163  3.43413  2.01295  2.16914  2.6001  10.4027  9.2878  2.65412  9.62966  16.5837  18.5545  18.1087  18.3046  12.71  24.2706  17.8018  4.8568  27.8734  23.5476  36.6013  39.9688  14.2059  27.0998  45.9435  0.385815  0.858532  0.335491  0.271142  0.26001  0.866891  0.663415  0.165882  0.534981  0.829183  0.843388  0.75453  0.704022  0.45393  0.80902  0.556308  0.142847  0.77426  0.619674  0.915033  0.951639  0.32286  0.589125  0.957156  
0.522992  3.84081  1.81988  5.18101  1.84369  8.43438  9.17079  2.46033  1.48141  14.9143  21.0443  18.2521  2.55833  12.4753  9.13686  1.07275  23.2025  4.20822  8.87311  18.6049  0.965684  20.9329  16.0889  14.2146  0.261496  0.960202  0.303313  0.647626  0.184369  0.702865  0.655056  0.15377  0.0823008  0.745717  0.956559  0.760505  0.0983973  0.445546  0.304562  0.0335235  0.682425  0.116895  0.233503  0.465123  0.0229925  0.475748  0.349758  0.296137  
1.99424  0.391069  1.80316  7.4763  5.00182  10.0152  6.93371  13.2655  1.24393  19.5259  11.6246  1.52528  3.97653  6.8725  17.2892  4.54084  27.3379  27.3159  2.30419  0.23663  32.8237  17.2703  28.8551  5.50772  0.997121  0.0977671  0.300526  0.934537  0.500182  0.8346  0.495265  0.829092  0.0691072  0.976293  0.528389  0.0635532  0.152944  0.245446  0.576306  0.141901  0.804057  0.758774  0.0606366  0.00591576  0.781516  0.392508  0.627285  0.114744  
0.395508  0.199508  5.12327  4.58085  6.10026  11.1652  2.34995  6.41238  12.0557  11.6297  12.1402  0.613691  5.27961  8.54965  22.4161  6.69914  2.5245  14.0465  21.4041  28.17  14.7227  19.6264  23.1684  42.7146  0.197754  0.049877  0.853879  0.572606  0.610026  0.930437  0.167854  0.400774  0.669763  0.581484  0.551827  0.0255704  0.203062  0.305345  0.747202  0.209348  0.0742499  0.390181  0.563267  0.704251  0.350541  0.446054  0.503661  0.889887  
1.50715  3.16327  4.08537  5.87469  3.6673  4.56436  10.7805  9.71799  14.5703  15.132  11.0316  8.93632  14.6963  0.521674  17.9525  30.3178  21.3166  7.60331  29.9607  10.2793  6.46679  32.8787  9.15707  44.6507  0.753577  0.790818  0.680895  0.734337  0.36673  0.380364  0.770036  0.607374  0.809463  0.756602  0.501434  0.372347  0.565241  0.0186312  0.598417  0.94743  0.626959  0.211203  0.788438  0.256982  0.153971  0.747243  0.199067  0.930224  
1.91324  2.48839  5.76973  6.55294  7.21751  10.6405  10.011  10.0878  8.51833  13.2989  11.2011  8.90255  21.6743  15.6135  23.0545  29.4978  23.5656  17.9563  14.2357  27.5878  17.3442  29.0003  22.3849  2.22152  0.956621  0.622099  0.961622  0.819118  0.721751  0.886706  0.71507  0.630487  0.473241  0.664947  0.509141  0.370939  0.833628  0.557626  0.768484  0.921806  0.693105  0.498786  0.374622  0.689696  0.412957  0.659099  0.486628  0.0462817  
1.26209  1.72948  0.747974  1.84897  9.62999  9.6056  10.8257  13.5471  5.89819  16.2052  18.5846  9.65219  15.825  21.7317  13.1216  29.476  31.4986  16.3088  3.5043  27.5905  38.2729  37.3583  41.1834  20.9979  0.631043  0.43237  0.124662  0.231122  0.962999  0.800466  0.773266  0.846695  0.327677  0.810259  0.844753  0.402174  0.608652  0.776133  0.437386  0.921124  0.92643  0.453021  0.0922185  0.689762  0.911259  0.849053  0.895292  0.437456  
0.946766  3.27915  5.975  6.30885  3.72483  2.07826  1.91563  15.6507  14.0719  14.6591  13.3316  19.1929  23.6652  5.25348  20.3682  2.6264  0.835923  22.5478  6.83391  14.3886  35.6121  7.83136  1.2306  36.3051  0.473383  0.819788  0.995833  0.788606  0.372483  0.173188  0.136831  0.978171  0.781771  0.732954  0.605982  0.799706  0.910198  0.187624  0.678939  0.082075  0.024586  0.626328  0.17984  0.359714  0.847907  0.177985  0.0267522  0.756357  
0.605897  2.4501  5.97865  5.89813  2.13366  6.6013  8.29349  9.9167  16.4214  17.9458  16.7074  6.03569  10.387  6.01373  11.6634  0.561597  6.80423  11.4197  37.5075  31.5402  12.641  3.88874  8.0865  20.22  0.302949  0.612524  0.996442  0.737267  0.213366  0.550109  0.592392  0.619793  0.912301  0.897289  0.759426  0.251487  0.399499  0.214776  0.388781  0.0175499  0.200125  0.317215  0.987039  0.788506  0.300977  0.0883804  0.175794  0.42125  
0.914492  3.52973  1.86699  7.84289  4.45562  2.57345  8.95394  2.50468  4.14483  8.78743  18.8952  3.33053  24.604  4.76239  1.84811  15.4216  31.1727  28.6682  1.27513  18.5659  13.1433  1.21881  25.315  12.7744  0.457246  0.882431  0.311165  0.980361  0.445562  0.214454  0.639567  0.156543  0.230268  0.439372  0.858873  0.138772  0.946309  0.170085  0.0616036  0.481926  0.916844  0.796339  0.0335562  0.464147  0.312935  0.0277001  0.550326  0.266134  
0.531232  3.98279  4.67119  6.10605  6.79216  5.19735  9.07981  5.26945  8.47318  5.12757  10.2855  15.0888  15.3305  23.0888  11.1885  17.1903  14.2421  18.8228  27.2313  23.9127  38.0766  5.01468  17.0829  38.4282  0.265616  0.995698  0.778532  0.763257  0.679216  0.433113  0.648558  0.329341  0.470732  0.256379  0.467525  0.628701  0.589635  0.824602  0.372951  0.537198  0.418885  0.522855  0.716614  0.597818  0.906586  0.11397  0.371368  0.800587  
0.686482  1.64539  0.476233  5.05664  9.6322  7.7231  4.17981  11.5126  9.19725  10.6212  8.97208  21.5386  23.188  26.4715  15.8593  2.14885  27.017  35.4469  9.07416  28.8737  30.5484  31.7619  5.50432  31.1641  0.343241  0.411347  0.0793722  0.63208  0.96322  0.643592  0.298558  0.719538  0.510959  0.53106  0.407822  0.89744  0.891847  0.945412  0.528644  0.0671515  0.794618  0.984635  0.238794  0.721842  0.727342  0.721861  0.119659  0.649253  
1.33321  1.27777  3.08863  1.94379  0.952896  0.0469828  8.2179  2.11854  4.98471  17.3848  6.39413  8.74379  19.7161  8.57164  27.102  12.1861  7.46424  10.9829  29.0829  28.3583  36.4714  14.2844  25.2718  47.9887  0.666603  0.319442  0.514771  0.242974  0.0952896  0.00391524  0.586993  0.132409  0.276928  0.86924  0.290642  0.364325  0.75831  0.30613  0.903401  0.380817  0.219537  0.30508  0.76534  0.708958  0.868368  0.324647  0.549388  0.999764  
0.113013  2.94039  4.00871  7.43307  1.40361  4.15825  1.71034  3.55615  5.2463  10.1688  16.4491  7.12831  22.788  21.2471  11.2489  23.0558  26.0233  14.4907  31.7626  38.4465  38.9245  36.6767  38.7581  41.1007  0.0565064  0.735098  0.668119  0.929133  0.140361  0.34652  0.122167  0.222259  0.291461  0.508442  0.747686  0.297013  0.876461  0.758826  0.374963  0.720495  0.765392  0.40252  0.835858  0.961163  0.926775  0.833561  0.842567  0.856264  
0.225481  1.56792  3.2345  1.20527  7.17984  1.42457  2.1809  15.7562  17.7944  9.3496  9.99518  5.30257  18.3465  8.10283  4.12097  11.8154  33.7733  20.2273  1.94297  20.3741  27.8809  27.6696  31.7759  11.5971  0.11274  0.391979  0.539083  0.150659  0.717984  0.118714  0.155779  0.984761  0.98858  0.46748  0.454326  0.220941  0.705634  0.289387  0.137366  0.369232  0.993333  0.561871  0.0511307  0.509352  0.66383  0.628854  0.69078  0.241606  
0.610241  3.92215  5.31827  1.98039  3.8014  4.88155  2.50817  10.0128  6.64803  14.5778  14.2324  5.49695  11.8247  23.5837  4.98879  29.3809  16.2729  34.4503  22.2406  28.549  29.174  11.8835  14.0615  26.5438  0.30512  0.980539  0.886379  0.247549  0.38014  0.406796  0.179155  0.625798  0.369335  0.728892  0.646928  0.22904  0.454794  0.842273  0.166293  0.918154  0.478616  0.956953  0.58528  0.713725  0.694619  0.270079  0.305685  0.552995  
0.588286  0.225776  1.43201  5.27179  1.06176  11.275  6.30731  14.6251  2.46507  18.0848  17.0421  4.00621  23.8583  25.8982  4.53682  26.9761  21.8155  35.3948  31.343  17.1036  40.8469  4.49483  8.00675  26.1115  0.294143  0.056444  0.238668  0.658974  0.106176  0.939584  0.450522  0.914068  0.136949  0.904238  0.774641  0.166926  0.917628  0.924935  0.151227  0.843002  0.641633  0.98319  0.824816  0.42759  0.972546  0.102155  0.17406  0.543989  
1.76092  2.7942  2.78717  0.468617  3.26359  9.22914  5.56758  10.497  6.65738  16.0226  11.9193  22.6758  0.92066  4.26122  19.7154  4.7786  18.6691  2.3985  31.712  18.6587  39.2445  19.5168  8.40407  18.3892  0.880458  0.698549  0.464528  0.0585771  0.326359  0.769095  0.397684  0.656061  0.369855  0.80113  0.541787  0.944825  0.03541  0.152187  0.657181  0.149331  0.54909  0.066625  0.834527  0.466467  0.934392  0.443563  0.182697  0.383109  
0.270112  0.549709  5.40267  0.245865  9.61571  7.11562  6.6369  14.1755  17.3867  7.48096  11.3787  21.6871  1.50732  18.1554  1.36786  2.40462  23.3546  2.83606  33.5738  9.55875  38.1489  20.6197  29.7537  14.4451  0.135056  0.137427  0.900445  0.0307331  0.961571  0.592968  0.474064  0.885966  0.96593  0.374048  0.517216  0.903627  0.0579738  0.648406  0.0455954  0.0751444  0.686899  0.0787794  0.883522  0.238969  0.908307  0.468629  0.64682  0.300939  
1.23754  3.49762  1.99818  7.15986  9.91196  7.6198  11.5046  5.5583  3.35516  19.3198  16.8055  16.7825  9.05348  4.44379  19.2217  9.27685  3.02808  13.0336  25.7421  21.1727  0.678655  0.531884  0.147954  7.71098  0.618768  0.874405  0.33303  0.894982  0.991196  0.634983  0.821755  0.347394  0.186398  0.96599  0.763885  0.699272  0.348211  0.158707  0.640723  0.289902  0.0890613  0.362045  0.677425  0.529318  0.0161584  0.0120883  0.00321639  0.160645  
0.853858  0.922186  1.74108  5.71718  3.62491  4.93319  7.39389  9.82602  4.06115  7.84845  0.332584  22.9059  21.3951  21.7047  14.0375  9.4465  15.7504  18.9913  14.5756  6.49634  5.94358  33.347  14.9946  21.1173  0.426929  0.230547  0.29018  0.714647  0.362491  0.411099  0.528135  0.614126  0.225619  0.392423  0.0151174  0.954413  0.822887  0.775168  0.467918  0.295203  0.463248  0.527536  0.383568  0.162409  0.141514  0.757885  0.32597  0.439944  
1.69848  2.13267  1.48644  3.42025  9.93196  1.19891  9.74049  7.93317  12.9129  16.6774  11.5481  9.50563  9.53688  7.47588  8.19455  12.0884  9.8653  21.938  5.10039  36.3584  7.86778  15.8309  19.1068  0.131651  0.849242  0.533169  0.247739  0.427531  0.993196  0.099909  0.69575  0.495823  0.717381  0.833869  0.524914  0.396068  0.366803  0.266996  0.273152  0.377762  0.290156  0.609388  0.134221  0.908961  0.187328  0.359793  0.415364  0.00274274  
1.14669  3.74895  0.630698  3.87928  9.37612  1.91567  10.081  1.26646  3.63349  19.6257  3.716  13.448  20.9784  22.6148  7.38097  24.5507  11.294  26.6251  28.9883  4.7577  40.8691  34.5492  11.1598  0.340908  0.573346  0.937238  0.105116  0.48491  0.937612  0.159639  0.72007  0.0791538  0.201861  0.981285  0.168909  0.560333  0.806863  0.807672  0.246032  0.76721  0.332176  0.739587  0.762851  0.118942  0.973074  0.78521  0.242604  0.00710224  
1.67605  3.99844  2.06213  0.0213143  6.55793  11.7808  4.151  14.482  4.09702  15.1466  4.20098  18.5606  18.988  27.5664  29.7961  23.9912  3.72346  16.4847  30.1358  38.8736  13.8424  32.6598  43.56  38.6714  0.838025  0.99961  0.343688  0.00266429  0.655793  0.981734  0.2965  0.905128  0.227612  0.75733  0.190954  0.773359  0.730309  0.984514  0.993204  0.749725  0.109514  0.457909  0.793048  0.971841  0.329582  0.742268  0.946956  0.805653  
1.95195  2.83098  1.30291  1.70961  3.40209  5.10793  8.25107  14.4619  2.45981  4.1731  16.8749  15.6743  16.8973  9.29094  4.61842  9.39292  13.0903  0.117075  21.4061  17.054  30.4688  13.8425  37.9811  37.7347  0.975973  0.707745  0.217151  0.213702  0.340209  0.425661  0.589362  0.903871  0.136656  0.208655  0.767041  0.653096  0.649895  0.331819  0.153947  0.293529  0.385009  0.00325208  0.563319  0.42635  0.725446  0.314602  0.825675  0.786139  
1.39743  1.76666  4.51186  7.52288  0.626379  4.77658  4.94495  13.4254  8.4021  0.411518  8.22976  23.1075  25.8791  9.83724  18.8214  13.578  9.8612  31.7965  27.0666  32.242  14.6982  22.8154  6.99591  6.30749  0.698716  0.441666  0.751977  0.94036  0.0626379  0.398048  0.35321  0.83909  0.466783  0.0205759  0.37408  0.962812  0.995351  0.35133  0.627381  0.424313  0.290035  0.883235  0.71228  0.80605  0.349958  0.518531  0.152085  0.131406  
0.549896  1.12815  5.34679  7.89565  9.30134  5.31794  2.89196  10.021  15.6427  11.4862  8.88211  15.6205  13.313  6.74814  10.9322  10.7759  1.49995  6.01003  8.1342  1.00626  38.853  13.7596  19.7033  35.662  0.274948  0.282038  0.891131  0.986956  0.930134  0.443162  0.206569  0.626314  0.869041  0.57431  0.403732  0.650856  0.512037  0.241005  0.364407  0.336748  0.0441162  0.166945  0.214058  0.0251566  0.925072  0.312718  0.428333  0.742958  
1.16144  2.45433  5.70423  0.341981  9.8381  1.32265  11.6789  14.1928  13.8923  19.9299  1.58468  9.83522  23.6053  12.4484  27.5  1.07295  16.498  30.8955  14.7127  13.2508  29.6308  40.1192  26.0461  40.0894  0.580718  0.613583  0.950705  0.0427476  0.98381  0.110221  0.834208  0.887052  0.771792  0.996495  0.0720311  0.409801  0.907894  0.444587  0.916665  0.0335296  0.485235  0.858207  0.387177  0.33127  0.705496  0.911799  0.566219  0.835196  
1.71834  3.52003  3.54773  5.82324  3.26546  10.9765  12.0864  4.9067  4.81411  6.5748  16.1432  23.7579  5.87054  18.5285  9.59503  21.0261  28.0476  6.72684  14.3336  22.9509  17.49  6.96687  4.43369  8.5965  0.859171  0.880007  0.591288  0.727905  0.326546  0.914712  0.863312  0.306669  0.267451  0.32874  0.733784  0.989914  0.22579  0.661731  0.319834  0.657066  0.824928  0.186857  0.3772  0.573771  0.416429  0.158338  0.0963845  0.179094  
1.89126  0.3501  4.20399  0.115016  9.10719  0.547027  12.0388  15.6789  16.5485  5.67441  1.06174  22.8292  20.6154  18.6894  24.4054  31.8579  22.5245  25.312  37.4722  27.2371  1.20683  9.12015  3.54297  26.503  0.945629  0.0875251  0.700665  0.014377  0.910719  0.0455856  0.859917  0.979931  0.919359  0.283721  0.0482609  0.951216  0.792899  0.667479  0.813514  0.995559  0.662486  0.70311  0.98611  0.680927  0.0287341  0.207276  0.0770212  0.552146  
1.3962  0.799416  2.97578  0.537058  0.652503  1.60564  4.16312  0.60248  0.641607  14.9027  1.97662  7.70678  17.4142  1.34646  20.1924  15.2865  18.1371  0.563698  31.8036  6.53569  28.6577  8.58335  13.6164  17.2779  0.698099  0.199854  0.495964  0.0671322  0.0652503  0.133803  0.297365  0.037655  0.0356448  0.745133  0.0898464  0.321116  0.669775  0.048088  0.673081  0.477702  0.533443  0.0156583  0.836936  0.163392  0.682326  0.195076  0.296009  0.359956  
1.82958  2.65556  3.08951  0.119942  8.85971  10.4217  6.72221  9.1875  6.62538  11.639  12.8807  19.5455  18.7221  19.3669  23.9848  13.482  31.0993  32.957  30.3745  17.6202  35.3901  20.3646  18.0484  14.2816  0.914789  0.663889  0.514918  0.0149927  0.885971  0.868472  0.480158  0.574219  0.368077  0.581951  0.585487  0.814395  0.720079  0.691677  0.799493  0.421312  0.914685  0.915473  0.799329  0.440505  0.842621  0.462832  0.392356  0.297534  
1.38273  2.88805  0.522491  6.98395  6.10964  9.77058  1.51948  11.3598  15.1311  17.3935  13.966  14.4279  3.59055  24.202  11.2085  10.1679  22.0586  16.7686  20.6366  7.67992  20.061  10.8228  30.4846  19.3305  0.691364  0.722014  0.0870818  0.872994  0.610964  0.814215  0.108534  0.709988  0.840619  0.869675  0.63482  0.601165  0.138098  0.864358  0.373617  0.317746  0.648782  0.465795  0.543068  0.191998  0.477642  0.245973  0.662709  0.402718  
0.842114  1.4755  0.161832  6.25603  2.75832  11.7072  10.7435  11.973  5.27678  11.7479  3.47223  12.4863  24.1399  20.4462  6.63448  19.566  12.7212  19.1039  9.84436  23.0381  1.73269  12.4421  23.471  5.22358  0.421057  0.368875  0.026972  0.782004  0.275832  0.975601  0.767393  0.748315  0.293155  0.587396  0.157829  0.520263  0.928459  0.73022  0.221149  0.611438  0.374154  0.530663  0.259062  0.575951  0.0412545  0.282776  0.510239  0.108825  
0.962383  2.43972  4.99241  1.80828  8.99212  3.31531  7.05958  9.13814  8.70888  7.72403  3.39057  2.53025  16.5933  21.3281  24.1792  26.9198  26.4783  14.472  25.5103  5.41941  10.6343  0.107258  3.27373  7.90935  0.481192  0.60993  0.832069  0.226035  0.899212  0.276276  0.504256  0.571133  0.483827  0.386201  0.154117  0.105427  0.638203  0.761717  0.805973  0.841244  0.778774  0.401999  0.671323  0.135485  0.253198  0.00243769  0.0711681  0.164778  
1.77767  1.98283  5.59757  0.505682  9.41557  7.31693  8.61604  0.762506  17.6194  6.04335  9.50397  6.00949  17.0982  10.1157  13.8478  25.7194  8.58614  19.4407  19.0209  26.058  24.6294  30.8885  8.97114  45.7123  0.888836  0.495707  0.932929  0.0632102  0.941557  0.609744  0.615431  0.0476566  0.978854  0.302167  0.431999  0.250395  0.657623  0.361274  0.461594  0.80373  0.252534  0.540019  0.500549  0.65145  0.586415  0.702012  0.195025  0.95234  
1.92622  1.1113  3.49031  0.566959  6.90318  7.44234  6.00279  2.33399  5.56723  1.22607  5.48837  16.3854  18.4189  15.7193  4.17466  14.5796  10.252  32.7076  30.8416  9.43172  4.68251  14.1509  30.7883  36.3234  0.96311  0.277824  0.581718  0.0708699  0.690318  0.620195  0.428771  0.145875  0.30929  0.0613036  0.249471  0.682726  0.708419  0.561402  0.139155  0.455613  0.30153  0.908545  0.81162  0.235793  0.111488  0.321612  0.669312  0.756737  
1.19615  1.10406  5.21392  6.84081  3.47578  1.15061  8.92065  10.2808  3.39683  5.34225  12.8287  19.9349  19.9957  23.4219  0.748313  20.1264  26.2519  32.0765  25.8843  28.0754  5.624  15.4704  14.0121  1.00347  0.598076  0.276015  0.868986  0.855102  0.347578  0.0958839  0.63719  0.642551  0.188713  0.267112  0.583123  0.830622  0.769064  0.836497  0.0249438  0.62895  0.772115  0.891015  0.681165  0.701886  0.133905  0.3516  0.304611  0.0209056  
0.578843  2.92114  0.416353  3.53452  3.70738  11.2704  11.4728  10.0349  10.067  19.3308  2.08031  15.2898  22.954  19.1626  24.7791  27.5823  4.5694  15.2574  14.1952  12.0202  21.1129  31.1782  8.23036  34.3342  0.289421  0.730285  0.0693922  0.441815  0.370738  0.9392  0.819485  0.627183  0.559278  0.966541  0.0945593  0.637074  0.882847  0.684378  0.825969  0.861948  0.134394  0.423817  0.373559  0.300506  0.502688  0.708596  0.178921  0.715296  
1.82132  2.84537  1.85527  4.80329  5.34815  11.2965  10.1382  15.0854  4.31482  11.361  3.33331  6.73674  1.50597  21.2283  13.8888  30.866  13.4258  11.9345  14.5106  22.4455  25.1873  23.5577  33.1265  23.4856  0.910659  0.711342  0.309212  0.600412  0.534815  0.941371  0.724158  0.942838  0.239712  0.568049  0.151514  0.280698  0.0579221  0.758153  0.46296  0.964562  0.394876  0.331515  0.381857  0.561138  0.599699  0.535402  0.72014  0.489283  
0.691615  0.710209  2.93727  6.18398  4.34625  2.27741  5.61906  14.1411  13.3035  2.88234  2.9041  4.90875  3.0154  26.2534  18.4962  16.2973  29.7604  23.5313  8.77164  35.9697  11.732  36.355  2.54434  26.3147  0.345808  0.177552  0.489545  0.772997  0.434625  0.189784  0.401362  0.883821  0.739081  0.144117  0.132005  0.204531  0.115977  0.937623  0.61654  0.509291  0.875305  0.653646  0.230833  0.899242  0.279334  0.826249  0.0553116  0.548222  
1.55739  3.1483  5.00083  1.94003  2.44642  4.90224  6.95847  14.006  14.3733  5.06396  16.1163  23.548  19.9857  7.87265  5.54953  22.5284  4.29447  12.1386  18.2196  6.03188  16.7899  38.1213  2.52531  16.7003  0.778693  0.787075  0.833472  0.242503  0.244642  0.40852  0.497034  0.875375  0.798516  0.253198  0.732559  0.981167  0.768682  0.281166  0.184984  0.704012  0.126308  0.337183  0.479463  0.150797  0.399759  0.866394  0.054898  0.347923  
1.22657  3.37022  0.786681  4.30771  5.80525  1.79261  12.192  13.8266  9.49385  11.3723  18.6837  11.1505  5.03206  0.811182  2.54208  6.13174  31.8626  24.4332  3.74351  39.1027  35.4656  29.5931  27.3827  30.7866  0.613286  0.842555  0.131114  0.538464  0.580525  0.149384  0.870856  0.864161  0.527436  0.568617  0.849259  0.464603  0.193541  0.0289708  0.0847361  0.191617  0.937135  0.678701  0.0985134  0.977567  0.84442  0.67257  0.595275  0.641389  
1.44835  1.61872  1.89134  6.8933  8.65967  6.60262  1.13104  1.35893  2.64992  1.55331  7.74089  18.1981  24.6852  22.2025  12.1067  11.0657  17.601  3.65937  36.0896  8.74062  5.5434  35.8472  33.5246  25.8398  0.724176  0.40468  0.315223  0.861662  0.865967  0.550218  0.0807889  0.0849333  0.147218  0.0776655  0.351859  0.758253  0.949429  0.792947  0.403557  0.345804  0.517676  0.101649  0.949726  0.218516  0.131986  0.814709  0.728795  0.538328  
1.89149  1.46279  4.50709  2.73505  5.91273  5.18244  0.778084  13.4927  13.6019  19.0916  14.0239  23.4403  22.3607  14.7794  9.10144  15.5977  12.4434  28.929  30.2507  0.444522  7.74581  11.501  1.31635  44.0618  0.945747  0.365697  0.751181  0.341882  0.591273  0.43187  0.0555774  0.843297  0.75566  0.954578  0.637449  0.976678  0.860026  0.527837  0.303381  0.487427  0.365982  0.803582  0.796072  0.0111131  0.184424  0.261387  0.0286163  0.917955  
1.37087  3.33726  1.48898  4.65253  4.58994  10.9308  12.0947  8.81558  6.72826  3.67379  12.6826  13.4723  5.68785  10.9781  12.8119  1.30921  13.157  10.9289  28.8419  30.3791  11.6039  14.433  7.05993  30.3316  0.685437  0.834316  0.248164  0.581566  0.458994  0.910898  0.863904  0.550974  0.373792  0.183689  0.57648  0.561345  0.218763  0.392074  0.427065  0.0409128  0.38697  0.303582  0.758996  0.759478  0.276282  0.328024  0.153477  0.631908  
1.11823  1.30663  3.29019  0.656456  8.98408  3.67925  4.64659  8.48552  10.2591  19.3348  9.17444  12.8199  15.2083  0.601053  6.1841  13.9197  33.2761  20.3679  0.516917  1.99581  37.111  1.14677  26.2494  36.7564  0.559116  0.326658  0.548365  0.082057  0.898408  0.306604  0.3319  0.530345  0.56995  0.966739  0.41702  0.534161  0.584936  0.0214662  0.206137  0.43499  0.978709  0.565775  0.0136031  0.0498953  0.883595  0.026063  0.570638  0.765758  
1.18183  1.89908  3.15438  3.97174  6.0187  11.8744  11.5145  11.588  10.2322  9.98621  7.46815  14.0987  4.49076  17.9825  7.50406  3.21665  1.24823  20.0495  0.487062  14.1064  13.9994  15.3879  17.5938  30.6058  0.590914  0.474769  0.525729  0.496467  0.60187  0.989531  0.822465  0.724247  0.568457  0.499311  0.339461  0.587447  0.172722  0.642232  0.250135  0.10052  0.0367125  0.55693  0.0128174  0.352661  0.333318  0.349724  0.382475  0.63762  
1.37038  0.528809  1.68343  4.32328  8.1646  0.411937  3.82545  14.3082  16.9181  12.1  4.6393  0.223248  0.0479523  19.7841  28.9552  17.3854  33.3442  20.579  27.7356  9.47917  40.0806  16.8771  38.9078  44.0721  0.68519  0.132202  0.280572  0.54041  0.81646  0.0343281  0.273246  0.89426  0.939892  0.605  0.210877  0.00930201  0.00184432  0.706575  0.965172  0.543294  0.980712  0.571639  0.729885  0.236979  0.954299  0.38357  0.845821  0.918169  
0.0315476  2.04841  0.563168  3.29777  6.42204  9.80218  7.35096  10.3155  8.73945  13.3642  17.7965  13.2009  2.38451  21.047  16.8716  13.1021  4.95828  13.2275  18.9729  39.4997  35.4411  32.8487  29.8457  15.8863  0.0157738  0.512102  0.0938613  0.412221  0.642204  0.816848  0.525068  0.644717  0.485525  0.668212  0.808932  0.550037  0.0917118  0.75168  0.562387  0.409439  0.145832  0.36743  0.499288  0.987492  0.843836  0.746561  0.648821  0.330964  
0.307647  1.69311  0.990178  7.07775  5.05547  7.16748  12.3697  4.35316  3.47415  5.45675  4.90674  13.2964  15.5548  9.8704  9.62087  29.992  21.8458  18.8608  9.50124  19.4963  28.742  28.3014  16.1314  5.55078  0.153823  0.423278  0.16503  0.884719  0.505547  0.59729  0.883547  0.272072  0.193008  0.272837  0.223034  0.554015  0.598261  0.352514  0.320696  0.937249  0.642522  0.523911  0.250033  0.487408  0.684334  0.643214  0.350683  0.115641  
1.6319  2.92529  2.07744  3.19214  9.63406  0.0542311  13.4514  12.0257  5.71048  16.3854  11.921  12.7918  12.5034  21.3426  28.3191  11.4912  4.71461  5.6457  24.8158  0.633236  11.8684  5.47742  26.9574  42.3095  0.815949  0.731323  0.346241  0.399018  0.963406  0.00451926  0.960813  0.751604  0.317249  0.819268  0.541862  0.532993  0.480899  0.762236  0.943969  0.3591  0.138665  0.156825  0.653047  0.0158309  0.282581  0.124487  0.586031  0.881448  
0.330266  0.500247  4.20797  5.80968  9.77032  8.06512  12.7724  0.5608  17.7043  0.865804  8.1832  21.3488  12.5292  18.5148  8.57734  26.9231  20.6884  26.5939  20.2027  24.5633  22.0693  28.2626  42.8053  2.74065  0.165133  0.125062  0.701329  0.72621  0.977032  0.672094  0.912317  0.03505  0.983574  0.0432902  0.371964  0.889532  0.481891  0.661241  0.285911  0.841347  0.608483  0.73872  0.531651  0.614083  0.525459  0.642332  0.930549  0.057097  
1.1981  3.67426  4.69807  0.979712  6.39679  1.08619  6.05908  14.4807  9.59089  3.63366  12.0322  12.7953  25.178  16.8412  27.2374  16.9132  18.7783  7.62492  35.9292  18.7521  12.3482  36.0015  29.3055  1.88913  0.59905  0.918564  0.783011  0.122464  0.639679  0.0905154  0.432791  0.905043  0.532827  0.181683  0.546917  0.533138  0.968386  0.601472  0.907915  0.528536  0.552303  0.211803  0.945504  0.468804  0.294005  0.818215  0.637076  0.039357  
0.131979  2.95428  3.14849  1.31746  3.63714  5.53046  0.909323  2.01316  1.26652  9.78079  9.53721  11.7634  19.4957  2.40054  0.222307  17.4811  1.55001  4.78364  36.5503  39.2598  15.0726  35.5822  9.03029  20.3188  0.0659894  0.738569  0.524749  0.164682  0.363714  0.460872  0.0649516  0.125823  0.0703625  0.48904  0.433509  0.490143  0.749833  0.0857334  0.00741025  0.546284  0.0455884  0.132879  0.961851  0.981495  0.358873  0.808687  0.196311  0.423309  
0.985833  2.26554  3.17364  2.59316  2.44859  2.37773  9.37864  7.25798  6.02793  8.51729  11.3619  13.5076  23.5302  24.138  23.8984  13.9631  20.9433  33.5136  35.8535  28.4214  26.2653  1.36515  6.48461  7.91186  0.492916  0.566385  0.528939  0.324145  0.244859  0.198144  0.669903  0.453624  0.334885  0.425865  0.516451  0.562818  0.90501  0.86207  0.796614  0.436348  0.615979  0.930934  0.943513  0.710534  0.625365  0.0310262  0.14097  0.16483  
0.786314  2.88304  2.84775  7.00353  4.05915  6.29164  9.08527  12.9672  4.65169  18.801  13.113  5.08639  15.9928  19.5079  8.96933  16.2494  14.8335  25.4118  25.6596  20.1347  37.5715  32.7681  39.9805  23.2551  0.393157  0.720759  0.474625  0.875441  0.405915  0.524304  0.648948  0.81045  0.258427  0.940051  0.596045  0.211933  0.615107  0.696711  0.298978  0.507794  0.436278  0.705882  0.675252  0.503368  0.894558  0.744729  0.86914  0.484481  
1.4192  3.27807  1.14506  1.4145  6.47153  0.134845  6.80448  1.51753  13.4291  2.80096  20.014  4.98515  23.7651  8.24162  9.70781  0.720137  14.2448  9.62575  2.93872  7.91972  9.24385  36.1902  36.7182  3.56411  0.709602  0.819517  0.190844  0.176812  0.647153  0.0112371  0.486034  0.0948459  0.746062  0.140048  0.909727  0.207715  0.914042  0.294344  0.323594  0.0225043  0.418964  0.267382  0.0773347  0.197993  0.220092  0.822505  0.798223  0.0742522  
0.283442  3.58835  0.0949135  0.854785  0.548672  5.89166  13.4644  3.27584  16.0975  16.6058  6.03693  1.0966  10.3585  5.50687  24.4886  13.6535  27.3077  25.6699  11.7905  36.4005  34.39  38.2609  14.9005  47.385  0.141721  0.897087  0.0158189  0.106848  0.0548672  0.490972  0.961745  0.20474  0.894307  0.830288  0.274406  0.0456918  0.398404  0.196674  0.816288  0.426672  0.803168  0.713053  0.310277  0.910012  0.818808  0.869565  0.323925  0.987187  
1.37983  3.26808  4.63202  4.32369  0.739526  6.28357  10.1273  11.8658  3.1339  4.49609  6.69656  5.39761  9.90601  16.7364  1.82305  7.63839  27.6674  4.37268  34.0932  11.2259  38.8791  2.12  30.6278  34.2914  0.689914  0.817021  0.772004  0.540461  0.0739526  0.523631  0.723378  0.741615  0.174106  0.224804  0.304389  0.224901  0.381001  0.597728  0.0607684  0.2387  0.813747  0.121463  0.897189  0.280648  0.925692  0.0481819  0.665822  0.714404  
1.21481  2.29491  1.44547  0.26561  9.95578  1.84026  5.85764  14.1143  11.9218  17.4603  15.4701  23.4549  18.6716  10.7777  28.6734  30.1312  20.8243  17.536  0.907731  10.3695  26.7467  26.8714  36.0947  38.2669  0.607406  0.573728  0.240912  0.0332012  0.995578  0.153355  0.418403  0.882142  0.662323  0.873016  0.703189  0.977288  0.718139  0.384916  0.955781  0.941599  0.612478  0.487111  0.0238877  0.259238  0.636826  0.610713  0.784667  0.797227  
2  4  5.99928  8  3.87486e-06  3.07971e-13  2.69617e-13  3.39189e-16  6.29868  6.75778  7.1918  7.59741  7.99957  8.37895  8.7404  9.08554  9.42349  9.73932  10.0422  10.3372  10.6164  10.8845  11.1349  11.3849  1  1  0.999881  1  3.87486e-07  2.56642e-14  1.92583e-14  2.11993e-17  0.349927  0.337889  0.3269  0.316559  0.307676  0.299248  0.291347  0.283923  0.277161  0.270537  0.26427  0.258429  0.252771  0.247376  0.242063  0.237186  
7.09499e-17  1.30883e-08  0.00324345  2.80909e-10  10  7.34319  2.05491  2.06969  2.05355  1.9998  1.9383  1.86066  1.76776  1.66908  1.5689  1.46221  1.35088  1.24946  1.14325  1.04505  0.95433  0.862002  0.782721  0.703467  3.54749e-17  3.27208e-09  0.000540576  3.51136e-11  1  0.611933  0.14678  0.129356  0.114086  0.0999899  0.0881046  0.0775273  0.0679908  0.0596101  0.0522965  0.0456942  0.0397317  0.0347073  0.0300856  0.0261261  0.0227221  0.0195909  0.0170157  0.0146556  
2  3.99452  5.96637  8  0.0114914  0.00429097  0.0443326  2.13869e-12  6.29611  6.75126  7.18594  7.60058  7.99544  8.3738  8.73569  9.08236  9.41434  9.73088  10.0353  10.3272  10.6056  10.8738  11.1289  11.374  1  0.99863  0.994395  1  0.00114914  0.000357581  0.00316661  1.33668e-13  0.349784  0.337563  0.326633  0.316691  0.307517  0.299064  0.29119  0.283824  0.276892  0.270302  0.264086  0.258179  0.252514  0.247133  0.241933  0.236959  
1.9893  3.98206  5.96829  7.95536  0.0254982  0.0244506  0.0809229  0.128876  6.29636  6.75211  7.18628  7.60053  7.99652  8.37454  8.73591  9.08205  9.41445  9.73113  10.0354  10.3268  10.6058  10.8729  11.1292  11.3742  0.994648  0.995514  0.994716  0.99442  0.00254982  0.00203755  0.00578021  0.00805475  0.349798  0.337606  0.326649  0.316689  0.307559  0.299091  0.291197  0.283814  0.276896  0.270309  0.264089  0.258171  0.252518  0.247111  0.241939  0.236964  
1.97396  3.97192  5.96802  7.92111  0.0284911  0.0373533  0.106479  0.310391  6.29643  6.75202  7.18639  7.60054  7.99636  8.37464  8.73595  9.08207  9.41425  9.7311  10.0354  10.3269  10.6059  10.8729  11.1293  11.3742  0.986978  0.99298  0.994671  0.990139  0.00284911  0.00311277  0.00760567  0.0193994  0.349801  0.337601  0.326654  0.316689  0.307552  0.299094  0.291198  0.283815  0.27689  0.270308  0.264089  0.258172  0.252522  0.247112  0.24194  0.236962  
1.95887  3.96101  5.96757  7.88737  0.0323673  0.0517093  0.135717  0.485463  6.2965  6.75225  7.18642  7.60053  7.99617  8.37468  8.73602  9.08211  9.41395  9.7311  10.0354  10.3269  10.6061  10.873  11.1293  11.3742  0.979434  0.990251  0.994595  0.985921  0.00323673  0.00430911  0.00969408  0.0303415  0.349805  0.337613  0.326656  0.316689  0.307545  0.299096  0.291201  0.283816  0.276881  0.270308  0.264089  0.258173  0.252526  0.247113  0.241941  0.236963  
1.94022  3.95779  5.96831  7.84722  0.0300932  0.0503564  0.126342  0.742292  6.29653  6.75225  7.18646  7.60065  7.99629  8.37473  8.736  9.08204  9.41416  9.73113  10.0354  10.3269  10.6061  10.873  11.1293  11.3742  0.970111  0.989448  0.994718  0.980902  0.00300932  0.00419637  0.00902446  0.0463933  0.349807  0.337613  0.326657  0.316694  0.30755  0.299097  0.2912  0.283814  0.276887  0.270309  0.26409  0.258173  0.252526  0.247114  0.241941  0.236963  
1.92259  3.95148  5.96831  7.80911  0.0300932  0.054817  0.131693  0.973354  6.29659  6.75228  7.18647  7.60067  7.99617  8.37454  8.7361  9.0821  9.414  9.7311  10.0354  10.3269  10.6062  10.8731  11.1291  11.3743  0.961294  0.98787  0.994718  0.976138  0.00300932  0.00456808  0.00940661  0.0608346  0.34981  0.337614  0.326658  0.316694  0.307545  0.299091  0.291203  0.283815  0.276882  0.270308  0.26409  0.258172  0.25253  0.247117  0.241937  0.236964  
1.90139  3.95287  5.9695  7.76459  0.0239429  0.0435686  0.0984304  1.28617  6.29661  6.75217  7.18647  7.60082  7.99637  8.37436  8.73612  9.08203  9.41434  9.7311  10.0355  10.3269  10.6061  10.8732  11.1293  11.3742  0.950697  0.988217  0.994917  0.970574  0.00239429  0.00363072  0.00703074  0.0803857  0.349812  0.337608  0.326658  0.316701  0.307553  0.299084  0.291204  0.283814  0.276892  0.270308  0.264091  0.258171  0.252527  0.247119  0.24194  0.236963  
1.8812  3.95256  5.96932  7.71944  0.0196389  0.0353333  0.0761585  1.58254  6.29657  6.75211  7.18628  7.60077  7.99623  8.37405  8.73627  9.08208  9.41466  9.73113  10.0355  10.3268  10.6061  10.8735  11.1298  11.3742  0.940599  0.98814  0.994887  0.96493  0.00196389  0.00294444  0.0054399  0.098909  0.34981  0.337606  0.326649  0.316699  0.307547  0.299073  0.291209  0.283815  0.276902  0.270309  0.264091  0.25817  0.252526  0.247124  0.241951  0.236964  
1.86508  3.93564  5.97584  7.67868  0.0293635  0.0591359  0.111192  1.75644  6.2965  6.75237  7.18651  7.60082  7.99626  8.37456  8.73611  9.08213  9.41408  9.7311  10.0357  10.3268  10.6061  10.873  11.1293  11.3742  0.932541  0.98391  0.995974  0.959835  0.00293635  0.00492799  0.0079423  0.109777  0.349806  0.337619  0.32666  0.316701  0.307548  0.299091  0.291204  0.283816  0.276885  0.270308  0.264097  0.25817  0.252527  0.247113  0.241941  0.236963  
1.84232  3.93773  5.97624  7.63212  0.0239429  0.0435686  0.073576  2.0935  6.29647  6.75226  7.18647  7.60084  7.9961  8.3743  8.7361  9.08219  9.41417  9.7311  10.0355  10.3269  10.6063  10.8732  11.1293  11.3741  0.921158  0.984431  0.99604  0.954016  0.00239429  0.00363072  0.00525543  0.130844  0.349804  0.337613  0.326658  0.316702  0.307542  0.299082  0.291203  0.283818  0.276887  0.270308  0.264091  0.258172  0.25253  0.247119  0.24194  0.236961  
1.82367  3.92761  5.9831  7.58403  0.0270317  0.0549121  0.0761789  2.33868  6.29637  6.75225  7.1865  7.60068  7.99629  8.3743  8.73618  9.08223  9.41408  9.73113  10.0359  10.3267  10.6061  10.8728  11.1293  11.3742  0.911837  0.981902  0.997183  0.948004  0.00270317  0.00457601  0.00544135  0.146167  0.349798  0.337613  0.326659  0.316695  0.30755  0.299082  0.291206  0.28382  0.276885  0.270309  0.264103  0.258167  0.252526  0.247109  0.241941  0.236962  
1.80289  3.92353  5.97871  7.54016  0.0263815  0.0545193  0.0808868  2.61688  6.29657  6.75251  7.1866  7.60077  7.99623  8.37443  8.73621  9.08208  9.41397  9.73113  10.0356  10.3268  10.6065  10.8731  11.1295  11.3742  0.901447  0.980882  0.996452  0.942519  0.00263815  0.00454328  0.00577763  0.163555  0.349809  0.337625  0.326664  0.316699  0.307547  0.299087  0.291207  0.283815  0.276882  0.270309  0.264094  0.25817  0.252535  0.247116  0.241945  0.236962  
1.7786  3.93156  5.97527  7.48395  0.0154103  0.0310279  0.029896  3.00742  6.29686  6.75243  7.18636  7.60079  7.9965  8.37437  8.736  9.08201  9.41448  9.73099  10.0353  10.3267  10.6062  10.8734  11.1293  11.3742  0.8893  0.98289  0.995879  0.935493  0.00154103  0.00258565  0.00213543  0.187964  0.349826  0.337622  0.326653  0.3167  0.307558  0.299084  0.2912  0.283813  0.276896  0.270305  0.264088  0.258169  0.252528  0.247123  0.241941  0.236963  
1.75548  3.92401  5.98652  7.43129  0.0113731  0.0370567  0.00582564  3.3238  6.29641  6.75208  7.18604  7.60082  7.99608  8.37439  8.7366  9.08222  9.41431  9.73124  10.036  10.3271  10.606  10.8739  11.1298  11.3742  0.877739  0.981003  0.997753  0.928912  0.00113731  0.00308805  0.000416117  0.207737  0.349801  0.337604  0.326638  0.316701  0.307541  0.299085  0.29122  0.283819  0.276891  0.270312  0.264105  0.258177  0.252525  0.247135  0.241952  0.236962  
1.73056  3.95996  5.97034  7.33237  0.0129752  0.011389  0.0152743  3.64017  6.29649  6.75193  7.1861  7.60067  7.99617  8.37457  8.7366  9.08217  9.41431  9.73119  10.0355  10.3269  10.6062  10.8737  11.1299  11.3742  0.865281  0.989989  0.995056  0.916546  0.00129752  0.000949086  0.00109102  0.227511  0.349805  0.337597  0.326641  0.316694  0.307545  0.299092  0.29122  0.283818  0.276891  0.270311  0.264093  0.258172  0.252528  0.24713  0.241955  0.236963  
1.71323  3.92495  5.98383  7.30118  0.00580602  0.00133  0.00198329  3.98511  6.29621  6.753  7.18599  7.60083  7.99688  8.37357  8.73602  9.08363  9.41471  9.73122  10.0362  10.3268  10.6054  10.8732  11.1295  11.3747  0.856617  0.981237  0.997305  0.912648  0.000580602  0.000110833  0.000141664  0.249069  0.34979  0.33765  0.326636  0.316701  0.307572  0.299056  0.291201  0.283863  0.276903  0.270312  0.264112  0.25817  0.25251  0.247117  0.241945  0.236974  
1.68582  3.91336  5.98383  7.27866  0.00370198  0.000989797  0.000847517  4.30718  6.29668  6.75294  7.18609  7.60083  7.99688  8.37388  8.73651  9.08208  9.41471  9.73147  10.0361  10.3264  10.6063  10.8732  11.1295  11.3745  0.842911  0.97834  0.997305  0.909832  0.000370198  8.24831e-05  6.05369e-05  0.269199  0.349816  0.337647  0.32664  0.316701  0.307572  0.299067  0.291217  0.283815  0.276903  0.270319  0.264109  0.258161  0.252532  0.247117  0.241946  0.236969  
1.65443  3.89704  5.97803  7.28239  0.00223928  0.000524109  0.00139251  4.62968  6.29762  6.75251  7.18627  7.60036  7.99608  8.3743  8.73747  9.07901  9.41417  9.73154  10.0358  10.3258  10.6082  10.8734  11.1293  11.3737  0.827214  0.974259  0.996338  0.910299  0.000223928  4.36757e-05  9.94649e-05  0.289355  0.349868  0.337625  0.326649  0.316682  0.307541  0.299082  0.291249  0.283719  0.276887  0.27032  0.2641  0.258144  0.252576  0.247122  0.241942  0.236953  
1.63802  3.89181  5.98848  7.17827  0.00073228  0.00146366  0.00202858  4.96742  6.29699  6.75276  7.1876  7.60097  7.99731  8.37439  8.73758  9.08188  9.41545  9.73199  10.0361  10.3317  10.606  10.8739  11.131  11.3748  0.819012  0.972953  0.99808  0.897284  7.3228e-05  0.000121972  0.000144898  0.310464  0.349833  0.337638  0.326709  0.316707  0.307589  0.299085  0.291253  0.283809  0.276925  0.270333  0.264109  0.258292  0.252523  0.247135  0.241979  0.236975  
1.61173  3.89349  5.98767  7.10844  0.00233338  0.00050301  0.000120286  5.31961  6.29668  6.75329  7.18609  7.60068  7.99683  8.3743  8.73659  9.08208  9.41452  9.73154  10.0364  10.3262  10.6066  10.873  11.1296  11.3745  0.805864  0.973372  0.997946  0.888555  0.000233338  4.19175e-05  8.59187e-06  0.332476  0.349816  0.337665  0.32664  0.316695  0.307571  0.299082  0.29122  0.283815  0.276898  0.270321  0.264115  0.258156  0.252538  0.247113  0.241947  0.236969  
1.59029  3.88576  5.99404  7.02116  4.85786e-05  0.000164342  6.11132e-05  5.68816  6.29788  6.75281  7.18745  7.60228  7.99875  8.37524  8.73902  9.07964  9.41499  9.73287  10.038  10.3301  10.6075  10.8786  11.1311  11.3748  0.795143  0.971441  0.999007  0.877645  4.85786e-06  1.36952e-05  4.36523e-06  0.35551  0.349882  0.33764  0.326702  0.316762  0.307644  0.299116  0.291301  0.283739  0.276912  0.270358  0.264159  0.258252  0.252559  0.247241  0.241981  0.236976  
1.5587  3.85794  5.99382  7.01339  1.12492e-05  6.7061e-08  8.54261e-09  6.06892  6.2973  6.75192  7.18935  7.6014  8.00047  8.37695  8.73884  9.08182  9.41632  9.73241  10.036  10.3422  10.6071  10.8821  11.1321  11.3754  0.779352  0.964486  0.998969  0.876674  1.12492e-06  5.58841e-09  6.10186e-10  0.379307  0.34985  0.337596  0.326789  0.316725  0.30771  0.299177  0.291295  0.283807  0.276951  0.270345  0.264105  0.258555  0.252549  0.247321  0.242003  0.236988  
1.5327  3.85319  5.9957  6.9239  1.20413e-06  0.000314081  0.00206945  6.46361  6.2976  6.75204  7.18927  7.60369  8.00023  8.3777  8.742  9.08124  9.41504  9.7343  10.0389  10.3333  10.6103  10.8843  11.1326  11.3744  0.76635  0.963298  0.999284  0.865487  1.20413e-07  2.61734e-05  0.000147818  0.403976  0.349867  0.337602  0.326785  0.31682  0.307701  0.299204  0.2914  0.283789  0.276913  0.270397  0.264181  0.258331  0.252626  0.247371  0.242013  0.236967  
1.49505  3.83391  5.995  6.89554  4.56584e-05  0.000165755  0.000255992  6.92023  6.29788  6.75233  7.19103  7.60131  8.00111  8.37799  8.74026  9.0806  9.41681  9.73326  10.0367  10.344  10.6088  10.8814  11.133  11.3754  0.747527  0.958478  0.999166  0.861943  4.56584e-06  1.3813e-05  1.82851e-05  0.432514  0.349882  0.337616  0.326865  0.316721  0.307735  0.299214  0.291342  0.283769  0.276965  0.270368  0.264123  0.2586  0.252591  0.247304  0.242021  0.236988  
1.44039  3.82164  5.97735  6.9239  1.01426e-07  4.6394e-05  0.00182301  7.3972  6.2976  6.75156  7.19074  7.60604  8.00023  8.3777  8.74144  9.08124  9.4156  9.73578  10.0404  10.331  10.6127  10.8888  11.1325  11.375  0.720196  0.95541  0.996224  0.865487  1.01426e-08  3.86617e-06  0.000130215  0.462325  0.349867  0.337578  0.326852  0.316918  0.307701  0.299204  0.291381  0.283789  0.27693  0.270438  0.264221  0.258275  0.252683  0.247473  0.242011  0.236979  
1.30374  3.84051  5.79879  7.46988  0.0327906  0.0699857  0.0607301  7.39628  6.2805  6.7342  7.1703  7.57302  7.97357  8.35458  8.705  9.05625  9.38522  9.69389  10.0014  10.2855  10.564  10.8381  11.0874  11.3261  0.651869  0.960127  0.966464  0.933735  0.00327906  0.00583214  0.00433786  0.462267  0.348917  0.33671  0.325923  0.315542  0.306676  0.298378  0.290167  0.283008  0.276036  0.269275  0.263195  0.257138  0.251524  0.24632  0.241029  0.23596  
1.24463  3.85392  5.85973  7.40248  0.0418087  0.0549953  0.399639  7.3538  6.27448  6.73302  7.16825  7.57376  7.96053  8.35253  8.7047  9.05341  9.38478  9.6941  10.0063  10.2807  10.5587  10.8359  11.0794  11.3227  0.622314  0.963481  0.976622  0.925311  0.00418087  0.00458294  0.0285457  0.459613  0.348582  0.336651  0.325829  0.315573  0.306174  0.298305  0.290157  0.282919  0.276023  0.269281  0.263323  0.257018  0.251399  0.246272  0.240857  0.23589  
1.33019  3.82212  5.82307  6.97418  0.019477  0.0657217  0.771762  7.38357  6.28361  6.73302  7.16762  7.57348  7.97032  8.35438  8.70698  9.05499  9.38643  9.69663  9.99541  10.2906  10.5683  10.8273  11.0838  11.3221  0.665094  0.95553  0.970512  0.871773  0.0019477  0.00547681  0.0551259  0.461473  0.349089  0.336651  0.325801  0.315562  0.306551  0.298371  0.290233  0.282969  0.276072  0.269351  0.263037  0.257265  0.251627  0.246074  0.240952  0.235877  
1.28676  3.8415  5.83889  6.88565  0.0335088  0.056549  1.1164  7.38305  6.27741  6.72987  7.16995  7.57408  7.9775  8.35234  8.70783  9.0495  9.38517  9.69251  9.99564  10.2844  10.5581  10.8378  11.0864  11.3254  0.643381  0.960375  0.973148  0.860706  0.00335088  0.00471241  0.0797425  0.461441  0.348745  0.336494  0.325907  0.315587  0.306827  0.298298  0.290261  0.282797  0.276034  0.269236  0.263043  0.257111  0.251383  0.246315  0.241009  0.235945  
1.2898  3.82027  5.84907  6.6963  0.0352265  0.0470968  1.47987  7.35345  6.27558  6.72663  7.16645  7.57534  7.97216  8.35315  8.70321  9.05166  9.3788  9.68899  9.99401  10.2831  10.5573  10.8331  11.0756  11.3325  0.644902  0.955067  0.974844  0.837038  0.00352265  0.00392473  0.105705  0.459591  0.348643  0.336331  0.325748  0.315639  0.306622  0.298327  0.290107  0.282864  0.275847  0.269139  0.263  0.257078  0.251364  0.246208  0.240774  0.236094  
1.37279  3.79488  5.79028  6.28261  0.0169147  0.0546648  1.86639  7.355  6.27787  6.72987  7.16682  7.57285  7.97222  8.35257  8.70567  9.04824  9.382  9.69682  9.99848  10.2859  10.5686  10.8259  11.078  11.3206  0.686393  0.948719  0.965046  0.785327  0.00169147  0.0045554  0.133314  0.459687  0.34877  0.336494  0.325764  0.315536  0.306624  0.298306  0.290189  0.282757  0.275941  0.269356  0.263118  0.257146  0.251633  0.246043  0.240825  0.235845  
1.37371  3.79179  5.80893  6.0427  0.0162024  0.0483576  2.2587  7.37371  6.27955  6.73032  7.16856  7.57416  7.97123  8.35359  8.70925  9.05021  9.38393  9.69448  9.9937  10.2868  10.5636  10.8307  11.0821  11.3256  0.686854  0.947948  0.968155  0.755338  0.00162024  0.0040298  0.161336  0.460857  0.348864  0.336516  0.325844  0.31559  0.306586  0.298342  0.290308  0.282819  0.275998  0.269291  0.262992  0.257171  0.251514  0.246152  0.240915  0.23595  
1.41486  3.78127  5.76719  5.73182  0.0124229  0.0477608  2.65171  7.36064  6.27558  6.72663  7.17006  7.57393  7.97216  8.35439  8.70003  9.04644  9.3788  9.69536  10.0017  10.2828  10.5637  10.8223  11.0848  11.3233  0.70743  0.945318  0.961198  0.716478  0.00124229  0.00398006  0.189408  0.46004  0.348643  0.336331  0.325912  0.31558  0.306622  0.298371  0.290001  0.282701  0.275847  0.269316  0.263202  0.257069  0.251516  0.24596  0.240975  0.235902  
1.39772  3.78102  5.79989  5.52894  0.012696  0.0386277  3.06568  7.36629  6.27803  6.72874  7.16932  7.57464  7.97372  8.3555  8.7054  9.04857  9.38307  9.69435  9.99589  10.2854  10.561  10.8322  11.0869  11.3278  0.698859  0.945255  0.966648  0.691117  0.0012696  0.00321897  0.218977  0.460393  0.34878  0.336437  0.325878  0.31561  0.306682  0.298411  0.29018  0.282768  0.275973  0.269288  0.26305  0.257136  0.251452  0.246186  0.24102  0.235996  
1.43826  3.76536  5.7622  5.21399  0.00949209  0.0372204  3.47572  7.34912  6.27215  6.728  7.16948  7.57421  7.96984  8.35439  8.70168  9.04425  9.38713  9.69495  9.99925  10.2823  10.561  10.8243  11.0829  11.3251  0.71913  0.941339  0.960367  0.651748  0.000949209  0.0031017  0.248266  0.45932  0.348453  0.3364  0.325885  0.315592  0.306532  0.298371  0.290056  0.282633  0.276092  0.269304  0.263138  0.257057  0.251453  0.246006  0.240932  0.235939  
1.42051  3.75996  5.79897  5.00702  0.0103408  0.0272768  3.90672  7.35068  6.27693  6.7272  7.1674  7.57473  7.98122  8.35359  8.71256  9.04584  9.37992  9.69366  9.98883  10.2859  10.5583  10.8347  11.0782  11.3292  0.710254  0.93999  0.966494  0.625878  0.00103408  0.00227307  0.279051  0.459417  0.348718  0.33636  0.325791  0.315614  0.30697  0.298342  0.290419  0.282683  0.27588  0.269268  0.262864  0.257146  0.251388  0.246243  0.24083  0.236024  
1.46044  3.73915  5.76533  4.68799  0.00771258  0.025059  4.33778  7.32941  6.27338  6.72353  7.16621  7.57411  7.98715  8.35056  8.71434  9.04097  9.37251  9.69397  9.98756  10.2813  10.5583  10.8273  11.0673  11.326  0.73022  0.934787  0.960889  0.585999  0.000771258  0.00208825  0.309841  0.458088  0.348521  0.336177  0.325737  0.315588  0.307198  0.298234  0.290478  0.28253  0.275662  0.269277  0.262831  0.257033  0.251388  0.246074  0.240595  0.235958  
1.42115  3.74839  5.77757  4.55413  0.00737293  0.0192682  4.79201  7.33386  6.27631  6.72628  7.16701  7.57453  7.98116  8.35084  8.70235  9.04388  9.3788  9.69616  9.99716  10.2831  10.5562  10.8306  11.0721  11.3325  0.710575  0.937096  0.962929  0.569267  0.000737293  0.00160568  0.342286  0.458367  0.348684  0.336314  0.325773  0.315605  0.306968  0.298244  0.290078  0.282621  0.275847  0.269338  0.263083  0.257078  0.251338  0.24615  0.240697  0.236094  
1.49283  3.71742  5.7322  4.12721  0.00355627  0.01799  5.25494  7.31166  6.26832  6.7222  7.16738  7.5738  7.97944  8.3489  8.70682  9.03554  9.37669  9.69472  9.9966  10.2759  10.5586  10.816  11.071  11.3244  0.746415  0.929354  0.955367  0.515901  0.000355627  0.00149917  0.375353  0.456979  0.34824  0.33611  0.32579  0.315575  0.306902  0.298175  0.290227  0.282361  0.275785  0.269298  0.263068  0.256898  0.251395  0.245818  0.240675  0.235924  
1.48529  3.71649  5.7327  3.88546  0.00202823  0.0131388  5.74105  7.31517  6.26682  6.72453  7.16974  7.57411  7.9658  8.35026  8.69752  9.03498  9.38829  9.69514  10.0069  10.275  10.5588  10.8122  11.0856  11.3259  0.742645  0.929123  0.955451  0.485682  0.000202823  0.0010949  0.410075  0.457198  0.348157  0.336226  0.325897  0.315588  0.306377  0.298224  0.289917  0.282343  0.276126  0.269309  0.263339  0.256875  0.2514  0.245731  0.24099  0.235957  
1.33198  3.77964  5.86337  3.90937  0.00326832  0.000194433  6.25435  7.28219  6.26889  6.71955  7.16277  7.57462  7.95049  8.38904  8.73914  9.0306  9.36996  9.68853  9.96937  10.2845  10.542  10.7985  11.0669  11.2857  0.665992  0.94491  0.977228  0.488671  0.000326832  1.62028e-05  0.446739  0.455137  0.348272  0.335977  0.32558  0.315609  0.305788  0.299609  0.291305  0.282206  0.275587  0.269126  0.262352  0.257114  0.251  0.245421  0.240584  0.235118  
1.46777  3.69406  5.74994  3.38564  0.00127464  0.000194433  6.78936  7.30582  6.26889  6.72336  7.16909  7.57395  7.96316  8.34535  8.70092  9.03166  9.38625  9.69486  10.009  10.2723  10.5592  10.8065  11.0874  11.3273  0.733884  0.923516  0.958323  0.423205  0.000127464  1.62028e-05  0.484955  0.456614  0.348272  0.336168  0.325868  0.315581  0.306276  0.298048  0.290031  0.282239  0.276066  0.269302  0.263395  0.256808  0.251408  0.245603  0.241031  0.235984  
1.24776  3.48663  5.88737  4.23257  0.00725666  0.232672  6.70759  6.02054  6.09451  6.53896  6.9388  7.36167  7.7175  8.07449  8.43182  8.72969  9.0176  9.35224  9.60322  9.87892  10.1681  10.3804  10.5927  10.8403  0.623882  0.871658  0.981228  0.529072  0.000725666  0.0193894  0.479113  0.376284  0.338584  0.326948  0.3154  0.306736  0.296827  0.288375  0.281061  0.272803  0.265224  0.259784  0.252716  0.246973  0.242097  0.235917  0.230275  0.225839  
1.23719  3.48233  5.66348  4.27782  0.00126026  0.697052  6.70325  5.99565  6.0985  6.53783  6.93836  7.36369  7.72316  8.08183  8.4201  8.72785  9.0189  9.34509  9.60639  9.86336  10.1571  10.4926  10.611  10.8222  0.618596  0.870583  0.943914  0.534727  0.000126026  0.0580876  0.478804  0.374728  0.338805  0.326892  0.31538  0.30682  0.297044  0.288637  0.28067  0.272745  0.265262  0.259586  0.2528  0.246584  0.241835  0.238469  0.230675  0.225463  
1.20785  3.48747  5.52785  4.27184  0.026152  1.10517  6.68838  5.88598  6.0947  6.52625  6.94567  7.36193  7.70434  8.06948  8.43288  8.71274  9.01856  9.31672  9.57754  9.87654  10.1575  10.4022  10.5976  10.8274  0.603925  0.871867  0.921309  0.53398  0.0026152  0.0920977  0.477741  0.367873  0.338595  0.326313  0.315712  0.306747  0.296321  0.288196  0.281096  0.272273  0.265252  0.258798  0.25204  0.246913  0.241846  0.236415  0.230382  0.22557  
1.17143  3.56029  5.41165  4.12806  0.0775759  1.49417  6.69751  5.95849  6.09387  6.53783  6.93836  7.36289  7.71405  8.07131  8.40191  8.72785  9.00378  9.32402  9.63388  9.86336  10.1567  10.404  10.611  10.8733  0.585713  0.890072  0.901942  0.516008  0.00775759  0.124514  0.478393  0.372406  0.338548  0.326892  0.31538  0.306787  0.296694  0.288261  0.280064  0.272745  0.264817  0.259001  0.253523  0.246584  0.241827  0.236455  0.230675  0.226527  
1.15852  3.53304  5.2146  4.18826  0.0794802  1.95099  6.68027  5.82841  6.09118  6.51642  6.94955  7.36096  7.71157  8.06113  8.42792  8.7019  9.01056  9.32643  9.58941  9.8766  10.1533  10.3473  10.5803  10.8522  0.579259  0.883261  0.8691  0.523533  0.00794802  0.162582  0.477162  0.364276  0.338399  0.325821  0.315889  0.306707  0.296599  0.287897  0.280931  0.271934  0.265016  0.259067  0.252353  0.246915  0.241745  0.235166  0.230007  0.226087  
1.14726  3.54004  5.00469  4.18263  0.0931877  2.41031  6.68373  5.85786  6.08424  6.51829  6.94224  7.36147  7.71002  8.06259  8.41429  8.72785  9.00693  9.31955  9.60639  9.87101  10.1535  10.3501  10.5771  10.9041  0.573629  0.885011  0.834115  0.522829  0.00931877  0.200859  0.477409  0.366116  0.338013  0.325915  0.315556  0.306728  0.296539  0.28795  0.280476  0.272745  0.26491  0.258876  0.2528  0.246775  0.241749  0.235228  0.229938  0.227168  
1.136  3.54704  4.79478  4.177  0.106895  2.86963  6.68838  5.88731  6.0947  6.52152  6.94823  7.36197  7.70847  8.06405  8.40065  8.71316  9.01856  9.31267  9.63557  9.86543  10.154  10.3528  10.5739  10.8274  0.568  0.88676  0.79913  0.522125  0.0106895  0.239135  0.477741  0.367957  0.338595  0.326076  0.315829  0.306749  0.29648  0.288002  0.280022  0.272286  0.265252  0.258685  0.253568  0.246636  0.241763  0.235291  0.229868  0.22557  
1.1499  3.48822  4.49116  4.30952  0.082886  3.39926  6.68618  5.87368  6.086  6.52321  6.94244  7.36203  7.70641  8.06513  8.40435  8.7134  9.01093  9.3147  9.62539  9.87098  10.1556  10.3775  10.5801  10.8853  0.574952  0.872054  0.748526  0.53869  0.0082886  0.283272  0.477584  0.367105  0.338111  0.32616  0.315565  0.306751  0.2964  0.28804  0.280145  0.272294  0.265027  0.258742  0.2533  0.246775  0.2418  0.235853  0.230003  0.226776  
1.16381  3.42939  4.18754  4.44203  0.0588769  3.9289  6.68516  5.86006  6.0947  6.52625  6.94995  7.36208  7.70434  8.06622  8.40806  8.71274  9.01856  9.31672  9.61521  9.87654  10.1575  10.4022  10.5863  10.8145  0.581905  0.857349  0.697923  0.555254  0.00588769  0.327408  0.477511  0.366254  0.338595  0.326313  0.315907  0.306753  0.296321  0.288079  0.280269  0.272273  0.265252  0.258798  0.253032  0.246913  0.241846  0.236415  0.230138  0.225302  
1.19415  3.33819  3.82249  4.64073  0.0118805  4.50723  6.68059  5.82604  6.08276  6.52491  6.94955  7.36196  7.70786  8.06948  8.42498  8.70714  9.0332  9.32643  9.58941  9.8766  10.1548  10.4396  10.6014  10.8462  0.597075  0.834549  0.637082  0.580091  0.00118805  0.375603  0.477185  0.364128  0.337931  0.326246  0.315889  0.306748  0.296456  0.288196  0.280833  0.272098  0.265682  0.259067  0.252353  0.246915  0.241781  0.237264  0.230465  0.225962  
1.18645  3.32165  3.54759  4.7177  0.0277856  5.021  6.68016  5.88731  6.10407  6.52075  6.94363  7.36093  7.70847  8.04965  8.40691  8.71316  9.01582  9.31821  9.58247  9.88376  10.135  10.4125  10.5734  10.8156  0.593223  0.830413  0.591265  0.589712  0.00277856  0.418416  0.477154  0.367957  0.339115  0.326037  0.315619  0.306706  0.29648  0.287488  0.28023  0.272286  0.265171  0.258839  0.25217  0.247094  0.241309  0.236647  0.229857  0.225326  
1.20162  3.25261  3.21902  4.88179  0.00245291  5.57405  6.67849  5.79257  6.0981  6.51657  6.94343  7.36087  7.85285  8.05128  8.41345  8.68824  9.01828  9.32375  9.56635  9.85052  10.1336  10.4264  10.5778  10.8248  0.600808  0.813152  0.536503  0.610224  0.000245291  0.464504  0.477035  0.362036  0.338783  0.325828  0.31561  0.306703  0.302033  0.287546  0.280448  0.271507  0.265244  0.258993  0.251746  0.246263  0.241276  0.236964  0.229953  0.225516  
1.11292  3.2831  3.11664  4.97239  0.0634962  5.9849  6.58368  5.59738  6.15515  6.52041  6.95966  7.35071  7.66872  8.01259  8.35512  8.71262  8.97982  9.2731  9.53541  9.76595  10.0928  10.281  10.4981  10.8221  0.556459  0.820774  0.51944  0.621548  0.00634962  0.498741  0.470263  0.349836  0.341953  0.32602  0.316348  0.30628  0.294951  0.286164  0.278504  0.272269  0.264112  0.257586  0.250932  0.244149  0.240304  0.233658  0.228219  0.22546  
1.15967  2.92523  3.24265  4.96505  0.188894  4.18444  4.62531  5.02692  5.42704  5.77473  6.09733  6.45068  6.7076  7.01483  7.22462  7.52456  7.69548  7.90354  8.09963  8.24878  8.4331  8.58983  8.78877  8.91777  0.579837  0.731307  0.540442  0.620631  0.0188894  0.348703  0.330379  0.314183  0.301502  0.288737  0.277151  0.268778  0.257985  0.25053  0.240821  0.235143  0.226338  0.219543  0.213148  0.206219  0.200788  0.195223  0.19106  0.185787  
1.08778  2.91815  3.49488  4.55169  0.671566  4.18287  4.62566  5.03888  5.4156  5.78042  6.09221  6.44445  6.70715  6.96967  7.22527  7.48157  7.69737  7.9082  8.11211  8.25836  8.43121  8.59146  8.79122  8.88724  0.543889  0.729538  0.58248  0.568962  0.0671566  0.348573  0.330404  0.31493  0.300867  0.289021  0.276919  0.268519  0.257967  0.248917  0.240842  0.233799  0.226393  0.219672  0.213476  0.206459  0.200743  0.19526  0.191113  0.185151  
1.00362  2.95287  3.82154  3.9991  1.13354  4.18188  4.62437  5.03741  5.4156  5.7836  6.09041  6.43539  6.70576  6.96951  7.22751  7.48588  7.69423  7.91018  8.09947  8.25926  8.42933  8.58626  8.7658  8.86305  0.50181  0.738218  0.636924  0.499887  0.113354  0.34849  0.330312  0.314838  0.300867  0.28918  0.276837  0.268141  0.257914  0.248911  0.240917  0.233934  0.226301  0.219727  0.213144  0.206481  0.200698  0.195142  0.190561  0.184647  
0.950684  2.95085  4.04083  3.52741  1.63424  4.18115  4.62487  5.04321  5.42209  5.78464  6.09379  6.43448  6.70543  6.97649  7.22783  7.50307  7.69553  7.90072  8.10569  8.25239  8.42839  8.58626  8.76897  8.85551  0.475342  0.737713  0.673471  0.440926  0.163424  0.348429  0.330348  0.315201  0.301227  0.289232  0.276991  0.268103  0.257901  0.24916  0.240928  0.234471  0.226339  0.219464  0.213308  0.20631  0.200676  0.195142  0.19063  0.18449  
0.885486  2.99063  4.33455  2.91648  2.11424  4.18099  4.62373  5.03559  5.4156  5.78317  6.09041  6.43074  6.70418  6.96951  7.22975  7.48588  7.6918  7.91018  8.0868  8.25926  8.42746  8.59018  8.74427  8.85431  0.442743  0.747658  0.722425  0.364561  0.211424  0.348416  0.330266  0.314724  0.300867  0.289159  0.276837  0.267948  0.257853  0.248911  0.240992  0.233934  0.226229  0.219727  0.21281  0.206481  0.200654  0.195231  0.190093  0.184465  
0.85151  2.99367  4.52089  2.38646  2.63296  4.1811  4.62437  5.03525  5.4156  5.77956  6.09221  6.43074  6.70398  6.96967  7.22975  7.48157  7.69252  7.9082  8.08676  8.25836  8.42746  8.59146  8.74815  8.86976  0.425755  0.748419  0.753482  0.298308  0.263296  0.348425  0.330312  0.314703  0.300867  0.288978  0.276919  0.267948  0.257846  0.248917  0.240992  0.233799  0.226251  0.219672  0.212809  0.206459  0.200654  0.19526  0.190177  0.184787  
0.840122  2.97411  4.63432  1.90296  3.17994  4.18154  4.62624  5.03897  5.42271  5.77258  6.09796  6.435  6.70481  6.9738  7.22783  7.49625  7.69651  7.90445  8.10914  8.25195  8.42839  8.58977  8.76897  8.85551  0.420061  0.743529  0.772387  0.23787  0.317994  0.348462  0.330445  0.314936  0.301262  0.288629  0.27718  0.268125  0.257877  0.249064  0.240928  0.234258  0.226368  0.219568  0.213398  0.206299  0.200676  0.195222  0.19063  0.18449  
0.819432  2.95901  4.77391  1.41036  3.71301  4.18149  4.62838  5.04048  5.42495  5.77065  6.10135  6.43539  6.70456  6.97988  7.22817  7.50307  7.69893  7.89557  8.09686  8.24797  8.43582  8.58626  8.76897  8.92217  0.409716  0.739753  0.795652  0.176295  0.371301  0.348457  0.330599  0.31503  0.301386  0.288533  0.277334  0.268141  0.257868  0.249281  0.240939  0.234471  0.226439  0.219321  0.213075  0.206199  0.200853  0.195142  0.19063  0.185878  
0.765191  2.98444  5.02622  0.842001  4.20849  4.18156  4.6272  5.03785  5.42171  5.77026  6.10005  6.43472  6.70392  6.97371  7.22879  7.4751  7.69724  7.89655  8.09605  8.25081  8.43354  8.59007  8.77407  8.90529  0.382596  0.74611  0.837704  0.10525  0.420849  0.348463  0.330515  0.314866  0.301206  0.288513  0.277275  0.268113  0.257843  0.249061  0.24096  0.233597  0.226389  0.219348  0.213054  0.20627  0.200799  0.195229  0.190741  0.185527  
0.697805  3.01833  5.31037  0.314131  4.70701  4.18081  4.62611  5.04617  5.42871  5.78473  6.09221  6.43842  6.71712  6.99862  7.22128  7.48157  7.69684  7.9082  8.08676  8.24999  8.43544  8.59348  8.79383  8.95367  0.348903  0.754581  0.885062  0.0392664  0.470701  0.348401  0.330436  0.315386  0.301595  0.289236  0.276919  0.268267  0.258351  0.249951  0.240709  0.233799  0.226378  0.219672  0.212809  0.20625  0.200844  0.195306  0.19117  0.186535  
0.730411  2.41951  4.26936  2.36641  3.49311  3.90776  4.30719  4.65929  4.98728  5.28034  5.56014  5.864  6.0448  6.28937  6.54553  6.69225  6.83335  6.99646  7.12065  7.22091  7.35576  7.44652  7.60891  7.72213  0.365206  0.604877  0.71156  0.295801  0.349311  0.325647  0.307657  0.291206  0.277071  0.264017  0.252734  0.244333  0.232492  0.22462  0.218184  0.209133  0.200981  0.194346  0.187385  0.180523  0.175137  0.169239  0.165411  0.160878  
0.782167  2.20056  3.33497  3.40922  3.37411  3.79009  4.14802  4.49117  4.79986  5.07238  5.34767  5.57711  5.78713  5.96766  6.17657  6.34144  6.43613  6.56702  6.6849  6.82062  6.85044  7.02079  7.03905  7.22962  0.391084  0.55014  0.555829  0.426152  0.337411  0.31584  0.296287  0.280698  0.266659  0.253619  0.243076  0.23238  0.222582  0.213131  0.205886  0.19817  0.189298  0.182417  0.175918  0.170516  0.163106  0.159563  0.153023  0.150617  
0.754082  1.98694  3.00526  3.93148  3.25217  3.64744  3.96938  4.29616  4.59687  4.81774  5.06821  5.30473  5.45863  5.60911  5.78406  5.91781  5.99914  6.11975  6.19338  6.29301  6.32987  6.50561  6.5151  6.3757  0.377041  0.496735  0.500876  0.491435  0.325217  0.303953  0.283527  0.26851  0.255382  0.240887  0.230373  0.221031  0.209947  0.200325  0.192802  0.184931  0.176445  0.169993  0.162984  0.157325  0.150711  0.147855  0.141633  0.132827  
0.670765  1.77036  2.88109  4.42028  3.14941  3.51836  3.83238  4.13816  4.41855  4.59091  4.80034  5.03352  5.14113  5.28436  5.42192  5.55844  5.60486  5.70101  5.73243  5.83179  5.81249  5.92648  5.95471  5.8426  0.335382  0.44259  0.480182  0.552535  0.314941  0.293197  0.273742  0.258635  0.245475  0.229546  0.218197  0.20973  0.197736  0.188727  0.180731  0.173701  0.164849  0.158361  0.150853  0.145795  0.138393  0.134693  0.12945  0.121721  
0.657043  1.57102  2.53297  4.86596  3.02212  3.38381  3.66094  3.91181  4.16968  4.3231  4.53546  4.6809  4.79935  4.9331  5.0164  5.11051  5.13912  5.21453  5.23166  5.2603  5.25138  5.36681  5.31465  5.4058  0.328521  0.392754  0.422161  0.608244  0.302212  0.281984  0.261496  0.244488  0.231649  0.216155  0.206157  0.195037  0.18459  0.176182  0.167213  0.159703  0.15115  0.144848  0.137675  0.131508  0.125033  0.121973  0.115536  0.112621  
0.613232  1.34771  2.25797  5.39409  2.93014  3.2412  3.49603  3.72844  3.94825  4.08235  4.27057  4.45163  4.47315  4.57934  4.62973  4.72345  4.70645  4.78202  4.91503  4.8018  4.73087  4.69282  4.76346  4.63554  0.306616  0.336927  0.376328  0.674262  0.293014  0.2701  0.249717  0.233028  0.219347  0.204118  0.194117  0.185484  0.172044  0.163548  0.154324  0.147608  0.138425  0.132834  0.129343  0.120045  0.11264  0.106655  0.103553  0.0965738  
0.57604  1.13646  1.99615  5.84358  2.81236  3.09999  3.327  3.53379  3.72152  3.83711  3.98579  4.16195  4.13909  4.22808  4.23938  4.29616  4.26799  4.32153  4.24096  4.21302  4.16975  4.22613  4.19498  4.01678  0.28802  0.284115  0.332692  0.730447  0.281236  0.258332  0.237643  0.220862  0.206751  0.191856  0.181172  0.173415  0.159196  0.151003  0.141313  0.134255  0.125529  0.120043  0.111604  0.105326  0.0992798  0.0960483  0.0911953  0.083683  
0.543609  0.924705  1.69763  6.32213  2.69639  2.96211  3.16547  3.33079  3.49271  3.57358  3.69143  3.83908  3.80504  3.88313  3.85087  3.86403  3.83464  3.8614  3.74449  3.7001  3.6281  3.70242  3.63064  3.42437  0.271804  0.231176  0.282938  0.790266  0.269639  0.246842  0.226105  0.208174  0.19404  0.178679  0.167792  0.159962  0.146348  0.138683  0.128362  0.120751  0.112783  0.107261  0.0985391  0.0925026  0.0863833  0.0841459  0.078927  0.0713411  
0.510012  0.706249  1.40949  6.79158  2.59193  2.79376  2.98726  3.12597  3.24364  3.32159  3.42418  3.54579  3.46614  3.53952  3.45743  3.43064  3.37548  3.39794  3.26478  3.195  3.11325  3.12664  3.04901  2.82741  0.255006  0.176562  0.234915  0.848947  0.259193  0.232814  0.213376  0.195373  0.180202  0.166079  0.155645  0.147741  0.133313  0.126411  0.115248  0.107208  0.0992789  0.0943872  0.0859152  0.079875  0.0741249  0.0710601  0.0662828  0.0589043  
0.476988  0.488415  1.0758  7.31997  2.46988  2.63715  2.78581  2.91067  2.99528  3.05833  3.1823  3.17719  3.12565  3.18278  3.06177  2.99415  2.90259  2.92477  2.7834  2.68917  2.60509  2.56206  2.44107  2.22225  0.238494  0.122104  0.1793  0.914997  0.246988  0.219762  0.198986  0.181917  0.166405  0.152916  0.14465  0.132383  0.120217  0.113671  0.102059  0.0935672  0.0853702  0.0812435  0.0732475  0.0672292  0.062026  0.0582285  0.0530668  0.0462968  
0.494523  0.334501  0.79668  7.446  2.2817  2.4227  2.58005  2.65854  2.69511  2.73771  2.77719  2.84792  2.71865  2.71766  2.57638  2.48987  2.41076  2.39603  2.23861  2.15314  2.04237  1.97424  1.90362  1.70947  0.247262  0.0836252  0.13278  0.93075  0.22817  0.201892  0.184289  0.166159  0.149728  0.136886  0.126236  0.118663  0.104563  0.0970593  0.0858793  0.0778083  0.0709047  0.0665564  0.0589108  0.0538286  0.0486278  0.0448691  0.041383  0.0356139  
0.51263  0.181208  0.472004  7.63097  2.07594  2.21999  2.35105  2.39592  2.39565  2.40583  2.39744  2.44334  2.31005  2.23941  2.08876  1.98248  1.90519  1.85759  1.69215  1.61638  1.48634  1.39762  1.33986  1.1885  0.256315  0.045302  0.0786673  0.953872  0.207594  0.184999  0.167932  0.149745  0.133092  0.120292  0.108975  0.101806  0.0888481  0.0799791  0.0696253  0.0619525  0.0560351  0.0515997  0.0445302  0.0404096  0.0353891  0.0317641  0.0291273  0.0247604  
0.491329  0.0793688  0.109874  7.91407  1.72756  2.00955  2.05701  2.06193  2.04706  2.00404  1.94713  1.86002  1.76495  1.67123  1.56958  1.45503  1.3519  1.24913  1.1433  1.04929  0.949373  0.859805  0.780742  0.706401  0.245665  0.0198422  0.0183123  0.989259  0.172756  0.167462  0.146929  0.12887  0.113725  0.100202  0.088506  0.0775007  0.0678826  0.0596868  0.0523194  0.0454696  0.0397618  0.0346982  0.0300868  0.0262321  0.0226041  0.019541  0.0169726  0.0147167  
0.456486  0.0789996  0.109934  7.56309  2.34373  2.01019  2.05754  2.06561  2.04871  2.00333  1.94746  1.8591  1.76699  1.67079  1.5712  1.46133  1.35381  1.24958  1.14455  1.04908  0.951365  0.861694  0.781151  0.707078  0.228243  0.0197499  0.0183224  0.945386  0.234373  0.167516  0.146967  0.129101  0.113817  0.100167  0.0885208  0.0774623  0.0679611  0.059671  0.0523734  0.0456665  0.0398179  0.0347105  0.0301197  0.0262271  0.0226515  0.019584  0.0169815  0.0147308  
0.447339  0.0732441  0.100854  7.08844  3.00369  2.00991  2.05289  2.06537  2.04541  2.0023  1.94292  1.85547  1.76668  1.66966  1.56983  1.46027  1.35276  1.24842  1.14645  1.04876  0.950827  0.86321  0.782998  0.704625  0.223669  0.018311  0.0168089  0.886054  0.300369  0.167492  0.146635  0.129085  0.113634  0.100115  0.0883145  0.0773114  0.0679492  0.0596307  0.0523278  0.0456334  0.039787  0.0346782  0.0301697  0.0262189  0.0226387  0.0196184  0.0170217  0.0146797  
0.443063  0.0666366  0.0976326  6.58893  3.66921  2.01157  2.05546  2.06548  2.04402  2.00027  1.9464  1.8559  1.76732  1.67257  1.57052  1.45623  1.35143  1.24873  1.14362  1.04947  0.950875  0.864888  0.783651  0.704823  0.221531  0.0166591  0.0162721  0.823617  0.366921  0.167631  0.146818  0.129092  0.113557  0.100013  0.0884729  0.077329  0.0679737  0.0597348  0.0523505  0.0455071  0.0397481  0.034687  0.0300952  0.0262368  0.0226399  0.0196566  0.0170359  0.0146838  
0.427719  0.0595043  0.0954801  6.1382  4.3295  2.01062  2.0546  2.06597  2.0454  2.00207  1.94225  1.85689  1.76602  1.6727  1.5706  1.45873  1.3506  1.24881  1.14267  1.05064  0.950526  0.863756  0.784051  0.704976  0.21386  0.0148761  0.0159134  0.767275  0.43295  0.167552  0.146757  0.129123  0.113633  0.100104  0.088284  0.0773702  0.0679239  0.0597392  0.0523533  0.0455852  0.0397236  0.0346892  0.0300704  0.0262659  0.0226316  0.0196308  0.0170446  0.014687  
0.417248  0.05152  0.0991874  5.66261  4.99537  2.00632  2.05332  2.06621  2.04998  2.00026  1.93918  1.85832  1.76539  1.67173  1.56935  1.46103  1.35027  1.25009  1.14581  1.05143  0.950762  0.861838  0.783257  0.70339  0.208624  0.01288  0.0165312  0.707827  0.499537  0.167193  0.146666  0.129138  0.113888  0.100013  0.0881446  0.0774301  0.0678995  0.0597047  0.0523116  0.0456572  0.0397139  0.0347247  0.030153  0.0262856  0.0226372  0.0195872  0.0170273  0.014654  
0.402545  0.0528315  0.0919369  5.20518  5.64697  2.0084  2.05279  2.06637  2.04677  1.99958  1.95183  1.85946  1.77289  1.66789  1.57177  1.4552  1.34858  1.24883  1.14305  1.05025  0.955073  0.864534  0.783371  0.705691  0.201273  0.0132079  0.0153228  0.650648  0.564697  0.167367  0.146628  0.129148  0.113709  0.0999789  0.0887198  0.0774773  0.0681881  0.0595676  0.0523924  0.045475  0.039664  0.0346899  0.0300804  0.0262562  0.0227398  0.0196485  0.0170298  0.0147019  
0.394641  0.049777  0.0905822  4.72824  6.29121  2.00976  2.05287  2.06548  2.0455  2.00029  1.94485  1.8608  1.77008  1.66946  1.57168  1.45623  1.34906  1.24931  1.14502  1.04977  0.953081  0.865256  0.783328  0.704823  0.19732  0.0124442  0.015097  0.59103  0.629121  0.16748  0.146633  0.129092  0.113639  0.100014  0.0884022  0.0775333  0.0680801  0.0596235  0.0523892  0.0455071  0.0396783  0.034703  0.030132  0.0262443  0.0226924  0.0196649  0.0170289  0.0146838  
0.416154  0.0562567  0.0928351  4.1169  6.92906  2.01059  2.05343  2.06383  2.04556  2.00119  1.94524  1.85727  1.77118  1.6689  1.56984  1.45663  1.35069  1.24828  1.14665  1.04905  0.952574  0.863616  0.783394  0.705886  0.208077  0.0140642  0.0154725  0.514612  0.692906  0.167549  0.146674  0.128989  0.113642  0.100059  0.0884199  0.0773863  0.0681223  0.0596037  0.052328  0.0455196  0.0397263  0.0346743  0.0301751  0.0262263  0.0226803  0.0196276  0.0170303  0.014706  
0.381734  0.0526616  0.090634  3.76226  7.55722  2.00829  2.05366  2.0677  2.04533  2.00063  1.94213  1.8615  1.77036  1.67008  1.57105  1.45788  1.35007  1.24922  1.14483  1.04947  0.95261  0.865586  0.783559  0.705091  0.190867  0.0131654  0.0151057  0.470283  0.755722  0.167357  0.14669  0.129231  0.11363  0.100032  0.0882788  0.0775627  0.0680908  0.0596458  0.0523682  0.0455588  0.0397081  0.0347005  0.030127  0.0262367  0.0226812  0.0196724  0.0170339  0.0146894  
0.376733  0.0586008  0.0920406  3.27322  8.17899  2.00546  2.05437  2.06586  2.04643  2.00027  1.9464  1.86087  1.77345  1.66914  1.57052  1.4557  1.3506  1.24866  1.14267  1.04964  0.954132  0.865193  0.783832  0.706656  0.188367  0.0146502  0.0153401  0.409152  0.817899  0.167122  0.146741  0.129116  0.113691  0.100013  0.0884729  0.0775361  0.0682095  0.0596122  0.0523505  0.0454906  0.0397236  0.0346849  0.0300704  0.026241  0.0227174  0.0196635  0.0170398  0.014722  
0.322728  0.0524425  0.0897192  3.01174  8.78979  2.01253  2.05247  2.06333  2.04237  2.00042  1.94672  1.85688  1.77228  1.66752  1.57109  1.45316  1.3506  1.24778  1.14548  1.04865  0.95377  0.864781  0.783993  0.704774  0.161364  0.0131106  0.0149532  0.376467  0.878979  0.167711  0.146605  0.128958  0.113465  0.100021  0.0884871  0.0773699  0.0681646  0.0595541  0.0523695  0.0454112  0.0397236  0.0346607  0.0301443  0.0262163  0.0227088  0.0196541  0.0170433  0.0146828  
0.298141  0.0574053  0.0968139  2.61585  9.3942  2.00588  2.0548  2.06647  2.05189  2.00076  1.94189  1.86159  1.76788  1.67223  1.56919  1.46317  1.35428  1.25029  1.14736  1.05058  0.950688  0.862925  0.784262  0.707048  0.14907  0.0143513  0.0161357  0.326981  0.93942  0.167157  0.146771  0.129154  0.113994  0.100038  0.0882679  0.0775661  0.0679954  0.0597226  0.0523062  0.045724  0.0398319  0.0347303  0.0301936  0.0262644  0.0226354  0.0196119  0.0170492  0.0147302  
0.259563  0.0678262  0.0875294  2.28789  9.99506  2.00595  2.05779  2.06677  2.0483  2.00076  1.94865  1.86306  1.77697  1.67242  1.56962  1.46344  1.35938  1.24955  1.14664  1.04908  0.956139  0.868423  0.785826  0.707078  0.129782  0.0169565  0.0145882  0.285986  0.999506  0.167162  0.146985  0.129173  0.113794  0.100038  0.088575  0.0776275  0.0683451  0.0597294  0.0523207  0.0457324  0.0399816  0.0347097  0.0301746  0.0262271  0.0227652  0.0197369  0.0170832  0.0147308  
0.261852  0.0742574  0.0761151  1.76913  9.99917  2.75541  2.0574  2.06346  2.0503  2.00103  1.95424  1.86115  1.77572  1.67039  1.56914  1.46072  1.35679  1.24924  1.14531  1.04855  0.955997  0.865856  0.78472  0.705619  0.130926  0.0185644  0.0126859  0.221141  0.999917  0.229618  0.146957  0.128966  0.113905  0.100051  0.0888293  0.0775477  0.0682969  0.059657  0.0523048  0.0456474  0.0399055  0.0347011  0.0301397  0.0262138  0.0227618  0.0196786  0.0170591  0.0147004  
0.257898  0.0739911  0.0653797  1.29283  9.99954  3.5026  2.05779  2.06218  2.0483  2.00118  1.95308  1.86306  1.77551  1.67242  1.56845  1.46344  1.3524  1.24839  1.14331  1.04819  0.954508  0.863734  0.783662  0.703269  0.128949  0.0184978  0.0108966  0.161603  0.999954  0.291883  0.146985  0.128886  0.113794  0.100059  0.0887765  0.0776275  0.0682889  0.0597294  0.0522817  0.0457324  0.0397765  0.0346775  0.0300871  0.0262048  0.0227264  0.0196303  0.0170361  0.0146514  
0.169613  0.0512263  0.0687068  1.19838  9.99974  4.2301  2.05529  2.06787  2.04998  2.00026  1.93848  1.85832  1.76663  1.6699  1.56867  1.46219  1.3495  1.24922  1.14213  1.04727  0.952796  0.861838  0.78475  0.70339  0.0848064  0.0128066  0.0114511  0.149797  0.999974  0.352508  0.146806  0.129242  0.113888  0.100013  0.0881125  0.0774301  0.0679471  0.0596392  0.0522891  0.0456935  0.0396912  0.0347006  0.030056  0.0261816  0.0226856  0.0195872  0.0170598  0.014654  
0.165659  0.05096  0.0579713  0.722075  9.99999  4.97729  2.056  2.06659  2.04853  2.00041  1.93732  1.85738  1.76642  1.66918  1.56798  1.45928  1.34511  1.2488  1.14013  1.04691  0.951307  0.859716  0.783692  0.70104  0.0828293  0.01274  0.00966189  0.0902593  0.999999  0.414774  0.146857  0.129162  0.113807  0.100021  0.0880598  0.0773908  0.0679391  0.0596137  0.052266  0.0456024  0.0395622  0.0346889  0.0300035  0.0261727  0.0226502  0.019539  0.0170368  0.014605  
0.0942669  0.0595305  0.0687068  0.531319  9.99995  5.66708  2.05676  2.06729  2.05326  1.99993  1.9413  1.86552  1.76663  1.6699  1.56842  1.46157  1.3495  1.25052  1.14397  1.0484  0.949136  0.861543  0.784825  0.706798  0.0471334  0.0148826  0.0114511  0.0664149  0.999995  0.472257  0.146912  0.129205  0.11407  0.0999966  0.088241  0.0777299  0.0679471  0.0596392  0.0522807  0.045674  0.0396912  0.0347368  0.0301044  0.02621  0.0225985  0.0195805  0.0170614  0.014725  
0.0818714  0.055679  0.070902  0.122886  9.99997  6.37628  2.05635  2.06565  2.04912  2.0006  1.94257  1.85866  1.76846  1.66913  1.56774  1.45968  1.35406  1.24859  1.14155  1.04615  0.952554  0.860443  0.784527  0.703282  0.0409357  0.0139198  0.011817  0.0153608  0.999997  0.531357  0.146882  0.129103  0.11384  0.10003  0.0882985  0.0774441  0.0680178  0.0596116  0.0522579  0.0456151  0.0398254  0.0346831  0.0300407  0.0261538  0.0226799  0.0195555  0.0170549  0.0146517  
0.00203855  0.0606644  0.0647684  1.44836e-06  9.99996  7.02808  2.056  2.066  2.05116  2.00063  1.94023  1.86088  1.77072  1.66978  1.56843  1.463  1.35316  1.2488  1.14496  1.04576  0.95529  0.863292  0.78529  0.707874  0.00101928  0.0151661  0.0107947  1.81045e-07  0.999996  0.585673  0.146857  0.129125  0.113954  0.100032  0.0881922  0.0775367  0.0681045  0.0596351  0.0522809  0.0457189  0.0397988  0.0346889  0.0301304  0.0261439  0.022745  0.0196203  0.0170715  0.0147474  
