1.46882  2.89158  4.38566  1.46882  2.89158  4.38566  |||| 36577.9 |||| 36577.9 
1.54395  3.26133  3.66772  1.54395  3.26133  3.66772  |||| 29398.5 |||| 29398.5 
1.87883  1.6519  4.2735  1.87883  1.6519  4.2735  |||| 12585 |||| 12585 
0.897013  1.90818  6.11518  0.897013  1.90818  6.11518  |||| 16.1964 |||| 16.1964 
2.28762  1.67561  2.74356  2.28762  1.67561  2.74356  |||| 2706.97 |||| 2706.97 
1.79559  1.55  4.83083  1.79559  1.55  4.83083  |||| 42064.1 |||| 42064.1 
1.05753  1.05301  6.22179  1.05753  1.05301  6.22179  |||| 3926.58 |||| 3926.58 
1.83913  2.42167  3.45307  1.83913  2.42167  3.45307  |||| 2658.18 |||| 2658.18 
1.07376  3.10499  4.57733  1.07376  3.10499  4.57733  |||| 1246.38 |||| 1246.38 
0.811894  0.986942  6.34864  0.811894  0.986942  6.34864  |||| 41.9209 |||| 41.9209 
0.909593  1.32428  6.21911  0.909593  1.32428  6.21911  |||| 7.11375 |||| 7.11375 
0.628828  1.30494  6.4455  0.628828  1.30494  6.4455  |||| 52.9077 |||| 52.9077 
1.00999  2.3878  5.48105  1.00999  2.3878  5.48105  |||| 43.1982 |||| 43.1982 
1.76502  3.67298  2.32649  1.76502  3.67298  2.32649  |||| 27.4905 |||| 27.4905 
1.20833  2.90841  4.88596  1.20833  2.90841  4.88596  |||| 18.8598 |||| 18.8598 
1.31073  1.28815  5.98081  1.31073  1.28815  5.98081  |||| 46.9674 |||| 46.9674 
1.70538  2.67262  3.96627  1.70538  2.67262  3.96627  |||| 9.72396 |||| 9.72396 
1.50343  3.67951  3.11156  1.50343  3.67951  3.11156  |||| 13.9859 |||| 13.9859 
1.16037  3.65179  3.7927  1.16037  3.65179  3.7927  |||| 13.8385 |||| 13.8385 
1.83522  2.69344  3.80434  1.83522  2.69344  3.80434  |||| 744.269 |||| 744.269 
0.944887  2.76686  5.43206  0.944887  2.76686  5.43206  |||| 21.481 |||| 21.481 
1.10347  2.14107  5.71125  1.10347  2.14107  5.71125  |||| 27782.2 |||| 27782.2 
1.69188  3.05627  3.15102  1.69188  3.05627  3.15102  |||| 9426.12 |||| 9426.12 
1.53528  1.8323  5.55441  1.53528  1.8323  5.55441  |||| 358.723 |||| 358.723 
1.79906  2.13275  4.51287  1.79906  2.13275  4.51287  |||| 17.0564 |||| 17.0564 
2.07031  2.11106  4.01881  2.07031  2.11106  4.01881  |||| 9.88485 |||| 9.88485 
1.85376  2.71889  3.06187  1.85376  2.71889  3.06187  |||| 19.1307 |||| 19.1307 
1.10849  2.12427  5.81084  1.10849  2.12427  5.81084  |||| 439.711 |||| 439.711 
1.06822  1.10221  6.03242  1.06822  1.10221  6.03242  |||| 2386.04 |||| 2386.04 
1.29534  2.09905  5.74597  1.29534  2.09905  5.74597  |||| 44.8092 |||| 44.8092 
1.641  3.05278  4.0989  1.641  3.05278  4.0989  |||| 1104.74 |||| 1104.74 
1.21659  1.17843  5.90517  1.21659  1.17843  5.90517  |||| 9.34759 |||| 9.34759 
1.34354  3.90224  1.69519  1.34354  3.90224  1.69519  |||| 14.8899 |||| 14.8899 
1.43524  1.19472  5.78798  1.43524  1.19472  5.78798  |||| 11.4461 |||| 11.4461 
0.852275  1.89354  6.0411  0.852275  1.89354  6.0411  |||| 24.0837 |||| 24.0837 
1.69774  2.09316  4.71592  1.69774  2.09316  4.71592  |||| 35.7935 |||| 35.7935 
0.989339  3.52672  4.47216  0.989339  3.52672  4.47216  |||| 2740.84 |||| 2740.84 
1.8519  1.96445  4.70315  1.8519  1.96445  4.70315  |||| 398.834 |||| 398.834 
1.61897  1.2667  5.44888  1.61897  1.2667  5.44888  |||| 10372.2 |||| 10372.2 
1.28556  1.38702  5.89731  1.28556  1.38702  5.89731  |||| 4221.43 |||| 4221.43 
2.00144  2.91139  2.81029  2.00144  2.91139  2.81029  |||| 18.9671 |||| 18.9671 
1.82452  2.16388  4.06616  1.82452  2.16388  4.06616  |||| 7.54529 |||| 7.54529 
2.19209  1.5906  1.57355  2.19209  1.5906  1.57355  |||| 13.7431 |||| 13.7431 
2.31062  1.10483  3.58743  2.31062  1.10483  3.58743  |||| 8.64671 |||| 8.64671 
1.47255  1.62273  5.64134  1.47255  1.62273  5.64134  |||| 9.27707 |||| 9.27707 
1.29106  3.07398  4.78301  1.29106  3.07398  4.78301  |||| 36.0925 |||| 36.0925 
2.22898  2.46952  2.34678  2.22898  2.46952  2.34678  |||| 10168.4 |||| 10168.4 
1.78841  3.3927  2.58472  1.78841  3.3927  2.58472  |||| 12.6415 |||| 12.6415 
2.25781  1.76965  3.34037  2.25781  1.76965  3.34037  |||| 359.889 |||| 359.889 
1.40077  1.4464  5.7853  1.40077  1.4464  5.7853  |||| 15.0953 |||| 15.0953 
1.20471  3.15197  4.30968  1.20471  3.15197  4.30968  |||| 4340.03 |||| 4340.03 
2.14026  0.77131  4.26208  2.14026  0.77131  4.26208  |||| 397.667 |||| 397.667 
1.93595  2.76956  2.03082  1.93595  2.76956  2.03082  |||| 464.665 |||| 464.665 
1.20834  2.12177  5.37425  1.20834  2.12177  5.37425  |||| 5890.62 |||| 5890.62 
1.53931  3.23325  3.94003  1.53931  3.23325  3.94003  |||| 979.522 |||| 979.522 
1.60376  2.33323  4.85167  1.60376  2.33323  4.85167  |||| 47.5995 |||| 47.5995 
1.30671  2.31057  5.2826  1.30671  2.31057  5.2826  |||| 45.411 |||| 45.411 
1.44434  3.24797  4.15848  1.44434  3.24797  4.15848  |||| 11.6257 |||| 11.6257 
1.13859  3.6894  4.05116  1.13859  3.6894  4.05116  |||| 73.0928 |||| 73.0928 
1.00108  4.20553  2.29363  1.00108  4.20553  2.29363  |||| 6.17069 |||| 6.17069 
1.94174  1.28042  4.47431  1.94174  1.28042  4.47431  |||| 32.6759 |||| 32.6759 
1.20772  2.52128  5.42151  1.20772  2.52128  5.42151  |||| 31.6255 |||| 31.6255 
1.37122  3.27701  4.47981  1.37122  3.27701  4.47981  |||| 20.4037 |||| 20.4037 
1.83598  1.10362  5.09924  1.83598  1.10362  5.09924  |||| 16.8903 |||| 16.8903 
1.71908  2.95355  3.56986  1.71908  2.95355  3.56986  |||| 26.9985 |||| 26.9985 
1.9926  2.78163  3.55033  1.9926  2.78163  3.55033  |||| 73.6016 |||| 73.6016 
1.45668  0.9419  5.80343  1.45668  0.9419  5.80343  |||| 9.99465 |||| 9.99465 
1.42802  2.93166  4.34185  1.42802  2.93166  4.34185  |||| 102.664 |||| 102.664 
1.3515  3.67256  3.05014  1.3515  3.67256  3.05014  |||| 39.6386 |||| 39.6386 
1.17631  2.0744  5.59487  1.17631  2.0744  5.59487  |||| 9.44084 |||| 9.44084 
1.78765  3.24032  2.96701  1.78765  3.24032  2.96701  |||| 17.5351 |||| 17.5351 
0.870874  0.927331  6.47741  0.870874  0.927331  6.47741  |||| 11.184 |||| 11.184 
2.14951  1.84994  3.60496  2.14951  1.84994  3.60496  |||| 38.2692 |||| 38.2692 
1.35252  3.47839  3.45403  1.35252  3.47839  3.45403  |||| 19.2243 |||| 19.2243 
2.37658  1.70974  2.70786  2.37658  1.70974  2.70786  |||| 6.7101 |||| 6.7101 
1.68343  2.56314  4.76912  1.68343  2.56314  4.76912  |||| 8.42154 |||| 8.42154 
1.83865  2.11919  4.51407  1.83865  2.11919  4.51407  |||| 38.778 |||| 38.778 
1.81446  1.46565  5.18984  1.81446  1.46565  5.18984  |||| 15.1707 |||| 15.1707 
1.11632  1.13389  6.10736  1.11632  1.13389  6.10736  |||| 10.431 |||| 10.431 
1.23392  3.04948  4.81215  1.23392  3.04948  4.81215  |||| 9.62535 |||| 9.62535 
0.98462  2.41241  5.98495  0.98462  2.41241  5.98495  |||| 144.178 |||| 144.178 
0.95086  1.78909  5.86345  0.95086  1.78909  5.86345  |||| 34.7941 |||| 34.7941 
1.31948  2.06204  5.70581  1.31948  2.06204  5.70581  |||| 27.0019 |||| 27.0019 
1.33275  2.90362  4.75312  1.33275  2.90362  4.75312  |||| 10.904 |||| 10.904 
2.32318  2.5306  1.25017  2.32318  2.5306  1.25017  |||| 7.52542 |||| 7.52542 
1.15684  3.18781  4.67005  1.15684  3.18781  4.67005  |||| 9.6667 |||| 9.6667 
1.51179  1.67029  5.40335  1.51179  1.67029  5.40335  |||| 126.931 |||| 126.931 
1.22633  4.09778  2.44488  1.22633  4.09778  2.44488  |||| 48.071 |||| 48.071 
0.80299  3.09345  5.2234  0.80299  3.09345  5.2234  |||| 64.3044 |||| 64.3044 
0.693735  2.51566  5.64325  0.693735  2.51566  5.64325  |||| 25.0738 |||| 25.0738 
1.8863  2.78982  2.9307  1.8863  2.78982  2.9307  |||| 6.85935 |||| 6.85935 
1.14816  0.938018  6.06421  1.14816  0.938018  6.06421  |||| 29.246 |||| 29.246 
1.98407  2.00401  3.41613  1.98407  2.00401  3.41613  |||| 17.3546 |||| 17.3546 
2.31621  1.33533  2.78436  2.31621  1.33533  2.78436  |||| 27.7868 |||| 27.7868 
1.72749  0.781875  5.34756  1.72749  0.781875  5.34756  |||| 17.8776 |||| 17.8776 
0.790871  1.25637  6.30699  0.790871  1.25637  6.30699  |||| 21.5399 |||| 21.5399 
1.64386  1.66003  5.08399  1.64386  1.66003  5.08399  |||| 111.804 |||| 111.804 
1.56641  3.09891  3.70642  1.56641  3.09891  3.70642  |||| 13.5323 |||| 13.5323 
1.3179  1.49677  5.55093  1.3179  1.49677  5.55093  |||| 32.5896 |||| 32.5896 
2.08986  3.09003  0.869452  2.08986  3.09003  0.869452  |||| 19.5926 |||| 19.5926 
1.05916  2.8746  4.55001  1.05916  2.8746  4.55001  |||| 50.6364 |||| 50.6364 
1.63937  3.46533  2.78046  1.63937  3.46533  2.78046  |||| 11.1107 |||| 11.1107 
1.42308  2.09505  5.42511  1.42308  2.09505  5.42511  |||| 31.777 |||| 31.777 
1.30109  2.11569  5.55539  1.30109  2.11569  5.55539  |||| 18.9494 |||| 18.9494 
1.36811  2.42997  5.44346  1.36811  2.42997  5.44346  |||| 23.9283 |||| 23.9283 
1.11488  1.53219  5.83361  1.11488  1.53219  5.83361  |||| 10.7206 |||| 10.7206 
1.4871  1.38588  5.52378  1.4871  1.38588  5.52378  |||| 11.2702 |||| 11.2702 
1.27954  2.54954  5.21756  1.27954  2.54954  5.21756  |||| 26.258 |||| 26.258 
1.92836  3.4244  2.15091  1.92836  3.4244  2.15091  |||| 15.3726 |||| 15.3726 
2.06993  2.76077  2.7364  2.06993  2.76077  2.7364  |||| 19.9632 |||| 19.9632 
1.09618  1.8359  5.93903  1.09618  1.8359  5.93903  |||| 145.749 |||| 145.749 
1.13247  2.03453  5.58661  1.13247  2.03453  5.58661  |||| 13.182 |||| 13.182 
1.76886  3.11712  2.90269  1.76886  3.11712  2.90269  |||| 28.353 |||| 28.353 
1.56735  2.60775  4.03788  1.56735  2.60775  4.03788  |||| 87.4915 |||| 87.4915 
1.45007  2.95038  4.57311  1.45007  2.95038  4.57311  |||| 22.4955 |||| 22.4955 
1.89751  1.69089  4.49449  1.89751  1.69089  4.49449  |||| 12.6422 |||| 12.6422 
1.01753  2.47516  5.30773  1.01753  2.47516  5.30773  |||| 60.9879 |||| 60.9879 
1.4854  1.58185  5.62696  1.4854  1.58185  5.62696  |||| 13.2277 |||| 13.2277 
1.48768  1.71734  5.55624  1.48768  1.71734  5.55624  |||| 32.8601 |||| 32.8601 
1.65453  1.66495  5.17194  1.65453  1.66495  5.17194  |||| 7.54665 |||| 7.54665 
2.09206  2.24442  3.89965  2.09206  2.24442  3.89965  |||| 17.2874 |||| 17.2874 
2.60714  1.54991  0.925317  2.60714  1.54991  0.925317  |||| 25.4551 |||| 25.4551 
1.02599  3.24975  4.83373  1.02599  3.24975  4.83373  |||| 11.1639 |||| 11.1639 
1.18223  3.07553  4.56991  1.18223  3.07553  4.56991  |||| 9.47944 |||| 9.47944 
1.8542  1.1284  4.95064  1.8542  1.1284  4.95064  |||| 16.2227 |||| 16.2227 
2.39896  1.97787  2.05843  2.39896  1.97787  2.05843  |||| 17.759 |||| 17.759 
1.67901  3.04987  4.44345  1.67901  3.04987  4.44345  |||| 27.1862 |||| 27.1862 
1.69263  2.47493  4.47253  1.69263  2.47493  4.47253  |||| 52.5118 |||| 52.5118 
1.2057  2.82052  5.02829  1.2057  2.82052  5.02829  |||| 55.8625 |||| 55.8625 
1.86703  2.66824  3.37571  1.86703  2.66824  3.37571  |||| 67.8883 |||| 67.8883 
1.5222  2.0639  4.71368  1.5222  2.0639  4.71368  |||| 13.4394 |||| 13.4394 
0.78468  1.34778  6.34484  0.78468  1.34778  6.34484  |||| 8.04766 |||| 8.04766 
2.0806  2.05613  4.12007  2.0806  2.05613  4.12007  |||| 23.3523 |||| 23.3523 
1.67885  2.94917  3.4569  1.67885  2.94917  3.4569  |||| 13.0346 |||| 13.0346 
1.35671  3.78517  2.9835  1.35671  3.78517  2.9835  |||| 42.897 |||| 42.897 
1.21352  1.60959  5.72675  1.21352  1.60959  5.72675  |||| 135.414 |||| 135.414 
0.975343  2.74728  5.35426  0.975343  2.74728  5.35426  |||| 5521.73 |||| 5521.73 
2.00583  2.61777  3.01998  2.00583  2.61777  3.01998  |||| 1117.8 |||| 1117.8 
1.37623  3.86853  3.04306  1.37623  3.86853  3.04306  |||| 2970.87 |||| 2970.87 
1.16935  2.45539  5.44092  1.16935  2.45539  5.44092  |||| 25.3107 |||| 25.3107 
1.15799  3.94562  3.22221  1.15799  3.94562  3.22221  |||| 3837.37 |||| 3837.37 
1.94755  2.35577  3.63692  1.94755  2.35577  3.63692  |||| 13.1298 |||| 13.1298 
1.1098  2.46492  5.29517  1.1098  2.46492  5.29517  |||| 1727.38 |||| 1727.38 
2.2864  1.95984  0.908931  2.2864  1.95984  0.908931  |||| 14.8704 |||| 14.8704 
2.02301  2.35666  3.56862  2.02301  2.35666  3.56862  |||| 3865.36 |||| 3865.36 
1.29606  4.09652  2.17731  1.29606  4.09652  2.17731  |||| 31.6715 |||| 31.6715 
1.66369  2.83039  4.02611  1.66369  2.83039  4.02611  |||| 19.539 |||| 19.539 
1.59616  2.66051  4.67257  1.59616  2.66051  4.67257  |||| 18.0831 |||| 18.0831 
2.37049  1.05518  2.97544  2.37049  1.05518  2.97544  |||| 604.318 |||| 604.318 
1.44261  3.20535  4.32753  1.44261  3.20535  4.32753  |||| 10.6594 |||| 10.6594 
1.60902  2.97242  3.47248  1.60902  2.97242  3.47248  |||| 12.4158 |||| 12.4158 
1.27498  2.0338  5.63899  1.27498  2.0338  5.63899  |||| 18.896 |||| 18.896 
1.16314  3.90577  3.27577  1.16314  3.90577  3.27577  |||| 450.396 |||| 450.396 
1.01833  2.17786  5.73439  1.01833  2.17786  5.73439  |||| 14.0971 |||| 14.0971 
0.630621  2.95996  5.05279  0.630621  2.95996  5.05279  |||| 10.5841 |||| 10.5841 
1.58923  0.959328  5.63459  1.58923  0.959328  5.63459  |||| 19.0362 |||| 19.0362 
1.66038  3.29735  3.49446  1.66038  3.29735  3.49446  |||| 10.6714 |||| 10.6714 
0.971478  2.45404  5.49941  0.971478  2.45404  5.49941  |||| 124.676 |||| 124.676 
1.31807  2.992  4.41792  1.31807  2.992  4.41792  |||| 21.272 |||| 21.272 
0.82194  2.73376  5.49079  0.82194  2.73376  5.49079  |||| 1382.63 |||| 1382.63 
1.69284  1.33614  4.89911  1.69284  1.33614  4.89911  |||| 10.2719 |||| 10.2719 
2.12979  1.90759  4.05203  2.12979  1.90759  4.05203  |||| 8.09683 |||| 8.09683 
1.00528  2.06162  6.05276  1.00528  2.06162  6.05276  |||| 20.1026 |||| 20.1026 
2.29716  2.45574  2.02031  2.29716  2.45574  2.02031  |||| 26.1394 |||| 26.1394 
1.45182  1.8345  5.51439  1.45182  1.8345  5.51439  |||| 83781.6 |||| 83781.6 
1.18939  1.09652  6.11372  1.18939  1.09652  6.11372  |||| 18.2375 |||| 18.2375 
1.04409  3.43457  4.73068  1.04409  3.43457  4.73068  |||| 2633.79 |||| 2633.79 
1.47444  2.11086  4.74091  1.47444  2.11086  4.74091  |||| 21.6879 |||| 21.6879 
1.24647  1.98865  5.69741  1.24647  1.98865  5.69741  |||| 10.3313 |||| 10.3313 
1.59381  2.2459  4.72657  1.59381  2.2459  4.72657  |||| 12.0556 |||| 12.0556 
0.788012  2.00699  6.03954  0.788012  2.00699  6.03954  |||| 36.3201 |||| 36.3201 
1.69267  2.6222  3.85611  1.69267  2.6222  3.85611  |||| 28.3068 |||| 28.3068 
0.94217  1.90483  5.95165  0.94217  1.90483  5.95165  |||| 33.7355 |||| 33.7355 
1.84111  1.5922  4.88093  1.84111  1.5922  4.88093  |||| 54.088 |||| 54.088 
1.46413  1.16481  5.78118  1.46413  1.16481  5.78118  |||| 8.04448 |||| 8.04448 
1.19039  3.05582  4.65991  1.19039  3.05582  4.65991  |||| 4419.01 |||| 4419.01 
1.43343  1.86948  5.32828  1.43343  1.86948  5.32828  |||| 11.3599 |||| 11.3599 
0.958243  2.79646  5.26163  0.958243  2.79646  5.26163  |||| 12.2987 |||| 12.2987 
2.16144  0.969926  3.79116  2.16144  0.969926  3.79116  |||| 41.185 |||| 41.185 
1.99696  2.8276  2.46485  1.99696  2.8276  2.46485  |||| 8.65773 |||| 8.65773 
2.2295  2.45581  1.0737  2.2295  2.45581  1.0737  |||| 9.01705 |||| 9.01705 
1.85536  3.21754  2.44699  1.85536  3.21754  2.44699  |||| 32.975 |||| 32.975 
1.53825  2.74251  4.28738  1.53825  2.74251  4.28738  |||| 24.2076 |||| 24.2076 
2.0589  2.53937  1.9887  2.0589  2.53937  1.9887  |||| 4.87535 |||| 4.87535 
1.49909  3.5588  3.06259  1.49909  3.5588  3.06259  |||| 8.95624 |||| 8.95624 
1.46411  3.19109  3.28118  1.46411  3.19109  3.28118  |||| 23.0424 |||| 23.0424 
1.11593  1.5692  5.99342  1.11593  1.5692  5.99342  |||| 70.0969 |||| 70.0969 
1.84133  1.55976  4.86992  1.84133  1.55976  4.86992  |||| 33.1102 |||| 33.1102 
1.59632  2.33309  5.1108  1.59632  2.33309  5.1108  |||| 113.258 |||| 113.258 
1.84993  1.21513  5.23434  1.84993  1.21513  5.23434  |||| 13.5566 |||| 13.5566 
1.77681  2.96794  3.76906  1.77681  2.96794  3.76906  |||| 32.3909 |||| 32.3909 
1.76946  1.58687  5.3005  1.76946  1.58687  5.3005  |||| 15.6549 |||| 15.6549 
1.85945  1.13971  4.88541  1.85945  1.13971  4.88541  |||| 16.251 |||| 16.251 
1.90596  2.69796  3.0785  1.90596  2.69796  3.0785  |||| 50.9367 |||| 50.9367 
1.49488  3.55085  2.93438  1.49488  3.55085  2.93438  |||| 57.5737 |||| 57.5737 
1.7005  2.39911  3.80712  1.7005  2.39911  3.80712  |||| 20.9285 |||| 20.9285 
1.65283  3.2759  2.16069  1.65283  3.2759  2.16069  |||| 14.5623 |||| 14.5623 
1.05011  2.01994  5.96004  1.05011  2.01994  5.96004  |||| 15.7463 |||| 15.7463 
1.16737  3.02395  4.73507  1.16737  3.02395  4.73507  |||| 13.1238 |||| 13.1238 
0.852138  1.65427  6.37956  0.852138  1.65427  6.37956  |||| 76.4674 |||| 76.4674 
0.961883  3.12065  4.93187  0.961883  3.12065  4.93187  |||| 7900.01 |||| 7900.01 
1.75306  3.56405  1.78588  1.75306  3.56405  1.78588  |||| 9.51217 |||| 9.51217 
1.63112  1.08316  5.49834  1.63112  1.08316  5.49834  |||| 11.7773 |||| 11.7773 
1.83414  2.04206  4.74147  1.83414  2.04206  4.74147  |||| 32.4673 |||| 32.4673 
1.95979  2.07444  3.72699  1.95979  2.07444  3.72699  |||| 7.36355 |||| 7.36355 
1.82112  2.9889  1.46317  1.82112  2.9889  1.46317  |||| 32.8025 |||| 32.8025 
1.66302  3.27762  4.17091  1.66302  3.27762  4.17091  |||| 18.7694 |||| 18.7694 
1.35457  2.09247  5.65729  1.35457  2.09247  5.65729  |||| 16.6058 |||| 16.6058 
1.67171  3.33868  2.9995  1.67171  3.33868  2.9995  |||| 8.30842 |||| 8.30842 
1.56512  1.79629  5.30095  1.56512  1.79629  5.30095  |||| 15.4783 |||| 15.4783 
0.963305  1.89185  6.01763  0.963305  1.89185  6.01763  |||| 10.2041 |||| 10.2041 
1.21384  2.08114  5.45511  1.21384  2.08114  5.45511  |||| 18.3138 |||| 18.3138 
1.89538  1.50867  4.61024  1.89538  1.50867  4.61024  |||| 36.5148 |||| 36.5148 
0.993494  1.37972  6.1971  0.993494  1.37972  6.1971  |||| 29.6275 |||| 29.6275 
1.49662  2.84317  4.62273  1.49662  2.84317  4.62273  |||| 284.451 |||| 284.451 
1.90069  1.46876  4.55138  1.90069  1.46876  4.55138  |||| 12.9573 |||| 12.9573 
2.29757  1.16881  2.81148  2.29757  1.16881  2.81148  |||| 4.99244 |||| 4.99244 
1.53052  2.2063  4.91603  1.53052  2.2063  4.91603  |||| 14.209 |||| 14.209 
1.91923  2.84002  3.08824  1.91923  2.84002  3.08824  |||| 15.117 |||| 15.117 
1.31248  3.40818  4.25138  1.31248  3.40818  4.25138  |||| 13.6159 |||| 13.6159 
1.56685  3.70382  2.54274  1.56685  3.70382  2.54274  |||| 8.22905 |||| 8.22905 
1.6228  3.18246  3.94104  1.6228  3.18246  3.94104  |||| 17.5049 |||| 17.5049 
1.7732  3.69884  2.0881  1.7732  3.69884  2.0881  |||| 18.7728 |||| 18.7728 
1.22183  1.9775  5.77238  1.22183  1.9775  5.77238  |||| 14.2631 |||| 14.2631 
0.922208  1.01072  6.45036  0.922208  1.01072  6.45036  |||| 152.934 |||| 152.934 
1.72337  2.54426  3.71737  1.72337  2.54426  3.71737  |||| 7.18992 |||| 7.18992 
2.34491  2.0706  2.26159  2.34491  2.0706  2.26159  |||| 47.9502 |||| 47.9502 
1.76919  3.1099  3.69638  1.76919  3.1099  3.69638  |||| 32.1358 |||| 32.1358 
1.13658  2.44303  5.51638  1.13658  2.44303  5.51638  |||| 37428.9 |||| 37428.9 
1.01869  2.96829  4.59827  1.01869  2.96829  4.59827  |||| 13.0874 |||| 13.0874 
1.40127  1.92553  5.53334  1.40127  1.92553  5.53334  |||| 21.6579 |||| 21.6579 
1.35573  1.99116  5.45595  1.35573  1.99116  5.45595  |||| 25.6056 |||| 25.6056 
1.26645  1.03313  5.82108  1.26645  1.03313  5.82108  |||| 526.182 |||| 526.182 
1.1593  2.15459  5.39656  1.1593  2.15459  5.39656  |||| 179.779 |||| 179.779 
1.37288  1.87844  5.37161  1.37288  1.87844  5.37161  |||| 10.4253 |||| 10.4253 
1.04448  2.35073  5.49798  1.04448  2.35073  5.49798  |||| 21.5036 |||| 21.5036 
1.20154  1.10532  6.26577  1.20154  1.10532  6.26577  |||| 12.5016 |||| 12.5016 
1.52603  1.50838  5.41039  1.52603  1.50838  5.41039  |||| 9.05572 |||| 9.05572 
1.14839  1.22912  6.32793  1.14839  1.22912  6.32793  |||| 8508.73 |||| 8508.73 
1.25609  2.17167  5.51338  1.25609  2.17167  5.51338  |||| 11.7469 |||| 11.7469 
1.80049  2.05172  4.45337  1.80049  2.05172  4.45337  |||| 20.2484 |||| 20.2484 
0.912118  1.69867  6.09899  0.912118  1.69867  6.09899  |||| 142.108 |||| 142.108 
0.935682  3.34436  4.7155  0.935682  3.34436  4.7155  |||| 10.7435 |||| 10.7435 
0.98873  4.29568  1.84289  0.98873  4.29568  1.84289  |||| 565.29 |||| 565.29 
1.46611  2.80379  4.68267  1.46611  2.80379  4.68267  |||| 36.6199 |||| 36.6199 
1.75825  2.55478  4.0756  1.75825  2.55478  4.0756  |||| 29.8289 |||| 29.8289 
1.8391  3.67442  1.54258  1.8391  3.67442  1.54258  |||| 86.8704 |||| 86.8704 
1.31541  1.65715  5.55473  1.31541  1.65715  5.55473  |||| 17.3858 |||| 17.3858 
0.934497  2.55864  5.53099  0.934497  2.55864  5.53099  |||| 17.4675 |||| 17.4675 
1.38784  2.26781  5.39316  1.38784  2.26781  5.39316  |||| 120.049 |||| 120.049 
0.642595  2.69497  5.45055  0.642595  2.69497  5.45055  |||| 18.8004 |||| 18.8004 
2.27024  1.94036  2.88621  2.27024  1.94036  2.88621  |||| 962.265 |||| 962.265 
0.900515  2.813  5.27084  0.900515  2.813  5.27084  |||| 41.1102 |||| 41.1102 
0.99476  3.25785  4.58562  0.99476  3.25785  4.58562  |||| 34.7899 |||| 34.7899 
1.13723  1.88547  5.94025  1.13723  1.88547  5.94025  |||| 20.2278 |||| 20.2278 
1.25647  2.25434  5.80515  1.25647  2.25434  5.80515  |||| 21.5097 |||| 21.5097 
2.36416  1.69697  1.97228  2.36416  1.69697  1.97228  |||| 9.28574 |||| 9.28574 
1.85539  2.95599  3.98788  1.85539  2.95599  3.98788  |||| 12.6986 |||| 12.6986 
2.17289  2.50745  1.61115  2.17289  2.50745  1.61115  |||| 10.4865 |||| 10.4865 
0.998099  2.27468  5.38593  0.998099  2.27468  5.38593  |||| 10.4918 |||| 10.4918 
0.922603  3.80626  3.50487  0.922603  3.80626  3.50487  |||| 198.452 |||| 198.452 
2.05992  2.12929  3.68895  2.05992  2.12929  3.68895  |||| 16.2458 |||| 16.2458 
2.15035  2.83857  1.69934  2.15035  2.83857  1.69934  |||| 39.2057 |||| 39.2057 
1.84073  2.42672  4.68805  1.84073  2.42672  4.68805  |||| 110.296 |||| 110.296 
1.33892  3.94342  3.34915  1.33892  3.94342  3.34915  |||| 7.5709 |||| 7.5709 
1.96558  1.12959  4.59249  1.96558  1.12959  4.59249  |||| 13.9302 |||| 13.9302 
1.42317  1.31452  5.513  1.42317  1.31452  5.513  |||| 890.45 |||| 890.45 
0.832189  3.76386  3.40911  0.832189  3.76386  3.40911  |||| 12.2222 |||| 12.2222 
1.62375  1.58435  5.13948  1.62375  1.58435  5.13948  |||| 113.512 |||| 113.512 
1.37715  2.90902  4.73714  1.37715  2.90902  4.73714  |||| 32.5974 |||| 32.5974 
1.86875  3.14018  2.31288  1.86875  3.14018  2.31288  |||| 7.13391 |||| 7.13391 
1.45322  3.34527  3.52048  1.45322  3.34527  3.52048  |||| 14.951 |||| 14.951 
1.69471  1.71144  5.26656  1.69471  1.71144  5.26656  |||| 15.5116 |||| 15.5116 
2.12863  2.87625  1.60941  2.12863  2.87625  1.60941  |||| 5.95282 |||| 5.95282 
2.02459  2.8324  2.40624  2.02459  2.8324  2.40624  |||| 6.29792 |||| 6.29792 
2.0954  3.0295  1.58  2.0954  3.0295  1.58  |||| 13.0998 |||| 13.0998 
1.63437  2.44994  4.66376  1.63437  2.44994  4.66376  |||| 49.6371 |||| 49.6371 
0.845516  3.39502  4.7066  0.845516  3.39502  4.7066  |||| 10.883 |||| 10.883 
2.53127  1.39456  0.727872  2.53127  1.39456  0.727872  |||| 5.72848 |||| 5.72848 
1.33827  2.20695  5.66322  1.33827  2.20695  5.66322  |||| 10.2678 |||| 10.2678 
1.55044  2.94607  3.95731  1.55044  2.94607  3.95731  |||| 17.6691 |||| 17.6691 
1.56526  1.68811  5.02685  1.56526  1.68811  5.02685  |||| 12.5801 |||| 12.5801 
1.64818  1.64123  5.52314  1.64818  1.64123  5.52314  |||| 26.1951 |||| 26.1951 
2.08104  0.642782  4.13893  2.08104  0.642782  4.13893  |||| 18.6534 |||| 18.6534 
1.27013  1.99723  5.39178  1.27013  1.99723  5.39178  |||| 9.53691 |||| 9.53691 
0.943818  2.56804  5.45629  0.943818  2.56804  5.45629  |||| 50.2806 |||| 50.2806 
1.77146  1.54225  4.87757  1.77146  1.54225  4.87757  |||| 28.1421 |||| 28.1421 
1.26072  3.36923  3.95782  1.26072  3.36923  3.95782  |||| 9.68121 |||| 9.68121 
0.996935  2.32536  5.88032  0.996935  2.32536  5.88032  |||| 9.37563 |||| 9.37563 
1.86414  1.57893  4.63974  1.86414  1.57893  4.63974  |||| 9.66505 |||| 9.66505 
1.31139  1.78332  5.58391  1.31139  1.78332  5.58391  |||| 10.1372 |||| 10.1372 
0.892714  1.45582  6.2817  0.892714  1.45582  6.2817  |||| 153.224 |||| 153.224 
1.5313  0.881825  5.63026  1.5313  0.881825  5.63026  |||| 10.2471 |||| 10.2471 
1.23475  1.61041  5.90691  1.23475  1.61041  5.90691  |||| 23.6009 |||| 23.6009 
0.970748  2.06238  5.69793  0.970748  2.06238  5.69793  |||| 2715.67 |||| 2715.67 
1.21762  1.51728  5.96919  1.21762  1.51728  5.96919  |||| 35.523 |||| 35.523 
1.5115  1.88966  5.61038  1.5115  1.88966  5.61038  |||| 70.053 |||| 70.053 
2.01237  2.40653  3.53113  2.01237  2.40653  3.53113  |||| 18.8882 |||| 18.8882 
0.984376  3.92589  3.5426  0.984376  3.92589  3.5426  |||| 22.1766 |||| 22.1766 
1.29677  2.96798  4.52505  1.29677  2.96798  4.52505  |||| 52.1533 |||| 52.1533 
2.109  1.54227  3.86349  2.109  1.54227  3.86349  |||| 28.6134 |||| 28.6134 
2.11613  1.05484  3.93987  2.11613  1.05484  3.93987  |||| 42.1281 |||| 42.1281 
0.912332  2.9014  4.89901  0.912332  2.9014  4.89901  |||| 8.98689 |||| 8.98689 
1.15066  1.56878  6.39705  1.15066  1.56878  6.39705  |||| 4942.27 |||| 4942.27 
0.747315  0.785919  6.44489  0.747315  0.785919  6.44489  |||| 200.27 |||| 200.27 
1.16224  4.36149  1.38118  1.16224  4.36149  1.38118  |||| 25.4427 |||| 25.4427 
1.31869  2.04756  5.72162  1.31869  2.04756  5.72162  |||| 26.9438 |||| 26.9438 
0.82119  2.52502  5.61534  0.82119  2.52502  5.61534  |||| 13.1521 |||| 13.1521 
1.24326  1.59911  5.51882  1.24326  1.59911  5.51882  |||| 21.6493 |||| 21.6493 
1.34406  2.92697  4.96976  1.34406  2.92697  4.96976  |||| 57.9926 |||| 57.9926 
2.19861  2.15244  2.29352  2.19861  2.15244  2.29352  |||| 10.4544 |||| 10.4544 
0.777332  2.06174  6.04736  0.777332  2.06174  6.04736  |||| 808.016 |||| 808.016 
1.1004  3.55665  4.28363  1.1004  3.55665  4.28363  |||| 3526.87 |||| 3526.87 
1.25437  3.21081  4.12148  1.25437  3.21081  4.12148  |||| 13.2425 |||| 13.2425 
1.07162  2.48775  5.26223  1.07162  2.48775  5.26223  |||| 41.6653 |||| 41.6653 
1.4748  1.47162  5.66352  1.4748  1.47162  5.66352  |||| 12.2024 |||| 12.2024 
1.28417  1.51616  5.6048  1.28417  1.51616  5.6048  |||| 11.9645 |||| 11.9645 
1.67913  3.81326  1.94016  1.67913  3.81326  1.94016  |||| 14.4822 |||| 14.4822 
1.9773  1.60565  4.49469  1.9773  1.60565  4.49469  |||| 11.6943 |||| 11.6943 
1.06309  1.84368  6.01841  1.06309  1.84368  6.01841  |||| 11.2875 |||| 11.2875 
1.26735  2.61434  5.22625  1.26735  2.61434  5.22625  |||| 17.3327 |||| 17.3327 
1.90324  2.80729  2.94328  1.90324  2.80729  2.94328  |||| 11.9315 |||| 11.9315 
1.84163  1.73621  4.46834  1.84163  1.73621  4.46834  |||| 34.4582 |||| 34.4582 
1.1764  1.72457  5.77188  1.1764  1.72457  5.77188  |||| 128.226 |||| 128.226 
0.932501  4.2279  2.86509  0.932501  4.2279  2.86509  |||| 16.4449 |||| 16.4449 
1.89185  2.33223  3.77151  1.89185  2.33223  3.77151  |||| 1811.23 |||| 1811.23 
2.01579  1.14825  4.47415  2.01579  1.14825  4.47415  |||| 33.2976 |||| 33.2976 
1.8866  1.90195  4.30546  1.8866  1.90195  4.30546  |||| 34.8289 |||| 34.8289 
2.01387  1.06722  4.19234  2.01387  1.06722  4.19234  |||| 7.38004 |||| 7.38004 
0.73839  1.21055  6.34734  0.73839  1.21055  6.34734  |||| 10.1256 |||| 10.1256 
1.46645  1.74682  5.34121  1.46645  1.74682  5.34121  |||| 15.8598 |||| 15.8598 
1.14376  2.43016  5.63688  1.14376  2.43016  5.63688  |||| 34.2206 |||| 34.2206 
1.27968  3.16771  4.42989  1.27968  3.16771  4.42989  |||| 16.9221 |||| 16.9221 
1.76688  1.13066  5.17193  1.76688  1.13066  5.17193  |||| 13.2851 |||| 13.2851 
0.968401  2.80735  5.13186  0.968401  2.80735  5.13186  |||| 61.3508 |||| 61.3508 
1.22041  1.00328  5.9702  1.22041  1.00328  5.9702  |||| 91.8526 |||| 91.8526 
1.62083  2.97421  3.62044  1.62083  2.97421  3.62044  |||| 32.1183 |||| 32.1183 
1.27915  2.32275  5.54949  1.27915  2.32275  5.54949  |||| 11.9148 |||| 11.9148 
2.26258  2.30961  1.13575  2.26258  2.30961  1.13575  |||| 50.3809 |||| 50.3809 
1.42574  2.74078  4.90579  1.42574  2.74078  4.90579  |||| 23.1562 |||| 23.1562 
1.3623  1.97214  5.62095  1.3623  1.97214  5.62095  |||| 2078.33 |||| 2078.33 
1.09532  4.3279  0.881864  1.09532  4.3279  0.881864  |||| 7.2704 |||| 7.2704 
1.24291  3.53324  4.10761  1.24291  3.53324  4.10761  |||| 45.9654 |||| 45.9654 
1.45786  2.26502  4.85284  1.45786  2.26502  4.85284  |||| 117.165 |||| 117.165 
2.23452  1.59588  2.97525  2.23452  1.59588  2.97525  |||| 25.9121 |||| 25.9121 
1.35707  2.91459  4.09286  1.35707  2.91459  4.09286  |||| 817.209 |||| 817.209 
1.96611  1.7006  4.28691  1.96611  1.7006  4.28691  |||| 24.2431 |||| 24.2431 
1.73979  2.25725  4.64854  1.73979  2.25725  4.64854  |||| 14.8688 |||| 14.8688 
1.28701  1.79403  5.66094  1.28701  1.79403  5.66094  |||| 33.3737 |||| 33.3737 
1.76741  1.94203  4.14205  1.76741  1.94203  4.14205  |||| 39.1594 |||| 39.1594 
1.01197  1.35775  6.27188  1.01197  1.35775  6.27188  |||| 12.5133 |||| 12.5133 
1.07329  3.67098  3.73949  1.07329  3.67098  3.73949  |||| 13.4588 |||| 13.4588 
2.04684  0.733304  3.81983  2.04684  0.733304  3.81983  |||| 21.8631 |||| 21.8631 
1.10937  2.89619  4.94624  1.10937  2.89619  4.94624  |||| 108.788 |||| 108.788 
0.926846  1.94767  5.98104  0.926846  1.94767  5.98104  |||| 48.2327 |||| 48.2327 
1.55839  1.20729  5.86218  1.55839  1.20729  5.86218  |||| 15.4245 |||| 15.4245 
1.06323  3.02761  4.88016  1.06323  3.02761  4.88016  |||| 9.38586 |||| 9.38586 
1.64147  2.82193  4.08027  1.64147  2.82193  4.08027  |||| 88.4245 |||| 88.4245 
0.845709  1.10004  6.42725  0.845709  1.10004  6.42725  |||| 13.8685 |||| 13.8685 
2.04664  1.69079  4.26127  2.04664  1.69079  4.26127  |||| 30.2551 |||| 30.2551 
1.55392  2.92446  4.1725  1.55392  2.92446  4.1725  |||| 23.1766 |||| 23.1766 
0.841307  1.06071  6.32959  0.841307  1.06071  6.32959  |||| 1762.37 |||| 1762.37 
1.60099  3.86078  2.49452  1.60099  3.86078  2.49452  |||| 92.5814 |||| 92.5814 
1.36411  1.27074  5.7373  1.36411  1.27074  5.7373  |||| 18.8227 |||| 18.8227 
1.53083  2.27143  4.77629  1.53083  2.27143  4.77629  |||| 14.9567 |||| 14.9567 
1.22331  4.06819  1.34194  1.22331  4.06819  1.34194  |||| 15.6123 |||| 15.6123 
0.875082  0.98025  6.32045  0.875082  0.98025  6.32045  |||| 73.9682 |||| 73.9682 
1.26297  2.05001  5.72739  1.26297  2.05001  5.72739  |||| 70.4736 |||| 70.4736 
0.995485  1.40017  6.35846  0.995485  1.40017  6.35846  |||| 67.465 |||| 67.465 
1.98291  2.56211  2.80213  1.98291  2.56211  2.80213  |||| 34.0874 |||| 34.0874 
1.16738  1.81337  5.96403  1.16738  1.81337  5.96403  |||| 7.47787 |||| 7.47787 
1.80178  1.7271  4.69067  1.80178  1.7271  4.69067  |||| 1195.1 |||| 1195.1 
1.32517  3.92603  2.11767  1.32517  3.92603  2.11767  |||| 16.8646 |||| 16.8646 
1.40907  2.66065  4.85581  1.40907  2.66065  4.85581  |||| 53.3012 |||| 53.3012 
2.35063  1.49665  2.3135  2.35063  1.49665  2.3135  |||| 352.418 |||| 352.418 
1.001  2.16415  5.66459  1.001  2.16415  5.66459  |||| 143.511 |||| 143.511 
1.04504  2.74441  5.12872  1.04504  2.74441  5.12872  |||| 775.28 |||| 775.28 
1.18836  1.11438  6.12049  1.18836  1.11438  6.12049  |||| 78.5079 |||| 78.5079 
1.42368  2.32393  5.02349  1.42368  2.32393  5.02349  |||| 12.085 |||| 12.085 
1.7707  2.8563  2.98449  1.7707  2.8563  2.98449  |||| 15.4933 |||| 15.4933 
1.46119  2.25479  5.37942  1.46119  2.25479  5.37942  |||| 20.7252 |||| 20.7252 
1.46554  2.16056  5.31236  1.46554  2.16056  5.31236  |||| 14.5192 |||| 14.5192 
0.985458  1.45986  6.09936  0.985458  1.45986  6.09936  |||| 8.23318 |||| 8.23318 
2.03574  3.25948  2.91554  2.03574  3.25948  2.91554  |||| 14.6203 |||| 14.6203 
1.04256  1.8593  5.91748  1.04256  1.8593  5.91748  |||| 29.61 |||| 29.61 
1.50549  4.0768  2.51572  1.50549  4.0768  2.51572  |||| 635.437 |||| 635.437 
2.40926  1.40739  2.56954  2.40926  1.40739  2.56954  |||| 412.26 |||| 412.26 
1.93744  2.82232  3.28689  1.93744  2.82232  3.28689  |||| 22.7181 |||| 22.7181 
0.757275  2.80956  5.3615  0.757275  2.80956  5.3615  |||| 41.7598 |||| 41.7598 
1.17167  2.04738  5.34013  1.17167  2.04738  5.34013  |||| 15.3625 |||| 15.3625 
1.47115  2.14226  5.39808  1.47115  2.14226  5.39808  |||| 2448.49 |||| 2448.49 
1.24488  1.54686  5.93963  1.24488  1.54686  5.93963  |||| 4403.42 |||| 4403.42 
1.82035  3.44239  1.23878  1.82035  3.44239  1.23878  |||| 8.60621 |||| 8.60621 
2.49155  1.33656  1.47618  2.49155  1.33656  1.47618  |||| 1090 |||| 1090 
1.60325  1.71327  5.26093  1.60325  1.71327  5.26093  |||| 628.666 |||| 628.666 
1.19985  3.27929  4.22781  1.19985  3.27929  4.22781  |||| 144.365 |||| 144.365 
0.853922  3.38474  4.70239  0.853922  3.38474  4.70239  |||| 2035.58 |||| 2035.58 
1.91266  2.11993  3.96197  1.91266  2.11993  3.96197  |||| 72113.9 |||| 72113.9 
0.881215  1.20144  6.27748  0.881215  1.20144  6.27748  |||| 159.712 |||| 159.712 
1.63  0.830753  5.51158  1.63  0.830753  5.51158  |||| 783.052 |||| 783.052 
1.64925  1.39358  5.11051  1.64925  1.39358  5.11051  |||| 577.277 |||| 577.277 
1.26903  2.34471  5.2976  1.26903  2.34471  5.2976  |||| 126.451 |||| 126.451 
1.63241  3.04954  4.13852  1.63241  3.04954  4.13852  |||| 173.832 |||| 173.832 
1.01697  3.33939  4.61212  1.01697  3.33939  4.61212  |||| 1329.56 |||| 1329.56 
1.12119  3.82455  3.10127  1.12119  3.82455  3.10127  |||| 15006.8 |||| 15006.8 
1.60896  2.56066  4.76503  1.60896  2.56066  4.76503  |||| 746.087 |||| 746.087 
1.42287  0.973388  5.94212  1.42287  0.973388  5.94212  |||| 33.3234 |||| 33.3234 
1.45361  2.301  4.99729  1.45361  2.301  4.99729  |||| 87.3354 |||| 87.3354 
2.06375  1.34686  4.366  2.06375  1.34686  4.366  |||| 30.9638 |||| 30.9638 
0.967225  1.65905  6.05038  0.967225  1.65905  6.05038  |||| 136.667 |||| 136.667 
1.44796  3.98848  1.83446  1.44796  3.98848  1.83446  |||| 84.0773 |||| 84.0773 
1.81661  2.90774  3.82573  1.81661  2.90774  3.82573  |||| 47.2613 |||| 47.2613 
1.53132  2.65204  4.88244  1.53132  2.65204  4.88244  |||| 70.2096 |||| 70.2096 
1.3774  4.20174  2.23476  1.3774  4.20174  2.23476  |||| 35.927 |||| 35.927 
1.6095  0.94753  5.5918  1.6095  0.94753  5.5918  |||| 9.54843 |||| 9.54843 
2.16548  2.74318  2.62186  2.16548  2.74318  2.62186  |||| 12.729 |||| 12.729 
1.48001  3.93409  3.07133  1.48001  3.93409  3.07133  |||| 33.8856 |||| 33.8856 
1.38298  2.85736  4.77176  1.38298  2.85736  4.77176  |||| 302.648 |||| 302.648 
1.74872  2.67044  4.42043  1.74872  2.67044  4.42043  |||| 17.9444 |||| 17.9444 
1.63858  1.63462  5.20915  1.63858  1.63462  5.20915  |||| 22.7534 |||| 22.7534 
1.23458  0.660703  6.12166  1.23458  0.660703  6.12166  |||| 11.917 |||| 11.917 
1.65278  0.62908  5.21983  1.65278  0.62908  5.21983  |||| 52.3766 |||| 52.3766 
1.37859  0.880864  5.67414  1.37859  0.880864  5.67414  |||| 11.8194 |||| 11.8194 
1.73902  1.54708  4.69687  1.73902  1.54708  4.69687  |||| 17.8255 |||| 17.8255 
1.73535  2.77502  4.4461  1.73535  2.77502  4.4461  |||| 30.3123 |||| 30.3123 
1.61593  1.84717  5.17314  1.61593  1.84717  5.17314  |||| 10.6314 |||| 10.6314 
1.48026  3.86331  1.73159  1.48026  3.86331  1.73159  |||| 62.6738 |||| 62.6738 
0.962152  3.32325  4.74813  0.962152  3.32325  4.74813  |||| 74.7555 |||| 74.7555 
1.21198  3.28073  4.30942  1.21198  3.28073  4.30942  |||| 199.791 |||| 199.791 
1.91186  2.87089  3.03862  1.91186  2.87089  3.03862  |||| 124.319 |||| 124.319 
1.55807  2.93841  4.04212  1.55807  2.93841  4.04212  |||| 9.63645 |||| 9.63645 
1.68108  3.55935  1.86624  1.68108  3.55935  1.86624  |||| 17.1372 |||| 17.1372 
1.40173  3.4017  3.6337  1.40173  3.4017  3.6337  |||| 237.704 |||| 237.704 
2.58094  0.953443  1.48488  2.58094  0.953443  1.48488  |||| 4.40409 |||| 4.40409 
1.2959  2.34056  5.24117  1.2959  2.34056  5.24117  |||| 21.8458 |||| 21.8458 
1.06591  1.78053  6.0033  1.06591  1.78053  6.0033  |||| 21.602 |||| 21.602 
1.46936  3.83303  2.64729  1.46936  3.83303  2.64729  |||| 26.6159 |||| 26.6159 
1.49566  1.45683  5.64636  1.49566  1.45683  5.64636  |||| 127.998 |||| 127.998 
1.24374  2.22303  5.56773  1.24374  2.22303  5.56773  |||| 13.6785 |||| 13.6785 
1.9913  2.51437  3.69305  1.9913  2.51437  3.69305  |||| 37.8807 |||| 37.8807 
1.12791  2.34466  5.52379  1.12791  2.34466  5.52379  |||| 20.2821 |||| 20.2821 
1.39108  2.63294  4.80237  1.39108  2.63294  4.80237  |||| 16.5687 |||| 16.5687 
1.09081  2.3446  5.13883  1.09081  2.3446  5.13883  |||| 27.9986 |||| 27.9986 
1.0202  3.45349  4.04299  1.0202  3.45349  4.04299  |||| 54.4858 |||| 54.4858 
1.49167  1.69008  5.57967  1.49167  1.69008  5.57967  |||| 11.5841 |||| 11.5841 
0.991081  1.99915  5.62601  0.991081  1.99915  5.62601  |||| 9.95369 |||| 9.95369 
1.31248  1.65974  5.5795  1.31248  1.65974  5.5795  |||| 36.6548 |||| 36.6548 
2.10657  2.66199  2.3045  2.10657  2.66199  2.3045  |||| 10.4812 |||| 10.4812 
1.46329  3.77819  2.37244  1.46329  3.77819  2.37244  |||| 33.8354 |||| 33.8354 
0.943922  1.13308  6.32718  0.943922  1.13308  6.32718  |||| 17.4648 |||| 17.4648 
1.22264  3.75651  3.29526  1.22264  3.75651  3.29526  |||| 10.8883 |||| 10.8883 
1.17814  1.84352  5.82147  1.17814  1.84352  5.82147  |||| 32.7163 |||| 32.7163 
1.51238  3.52235  2.92306  1.51238  3.52235  2.92306  |||| 13.7085 |||| 13.7085 
1.09746  1.08422  6.31534  1.09746  1.08422  6.31534  |||| 45.7599 |||| 45.7599 
1.72354  3.02187  3.29842  1.72354  3.02187  3.29842  |||| 30.4493 |||| 30.4493 
1.04619  2.31528  5.41715  1.04619  2.31528  5.41715  |||| 48.491 |||| 48.491 
1.80108  2.68108  4.0813  1.80108  2.68108  4.0813  |||| 10.8925 |||| 10.8925 
1.07712  1.24176  6.26892  1.07712  1.24176  6.26892  |||| 12.2413 |||| 12.2413 
2.05811  1.52  4.17491  2.05811  1.52  4.17491  |||| 20.0406 |||| 20.0406 
2.22142  1.49029  2.84993  2.22142  1.49029  2.84993  |||| 10.4157 |||| 10.4157 
1.90506  3.1321  2.91923  1.90506  3.1321  2.91923  |||| 20.8014 |||| 20.8014 
1.04082  4.2697  2.68534  1.04082  4.2697  2.68534  |||| 148.599 |||| 148.599 
0.936485  3.04702  5.08517  0.936485  3.04702  5.08517  |||| 32.3201 |||| 32.3201 
1.58642  1.85267  5.2924  1.58642  1.85267  5.2924  |||| 37.0854 |||| 37.0854 
0.925093  2.79091  5.23545  0.925093  2.79091  5.23545  |||| 10.8094 |||| 10.8094 
1.43173  2.80183  5.03015  1.43173  2.80183  5.03015  |||| 21.9133 |||| 21.9133 
1.64759  2.80297  4.24567  1.64759  2.80297  4.24567  |||| 45.7884 |||| 45.7884 
2.35371  1.15246  2.49525  2.35371  1.15246  2.49525  |||| 6.30037 |||| 6.30037 
1.77459  1.93838  4.70504  1.77459  1.93838  4.70504  |||| 13.0037 |||| 13.0037 
1.39984  3.55341  3.58744  1.39984  3.55341  3.58744  |||| 14.9629 |||| 14.9629 
0.977442  4.17368  1.21451  0.977442  4.17368  1.21451  |||| 14.5973 |||| 14.5973 
1.80112  3.00928  3.63031  1.80112  3.00928  3.63031  |||| 11.7785 |||| 11.7785 
2.05941  2.90589  3.70552  2.05941  2.90589  3.70552  |||| 18.7541 |||| 18.7541 
1.12907  2.48649  5.26326  1.12907  2.48649  5.26326  |||| 16.7281 |||| 16.7281 
1.59771  3.56168  3.47642  1.59771  3.56168  3.47642  |||| 241.639 |||| 241.639 
1.97307  2.14915  4.27452  1.97307  2.14915  4.27452  |||| 20.7021 |||| 20.7021 
1.10327  4.07161  2.72742  1.10327  4.07161  2.72742  |||| 9.56536 |||| 9.56536 
1.9234  0.86599  4.7319  1.9234  0.86599  4.7319  |||| 17.0572 |||| 17.0572 
1.21133  3.82497  3.36905  1.21133  3.82497  3.36905  |||| 26.3776 |||| 26.3776 
2.0041  1.77243  4.47789  2.0041  1.77243  4.47789  |||| 109.832 |||| 109.832 
1.86024  3.07321  3.49493  1.86024  3.07321  3.49493  |||| 25.0594 |||| 25.0594 
1.45893  2.1813  5.32248  1.45893  2.1813  5.32248  |||| 381.352 |||| 381.352 
1.72209  2.09121  4.58294  1.72209  2.09121  4.58294  |||| 17.3193 |||| 17.3193 
2.26798  1.47312  1.59192  2.26798  1.47312  1.59192  |||| 7.04485 |||| 7.04485 
1.07042  1.32167  6.29562  1.07042  1.32167  6.29562  |||| 13.2751 |||| 13.2751 
1.17994  3.08151  4.82249  1.17994  3.08151  4.82249  |||| 11.4999 |||| 11.4999 
1.51311  3.06136  4.23309  1.51311  3.06136  4.23309  |||| 38.408 |||| 38.408 
2.06018  2.06408  2.92014  2.06018  2.06408  2.92014  |||| 8.94893 |||| 8.94893 
2.16308  0.857926  3.99067  2.16308  0.857926  3.99067  |||| 11.4971 |||| 11.4971 
1.39878  1.11604  6.00112  1.39878  1.11604  6.00112  |||| 53.0312 |||| 53.0312 
1.76892  2.67058  3.5605  1.76892  2.67058  3.5605  |||| 21.5266 |||| 21.5266 
1.18156  3.64818  3.0436  1.18156  3.64818  3.0436  |||| 9.60965 |||| 9.60965 
2.15235  1.98379  3.92226  2.15235  1.98379  3.92226  |||| 8.12429 |||| 8.12429 
1.41605  2.56965  5.07968  1.41605  2.56965  5.07968  |||| 18.8432 |||| 18.8432 
1.29475  3.00265  4.82629  1.29475  3.00265  4.82629  |||| 7.92133 |||| 7.92133 
0.839867  3.23167  4.98935  0.839867  3.23167  4.98935  |||| 11.2123 |||| 11.2123 
1.8309  2.19121  4.20012  1.8309  2.19121  4.20012  |||| 12.082 |||| 12.082 
1.20667  1.95456  5.78264  1.20667  1.95456  5.78264  |||| 15.4692 |||| 15.4692 
1.56785  2.61762  4.26633  1.56785  2.61762  4.26633  |||| 16.9773 |||| 16.9773 
1.39291  2.51228  5.00686  1.39291  2.51228  5.00686  |||| 21.6445 |||| 21.6445 
0.89666  3.40961  4.50116  0.89666  3.40961  4.50116  |||| 19.1391 |||| 19.1391 
1.0492  3.32448  4.65096  1.0492  3.32448  4.65096  |||| 79.1842 |||| 79.1842 
0.778339  2.72222  5.51914  0.778339  2.72222  5.51914  |||| 520.962 |||| 520.962 
1.87354  1.79793  4.16188  1.87354  1.79793  4.16188  |||| 10.744 |||| 10.744 
1.47828  3.07609  3.72305  1.47828  3.07609  3.72305  |||| 22.0776 |||| 22.0776 
0.620332  0.976537  6.34607  0.620332  0.976537  6.34607  |||| 15.3379 |||| 15.3379 
1.30544  1.72289  5.7014  1.30544  1.72289  5.7014  |||| 20.2417 |||| 20.2417 
1.57526  1.18768  5.8679  1.57526  1.18768  5.8679  |||| 32.4603 |||| 32.4603 
0.979601  1.95989  5.98048  0.979601  1.95989  5.98048  |||| 9.68742 |||| 9.68742 
1.40375  1.89916  5.69533  1.40375  1.89916  5.69533  |||| 11.5626 |||| 11.5626 
1.02636  1.89515  5.80914  1.02636  1.89515  5.80914  |||| 41.4199 |||| 41.4199 
1.66455  2.3435  4.53801  1.66455  2.3435  4.53801  |||| 62.8286 |||| 62.8286 
1.83795  2.50353  3.74241  1.83795  2.50353  3.74241  |||| 10.6707 |||| 10.6707 
1.80192  2.11987  4.31369  1.80192  2.11987  4.31369  |||| 9.50873 |||| 9.50873 
1.14228  2.58575  5.28613  1.14228  2.58575  5.28613  |||| 14.8721 |||| 14.8721 
1.02237  3.9627  2.91221  1.02237  3.9627  2.91221  |||| 26.7773 |||| 26.7773 
1.56153  2.06804  5.23802  1.56153  2.06804  5.23802  |||| 21.6577 |||| 21.6577 
1.77508  2.52102  3.71196  1.77508  2.52102  3.71196  |||| 43.6393 |||| 43.6393 
1.9403  2.51905  3.35026  1.9403  2.51905  3.35026  |||| 9.96002 |||| 9.96002 
1.49711  3.33585  2.86364  1.49711  3.33585  2.86364  |||| 8.61177 |||| 8.61177 
1.50154  3.12042  3.99368  1.50154  3.12042  3.99368  |||| 25.3943 |||| 25.3943 
2.14098  2.88748  1.45663  2.14098  2.88748  1.45663  |||| 11.0362 |||| 11.0362 
0.950294  3.03736  4.90287  0.950294  3.03736  4.90287  |||| 10.6437 |||| 10.6437 
2.06354  3.16405  2.5997  2.06354  3.16405  2.5997  |||| 9.13586 |||| 9.13586 
1.90318  1.11696  4.29758  1.90318  1.11696  4.29758  |||| 7.19736 |||| 7.19736 
1.80262  2.38388  4.20896  1.80262  2.38388  4.20896  |||| 133.386 |||| 133.386 
0.911228  0.893975  6.44571  0.911228  0.893975  6.44571  |||| 10.8268 |||| 10.8268 
0.728156  2.44361  5.80526  0.728156  2.44361  5.80526  |||| 10.2824 |||| 10.2824 
1.52552  2.95951  4.58465  1.52552  2.95951  4.58465  |||| 32.3116 |||| 32.3116 
1.6048  1.81024  5.26571  1.6048  1.81024  5.26571  |||| 303.732 |||| 303.732 
1.82812  2.84269  3.3679  1.82812  2.84269  3.3679  |||| 13.0813 |||| 13.0813 
0.900957  2.60438  5.67384  0.900957  2.60438  5.67384  |||| 18.3244 |||| 18.3244 
2.20304  2.68183  1.41782  2.20304  2.68183  1.41782  |||| 8.92799 |||| 8.92799 
0.806261  1.04582  6.38414  0.806261  1.04582  6.38414  |||| 14.8377 |||| 14.8377 
1.76969  2.39503  4.18235  1.76969  2.39503  4.18235  |||| 11.2423 |||| 11.2423 
1.11104  2.29374  5.4682  1.11104  2.29374  5.4682  |||| 118.486 |||| 118.486 
1.66583  2.95615  3.81545  1.66583  2.95615  3.81545  |||| 10.043 |||| 10.043 
1.9164  2.62964  3.786  1.9164  2.62964  3.786  |||| 50.9485 |||| 50.9485 
1.17068  2.73017  5.26843  1.17068  2.73017  5.26843  |||| 328.298 |||| 328.298 
1.1643  3.65612  3.65565  1.1643  3.65612  3.65565  |||| 48.687 |||| 48.687 
1.76568  2.81322  3.3988  1.76568  2.81322  3.3988  |||| 21.0696 |||| 21.0696 
1.22008  1.58716  5.85405  1.22008  1.58716  5.85405  |||| 352.399 |||| 352.399 
1.23857  0.837083  6.1949  1.23857  0.837083  6.1949  |||| 32.3926 |||| 32.3926 
2.24371  1.08082  3.14319  2.24371  1.08082  3.14319  |||| 11.6288 |||| 11.6288 
1.0464  2.86042  5.2914  1.0464  2.86042  5.2914  |||| 16.1263 |||| 16.1263 
1.53748  2.78878  4.70453  1.53748  2.78878  4.70453  |||| 17.7077 |||| 17.7077 
2.35767  1.54725  2.94221  2.35767  1.54725  2.94221  |||| 76.1698 |||| 76.1698 
1.96429  2.55483  3.11352  1.96429  2.55483  3.11352  |||| 8.41037 |||| 8.41037 
1.15446  4.21028  1.11526  1.15446  4.21028  1.11526  |||| 13.2525 |||| 13.2525 
1.49344  3.67623  2.77112  1.49344  3.67623  2.77112  |||| 9.66153 |||| 9.66153 
1.59826  1.81039  5.21422  1.59826  1.81039  5.21422  |||| 14.2267 |||| 14.2267 
0.961294  3.73997  3.72163  0.961294  3.73997  3.72163  |||| 26.6533 |||| 26.6533 
1.06641  2.66431  5.34795  1.06641  2.66431  5.34795  |||| 18.7117 |||| 18.7117 
1.98543  1.54476  4.42212  1.98543  1.54476  4.42212  |||| 8.58374 |||| 8.58374 
1.69766  2.83389  3.57415  1.69766  2.83389  3.57415  |||| 14.2251 |||| 14.2251 
1.89647  3.09094  2.16333  1.89647  3.09094  2.16333  |||| 185.899 |||| 185.899 
1.90923  1.89916  4.02462  1.90923  1.89916  4.02462  |||| 9.55609 |||| 9.55609 
2.0569  2.5006  2.48813  2.0569  2.5006  2.48813  |||| 13.6413 |||| 13.6413 
1.14309  2.81601  4.44887  1.14309  2.81601  4.44887  |||| 22.7131 |||| 22.7131 
1.40632  1.69066  5.91165  1.40632  1.69066  5.91165  |||| 9.85666 |||| 9.85666 
1.15915  2.70102  5.05296  1.15915  2.70102  5.05296  |||| 32.7372 |||| 32.7372 
1.59061  3.31146  3.06717  1.59061  3.31146  3.06717  |||| 8.86891 |||| 8.86891 
1.67247  2.7254  4.63061  1.67247  2.7254  4.63061  |||| 22.6913 |||| 22.6913 
1.60537  2.44132  4.70241  1.60537  2.44132  4.70241  |||| 12.9107 |||| 12.9107 
1.87703  1.24486  4.78916  1.87703  1.24486  4.78916  |||| 27.6293 |||| 27.6293 
1.23684  1.74192  5.91324  1.23684  1.74192  5.91324  |||| 13.4995 |||| 13.4995 
1.38857  3.05029  4.37796  1.38857  3.05029  4.37796  |||| 136.339 |||| 136.339 
1.69525  2.21537  4.83129  1.69525  2.21537  4.83129  |||| 11.4437 |||| 11.4437 
2.06975  3.04421  1.82673  2.06975  3.04421  1.82673  |||| 6.4199 |||| 6.4199 
1.42316  2.97854  4.38681  1.42316  2.97854  4.38681  |||| 23.6066 |||| 23.6066 
1.79358  2.78756  3.84411  1.79358  2.78756  3.84411  |||| 13.3672 |||| 13.3672 
1.09334  4.28435  2.23799  1.09334  4.28435  2.23799  |||| 9.72609 |||| 9.72609 
1.08705  0.754269  6.48455  1.08705  0.754269  6.48455  |||| 110.05 |||| 110.05 
1.85318  1.87151  4.07653  1.85318  1.87151  4.07653  |||| 50.8392 |||| 50.8392 
1.96247  0.915414  3.60455  1.96247  0.915414  3.60455  |||| 9.74154 |||| 9.74154 
1.29342  1.54433  5.88611  1.29342  1.54433  5.88611  |||| 11.326 |||| 11.326 
1.41283  0.943082  6.09619  1.41283  0.943082  6.09619  |||| 13.6391 |||| 13.6391 
1.57773  3.54924  3.41982  1.57773  3.54924  3.41982  |||| 8.3087 |||| 8.3087 
1.8001  3.21972  3.14739  1.8001  3.21972  3.14739  |||| 44.9676 |||| 44.9676 
1.53708  2.48501  4.82446  1.53708  2.48501  4.82446  |||| 41.512 |||| 41.512 
1.47595  2.14142  5.14554  1.47595  2.14142  5.14554  |||| 16.3325 |||| 16.3325 
1.57107  2.1099  5.31301  1.57107  2.1099  5.31301  |||| 16.2208 |||| 16.2208 
1.01408  1.14273  6.44685  1.01408  1.14273  6.44685  |||| 220.01 |||| 220.01 
1.08141  1.12466  6.39728  1.08141  1.12466  6.39728  |||| 45.8927 |||| 45.8927 
1.97659  2.14189  3.41328  1.97659  2.14189  3.41328  |||| 7.52925 |||| 7.52925 
1.59152  0.962876  5.57757  1.59152  0.962876  5.57757  |||| 7.90553 |||| 7.90553 
1.91351  2.79062  3.67752  1.91351  2.79062  3.67752  |||| 8.2626 |||| 8.2626 
2.34604  1.31649  3.69395  2.34604  1.31649  3.69395  |||| 12.6917 |||| 12.6917 
1.91832  2.66961  3.43027  1.91832  2.66961  3.43027  |||| 42.2363 |||| 42.2363 
1.31134  3.49637  3.42687  1.31134  3.49637  3.42687  |||| 99.107 |||| 99.107 
0.756922  2.21948  5.94762  0.756922  2.21948  5.94762  |||| 30.2698 |||| 30.2698 
2.12058  2.08135  2.949  2.12058  2.08135  2.949  |||| 25.18 |||| 25.18 
0.80303  3.42887  4.46347  0.80303  3.42887  4.46347  |||| 161.823 |||| 161.823 
1.87675  1.47576  4.55075  1.87675  1.47576  4.55075  |||| 16.4053 |||| 16.4053 
1.43755  3.0859  4.52342  1.43755  3.0859  4.52342  |||| 7.51484 |||| 7.51484 
2.06334  2.47598  2.9458  2.06334  2.47598  2.9458  |||| 94.8485 |||| 94.8485 
1.39226  1.38487  5.61175  1.39226  1.38487  5.61175  |||| 15.9197 |||| 15.9197 
0.94456  3.61914  4.47334  0.94456  3.61914  4.47334  |||| 299.944 |||| 299.944 
1.59901  2.22309  5.58727  1.59901  2.22309  5.58727  |||| 23.5618 |||| 23.5618 
1.27233  1.1888  5.97784  1.27233  1.1888  5.97784  |||| 12.1963 |||| 12.1963 
1.26571  4.03001  1.92936  1.26571  4.03001  1.92936  |||| 27.1681 |||| 27.1681 
1.67855  1.39337  5.04224  1.67855  1.39337  5.04224  |||| 16.0769 |||| 16.0769 
1.52225  3.35104  3.39627  1.52225  3.35104  3.39627  |||| 8.31183 |||| 8.31183 
1.46085  3.12359  3.96396  1.46085  3.12359  3.96396  |||| 16.4022 |||| 16.4022 
1.27709  0.780894  6.14082  1.27709  0.780894  6.14082  |||| 52.065 |||| 52.065 
1.31476  1.28895  5.97279  1.31476  1.28895  5.97279  |||| 19.4213 |||| 19.4213 
0.886887  3.41866  4.00206  0.886887  3.41866  4.00206  |||| 10.573 |||| 10.573 
1.14853  4.13905  3.09866  1.14853  4.13905  3.09866  |||| 13.0888 |||| 13.0888 
1.11947  1.32159  6.00683  1.11947  1.32159  6.00683  |||| 27.0603 |||| 27.0603 
1.05517  3.1285  4.87382  1.05517  3.1285  4.87382  |||| 14.5571 |||| 14.5571 
1.55345  2.83094  3.99776  1.55345  2.83094  3.99776  |||| 33.478 |||| 33.478 
1.78628  2.8839  3.57593  1.78628  2.8839  3.57593  |||| 18.0046 |||| 18.0046 
1.39711  2.36802  5.28741  1.39711  2.36802  5.28741  |||| 21.7991 |||| 21.7991 
1.61109  2.32169  4.54013  1.61109  2.32169  4.54013  |||| 149.801 |||| 149.801 
1.35673  1.66251  5.79861  1.35673  1.66251  5.79861  |||| 11.827 |||| 11.827 
1.50747  1.8001  5.78548  1.50747  1.8001  5.78548  |||| 11.1554 |||| 11.1554 
1.10651  2.14904  5.81203  1.10651  2.14904  5.81203  |||| 195.394 |||| 195.394 
1.22228  3.19177  4.19419  1.22228  3.19177  4.19419  |||| 34.4376 |||| 34.4376 
2.48036  0.695739  1.57001  2.48036  0.695739  1.57001  |||| 4.31396 |||| 4.31396 
2.1155  1.99859  4.44839  2.1155  1.99859  4.44839  |||| 18.8554 |||| 18.8554 
1.30876  3.44051  3.95061  1.30876  3.44051  3.95061  |||| 102.715 |||| 102.715 
1.53802  3.08976  3.98207  1.53802  3.08976  3.98207  |||| 24.0528 |||| 24.0528 
0.964157  3.25182  4.92965  0.964157  3.25182  4.92965  |||| 16.5817 |||| 16.5817 
1.7225  2.83317  4.10331  1.7225  2.83317  4.10331  |||| 11.4218 |||| 11.4218 
0.873776  4.17539  2.99112  0.873776  4.17539  2.99112  |||| 11.6613 |||| 11.6613 
2.02653  2.14266  4.25193  2.02653  2.14266  4.25193  |||| 14.3385 |||| 14.3385 
0.967035  2.48489  5.57577  0.967035  2.48489  5.57577  |||| 10.5739 |||| 10.5739 
1.59081  2.98368  3.90838  1.59081  2.98368  3.90838  |||| 16.0941 |||| 16.0941 
0.876202  2.03052  5.94172  0.876202  2.03052  5.94172  |||| 16.371 |||| 16.371 
1.47383  3.56667  3.34958  1.47383  3.56667  3.34958  |||| 17.2708 |||| 17.2708 
1.37123  2.05102  5.0612  1.37123  2.05102  5.0612  |||| 22.0479 |||| 22.0479 
1.47903  1.7817  5.45583  1.47903  1.7817  5.45583  |||| 49.8492 |||| 49.8492 
1.80565  2.39935  4.36474  1.80565  2.39935  4.36474  |||| 22.3248 |||| 22.3248 
1.274  1.53358  5.67801  1.274  1.53358  5.67801  |||| 18.1546 |||| 18.1546 
1.06381  2.37678  5.66698  1.06381  2.37678  5.66698  |||| 12.5624 |||| 12.5624 
0.958889  4.26118  2.04333  0.958889  4.26118  2.04333  |||| 97.1017 |||| 97.1017 
1.8151  3.65064  2.28653  1.8151  3.65064  2.28653  |||| 19.5127 |||| 19.5127 
1.05477  0.937016  6.49704  1.05477  0.937016  6.49704  |||| 12.6754 |||| 12.6754 
1.44261  3.23884  3.09695  1.44261  3.23884  3.09695  |||| 13.4195 |||| 13.4195 
1.37399  2.3129  5.16991  1.37399  2.3129  5.16991  |||| 10.5663 |||| 10.5663 
1.82142  3.34499  2.61579  1.82142  3.34499  2.61579  |||| 6.94314 |||| 6.94314 
0.879714  1.16769  6.51258  0.879714  1.16769  6.51258  |||| 117.944 |||| 117.944 
0.972512  1.49229  6.20545  0.972512  1.49229  6.20545  |||| 17.1603 |||| 17.1603 
1.44694  2.51325  5.28745  1.44694  2.51325  5.28745  |||| 19.5159 |||| 19.5159 
1.88326  2.18167  3.841  1.88326  2.18167  3.841  |||| 13.9841 |||| 13.9841 
1.56887  2.52617  4.26044  1.56887  2.52617  4.26044  |||| 39.6164 |||| 39.6164 
2.43667  1.61972  1.47799  2.43667  1.61972  1.47799  |||| 4.96816 |||| 4.96816 
0.969661  2.03235  5.95783  0.969661  2.03235  5.95783  |||| 13.649 |||| 13.649 
1.82425  3.21456  1.67595  1.82425  3.21456  1.67595  |||| 289.536 |||| 289.536 
1.56368  2.67997  4.65374  1.56368  2.67997  4.65374  |||| 46.1735 |||| 46.1735 
1.35836  1.58751  5.75191  1.35836  1.58751  5.75191  |||| 12.8203 |||| 12.8203 
1.66528  2.63039  4.48908  1.66528  2.63039  4.48908  |||| 41.5215 |||| 41.5215 
1.89781  1.66391  4.59087  1.89781  1.66391  4.59087  |||| 14.6363 |||| 14.6363 
1.44069  2.6885  4.9082  1.44069  2.6885  4.9082  |||| 12.0189 |||| 12.0189 
1.80666  2.60751  3.17979  1.80666  2.60751  3.17979  |||| 32.7624 |||| 32.7624 
0.740013  0.730406  6.48425  0.740013  0.730406  6.48425  |||| 20.387 |||| 20.387 
0.826639  0.83073  6.4035  0.826639  0.83073  6.4035  |||| 12.4922 |||| 12.4922 
1.10226  3.56881  3.97083  1.10226  3.56881  3.97083  |||| 14.3232 |||| 14.3232 
1.76093  3.20603  1.40313  1.76093  3.20603  1.40313  |||| 15.0627 |||| 15.0627 
1.79419  1.35947  4.63889  1.79419  1.35947  4.63889  |||| 11.4935 |||| 11.4935 
1.17296  1.92066  5.79075  1.17296  1.92066  5.79075  |||| 14.2119 |||| 14.2119 
0.949745  2.14674  5.69105  0.949745  2.14674  5.69105  |||| 78.4626 |||| 78.4626 
1.36281  2.58695  5.30858  1.36281  2.58695  5.30858  |||| 30.7229 |||| 30.7229 
1.63683  2.43899  4.57751  1.63683  2.43899  4.57751  |||| 18.9425 |||| 18.9425 
1.66622  2.60941  4.07786  1.66622  2.60941  4.07786  |||| 8.15925 |||| 8.15925 
1.54528  2.51446  5.3021  1.54528  2.51446  5.3021  |||| 46.2356 |||| 46.2356 
2.26625  2.01286  3.26864  2.26625  2.01286  3.26864  |||| 147.392 |||| 147.392 
1.31406  4.07114  1.14751  1.31406  4.07114  1.14751  |||| 10.0965 |||| 10.0965 
1.72096  3.11753  3.85144  1.72096  3.11753  3.85144  |||| 108.284 |||| 108.284 
0.945142  0.809297  6.27971  0.945142  0.809297  6.27971  |||| 19.5287 |||| 19.5287 
1.93191  2.89785  3.46578  1.93191  2.89785  3.46578  |||| 45.0824 |||| 45.0824 
0.974927  3.11049  4.74034  0.974927  3.11049  4.74034  |||| 10.4997 |||| 10.4997 
1.26354  1.24767  5.58938  1.26354  1.24767  5.58938  |||| 12.7291 |||| 12.7291 
1.47483  2.16327  5.03488  1.47483  2.16327  5.03488  |||| 30.4848 |||| 30.4848 
1.47465  1.98067  4.97856  1.47465  1.98067  4.97856  |||| 67.9265 |||| 67.9265 
1.89036  3.14598  2.6751  1.89036  3.14598  2.6751  |||| 238.858 |||| 238.858 
1.54185  1.56942  5.02673  1.54185  1.56942  5.02673  |||| 10.9593 |||| 10.9593 
1.62613  0.977215  5.5882  1.62613  0.977215  5.5882  |||| 7.76636 |||| 7.76636 
1.42111  3.58078  3.7531  1.42111  3.58078  3.7531  |||| 207.879 |||| 207.879 
1.30902  2.61019  5.2247  1.30902  2.61019  5.2247  |||| 38.0672 |||| 38.0672 
1.445  2.28575  5.18552  1.445  2.28575  5.18552  |||| 13.6376 |||| 13.6376 
1.9309  2.82847  3.61758  1.9309  2.82847  3.61758  |||| 85.5322 |||| 85.5322 
1.61115  2.07921  4.69298  1.61115  2.07921  4.69298  |||| 10.4148 |||| 10.4148 
2.26823  1.36465  4.17372  2.26823  1.36465  4.17372  |||| 9.69758 |||| 9.69758 
1.95466  2.57332  3.41391  1.95466  2.57332  3.41391  |||| 15.7323 |||| 15.7323 
2.3866  2.1143  2.80668  2.3866  2.1143  2.80668  |||| 27.7456 |||| 27.7456 
1.64649  1.70199  5.13458  1.64649  1.70199  5.13458  |||| 44.444 |||| 44.444 
2.13221  2.24471  2.36205  2.13221  2.24471  2.36205  |||| 393.23 |||| 393.23 
1.95308  1.8486  4.14487  1.95308  1.8486  4.14487  |||| 8.68038 |||| 8.68038 
0.869299  2.56478  5.94214  0.869299  2.56478  5.94214  |||| 12.1664 |||| 12.1664 
2.23188  1.70544  2.06424  2.23188  1.70544  2.06424  |||| 7.0283 |||| 7.0283 
1.22108  4.22097  1.4328  1.22108  4.22097  1.4328  |||| 13.8708 |||| 13.8708 
0.901195  2.27223  5.66177  0.901195  2.27223  5.66177  |||| 11.7985 |||| 11.7985 
1.81671  1.39515  4.72637  1.81671  1.39515  4.72637  |||| 14.8045 |||| 14.8045 
1.06662  2.08835  5.68982  1.06662  2.08835  5.68982  |||| 15.4963 |||| 15.4963 
1.36717  1.67996  5.36414  1.36717  1.67996  5.36414  |||| 20.3293 |||| 20.3293 
1.44978  1.97723  5.3213  1.44978  1.97723  5.3213  |||| 52.9045 |||| 52.9045 
2.12311  1.75999  3.38393  2.12311  1.75999  3.38393  |||| 5.52662 |||| 5.52662 
1.25039  2.79215  5.05485  1.25039  2.79215  5.05485  |||| 31.8333 |||| 31.8333 
1.71816  1.86318  5.09673  1.71816  1.86318  5.09673  |||| 25.8168 |||| 25.8168 
1.50543  3.14306  4.46939  1.50543  3.14306  4.46939  |||| 9.46338 |||| 9.46338 
1.66245  1.80332  5.1154  1.66245  1.80332  5.1154  |||| 8.28001 |||| 8.28001 
1.70468  3.63086  2.77169  1.70468  3.63086  2.77169  |||| 15.2355 |||| 15.2355 
1.40644  2.79794  4.4828  1.40644  2.79794  4.4828  |||| 10.9297 |||| 10.9297 
1.54231  2.14314  4.97917  1.54231  2.14314  4.97917  |||| 24.3971 |||| 24.3971 
1.59729  2.49997  4.59946  1.59729  2.49997  4.59946  |||| 44.5279 |||| 44.5279 
1.8328  2.00401  4.25385  1.8328  2.00401  4.25385  |||| 8.87656 |||| 8.87656 
1.00505  3.65373  3.7704  1.00505  3.65373  3.7704  |||| 25.2138 |||| 25.2138 
1.18254  3.67036  3.942  1.18254  3.67036  3.942  |||| 111.196 |||| 111.196 
1.43698  1.45065  5.62123  1.43698  1.45065  5.62123  |||| 79.4162 |||| 79.4162 
1.68076  3.1242  3.56247  1.68076  3.1242  3.56247  |||| 28.0332 |||| 28.0332 
1.74281  1.88903  4.88797  1.74281  1.88903  4.88797  |||| 7.19605 |||| 7.19605 
1.72948  3.28485  3.08965  1.72948  3.28485  3.08965  |||| 7.83122 |||| 7.83122 
1.66284  1.7289  5.11592  1.66284  1.7289  5.11592  |||| 69.5448 |||| 69.5448 
1.89154  2.09151  4.50678  1.89154  2.09151  4.50678  |||| 49.0907 |||| 49.0907 
1.54675  2.49662  4.21392  1.54675  2.49662  4.21392  |||| 11.1909 |||| 11.1909 
1.47418  1.7508  5.60771  1.47418  1.7508  5.60771  |||| 12.4265 |||| 12.4265 
1.52782  2.41093  4.66175  1.52782  2.41093  4.66175  |||| 25.2469 |||| 25.2469 
1.24125  1.81785  5.44105  1.24125  1.81785  5.44105  |||| 19.1185 |||| 19.1185 
1.52396  0.820859  5.75793  1.52396  0.820859  5.75793  |||| 59.5025 |||| 59.5025 
0.99685  1.96517  5.90014  0.99685  1.96517  5.90014  |||| 84.9348 |||| 84.9348 
1.02766  4.21965  1.47756  1.02766  4.21965  1.47756  |||| 149.386 |||| 149.386 
0.955605  4.2496  2.63499  0.955605  4.2496  2.63499  |||| 30.9588 |||| 30.9588 
1.83372  1.90383  4.89723  1.83372  1.90383  4.89723  |||| 26.3079 |||| 26.3079 
1.28413  1.65957  5.868  1.28413  1.65957  5.868  |||| 36.371 |||| 36.371 
1.31618  2.49508  5.43423  1.31618  2.49508  5.43423  |||| 10.9245 |||| 10.9245 
2.23712  2.32033  3.15223  2.23712  2.32033  3.15223  |||| 8.84799 |||| 8.84799 
1.20522  3.02672  4.6519  1.20522  3.02672  4.6519  |||| 13.7992 |||| 13.7992 
1.92611  1.54662  4.43084  1.92611  1.54662  4.43084  |||| 75.5882 |||| 75.5882 
1.37929  2.02819  5.48606  1.37929  2.02819  5.48606  |||| 14.4637 |||| 14.4637 
0.703701  2.96424  5.22732  0.703701  2.96424  5.22732  |||| 27.9525 |||| 27.9525 
1.8941  3.28617  1.66908  1.8941  3.28617  1.66908  |||| 24.838 |||| 24.838 
1.34577  1.18941  5.61649  1.34577  1.18941  5.61649  |||| 9.0431 |||| 9.0431 
1.41468  2.47947  4.40054  1.41468  2.47947  4.40054  |||| 13.7469 |||| 13.7469 
1.9414  2.95222  2.01738  1.9414  2.95222  2.01738  |||| 43.4987 |||| 43.4987 
1.88825  2.85325  2.971  1.88825  2.85325  2.971  |||| 10.0372 |||| 10.0372 
1.5742  2.30474  4.62965  1.5742  2.30474  4.62965  |||| 10.927 |||| 10.927 
1.6724  2.62084  4.30403  1.6724  2.62084  4.30403  |||| 83.243 |||| 83.243 
1.67292  3.3165  3.53116  1.67292  3.3165  3.53116  |||| 22.761 |||| 22.761 
1.72635  3.25317  3.26444  1.72635  3.25317  3.26444  |||| 10.84 |||| 10.84 
1.7471  0.977128  5.17094  1.7471  0.977128  5.17094  |||| 17.9251 |||| 17.9251 
1.49264  1.93328  5.2499  1.49264  1.93328  5.2499  |||| 51.3154 |||| 51.3154 
1.1226  1.36036  6.17233  1.1226  1.36036  6.17233  |||| 10.2908 |||| 10.2908 
1.73765  2.49469  4.17603  1.73765  2.49469  4.17603  |||| 35.9683 |||| 35.9683 
1.99314  2.20101  3.80755  1.99314  2.20101  3.80755  |||| 12.6756 |||| 12.6756 
1.84209  1.66435  4.92439  1.84209  1.66435  4.92439  |||| 47.3728 |||| 47.3728 
2.4022  1.13064  2.51115  2.4022  1.13064  2.51115  |||| 14.227 |||| 14.227 
2.06707  2.59763  2.42617  2.06707  2.59763  2.42617  |||| 12.6883 |||| 12.6883 
1.46419  3.90398  1.38107  1.46419  3.90398  1.38107  |||| 20.9779 |||| 20.9779 
0.856024  3.62078  3.87245  0.856024  3.62078  3.87245  |||| 10.8388 |||| 10.8388 
1.67209  2.19124  4.66313  1.67209  2.19124  4.66313  |||| 10.3794 |||| 10.3794 
1.47569  1.9037  5.2868  1.47569  1.9037  5.2868  |||| 12.9455 |||| 12.9455 
1.60351  2.34005  4.29918  1.60351  2.34005  4.29918  |||| 15.3856 |||| 15.3856 
0.917251  1.52502  6.15506  0.917251  1.52502  6.15506  |||| 12.9358 |||| 12.9358 
1.28398  2.18658  5.4679  1.28398  2.18658  5.4679  |||| 70.1669 |||| 70.1669 
1.22275  2.51411  5.12644  1.22275  2.51411  5.12644  |||| 9.19707 |||| 9.19707 
0.679963  1.85714  6.15933  0.679963  1.85714  6.15933  |||| 87.2637 |||| 87.2637 
2.00357  1.94853  3.91069  2.00357  1.94853  3.91069  |||| 25.375 |||| 25.375 
1.30503  1.34668  5.9601  1.30503  1.34668  5.9601  |||| 16.9778 |||| 16.9778 
2.21287  2.47631  2.4663  2.21287  2.47631  2.4663  |||| 15.8309 |||| 15.8309 
1.48185  2.59352  4.79024  1.48185  2.59352  4.79024  |||| 32.5384 |||| 32.5384 
2.40665  1.26681  1.18244  2.40665  1.26681  1.18244  |||| 110.376 |||| 110.376 
1.1958  1.98153  5.76812  1.1958  1.98153  5.76812  |||| 20.7532 |||| 20.7532 
1.11387  1.32885  5.81977  1.11387  1.32885  5.81977  |||| 12.8639 |||| 12.8639 
1.43157  2.08882  5.38654  1.43157  2.08882  5.38654  |||| 12.1592 |||| 12.1592 
1.16043  2.1384  5.65203  1.16043  2.1384  5.65203  |||| 39.501 |||| 39.501 
1.77339  3.47283  2.25055  1.77339  3.47283  2.25055  |||| 22.8472 |||| 22.8472 
1.52932  1.02505  5.36919  1.52932  1.02505  5.36919  |||| 16.4227 |||| 16.4227 
1.46041  1.69474  5.51113  1.46041  1.69474  5.51113  |||| 22.8819 |||| 22.8819 
1.59282  2.65462  4.49011  1.59282  2.65462  4.49011  |||| 12.1791 |||| 12.1791 
1.96076  1.0244  4.33113  1.96076  1.0244  4.33113  |||| 37.0528 |||| 37.0528 
2.08475  2.14852  2.85314  2.08475  2.14852  2.85314  |||| 13.3698 |||| 13.3698 
1.14382  2.64055  4.98628  1.14382  2.64055  4.98628  |||| 49.9151 |||| 49.9151 
2.10878  1.33388  3.83192  2.10878  1.33388  3.83192  |||| 14.8071 |||| 14.8071 
2.28208  2.30638  2.12771  2.28208  2.30638  2.12771  |||| 19.8576 |||| 19.8576 
1.17503  1.97997  5.75254  1.17503  1.97997  5.75254  |||| 29.1266 |||| 29.1266 
1.59297  1.85401  5.26544  1.59297  1.85401  5.26544  |||| 45.5729 |||| 45.5729 
1.20147  3.17416  4.80066  1.20147  3.17416  4.80066  |||| 21.3334 |||| 21.3334 
1.10938  2.60025  5.23502  1.10938  2.60025  5.23502  |||| 34.5502 |||| 34.5502 
1.5476  2.54526  5.15359  1.5476  2.54526  5.15359  |||| 15.719 |||| 15.719 
1.89917  2.06661  4.14972  1.89917  2.06661  4.14972  |||| 14.3629 |||| 14.3629 
1.48159  1.87896  5.07035  1.48159  1.87896  5.07035  |||| 35.1214 |||| 35.1214 
1.41341  1.53872  5.31744  1.41341  1.53872  5.31744  |||| 14.2444 |||| 14.2444 
1.52446  0.746677  5.89286  1.52446  0.746677  5.89286  |||| 38.3242 |||| 38.3242 
1.5679  1.51004  5.61604  1.5679  1.51004  5.61604  |||| 19.7603 |||| 19.7603 
0.649908  3.0236  4.65093  0.649908  3.0236  4.65093  |||| 26.3569 |||| 26.3569 
0.783707  0.715291  6.47476  0.783707  0.715291  6.47476  |||| 36.2038 |||| 36.2038 
1.3745  2.942  4.40582  1.3745  2.942  4.40582  |||| 21.5114 |||| 21.5114 
1.31785  1.00503  6.19212  1.31785  1.00503  6.19212  |||| 113.709 |||| 113.709 
1.66072  2.20391  4.97061  1.66072  2.20391  4.97061  |||| 12.2167 |||| 12.2167 
1.51824  2.08126  5.10425  1.51824  2.08126  5.10425  |||| 16.0995 |||| 16.0995 
1.29518  1.30451  5.77119  1.29518  1.30451  5.77119  |||| 355.922 |||| 355.922 
1.4133  1.15419  5.76772  1.4133  1.15419  5.76772  |||| 31.9532 |||| 31.9532 
2.07146  1.36725  4.18784  2.07146  1.36725  4.18784  |||| 11.2238 |||| 11.2238 
1.13017  3.42258  4.65513  1.13017  3.42258  4.65513  |||| 14.3362 |||| 14.3362 
1.1895  2.10163  5.56512  1.1895  2.10163  5.56512  |||| 8.92714 |||| 8.92714 
1.9914  2.84636  1.83028  1.9914  2.84636  1.83028  |||| 11.3192 |||| 11.3192 
1.7899  2.36628  4.0443  1.7899  2.36628  4.0443  |||| 9.02641 |||| 9.02641 
2.06524  2.86291  2.18653  2.06524  2.86291  2.18653  |||| 23.8191 |||| 23.8191 
1.57056  2.34603  5.20544  1.57056  2.34603  5.20544  |||| 10.4158 |||| 10.4158 
1.36691  3.09548  4.52056  1.36691  3.09548  4.52056  |||| 10.1688 |||| 10.1688 
1.17687  1.12722  6.16661  1.17687  1.12722  6.16661  |||| 10.785 |||| 10.785 
1.99797  3.26382  1.79304  1.99797  3.26382  1.79304  |||| 7.00669 |||| 7.00669 
1.47122  3.3961  3.99265  1.47122  3.3961  3.99265  |||| 54.6186 |||| 54.6186 
1.02874  1.65612  5.89331  1.02874  1.65612  5.89331  |||| 26.142 |||| 26.142 
1.14371  1.26324  6.15858  1.14371  1.26324  6.15858  |||| 14.3055 |||| 14.3055 
1.4285  2.96988  4.29183  1.4285  2.96988  4.29183  |||| 312.275 |||| 312.275 
1.04987  3.0343  5.00322  1.04987  3.0343  5.00322  |||| 13.2499 |||| 13.2499 
1.8221  2.53833  3.29004  1.8221  2.53833  3.29004  |||| 166.729 |||| 166.729 
1.28649  3.29049  4.5271  1.28649  3.29049  4.5271  |||| 113.483 |||| 113.483 
1.40028  1.6222  5.5667  1.40028  1.6222  5.5667  |||| 319.76 |||| 319.76 
1.19019  1.74884  5.74937  1.19019  1.74884  5.74937  |||| 28.9001 |||| 28.9001 
0.943809  2.69121  5.198  0.943809  2.69121  5.198  |||| 7.75476 |||| 7.75476 
1.60131  3.13458  3.71877  1.60131  3.13458  3.71877  |||| 15.1649 |||| 15.1649 
2.00131  2.51923  3.53985  2.00131  2.51923  3.53985  |||| 16.4339 |||| 16.4339 
0.90217  2.94676  4.6138  0.90217  2.94676  4.6138  |||| 16.5424 |||| 16.5424 
0.825846  1.38227  6.2568  0.825846  1.38227  6.2568  |||| 17.2426 |||| 17.2426 
1.80212  2.22415  4.28091  1.80212  2.22415  4.28091  |||| 37.0393 |||| 37.0393 
1.39161  1.6891  5.61211  1.39161  1.6891  5.61211  |||| 114.208 |||| 114.208 
1.68094  1.41087  5.15115  1.68094  1.41087  5.15115  |||| 87.1825 |||| 87.1825 
1.06817  1.49708  6.12027  1.06817  1.49708  6.12027  |||| 104.277 |||| 104.277 
2.15143  2.57686  2.32402  2.15143  2.57686  2.32402  |||| 8.85824 |||| 8.85824 
1.39793  0.783532  5.88904  1.39793  0.783532  5.88904  |||| 32.0065 |||| 32.0065 
1.94875  3.50926  1.28672  1.94875  3.50926  1.28672  |||| 13.8969 |||| 13.8969 
1.64827  2.22924  4.89888  1.64827  2.22924  4.89888  |||| 94.9945 |||| 94.9945 
1.03094  1.62747  6.06401  1.03094  1.62747  6.06401  |||| 10.5863 |||| 10.5863 
1.40599  2.83515  4.51607  1.40599  2.83515  4.51607  |||| 61.0211 |||| 61.0211 
1.44091  3.71462  3.14363  1.44091  3.71462  3.14363  |||| 17.1753 |||| 17.1753 
0.940851  2.73302  5.39557  0.940851  2.73302  5.39557  |||| 124.032 |||| 124.032 
1.73673  2.74927  4.05891  1.73673  2.74927  4.05891  |||| 21.5339 |||| 21.5339 
2.2666  2.41746  2.67784  2.2666  2.41746  2.67784  |||| 9.26323 |||| 9.26323 
1.55579  3.13822  3.99847  1.55579  3.13822  3.99847  |||| 24.0483 |||| 24.0483 
1.80215  1.64527  4.84536  1.80215  1.64527  4.84536  |||| 16.8387 |||| 16.8387 
1.51197  1.20698  5.39256  1.51197  1.20698  5.39256  |||| 76.6883 |||| 76.6883 
2.19676  2.4477  2.33863  2.19676  2.4477  2.33863  |||| 15.7487 |||| 15.7487 
1.8629  2.06118  4.2314  1.8629  2.06118  4.2314  |||| 10.1567 |||| 10.1567 
1.90243  1.32365  4.38289  1.90243  1.32365  4.38289  |||| 20.3844 |||| 20.3844 
2.06541  1.48159  3.89455  2.06541  1.48159  3.89455  |||| 66.9025 |||| 66.9025 
0.768501  1.15361  6.49016  0.768501  1.15361  6.49016  |||| 10.6667 |||| 10.6667 
1.72421  2.53391  4.50041  1.72421  2.53391  4.50041  |||| 18.1424 |||| 18.1424 
2.25995  0.967224  3.62442  2.25995  0.967224  3.62442  |||| 14.6327 |||| 14.6327 
2.08417  2.41553  2.80382  2.08417  2.41553  2.80382  |||| 13.6998 |||| 13.6998 
1.95619  2.17884  3.58089  1.95619  2.17884  3.58089  |||| 9.66454 |||| 9.66454 
1.87251  2.81922  3.90786  1.87251  2.81922  3.90786  |||| 43.9892 |||| 43.9892 
1.82639  3.49565  1.83696  1.82639  3.49565  1.83696  |||| 12.6806 |||| 12.6806 
1.44746  3.85621  2.24118  1.44746  3.85621  2.24118  |||| 50.8385 |||| 50.8385 
2.20161  1.65197  3.56198  2.20161  1.65197  3.56198  |||| 238.782 |||| 238.782 
1.00013  2.06604  6.03258  1.00013  2.06604  6.03258  |||| 22.7811 |||| 22.7811 
1.80812  1.83206  4.51412  1.80812  1.83206  4.51412  |||| 19.0912 |||| 19.0912 
1.24052  3.06584  4.41593  1.24052  3.06584  4.41593  |||| 82.372 |||| 82.372 
1.07529  2.68178  5.29078  1.07529  2.68178  5.29078  |||| 90.2439 |||| 90.2439 
1.1051  3.14598  4.90169  1.1051  3.14598  4.90169  |||| 9.65271 |||| 9.65271 
2.13926  1.25148  4.40972  2.13926  1.25148  4.40972  |||| 9.57855 |||| 9.57855 
1.5382  3.89672  2.74078  1.5382  3.89672  2.74078  |||| 31.5222 |||| 31.5222 
1.22552  3.11046  4.38498  1.22552  3.11046  4.38498  |||| 19.9345 |||| 19.9345 
1.21046  1.27015  6.29191  1.21046  1.27015  6.29191  |||| 13.0465 |||| 13.0465 
1.7441  2.50076  3.8846  1.7441  2.50076  3.8846  |||| 8.2936 |||| 8.2936 
1.92008  3.1684  1.01277  1.92008  3.1684  1.01277  |||| 10.5209 |||| 10.5209 
1.08359  1.40137  6.05948  1.08359  1.40137  6.05948  |||| 81.756 |||| 81.756 
1.18104  1.69028  5.96008  1.18104  1.69028  5.96008  |||| 19.2013 |||| 19.2013 
1.1238  1.32635  6.19102  1.1238  1.32635  6.19102  |||| 10.8118 |||| 10.8118 
1.39744  3.67731  3.48808  1.39744  3.67731  3.48808  |||| 25.7704 |||| 25.7704 
2.02774  1.54322  4.45954  2.02774  1.54322  4.45954  |||| 17.8606 |||| 17.8606 
1.64053  3.76638  1.14874  1.64053  3.76638  1.14874  |||| 10.3481 |||| 10.3481 
0.688836  2.2058  5.88105  0.688836  2.2058  5.88105  |||| 26.1376 |||| 26.1376 
1.0055  1.19562  6.30864  1.0055  1.19562  6.30864  |||| 16.4179 |||| 16.4179 
1.36588  2.34502  4.95291  1.36588  2.34502  4.95291  |||| 21.8164 |||| 21.8164 
2.17429  1.37893  3.89016  2.17429  1.37893  3.89016  |||| 13.1698 |||| 13.1698 
1.65995  2.85148  4.42498  1.65995  2.85148  4.42498  |||| 58.4478 |||| 58.4478 
1.95776  1.55684  4.57248  1.95776  1.55684  4.57248  |||| 7.35506 |||| 7.35506 
1.79755  2.98404  3.97762  1.79755  2.98404  3.97762  |||| 19.4879 |||| 19.4879 
1.17185  2.69526  4.78792  1.17185  2.69526  4.78792  |||| 23.6279 |||| 23.6279 
1.25361  3.47993  3.83763  1.25361  3.47993  3.83763  |||| 33.0737 |||| 33.0737 
1.46739  2.5479  4.96387  1.46739  2.5479  4.96387  |||| 21.3038 |||| 21.3038 
1.79473  2.73526  3.42197  1.79473  2.73526  3.42197  |||| 27.0566 |||| 27.0566 
1.51984  3.46773  3.11696  1.51984  3.46773  3.11696  |||| 46.6571 |||| 46.6571 
0.95758  3.29136  4.82313  0.95758  3.29136  4.82313  |||| 61.7998 |||| 61.7998 
1.18181  1.99429  5.79839  1.18181  1.99429  5.79839  |||| 28.43 |||| 28.43 
1.92142  3.16038  2.82119  1.92142  3.16038  2.82119  |||| 18.3683 |||| 18.3683 
1.67982  3.37144  2.0394  1.67982  3.37144  2.0394  |||| 21.0507 |||| 21.0507 
1.67396  1.51313  4.81077  1.67396  1.51313  4.81077  |||| 160.647 |||| 160.647 
1.19981  1.66206  5.7071  1.19981  1.66206  5.7071  |||| 37.1091 |||| 37.1091 
0.82932  2.75598  5.31202  0.82932  2.75598  5.31202  |||| 18.5796 |||| 18.5796 
1.59013  0.894818  5.44107  1.59013  0.894818  5.44107  |||| 19.394 |||| 19.394 
0.8387  3.28767  4.26505  0.8387  3.28767  4.26505  |||| 29.8104 |||| 29.8104 
0.88393  1.33676  6.36559  0.88393  1.33676  6.36559  |||| 82.9312 |||| 82.9312 
1.02219  2.16327  5.63368  1.02219  2.16327  5.63368  |||| 10.836 |||| 10.836 
1.86868  2.7593  3.67766  1.86868  2.7593  3.67766  |||| 24.6817 |||| 24.6817 
1.32589  2.80775  4.52854  1.32589  2.80775  4.52854  |||| 28.8956 |||| 28.8956 
1.37644  2.01746  5.50184  1.37644  2.01746  5.50184  |||| 340.186 |||| 340.186 
0.629192  1.7905  6.00216  0.629192  1.7905  6.00216  |||| 17.0923 |||| 17.0923 
1.64453  2.71185  4.63569  1.64453  2.71185  4.63569  |||| 34.3635 |||| 34.3635 
1.89703  2.76362  3.48759  1.89703  2.76362  3.48759  |||| 13.108 |||| 13.108 
1.536  3.534  3.58336  1.536  3.534  3.58336  |||| 119.641 |||| 119.641 
1.8704  3.43675  2.12591  1.8704  3.43675  2.12591  |||| 13.3454 |||| 13.3454 
1.93016  1.01118  4.63847  1.93016  1.01118  4.63847  |||| 31.3094 |||| 31.3094 
1.69265  2.05882  4.69191  1.69265  2.05882  4.69191  |||| 64.4754 |||| 64.4754 
1.40253  2.24084  5.44571  1.40253  2.24084  5.44571  |||| 167.552 |||| 167.552 
2.26261  1.69801  3.40605  2.26261  1.69801  3.40605  |||| 47.4738 |||| 47.4738 
1.47394  2.67708  4.49721  1.47394  2.67708  4.49721  |||| 23.9335 |||| 23.9335 
0.925482  2.2922  5.88138  0.925482  2.2922  5.88138  |||| 11.9902 |||| 11.9902 
1.56212  2.75113  4.46349  1.56212  2.75113  4.46349  |||| 10.3867 |||| 10.3867 
1.12439  3.82277  3.09624  1.12439  3.82277  3.09624  |||| 24.1495 |||| 24.1495 
2.06434  2.19081  3.70845  2.06434  2.19081  3.70845  |||| 88.2861 |||| 88.2861 
0.782381  1.54765  6.36381  0.782381  1.54765  6.36381  |||| 92.4452 |||| 92.4452 
0.965919  2.88559  4.81067  0.965919  2.88559  4.81067  |||| 14.94 |||| 14.94 
1.85574  2.31224  4.4562  1.85574  2.31224  4.4562  |||| 153.225 |||| 153.225 
1.6035  3.1009  3.66551  1.6035  3.1009  3.66551  |||| 18.3253 |||| 18.3253 
1.76805  3.40398  2.02942  1.76805  3.40398  2.02942  |||| 44.6478 |||| 44.6478 
1.56635  2.21379  5.07312  1.56635  2.21379  5.07312  |||| 15.742 |||| 15.742 
1.64902  3.2473  3.46738  1.64902  3.2473  3.46738  |||| 28.0202 |||| 28.0202 
1.4402  3.71778  2.06976  1.4402  3.71778  2.06976  |||| 12.8116 |||| 12.8116 
1.21075  1.77324  5.74954  1.21075  1.77324  5.74954  |||| 9.17861 |||| 9.17861 
1.87041  1.92371  4.45262  1.87041  1.92371  4.45262  |||| 53.4415 |||| 53.4415 
1.27637  3.18094  4.4869  1.27637  3.18094  4.4869  |||| 8.04087 |||| 8.04087 
1.8228  2.86781  3.90473  1.8228  2.86781  3.90473  |||| 13.1246 |||| 13.1246 
1.44157  2.38361  5.15789  1.44157  2.38361  5.15789  |||| 413.093 |||| 413.093 
1.32086  2.03594  5.55623  1.32086  2.03594  5.55623  |||| 36.0498 |||| 36.0498 
1.29858  1.02824  5.91294  1.29858  1.02824  5.91294  |||| 26.6741 |||| 26.6741 
1.19904  2.60127  5.53781  1.19904  2.60127  5.53781  |||| 30.392 |||| 30.392 
1.39054  1.76689  5.69132  1.39054  1.76689  5.69132  |||| 29.0493 |||| 29.0493 
1.52838  2.09783  5.14996  1.52838  2.09783  5.14996  |||| 39.5029 |||| 39.5029 
1.46047  3.32383  3.43918  1.46047  3.32383  3.43918  |||| 30.9375 |||| 30.9375 
1.68126  2.801  3.82534  1.68126  2.801  3.82534  |||| 116.968 |||| 116.968 
1.56444  1.65606  5.31256  1.56444  1.65606  5.31256  |||| 10.5801 |||| 10.5801 
1.30488  2.52433  5.26646  1.30488  2.52433  5.26646  |||| 14.1293 |||| 14.1293 
1.12159  1.51302  6.04307  1.12159  1.51302  6.04307  |||| 14.0089 |||| 14.0089 
2.08444  2.06615  3.20692  2.08444  2.06615  3.20692  |||| 112.053 |||| 112.053 
1.91052  2.84018  3.11283  1.91052  2.84018  3.11283  |||| 13.7956 |||| 13.7956 
1.40514  1.45354  5.67584  1.40514  1.45354  5.67584  |||| 8.69854 |||| 8.69854 
1.51521  2.1567  5.57626  1.51521  2.1567  5.57626  |||| 67.1632 |||| 67.1632 
2.069  1.94521  4.00108  2.069  1.94521  4.00108  |||| 15.7698 |||| 15.7698 
1.81827  2.14314  4.07981  1.81827  2.14314  4.07981  |||| 38.9087 |||| 38.9087 
1.04294  2.07059  5.54689  1.04294  2.07059  5.54689  |||| 15.6145 |||| 15.6145 
0.990383  1.75796  5.99761  0.990383  1.75796  5.99761  |||| 15.455 |||| 15.455 
0.948772  2.40536  5.58305  0.948772  2.40536  5.58305  |||| 19.7476 |||| 19.7476 
1.90376  2.92976  3.05623  1.90376  2.92976  3.05623  |||| 18.5446 |||| 18.5446 
2.41542  1.42962  1.70739  2.41542  1.42962  1.70739  |||| 9.14443 |||| 9.14443 
1.50439  3.12542  3.99963  1.50439  3.12542  3.99963  |||| 16.776 |||| 16.776 
2.16102  2.65992  2.55314  2.16102  2.65992  2.55314  |||| 31.7645 |||| 31.7645 
1.74146  2.55156  4.08867  1.74146  2.55156  4.08867  |||| 72.8987 |||| 72.8987 
0.718528  0.567049  6.37615  0.718528  0.567049  6.37615  |||| 191.437 |||| 191.437 
1.08358  2.66868  5.49043  1.08358  2.66868  5.49043  |||| 210.337 |||| 210.337 
0.77091  1.76871  6.16903  0.77091  1.76871  6.16903  |||| 17.785 |||| 17.785 
1.16365  1.09115  6.14422  1.16365  1.09115  6.14422  |||| 65.6671 |||| 65.6671 
2.32728  1.55117  2.15253  2.32728  1.55117  2.15253  |||| 13.2959 |||| 13.2959 
0.690746  3.37975  4.54858  0.690746  3.37975  4.54858  |||| 10.3869 |||| 10.3869 
1.55483  2.89614  4.12001  1.55483  2.89614  4.12001  |||| 15.9139 |||| 15.9139 
1.56043  3.67995  2.37707  1.56043  3.67995  2.37707  |||| 61.2678 |||| 61.2678 
2.27924  1.21003  3.33486  2.27924  1.21003  3.33486  |||| 24.4326 |||| 24.4326 
1.99883  1.10228  4.43186  1.99883  1.10228  4.43186  |||| 7.66735 |||| 7.66735 
1.93238  1.83534  3.91418  1.93238  1.83534  3.91418  |||| 53.6323 |||| 53.6323 
1.20054  3.87987  3.06863  1.20054  3.87987  3.06863  |||| 127.887 |||| 127.887 
1.21457  4.19745  2.68051  1.21457  4.19745  2.68051  |||| 14.6528 |||| 14.6528 
0.826443  1.59239  6.19297  0.826443  1.59239  6.19297  |||| 13.0974 |||| 13.0974 
2.0446  2.59283  1.90397  2.0446  2.59283  1.90397  |||| 83.2581 |||| 83.2581 
1.18605  0.892373  6.03395  1.18605  0.892373  6.03395  |||| 63.7666 |||| 63.7666 
1.33022  1.12435  6.37338  1.33022  1.12435  6.37338  |||| 17.6589 |||| 17.6589 
2.33446  2.26642  1.12548  2.33446  2.26642  1.12548  |||| 12.4835 |||| 12.4835 
1.46008  1.72402  5.40382  1.46008  1.72402  5.40382  |||| 19.3306 |||| 19.3306 
1.97083  2.37584  3.76969  1.97083  2.37584  3.76969  |||| 34.4181 |||| 34.4181 
1.60921  2.7173  4.53709  1.60921  2.7173  4.53709  |||| 29.2142 |||| 29.2142 
1.85741  1.80544  4.17943  1.85741  1.80544  4.17943  |||| 14.6733 |||| 14.6733 
1.03106  1.47213  6.18954  1.03106  1.47213  6.18954  |||| 30.5691 |||| 30.5691 
0.985956  0.972543  6.40629  0.985956  0.972543  6.40629  |||| 9.84289 |||| 9.84289 
1.35988  1.7791  5.69602  1.35988  1.7791  5.69602  |||| 20.0708 |||| 20.0708 
1.87809  1.64426  4.3867  1.87809  1.64426  4.3867  |||| 18.5055 |||| 18.5055 
1.46169  3.25528  3.42197  1.46169  3.25528  3.42197  |||| 26.7127 |||| 26.7127 
1.28727  4.2535  2.13188  1.28727  4.2535  2.13188  |||| 15.7602 |||| 15.7602 
1.73646  3.47596  3.40322  1.73646  3.47596  3.40322  |||| 10.807 |||| 10.807 
1.48639  2.24347  4.75739  1.48639  2.24347  4.75739  |||| 45.27 |||| 45.27 
1.74426  3.34608  2.61748  1.74426  3.34608  2.61748  |||| 265.755 |||| 265.755 
1.50013  3.40808  3.78826  1.50013  3.40808  3.78826  |||| 13.2538 |||| 13.2538 
1.5592  1.89042  4.83898  1.5592  1.89042  4.83898  |||| 15.0449 |||| 15.0449 
1.19363  2.29854  5.67073  1.19363  2.29854  5.67073  |||| 121.494 |||| 121.494 
1.48082  3.15507  4.5293  1.48082  3.15507  4.5293  |||| 23.9708 |||| 23.9708 
1.41032  2.44413  4.73526  1.41032  2.44413  4.73526  |||| 8.14389 |||| 8.14389 
1.85828  1.03639  4.93017  1.85828  1.03639  4.93017  |||| 80.0242 |||| 80.0242 
1.39486  1.62415  5.52873  1.39486  1.62415  5.52873  |||| 17.1972 |||| 17.1972 
2.11747  1.10212  4.02654  2.11747  1.10212  4.02654  |||| 19.4157 |||| 19.4157 
0.966894  3.01028  5.11895  0.966894  3.01028  5.11895  |||| 70.0904 |||| 70.0904 
1.11472  2.5097  5.58024  1.11472  2.5097  5.58024  |||| 30.5367 |||| 30.5367 
1.45731  4.04938  1.80904  1.45731  4.04938  1.80904  |||| 16.2375 |||| 16.2375 
0.899988  1.25726  6.31931  0.899988  1.25726  6.31931  |||| 14.5621 |||| 14.5621 
1.34025  3.42498  3.95548  1.34025  3.42498  3.95548  |||| 29.2158 |||| 29.2158 
0.911753  2.80029  5.25533  0.911753  2.80029  5.25533  |||| 42.6869 |||| 42.6869 
1.3411  2.26482  5.47409  1.3411  2.26482  5.47409  |||| 63.1429 |||| 63.1429 
1.12562  1.58624  6.0477  1.12562  1.58624  6.0477  |||| 7.48307 |||| 7.48307 
2.11933  2.45159  3.21073  2.11933  2.45159  3.21073  |||| 40.1974 |||| 40.1974 
2.32095  1.04826  3.66844  2.32095  1.04826  3.66844  |||| 260.95 |||| 260.95 
2.06185  1.96815  3.57788  2.06185  1.96815  3.57788  |||| 107.634 |||| 107.634 
1.93651  2.98298  3.18631  1.93651  2.98298  3.18631  |||| 12.1089 |||| 12.1089 
0.925386  1.76956  5.89995  0.925386  1.76956  5.89995  |||| 208.831 |||| 208.831 
0.854735  1.74492  6.17113  0.854735  1.74492  6.17113  |||| 57.8037 |||| 57.8037 
2.13629  2.31373  2.76599  2.13629  2.31373  2.76599  |||| 8.78887 |||| 8.78887 
1.20207  1.82968  5.81866  1.20207  1.82968  5.81866  |||| 40.6155 |||| 40.6155 
1.91502  1.26462  4.83514  1.91502  1.26462  4.83514  |||| 42.7875 |||| 42.7875 
0.8818  1.3388  6.32804  0.8818  1.3388  6.32804  |||| 116.159 |||| 116.159 
1.71364  2.41446  4.41166  1.71364  2.41446  4.41166  |||| 10.648 |||| 10.648 
1.19527  2.10134  5.57539  1.19527  2.10134  5.57539  |||| 119.414 |||| 119.414 
