1.07475  1.88569  5.72369  1.07475  1.88569  5.72369  |||| 49125.2 |||| 49125.2 
1.38612  3.40014  3.18496  1.38612  3.40014  3.18496  |||| 23738 |||| 23738 
1.75318  2.77236  3.7432  1.75318  2.77236  3.7432  |||| 18022.3 |||| 18022.3 
1.42617  3.48739  3.85367  1.42617  3.48739  3.85367  |||| 84.7546 |||| 84.7546 
2.26914  2.12218  1.94132  2.26914  2.12218  1.94132  |||| 36.353 |||| 36.353 
2.04986  1.68829  3.82627  2.04986  1.68829  3.82627  |||| 25.0414 |||| 25.0414 
1.86029  3.41156  2.93686  1.86029  3.41156  2.93686  |||| 89.5249 |||| 89.5249 
2.07625  1.93833  4.00392  2.07625  1.93833  4.00392  |||| 23.7173 |||| 23.7173 
1.51941  1.94143  5.47664  1.51941  1.94143  5.47664  |||| 52.248 |||| 52.248 
1.48448  2.62775  4.50443  1.48448  2.62775  4.50443  |||| 51.2279 |||| 51.2279 
2.47174  1.00386  1.31256  2.47174  1.00386  1.31256  |||| 28.8508 |||| 28.8508 
1.39694  1.52569  5.58429  1.39694  1.52569  5.58429  |||| 28.6654 |||| 28.6654 
1.73069  2.56652  4.2804  1.73069  2.56652  4.2804  |||| 35.4738 |||| 35.4738 
1.93663  2.23186  4.05712  1.93663  2.23186  4.05712  |||| 20.4531 |||| 20.4531 
1.42033  3.53454  3.44942  1.42033  3.53454  3.44942  |||| 40.8652 |||| 40.8652 
1.1285  0.995403  6.24753  1.1285  0.995403  6.24753  |||| 22.0276 |||| 22.0276 
1.22459  1.65656  5.90917  1.22459  1.65656  5.90917  |||| 31.2349 |||| 31.2349 
1.29966  2.76278  4.9137  1.29966  2.76278  4.9137  |||| 74.1858 |||| 74.1858 
2.1833  1.68501  3.52047  2.1833  1.68501  3.52047  |||| 216.885 |||| 216.885 
1.82418  2.75324  4.29019  1.82418  2.75324  4.29019  |||| 15.8783 |||| 15.8783 
2.37814  1.84948  2.17692  2.37814  1.84948  2.17692  |||| 11.4327 |||| 11.4327 
1.61946  1.27719  5.25564  1.61946  1.27719  5.25564  |||| 13.0266 |||| 13.0266 
1.31294  1.47647  5.89528  1.31294  1.47647  5.89528  |||| 72.5711 |||| 72.5711 
2.08721  1.1932  4.67965  2.08721  1.1932  4.67965  |||| 12.8227 |||| 12.8227 
1.70915  2.38009  4.92219  1.70915  2.38009  4.92219  |||| 21.4943 |||| 21.4943 
1.13303  2.2338  5.6882  1.13303  2.2338  5.6882  |||| 27.9873 |||| 27.9873 
1.19905  3.57075  3.69041  1.19905  3.57075  3.69041  |||| 62.3964 |||| 62.3964 
2.02987  2.58166  3.65928  2.02987  2.58166  3.65928  |||| 9.54459 |||| 9.54459 
2.02398  1.22684  4.42946  2.02398  1.22684  4.42946  |||| 20.5295 |||| 20.5295 
1.23667  1.46565  6.19578  1.23667  1.46565  6.19578  |||| 12.2097 |||| 12.2097 
2.28313  2.20957  2.77612  2.28313  2.20957  2.77612  |||| 16.8704 |||| 16.8704 
1.73081  2.13016  5.17183  1.73081  2.13016  5.17183  |||| 11.1928 |||| 11.1928 
1.99894  1.66401  4.49285  1.99894  1.66401  4.49285  |||| 14.2423 |||| 14.2423 
0.891611  1.31373  6.33246  0.891611  1.31373  6.33246  |||| 19.609 |||| 19.609 
1.59725  1.36441  5.41426  1.59725  1.36441  5.41426  |||| 516.965 |||| 516.965 
1.19321  2.00487  5.70121  1.19321  2.00487  5.70121  |||| 16.3841 |||| 16.3841 
2.06731  1.98833  3.59863  2.06731  1.98833  3.59863  |||| 17.8568 |||| 17.8568 
1.48654  3.04697  3.99602  1.48654  3.04697  3.99602  |||| 14.8583 |||| 14.8583 
1.66027  2.84734  4.35424  1.66027  2.84734  4.35424  |||| 41.6475 |||| 41.6475 
2.05452  1.14829  4.46192  2.05452  1.14829  4.46192  |||| 9.29005 |||| 9.29005 
1.76457  2.70504  3.75918  1.76457  2.70504  3.75918  |||| 12.1378 |||| 12.1378 
0.990189  1.23727  6.31642  0.990189  1.23727  6.31642  |||| 9.81156 |||| 9.81156 
2.10638  1.85174  3.87126  2.10638  1.85174  3.87126  |||| 61.3808 |||| 61.3808 
1.04379  4.45821  0.811164  1.04379  4.45821  0.811164  |||| 12.7956 |||| 12.7956 
1.78743  3.13608  3.14698  1.78743  3.13608  3.14698  |||| 10.8833 |||| 10.8833 
0.896869  1.32388  6.29848  0.896869  1.32388  6.29848  |||| 10.0105 |||| 10.0105 
1.46837  2.64712  4.38289  1.46837  2.64712  4.38289  |||| 26.2577 |||| 26.2577 
1.04314  2.96092  4.63821  1.04314  2.96092  4.63821  |||| 9.90056 |||| 9.90056 
2.23152  2.53771  1.87254  2.23152  2.53771  1.87254  |||| 4.39831 |||| 4.39831 
1.12261  1.71147  6.09751  1.12261  1.71147  6.09751  |||| 22.8424 |||| 22.8424 
2.44617  1.00123  2.67902  2.44617  1.00123  2.67902  |||| 56.9432 |||| 56.9432 
0.84556  2.47353  5.62815  0.84556  2.47353  5.62815  |||| 12.4567 |||| 12.4567 
1.11894  0.970123  6.11006  1.11894  0.970123  6.11006  |||| 24.9859 |||| 24.9859 
1.58382  2.48997  4.73455  1.58382  2.48997  4.73455  |||| 10.3699 |||| 10.3699 
1.18882  4.30613  1.56419  1.18882  4.30613  1.56419  |||| 6.01288 |||| 6.01288 
1.50697  3.1723  3.77632  1.50697  3.1723  3.77632  |||| 9.1226 |||| 9.1226 
1.39963  2.32349  5.51498  1.39963  2.32349  5.51498  |||| 15.0133 |||| 15.0133 
1.6103  2.18637  4.91736  1.6103  2.18637  4.91736  |||| 20.7693 |||| 20.7693 
1.87802  2.79155  3.22663  1.87802  2.79155  3.22663  |||| 29.196 |||| 29.196 
2.20587  1.72114  3.30004  2.20587  1.72114  3.30004  |||| 5.74455 |||| 5.74455 
1.73072  2.23553  4.2003  1.73072  2.23553  4.2003  |||| 12.2488 |||| 12.2488 
1.08694  2.31108  5.65081  1.08694  2.31108  5.65081  |||| 12.2789 |||| 12.2789 
1.89415  2.90964  2.53824  1.89415  2.90964  2.53824  |||| 9.40867 |||| 9.40867 
1.91275  3.29049  2.35858  1.91275  3.29049  2.35858  |||| 11.0611 |||| 11.0611 
1.84487  3.33887  2.30731  1.84487  3.33887  2.30731  |||| 5.76943 |||| 5.76943 
1.17978  3.18717  4.77224  1.17978  3.18717  4.77224  |||| 176.767 |||| 176.767 
1.92246  1.26003  4.82942  1.92246  1.26003  4.82942  |||| 635.691 |||| 635.691 
1.97983  2.67742  3.24768  1.97983  2.67742  3.24768  |||| 6.14596 |||| 6.14596 
1.46871  3.23909  3.8801  1.46871  3.23909  3.8801  |||| 14.486 |||| 14.486 
1.69756  2.98103  3.31586  1.69756  2.98103  3.31586  |||| 10.028 |||| 10.028 
0.902714  1.6641  6.30399  0.902714  1.6641  6.30399  |||| 49.5783 |||| 49.5783 
1.65384  3.05264  4.05783  1.65384  3.05264  4.05783  |||| 6.74905 |||| 6.74905 
0.904801  1.83584  6.10987  0.904801  1.83584  6.10987  |||| 16.3522 |||| 16.3522 
2.15479  2.93056  2.00637  2.15479  2.93056  2.00637  |||| 19.6229 |||| 19.6229 
0.88885  1.31706  6.23523  0.88885  1.31706  6.23523  |||| 89.8515 |||| 89.8515 
1.65301  1.87672  5.01057  1.65301  1.87672  5.01057  |||| 8.51709 |||| 8.51709 
1.71608  2.56319  4.45333  1.71608  2.56319  4.45333  |||| 13.0626 |||| 13.0626 
1.73652  2.54874  4.22328  1.73652  2.54874  4.22328  |||| 10.0246 |||| 10.0246 
2.34247  1.69818  1.60203  2.34247  1.69818  1.60203  |||| 12.7118 |||| 12.7118 
1.57731  1.70277  5.11073  1.57731  1.70277  5.11073  |||| 6.96305 |||| 6.96305 
1.56411  2.19338  5.03335  1.56411  2.19338  5.03335  |||| 10.6074 |||| 10.6074 
1.33934  1.52082  5.96371  1.33934  1.52082  5.96371  |||| 11.1938 |||| 11.1938 
1.72878  2.52565  4.26391  1.72878  2.52565  4.26391  |||| 97.6353 |||| 97.6353 
1.76279  3.40264  2.54499  1.76279  3.40264  2.54499  |||| 10.3044 |||| 10.3044 
1.81832  1.65038  4.93675  1.81832  1.65038  4.93675  |||| 15.5704 |||| 15.5704 
0.975507  1.31512  6.3095  0.975507  1.31512  6.3095  |||| 7.55578 |||| 7.55578 
1.34888  3.36243  3.92996  1.34888  3.36243  3.92996  |||| 20.489 |||| 20.489 
1.04693  1.44032  6.08112  1.04693  1.44032  6.08112  |||| 8.50267 |||| 8.50267 
1.39104  2.64213  5.01563  1.39104  2.64213  5.01563  |||| 10.8155 |||| 10.8155 
1.45683  3.90624  2.03032  1.45683  3.90624  2.03032  |||| 36.1799 |||| 36.1799 
1.22934  3.15286  4.25173  1.22934  3.15286  4.25173  |||| 35.6679 |||| 35.6679 
1.85405  2.36837  3.54546  1.85405  2.36837  3.54546  |||| 22.5014 |||| 22.5014 
0.859366  2.8139  5.1711  0.859366  2.8139  5.1711  |||| 12.9107 |||| 12.9107 
1.5909  1.18523  5.21102  1.5909  1.18523  5.21102  |||| 21.8663 |||| 21.8663 
1.61997  2.80729  4.19364  1.61997  2.80729  4.19364  |||| 26.9226 |||| 26.9226 
1.81414  2.60481  4.31922  1.81414  2.60481  4.31922  |||| 41.2665 |||| 41.2665 
1.38597  3.08266  4.22116  1.38597  3.08266  4.22116  |||| 29.6816 |||| 29.6816 
1.23125  1.35217  5.96385  1.23125  1.35217  5.96385  |||| 29.7354 |||| 29.7354 
1.03849  1.27841  6.13798  1.03849  1.27841  6.13798  |||| 229.055 |||| 229.055 
2.04655  1.68055  3.75407  2.04655  1.68055  3.75407  |||| 465.381 |||| 465.381 
2.0075  0.00795202  0.0080655  1.39032  2.7911  1.17211  |||| 5.51328 |||| 27835.5 
0.0355434  4.00708  0.0309317  1.43894  2.94658  0.0891595  |||| 257.8 |||| 14291.8 
0.0213251  0.0191014  6.00733  0.904954  2.08008  4.37627  |||| 115.616 |||| 20725.3 
2.00696  0.0845369  0.0845226  1.56246  1.77271  3.05683  |||| 2.15168 |||| 84.9443 
2.00454  0.219785  0.0782649  1.28173  2.5177  2.69257  |||| 2.27807 |||| 86.3683 
2.00466  0.102783  0.29333  0.457302  3.08162  3.78599  |||| 2.37641 |||| 76.5932 
1.997  0.414899  0.0657213  1.81586  1.58177  1.00369  |||| 2.45325 |||| 41.9543 
2.00163  0.211972  0.349258  1.8593  0.696834  2.48669  |||| 2.53867 |||| 18.4165 
1.99657  0.395205  0.240304  1.61453  2.37009  1.51126  |||| 2.60777 |||| 16.8403 
1.99677  0.0941082  0.614407  1.89225  1.79902  1.03148  |||| 2.68103 |||| 55.3642 
1.97569  0.717401  0.0546272  1.9557  1.62775  0.297302  |||| 2.72313 |||| 16.6746 
1.99305  0.371951  0.476156  1.99305  0.371951  0.476156  |||| 2.81725 |||| 2.81725 
1.98132  0.624856  0.288128  1.77171  1.59308  1.53444  |||| 2.8696 |||| 15.6132 
1.98812  0.188984  0.794974  1.98826  0.189123  0.795113  |||| 2.94842 |||| 2.94862 
1.96263  0.840308  0.199311  1.77171  1.53478  1.66271  |||| 2.97838 |||| 25.638 
1.98389  0.352843  0.766949  1.98707  0.66059  1.32803  |||| 3.07965 |||| 5.82132 
1.97301  0.664272  0.517809  1.49602  2.10506  2.48929  |||| 3.13148 |||| 15.2055 
1.96957  0.0830963  1.1649  1.88169  1.01453  1.45835  |||| 3.19516 |||| 41.6721 
1.91113  1.23393  0.0465563  1.91981  0.330747  1.69648  |||| 3.16758 |||| 135.205 
1.96641  0.651373  0.736337  1.93624  0.967065  0.6768  |||| 3.3302 |||| 4.96313 
1.9365  1.02965  0.407461  1.9365  1.02965  0.407461  |||| 3.34938 |||| 3.34938 
1.96133  0.338398  1.18923  1.46154  2.06298  3.07776  |||| 3.46463 |||| 21.5156 
1.89832  1.30122  0.247114  1.47668  1.90421  2.9194  |||| 3.42356 |||| 41.5645 
1.95392  0.575779  1.09215  1.46167  2.57034  1.48744  |||| 3.59841 |||| 16.2174 
1.92844  1.02059  0.700815  2.04124  1.13339  0.813617  |||| 3.62559 |||| 4.21467 
1.9317  0.17493  1.62433  1.98106  0.22429  1.67369  |||| 3.70758 |||| 4.80026 
1.8383  1.61387  0.173266  2.00019  0.771782  1.02888  |||| 3.60112 |||| 22.1342 
1.93034  0.795433  1.15955  0.698217  3.54628  3.10104  |||| 3.86101 |||| 17.3323 
1.88621  1.30251  0.6861  1.16418  3.47885  0.694089  |||| 3.85091 |||| 10.3166 
1.91288  0.330192  1.76574  1.51772  0.263269  3.92232  |||| 3.9871 |||| 8.87687 
1.83006  1.62679  0.460048  1.36501  1.09645  4.09975  |||| 3.89328 |||| 35.1343 
1.90784  0.638772  1.6205  1.40953  2.84639  0.426253  |||| 4.1447 |||| 18.6213 
1.87822  1.22702  1.0833  1.35423  0.885428  4.24338  |||| 4.16577 |||| 16.3861 
1.85657  0.080914  2.29144  1.85657  0.080914  2.29144  |||| 4.20442 |||| 4.20442 
1.68343  2.19029  0.0419151  1.38571  0.537027  4.48479  |||| 3.89109 |||| 502.834 
1.85962  1.23857  1.31787  1.85962  1.23857  1.31787  |||| 4.39224 |||| 4.39224 
1.76919  1.84835  0.673283  1.75052  1.82442  2.34498  |||| 4.26708 |||| 14.9741 
1.85524  0.646175  2.09431  1.93679  1.31201  0.261671  |||| 4.57233 |||| 9.33247 
1.67594  2.20023  0.366045  1.50685  2.44624  1.55212  |||| 4.21777 |||| 18.1562 
1.83688  1.04841  1.86292  1.74504  1.69529  1.56288  |||| 4.7264 |||| 7.65591 
1.76454  1.76481  1.13313  1.7523  1.85342  1.7496  |||| 4.63944 |||| 7.17263 
1.78703  0.337751  2.70085  2.02576  1.31195  0.8049  |||| 4.8035 |||| 18.9299 
1.55943  2.52659  0.220625  1.73678  0.478512  2.93788  |||| 4.28246 |||| 58.7787 
1.78124  1.37178  1.87746  1.81374  1.39678  1.52236  |||| 5.00647 |||| 5.09831 
1.67139  2.11789  1.03818  1.83661  1.59958  0.43893  |||| 4.80365 |||| 5.28129 
1.74865  0.592389  2.82632  1.54538  2.43798  1.20042  |||| 5.1435 |||| 21.3631 
1.55559  2.50424  0.643764  1.55559  2.50424  0.643764  |||| 4.67961 |||| 4.67961 
1.7366  1.08258  2.5553  1.86656  1.20081  2.43509  |||| 5.35155 |||| 5.93427 
1.66299  1.97214  1.63529  1.71136  2.02051  1.68366  |||| 5.24647 |||| 5.40099 
1.6337  0.176629  3.49102  1.73079  0.157331  3.04427  |||| 5.27893 |||| 5.59454 
1.34625  2.97761  0.153456  1.35029  2.92663  1.60817  |||| 4.45302 |||| 48.7973 
1.64546  1.79513  2.16708  1.73799  1.88766  2.25961  |||| 5.58461 |||| 5.90054 
1.48522  2.60228  1.10205  1.5349  2.65196  1.15173  |||| 5.16587 |||| 5.39535 
1.6186  0.853809  3.32831  1.38575  3.16773  0.499475  |||| 5.77759 |||| 21.562 
1.33964  2.96294  0.620457  1.38643  3.00983  0.663386  |||| 4.90092 |||| 5.23709 
1.59111  1.4515  2.96353  1.1708  2.72941  2.68158  |||| 5.98287 |||| 11.2754 
1.47477  2.45178  1.79116  1.51884  2.46148  2.43756  |||| 5.69294 |||| 7.75604 
1.47517  0.34344  4.0522  0.296815  3.63685  2.63609  |||| 5.8533 |||| 61.9756 
1.17834  3.23966  0.403368  1.76405  2.31118  0.497857  |||| 4.79767 |||| 7.20199 
1.48928  1.86999  2.91164  1.45739  1.81785  3.41445  |||| 6.24795 |||| 7.32556 
1.32478  2.82677  1.5884  0.433272  3.91424  0.173403  |||| 5.7158 |||| 7.92059 
1.40512  0.688142  4.17615  1.59293  2.81527  1.21356  |||| 6.24626 |||| 25.7099 
1.16524  3.20349  0.984494  1.53753  2.43621  2.39369  |||| 5.32979 |||| 12.9993 
1.39068  1.38508  3.81688  1.74408  1.50228  2.39087  |||| 6.56814 |||| 8.24898 
1.29614  2.60081  2.44118  0.488694  2.65324  4.26969  |||| 6.31626 |||| 11.0509 
1.20767  0.0509664  4.80668  1.18114  3.06756  2.0608  |||| 6.07367 |||| 243.977 
0.868021  3.61827  0.0356102  1.5967  2.60782  0.0845234  |||| 4.49779 |||| 12.1829 
1.21624  2.6328  2.71729  1.24874  0.538374  4.64428  |||| 6.54389 |||| 11.1974 
0.998729  3.39251  1.18052  1.71236  0.975995  3.138  |||| 5.55016 |||| 14.7766 
1.20038  1.39433  4.351  1.35996  0.964178  4.40039  |||| 6.92232 |||| 7.84953 
0.839242  3.62638  0.561791  0.888537  3.67567  0.611087  |||| 5.0029 |||| 5.44785 
1.13267  2.17853  3.74927  1.25806  1.48208  4.3534  |||| 7.03625 |||| 8.17228 
0.963708  3.25412  2.02116  1.33612  2.19145  3.37797  |||| 6.21442 |||| 10.4015 
1.00843  0.673098  5.10519  1.00843  0.673098  5.10519  |||| 6.77322 |||| 6.77322 
0.676619  3.77224  0.291515  1.98529  1.09544  0.413818  |||| 4.71656 |||| 13.9666 
0.968054  2.63467  3.49555  1.13637  3.09503  1.76305  |||| 7.07432 |||| 8.31666 
0.780179  3.5279  1.66338  0.950207  2.19561  4.1583  |||| 5.95003 |||| 14.8867 
0.889383  1.12733  5.12404  1.79138  2.24625  0.439592  |||| 7.11711 |||| 14.4121 
0.630925  3.75947  0.91751  1.18336  3.31277  0.96977  |||| 5.28493 |||| 9.96616 
0.835792  2.0064  4.57207  0.884736  2.05534  4.62101  |||| 7.3922 |||| 7.81679 
0.715795  3.30563  2.65517  1.56734  1.30626  3.49592  |||| 6.65193 |||| 14.6735 
0.675081  0.332809  5.64229  0.721753  0.37948  5.68897  |||| 6.6266 |||| 7.56009 
0.434855  3.91369  0.165937  1.418  2.84136  0.165937  |||| 4.49009 |||| 14.8722 
0.643452  2.99848  3.50488  0.643452  2.99848  3.50488  |||| 7.12282 |||| 7.12282 
0.488731  3.75483  1.53072  1.26566  0.88613  4.48632  |||| 5.75032 |||| 16.9035 
0.580053  1.43267  5.34413  1.08947  1.53749  4.50161  |||| 7.33354 |||| 13.8841 
0.372528  3.90715  0.771997  0.462589  3.91264  1.60925  |||| 5.02793 |||| 10.5226 
0.507227  2.34882  4.63551  1.19765  2.59365  3.1917  |||| 7.46708 |||| 17.8216 
0.403634  3.55449  2.51351  0.379784  3.34093  3.13018  |||| 6.44771 |||| 8.03273 
0.385915  0.552935  5.84204  1.04613  2.74379  3.08075  |||| 6.75939 |||| 33.7171 
0.242302  3.96861  0.455166  1.84887  0.788675  2.03513  |||| 4.64201 |||| 36.6132 
0.336931  2.78813  4.20589  0.483783  2.93498  4.35274  |||| 7.3066 |||| 10.5764 
0.245237  3.74265  2.03255  0.677093  3.43516  2.66196  |||| 5.99664 |||| 16.9212 
0.248119  1.01186  5.77025  1.40739  0.83499  4.48428  |||| 7.00606 |||| 41.0028 
0.158752  3.92214  1.15385  0.206476  3.96987  1.20157  |||| 5.21119 |||| 6.8388 
0.18187  1.96615  5.21275  0.462806  1.77632  5.21275  |||| 7.33639 |||| 19.302 
0.129787  3.42056  3.11479  0.129787  3.42056  3.11479  |||| 6.6413 |||| 6.6413 
0.0878308  0.148517  5.99893  0.137736  0.198421  6.04883  |||| 6.21583 |||| 9.86625 
0.0355401  4.00661  0.102252  0.470107  3.70935  1.80766  |||| 4.12707 |||| 77.407 
0.0232857  3.23435  3.55284  1.56915  1.36018  3.73168  |||| 6.79068 |||| 604.263 
