2.00531  1.40563e-13  2.00531  1.40563e-13  |||| 0.725804 |||| 0.725804 
1.78117  8.02791e-66  1.78117  8.02791e-66  |||| 5016.61 |||| 5016.61 
1.73628  2.95574e-136  1.73628  2.95574e-136  |||| 0.459114 |||| 0.459114 
1.85606  7.89898e-153  1.85606  7.89898e-153  |||| 0.585508 |||| 0.585508 
1.95152  8.75376e-06  1.95152  8.75376e-06  |||| 0.689604 |||| 0.689604 
1.7994  4.53586e-85  1.7994  4.53586e-85  |||| 0.53915 |||| 0.53915 
1.97514  3.14753e-06  1.97514  3.14753e-06  |||| 0.729108 |||| 0.729108 
2.20065  1.13839e-26  2.20065  1.13839e-26  |||| 0.975907 |||| 0.975907 
2.13651  8.23397e-58  2.13651  8.23397e-58  |||| 0.917884 |||| 0.917884 
1.54369  3.7683e-33  1.54369  3.7683e-33  |||| 0.286077 |||| 0.286077 
1.48417  9.48244e-27  1.48417  9.48244e-27  |||| 0.224097 |||| 0.224097 
1.87904  2.59101e-69  1.87904  2.59101e-69  |||| 0.66389 |||| 0.66389 
1.29291  4.70888e-42  1.29291  4.70888e-42  |||| 0.0150093 |||| 0.0150093 
2.00892  1.09537e-61  2.00892  1.09537e-61  |||| 0.826383 |||| 0.826383 
1.79201  1.22803e-35  1.79201  1.22803e-35  |||| 0.587432 |||| 0.587432 
1.56675  1.85665e-27  1.56675  1.85665e-27  |||| 0.333131 |||| 0.333131 
2.00084  9.33998e-85  2.00084  9.33998e-85  |||| 0.846587 |||| 0.846587 
1.53919  2.23137e-17  1.53919  2.23137e-17  |||| 0.308467 |||| 0.308467 
1.78786  1.16646e-86  1.78786  1.16646e-86  |||| 0.611267 |||| 0.611267 
1.93694  4.6828e-42  1.93694  4.6828e-42  |||| 0.800352 |||| 0.800352 
1.8569  4.40616e-10  1.8569  4.40616e-10  |||| 0.711751 |||| 0.711751 
1.80156  0.745662  1.80156  0.745662  |||| 3.74742 |||| 3.74742 
1.49321  6.30179e-70  1.49321  6.30179e-70  |||| 0.270234 |||| 0.270234 
1.78143  6.24937e-16  1.78143  6.24937e-16  |||| 0.642988 |||| 0.642988 
2.01927  4.71551e-145  2.01927  4.71551e-145  |||| 0.960225 |||| 0.960225 
2.01898  6.69868e-112  2.01898  6.69868e-112  |||| 0.972732 |||| 0.972732 
1.69732  5.3907e-10  1.69732  5.3907e-10  |||| 0.557077 |||| 0.557077 
1.61761  1.26353e-78  1.61761  1.26353e-78  |||| 0.457016 |||| 0.457016 
2.08846  1.11311e-50  2.08846  1.11311e-50  |||| 1.10877 |||| 1.10877 
1.86839  4.42893e-62  1.86839  4.42893e-62  |||| 0.818579 |||| 0.818579 
1.78856  6.67811e-11  1.78856  6.67811e-11  |||| 0.7178 |||| 0.7178 
1.73276  9.84239e-181  1.73276  9.84239e-181  |||| 0.648442 |||| 0.648442 
1.59334  8.21277e-83  1.59334  8.21277e-83  |||| 0.455642 |||| 0.455642 
1.6987  4.74335e-23  1.6987  4.74335e-23  |||| 0.617752 |||| 0.617752 
2.41071  1.86181e-31  2.41071  1.86181e-31  |||| 1.69249 |||| 1.69249 
1.85183  1.17389e-164  1.85183  1.17389e-164  |||| 0.869567 |||| 0.869567 
2.06144  4.95144e-18  2.06144  4.95144e-18  |||| 1.20677 |||| 1.20677 
1.88731  1.13938e-21  1.88731  1.13938e-21  |||| 0.953029 |||| 0.953029 
1.51383  1.61679e-52  1.51383  1.61679e-52  |||| 0.373389 |||| 0.373389 
2.22382  2.7762e-06  2.22382  2.7762e-06  |||| 1.52963 |||| 1.52963 
1.66641  1.75239e-05  1.66641  1.75239e-05  |||| 0.637253 |||| 0.637253 
1.27951  5.70076e-44  1.27951  5.70076e-44  |||| 1.41437e-43 |||| 1.41437e-43 
2.09074  6.34772e-49  2.09074  6.34772e-49  |||| 1.38262 |||| 1.38262 
1.73749  8.50175e-19  1.73749  8.50175e-19  |||| 0.79438 |||| 0.79438 
1.35748  4.53743e-51  1.35748  4.53743e-51  |||| 0.137686 |||| 0.137686 
1.68779  1.39727e-63  1.68779  1.39727e-63  |||| 0.734151 |||| 0.734151 
1.96909  6.5403e-84  1.96909  6.5403e-84  |||| 1.26316 |||| 1.26316 
1.66172  5.39332e-43  1.66172  5.39332e-43  |||| 0.713467 |||| 0.713467 
1.70733  1.24333e-61  1.70733  1.24333e-61  |||| 0.814105 |||| 0.814105 
1.74722  3.99016e-14  1.74722  3.99016e-14  |||| 0.90763 |||| 0.90763 
1.40172  1.85448e-31  1.40172  1.85448e-31  |||| 0.24195 |||| 0.24195 
1.38665  5.28502e-73  1.38665  5.28502e-73  |||| 0.216483 |||| 0.216483 
1.83142  3.68677e-32  1.83142  3.68677e-32  |||| 1.13868 |||| 1.13868 
1.73228  1.06203e-23  1.73228  1.06203e-23  |||| 0.954228 |||| 0.954228 
2.05869  0.709653  2.05869  0.709653  |||| 1.67824 |||| 1.67824 
1.45829  2.14734e-12  1.45829  2.14734e-12  |||| 0.393724 |||| 0.393724 
2.06048  3.11417e-127  2.06048  3.11417e-127  |||| 1.75942 |||| 1.75942 
2.09075  2.09747e-105  2.09075  2.09747e-105  |||| 1.87063 |||| 1.87063 
1.92761  1.73297e-59  1.92761  1.73297e-59  |||| 1.53046 |||| 1.53046 
1.51064  9.66801e-11  1.51064  9.66801e-11  |||| 0.559271 |||| 0.559271 
1.76408  1.74482e-65  1.76408  1.74482e-65  |||| 1.20223 |||| 1.20223 
1.76942  1.6284e-16  1.76942  1.6284e-16  |||| 1.24705 |||| 1.24705 
2.03843  1.07605e-25  2.03843  1.07605e-25  |||| 1.98331 |||| 1.98331 
1.79128  0.458835  1.79128  0.458835  |||| 1.37406 |||| 1.37406 
2.05677  4.52171e-18  2.05677  4.52171e-18  |||| 2.14569 |||| 2.14569 
1.61663  2.69802e-52  1.61663  2.69802e-52  |||| 0.957632 |||| 0.957632 
1.55828  4.87371e-25  1.55828  4.87371e-25  |||| 0.815497 |||| 0.815497 
1.79688  8.75063e-57  1.79688  8.75063e-57  |||| 1.56007 |||| 1.56007 
1.64276  5.32607e-72  1.64276  5.32607e-72  |||| 1.1301 |||| 1.1301 
1.5475  1.52024e-64  1.5475  1.52024e-64  |||| 0.861092 |||| 0.861092 
1.93265  0.0112373  1.93265  0.0112373  |||| 2.16977 |||| 2.16977 
2.00909  2.40923e-62  2.00909  2.40923e-62  |||| 2.50872 |||| 2.50872 
1.97374  4.57393e-148  1.97374  4.57393e-148  |||| 2.47398 |||| 2.47398 
1.96496  5.12704e-41  1.96496  5.12704e-41  |||| 2.53489 |||| 2.53489 
1.80429  0.00365442  1.80429  0.00365442  |||| 2.01679 |||| 2.01679 
2.23368  2.01141e-23  2.23368  2.01141e-23  |||| 3.81669 |||| 3.81669 
1.8181  0.497492  1.8181  0.497492  |||| 2.24603 |||| 2.24603 
1.91032  2.42612e-15  1.91032  2.42612e-15  |||| 2.74753 |||| 2.74753 
1.82988  1.11936e-36  1.82988  1.11936e-36  |||| 2.50866 |||| 2.50866 
1.9498  1.63185e-65  1.9498  1.63185e-65  |||| 3.20433 |||| 3.20433 
2.01202  0.000255473  2.01202  0.000255473  |||| 3.68134 |||| 3.68134 
1.71112  6.6598e-19  1.71112  6.6598e-19  |||| 2.28639 |||| 2.28639 
1.79624  9.03462e-50  1.79624  9.03462e-50  |||| 2.89371 |||| 2.89371 
1.99395  9.40503e-17  1.99395  9.40503e-17  |||| 4.24336 |||| 4.24336 
1.84093  1.81085e-19  1.84093  1.81085e-19  |||| 3.54964 |||| 3.54964 
1.9255  1.52866e-72  1.9255  1.52866e-72  |||| 4.36603 |||| 4.36603 
1.59483  3.21942e-57  1.59483  3.21942e-57  |||| 2.28899 |||| 2.28899 
1.51724  0.000153847  1.51724  0.000153847  |||| 1.86382 |||| 1.86382 
2.0713  7.05721e-09  2.0713  7.05721e-09  |||| 6.74745 |||| 6.74745 
1.50364  5.58996e-19  1.50364  5.58996e-19  |||| 2.09193 |||| 2.09193 
1.98414  1.94204e-86  1.98414  1.94204e-86  |||| 7.26879 |||| 7.26879 
1.80134  4.62261e-20  1.80134  4.62261e-20  |||| 6.01638 |||| 6.01638 
1.54016  2.4841e-12  1.54016  2.4841e-12  |||| 3.40584 |||| 3.40584 
1.74345  8.50949e-56  1.74345  8.50949e-56  |||| 6.99485 |||| 6.99485 
2.25086  7.46567e-09  2.25086  7.46567e-09  |||| 17.3078 |||| 17.3078 
1.77179  6.96962e-37  1.77179  6.96962e-37  |||| 10.7209 |||| 10.7209 
1.85462  1.12036e-36  1.85462  1.12036e-36  |||| 16.1032 |||| 16.1032 
1.7987  3.32205e-27  1.7987  3.32205e-27  |||| 20.3523 |||| 20.3523 
1.71188  7.21627e-48  1.71188  7.21627e-48  |||| 28.2486 |||| 28.2486 
1.88678  2.33927e-25  1.88678  2.33927e-25  |||| 119.025 |||| 119.025 
1  9.9962e-05  1.00029  9.99912e-05  |||| 1 |||| 1.00029 
9.99969e-05  1  9.9997e-05  1  |||| 1 |||| 1 
0.999987  0.00512811  1.00298  0.00791665  |||| 1.00511 |||| 1.55166 
0.999879  0.0155419  0.959975  0.280086  |||| 1.01542 |||| 18.299 
0.999658  0.026169  0.999658  0.026169  |||| 1.02583 |||| 1.02583 
0.999315  0.0370107  0.921304  0.388901  |||| 1.03633 |||| 10.8892 
0.998844  0.0480726  0.993917  0.111151  |||| 1.04692 |||| 2.42061 
0.998237  0.0593543  0.962253  0.272157  |||| 1.05759 |||| 4.84934 
0.997486  0.0708596  0.953526  0.301425  |||| 1.06835 |||| 4.54456 
0.996584  0.0825897  0.688413  0.725647  |||| 1.07917 |||| 9.4818 
0.99552  0.0945463  0.588841  0.808249  |||| 1.09007 |||| 9.31863 
0.994288  0.106731  0.994288  0.106731  |||| 1.10102 |||| 1.10102 
0.992877  0.119145  0.992939  0.119152  |||| 1.11202 |||| 1.11209 
0.991278  0.131788  0.846667  0.533384  |||| 1.12307 |||| 4.54536 
0.989481  0.144661  0.993805  0.145293  |||| 1.13414 |||| 1.1391 
0.987477  0.157762  0.230753  0.973012  |||| 1.14524 |||| 7.06335 
0.985255  0.171091  0.996271  0.0862811  |||| 1.15635 |||| 1.16928 
0.982805  0.184648  0.923577  0.38343  |||| 1.16745 |||| 2.42427 
0.980116  0.198428  0.846114  0.535337  |||| 1.17854 |||| 3.17958 
0.977177  0.212429  0.784878  0.61965  |||| 1.18961 |||| 3.47005 
0.973977  0.226649  0.974258  0.226714  |||| 1.20063 |||| 1.20097 
0.970505  0.241082  0.469176  0.883543  |||| 1.21159 |||| 4.44036 
0.966751  0.255721  1.00234  0.00629964  |||| 1.22247 |||| 1.26747 
0.962702  0.270563  0.222837  0.975294  |||| 1.23327 |||| 4.44552 
0.958349  0.285601  0.958349  0.285601  |||| 1.24395 |||| 1.24395 
0.953679  0.300825  0.505017  0.863661  |||| 1.2545 |||| 3.60165 
0.948683  0.316228  0.975221  0.221344  |||| 1.26491 |||| 1.30029 
0.94335  0.331799  0.943637  0.331899  |||| 1.27515 |||| 1.27554 
0.93767  0.347528  0.177351  0.984317  |||| 1.2852 |||| 3.64012 
0.931632  0.363402  0.629391  0.777089  |||| 1.29503 |||| 2.76926 
0.925229  0.379409  0.925232  0.37941  |||| 1.30464 |||| 1.30464 
0.91845  0.395536  0.957342  0.288958  |||| 1.31399 |||| 1.36963 
0.911291  0.411764  0.91205  0.412107  |||| 1.32306 |||| 1.32416 
0.903738  0.428087  0.906304  0.429302  |||| 1.33182 |||| 1.33561 
0.89579  0.444477  0.978502  0.206975  |||| 1.34027 |||| 1.46402 
0.887442  0.460919  0.495305  0.868724  |||| 1.34836 |||| 2.54134 
0.878688  0.477397  0.523906  0.851785  |||| 1.35609 |||| 2.41956 
0.869524  0.49389  1.00057  0.0177904  |||| 1.36341 |||| 1.56889 
0.859951  0.510377  0.862432  0.51185  |||| 1.37033 |||| 1.37428 
0.849966  0.526838  0.849966  0.526838  |||| 1.3768 |||| 1.3768 
0.83957  0.543251  0.96176  0.273893  |||| 1.38282 |||| 1.58408 
0.828767  0.559594  0.952966  0.303077  |||| 1.38836 |||| 1.59642 
0.817559  0.575845  0.990291  0.143779  |||| 1.3934 |||| 1.6878 
0.805952  0.591981  0.806113  0.592099  |||| 1.39793 |||| 1.39821 
0.793952  0.60798  0.793952  0.60798  |||| 1.40193 |||| 1.40193 
0.781567  0.623821  0.781567  0.623821  |||| 1.40539 |||| 1.40539 
0.768809  0.639478  0.768809  0.639478  |||| 1.40829 |||| 1.40829 
0.755689  0.654931  0.945712  0.325006  |||| 1.41062 |||| 1.76533 
0.742218  0.670159  0.742218  0.670159  |||| 1.41238 |||| 1.41238 
0.728411  0.68514  0.980312  0.203082  |||| 1.41355 |||| 1.90239 
0.714285  0.699855  1.00006  0.0121588  |||| 1.41414 |||| 1.97992 
0.699855  0.714285  0.706444  0.707769  |||| 1.41414 |||| 1.42745 
0.68514  0.728412  0.677682  0.737285  |||| 1.41355 |||| 1.43077 
0.670159  0.742218  0.999894  0.0145457  |||| 1.41238 |||| 2.1073 
0.654931  0.755689  0.999124  0.0418421  |||| 1.41062 |||| 2.15196 
0.639478  0.768809  0.84734  0.535459  |||| 1.40829 |||| 1.86605 
0.623821  0.781567  0.434253  0.903542  |||| 1.40539 |||| 1.62472 
0.60798  0.793952  0.60798  0.793952  |||| 1.40193 |||| 1.40193 
0.591981  0.805952  0.592427  0.806559  |||| 1.39793 |||| 1.39899 
0.575845  0.817559  0.658067  0.752965  |||| 1.3934 |||| 1.59236 
0.559594  0.828767  0.545144  0.838546  |||| 1.38836 |||| 1.40474 
0.54325  0.839571  1.00131  0.0208827  |||| 1.38282 |||| 2.5488 
0.526838  0.849966  0.0914959  0.995813  |||| 1.3768 |||| 1.61305 
0.510377  0.859951  0.510458  0.860086  |||| 1.37033 |||| 1.37054 
0.49389  0.869524  0.616774  0.788385  |||| 1.36341 |||| 1.70264 
0.477397  0.878688  0.866463  0.501346  |||| 1.35609 |||| 2.46126 
0.46092  0.887442  0.991376  0.131048  |||| 1.34836 |||| 2.90014 
0.444477  0.89579  0.706239  0.708527  |||| 1.34027 |||| 2.12958 
0.428087  0.903738  0.428087  0.903738  |||| 1.33182 |||| 1.33182 
0.411767  0.911289  0.411767  0.911289  |||| 1.32306 |||| 1.32306 
0.395536  0.91845  0.395536  0.91845  |||| 1.31399 |||| 1.31399 
0.379409  0.925229  0.362183  0.932107  |||| 1.30464 |||| 1.31434 
0.3634  0.931633  0.0650724  0.997954  |||| 1.29504 |||| 1.38723 
0.347527  0.93767  0.347527  0.93767  |||| 1.2852 |||| 1.2852 
0.331799  0.94335  0.995951  0.0981277  |||| 1.27515 |||| 3.82758 
0.316228  0.948683  0.00204984  1.0008  |||| 1.26491 |||| 1.3344 
0.300825  0.953679  0.300825  0.953679  |||| 1.2545 |||| 1.2545 
0.285601  0.958349  0.820306  0.585937  |||| 1.24395 |||| 3.57288 
0.270563  0.962702  0.748039  0.663686  |||| 1.23327 |||| 3.40966 
0.255721  0.966751  0.572508  0.820057  |||| 1.22247 |||| 2.73686 
0.24108  0.970505  0.241101  0.970589  |||| 1.21159 |||| 1.21169 
0.226649  0.973977  0.850688  0.526784  |||| 1.20063 |||| 4.50634 
0.212429  0.977177  0.999991  0.00412531  |||| 1.18961 |||| 5.59997 
0.198428  0.980116  0.198485  0.980401  |||| 1.17854 |||| 1.17889 
0.184647  0.982805  0.184695  0.983058  |||| 1.16745 |||| 1.16775 
0.171091  0.985255  0.171091  0.985255  |||| 1.15635 |||| 1.15635 
0.157761  0.987477  0.157761  0.987477  |||| 1.14524 |||| 1.14524 
0.144659  0.989482  0.952861  0.305646  |||| 1.13414 |||| 7.47043 
0.131788  0.991278  0.976831  0.217005  |||| 1.12307 |||| 8.3243 
0.119145  0.992877  0.119228  0.993568  |||| 1.11202 |||| 1.1128 
0.10673  0.994288  0.10673  0.994288  |||| 1.10102 |||| 1.10102 
0.0945458  0.995521  0.999999  0.00110855  |||| 1.09007 |||| 11.5294 
0.0825893  0.996584  0.0509668  1.00017  |||| 1.07917 |||| 1.08306 
0.0708594  0.997486  0.0139912  1.00093  |||| 1.06835 |||| 1.07203 
0.0593545  0.998237  0.35817  0.933996  |||| 1.05759 |||| 6.38195 
0.0480721  0.998844  0.405643  0.914504  |||| 1.04692 |||| 8.83401 
0.0370116  0.999315  0.00452251  0.99999  |||| 1.03633 |||| 1.03703 
0.0261684  0.999658  0.026274  1.00369  |||| 1.02583 |||| 1.02997 
0.015542  0.999879  0.948152  0.321457  |||| 1.01542 |||| 61.946 
0.00512768  0.999987  0.00513018  1.00047  |||| 1.00511 |||| 1.0056 
