2.02443  2.63989e-86  3.66296e-05  2.02443  2.63989e-86  3.66296e-05  |||| 1.1383 |||| 1.1383 
2.0017  1.06198e-39  7.83419e-10  2.0017  1.06198e-39  7.83419e-10  |||| 11155.8 |||| 11155.8 
1.78793  5.76142e-40  1.06961e-14  1.78793  5.76142e-40  1.06961e-14  |||| 9017.99 |||| 9017.99 
2.43621  0.0318394  2.33502e-18  2.43621  0.0318394  2.33502e-18  |||| 1.66998 |||| 1.66998 
1.67097  3.63821e-56  3.22104e-81  1.67097  3.63821e-56  3.22104e-81  |||| 0.8963 |||| 0.8963 
2.12826  1.20291e-85  2.07076e-57  2.12826  1.20291e-85  2.07076e-57  |||| 1.47969 |||| 1.47969 
2.04467  3.28175e-47  5.57076e-105  2.04467  3.28175e-47  5.57076e-105  |||| 1.43021 |||| 1.43021 
1.55163  1.6562e-38  8.60543e-68  1.55163  1.6562e-38  8.60543e-68  |||| 0.848191 |||| 0.848191 
1.71221  1.63043e-57  5.68058e-39  1.71221  1.63043e-57  5.68058e-39  |||| 1.08426 |||| 1.08426 
1.93927  4.60952e-27  0.0897087  1.93927  4.60952e-27  0.0897087  |||| 1.42099 |||| 1.42099 
1.67187  5.42714e-13  1.40673e-54  1.67187  5.42714e-13  1.40673e-54  |||| 1.08838 |||| 1.08838 
1.87421  1.3041e-20  4.90201e-102  1.87421  1.3041e-20  4.90201e-102  |||| 1.40358 |||| 1.40358 
1.46754  2.69256e-53  5.07998e-23  1.46754  2.69256e-53  5.07998e-23  |||| 0.846254 |||| 0.846254 
1.39374  1.6613e-82  2.17727e-30  1.39374  1.6613e-82  2.17727e-30  |||| 0.756514 |||| 0.756514 
1.97364  1.4499e-99  5.15177e-38  1.97364  1.4499e-99  5.15177e-38  |||| 1.65861 |||| 1.65861 
1.41011  5.333e-36  2.431e-168  1.41011  5.333e-36  2.431e-168  |||| 0.817419 |||| 0.817419 
1.93281  0.0922645  5.83759e-25  1.93281  0.0922645  5.83759e-25  |||| 1.66952 |||| 1.66952 
1.6396  1.31098e-44  1.08215e-61  1.6396  1.31098e-44  1.08215e-61  |||| 1.22841 |||| 1.22841 
2.20892  3.91205e-102  1.733e-28  2.20892  3.91205e-102  1.733e-28  |||| 2.2037 |||| 2.2037 
1.87994  3.05781e-21  3.49371e-25  1.87994  3.05781e-21  3.49371e-25  |||| 1.6914 |||| 1.6914 
1.48927  1.31674e-33  2.01389e-45  1.48927  1.31674e-33  2.01389e-45  |||| 1.04849 |||| 1.04849 
2.09971  2.59499e-90  2.08576e-29  2.09971  2.59499e-90  2.08576e-29  |||| 2.15448 |||| 2.15448 
1.97029  4.46862e-149  3.57994e-19  1.97029  4.46862e-149  3.57994e-19  |||| 1.96537 |||| 1.96537 
1.99458  6.26474e-38  3.65189e-32  1.99458  6.26474e-38  3.65189e-32  |||| 2.05163 |||| 2.05163 
1.8954  3.71049e-63  2.96406e-14  1.8954  3.71049e-63  2.96406e-14  |||| 1.90716 |||| 1.90716 
1.76832  0.00301316  3.42467e-48  1.76832  0.00301316  3.42467e-48  |||| 1.70182 |||| 1.70182 
1.87299  9.91394e-28  6.83574e-15  1.87299  9.91394e-28  6.83574e-15  |||| 1.94343 |||| 1.94343 
1.63542  6.89939e-45  5.18177e-11  1.63542  6.89939e-45  5.18177e-11  |||| 1.50633 |||| 1.50633 
1.77898  2.68593e-15  3.92963e-52  1.77898  2.68593e-15  3.92963e-52  |||| 1.83235 |||| 1.83235 
1.68626  8.53646e-59  5.69466e-07  1.68626  8.53646e-59  5.69466e-07  |||| 1.67631 |||| 1.67631 
1.11247  1.11828  4.90081e-97  1.11247  1.11828  4.90081e-97  |||| 2.68832 |||| 2.68832 
1.85208  4.36504e-63  2.48432e-145  1.85208  4.36504e-63  2.48432e-145  |||| 2.10928 |||| 2.10928 
1.94911  5.08369e-116  2.06716e-96  1.94911  5.08369e-116  2.06716e-96  |||| 2.36996 |||| 2.36996 
1.92568  0.0217074  8.48123e-43  1.92568  0.0217074  8.48123e-43  |||| 2.36662 |||| 2.36662 
1.78708  1.2916e-107  1.88673e-24  1.78708  1.2916e-107  1.88673e-24  |||| 2.09457 |||| 2.09457 
1.89103  3.69129e-64  1.04842e-22  1.89103  3.69129e-64  1.04842e-22  |||| 2.386 |||| 2.386 
1.55261  2.75534e-26  2.80261e-22  1.55261  2.75534e-26  2.80261e-22  |||| 1.6164 |||| 1.6164 
1.74541  5.62835e-08  7.25545e-111  1.74541  5.62835e-08  7.25545e-111  |||| 2.12894 |||| 2.12894 
1.76927  1.34665e-89  4.30219e-58  1.76927  1.34665e-89  4.30219e-58  |||| 2.2356 |||| 2.2356 
1.35345  8.10518e-43  1.49153e-100  1.35345  8.10518e-43  1.49153e-100  |||| 1.20887 |||| 1.20887 
1.89869  9.95391e-37  6.29825e-58  1.89869  9.95391e-37  6.29825e-58  |||| 2.67712 |||| 2.67712 
1.49877  8.76872e-08  8.33229e-86  1.49877  8.76872e-08  8.33229e-86  |||| 1.65582 |||| 1.65582 
1.85613  1.42468e-112  5.60485e-72  1.85613  1.42468e-112  5.60485e-72  |||| 2.68057 |||| 2.68057 
1.98762  4.49808e-38  0.00843386  1.98762  4.49808e-38  0.00843386  |||| 3.113 |||| 3.113 
2.03315  0.0522622  1.25303e-15  2.03315  0.0522622  1.25303e-15  |||| 3.31596 |||| 3.31596 
1.74859  7.80383e-30  4.96647e-37  1.74859  7.80383e-30  4.96647e-37  |||| 2.55112 |||| 2.55112 
1.36956  1.45871e-09  1.21187e-60  1.36956  1.45871e-09  1.21187e-60  |||| 1.46347 |||| 1.46347 
1.38273  7.88108e-56  1.52849e-100  1.38273  7.88108e-56  1.52849e-100  |||| 1.53899 |||| 1.53899 
1.83493  1.77237e-08  9.60942e-64  1.83493  1.77237e-08  9.60942e-64  |||| 3.011 |||| 3.011 
1.72124  1.89128e-41  9.08392e-29  1.72124  1.89128e-41  9.08392e-29  |||| 2.71472 |||| 2.71472 
1.79505  5.38979e-17  0.0005113  1.79505  5.38979e-17  0.0005113  |||| 3.02751 |||| 3.02751 
1.81654  9.20852e-24  8.24846e-13  1.81654  9.20852e-24  8.24846e-13  |||| 3.17662 |||| 3.17662 
2.24243  5.57568e-40  4.57596e-95  2.24243  5.57568e-40  4.57596e-95  |||| 4.74829 |||| 4.74829 
1.75764  6.7508e-218  1.05426e-38  1.75764  6.7508e-218  1.05426e-38  |||| 3.12977 |||| 3.12977 
1.70258  7.67957e-21  3.90517e-61  1.70258  7.67957e-21  3.90517e-61  |||| 3.00885 |||| 3.00885 
1.77719  5.58104e-61  5.50978e-46  1.77719  5.58104e-61  5.50978e-46  |||| 3.37126 |||| 3.37126 
1.60897  1.16257e-39  0.000230972  1.60897  1.16257e-39  0.000230972  |||| 2.80894 |||| 2.80894 
2.01138  2.07567e-15  4.25845e-46  2.01138  2.07567e-15  4.25845e-46  |||| 4.49328 |||| 4.49328 
1.91548  3.2192e-12  1.16948e-193  1.91548  3.2192e-12  1.16948e-193  |||| 4.22585 |||| 4.22585 
1.32848  1.0273e-38  2.86066e-129  1.32848  1.0273e-38  2.86066e-129  |||| 1.86806 |||| 1.86806 
1.39431  1.40351e-26  1.73174e-32  1.39431  1.40351e-26  1.73174e-32  |||| 2.20877 |||| 2.20877 
1.69299  3.08335e-14  7.45277e-33  1.69299  3.08335e-14  7.45277e-33  |||| 3.61156 |||| 3.61156 
1.46692  1.22533e-21  6.87685e-105  1.46692  1.22533e-21  6.87685e-105  |||| 2.67893 |||| 2.67893 
1.77189  5.31084e-41  1.68681e-11  1.77189  5.31084e-41  1.68681e-11  |||| 4.213 |||| 4.213 
1.51998  2.6891e-21  6.67913e-80  1.51998  2.6891e-21  6.67913e-80  |||| 3.111 |||| 3.111 
1.88053  4.4129e-32  9.22254e-49  1.88053  4.4129e-32  9.22254e-49  |||| 5.04009 |||| 5.04009 
1.57728  0.027605  9.26492e-06  1.57728  0.027605  9.26492e-06  |||| 3.62047 |||| 3.62047 
1.92875  7.50401e-26  5.40361e-17  1.92875  7.50401e-26  5.40361e-17  |||| 5.64937 |||| 5.64937 
1.79282  1.28114e-149  4.38764e-23  1.79282  1.28114e-149  4.38764e-23  |||| 5.08636 |||| 5.08636 
1.77849  1.05157e-46  2.98183e-09  1.77849  1.05157e-46  2.98183e-09  |||| 5.18788 |||| 5.18788 
2.04245  1.25252e-14  7.73772e-124  2.04245  1.25252e-14  7.73772e-124  |||| 6.97388 |||| 6.97388 
1.8675  8.9953e-44  7.34633e-18  1.8675  8.9953e-44  7.34633e-18  |||| 6.14696 |||| 6.14696 
1.91634  2.366e-13  9.80192e-37  1.91634  2.366e-13  9.80192e-37  |||| 6.70972 |||| 6.70972 
1.60586  5.10318e-220  2.3084e-48  1.60586  5.10318e-220  2.3084e-48  |||| 4.88044 |||| 4.88044 
2.30129  6.85955e-08  4.21515e-39  2.30129  6.85955e-08  4.21515e-39  |||| 10.0049 |||| 10.0049 
1.78794  4.27189e-20  1.9306e-27  1.78794  4.27189e-20  1.9306e-27  |||| 6.65724 |||| 6.65724 
1.30131  8.12617e-22  5.18445e-77  1.30131  8.12617e-22  5.18445e-77  |||| 3.20547 |||| 3.20547 
1.83636  0.0103559  8.68302e-21  1.83636  0.0103559  8.68302e-21  |||| 7.68675 |||| 7.68675 
1.64877  3.39577e-85  6.41843e-24  1.64877  3.39577e-85  6.41843e-24  |||| 6.47634 |||| 6.47634 
1.6959  2.39225e-18  1.83671e-54  1.6959  2.39225e-18  1.83671e-54  |||| 7.23433 |||| 7.23433 
1.9713  2.33285e-58  2.18686e-16  1.9713  2.33285e-58  2.18686e-16  |||| 10.2231 |||| 10.2231 
2.01978  4.59807e-69  1.16784e-52  2.01978  4.59807e-69  1.16784e-52  |||| 11.2913 |||| 11.2913 
1.51212  3.13189e-05  0.00162847  1.51212  3.13189e-05  0.00162847  |||| 6.61105 |||| 6.61105 
1.73319  1.12313e-123  1.7588e-93  1.73319  1.12313e-123  1.7588e-93  |||| 9.51616 |||| 9.51616 
1.56416  1.75193e-55  1.9638e-84  1.56416  1.75193e-55  1.9638e-84  |||| 8.13257 |||| 8.13257 
1.72075  3.55402e-78  9.83618e-89  1.72075  3.55402e-78  9.83618e-89  |||| 10.7324 |||| 10.7324 
2.12997  6.37846e-46  2.75719e-48  2.12997  6.37846e-46  2.75719e-48  |||| 17.2293 |||| 17.2293 
1.46604  2.22737e-210  2.43098e-39  1.46604  2.22737e-210  2.43098e-39  |||| 8.70027 |||| 8.70027 
1.6906  8.07486e-40  2.20642e-16  1.6906  8.07486e-40  2.20642e-16  |||| 13.1562 |||| 13.1562 
2.05592  0.058038  1.13037e-89  2.05592  0.058038  1.13037e-89  |||| 21.0117 |||| 21.0117 
0.886127  1.31579  5.5298e-105  0.886127  1.31579  5.5298e-105  |||| 1.54199 |||| 1.54199 
1.83383  9.80417e-28  4.26193e-23  1.83383  9.80417e-28  4.26193e-23  |||| 21.1452 |||| 21.1452 
2.00961  0.00357374  5.40577e-41  2.00961  0.00357374  5.40577e-41  |||| 28.4877 |||| 28.4877 
2.37807  7.61126e-122  4.67768e-16  2.37807  7.61126e-122  4.67768e-16  |||| 43.7697 |||| 43.7697 
2.05076  3.04327e-55  1.7925e-129  2.05076  3.04327e-55  1.7925e-129  |||| 40.489 |||| 40.489 
2.0399  0.000670506  1.21668e-36  2.0399  0.000670506  1.21668e-36  |||| 49.157 |||| 49.157 
1.907  1.07022e-41  1.69488e-29  1.907  1.07022e-41  1.69488e-29  |||| 56.0703 |||| 56.0703 
1.4026  2.04471e-133  1.93337e-26  1.4026  2.04471e-133  1.93337e-26  |||| 39.8185 |||| 39.8185 
1.7628  0.000219687  1.44887e-09  1.7628  0.000219687  1.44887e-09  |||| 112.943 |||| 112.943 
1.58047  7.58311e-15  0.00393852  1.58047  7.58311e-15  0.00393852  |||| 269.058 |||| 269.058 
1  9.9834e-05  9.98077e-05  1  9.9834e-05  9.98077e-05  |||| 1 |||| 1 
8.6728e-05  1  9.99162e-05  0.95573  0.294601  9.99266e-05  |||| 1 |||| 9557.3 
9.4689e-05  9.04226e-05  1  0.734153  0.0190706  0.679887  |||| 1 |||| 7341.53 
0.998511  0.0385568  0.0385954  0.998511  0.0385568  0.0385954  |||| 1.07574 |||| 1.07574 
0.993763  0.105801  0.035239  0.993763  0.105801  0.035239  |||| 1.13489 |||| 1.13489 
0.988771  0.0472596  0.141769  0.933335  0.0446099  0.356223  |||| 1.17787 |||| 2.95854 
0.979194  0.200891  0.0286731  0.997051  0.0753271  0.0286818  |||| 1.20881 |||| 1.23086 
0.980573  0.100916  0.168205  0.778403  0.0801098  0.622633  |||| 1.24975 |||| 4.62522 
0.975028  0.190458  0.114223  0.452309  0.0157901  0.891733  |||| 1.27977 |||| 9.98638 
0.955504  0.0417154  0.292014  0.958961  0.0418663  0.29307  |||| 1.28924 |||| 1.2939 
0.940345  0.339469  0.0226253  0.927217  0.33473  0.168  |||| 1.30253 |||| 9.66682 
0.957941  0.176093  0.226583  0.998386  0.0171976  0.0541234  |||| 1.36076 |||| 1.41821 
0.945633  0.296072  0.134604  0.946558  0.296362  0.134736  |||| 1.37637 |||| 1.37772 
0.925628  0.0850228  0.36876  0.517881  0.0984786  0.85122  |||| 1.3795 |||| 3.18427 
0.916067  0.390763  0.0901419  0.935392  0.341931  0.0901419  |||| 1.39713 |||| 1.4266 
0.921055  0.16102  0.354584  0.921055  0.16102  0.354584  |||| 1.43686 |||| 1.43686 
0.92066  0.308148  0.239646  0.0917899  0.992132  0.0851422  |||| 1.4685 |||| 4.72788 
0.860433  0.0333301  0.508472  0.783683  0.060907  0.618167  |||| 1.40281 |||| 2.52052 
0.8402  0.541994  0.0174766  0.840724  0.542332  0.0174875  |||| 1.39973 |||| 1.4006 
0.895422  0.294503  0.333896  0.927701  0.30512  0.221213  |||| 1.52396 |||| 1.57889 
0.868861  0.461067  0.180272  0.65614  0.598182  0.462082  |||| 1.51041 |||| 3.86806 
0.846531  0.14319  0.512719  0.85393  0.08551  0.513314  |||| 1.50285 |||| 1.51599 
0.820216  0.56249  0.104166  0.994501  0.0107986  0.104166  |||| 1.48688 |||| 1.80282 
0.846008  0.247422  0.472284  0.390446  0.874215  0.288618  |||| 1.56586 |||| 5.53202 
0.842327  0.444829  0.304321  0.1715  0.937005  0.304322  |||| 1.59169 |||| 3.352 
0.763273  0.0662262  0.642673  0.430552  0.466804  0.772521  |||| 1.47244 |||| 10.3385 
0.749553  0.658433  0.0680831  0.75048  0.659247  0.0681673  |||| 1.4761 |||| 1.47793 
0.808913  0.331966  0.485241  0.782234  0.321018  0.533908  |||| 1.62619 |||| 1.78923 
0.7887  0.544675  0.285101  0.999856  0.0185139  0.0194029  |||| 1.61876 |||| 2.05193 
0.728746  0.124534  0.673365  0.606239  0.794673  0.03111  |||| 1.52686 |||| 9.73042 
0.734422  0.653566  0.182962  0.746367  0.664196  0.0437109  |||| 1.57116 |||| 1.59671 
0.738383  0.245384  0.628153  0.738393  0.245387  0.628161  |||| 1.61236 |||| 1.61238 
0.754122  0.492316  0.434656  0.0421097  0.288073  0.956682  |||| 1.68143 |||| 3.70086 
0.628609  0.0215938  0.777421  0.970442  0.0198685  0.24095  |||| 1.43114 |||| 2.20928 
0.608412  0.793521  0.0125932  0.60871  0.793911  0.0125994  |||| 1.41458 |||| 1.41528 
0.716986  0.477304  0.508048  0.431806  0.287457  0.855756  |||| 1.70239 |||| 2.86721 
0.668197  0.699675  0.252918  0.873801  0.244879  0.420126  |||| 1.62122 |||| 2.69137 
0.64561  0.222947  0.730399  0.64561  0.222947  0.730399  |||| 1.59963 |||| 1.59963 
0.600018  0.789493  0.129149  0.600018  0.789493  0.129149  |||| 1.51889 |||| 1.51889 
0.651212  0.371027  0.662014  0.651212  0.371027  0.662014  |||| 1.68462 |||| 1.68462 
0.643411  0.644575  0.412971  0.665905  0.667109  0.337986  |||| 1.70121 |||| 1.76069 
0.547625  0.101153  0.830587  0.340832  0.0629559  0.938014  |||| 1.48029 |||| 1.67174 
0.522575  0.84955  0.0719784  0.522575  0.84955  0.0719784  |||| 1.44412 |||| 1.44412 
0.607487  0.468236  0.64165  0.211871  0.936155  0.280579  |||| 1.71767 |||| 3.43417 
0.577358  0.733682  0.358286  0.577358  0.733682  0.358286  |||| 1.66948 |||| 1.66948 
0.516952  0.173519  0.838243  1.00079  4.9519e-05  9.78444e-05  |||| 1.52921 |||| 2.96026 
0.514429  0.830957  0.211832  0.516514  0.834325  0.242755  |||| 1.5573 |||| 1.78462 
0.528999  0.329935  0.781859  0.529499  0.330247  0.782598  |||| 1.64173 |||| 1.64328 
0.543596  0.646324  0.535508  0.543596  0.646324  0.535508  |||| 1.72561 |||| 1.72561 
0.422033  0.0443298  0.905496  0.994345  0.104445  0.0307725  |||| 1.37213 |||| 3.23232 
0.410013  0.910981  0.044754  0.992553  0.0620477  0.105657  |||| 1.36584 |||| 3.30607 
0.503858  0.551179  0.665078  0.94324  0.331876  0.0124986  |||| 1.72028 |||| 3.22043 
0.464039  0.816056  0.344559  0.464299  0.816513  0.344752  |||| 1.6247 |||| 1.62562 
0.42466  0.223597  0.877307  0.244879  0.412855  0.877466  |||| 1.52582 |||| 2.81691 
0.402913  0.896142  0.185987  0.522011  0.310172  0.794637  |||| 1.48512 |||| 6.34512 
0.433106  0.395671  0.809854  0.433106  0.395671  0.809854  |||| 1.63908 |||| 1.63908 
0.435656  0.727108  0.530583  0.435981  0.727649  0.530978  |||| 1.6935 |||| 1.69476 
0.339568  0.0780895  0.937334  0.955082  0.219638  0.202839  |||| 1.35647 |||| 3.81377 
0.337725  0.934235  0.114659  0.999205  0.0356538  0.0266082  |||| 1.38676 |||| 4.10209 
0.393638  0.496017  0.773962  0.393767  0.49618  0.774216  |||| 1.66417 |||| 1.66471 
0.376715  0.807885  0.453219  0.888149  0.0922003  0.453993  |||| 1.63799 |||| 3.86024 
0.313609  0.153048  0.937137  0.845257  0.11418  0.522019  |||| 1.4042 |||| 3.78343 
0.326704  0.90375  0.276587  0.867409  0.497236  0.0189331  |||| 1.50716 |||| 4.00096 
0.322303  0.321903  0.890224  0.698362  0.697495  0.160597  |||| 1.53493 |||| 3.32492 
0.339698  0.685435  0.644037  0.0908794  0.183374  0.97889  |||| 1.66985 |||| 2.53805 
0.242236  0.012996  0.97013  0.226957  0.0856594  0.97013  |||| 1.22777 |||| 6.8297 
0.231281  0.972857  0.0076595  0.535468  0.80399  0.25957  |||| 1.21186 |||| 41.0642 
0.30484  0.662814  0.683923  0.951787  0.0967342  0.292883  |||| 1.65175 |||| 5.15717 
0.266071  0.91058  0.316307  0.827954  0.506759  0.240183  |||| 1.49303 |||| 4.64467 
0.25259  0.294548  0.92165  0.646832  0.754276  0.11259  |||| 1.46886 |||| 3.76143 
0.220895  0.964064  0.147602  0.220895  0.964064  0.147602  |||| 1.33268 |||| 1.33268 
0.251373  0.485408  0.837371  0.251606  0.48586  0.838149  |||| 1.57465 |||| 1.57611 
0.242221  0.824502  0.511395  0.538922  0.0514261  0.840784  |||| 1.57822 |||| 3.50998 
0.19034  0.12917  0.973183  0.229972  0.00518939  0.973183  |||| 1.29306 |||| 1.55943 
0.173857  0.98197  0.0742191  0.174026  0.982926  0.0742914  |||| 1.23025 |||| 1.23145 
0.213588  0.587839  0.780273  0.341443  0.939723  0.0183773  |||| 1.58252 |||| 2.52967 
0.193404  0.887498  0.418262  0.193503  0.887951  0.418476  |||| 1.50009 |||| 1.50085 
0.165531  0.21053  0.963471  0.0342053  0.0435041  0.998468  |||| 1.34019 |||| 1.38887 
0.158682  0.959485  0.232826  0.163123  0.98634  0.0245929  |||| 1.35152 |||| 1.38935 
0.163078  0.39563  0.903816  0.945781  0.0666948  0.317884  |||| 1.46371 |||| 8.44938 
0.164396  0.769169  0.617537  0.164396  0.769169  0.617537  |||| 1.55143 |||| 1.55143 
0.116748  0.0573404  0.991505  0.597269  0.404315  0.692675  |||| 1.16592 |||| 8.21832 
0.108094  0.993321  0.0403547  0.0614079  0.564304  0.824849  |||| 1.14182 |||| 23.3247 
0.135616  0.643878  0.753014  0.879863  0.277341  0.386941  |||| 1.53339 |||| 9.88463 
0.117138  0.919977  0.374061  0.117176  0.920275  0.374182  |||| 1.41175 |||| 1.41221 
0.101884  0.256558  0.961144  0.985203  0.090366  0.149069  |||| 1.3208 |||| 12.6688 
0.0904156  0.977277  0.191716  0.0904156  0.977277  0.191716  |||| 1.26005 |||| 1.26005 
0.0947041  0.44927  0.888362  0.967948  0.251011  0.00863136  |||| 1.4333 |||| 14.5219 
0.0903371  0.813353  0.574714  0.817004  0.0469883  0.574714  |||| 1.47853 |||| 13.3611 
0.063829  0.0930685  0.993612  0.291421  0.891174  0.347816  |||| 1.15112 |||| 10.9814 
0.0580518  0.991998  0.112113  0.943576  0.31415  0.112203  |||| 1.16253 |||| 18.7849 
0.0617503  0.551082  0.832163  0.0617503  0.551082  0.832163  |||| 1.44824 |||| 1.44824 
0.0554791  0.877823  0.475761  0.948408  0.0339205  0.315232  |||| 1.40933 |||| 24.0484 
0.038657  0.171533  0.98442  0.6275  0.773026  0.100137  |||| 1.19681 |||| 18.4093 
0.0358949  0.959065  0.280902  0.0373497  0.997934  0.0792119  |||| 1.27673 |||| 1.32847 
0.0293056  0.352051  0.935522  0.68168  0.731649  0.00140403  |||| 1.31855 |||| 29.0431 
0.0224187  0.739254  0.673053  0.71506  0.190828  0.6735  |||| 1.4385 |||| 39.2739 
0.0133981  0.0237662  0.999628  0.330712  0.321355  0.887438  |||| 1.03707 |||| 25.4969 
0.00766571  0.999683  0.0239648  0.000191593  0.0249856  0.999809  |||| 1.03168 |||| 42.9922 
4.12222e-17  0.673209  0.739452  0.285086  0.407016  0.868241  |||| 1.41634 |||| 110.471 
