6.11975  7.06882  6.11975  7.06882  |||| 49102.3 |||| 49102.3 
8.96783  7.12189  8.96783  7.12189  |||| 58958.1 |||| 58958.1 
6.98414  8.95334  6.98414  8.95334  |||| 1331.77 |||| 1331.77 
9.29262  6.71055  9.29262  6.71055  |||| 297.395 |||| 297.395 
5.05808  8.64578  5.05808  8.64578  |||| 254.298 |||| 254.298 
7.60509  9.04818  7.60509  9.04818  |||| 192.909 |||| 192.909 
4.97845  10.9877  4.97845  10.9877  |||| 192.278 |||| 192.278 
4.45414  6.10211  4.45414  6.10211  |||| 70.2663 |||| 70.2663 
12.6957  10.5823  12.6957  10.5823  |||| 127.003 |||| 127.003 
5.16927  5.93121  5.16927  5.93121  |||| 49.2956 |||| 49.2956 
8.16729  9.6634  8.16729  9.6634  |||| 86.5261 |||| 86.5261 
10.3622  4.65266  10.3622  4.65266  |||| 25.7283 |||| 25.7283 
6.21603  7.71402  6.21603  7.71402  |||| 51.8507 |||| 51.8507 
7.31328  4.2504  7.31328  4.2504  |||| 17.8259 |||| 17.8259 
7.50732  10.1006  7.50732  10.1006  |||| 62.2655 |||| 62.2655 
8.27484  4.60996  8.27484  4.60996  |||| 17.7951 |||| 17.7951 
9.10716  6.08656  9.10716  6.08656  |||| 26.5477 |||| 26.5477 
9.39687  9.74182  9.39687  9.74182  |||| 47.9457 |||| 47.9457 
7.37406  9.08167  7.37406  9.08167  |||| 41.119 |||| 41.119 
5.83087  5.63949  5.83087  5.63949  |||| 19.4931 |||| 19.4931 
6.72544  9.56157  6.72544  9.56157  |||| 39.2157 |||| 39.2157 
9.50487  6.78962  9.50487  6.78962  |||| 23.2738 |||| 23.2738 
7.60718  7.35957  7.60718  7.35957  |||| 24.8632 |||| 24.8632 
10.6833  8.29634  10.6833  8.29634  |||| 27.9767 |||| 27.9767 
8.47203  7.53361  8.47203  7.53361  |||| 23.4112 |||| 23.4112 
6.52787  6.0615  6.52787  6.0615  |||| 16.2759 |||| 16.2759 
4.95563  6.833  4.95563  6.833  |||| 18.6976 |||| 18.6976 
4.62394  11.3729  4.62394  11.3729  |||| 35.4119 |||| 35.4119 
8.60892  8.67239  8.60892  8.67239  |||| 24.0888 |||| 24.0888 
9.24339  8.88796  9.24339  8.88796  |||| 23.9811 |||| 23.9811 
5.0181  9.76316  5.0181  9.76316  |||| 26.1491 |||| 26.1491 
6.99187  4.59117  6.99187  4.59117  |||| 8.08112 |||| 8.08112 
7.289  7.16891  7.289  7.16891  |||| 16.0988 |||| 16.0988 
6.0646  7.97915  6.0646  7.97915  |||| 18.1084 |||| 18.1084 
7.35269  6.502  7.35269  6.502  |||| 13.0971 |||| 13.0971 
7.67936  8.5415  7.67936  8.5415  |||| 18.6724 |||| 18.6724 
7.67605  9.89141  7.67605  9.89141  |||| 21.9657 |||| 21.9657 
6.619  11.1709  6.619  11.1709  |||| 24.879 |||| 24.879 
9.30318  5.84336  9.30318  5.84336  |||| 9.92932 |||| 9.92932 
4.2959  7.85121  4.2959  7.85121  |||| 14.8767 |||| 14.8767 
12.6668  6.70029  12.6668  6.70029  |||| 15.8031 |||| 15.8031 
7.12316  4.92647  7.12316  4.92647  |||| 6.86714 |||| 6.86714 
4.3029  8.85641  4.3029  8.85641  |||| 16.2071 |||| 16.2071 
7.70685  11.5312  7.70685  11.5312  |||| 22.133 |||| 22.133 
5.80597  6.69285  5.80597  6.69285  |||| 10.4555 |||| 10.4555 
8.19014  7.69796  8.19014  7.69796  |||| 12.4795 |||| 12.4795 
5.4466  11.1205  5.4466  11.1205  |||| 19.7364 |||| 19.7364 
9.19601  7.79595  9.19601  7.79595  |||| 12.142 |||| 12.142 
4.16999  9.71309  4.16999  9.71309  |||| 15.9213 |||| 15.9213 
5.29732  8.12745  5.29732  8.12745  |||| 12.3147 |||| 12.3147 
11.4386  9.60436  11.4386  9.60436  |||| 16.5641 |||| 16.5641 
4.58281  10.6507  4.58281  10.6507  |||| 16.8127 |||| 16.8127 
7.95998  8.073  7.95998  8.073  |||| 11.4775 |||| 11.4775 
5.71591  8.33186  5.71591  8.33186  |||| 11.7472 |||| 11.7472 
6.80569  8.63478  6.80569  8.63478  |||| 12.0889 |||| 12.0889 
5.9052  6.68867  5.9052  6.68867  |||| 8.2981 |||| 8.2981 
6.55993  9.54051  6.55993  9.54051  |||| 13.2739 |||| 13.2739 
10.531  9.72347  10.531  9.72347  |||| 17.1994 |||| 17.1994 
10.0194  8.93177  10.0194  8.93177  |||| 16.4059 |||| 16.4059 
8.53304  7.92595  8.53304  7.92595  |||| 13.2143 |||| 13.2143 
6.53543  4.9104  6.53543  4.9104  |||| 8.59275 |||| 8.59275 
8.15431  8.39215  8.15431  8.39215  |||| 12.9367 |||| 12.9367 
7.86465  7.35107  7.86465  7.35107  |||| 12.5247 |||| 12.5247 
5.78859  9.05929  5.78859  9.05929  |||| 10.9962 |||| 10.9962 
10.117  8.23751  10.117  8.23751  |||| 19.448 |||| 19.448 
5.54483  6.48604  5.54483  6.48604  |||| 7.02419 |||| 7.02419 
5.65968  5.05295  5.65968  5.05295  |||| 7.56985 |||| 7.56985 
9.96102  10.2257  9.96102  10.2257  |||| 20.7729 |||| 20.7729 
9.54247  7.76022  9.54247  7.76022  |||| 20.1303 |||| 20.1303 
9.2231  5.74951  9.2231  5.74951  |||| 19.7641 |||| 19.7641 
10.2405  7.40792  10.2405  7.40792  |||| 23.814 |||| 23.814 
6.43171  8.65666  6.43171  8.65666  |||| 11.5526 |||| 11.5526 
8.3978  3.17341  8.3978  3.17341  |||| 18.9791 |||| 18.9791 
6.61987  7.5389  6.61987  7.5389  |||| 13.1203 |||| 13.1203 
6.42534  9.37486  6.42534  9.37486  |||| 12.8873 |||| 12.8873 
8.20552  5.28206  8.20552  5.28206  |||| 20.534 |||| 20.534 
8.26093  6.0948  8.26093  6.0948  |||| 21.6388 |||| 21.6388 
8.51329  8.48938  8.51329  8.48938  |||| 23.6997 |||| 23.6997 
8.72637  7.55784  8.72637  7.55784  |||| 25.7733 |||| 25.7733 
11.7592  7.68701  11.7592  7.68701  |||| 41.5288 |||| 41.5288 
8.30787  8.28144  8.30787  8.28144  |||| 26.3134 |||| 26.3134 
7.92248  8.19682  7.92248  8.19682  |||| 25.6942 |||| 25.6942 
7.172  5.70211  7.172  5.70211  |||| 22.9599 |||| 22.9599 
7.71714  6.00624  7.71714  6.00624  |||| 27.5892 |||| 27.5892 
5.48982  8.25079  5.48982  8.25079  |||| 15.2867 |||| 15.2867 
10.4722  2.15859  10.4722  2.15859  |||| 50.0153 |||| 50.0153 
5.76736  8.27046  5.76736  8.27046  |||| 19.5661 |||| 19.5661 
5.82178  8.86938  5.82178  8.86938  |||| 21.5581 |||| 21.5581 
5.88452  6.61385  5.88452  6.61385  |||| 23.9673 |||| 23.9673 
7.22203  9.24614  7.22203  9.24614  |||| 38.7333 |||| 38.7333 
13.6531  6.2197  13.6531  6.2197  |||| 109.152 |||| 109.152 
3.07203  9.99534  3.07203  9.99534  |||| 8.58102 |||| 8.58102 
11.8068  5.62441  11.8068  5.62441  |||| 114.134 |||| 114.134 
8.95073  5.20556  8.95073  5.20556  |||| 88.6328 |||| 88.6328 
8.92678  8.90828  8.92678  8.90828  |||| 104.321 |||| 104.321 
7.42124  4.75765  7.42124  4.75765  |||| 94.7161 |||| 94.7161 
6.77714  6.23089  6.77714  6.23089  |||| 103.743 |||| 103.743 
7.2226  7.87562  7.2226  7.87562  |||| 162.702 |||| 162.702 
7.296  7.93089  7.296  7.93089  |||| 275.967 |||| 275.967 
7.12372  6.10418  7.12372  6.10418  |||| 794.131 |||| 794.131 
0.999862  0.00180777  1.36263  0.328581  |||| 0.999784 |||| 3268.72 
0.000129521  1  0.000129521  1.24124  |||| 0.998291 |||| 1.23953 
0.999474  0.00514404  4.85247  0.149041  |||| 1.00452 |||| 28.8771 
0.996411  0.0170055  1.91307  1.00846  |||| 1.01182 |||| 65.7748 
0.996365  0.0245247  1.58832  0.588399  |||| 1.02237 |||| 22.9982 
0.993827  0.0364584  2.63181  1.03519  |||| 1.03055 |||| 28.9375 
0.97259  0.0484463  5.12053  4.20959  |||| 1.01932 |||| 91.6382 
0.963032  0.0583381  4.31606  2.97195  |||| 1.02021 |||| 52.9244 
0.96188  0.0694988  8.48346  7.40692  |||| 1.03013 |||| 111.648 
0.961642  0.0791731  14.1455  12.3781  |||| 1.04125 |||| 161.718 
0.960486  0.0867184  1.44096  0.405045  |||| 1.05162 |||| 4.65023 
0.960486  0.0867184  2.18626  0.0867184  |||| 1.0635 |||| 2.42086 
0.960486  0.0867184  5.04508  4.65468  |||| 1.07566 |||| 43.4277 
0.960486  0.0867184  3.29106  2.6798  |||| 1.08809 |||| 22.822 
0.960486  0.0867184  11.5431  11.8509  |||| 1.10082 |||| 92.8976 
0.960486  0.0867184  17.7004  18.1025  |||| 1.11385 |||| 131.399 
0.960486  0.0867184  6.57944  10.2636  |||| 1.12719 |||| 69.3566 
0.960486  0.0867184  0.343196  0.739192  |||| 1.14085 |||| 4.6628 
0.960486  0.0867184  4.48283  4.4088  |||| 1.15485 |||| 26.1755 
0.960486  0.0867184  2.25206  2.02069  |||| 1.16919 |||| 11.3063 
0.88265  0.221087  10.9239  13.1314  |||| 1.16211 |||| 69.5519 
0.88265  0.221087  15.0871  15.7539  |||| 1.10251 |||| 79.1645 
0.825959  0.221718  1.12325  0.757243  |||| 1.05175 |||| 3.61181 
0.789277  0.223686  3.30086  3.43204  |||| 1.0118 |||| 15.6359 
0.775937  0.231641  8.5028  9.12369  |||| 1.00708 |||| 39.7313 
0.767824  0.244424  3.28556  1.203  |||| 1.01217 |||| 5.00962 
0.767824  0.244424  12.9315  14.4566  |||| 1.02366 |||| 57.8197 
0.758255  0.266766  8.83211  6.27028  |||| 1.02485 |||| 24.091 
0.758255  0.281757  14.223  15.6966  |||| 1.03918 |||| 58.0415 
0.758255  0.281757  7.2281  5.56706  |||| 1.05392 |||| 19.8329 
0.758255  0.281757  1.27012  0.757626  |||| 1.06908 |||| 2.5993 
0.758255  0.281757  0.767942  1.01415  |||| 1.08469 |||| 3.36336 
0.758255  0.281757  7.24834  6.63518  |||| 1.10076 |||| 21.3141 
0.758255  0.281757  3.5629  1.73208  |||| 1.11731 |||| 5.38337 
0.758255  0.281757  1.7019  2.93503  |||| 1.13437 |||| 8.84507 
0.758255  0.281757  1.12918  0.54389  |||| 1.15196 |||| 1.71554 
0.758255  0.281757  0.0572094  1.80985  |||| 1.1701 |||| 5.13617 
0.758255  0.281757  1.47682  1.03471  |||| 1.18882 |||| 2.85165 
0.758255  0.281757  2.63378  2.29261  |||| 1.20815 |||| 6.1509 
0.758255  0.281757  1.13393  0.64265  |||| 1.22812 |||| 1.83665 
0.758255  0.281757  4.46307  3.60457  |||| 1.24876 |||| 9.17093 
0.758255  0.281757  1.36  0.570662  |||| 1.27011 |||| 2.27816 
0.758255  0.281757  0.343196  0.662865  |||| 1.2922 |||| 1.59984 
0.498576  0.553595  1.49482  2.13988  |||| 1.30325 |||| 5.04918 
0.498576  0.553595  7.52049  6.71095  |||| 1.27259 |||| 15.4707 
0.498576  0.553595  18.2933  17.9633  |||| 1.24333 |||| 40.4652 
0.498576  0.553595  8.31468  10.1094  |||| 1.21539 |||| 22.2596 
0.498576  0.553595  15.8633  15.7337  |||| 1.18868 |||| 33.8842 
0.498576  0.553595  0.767824  0.244424  |||| 1.16312 |||| 1.46095 
0.498576  0.553595  0.498576  1.00052  |||| 1.13863 |||| 2.0607 
0.498576  0.553595  2.14898  4.10491  |||| 1.11515 |||| 8.291 
0.498576  0.553595  3.30293  4.99462  |||| 1.09262 |||| 9.88496 
0.498576  0.553595  0.969954  1.53146  |||| 1.07099 |||| 2.96863 
0.495755  0.553636  1.80801  3.41958  |||| 1.05027 |||| 6.50391 
0.476748  0.554948  10.9142  11.4006  |||| 1.03271 |||| 23.5074 
0.45979  0.556064  3.896  3.79174  |||| 1.01545 |||| 8.57977 
0.443869  0.557745  0.443869  0.581359  |||| 0.999846 |||| 1.04231 
0.438966  0.572977  10.489  9.81923  |||| 1.01202 |||| 24.1863 
0.431947  0.590548  1.01122  1.32201  |||| 1.02135 |||| 2.38776 
0.425035  0.603409  1.21927  1.30069  |||| 1.02829 |||| 2.95014 
0.424857  0.623485  9.85072  9.96822  |||| 1.05388 |||| 24.4396 
0.424843  0.652723  8.14054  9.24548  |||| 1.08122 |||| 20.7212 
0.343196  0.662865  4.21748  5.18766  |||| 1.07096 |||| 11.0215 
0.343196  0.662865  0.902264  0.662865  |||| 1.05355 |||| 2.42231 
0.343196  0.662865  3.37611  1.40159  |||| 1.03669 |||| 9.31974 
0.343196  0.662865  0.709964  0.70695  |||| 1.02037 |||| 2.01649 
0.343196  0.662865  2.41842  5.06173  |||| 1.00455 |||| 7.6881 
0.33332  0.673156  2.52207  1.73706  |||| 1.00485 |||| 7.60478 
0.330045  0.697478  6.32959  3.71322  |||| 1.02656 |||| 19.6918 
0.329978  0.729358  0.917103  1.07523  |||| 1.06001 |||| 2.94651 
0.319001  0.741858  0.946239  5.86707  |||| 1.05947 |||| 8.39131 
0.318909  0.767528  0.762556  0.306055  |||| 1.09633 |||| 2.62186 
0.318858  0.813431  0.454894  0.662865  |||| 1.13602 |||| 1.6208 
0.318803  0.842563  8.05943  5.87788  |||| 1.17868 |||| 29.8044 
0.318803  0.842563  0.758255  0.281757  |||| 1.2249 |||| 2.91378 
0.318803  0.842563  8.58434  7.46472  |||| 1.2749 |||| 34.337 
0.00389023  1  12.8225  12.9316  |||| 1.31319 |||| 53.4722 
0.00389023  1  0.353898  1.89614  |||| 1.2958 |||| 2.459 
0.00389023  1  15.9387  16.7469  |||| 1.27886 |||| 72.6504 
0.00389023  1  1.01579  1.38179  |||| 1.26236 |||| 4.85559 
0.00389023  1  15.5237  15.6746  |||| 1.24628 |||| 78.0158 
0.00389023  1  5.61078  5.35282  |||| 1.2306 |||| 29.7215 
0.00389023  1  1.08173  1.00033  |||| 1.21531 |||| 6.05724 
0.00389023  1  0.688892  1.66497  |||| 1.2004 |||| 4.09114 
0.00389023  1  14.7709  13.6011  |||| 1.18585 |||| 93.39 
0.00389023  1  0.00766503  1.01271  |||| 1.17165 |||| 1.18657 
0.00389023  1  11.8264  12.8824  |||| 1.15778 |||| 85.8504 
0.00389023  1  0.928509  1.89038  |||| 1.14424 |||| 7.2789 
0.00389023  1  2.34284  3.24428  |||| 1.13101 |||| 19.9644 
0.00389023  1  0.00389023  2.36192  |||| 1.11809 |||| 2.64344 
0.00389023  1  8.85479  9.0436  |||| 1.10545 |||| 91.3433 
0.00389023  1  14.6629  12.6552  |||| 1.0931 |||| 169.054 
0.00389023  1  0.827621  2.45625  |||| 1.08102 |||| 10.8132 
0.00389023  1  9.5685  9.47274  |||| 1.06921 |||| 144.262 
0.00389023  1  3.57162  4.00545  |||| 1.05765 |||| 63.6385 
0.00389023  1  0.012693  1.00611  |||| 1.04634 |||| 1.05274 
0.00389023  1  0.384187  1.44338  |||| 1.03526 |||| 10.755 
0.00389023  1  11.5983  11.094  |||| 1.02442 |||| 454.651 
0.00389023  1  1.36643  0.440849  |||| 1.01381 |||| 89.2687 
0.00389023  1  5.02286  4.66468  |||| 1.00341 |||| 984.466 
