1.80093  3.21722  1.20841  1.80093  3.21722  1.20841  |||| 27222.5 |||| 27222.5 
2.12295  2.16958  3.56947  2.12295  2.16958  3.56947  |||| 26829.5 |||| 26829.5 
0.590143  0.590143  6.59014  0.590143  0.590143  6.59014  |||| 1111.79 |||| 1111.79 
0.730044  3.77986  4.10489  0.730044  3.77986  4.10489  |||| 91.5064 |||| 91.5064 
1.17595  2.05656  5.62781  1.17595  2.05656  5.62781  |||| 152.509 |||| 152.509 
1.09007  2.7924  5.38996  1.09007  2.7924  5.38996  |||| 57.2425 |||| 57.2425 
0.961597  3.93474  2.79617  0.961597  3.93474  2.79617  |||| 80.4259 |||| 80.4259 
0.50875  0.5101  6.50875  0.50875  0.5101  6.50875  |||| 41.7646 |||| 41.7646 
0.729455  1.01246  6.52625  0.729455  1.01246  6.52625  |||| 63.1584 |||| 63.1584 
0.65502  2.52258  5.66108  0.65502  2.52258  5.66108  |||| 62.6619 |||| 62.6619 
0.74158  1.07739  6.4044  0.74158  1.07739  6.4044  |||| 317.503 |||| 317.503 
0.727396  1.62634  6.06718  0.727396  1.62634  6.06718  |||| 31.1128 |||| 31.1128 
1.46037  4.10163  1.09637  1.46037  4.10163  1.09637  |||| 16.7632 |||| 16.7632 
0.613563  0.613563  6.61356  0.613563  0.613563  6.61356  |||| 21.4239 |||| 21.4239 
0.575099  0.586747  6.57358  0.575099  0.586747  6.57358  |||| 88.0893 |||| 88.0893 
0.521281  0.558234  6.50598  0.521281  0.558234  6.50598  |||| 22.7695 |||| 22.7695 
0.812851  0.900842  6.25494  0.812851  0.900842  6.25494  |||| 32.8917 |||| 32.8917 
1.32596  3.42122  3.46525  1.32596  3.42122  3.46525  |||| 121.097 |||| 121.097 
0.531148  0.585637  6.53046  0.531148  0.585637  6.53046  |||| 451.808 |||| 451.808 
0.567909  0.937188  6.53329  0.567909  0.937188  6.53329  |||| 25.7719 |||| 25.7719 
0.797341  1.79813  6.44355  0.797341  1.79813  6.44355  |||| 46.5175 |||| 46.5175 
0.88912  1.63103  6.27109  0.88912  1.63103  6.27109  |||| 15.782 |||| 15.782 
1.0438  4.20642  1.26089  1.0438  4.20642  1.26089  |||| 9.81066 |||| 9.81066 
1.27961  2.74644  5.13133  1.27961  2.74644  5.13133  |||| 14.2473 |||| 14.2473 
0.614255  3.07069  4.89208  0.614255  3.07069  4.89208  |||| 20.9429 |||| 20.9429 
0.951744  4.38245  1.13923  0.951744  4.38245  1.13923  |||| 86.0977 |||| 86.0977 
0.532987  0.874609  6.44174  0.532987  0.874609  6.44174  |||| 120.388 |||| 120.388 
1.41093  3.09344  3.85779  1.41093  3.09344  3.85779  |||| 12.727 |||| 12.727 
0.595951  4.24737  2.76351  0.595951  4.24737  2.76351  |||| 11.1521 |||| 11.1521 
0.494498  0.494969  6.49425  0.494498  0.494969  6.49425  |||| 12.7156 |||| 12.7156 
0.538108  0.54456  6.53648  0.538108  0.54456  6.53648  |||| 48.5083 |||| 48.5083 
0.743072  1.77601  6.30847  0.743072  1.77601  6.30847  |||| 13.9168 |||| 13.9168 
1.31696  2.17539  5.47465  1.31696  2.17539  5.47465  |||| 17.7488 |||| 17.7488 
0.556251  0.842155  6.53927  0.556251  0.842155  6.53927  |||| 19.8129 |||| 19.8129 
1.22596  1.95073  5.71152  1.22596  1.95073  5.71152  |||| 541.885 |||| 541.885 
1.77058  2.46455  4.20129  1.77058  2.46455  4.20129  |||| 11.1061 |||| 11.1061 
0.635975  0.64969  6.63594  0.635975  0.64969  6.63594  |||| 36.8314 |||| 36.8314 
0.525053  0.525559  6.52505  0.525053  0.525559  6.52505  |||| 12.3488 |||| 12.3488 
0.513941  0.513943  6.51394  0.513941  0.513943  6.51394  |||| 66.1483 |||| 66.1483 
0.602281  2.03667  6.20317  0.602281  2.03667  6.20317  |||| 13.5292 |||| 13.5292 
1.95181  2.96367  1.17918  1.95181  2.96367  1.17918  |||| 6.51561 |||| 6.51561 
0.534759  0.549276  6.53207  0.534759  0.549276  6.53207  |||| 10.0616 |||| 10.0616 
1.83997  2.54781  4.31844  1.83997  2.54781  4.31844  |||| 68.839 |||| 68.839 
0.556947  0.557199  6.55694  0.556947  0.557199  6.55694  |||| 15.1793 |||| 15.1793 
1.54687  1.06494  5.06417  1.54687  1.06494  5.06417  |||| 19.465 |||| 19.465 
0.550165  0.551401  6.55014  0.550165  0.551401  6.55014  |||| 10.3321 |||| 10.3321 
0.855976  0.976289  6.42478  0.855976  0.976289  6.42478  |||| 40.7147 |||| 40.7147 
0.656446  2.0407  6.12115  0.656446  2.0407  6.12115  |||| 10.9916 |||| 10.9916 
2.27346  2.16769  2.54823  2.27346  2.16769  2.54823  |||| 5.6948 |||| 5.6948 
0.633062  1.56897  6.39576  0.633062  1.56897  6.39576  |||| 33.092 |||| 33.092 
1.34718  2.08057  5.44234  1.34718  2.08057  5.44234  |||| 138.888 |||| 138.888 
1.47087  2.99467  4.06552  1.47087  2.99467  4.06552  |||| 8.22087 |||| 8.22087 
0.702608  3.69195  3.96069  0.702608  3.69195  3.96069  |||| 14.4957 |||| 14.4957 
0.776566  3.09931  4.9933  0.776566  3.09931  4.9933  |||| 17.7694 |||| 17.7694 
1.76497  3.27937  2.21375  1.76497  3.27937  2.21375  |||| 10.5978 |||| 10.5978 
1.19176  0.902353  5.94494  1.19176  0.902353  5.94494  |||| 10.2337 |||| 10.2337 
0.882305  2.82406  5.31124  0.882305  2.82406  5.31124  |||| 14.1225 |||| 14.1225 
1.61518  3.55065  3.01584  1.61518  3.55065  3.01584  |||| 52.1802 |||| 52.1802 
1.1076  1.96813  5.72345  1.1076  1.96813  5.72345  |||| 58.4643 |||| 58.4643 
0.955206  2.60405  5.5057  0.955206  2.60405  5.5057  |||| 9.93213 |||| 9.93213 
0.578564  0.8593  6.53458  0.578564  0.8593  6.53458  |||| 20.4128 |||| 20.4128 
0.75076  2.68312  5.42989  0.75076  2.68312  5.42989  |||| 20.0366 |||| 20.0366 
0.601051  0.60199  6.60021  0.601051  0.60199  6.60021  |||| 31.1268 |||| 31.1268 
0.577044  0.582722  6.57704  0.577044  0.582722  6.57704  |||| 9.81164 |||| 9.81164 
0.512055  1.36036  6.35134  0.512055  1.36036  6.35134  |||| 14.1691 |||| 14.1691 
1.33233  2.7968  4.89295  1.33233  2.7968  4.89295  |||| 183.527 |||| 183.527 
1.42521  2.94099  4.38163  1.42521  2.94099  4.38163  |||| 552.929 |||| 552.929 
0.592204  1.4437  6.39264  0.592204  1.4437  6.39264  |||| 13.2968 |||| 13.2968 
1.12304  1.3545  5.91261  1.12304  1.3545  5.91261  |||| 23.7242 |||| 23.7242 
0.645259  1.15635  6.5419  0.645259  1.15635  6.5419  |||| 9.01311 |||| 9.01311 
0.909711  3.6472  3.85706  0.909711  3.6472  3.85706  |||| 26.8121 |||| 26.8121 
0.838008  4.13843  2.88717  0.838008  4.13843  2.88717  |||| 11.8078 |||| 11.8078 
0.515493  4.13233  2.52966  0.515493  4.13233  2.52966  |||| 6.96245 |||| 6.96245 
0.845149  1.61838  6.35806  0.845149  1.61838  6.35806  |||| 11.2447 |||| 11.2447 
1.94967  1.90022  4.44796  1.94967  1.90022  4.44796  |||| 58.9964 |||| 58.9964 
2.22746  1.30463  3.48436  2.22746  1.30463  3.48436  |||| 12.9074 |||| 12.9074 
1.1412  2.6509  5.43513  1.1412  2.6509  5.43513  |||| 16.3135 |||| 16.3135 
0.61213  0.614048  6.61213  0.61213  0.614048  6.61213  |||| 7.96435 |||| 7.96435 
0.704478  3.11774  5.22349  0.704478  3.11774  5.22349  |||| 25.1691 |||| 25.1691 
1.1883  2.02965  5.53936  1.1883  2.02965  5.53936  |||| 7.53517 |||| 7.53517 
0.541862  1.76115  6.20496  0.541862  1.76115  6.20496  |||| 13.3615 |||| 13.3615 
0.601871  2.94044  5.25665  0.601871  2.94044  5.25665  |||| 49.708 |||| 49.708 
1.06764  2.01592  5.50092  1.06764  2.01592  5.50092  |||| 130.484 |||| 130.484 
0.545212  1.6166  6.19177  0.545212  1.6166  6.19177  |||| 10.8033 |||| 10.8033 
0.570415  2.55049  5.63778  0.570415  2.55049  5.63778  |||| 17.9318 |||| 17.9318 
1.05275  3.37416  4.24194  1.05275  3.37416  4.24194  |||| 14.8005 |||| 14.8005 
1.11666  2.10305  5.5009  1.11666  2.10305  5.5009  |||| 30.3143 |||| 30.3143 
0.6098  0.612354  6.6098  0.6098  0.612354  6.6098  |||| 9.23407 |||| 9.23407 
0.504714  2.87934  5.19118  0.504714  2.87934  5.19118  |||| 11.0733 |||| 11.0733 
0.944322  1.61434  6.11522  0.944322  1.61434  6.11522  |||| 13.7933 |||| 13.7933 
0.526192  0.527243  6.52583  0.526192  0.527243  6.52583  |||| 58.4621 |||| 58.4621 
1.1023  4.3872  0.88652  1.1023  4.3872  0.88652  |||| 13.9078 |||| 13.9078 
0.50924  3.38004  4.56127  0.50924  3.38004  4.56127  |||| 10.8818 |||| 10.8818 
0.894483  1.9102  6.03875  0.894483  1.9102  6.03875  |||| 12.1903 |||| 12.1903 
0.50823  1.00992  6.45944  0.50823  1.00992  6.45944  |||| 25.3262 |||| 25.3262 
0.832772  1.62587  6.19519  0.832772  1.62587  6.19519  |||| 15.0741 |||| 15.0741 
0.478964  0.564721  6.46709  0.478964  0.564721  6.46709  |||| 11.9272 |||| 11.9272 
0.823107  4.25971  2.65999  0.823107  4.25971  2.65999  |||| 162.74 |||| 162.74 
1.74731  0.772229  5.2497  1.74731  0.772229  5.2497  |||| 187.619 |||| 187.619 
0.60807  0.709019  6.60557  0.60807  0.709019  6.60557  |||| 50.0285 |||| 50.0285 
2  0.000199953  0.00016057  2.01633  0.0165306  0.0164918  |||| 2 |||| 165.299 
0.00017704  4  0.000394777  0.101439  3.8567  1.58098  |||| 4 |||| 15809.8 
0.000361699  0.000600192  6  0.000879636  0.000826445  6.00062  |||| 6 |||| 8.75734 
1.99946  0.0772443  0.0773024  1.93589  1.01457  0.0836425  |||| 2.15411 |||| 28.2626 
1.99703  0.21264  0.0708349  1.66505  2.21551  0.064992  |||| 2.28063 |||| 23.7549 
1.99715  0.0953626  0.286437  1.99187  0.342272  0.284804  |||| 2.37908 |||| 8.52799 
1.98947  0.407999  0.0583056  1.15608  0.711798  4.78914  |||| 2.456 |||| 201.697 
1.99411  0.205252  0.342101  1.92702  0.198394  1.57876  |||| 2.54151 |||| 11.7278 
1.98905  0.38826  0.232601  1.80949  1.70609  0.221609  |||| 2.6107 |||| 11.4637 
1.98924  0.0867656  0.60789  1.96958  0.611029  0.596758  |||| 2.68403 |||| 18.8834 
1.96812  0.710594  0.047355  1.87558  1.37997  0.23491  |||| 2.72617 |||| 13.5169 
1.98549  0.365103  0.46958  1.60661  1.62132  2.63316  |||| 2.82038 |||| 15.8136 
1.97377  0.618019  0.280664  1.45693  2.73922  0.258795  |||| 2.87281 |||| 12.7314 
1.98054  0.182049  0.788999  1.0048  1.13021  4.92766  |||| 2.95167 |||| 18.4336 
1.95498  0.834112  0.19248  1.10023  1.41877  4.53664  |||| 2.98161 |||| 70.2701 
1.97632  0.345755  0.760546  1.05777  1.38108  4.6518  |||| 3.08308 |||| 18.8486 
1.96539  0.65778  0.511649  1.82388  1.53145  0.885529  |||| 3.13489 |||| 7.29792 
1.96194  0.0771994  1.15925  1.83127  0.928414  1.97118  |||| 3.19862 |||| 38.4206 
1.90339  1.22788  0.0395948  1.90339  1.22788  0.0395948  |||| 3.17095 |||| 3.17095 
1.9588  0.64441  0.73044  1.8345  1.52425  0.703962  |||| 3.33376 |||| 7.88422 
1.92879  1.0236  0.400509  1.60339  0.872864  3.378  |||| 3.35296 |||| 28.277 
1.9537  0.331322  1.18337  1.99821  0.113449  0.187912  |||| 3.46842 |||| 3.54744 
1.89036  1.29639  0.239968  1.63233  2.30755  0.228094  |||| 3.42682 |||| 6.09965 
1.94623  0.569034  1.08676  1.9505  0.596032  1.08938  |||| 3.60225 |||| 3.77168 
1.92071  1.01455  0.69413  1.62005  1.77418  2.36732  |||| 3.62944 |||| 12.3774 
1.92392  0.167567  1.61977  1.92355  0.167535  1.62369  |||| 3.71141 |||| 3.72005 
1.83047  1.60786  0.166318  1.54291  1.67079  2.88481  |||| 3.60475 |||| 62.5169 
1.92266  0.788834  1.15333  1.92266  0.788834  1.15333  |||| 3.8652 |||| 3.8652 
1.87839  1.29677  0.679176  1.8421  1.30545  1.28866  |||| 3.85488 |||| 7.3116 
1.90506  0.325938  1.76007  1.93911  0.331769  1.38259  |||| 3.99115 |||| 4.06248 
1.82213  1.62106  0.453866  1.81774  1.61708  0.617289  |||| 3.89719 |||| 5.2998 
1.89993  0.632464  1.61631  1.58252  2.15457  1.7904  |||| 4.14873 |||| 14.1329 
1.87025  1.22162  1.07784  1.85383  1.31963  1.0735  |||| 4.16976 |||| 4.50431 
1.84878  0.068735  2.28633  1.68262  0.662133  3.08749  |||| 4.20888 |||| 37.786 
1.67529  2.18474  0.0346541  1.67502  2.18635  0.131188  |||| 3.89476 |||| 14.7334 
1.85173  1.23256  1.31209  1.0186  2.5449  3.47776  |||| 4.39669 |||| 11.6522 
1.76104  1.84324  0.666588  1.90306  1.1646  0.615342  |||| 4.27097 |||| 4.61541 
1.84729  0.639672  2.08975  1.80482  0.779797  2.31989  |||| 4.5768 |||| 5.57886 
1.66779  2.19489  0.358806  1.85118  1.49404  0.371273  |||| 4.22185 |||| 4.68608 
1.82872  1.04271  1.85898  1.62999  0.929715  3.18595  |||| 4.73054 |||| 8.10725 
1.75638  1.75934  1.12772  1.87863  0.97151  1.5058  |||| 4.64367 |||| 6.19981 
1.77879  0.331275  2.69743  1.84336  1.4065  0.985492  |||| 4.80762 |||| 20.4117 
1.55099  2.5214  0.213542  1.45917  0.527008  4.02709  |||| 4.28609 |||| 80.7772 
1.7732  1.36592  1.87185  1.77494  1.37682  1.88319  |||| 5.01133 |||| 5.0507 
1.66305  2.11282  1.03176  0.812212  3.6415  0.577313  |||| 4.80774 |||| 8.28616 
1.74055  0.585638  2.82213  1.73166  0.707842  2.81111  |||| 5.1484 |||| 6.22179 
1.54708  2.49917  0.636904  1.76887  1.87102  0.65886  |||| 4.68339 |||| 5.35481 
1.72833  1.07699  2.55082  1.73098  1.07747  2.55058  |||| 5.35615 |||| 5.36436 
1.65468  1.96674  1.62943  1.21519  3.01103  1.55038  |||| 5.25109 |||| 8.03911 
1.62537  0.171426  3.48673  1.28015  0.134957  4.61464  |||| 5.28359 |||| 6.99274 
1.33773  2.97194  0.146145  1.33985  2.97446  0.14844  |||| 4.45583 |||| 4.52532 
1.6369  1.79066  2.16115  1.63729  1.79409  2.16667  |||| 5.58872 |||| 5.60299 
1.47673  2.59671  1.09634  1.40456  2.4698  2.12611  |||| 5.16986 |||| 10.0253 
1.61011  0.847442  3.32446  1.61012  0.847473  3.32451  |||| 5.78216 |||| 5.78231 
1.33042  2.95848  0.614017  1.30135  2.20679  3.15069  |||| 4.90292 |||| 25.158 
1.58261  1.44531  2.9594  0.905998  3.51428  0.908985  |||| 5.98764 |||| 14.558 
1.46625  2.44626  1.78512  1.81911  1.61928  0.612021  |||| 5.69773 |||| 7.06894 
1.46663  0.342637  4.04686  1.74624  1.75889  1.26945  |||| 5.85645 |||| 30.0356 
1.1694  3.23418  0.397165  1.15968  3.19635  1.0291  |||| 4.80078 |||| 12.4388 
1.48058  1.86397  2.90786  0.848014  3.13129  2.73254  |||| 6.25245 |||| 10.5033 
1.31596  2.82132  1.58261  1.30837  2.09904  3.31503  |||| 5.72005 |||| 11.9809 
1.39642  0.682647  4.17172  1.01442  2.04842  4.16631  |||| 6.25088 |||| 18.757 
1.15618  3.19797  0.978971  1.56996  1.55076  2.89932  |||| 5.33319 |||| 15.7947 
1.38199  1.37889  3.81222  1.49244  2.47191  1.49958  |||| 6.57317 |||| 11.7834 
1.28742  2.59432  2.43705  1.86956  0.963726  1.57816  |||| 6.31884 |||| 9.17593 
1.1989  0.0652738  4.80147  1.32586  0.0597951  4.49119  |||| 6.07659 |||| 6.72007 
0.858995  3.61222  0.0283265  1.90083  1.24377  0.0320647  |||| 4.49966 |||| 9.95706 
1.20789  2.62674  2.71017  0.943072  2.02113  4.33651  |||| 6.54484 |||| 10.4723 
0.989757  3.38629  1.17627  1.88223  1.24264  1.16448  |||| 5.55233 |||| 10.5589 
1.19113  1.38903  4.34631  1.19324  1.38989  4.34549  |||| 6.92682 |||| 6.937 
0.829868  3.6206  0.554366  1.33169  2.92005  1.03703  |||| 5.00497 |||| 9.3602 
1.12396  2.17223  3.74376  1.20508  1.28206  4.38677  |||| 7.04002 |||| 8.24917 
0.954676  3.2483  2.01435  0.991598  3.35214  1.41708  |||| 6.21774 |||| 6.45821 
0.99905  0.676777  5.09862  0.843789  1.46362  4.98155  |||| 6.77448 |||| 14.65 
0.667356  3.76596  0.284816  0.667356  3.76596  0.284816  |||| 4.71815 |||| 4.71815 
0.958701  2.62905  3.48946  1.13676  2.3773  3.41631  |||| 7.07722 |||| 8.39158 
0.770902  3.52144  1.65926  0.789864  3.59721  1.14622  |||| 5.95187 |||| 6.09827 
0.87955  1.12137  5.11939  0.926328  1.16395  5.02551  |||| 7.1211 |||| 7.49332 
0.622427  3.75258  0.910519  1.1663  1.88701  3.96811  |||| 5.28585 |||| 23.0285 
0.827464  2.00044  4.56512  1.05854  2.55377  3.4356  |||| 7.39311 |||| 9.45674 
0.706382  3.29936  2.64881  0.981859  2.99582  2.71156  |||| 6.65459 |||| 9.24978 
0.664925  0.326124  5.63751  0.183712  0.0906553  5.9742  |||| 6.62923 |||| 7.02514 
0.425279  3.90717  0.158747  0.421872  3.87554  0.776988  |||| 4.49127 |||| 21.9713 
0.634358  2.99248  3.49966  1.61769  0.700629  3.38053  |||| 7.12652 |||| 18.1736 
0.479372  3.74816  1.52386  0.478705  3.75008  1.52832  |||| 5.75167 |||| 5.76804 
0.570057  1.42706  5.33825  0.7701  2.66685  3.84265  |||| 7.33578 |||| 13.7089 
0.363024  3.90033  0.765307  0.932359  3.37635  1.6336  |||| 5.02886 |||| 12.9146 
0.497525  2.3422  4.62993  1.17528  2.97651  1.92594  |||| 7.47004 |||| 17.6323 
0.394012  3.54766  2.50701  1.05909  2.91422  2.6073  |||| 6.44901 |||| 17.3201 
0.375602  0.548523  5.83552  1.34447  2.68094  1.91032  |||| 6.76055 |||| 33.0356 
0.233019  3.96153  0.447752  0.233019  3.96153  0.447752  |||| 4.64255 |||| 4.64255 
0.325911  2.78163  4.19972  0.326264  2.76668  4.22606  |||| 7.30893 |||| 7.35478 
0.236453  3.73545  2.02525  1.96682  0.698974  0.321905  |||| 5.99721 |||| 49.8717 
0.237362  1.00465  5.76385  0.162804  1.09445  5.75317  |||| 7.00741 |||| 7.63335 
0.149861  3.91482  1.14662  0.150355  3.91699  1.15314  |||| 5.21149 |||| 5.24044 
0.159671  1.96011  5.20827  0.17443  1.98265  5.20781  |||| 7.34067 |||| 7.43146 
0.107356  3.41455  3.10877  0.111304  3.419  3.10814  |||| 6.64429 |||| 6.65296 
0.0804546  0.143705  5.99127  0.137282  0.266939  5.97591  |||| 6.21568 |||| 11.539 
0.0316801  3.99899  0.0959292  0.790984  3.68291  0.106636  |||| 4.127 |||| 101.903 
9.91951e-05  3.22733  3.54477  0.471699  3.04525  3.62398  |||| 6.78962 |||| 182.781 
