1 8.71967e-17 3.84079e-05
2.16252e-05 1 3.84079e-05
9.47981e-05 9.99921e-05 1
0.998518 0.0384308 0.0385381
0.99377 0.105756 0.0351822
0.98881 0.0472345 0.141507
0.979216 0.200806 0.028524
0.980587 0.100894 0.168134
0.975061 0.190328 0.114151
0.955513 0.0415266 0.292011
0.940327 0.33952 0.0226212
0.958001 0.176076 0.226342
0.945696 0.295898 0.13455
0.925639 0.0849517 0.368748
0.916042 0.390814 0.0901716
0.921034 0.161072 0.354617
0.920673 0.308112 0.239643
0.860413 0.0338116 0.508474
0.840233 0.541948 0.0173635
0.895402 0.294561 0.333901
0.868831 0.461086 0.180368
0.846511 0.143341 0.512712
0.820289 0.562388 0.104142
0.845971 0.247411 0.472356
0.842287 0.444875 0.304364
0.76338 0.0641007 0.642762
0.749543 0.658466 0.0678824
0.808932 0.332065 0.485142
0.788777 0.544564 0.285096
0.728786 0.124405 0.673346
0.734397 0.653649 0.182767
0.73849 0.244754 0.628273
0.754143 0.492357 0.434573
0.628537 0.0249426 0.777379
0.608495 0.793458 0.0125565
0.717005 0.47729 0.508033
0.668313 0.699538 0.25299
0.645606 0.223334 0.730284
0.599998 0.789594 0.128621
0.65125 0.370933 0.662029
0.643396 0.644529 0.413066
0.54761 0.100919 0.830625
0.522545 0.849577 0.0718759
0.607673 0.468145 0.64154
0.577464 0.733636 0.358209
0.516772 0.173608 0.838336
0.514423 0.830957 0.211848
0.529535 0.329874 0.781522
0.54363 0.646282 0.535524
0.422058 0.0440714 0.905497
0.409889 0.911035 0.0447951
0.5036 0.551184 0.665269
0.464037 0.816065 0.34454
0.424658 0.223515 0.877329
0.402944 0.896136 0.185947
0.43299 0.395561 0.80997
0.435802 0.727044 0.53055
0.339571 0.0791267 0.937246
0.337777 0.93421 0.114708
0.394008 0.495885 0.773858
0.376743 0.807925 0.453124
0.31338 0.153279 0.937176
0.326488 0.903833 0.276571
0.322526 0.321943 0.890129
0.340175 0.685235 0.643999
0.242121 0.0142453 0.970141
0.231297 0.972853 0.00763293
0.304797 0.662854 0.683903
0.265962 0.910624 0.316273
0.252575 0.294282 0.92174
0.220888 0.964057 0.147655
0.251237 0.485663 0.837264
0.242308 0.824475 0.511398
0.190435 0.129103 0.973174
0.173961 0.981951 0.0742327
0.21416 0.587754 0.78018
0.193712 0.88755 0.418007
0.165517 0.210986 0.963374
0.159122 0.959412 0.232826
0.163728 0.395801 0.903623
0.164549 0.769118 0.617561
0.116954 0.0573478 0.99148
0.108041 0.993335 0.0401511
0.136257 0.643755 0.753003
0.117418 0.91995 0.37404
0.102691 0.25664 0.961036
0.0909532 0.977221 0.191748
0.0948368 0.449367 0.888299
0.0903638 0.813441 0.574585
0.0636639 0.0932934 0.993601
0.0583813 0.99198 0.112102
0.0645318 0.551029 0.831987
0.0541757 0.877803 0.475948
0.0394306 0.171506 0.984394
0.0366748 0.959043 0.280875
0.0304986 0.352025 0.935494
0.0261683 0.739233 0.672941
0.013384 0.0239565 0.999623
0.00784912 0.999687 0.0237438
1.22093e-05 0.673209 0.739453
