1.005e+00  3.442e-04  
1.130e-04  9.964e-01  
1.001e+00  4.465e-03  
9.843e-01  1.535e-02  
9.560e-01  2.423e-02  
9.427e-01  3.512e-02  
9.186e-01  4.447e-02  
9.003e-01  5.377e-02  
8.824e-01  6.284e-02  
8.712e-01  7.223e-02  
8.506e-01  8.104e-02  
8.456e-01  9.098e-02  
8.424e-01  9.935e-02  
8.409e-01  1.080e-01  
7.975e-01  1.168e-01  
7.730e-01  1.240e-01  
7.597e-01  1.311e-01  
7.448e-01  1.402e-01  
7.370e-01  1.489e-01  
7.254e-01  1.580e-01  
7.060e-01  1.645e-01  
6.940e-01  1.726e-01  
6.836e-01  1.810e-01  
6.674e-01  1.871e-01  
6.558e-01  1.958e-01  
6.422e-01  2.029e-01  
6.264e-01  2.105e-01  
6.185e-01  2.180e-01  
6.055e-01  2.246e-01  
5.943e-01  2.320e-01  
5.823e-01  2.389e-01  
5.724e-01  2.469e-01  
5.607e-01  2.543e-01  
5.500e-01  2.620e-01  
5.401e-01  2.676e-01  
5.299e-01  2.755e-01  
5.190e-01  2.822e-01  
5.089e-01  2.892e-01  
4.994e-01  2.969e-01  
4.882e-01  3.037e-01  
4.798e-01  3.110e-01  
4.690e-01  3.171e-01  
4.591e-01  3.236e-01  
4.500e-01  3.307e-01  
4.404e-01  3.376e-01  
4.313e-01  3.445e-01  
4.226e-01  3.518e-01  
4.134e-01  3.590e-01  
4.038e-01  3.659e-01  
3.958e-01  3.729e-01  
3.870e-01  3.797e-01  
3.779e-01  3.869e-01  
3.697e-01  3.939e-01  
3.615e-01  4.009e-01  
3.526e-01  4.079e-01  
3.447e-01  4.151e-01  
3.366e-01  4.219e-01  
3.282e-01  4.290e-01  
3.200e-01  4.362e-01  
3.118e-01  4.434e-01  
3.039e-01  4.505e-01  
2.952e-01  4.578e-01  
2.878e-01  4.652e-01  
2.798e-01  4.721e-01  
2.721e-01  4.794e-01  
2.644e-01  4.870e-01  
2.564e-01  4.942e-01  
2.489e-01  5.018e-01  
2.411e-01  5.094e-01  
2.336e-01  5.172e-01  
2.261e-01  5.252e-01  
2.185e-01  5.331e-01  
2.110e-01  5.413e-01  
2.035e-01  5.495e-01  
1.961e-01  5.577e-01  
1.887e-01  5.662e-01  
1.812e-01  5.748e-01  
1.739e-01  5.837e-01  
1.665e-01  5.925e-01  
1.591e-01  6.017e-01  
1.517e-01  6.110e-01  
1.443e-01  6.205e-01  
1.370e-01  6.303e-01  
1.295e-01  6.404e-01  
1.222e-01  6.507e-01  
1.148e-01  6.614e-01  
1.074e-01  6.725e-01  
1.000e-01  6.840e-01  
9.254e-02  6.961e-01  
8.503e-02  7.088e-01  
7.744e-02  7.220e-01  
6.990e-02  7.360e-01  
6.223e-02  7.509e-01  
5.451e-02  7.669e-01  
4.665e-02  7.843e-01  
3.868e-02  8.037e-01  
3.059e-02  8.255e-01  
2.221e-02  8.512e-01  
1.376e-02  8.832e-01  
4.775e-03  9.318e-01  
