1.37493  2.41476  1.37493  2.41476  |||| 9447.69 |||| 9447.69 
1.67224  2.63141  1.67224  2.63141  |||| 7157.97 |||| 7157.97 
1.80785  1.72181  1.80785  1.72181  |||| 49.3567 |||| 49.3567 
1.27627  2.99993  1.27627  2.99993  |||| 99.9556 |||| 99.9556 
1.58596  2.96889  1.58596  2.96889  |||| 58.7568 |||| 58.7568 
1.5891  2.31253  1.5891  2.31253  |||| 23.5909 |||| 23.5909 
1.41476  2.86278  1.41476  2.86278  |||| 30.3318 |||| 30.3318 
1.10066  3.3581  1.10066  3.3581  |||| 33.6426 |||| 33.6426 
1.00839  3.37263  1.00839  3.37263  |||| 28.686 |||| 28.686 
1.74496  2.03953  1.74496  2.03953  |||| 7.44191 |||| 7.44191 
1.98627  1.74262  1.98627  1.74262  |||| 3.14317 |||| 3.14317 
1.33194  2.85659  1.33194  2.85659  |||| 14.3038 |||| 14.3038 
1.43678  2.64966  1.43678  2.64966  |||| 11.0102 |||| 11.0102 
1.78565  2.34232  1.78565  2.34232  |||| 7.43375 |||| 7.43375 
1.66824  2.45027  1.66824  2.45027  |||| 7.68538 |||| 7.68538 
1.06789  3.65328  1.06789  3.65328  |||| 15.849 |||| 15.849 
1.83926  2.31779  1.83926  2.31779  |||| 5.72992 |||| 5.72992 
1.84403  1.8641  1.84403  1.8641  |||| 2.49177 |||| 2.49177 
1.30957  2.74822  1.30957  2.74822  |||| 7.59192 |||| 7.59192 
1.29026  3.1938  1.29026  3.1938  |||| 9.65335 |||| 9.65335 
1.65835  2.52814  1.65835  2.52814  |||| 5.60527 |||| 5.60527 
1.67758  2.26734  1.67758  2.26734  |||| 4.00715 |||| 4.00715 
1.55934  2.71723  1.55934  2.71723  |||| 5.96238 |||| 5.96238 
1.73733  2.31943  1.73733  2.31943  |||| 3.87185 |||| 3.87185 
1.80895  1.96465  1.80895  1.96465  |||| 2.15449 |||| 2.15449 
1.01564  3.66118  1.01564  3.66118  |||| 9.13771 |||| 9.13771 
1.88397  1.6794  1.88397  1.6794  |||| 1.23671 |||| 1.23671 
1.38429  3.01099  1.38429  3.01099  |||| 5.92225 |||| 5.92225 
1.58293  2.55778  1.58293  2.55778  |||| 4.02274 |||| 4.02274 
1.77342  2.0632  1.77342  2.0632  |||| 2.11398 |||| 2.11398 
1.84448  2.20274  1.84448  2.20274  |||| 2.51963 |||| 2.51963 
1.55847  2.55342  1.55847  2.55342  |||| 3.59918 |||| 3.59918 
1.57102  2.38907  1.57102  2.38907  |||| 2.95311 |||| 2.95311 
1.30599  2.83296  1.30599  2.83296  |||| 4.24034 |||| 4.24034 
1.66931  2.2792  1.66931  2.2792  |||| 2.44007 |||| 2.44007 
0.956441  3.87072  0.956441  3.87072  |||| 7.02302 |||| 7.02302 
1.44551  2.78483  1.44551  2.78483  |||| 3.73491 |||| 3.73491 
1.84623  2.03141  1.84623  2.03141  |||| 1.54983 |||| 1.54983 
1.06491  3.73371  1.06491  3.73371  |||| 6.07791 |||| 6.07791 
1.70337  2.29047  1.70337  2.29047  |||| 2.14418 |||| 2.14418 
1.56204  2.49841  1.56204  2.49841  |||| 2.61777 |||| 2.61777 
1.31199  3.02865  1.31199  3.02865  |||| 3.86706 |||| 3.86706 
1.67914  2.3766  1.67914  2.3766  |||| 2.19376 |||| 2.19376 
1.97199  1.46999  1.97199  1.46999  |||| 1.76148 |||| 1.76148 
1.45172  2.60473  1.45172  2.60473  |||| 2.61658 |||| 2.61658 
2.14605  1.65356  2.14605  1.65356  |||| 2.13911 |||| 2.13911 
1.59428  2.58082  1.59428  2.58082  |||| 2.44631 |||| 2.44631 
1.23187  3.14858  1.23187  3.14858  |||| 3.61542 |||| 3.61542 
1.83062  2.23111  1.83062  2.23111  |||| 1.6635 |||| 1.6635 
2.02166  1.90794  2.02166  1.90794  |||| 2.06716 |||| 2.06716 
1.40654  2.78913  1.40654  2.78913  |||| 2.66548 |||| 2.66548 
1.20514  3.05797  1.20514  3.05797  |||| 3.14388 |||| 3.14388 
1.62753  2.70531  1.62753  2.70531  |||| 2.39725 |||| 2.39725 
1.19842  3.00309  1.19842  3.00309  |||| 2.91734 |||| 2.91734 
1.43346  2.7833  1.43346  2.7833  |||| 2.4515 |||| 2.4515 
1.55214  2.42053  1.55214  2.42053  |||| 1.74117 |||| 1.74117 
1.8313  1.94878  1.8313  1.94878  |||| 1.97095 |||| 1.97095 
1.91176  1.88502  1.91176  1.88502  |||| 2.20285 |||| 2.20285 
1.55784  2.6116  1.55784  2.6116  |||| 1.98013 |||| 1.98013 
1.97129  2.11181  1.97129  2.11181  |||| 2.45568 |||| 2.45568 
1.78898  2.01043  1.78898  2.01043  |||| 2.06554 |||| 2.06554 
1.59414  2.63751  1.59414  2.63751  |||| 1.92297 |||| 1.92297 
1.5232  2.63655  1.5232  2.63655  |||| 1.88962 |||| 1.88962 
1.26652  3.31075  1.26652  3.31075  |||| 2.93323 |||| 2.93323 
2.20647  1.62258  2.20647  1.62258  |||| 3.45078 |||| 3.45078 
1.07243  3.36789  1.07243  3.36789  |||| 2.92903 |||| 2.92903 
2.02321  1.6094  2.02321  1.6094  |||| 3.12069 |||| 3.12069 
1.57911  2.67058  1.57911  2.67058  |||| 1.87758 |||| 1.87758 
1.57133  2.68178  1.57133  2.68178  |||| 1.91298 |||| 1.91298 
1.53138  2.61302  1.53138  2.61302  |||| 1.84736 |||| 1.84736 
1.50843  2.50826  1.50843  2.50826  |||| 1.83371 |||| 1.83371 
1.69842  2.51847  1.69842  2.51847  |||| 2.55137 |||| 2.55137 
1.37087  3.18273  1.37087  3.18273  |||| 2.38083 |||| 2.38083 
1.19399  3.43567  1.19399  3.43567  |||| 2.69422 |||| 2.69422 
1.91335  2.13352  1.91335  2.13352  |||| 3.67752 |||| 3.67752 
1.57612  2.88338  1.57612  2.88338  |||| 2.4787 |||| 2.4787 
1.65881  2.23889  1.65881  2.23889  |||| 2.92902 |||| 2.92902 
1.52961  2.64244  1.52961  2.64244  |||| 2.49648 |||| 2.49648 
1.59519  2.45942  1.59519  2.45942  |||| 2.9115 |||| 2.9115 
1.81511  2.05775  1.81511  2.05775  |||| 4.10487 |||| 4.10487 
1.72697  2.05152  1.72697  2.05152  |||| 3.87238 |||| 3.87238 
1.93907  1.79223  1.93907  1.79223  |||| 5.20525 |||| 5.20525 
1.49236  2.56071  1.49236  2.56071  |||| 3.00114 |||| 3.00114 
1.58952  2.68443  1.58952  2.68443  |||| 3.76013 |||| 3.76013 
1.01038  3.71124  1.01038  3.71124  |||| 2.66232 |||| 2.66232 
1.66802  2.30473  1.66802  2.30473  |||| 4.80932 |||| 4.80932 
1.70551  2.14521  1.70551  2.14521  |||| 5.43772 |||| 5.43772 
1.41806  2.34994  1.41806  2.34994  |||| 3.6191 |||| 3.6191 
1.36022  3.03483  1.36022  3.03483  |||| 3.44087 |||| 3.44087 
1.91488  1.58944  1.91488  1.58944  |||| 8.94538 |||| 8.94538 
1.7362  2.06461  1.7362  2.06461  |||| 8.04378 |||| 8.04378 
1.72421  2.39221  1.72421  2.39221  |||| 8.85187 |||| 8.85187 
1.60881  2.43712  1.60881  2.43712  |||| 8.52426 |||| 8.52426 
1.77614  2.16029  1.77614  2.16029  |||| 12.3585 |||| 12.3585 
2.0563  1.80202  2.0563  1.80202  |||| 19.5976 |||| 19.5976 
1.61666  2.66087  1.61666  2.66087  |||| 14.3782 |||| 14.3782 
1.48991  2.50834  1.48991  2.50834  |||| 14.9371 |||| 14.9371 
1.67387  2.3996  1.67387  2.3996  |||| 28.1232 |||| 28.1232 
1.85678  2.12404  1.85678  2.12404  |||| 58.8223 |||| 58.8223 
1.28488  3.04557  1.28488  3.04557  |||| 64.3738 |||| 64.3738 
1.99989  0.000216899  1.81159  0.389788  |||| 1.99989 |||| 3897.71 
0.000400157  3.9992  0.720756  2.5825  |||| 3.99918 |||| 7207.55 
1.99488  0.0102471  1.99557  0.0109454  |||| 2.00511 |||| 2.14197 
1.98457  0.0308651  1.46004  1.08834  |||| 2.01541 |||| 71.104 
1.97415  0.051695  1.97456  0.0521072  |||| 2.02583 |||| 2.04194 
1.96363  0.0727438  1.96363  0.0727438  |||| 2.03635 |||| 2.03635 
1.95299  0.0940113  1.10101  1.80679  |||| 2.04699 |||| 39.3474 
1.94225  0.115502  1.62377  0.781493  |||| 2.05773 |||| 13.9245 
1.93139  0.13722  1.55679  0.886425  |||| 2.06859 |||| 13.3643 
1.92042  0.159167  1.92042  0.159167  |||| 2.07957 |||| 2.07957 
1.90933  0.181349  1.90933  0.181349  |||| 2.09066 |||| 2.09066 
1.89812  0.203769  1.9069  0.212557  |||| 2.10187 |||| 2.19251 
1.88678  0.226431  1.51417  0.971661  |||| 2.1132 |||| 9.06867 
1.87533  0.249338  1.7818  0.437723  |||| 2.12465 |||| 3.73002 
1.86375  0.272495  1.87074  0.279479  |||| 2.13623 |||| 2.19098 
1.85205  0.295905  1.82243  0.355145  |||| 2.14794 |||| 2.57797 
1.84021  0.319574  1.68093  0.638135  |||| 2.15977 |||| 4.3128 
1.82825  0.343505  1.44594  1.11733  |||| 2.17174 |||| 7.06432 
1.81615  0.367701  1.71666  0.566676  |||| 2.18383 |||| 3.36562 
1.80391  0.392171  1.80391  0.392171  |||| 2.19607 |||| 2.19607 
1.79154  0.416918  1.70837  0.621632  |||| 2.20844 |||| 3.29287 
1.77903  0.441942  1.78428  0.447191  |||| 2.22095 |||| 2.24733 
1.76637  0.467252  1.77321  0.453582  |||| 2.23361 |||| 2.24225 
1.75357  0.492852  1.78303  0.433949  |||| 2.24641 |||| 2.28414 
1.74063  0.518747  1.74445  0.522571  |||| 2.25936 |||| 2.27601 
1.72753  0.544942  1.78559  0.451119  |||| 2.27245 |||| 2.34884 
1.71428  0.571443  1.56795  0.864106  |||| 2.2857 |||| 3.45636 
1.70087  0.598254  1.46909  1.06425  |||| 2.29911 |||| 4.09 
1.68731  0.625382  1.08768  1.82464  |||| 2.31267 |||| 6.74766 
1.67358  0.652832  1.68589  0.66514  |||| 2.3264 |||| 2.37026 
1.65969  0.68061  1.37037  1.25959  |||| 2.34029 |||| 4.33118 
1.64564  0.708721  1.64629  0.72156  |||| 2.35434 |||| 2.39699 
1.63141  0.737172  1.43511  1.12978  |||| 2.36857 |||| 3.63006 
1.61701  0.765972  1.59461  0.821478  |||| 2.38297 |||| 2.55565 
1.60244  0.795121  1.60297  0.795652  |||| 2.39754 |||| 2.39914 
1.58769  0.824629  1.74856  0.502888  |||| 2.4123 |||| 2.65672 
1.57275  0.854503  1.58501  0.866768  |||| 2.42723 |||| 2.46207 
1.55763  0.884748  1.47143  1.05715  |||| 2.44236 |||| 2.91827 
1.54231  0.915373  1.57195  0.85611  |||| 2.45767 |||| 2.50489 
1.52681  0.946385  1.5535  0.904462  |||| 2.47318 |||| 2.51641 
1.51111  0.97779  1.34645  1.30711  |||| 2.48888 |||| 3.32714 
1.4952  1.0096  1.50485  1.01925  |||| 2.50478 |||| 2.52872 
1.47909  1.04181  1.20985  1.58029  |||| 2.52089 |||| 3.82388 
1.46278  1.07444  1.49474  1.04895  |||| 2.5372 |||| 2.59264 
1.44625  1.1075  1.42489  1.15023  |||| 2.55373 |||| 2.65226 
1.4295  1.141  1.4295  1.141  |||| 2.57048 |||| 2.57048 
1.41253  1.17493  1.11028  1.83328  |||| 2.58745 |||| 4.03729 
1.39534  1.20931  1.22381  1.55871  |||| 2.60464 |||| 3.35718 
1.37792  1.24416  1.37792  1.24416  |||| 2.62206 |||| 2.62206 
1.36026  1.27947  1.27836  1.47065  |||| 2.63972 |||| 3.03416 
1.34237  1.31527  1.34237  1.31527  |||| 2.65762 |||| 2.65762 
1.32423  1.35155  1.32423  1.35155  |||| 2.67576 |||| 2.67576 
1.30584  1.38833  1.08017  1.87786  |||| 2.69415 |||| 3.64413 
1.28719  1.42562  1.28946  1.42788  |||| 2.71279 |||| 2.71756 
1.26829  1.46342  1.03092  1.93816  |||| 2.73169 |||| 3.61787 
1.24912  1.50176  1.44064  1.11871  |||| 2.75086 |||| 3.17265 
1.22968  1.54065  1.23187  1.54283  |||| 2.77031 |||| 2.77524 
1.20996  1.58008  1.20996  1.58008  |||| 2.79002 |||| 2.79002 
1.18996  1.62008  1.19164  1.62177  |||| 2.81003 |||| 2.814 
1.16967  1.66066  1.17564  1.65084  |||| 2.83031 |||| 2.84476 
1.14909  1.70183  1.0053  2.03396  |||| 2.8509 |||| 3.40728 
1.1282  1.7436  1.05517  1.88966  |||| 2.87178 |||| 3.11235 
1.10701  1.78599  1.11756  1.79655  |||| 2.89298 |||| 2.92057 
1.0855  1.82901  1.0855  1.82901  |||| 2.91449 |||| 2.91449 
1.06367  1.87267  1.15584  1.68832  |||| 2.93632 |||| 3.19076 
1.04151  1.91699  1.32034  1.38315  |||| 2.95848 |||| 3.75053 
1.01901  1.96198  1.07341  1.86156  |||| 2.98098 |||| 3.14013 
0.996165  2.00767  1.05467  1.89067  |||| 3.00382 |||| 3.18022 
0.97297  2.05406  1.40986  1.20948  |||| 3.02701 |||| 4.38623 
0.949411  2.10118  0.949597  2.10081  |||| 3.05057 |||| 3.05117 
0.925486  2.14903  0.685179  2.6345  |||| 3.0745 |||| 3.76903 
0.901181  2.19764  0.518653  2.96269  |||| 3.0988 |||| 4.17759 
0.87649  2.24702  0.837922  2.32416  |||| 3.12349 |||| 3.23072 
0.851402  2.2972  0.851402  2.2972  |||| 3.14858 |||| 3.14858 
0.825907  2.34819  0.830329  2.35261  |||| 3.17408 |||| 3.19107 
0.799997  2.40001  0.802114  2.44629  |||| 3.19999 |||| 3.2617 
0.77366  2.45268  0.77366  2.45268  |||| 3.22632 |||| 3.22632 
0.746885  2.50623  0.74699  2.50633  |||| 3.2531 |||| 3.25355 
0.719663  2.56067  0.619782  2.77578  |||| 3.28032 |||| 3.55587 
0.691981  2.61604  0.697883  2.62194  |||| 3.308 |||| 3.33622 
0.663828  2.67234  0.729812  2.54038  |||| 3.33615 |||| 3.66776 
0.635192  2.72962  0.828705  2.38111  |||| 3.36479 |||| 4.38988 
0.606057  2.78789  0.815733  2.36853  |||| 3.39393 |||| 4.56811 
0.576416  2.84717  0.576416  2.84717  |||| 3.42357 |||| 3.42357 
0.546253  2.90749  0.736045  2.55824  |||| 3.45373 |||| 4.65371 
0.515553  2.96889  0.88001  2.24923  |||| 3.48443 |||| 5.94766 
0.484302  3.0314  0.492049  3.03914  |||| 3.51568 |||| 3.57191 
0.452487  3.09503  0.475697  3.04861  |||| 3.5475 |||| 3.72946 
0.42009  3.15982  0.432072  3.1718  |||| 3.57989 |||| 3.682 
0.387096  3.22581  0.388862  3.22757  |||| 3.61289 |||| 3.62937 
0.353487  3.29303  0.614589  2.78138  |||| 3.6465 |||| 6.33997 
0.319248  3.3615  0.344558  3.31088  |||| 3.68074 |||| 3.97255 
0.284359  3.43128  0.664825  2.67408  |||| 3.71562 |||| 8.68705 
0.248803  3.50239  0.443762  3.11261  |||| 3.75118 |||| 6.69056 
0.212559  3.57488  0.532429  2.93514  |||| 3.78742 |||| 9.48691 
0.175609  3.64878  0.19894  3.60946  |||| 3.82437 |||| 4.33245 
0.13793  3.72414  0.148545  3.70291  |||| 3.86205 |||| 4.15924 
0.0995019  3.801  0.478041  3.04392  |||| 3.90048 |||| 18.7392 
0.0603003  3.8794  0.495646  3.01436  |||| 3.93968 |||| 32.3822 
0.0203048  3.95939  0.0901315  3.82874  |||| 3.97968 |||| 17.6657 
