0.563069  0.913508  4.92959  0.563069  0.913508  4.92959  |||| 32030 |||| 32030 
0.741169  0.827296  4.31454  0.741169  0.827296  4.31454  |||| 25879.5 |||| 25879.5 
1.11063  1.40162  4.46619  1.11063  1.40162  4.46619  |||| 9179.65 |||| 9179.65 
0.661879  1.50614  6.4695  0.661879  1.50614  6.4695  |||| 132.122 |||| 132.122 
1.13009  0.625941  3.96043  1.13009  0.625941  3.96043  |||| 71.8541 |||| 71.8541 
0.697191  0.807301  5.66421  0.697191  0.807301  5.66421  |||| 32.7031 |||| 32.7031 
0.518844  0.520012  6.50929  0.518844  0.520012  6.50929  |||| 201.426 |||| 201.426 
0.628112  0.90169  5.74863  0.628112  0.90169  5.74863  |||| 29.8777 |||| 29.8777 
0.920163  1.53955  4.56836  0.920163  1.53955  4.56836  |||| 31.8245 |||| 31.8245 
0.807306  0.859056  6.41944  0.807306  0.859056  6.41944  |||| 20.7184 |||| 20.7184 
1.08186  0.957886  5.20232  1.08186  0.957886  5.20232  |||| 199.996 |||| 199.996 
0.936921  1.13994  6.17978  0.936921  1.13994  6.17978  |||| 26.744 |||| 26.744 
0.73194  0.6549  4.15364  0.73194  0.6549  4.15364  |||| 24.8172 |||| 24.8172 
0.654653  1.13615  6.55879  0.654653  1.13615  6.55879  |||| 18.0765 |||| 18.0765 
0.790304  1.19867  3.05791  0.790304  1.19867  3.05791  |||| 20.6215 |||| 20.6215 
0.842226  0.649383  4.28583  0.842226  0.649383  4.28583  |||| 10.3698 |||| 10.3698 
0.791616  0.810515  6.5646  0.791616  0.810515  6.5646  |||| 29.6419 |||| 29.6419 
0.69052  0.572941  6.09081  0.69052  0.572941  6.09081  |||| 12.0403 |||| 12.0403 
0.634453  1.33385  3.14287  0.634453  1.33385  3.14287  |||| 113.376 |||| 113.376 
1.58704  0.684572  3.37052  1.58704  0.684572  3.37052  |||| 7.50288 |||| 7.50288 
0.653398  1.778  6.42795  0.653398  1.778  6.42795  |||| 39.3548 |||| 39.3548 
0.718777  0.734505  6.49057  0.718777  0.734505  6.49057  |||| 13.963 |||| 13.963 
1.09902  1.39635  2.78902  1.09902  1.39635  2.78902  |||| 15.1651 |||| 15.1651 
0.819245  0.710788  5.86201  0.819245  0.710788  5.86201  |||| 13.7075 |||| 13.7075 
0.771139  0.695144  5.05832  0.771139  0.695144  5.05832  |||| 17.4198 |||| 17.4198 
0.781101  1.70171  1.72659  0.781101  1.70171  1.72659  |||| 26.9767 |||| 26.9767 
0.538007  0.541844  6.42204  0.538007  0.541844  6.42204  |||| 101.756 |||| 101.756 
0.603367  1.07283  6.19949  0.603367  1.07283  6.19949  |||| 14.9895 |||| 14.9895 
1.03814  0.982064  6.0179  1.03814  0.982064  6.0179  |||| 24.348 |||| 24.348 
1.06785  1.03019  5.52122  1.06785  1.03019  5.52122  |||| 8.60436 |||| 8.60436 
0.893261  0.553377  2.90911  0.893261  0.553377  2.90911  |||| 10.1526 |||| 10.1526 
0.567574  0.69622  5.762  0.567574  0.69622  5.762  |||| 10.3579 |||| 10.3579 
0.732324  1.62416  5.42933  0.732324  1.62416  5.42933  |||| 14.3238 |||| 14.3238 
0.958994  0.69027  4.42979  0.958994  0.69027  4.42979  |||| 11.7908 |||| 11.7908 
0.63019  0.737991  5.61362  0.63019  0.737991  5.61362  |||| 436.544 |||| 436.544 
0.460485  1.24227  6.30462  0.460485  1.24227  6.30462  |||| 15.3387 |||| 15.3387 
0.860203  1.60959  6.29037  0.860203  1.60959  6.29037  |||| 29.2361 |||| 29.2361 
1.03699  0.950017  3.13971  1.03699  0.950017  3.13971  |||| 3.33645 |||| 3.33645 
0.902584  0.809133  5.73251  0.902584  0.809133  5.73251  |||| 47.0881 |||| 47.0881 
0.632557  0.781262  4.65722  0.632557  0.781262  4.65722  |||| 7.45756 |||| 7.45756 
0.664113  0.483658  5.4178  0.664113  0.483658  5.4178  |||| 15.1977 |||| 15.1977 
0.682735  0.981844  6.12618  0.682735  0.981844  6.12618  |||| 7.84101 |||| 7.84101 
0.778207  0.729707  4.19486  0.778207  0.729707  4.19486  |||| 49.5097 |||| 49.5097 
1.14103  0.587189  3.71063  1.14103  0.587189  3.71063  |||| 5.31112 |||| 5.31112 
0.721917  0.706334  5.53204  0.721917  0.706334  5.53204  |||| 17.7308 |||| 17.7308 
0.677271  1.98689  2.00416  0.677271  1.98689  2.00416  |||| 13.2132 |||| 13.2132 
0.700093  1.09314  3.23518  0.700093  1.09314  3.23518  |||| 11.0905 |||| 11.0905 
0.581262  1.50662  4.37264  0.581262  1.50662  4.37264  |||| 5.55611 |||| 5.55611 
1.09776  0.958109  6.24526  1.09776  0.958109  6.24526  |||| 14.5604 |||| 14.5604 
0.792963  0.679837  4.53391  0.792963  0.679837  4.53391  |||| 6.04465 |||| 6.04465 
1.16809  1.04969  2.79911  1.16809  1.04969  2.79911  |||| 32.6965 |||| 32.6965 
1.20379  0.900937  3.63235  1.20379  0.900937  3.63235  |||| 4.92829 |||| 4.92829 
0.946239  0.632429  5.37893  0.946239  0.632429  5.37893  |||| 17.2219 |||| 17.2219 
0.655288  0.653869  6.55432  0.655288  0.653869  6.55432  |||| 8.39639 |||| 8.39639 
0.7857  0.89346  4.38878  0.7857  0.89346  4.38878  |||| 21.2574 |||| 21.2574 
0.581153  0.691522  5.88079  0.581153  0.691522  5.88079  |||| 8.40435 |||| 8.40435 
0.632527  0.658143  6.60216  0.632527  0.658143  6.60216  |||| 15.5615 |||| 15.5615 
0.695513  1.1946  3.03317  0.695513  1.1946  3.03317  |||| 12.1403 |||| 12.1403 
0.656186  2.20848  2.8601  0.656186  2.20848  2.8601  |||| 13.7008 |||| 13.7008 
0.71752  0.648506  4.31541  0.71752  0.648506  4.31541  |||| 5.56646 |||| 5.56646 
1.05442  0.751526  5.44339  1.05442  0.751526  5.44339  |||| 13.433 |||| 13.433 
0.670086  0.781498  5.7933  0.670086  0.781498  5.7933  |||| 6.09352 |||| 6.09352 
0.776033  0.711026  6.5147  0.776033  0.711026  6.5147  |||| 26.0844 |||| 26.0844 
1.23784  1.29032  5.42214  1.23784  1.29032  5.42214  |||| 6.37189 |||| 6.37189 
0.928896  1.21269  6.03052  0.928896  1.21269  6.03052  |||| 11.1592 |||| 11.1592 
0.589805  0.967833  6.41951  0.589805  0.967833  6.41951  |||| 38.6036 |||| 38.6036 
0.731304  1.24229  2.96457  0.731304  1.24229  2.96457  |||| 195.85 |||| 195.85 
0.674765  1.13039  4.7059  0.674765  1.13039  4.7059  |||| 7.19478 |||| 7.19478 
0.646668  1.8238  5.48202  0.646668  1.8238  5.48202  |||| 17.7264 |||| 17.7264 
0.467088  0.683545  6.43033  0.467088  0.683545  6.43033  |||| 7.49646 |||| 7.49646 
0.712348  0.998021  5.1115  0.712348  0.998021  5.1115  |||| 30.5522 |||| 30.5522 
0.493947  1.45832  6.18066  0.493947  1.45832  6.18066  |||| 8.37572 |||| 8.37572 
0.827177  0.938738  5.47734  0.827177  0.938738  5.47734  |||| 11.5751 |||| 11.5751 
0.569871  0.987363  6.35897  0.569871  0.987363  6.35897  |||| 6.15498 |||| 6.15498 
0.705875  1.28181  3.26916  0.705875  1.28181  3.26916  |||| 25.5531 |||| 25.5531 
0.801389  0.595615  6.47308  0.801389  0.595615  6.47308  |||| 9.62667 |||| 9.62667 
1.10926  0.761635  5.57228  1.10926  0.761635  5.57228  |||| 13.7925 |||| 13.7925 
1.01404  0.74711  4.52721  1.01404  0.74711  4.52721  |||| 4.47787 |||| 4.47787 
0.988289  1.6852  6.52458  0.988289  1.6852  6.52458  |||| 27.8446 |||| 27.8446 
0.760071  1.31782  5.72846  0.760071  1.31782  5.72846  |||| 6.48094 |||| 6.48094 
0.484155  0.592715  5.24683  0.484155  0.592715  5.24683  |||| 8.84387 |||| 8.84387 
0.577411  1.00358  5.82724  0.577411  1.00358  5.82724  |||| 10.5683 |||| 10.5683 
0.945219  0.779955  6.46645  0.945219  0.779955  6.46645  |||| 134.032 |||| 134.032 
0.718572  1.37912  6.4909  0.718572  1.37912  6.4909  |||| 9.70172 |||| 9.70172 
0.542024  2.79782  2.56344  0.542024  2.79782  2.56344  |||| 3.55115 |||| 3.55115 
0.604565  0.936331  6.39572  0.604565  0.936331  6.39572  |||| 6.41629 |||| 6.41629 
0.988188  0.918668  5.98877  0.988188  0.918668  5.98877  |||| 28.0005 |||| 28.0005 
1.45317  0.593102  3.61212  1.45317  0.593102  3.61212  |||| 14.893 |||| 14.893 
0.982254  0.778186  4.11364  0.982254  0.778186  4.11364  |||| 8.5329 |||| 8.5329 
0.628117  1.39189  3.48896  0.628117  1.39189  3.48896  |||| 11.1915 |||| 11.1915 
0.874636  1.53594  2.15715  0.874636  1.53594  2.15715  |||| 8.24501 |||| 8.24501 
0.542488  1.11051  6.37352  0.542488  1.11051  6.37352  |||| 8.08722 |||| 8.08722 
0.9929  1.09506  5.51916  0.9929  1.09506  5.51916  |||| 13.5002 |||| 13.5002 
0.761194  0.957335  6.56369  0.761194  0.957335  6.56369  |||| 8.82205 |||| 8.82205 
0.581116  1.56726  4.93131  0.581116  1.56726  4.93131  |||| 14.5638 |||| 14.5638 
0.548612  0.609051  5.35881  0.548612  0.609051  5.35881  |||| 5.11935 |||| 5.11935 
0.635962  0.667158  6.50737  0.635962  0.667158  6.50737  |||| 10.2178 |||| 10.2178 
0.888823  0.803223  4.24209  0.888823  0.803223  4.24209  |||| 33.0235 |||| 33.0235 
0.732941  0.751837  5.81804  0.732941  0.751837  5.81804  |||| 175.934 |||| 175.934 
0.958567  1.14902  5.89633  0.958567  1.14902  5.89633  |||| 193.007 |||| 193.007 
1.98001  0.000197987  0.00018254  1.81177  0.0168448  0.0136833  |||| 1.98001 |||| 168.448 
0.000389984  3.92062  0.000382556  0.00207337  3.9223  0.00206594  |||| 3.92062 |||| 20.7333 
0.000584907  0.000580984  5.87438  0.00544679  0.00435301  5.8624  |||| 5.87438 |||| 54.4675 
1.63231  0.063118  0.0631134  0.888454  0.67308  0.0684709  |||| 1.75857 |||| 18.7499 
1.44018  0.15338  0.0508215  1.21766  0.314271  0.0532067  |||| 1.64471 |||| 3.36963 
1.5828  0.0756536  0.227028  1.12653  0.35098  0.806899  |||| 1.88553 |||| 8.74496 
1.27884  0.262393  0.0374747  1.26738  0.260041  0.174579  |||| 1.57873 |||| 7.35248 
1.43195  0.147409  0.245582  1.43195  0.147409  0.245582  |||| 1.82504 |||| 1.82504 
1.2821  0.250431  0.150141  1.2821  0.250431  0.150141  |||| 1.68281 |||| 1.68281 
1.58302  0.0691136  0.4838  0.544448  0.446717  3.08417  |||| 2.13593 |||| 13.8055 
1.11793  0.403671  0.0268712  1.11087  0.40112  0.105959  |||| 1.54852 |||| 6.09692 
1.28898  0.237133  0.304771  1.29775  0.245902  0.313541  |||| 1.831 |||| 1.89871 
1.1494  0.359934  0.163571  1.80598  0.0140948  0.163571  |||| 1.67295 |||| 2.6286 
1.44018  0.132408  0.573459  1.26859  0.254718  0.253998  |||| 2.14638 |||| 4.12904 
1.06033  0.452414  0.104345  0.848186  0.724128  0.110259  |||| 1.61715 |||| 2.58838 
1.2933  0.226327  0.497916  1.2788  0.22379  0.915257  |||| 2.01756 |||| 3.70852 
1.1234  0.376028  0.292233  1.1234  0.376028  0.292233  |||| 1.79191 |||| 1.79191 
1.58009  0.0622361  0.933767  1.59925  0.0629908  0.487161  |||| 2.57613 |||| 2.60732 
0.937687  0.604931  0.0194974  0.939245  0.606489  0.0210551  |||| 1.56214 |||| 1.68548 
1.12331  0.369599  0.418758  1.12436  0.37065  0.41981  |||| 1.9118 |||| 1.9172 
0.987358  0.523982  0.204922  0.989778  0.526402  0.207343  |||| 1.7164 |||| 1.73565 
1.29096  0.218935  0.781671  1.29177  0.219743  0.782479  |||| 2.29185 |||| 2.30021 
0.911005  0.624731  0.11568  0.911005  0.624731  0.11568  |||| 1.65146 |||| 1.65146 
1.14954  0.336188  0.64189  1.14954  0.336188  0.64189  |||| 2.12766 |||| 2.12766 
0.98284  0.519169  0.355098  0.982908  0.519237  0.355166  |||| 1.85725 |||| 1.8575 
1.02494  0.0973611  1.19242  0.941042  0.148733  1.19242  |||| 2.73197 |||| 3.29405 
0.83443  0.73295  0.075825  0.839768  0.738233  0.0733189  |||| 1.64325 |||| 1.655 
1.05093  0.431358  0.630412  1.32177  0.202237  0.630412  |||| 2.11275 |||| 2.6572 
0.900123  0.621549  0.325442  0.900123  0.621549  0.325442  |||| 1.84726 |||| 1.84726 
1.27669  0.218427  1.17943  1.27669  0.218427  1.17943  |||| 2.67472 |||| 2.67472 
0.824354  0.733391  0.205277  0.834649  0.720417  0.229568  |||| 1.76314 |||| 1.97098 
1.10398  0.367411  0.938862  1.10398  0.367411  0.938862  |||| 2.41068 |||| 2.41068 
0.911489  0.595381  0.525312  0.832358  0.543693  4.93214  |||| 2.03222 |||| 19.0796 
1.10902  0.0442384  1.37148  0.592278  0.497844  1.40953  |||| 2.52475 |||| 28.4105 
0.713891  0.930928  0.0147697  0.715697  0.932733  0.016575  |||| 1.65968 |||| 1.86148 
0.902591  0.600836  0.639355  0.559616  1.15305  0.639355  |||| 2.14309 |||| 4.11254 
0.770266  0.806218  0.291607  0.897588  0.627122  0.291607  |||| 1.8681 |||| 2.17689 
0.964647  0.133096  1.19242  0.206507  1.31466  1.19528  |||| 2.6115 |||| 9.40538 
0.703625  0.925997  0.151449  1.1433  0.367301  0.151886  |||| 1.78116 |||| 2.89416 
0.942837  0.53767  0.9584  0.583925  1.18238  0.990505  |||| 2.43897 |||| 5.3635 
0.778417  0.779741  0.499858  0.784143  0.785467  0.505584  |||| 2.05805 |||| 2.08163 
0.888839  0.165533  1.34781  0.888839  0.165533  1.34781  |||| 2.40231 |||| 2.40231 
0.641645  1.04299  0.0883931  0.644539  1.04589  0.0912869  |||| 1.77316 |||| 1.83107 
0.851297  0.655849  0.898592  0.672171  0.933144  0.9003  |||| 2.4059 |||| 3.42312 
0.706338  0.897393  0.438179  0.706338  0.897393  0.438179  |||| 2.042 |||| 2.042 
0.781218  0.26289  1.26668  0.781975  0.27247  1.49409  |||| 2.3108 |||| 2.72567 
0.637838  1.03036  0.262602  0.296573  1.38279  5.17509  |||| 1.93089 |||| 38.0448 
0.605315  0.484875  1.19242  0.603848  0.523806  1.20983  |||| 2.50382 |||| 2.60498 
0.721052  0.857044  0.710111  1.30284  0.21341  0.785706  |||| 2.28824 |||| 4.13454 
0.949141  0.100135  2.03614  0.331862  0.899329  2.04387  |||| 3.08544 |||| 27.71 
0.551267  1.22473  0.0602162  0.553337  1.2268  0.0622866  |||| 1.83624 |||| 1.89885 
0.741563  0.811189  0.978468  0.724121  0.878714  0.993802  |||| 2.53186 |||| 2.74248 
0.608471  1.06997  0.451702  1.20524  0.302829  0.455504  |||| 2.13021 |||| 4.21941 
0.678682  0.357196  1.40126  0.531272  0.280408  5.80692  |||| 2.43726 |||| 10.0994 
0.545223  1.21257  0.251542  0.627919  1.05733  0.175393  |||| 2.00952 |||| 2.31404 
0.571617  0.532434  1.19242  0.41621  0.388107  4.93973  |||| 2.41239 |||| 9.99357 
0.618563  1.03197  0.752839  0.212184  2.19199  0.0833958  |||| 2.4037 |||| 5.10536 
0.81071  0.189581  2.23673  0.81071  0.189581  2.23673  |||| 3.23736 |||| 3.23736 
0.487496  1.34829  0.165564  0.489034  1.35254  0.108928  |||| 2.00136 |||| 2.00768 
0.571617  0.532434  1.19242  0.571617  0.532434  1.19242  |||| 2.56393 |||| 2.56393 
0.54817  1.17517  0.659033  0.562072  1.19773  0.251225  |||| 2.38258 |||| 2.44298 
0.673408  0.329146  2.01157  0.205118  1.21067  2.01157  |||| 3.01423 |||| 11.0859 
0.48272  1.33516  0.408582  0.790868  0.767519  0.408831  |||| 2.22661 |||| 3.64792 
0.537444  0.536229  1.48249  0.78631  0.254062  1.47639  |||| 2.55626 |||| 3.73995 
0.56002  1.12835  1.06001  0.90104  0.588367  1.27888  |||| 2.74862 |||| 4.42237 
0.626039  0.0397955  2.50707  0.626039  0.0397955  2.50707  |||| 3.17306 |||| 3.17306 
0.387164  1.6281  0.012781  0.359548  1.46297  5.01084  |||| 2.02808 |||| 792.718 
0.302955  1.04681  1.19242  0.418764  0.81329  1.20484  |||| 2.8796 |||| 2.90959 
0.426916  1.46066  0.507383  0.243545  2.07258  0.521172  |||| 2.39497 |||| 3.39831 
0.495771  0.577962  1.80835  0.500035  0.582226  1.81262  |||| 2.88222 |||| 2.90701 
0.372792  1.62661  0.249057  0.799038  0.749128  0.501245  |||| 2.24856 |||| 4.81906 
0.40384  0.780517  1.34474  0.40384  0.780517  1.34474  |||| 2.52951 |||| 2.52951 
0.423821  1.44206  0.894358  0.423821  1.44206  0.894358  |||| 2.76033 |||| 2.76033 
0.423369  0.215335  2.38991  0.925978  0.606977  0.10424  |||| 3.17545 |||| 6.27901 
0.318779  1.79885  0.136034  0.319224  1.7993  0.136478  |||| 2.2537 |||| 2.2608 
0.340389  0.933451  1.23894  0.340389  0.933451  1.23894  |||| 2.51279 |||| 2.51279 
0.356521  1.62855  0.767406  0.316125  1.4139  5.95824  |||| 2.75259 |||| 21.3691 
0.308949  0.370967  2.38991  0.204155  0.243773  5.60041  |||| 3.32438 |||| 7.7902 
0.301557  1.81802  0.441162  0.30087  1.81388  0.513411  |||| 2.56085 |||| 2.97952 
0.348991  0.843627  1.92514  0.482261  0.592869  1.92514  |||| 3.11783 |||| 4.30841 
0.235134  1.23221  1.19242  0.238777  1.23586  1.19606  |||| 2.99571 |||| 3.00486 
0.385813  0.189052  3.26732  0.69309  0.339621  1.41783  |||| 3.84278 |||| 6.90332 
0.229743  2.11086  0.0857596  0.23211  2.11323  0.0881268  |||| 2.42643 |||| 2.49201 
0.244947  1.15559  1.35147  0.24711  1.1658  1.2612  |||| 2.75203 |||| 2.77631 
0.25069  1.95951  0.796657  0.25069  1.95951  0.796657  |||| 3.00693 |||| 3.00693 
0.211997  0.555573  2.38991  0.423369  0.215335  2.38991  |||| 3.2842 |||| 5.44414 
0.202272  2.17331  0.42638  0.202272  2.17331  0.42638  |||| 2.80214 |||| 2.80214 
0.23545  1.10756  2.1879  0.0484151  1.89686  2.1879  |||| 3.53239 |||| 6.04971 
0.131986  1.59687  1.19242  1.50905  0.0974665  0.868975  |||| 3.06738 |||| 24.6786 
0.180605  0.123079  3.58496  0.0786923  0.344573  3.68559  |||| 4.15323 |||| 4.26981 
0.144138  2.44868  0.276711  0.144398  2.44894  0.27697  |||| 2.86963 |||| 2.87469 
0.160114  1.35981  2.05297  0.160314  1.3615  2.02154  |||| 3.573 |||| 3.57744 
0.0717153  1.89776  1.19242  0.0717153  1.89776  1.19242  |||| 3.53103 |||| 3.53103 
0.143683  0.604354  3.46711  0.317231  1.33432  5.63785  |||| 4.2153 |||| 9.30675 
0.100822  2.63305  0.771268  0.0707922  1.84154  1.3835  |||| 3.50517 |||| 6.28733 
0.0808302  0.919582  2.44354  0.0813347  0.277176  3.66337  |||| 3.44399 |||| 5.16324 
0.0650409  1.83591  1.67148  0.0650409  1.83591  1.67148  |||| 3.57246 |||| 3.57246 
0.0574091  0.0247018  4.77078  0.0731557  0.0112214  4.77078  |||| 4.94948 |||| 5.64007 
0.0265704  3.31788  0.0795412  0.0265704  3.31788  0.0795412  |||| 3.42409 |||| 3.42409 
0.00503857  1.48299  2.38991  0.00503857  1.48299  2.38991  |||| 4.57762 |||| 4.57762 
