6.85495  3.74622  6.85495  3.74622  |||| 9793.69 |||| 9793.69 
5.2363  7.80766  5.2363  7.80766  |||| 16337.5 |||| 16337.5 
5.87217  7.14995  5.87217  7.14995  |||| 859.088 |||| 859.088 
4.91791  3.60512  4.91791  3.60512  |||| 54.7669 |||| 54.7669 
6.44745  5.73525  6.44745  5.73525  |||| 116.361 |||| 116.361 
4.92227  4.21084  4.92227  4.21084  |||| 40.4318 |||| 40.4318 
6.23467  5.85302  6.23467  5.85302  |||| 67.2099 |||| 67.2099 
6.15286  6.99037  6.15286  6.99037  |||| 75.2555 |||| 75.2555 
6.53674  7.56706  6.53674  7.56706  |||| 72.3724 |||| 72.3724 
4.75086  4.83368  4.75086  4.83368  |||| 27.0065 |||| 27.0065 
6.83798  6.98639  6.83798  6.98639  |||| 48.6488 |||| 48.6488 
6.89028  6.68221  6.89028  6.68221  |||| 40.39 |||| 40.39 
5.95461  2.76685  5.95461  2.76685  |||| 2.63431 |||| 2.63431 
3.87617  7.7471  3.87617  7.7471  |||| 42.4404 |||| 42.4404 
4.01174  5.70968  4.01174  5.70968  |||| 23.0718 |||| 23.0718 
7.26879  7.60579  7.26879  7.60579  |||| 35.1271 |||| 35.1271 
4.98715  7.01432  4.98715  7.01432  |||| 28.7071 |||| 28.7071 
6.32344  4.02583  6.32344  4.02583  |||| 7.96004 |||| 7.96004 
6.27709  6.40624  6.27709  6.40624  |||| 21.6158 |||| 21.6158 
4.5494  6.82686  4.5494  6.82686  |||| 22.7361 |||| 22.7361 
4.87114  3.84418  4.87114  3.84418  |||| 5.7069 |||| 5.7069 
6.74755  5.63106  6.74755  5.63106  |||| 14.3945 |||| 14.3945 
5.7869  4.03083  5.7869  4.03083  |||| 6.04243 |||| 6.04243 
5.64411  5.86701  5.64411  5.86701  |||| 14.1309 |||| 14.1309 
5.07117  3.64176  5.07117  3.64176  |||| 3.81073 |||| 3.81073 
5.17363  6.19476  5.17363  6.19476  |||| 14.2951 |||| 14.2951 
6.53273  6.73034  6.53273  6.73034  |||| 15.854 |||| 15.854 
5.72506  5.68094  5.72506  5.68094  |||| 11.1992 |||| 11.1992 
5.7739  5.14481  5.7739  5.14481  |||| 8.79398 |||| 8.79398 
4.39427  7.30432  4.39427  7.30432  |||| 16.1699 |||| 16.1699 
5.49977  4.09054  5.49977  4.09054  |||| 4.55165 |||| 4.55165 
6.10067  4.81093  6.10067  4.81093  |||| 6.79051 |||| 6.79051 
4.56667  7.50992  4.56667  7.50992  |||| 15.2401 |||| 15.2401 
6.66679  5.07287  6.66679  5.07287  |||| 7.17428 |||| 7.17428 
4.41954  5.56815  4.41954  5.56815  |||| 8.44698 |||| 8.44698 
6.87518  5.98322  6.87518  5.98322  |||| 9.40906 |||| 9.40906 
6.60505  5.36394  6.60505  5.36394  |||| 7.37724 |||| 7.37724 
8.04534  5.39957  8.04534  5.39957  |||| 7.26779 |||| 7.26779 
7.11746  6.06953  7.11746  6.06953  |||| 8.86747 |||| 8.86747 
6.85623  7.95243  6.85623  7.95243  |||| 13.5517 |||| 13.5517 
3.65852  5.56331  3.65852  5.56331  |||| 7.11827 |||| 7.11827 
5.70864  5.56608  5.70864  5.56608  |||| 6.94492 |||| 6.94492 
6.54079  4.05085  6.54079  4.05085  |||| 5.00778 |||| 5.00778 
6.10522  6.25008  6.10522  6.25008  |||| 8.22547 |||| 8.22547 
5.57288  6.00869  5.57288  6.00869  |||| 7.47531 |||| 7.47531 
7.47489  7.1237  7.47489  7.1237  |||| 9.81542 |||| 9.81542 
5.32265  6.36859  5.32265  6.36859  |||| 7.93191 |||| 7.93191 
6.47112  4.84272  6.47112  4.84272  |||| 5.35466 |||| 5.35466 
6.40685  6.29646  6.40685  6.29646  |||| 7.43875 |||| 7.43875 
5.1194  5.36851  5.1194  5.36851  |||| 5.36764 |||| 5.36764 
6.34584  4.09409  6.34584  4.09409  |||| 5.43117 |||| 5.43117 
6.74659  4.49597  6.74659  4.49597  |||| 6.35291 |||| 6.35291 
4.31454  5.43506  4.31454  5.43506  |||| 5.17791 |||| 5.17791 
5.40648  5.93028  5.40648  5.93028  |||| 6.01973 |||| 6.01973 
3.60255  6.50869  3.60255  6.50869  |||| 6.98477 |||| 6.98477 
6.10786  5.50635  6.10786  5.50635  |||| 5.5173 |||| 5.5173 
6.71517  6.98108  6.71517  6.98108  |||| 7.57788 |||| 7.57788 
6.49652  7.0579  6.49652  7.0579  |||| 7.57697 |||| 7.57697 
5.37189  4.70185  5.37189  4.70185  |||| 4.1782 |||| 4.1782 
8.00534  7.38362  8.00534  7.38362  |||| 10.6537 |||| 10.6537 
6.46858  6.88724  6.46858  6.88724  |||| 7.11067 |||| 7.11067 
6.18588  6.45785  6.18588  6.45785  |||| 6.57576 |||| 6.57576 
4.40431  4.62163  4.40431  4.62163  |||| 3.00443 |||| 3.00443 
5.12005  5.05451  5.12005  5.05451  |||| 4.07438 |||| 4.07438 
7.18391  6.29275  7.18391  6.29275  |||| 9.88658 |||| 9.88658 
6.31274  6.39933  6.31274  6.39933  |||| 7.6985 |||| 7.6985 
5.41704  6.09373  5.41704  6.09373  |||| 5.30805 |||| 5.30805 
5.78729  5.58687  5.78729  5.58687  |||| 6.58784 |||| 6.58784 
8.06062  6.6099  8.06062  6.6099  |||| 13.8695 |||| 13.8695 
7.94313  5.00719  7.94313  5.00719  |||| 13.9468 |||| 13.9468 
5.03689  6.1929  5.03689  6.1929  |||| 4.9015 |||| 4.9015 
5.86459  5.11993  5.86459  5.11993  |||| 7.77824 |||| 7.77824 
6.21745  5.32866  6.21745  5.32866  |||| 9.31857 |||| 9.31857 
5.50382  5.97256  5.50382  5.97256  |||| 7.03112 |||| 7.03112 
6.56886  5.52717  6.56886  5.52717  |||| 11.4 |||| 11.4 
6.091  3.79082  6.091  3.79082  |||| 9.9538 |||| 9.9538 
5.65176  6.24118  5.65176  6.24118  |||| 8.54563 |||| 8.54563 
6.34552  5.77851  6.34552  5.77851  |||| 11.9471 |||| 11.9471 
6.32175  4.96468  6.32175  4.96468  |||| 12.3945 |||| 12.3945 
4.10654  7.66361  4.10654  7.66361  |||| 6.19203 |||| 6.19203 
5.58373  6.96706  5.58373  6.96706  |||| 9.95671 |||| 9.95671 
5.39684  7.19716  5.39684  7.19716  |||| 9.50489 |||| 9.50489 
6.32909  5.95083  6.32909  5.95083  |||| 15.2686 |||| 15.2686 
5.45154  4.85083  5.45154  4.85083  |||| 10.9819 |||| 10.9819 
6.86527  3.68047  6.86527  3.68047  |||| 20.6289 |||| 20.6289 
6.60385  5.96557  6.60385  5.96557  |||| 20.2847 |||| 20.2847 
6.18365  5.90229  6.18365  5.90229  |||| 18.7369 |||| 18.7369 
4.92986  6.62651  4.92986  6.62651  |||| 10.4062 |||| 10.4062 
4.7464  6.79866  4.7464  6.79866  |||| 9.74759 |||| 9.74759 
5.517  4.48279  5.517  4.48279  |||| 17.8681 |||| 17.8681 
8.58338  4.74078  8.58338  4.74078  |||| 51.3812 |||| 51.3812 
3.74271  7.10582  3.74271  7.10582  |||| 4.75106 |||| 4.75106 
5.8513  5.71151  5.8513  5.71151  |||| 29.3837 |||| 29.3837 
4.28193  5.05419  4.28193  5.05419  |||| 10.2429 |||| 10.2429 
6.75939  5.8115  6.75939  5.8115  |||| 56.2493 |||| 56.2493 
3.91151  5.90552  3.91151  5.90552  |||| 6.72841 |||| 6.72841 
5.27934  5.28234  5.27934  5.28234  |||| 46.9502 |||| 46.9502 
5.04168  4.98995  5.04168  4.98995  |||| 56.4138 |||| 56.4138 
8.74344  5.18427  8.74344  5.18427  |||| 335.872 |||| 335.872 
5.79422  8.00442  5.79422  8.00442  |||| 429.567 |||| 429.567 
1  1.56528e-07  1.29547  1.16767  |||| 1 |||| 11676.7 
7.54161e-10  1  3.43255  4.92185  |||| 1 |||| 34325.5 
1  0.00189104  1.33006  0.643937  |||| 1.00513 |||| 126.212 
1  0.00189104  1.69269  1.72787  |||| 1.01554 |||| 112.888 
1  0.0209745  6.10927  5.33861  |||| 1.02618 |||| 209.274 
1  0.0332869  1.58567  0.944058  |||| 1.03704 |||| 26.4336 
1  0.0332869  1.01866  0.0354325  |||| 1.04813 |||| 1.06768 
1  0.0332869  2.55937  0.639538  |||| 1.05946 |||| 11.3954 
1  0.0332869  2.90444  1.38142  |||| 1.07104 |||| 20.8276 
1  0.0332869  1.5902  1.13305  |||| 1.08287 |||| 14.8052 
1  0.0332869  1.04276  0.0332869  |||| 1.09497 |||| 1.1418 
1  0.0332869  1  0.0332869  |||| 1.10734 |||| 1.10734 
1  0.0332869  1.83796  2.23513  |||| 1.12 |||| 20.8612 
1  0.0332869  1.34829  0.0946972  |||| 1.13295 |||| 1.52754 
1  0.0332869  1.89028  0.767738  |||| 1.1462 |||| 6.01907 
0.910839  0.150051  0.910839  0.461077  |||| 1.08926 |||| 3.34708 
0.861238  0.150071  5.93293  6.53501  |||| 1.01427 |||| 44.1677 
0.850028  0.15625  2.41854  1.22516  |||| 1.00973 |||| 7.74619 
0.850028  0.164243  2.51626  0.873198  |||| 1.02212 |||| 5.18628 
0.850028  0.181162  1.20315  0.181162  |||| 1.03482 |||| 1.4647 
0.850028  0.187272  0.850139  0.244274  |||| 1.04783 |||| 1.29399 
0.850028  0.205302  1.97246  2.30335  |||| 1.06118 |||| 11.5758 
0.850028  0.205302  3.10799  3.05867  |||| 1.07487 |||| 14.6219 
0.850028  0.205302  1.32106  1.2364  |||| 1.08892 |||| 5.63567 
0.78469  0.250004  2.30984  1.61811  |||| 1.0889 |||| 7.04776 
0.78469  0.250004  2.96519  3.6925  |||| 1.04257 |||| 15.3985 
0.75002  0.250008  3.78121  4.73362  |||| 1.00003 |||| 18.9345 
0.75  0.25796  6.78282  6.72804  |||| 1.01379 |||| 25.8568 
0.75  0.267018  1.96859  1.57914  |||| 1.02797 |||| 5.83985 
0.75  0.291897  1.81525  1.06664  |||| 1.04255 |||| 3.80111 
0.75  0.299993  2.57908  1.99237  |||| 1.05755 |||| 6.85097 
0.75  0.312073  2.27087  1.23934  |||| 1.07299 |||| 4.11713 
0.75  0.329263  6.86668  7.14215  |||| 1.08889 |||| 22.9486 
0.75  0.329263  0.75  0.329263  |||| 1.10526 |||| 1.10526 
0.75  0.329263  3.07581  1.57518  |||| 1.12214 |||| 4.74977 
0.75  0.380604  1.20293  1.40834  |||| 1.13954 |||| 4.11991 
0.75  0.400799  1.07377  2.89671  |||| 1.15748 |||| 8.22833 
0.75  0.424364  3.94395  1.28602  |||| 1.176 |||| 6.18411 
0.75  0.424364  0.75  0.452762  |||| 1.19512 |||| 1.21564 
0.75  0.424364  2.41723  2.16434  |||| 1.21488 |||| 5.65615 
0.75  0.424364  6.80916  4.16286  |||| 1.23529 |||| 11.2151 
0.75  0.424364  0.795111  0.690722  |||| 1.25641 |||| 1.71369 
0.75  0.424364  2.05845  1.08546  |||| 1.27826 |||| 3.50831 
0.718348  0.528613  0.74693  2.26943  |||| 1.24829 |||| 5.35913 
0.700758  0.536318  2.63923  3.78181  |||| 1.23737 |||| 8.72042 
0.700757  0.558316  1.26045  0.687754  |||| 1.26008 |||| 2.2665 
0.700757  0.577588  4.39012  2.27961  |||| 1.28363 |||| 8.04171 
0.698129  0.605172  0.900131  0.979068  |||| 1.30345 |||| 2.10876 
0.670233  0.60518  1.0239  0.860462  |||| 1.27543 |||| 1.94839 
0.649059  0.612436  0.651069  2.15157  |||| 1.26355 |||| 4.43904 
0.643216  0.628219  1.81954  2.07691  |||| 1.27344 |||| 4.19664 
0.643216  0.647421  0.649005  2.59398  |||| 1.2997 |||| 5.13556 
0.643216  0.668487  1.75967  2.10696  |||| 1.32706 |||| 4.08876 
0.314886  0.700123  8.32643  9.17572  |||| 1.33227 |||| 17.5482 
0.314886  0.700123  0.738902  0.771936  |||| 1.3069 |||| 1.59148 
0.314886  0.700123  2.50989  2.2905  |||| 1.28247 |||| 5.5274 
0.314886  0.700123  0.542532  1.17716  |||| 1.25894 |||| 2.11674 
0.314886  0.700123  0.974049  1.11805  |||| 1.23625 |||| 2.24604 
0.314886  0.700123  4.49081  4.59285  |||| 1.21437 |||| 10.6048 
0.314886  0.700123  3.74195  2.71574  |||| 1.19325 |||| 9.0546 
0.314886  0.700123  0.315994  0.700123  |||| 1.17286 |||| 1.17286 
0.314886  0.700123  0.314887  0.700325  |||| 1.15314 |||| 1.15348 
0.314886  0.700123  3.24121  4.03108  |||| 1.13408 |||| 8.47035 
0.314886  0.700123  1.29434  2.45456  |||| 1.11564 |||| 3.91132 
0.314886  0.700123  0.800241  1.5471  |||| 1.09779 |||| 2.42585 
0.314886  0.700123  6.99625  7.12677  |||| 1.08051 |||| 19.8734 
0.314886  0.700123  1.35233  1.09263  |||| 1.06375 |||| 3.95606 
0.314886  0.700123  2.57729  2.02323  |||| 1.04751 |||| 7.7715 
0.314886  0.700123  1.4373  1.83344  |||| 1.03176 |||| 4.47158 
0.314886  0.700123  0.753952  1.49586  |||| 1.01647 |||| 2.42254 
0.301445  0.700124  0.348406  0.705874  |||| 1.00164 |||| 1.15742 
0.300157  0.720238  0.334668  1.83373  |||| 1.03212 |||| 2.58569 
0.293776  0.764004  0.792781  1.46052  |||| 1.06202 |||| 2.82519 
0.278784  0.764005  0.523212  1.27483  |||| 1.04717 |||| 1.9349 
0.269421  0.765965  1.78  2.33434  |||| 1.03542 |||| 6.8408 
0.208184  0.802008  7.40177  7.61594  |||| 1.06934 |||| 29.6071 
0.208184  0.802008  0.230191  2.26618  |||| 1.05499 |||| 2.98102 
0.208184  0.802008  0.383692  2.12336  |||| 1.04102 |||| 2.75615 
0.208184  0.802008  0.243427  1.64206  |||| 1.02741 |||| 2.10355 
0.208184  0.802008  2.03702  5.6579  |||| 1.01415 |||| 9.73793 
0.202121  0.813844  3.76892  4.4662  |||| 1.01601 |||| 18.9412 
0.201825  0.848699  8.41202  7.35349  |||| 1.06912 |||| 44.5609 
0.201825  0.897053  0.945435  0.939356  |||| 1.13022 |||| 5.29445 
0.201823  0.945287  5.16614  5.36091  |||| 1.19871 |||| 30.6838 
0.00358087  1  0.353369  1.04175  |||| 1.18788 |||| 2.23421 
0.00358087  1  1.38585  1.03437  |||| 1.17365 |||| 9.36642 
0.00358087  1  1.0692  1.68902  |||| 1.15976 |||| 7.76162 
0.00358087  1  1.54281  2.08285  |||| 1.1462 |||| 12.0956 
0.00358087  1  2.32364  2.45137  |||| 1.13295 |||| 19.8015 
0.00358087  1  1.66841  3.1948  |||| 1.12 |||| 15.5718 
0.00358087  1  1.48973  1  |||| 1.10734 |||| 15.3677 
0.00358087  1  2.17496  2.35398  |||| 1.09497 |||| 25.076 
0.00358087  1  0.0859777  1.54625  |||| 1.08287 |||| 1.67439 
0.00358087  1  0.289353  1.786  |||| 1.07104 |||| 4.36255 
0.00358087  1  0.753084  1.50971  |||| 1.05946 |||| 13.4186 
0.00358087  1  9.38489  8.93958  |||| 1.04813 |||| 204.382 
0.00358087  1  10.0646  10.633  |||| 1.03704 |||| 281.808 
0.00358087  1  0.444136  1.64719  |||| 1.02618 |||| 17.4101 
0.00358087  1  4.61789  2.92337  |||| 1.01554 |||| 301.703 
0.00358087  1  6.14574  6.19461  |||| 1.00513 |||| 1204.56 
