2.97887  1.80438  2.97887  1.80438  |||| 10427.1 |||| 10427.1 
3.44418  1.72781  3.44418  1.72781  |||| 23708.7 |||| 23708.7 
2.57176  1.44761  2.57176  1.44761  |||| 134.444 |||| 134.444 
2.23239  2.66017  2.23239  2.66017  |||| 124.035 |||| 124.035 
2.59932  4.65089  2.59932  4.65089  |||| 152.457 |||| 152.457 
2.66548  1.28503  2.66548  1.28503  |||| 14.6542 |||| 14.6542 
3.08663  4.01695  3.08663  4.01695  |||| 70.8927 |||| 70.8927 
3.26066  1.8886  3.26066  1.8886  |||| 20.0799 |||| 20.0799 
1.79301  1.14479  1.79301  1.14479  |||| 5.77627 |||| 5.77627 
2.20614  1.61831  2.20614  1.61831  |||| 11.1934 |||| 11.1934 
2.68575  1.52426  2.68575  1.52426  |||| 8.79219 |||| 8.79219 
1.28842  1.47475  1.28842  1.47475  |||| 7.356 |||| 7.356 
2.33167  1.55819  2.33167  1.55819  |||| 7.43414 |||| 7.43414 
2.60489  3.228  2.60489  3.228  |||| 21.0174 |||| 21.0174 
1.89708  1.07992  1.89708  1.07992  |||| 2.4951 |||| 2.4951 
1.6429  1.64888  1.6429  1.64888  |||| 6.44052 |||| 6.44052 
3.45446  2.86998  3.45446  2.86998  |||| 14.2493 |||| 14.2493 
2.05783  2.82943  2.05783  2.82943  |||| 13.0736 |||| 13.0736 
2.83015  1.3855  2.83015  1.3855  |||| 3.70521 |||| 3.70521 
2.16504  1.49947  2.16504  1.49947  |||| 4.13172 |||| 4.13172 
1.61502  2.24989  1.61502  2.24989  |||| 7.88352 |||| 7.88352 
2.34348  3.77859  2.34348  3.77859  |||| 15.1619 |||| 15.1619 
2.27951  1.03144  2.27951  1.03144  |||| 1.52526 |||| 1.52526 
1.13126  3.2711  1.13126  3.2711  |||| 11.4383 |||| 11.4383 
3.0834  2.24799  3.0834  2.24799  |||| 6.47376 |||| 6.47376 
2.19657  1.77207  2.19657  1.77207  |||| 4.21357 |||| 4.21357 
1.84491  1.95077  1.84491  1.95077  |||| 4.75639 |||| 4.75639 
1.79397  1.56736  1.79397  1.56736  |||| 3.0964 |||| 3.0964 
1.72463  2.58414  1.72463  2.58414  |||| 6.73972 |||| 6.73972 
1.26848  2.86214  1.26848  2.86214  |||| 7.48532 |||| 7.48532 
2.127  1.67317  2.127  1.67317  |||| 3.1343 |||| 3.1343 
2.02393  1.96238  2.02393  1.96238  |||| 3.98881 |||| 3.98881 
2.82371  2.8565  2.82371  2.8565  |||| 6.73095 |||| 6.73095 
3.16951  2.72118  3.16951  2.72118  |||| 6.09624 |||| 6.09624 
2.38532  1.69158  2.38532  1.69158  |||| 2.80405 |||| 2.80405 
1.49408  1.59533  1.49408  1.59533  |||| 2.43876 |||| 2.43876 
2.08663  2.23219  2.08663  2.23219  |||| 4.17713 |||| 4.17713 
1.39484  4.23948  1.39484  4.23948  |||| 9.60072 |||| 9.60072 
1.38678  1.28802  1.38678  1.28802  |||| 1.41321 |||| 1.41321 
1.19395  1.06463  1.19395  1.06463  |||| 0.791727 |||| 0.791727 
2.47369  2.53475  2.47369  2.53475  |||| 4.5133 |||| 4.5133 
1.97376  3.65863  1.97376  3.65863  |||| 7.1874 |||| 7.1874 
2.17205  1.59535  2.17205  1.59535  |||| 2.0173 |||| 2.0173 
2.62116  2.75222  2.62116  2.75222  |||| 4.70059 |||| 4.70059 
2.20946  1.48034  2.20946  1.48034  |||| 2.00617 |||| 2.00617 
3.28825  3.68131  3.28825  3.68131  |||| 6.57757 |||| 6.57757 
1.95778  1.44392  1.95778  1.44392  |||| 1.62014 |||| 1.62014 
1.85553  1.4912  1.85553  1.4912  |||| 1.57129 |||| 1.57129 
1.17949  1.6594  1.17949  1.6594  |||| 1.89199 |||| 1.89199 
1.99966  1.49466  1.99966  1.49466  |||| 1.79766 |||| 1.79766 
1.75024  1.52336  1.75024  1.52336  |||| 1.53908 |||| 1.53908 
2.4238  2.34943  2.4238  2.34943  |||| 3.14344 |||| 3.14344 
1.74845  2.02243  1.74845  2.02243  |||| 2.44662 |||| 2.44662 
2.55644  3.77907  2.55644  3.77907  |||| 5.74185 |||| 5.74185 
2.77376  1.88268  2.77376  1.88268  |||| 3.66249 |||| 3.66249 
1.5899  1.66848  1.5899  1.66848  |||| 1.66108 |||| 1.66108 
1.64911  1.14993  1.64911  1.14993  |||| 1.2972 |||| 1.2972 
1.58119  0.91672  1.58119  0.91672  |||| 1.17111 |||| 1.17111 
2.27032  2.35577  2.27032  2.35577  |||| 2.82668 |||| 2.82668 
1.91879  1.8316  1.91879  1.8316  |||| 2.04584 |||| 2.04584 
1.20228  1.76988  1.20228  1.76988  |||| 1.68897 |||| 1.68897 
2.66741  1.35752  2.66741  1.35752  |||| 4.05769 |||| 4.05769 
1.40761  2.03399  1.40761  2.03399  |||| 2.06095 |||| 2.06095 
2.0652  1.09943  2.0652  1.09943  |||| 2.66314 |||| 2.66314 
1.95106  1.61962  1.95106  1.61962  |||| 2.42308 |||| 2.42308 
3.29631  3.91948  3.29631  3.91948  |||| 6.3146 |||| 6.3146 
3.34957  2.35081  3.34957  2.35081  |||| 6.65889 |||| 6.65889 
1.67074  1.23615  1.67074  1.23615  |||| 1.80148 |||| 1.80148 
1.82931  0.761669  1.82931  0.761669  |||| 2.35199 |||| 2.35199 
1.78794  2.07344  1.78794  2.07344  |||| 2.2962 |||| 2.2962 
1.88545  1.68378  1.88545  1.68378  |||| 2.69795 |||| 2.69795 
2.11044  1.43592  2.11044  1.43592  |||| 3.56625 |||| 3.56625 
1.87553  1.58245  1.87553  1.58245  |||| 2.85881 |||| 2.85881 
1.07331  1.89624  1.07331  1.89624  |||| 1.55508 |||| 1.55508 
2.4003  2.1375  2.4003  2.1375  |||| 5.09981 |||| 5.09981 
3.1434  1.37054  3.1434  1.37054  |||| 8.28035 |||| 8.28035 
1.62166  1.82155  1.62166  1.82155  |||| 2.28673 |||| 2.28673 
1.79037  1.51023  1.79037  1.51023  |||| 3.12318 |||| 3.12318 
1.75399  1.64401  1.75399  1.64401  |||| 3.10263 |||| 3.10263 
1.44391  1.60567  1.44391  1.60567  |||| 1.77161 |||| 1.77161 
1.60374  1.39758  1.60374  1.39758  |||| 2.66574 |||| 2.66574 
2.46976  2.60797  2.46976  2.60797  |||| 7.39736 |||| 7.39736 
3.22818  2.36299  3.22818  2.36299  |||| 12.0673 |||| 12.0673 
3.1785  3.53589  3.1785  3.53589  |||| 12.5036 |||| 12.5036 
2.00423  1.91493  2.00423  1.91493  |||| 5.88581 |||| 5.88581 
2.25142  2.50574  2.25142  2.50574  |||| 7.9624 |||| 7.9624 
2.18404  2.08036  2.18404  2.08036  |||| 8.06303 |||| 8.06303 
1.49932  1.34503  1.49932  1.34503  |||| 3.33988 |||| 3.33988 
1.49744  2.41816  1.49744  2.41816  |||| 3.61429 |||| 3.61429 
2.63213  2.7518  2.63213  2.7518  |||| 14.5489 |||| 14.5489 
1.76306  2.0169  1.76306  2.0169  |||| 7.11531 |||| 7.11531 
2.06028  2.38279  2.06028  2.38279  |||| 11.3791 |||| 11.3791 
2.96899  2.48677  2.96899  2.48677  |||| 24.7702 |||| 24.7702 
1.87165  1.18322  1.87165  1.18322  |||| 12.0365 |||| 12.0365 
1.83429  1.7407  1.83429  1.7407  |||| 13.5591 |||| 13.5591 
2.55116  1.42692  2.55116  1.42692  |||| 32.1842 |||| 32.1842 
3.2566  1.8634  3.2566  1.8634  |||| 61.1321 |||| 61.1321 
1.37786  1.37162  1.37786  1.37162  |||| 11.9383 |||| 11.9383 
2.5314  2.77273  2.5314  2.77273  |||| 95.2619 |||| 95.2619 
1.85997  1.29323  1.85997  1.29323  |||| 154.185 |||| 154.185 
0.999998  1.11044e-05  0.999998  0.775404  |||| 0.470357 |||| 7754.04 
0.529655  0.537896  0.534489  0.751952  |||| 0.537896 |||| 48.4862 
0.998673  0.00205255  1.00168  0.10724  |||| 0.471438 |||| 21.019 
0.997458  0.00402721  1.32533  0.00402721  |||| 0.475089 |||| 0.808058 
0.984372  0.0111114  0.987562  0.038248  |||| 0.466635 |||| 1.49931 
0.975676  0.0164335  0.975676  0.479086  |||| 0.462555 |||| 13.4144 
0.96701  0.0209663  0.992796  0.255708  |||| 0.45842 |||| 5.56875 
0.961232  0.0228521  0.968328  0.0372795  |||| 0.457254 |||| 0.664251 
0.960983  0.0300669  0.960983  0.591493  |||| 0.461985 |||| 8.91789 
0.960936  0.0327652  0.961007  0.0327652  |||| 0.467039 |||| 0.467116 
0.960936  0.0327652  2.76446  2.47932  |||| 0.472257 |||| 28.5851 
0.960936  0.0327652  1.09732  0.109279  |||| 0.477593 |||| 1.12729 
0.96093  0.0497822  0.96093  0.130459  |||| 0.483044 |||| 1.21761 
0.960915  0.0572819  1.34302  0.0572819  |||| 0.488612 |||| 0.921521 
0.957799  0.0624913  1.47332  0.0624913  |||| 0.490755 |||| 1.08165 
0.956972  0.0672219  3.39635  3.07219  |||| 0.495604 |||| 22.3018 
0.947646  0.0717711  0.947646  0.176342  |||| 0.490594 |||| 1.19183 
0.937085  0.0759823  1.0461  0.0759823  |||| 0.483995 |||| 0.613487 
0.935344  0.0818883  0.935344  0.0818883  |||| 0.48784 |||| 0.48784 
0.934195  0.0824821  0.954261  0.114987  |||| 0.492501 |||| 0.643928 
0.934188  0.0933542  0.934188  0.601441  |||| 0.498689 |||| 3.186 
0.934185  0.0981428  0.934185  0.306651  |||| 0.505037 |||| 1.54112 
0.934068  0.105064  0.934068  0.597041  |||| 0.511405 |||| 2.85414 
0.934068  0.105064  0.934454  0.597713  |||| 0.51809 |||| 2.72446 
0.934068  0.105064  0.934068  0.552682  |||| 0.524952 |||| 2.40723 
0.934068  0.105064  1.14565  0.105064  |||| 0.531999 |||| 0.810315 
0.934068  0.105064  1.03836  0.125143  |||| 0.539237 |||| 0.67829 
0.815837  0.139509  0.82175  0.554676  |||| 0.536152 |||| 2.1317 
0.815837  0.139509  0.815837  0.661373  |||| 0.51592 |||| 2.44583 
0.815837  0.139509  1.04866  0.139509  |||| 0.497159 |||| 0.721472 
0.815837  0.139509  1.23791  0.139509  |||| 0.479715 |||| 0.998713 
0.815837  0.139509  0.821847  0.167094  |||| 0.463454 |||| 0.555091 
0.815837  0.139509  0.815837  0.629834  |||| 0.448259 |||| 2.02373 
0.815837  0.139509  1.31156  0.139509  |||| 0.434027 |||| 1.1523 
0.806269  0.139654  0.806269  0.550442  |||| 0.42111 |||| 1.65979 
0.799481  0.140183  0.813383  0.674719  |||| 0.410087 |||| 1.9738 
0.771687  0.140814  1.2488  0.140814  |||| 0.399992 |||| 1.10989 
0.771687  0.140814  0.862846  0.308006  |||| 0.388725 |||| 0.85027 
0.764015  0.140882  1.27375  0.140882  |||| 0.378258 |||| 1.18573 
0.756387  0.141024  1.02502  0.169652  |||| 0.368541 |||| 0.80244 
0.751087  0.143844  0.751087  0.483496  |||| 0.366147 |||| 1.23072 
0.745781  0.145945  0.925485  0.226054  |||| 0.362091 |||| 0.663123 
0.740613  0.148555  0.741311  0.148555  |||| 0.35957 |||| 0.36076 
0.725771  0.150231  0.725771  0.703791  |||| 0.354761 |||| 1.66196 
0.725771  0.150231  1.01504  0.150231  |||| 0.346414 |||| 0.85711 
0.721629  0.152611  0.802981  0.669844  |||| 0.345227 |||| 1.50907 
0.71827  0.156317  0.71827  0.629019  |||| 0.345528 |||| 1.38525 
0.718129  0.16327  0.734165  0.533237  |||| 0.351846 |||| 1.14851 
0.716785  0.168613  1.28476  0.168613  |||| 0.35612 |||| 1.43693 
0.716674  0.174402  0.716674  0.316822  |||| 0.362958 |||| 0.653653 
0.690317  0.176114  1.22554  0.176114  |||| 0.355859 |||| 1.37774 
0.690317  0.176114  1.176  0.176114  |||| 0.34867 |||| 1.30604 
0.690317  0.176114  1.09711  0.17856  |||| 0.341766 |||| 1.17078 
0.687717  0.176214  0.687717  0.610484  |||| 0.33532 |||| 1.1617 
0.682203  0.176258  1.22714  0.520144  |||| 0.329015 |||| 1.50231 
0.677676  0.177942  0.677676  0.697027  |||| 0.326012 |||| 1.2768 
0.675268  0.182359  0.675268  0.411405  |||| 0.32808 |||| 0.739775 
0.672647  0.185999  0.672647  0.396242  |||| 0.329757 |||| 0.69967 
0.667783  0.187559  1.05548  0.187559  |||| 0.326216 |||| 1.24174 
0.666039  0.192202  0.666039  0.200735  |||| 0.330051 |||| 0.342122 
0.666039  0.200496  1.05549  0.200496  |||| 0.338407 |||| 1.30465 
0.664312  0.207961  0.664312  0.217943  |||| 0.342802 |||| 0.358964 
0.659967  0.210229  0.949802  0.284542  |||| 0.340587 |||| 1.09802 
0.658851  0.2162  0.658851  0.692684  |||| 0.346922 |||| 1.10379 
0.639383  0.222042  0.830485  0.222042  |||| 0.348161 |||| 0.830502 
0.639383  0.222042  0.639383  0.758007  |||| 0.342678 |||| 1.16984 
0.639383  0.222042  0.639383  0.236622  |||| 0.337366 |||| 0.359519 
0.639383  0.222042  0.826018  0.222042  |||| 0.332215 |||| 0.893691 
0.611909  0.222044  0.61576  0.222094  |||| 0.327222 |||| 0.327297 
0.611909  0.222044  0.671512  0.222044  |||| 0.322374 |||| 0.455851 
0.611909  0.222044  0.611909  0.522081  |||| 0.317668 |||| 0.746917 
0.611909  0.222044  0.685537  0.222044  |||| 0.313097 |||| 0.536066 
0.611909  0.222044  1.22217  0.647363  |||| 0.308656 |||| 2.46793 
0.611909  0.222044  0.611909  0.326336  |||| 0.304339 |||| 0.447285 
0.607807  0.223124  0.653276  0.376401  |||| 0.301602 |||| 0.50879 
0.60455  0.224847  1.14153  0.263345  |||| 0.299796 |||| 2.44757 
0.601559  0.227606  0.819327  0.227606  |||| 0.299916 |||| 1.20806 
0.598167  0.229391  0.944861  0.229391  |||| 0.298472 |||| 1.80852 
0.594606  0.232606  0.630144  0.232606  |||| 0.297978 |||| 0.458109 
0.591891  0.234959  0.905896  0.234959  |||| 0.297589 |||| 1.79868 
0.58427  0.236502  1.15299  0.236502  |||| 0.29525 |||| 3.13273 
0.58427  0.236502  0.587164  0.248624  |||| 0.291537 |||| 0.30648 
0.581709  0.24004  0.581709  0.24004  |||| 0.292223 |||| 0.292223 
0.578749  0.24221  0.577771  0.24839  |||| 0.291674 |||| 0.298677 
0.575585  0.244416  0.677709  0.746595  |||| 0.290491 |||| 0.936181 
0.572241  0.24738  0.572241  0.803861  |||| 0.290338 |||| 0.943454 
0.5647  0.251071  0.5647  0.379463  |||| 0.291182 |||| 0.440087 
0.5647  0.251071  0.570359  0.707808  |||| 0.287777 |||| 0.811289 
0.562896  0.251356  0.574165  0.733739  |||| 0.284773 |||| 0.831289 
0.551243  0.262145  0.745112  0.262145  |||| 0.293602 |||| 2.01107 
0.551243  0.262145  0.992459  0.262145  |||| 0.290284 |||| 4.77434 
0.551243  0.262145  1.09527  0.262145  |||| 0.287041 |||| 6.52136 
0.551243  0.262145  0.943319  0.292805  |||| 0.283869 |||| 5.4054 
0.547936  0.262392  1.11806  0.317825  |||| 0.281032 |||| 8.87159 
0.539369  0.267229  0.539369  0.834779  |||| 0.283118 |||| 0.884414 
0.539369  0.267229  0.539369  0.654641  |||| 0.28009 |||| 0.686148 
0.539369  0.267229  0.539096  0.802561  |||| 0.277126 |||| 0.832285 
0.530909  0.2767  1.04424  0.2767  |||| 0.283944 |||| 20.1723 
0.530909  0.2767  0.649115  0.277545  |||| 0.281001 |||| 7.80566 
0.530909  0.2767  1.05503  0.2767  |||| 0.278119 |||| 102.977 
