73.1704  56.9423  131.667  73.1704  56.9423  131.667  |||| 1.29571e+06 |||| 1.29571e+06 
45.1968  32.7518  240.808  45.1968  32.7518  240.808  |||| 2.38712e+06 |||| 2.38712e+06 
95.2243  174.954  86.7508  95.2243  174.954  86.7508  |||| 1.74548e+06 |||| 1.74548e+06 
63.8665  127.331  51.3246  63.8665  127.331  51.3246  |||| 3535.74 |||| 3535.74 
16.8454  9.24632  159.562  16.8454  9.24632  159.562  |||| 5065.09 |||| 5065.09 
47.7623  146.461  4.25466  47.7623  146.461  4.25466  |||| 3639.09 |||| 3639.09 
44.3721  6.07641  160.365  44.3721  6.07641  160.365  |||| 6665.61 |||| 6665.61 
313.125  6.56917  42.49  313.125  6.56917  42.49  |||| 398.605 |||| 398.605 
38.2166  217.854  40.1216  38.2166  217.854  40.1216  |||| 1461.1 |||| 1461.1 
35.3108  5.50434  67.3241  35.3108  5.50434  67.3241  |||| 287.975 |||| 287.975 
63.4606  22.9505  281.62  63.4606  22.9505  281.62  |||| 16084 |||| 16084 
72.6574  15.8249  15.854  72.6574  15.8249  15.854  |||| 119.059 |||| 119.059 
34.1571  20.8716  206.302  34.1571  20.8716  206.302  |||| 2088.06 |||| 2088.06 
26.1973  23.9782  189.7  26.1973  23.9782  189.7  |||| 701.795 |||| 701.795 
85.5638  2.91208  48.2389  85.5638  2.91208  48.2389  |||| 714.727 |||| 714.727 
25.3738  108.154  149.103  25.3738  108.154  149.103  |||| 960.486 |||| 960.486 
126.402  127.293  99.5389  126.402  127.293  99.5389  |||| 604.667 |||| 604.667 
37.0982  13.9198  96.9177  37.0982  13.9198  96.9177  |||| 559.257 |||| 559.257 
31.4578  198.916  123.164  31.4578  198.916  123.164  |||| 9691.74 |||| 9691.74 
126.176  65.9106  60.2181  126.176  65.9106  60.2181  |||| 338.826 |||| 338.826 
198.029  155.979  28.3826  198.029  155.979  28.3826  |||| 509.594 |||| 509.594 
0.61415  7.43526  435.842  0.61415  7.43526  435.842  |||| 1271.29 |||| 1271.29 
282.756  47.8793  90.096  282.756  47.8793  90.096  |||| 1256.12 |||| 1256.12 
63.2802  41.993  180.763  63.2802  41.993  180.763  |||| 592.222 |||| 592.222 
8.53778  49.5877  135.02  8.53778  49.5877  135.02  |||| 694.99 |||| 694.99 
1.41844  34.4529  83.6807  1.41844  34.4529  83.6807  |||| 754.06 |||| 754.06 
47.2598  30.5863  146.691  47.2598  30.5863  146.691  |||| 3133.54 |||| 3133.54 
70.4631  66.4067  192.628  70.4631  66.4067  192.628  |||| 638.509 |||| 638.509 
47.2716  70.6678  85.3838  47.2716  70.6678  85.3838  |||| 472.557 |||| 472.557 
209.465  10.0053  2.09602  209.465  10.0053  2.09602  |||| 438.052 |||| 438.052 
35.1451  1.46259  224.243  35.1451  1.46259  224.243  |||| 1907.27 |||| 1907.27 
0.37386  0.677132  22.6718  0.37386  0.677132  22.6718  |||| 52.8131 |||| 52.8131 
19.5865  22.0666  180.765  19.5865  22.0666  180.765  |||| 691.167 |||| 691.167 
42.3029  209.782  76.4216  42.3029  209.782  76.4216  |||| 11948.5 |||| 11948.5 
10.8587  33.2846  313.049  10.8587  33.2846  313.049  |||| 34922.5 |||| 34922.5 
142.206  72.411  58.2163  142.206  72.411  58.2163  |||| 336.761 |||| 336.761 
75.0024  6.55313  63.7014  75.0024  6.55313  63.7014  |||| 394.651 |||| 394.651 
93.2389  57.7134  20.5696  93.2389  57.7134  20.5696  |||| 409.994 |||| 409.994 
106.957  97.5707  47.4738  106.957  97.5707  47.4738  |||| 533.4 |||| 533.4 
0.656291  0.405609  304.776  0.656291  0.405609  304.776  |||| 770.227 |||| 770.227 
130.406  12.8988  68.4189  130.406  12.8988  68.4189  |||| 343.792 |||| 343.792 
77.6776  4.87678  144.197  77.6776  4.87678  144.197  |||| 253.254 |||| 253.254 
35.7239  100.317  31.2925  35.7239  100.317  31.2925  |||| 585.636 |||| 585.636 
23.0129  134.14  218.563  23.0129  134.14  218.563  |||| 579.467 |||| 579.467 
88.9834  83.89  51.2613  88.9834  83.89  51.2613  |||| 256.164 |||| 256.164 
40.6114  11.1041  291.75  40.6114  11.1041  291.75  |||| 528.414 |||| 528.414 
66.0646  46.2695  151.684  66.0646  46.2695  151.684  |||| 1099.7 |||| 1099.7 
22.8409  37.3747  235.18  22.8409  37.3747  235.18  |||| 489.424 |||| 489.424 
66.064  44.2663  191.403  66.064  44.2663  191.403  |||| 609.999 |||| 609.999 
55.5677  11.8971  4.70773  55.5677  11.8971  4.70773  |||| 354.074 |||| 354.074 
28.5009  106.497  233.098  28.5009  106.497  233.098  |||| 7042.29 |||| 7042.29 
3.48356  2.86838  389.497  3.48356  2.86838  389.497  |||| 1001.82 |||| 1001.82 
65.5383  23.3537  124.01  65.5383  23.3537  124.01  |||| 574.862 |||| 574.862 
2.6274  167.883  63.494  2.6274  167.883  63.494  |||| 1142.7 |||| 1142.7 
219.528  8.62905  146.136  219.528  8.62905  146.136  |||| 1150.15 |||| 1150.15 
56.4866  48.5763  199.978  56.4866  48.5763  199.978  |||| 400.336 |||| 400.336 
6.77369  26.6589  64.591  6.77369  26.6589  64.591  |||| 199.467 |||| 199.467 
162.555  47.7434  71.9054  162.555  47.7434  71.9054  |||| 808.361 |||| 808.361 
29.4728  82.8483  180.949  29.4728  82.8483  180.949  |||| 2161.81 |||| 2161.81 
1.0605  57.6799  190.264  1.0605  57.6799  190.264  |||| 404.598 |||| 404.598 
7.86923  0.53718  215.562  7.86923  0.53718  215.562  |||| 771.493 |||| 771.493 
109.031  70.3752  43.1907  109.031  70.3752  43.1907  |||| 640.7 |||| 640.7 
0.677392  2.04518  180.528  0.677392  2.04518  180.528  |||| 972.052 |||| 972.052 
77.2427  35.7515  205.621  77.2427  35.7515  205.621  |||| 365.614 |||| 365.614 
10.0078  168.478  59.0261  10.0078  168.478  59.0261  |||| 409.365 |||| 409.365 
129.268  147.328  16.831  129.268  147.328  16.831  |||| 11714.3 |||| 11714.3 
37.0208  97.2878  93.6099  37.0208  97.2878  93.6099  |||| 14477.6 |||| 14477.6 
3.3321  163.796  34.3083  3.3321  163.796  34.3083  |||| 407.101 |||| 407.101 
1.6074  136.785  90.2615  1.6074  136.785  90.2615  |||| 416.159 |||| 416.159 
261.822  29.9794  184.46  261.822  29.9794  184.46  |||| 1519.96 |||| 1519.96 
124.894  9.02099  111.467  124.894  9.02099  111.467  |||| 987.181 |||| 987.181 
78.8262  28.6033  206.931  78.8262  28.6033  206.931  |||| 491.396 |||| 491.396 
50.9728  52.1494  294.862  50.9728  52.1494  294.862  |||| 903.499 |||| 903.499 
17.1396  1.75656  294.654  17.1396  1.75656  294.654  |||| 388.718 |||| 388.718 
30.9317  50.6082  238.189  30.9317  50.6082  238.189  |||| 3910.96 |||| 3910.96 
91.6253  5.20829  93.5779  91.6253  5.20829  93.5779  |||| 673.621 |||| 673.621 
68.3759  57.0989  198.061  68.3759  57.0989  198.061  |||| 702.823 |||| 702.823 
21.9759  2.49745  182.806  21.9759  2.49745  182.806  |||| 251.369 |||| 251.369 
130.484  31.4762  64.6235  130.484  31.4762  64.6235  |||| 1104.89 |||| 1104.89 
95.3776  217.446  19.1053  95.3776  217.446  19.1053  |||| 848.74 |||| 848.74 
46.194  125.005  157.378  46.194  125.005  157.378  |||| 431.658 |||| 431.658 
0.935469  49.5654  147.965  0.935469  49.5654  147.965  |||| 999.247 |||| 999.247 
54.8899  9.79319  70.1574  54.8899  9.79319  70.1574  |||| 1924.61 |||| 1924.61 
132.704  88.2275  150.589  132.704  88.2275  150.589  |||| 1486.64 |||| 1486.64 
65.8086  40.6194  115.741  65.8086  40.6194  115.741  |||| 784.849 |||| 784.849 
35.4562  43.0207  229.396  35.4562  43.0207  229.396  |||| 451.127 |||| 451.127 
31.2694  52.8188  104.468  31.2694  52.8188  104.468  |||| 672.533 |||| 672.533 
67.5448  146.817  194.956  67.5448  146.817  194.956  |||| 1007.75 |||| 1007.75 
1.15514  30.1359  120.822  1.15514  30.1359  120.822  |||| 305.409 |||| 305.409 
1.26054  7.12002  247.651  1.26054  7.12002  247.651  |||| 284.479 |||| 284.479 
85.5264  34.429  31.7255  85.5264  34.429  31.7255  |||| 1695.23 |||| 1695.23 
27.57  13.4925  363.552  27.57  13.4925  363.552  |||| 629.056 |||| 629.056 
10.7213  111.425  108.521  10.7213  111.425  108.521  |||| 315.149 |||| 315.149 
203.47  84.0089  12.43  203.47  84.0089  12.43  |||| 5958.32 |||| 5958.32 
9.07119  16.8162  188.529  9.07119  16.8162  188.529  |||| 847.246 |||| 847.246 
11.538  40.4166  342.958  11.538  40.4166  342.958  |||| 480.42 |||| 480.42 
3.05153  2.01372  299.072  3.05153  2.01372  299.072  |||| 634.718 |||| 634.718 
3.81602  2.33488  279.2  3.81602  2.33488  279.2  |||| 287.483 |||| 287.483 
75.5406  159.844  79.784  75.5406  159.844  79.784  |||| 9683.83 |||| 9683.83 
157.617  12.6896  104.403  157.617  12.6896  104.403  |||| 60931.5 |||| 60931.5 
0.499905  4.75523e-05  4.72964e-05  0.499905  4.75523e-05  4.72964e-05  |||| 0.499905 |||| 0.499905 
4.49632e-05  0.49991  4.4756e-05  4.49632e-05  0.49991  4.4756e-05  |||| 0.49991 |||| 0.49991 
4.83763e-05  4.39263e-05  0.499908  0.0102613  0.00931741  106.038  |||| 0.499908 |||| 106.038 
0.464115  0.0179409  0.0179445  48.9646  1.89279  32.8088  |||| 0.500014 |||| 913.947 
0.437824  0.046633  0.0155431  0.183121  0.301336  0.0155431  |||| 0.500002 |||| 3.23095 
0.419744  0.0200501  0.0602063  21.7393  37.616  8.12554  |||| 0.500032 |||| 937.234 
0.405025  0.0831035  0.0118719  2.49902  0.512753  0.07325  |||| 0.500002 |||| 3.08504 
0.392312  0.0403794  0.0673091  20.6806  3.28698  3.72838  |||| 0.500006 |||| 40.6954 
0.38095  0.0744024  0.0446474  62.3307  12.1736  7.30516  |||| 0.500013 |||| 81.8117 
0.370567  0.0161784  0.113254  0.343658  0.0150036  0.141339  |||| 0.500006 |||| 0.623995 
0.360973  0.13034  0.00868678  53.7903  19.4225  6.06487  |||| 0.500007 |||| 348.977 
0.351993  0.0647541  0.0832528  0.689478  0.126839  0.163074  |||| 0.500006 |||| 0.979402 
0.343524  0.107578  0.0488985  111.351  34.8704  12.0337  |||| 0.500002 |||| 162.072 
0.335497  0.0308394  0.133664  0.104118  0.264514  0.131368  |||| 0.500014 |||| 4.28784 
0.327851  0.139869  0.0322807  6.95806  2.96847  0.685101  |||| 0.500017 |||| 10.612 
0.320511  0.0560906  0.123398  0.335329  0.0412727  0.123398  |||| 0.500001 |||| 0.523117 
0.313474  0.104924  0.0816017  0.344575  0.115334  0.0896978  |||| 0.500008 |||| 0.549616 
0.306688  0.012082  0.18123  0.289653  0.0114109  0.198936  |||| 0.500006 |||| 0.548838 
0.300127  0.193629  0.00624451  29.921  19.3038  0.622544  |||| 0.50001 |||| 49.8483 
0.293784  0.096663  0.109553  1.85755  0.611185  0.692687  |||| 0.500003 |||| 3.16145 
0.287628  0.152647  0.0597249  28.0966  14.9111  10.3453  |||| 0.500007 |||| 86.6002 
0.281645  0.047759  0.170596  0.856922  0.146266  0.0217017  |||| 0.500009 |||| 1.53107 
0.27582  0.189151  0.0350288  13.0837  8.97252  1.66162  |||| 0.500005 |||| 23.7181 
0.270148  0.0790129  0.150839  0.22497  0.113589  0.161441  |||| 0.500013 |||| 0.718791 
0.26461  0.139758  0.0956316  3.59267  1.89753  1.29841  |||| 0.500017 |||| 6.78884 
0.25919  0.0225712  0.218239  0.25919  0.0225712  0.218239  |||| 0.50001 |||| 0.50001 
0.253897  0.223033  0.0230695  10.5438  11.9558  1.08832  |||| 0.500003 |||| 26.8029 
0.248714  0.102086  0.1492  0.248714  0.102086  0.1492  |||| 0.500009 |||| 0.500009 
0.243641  0.168238  0.088121  3.98653  2.75276  1.44186  |||| 0.500007 |||| 8.18128 
0.238662  0.0408307  0.220508  0.286903  0.0490838  0.265079  |||| 0.500005 |||| 0.601071 
0.233779  0.207984  0.0582371  0.26787  0.173893  0.0582371  |||| 0.500011 |||| 0.572925 
0.228971  0.0762247  0.194804  0.104008  0.0346242  0.361368  |||| 0.500016 |||| 0.927546 
0.22427  0.146473  0.129257  33.4625  21.8548  19.2859  |||| 0.50002 |||| 74.6061 
0.219632  0.00874947  0.271618  0.219632  0.00874947  0.271618  |||| 0.500015 |||| 0.500015 
0.215067  0.280484  0.00444917  1.33445  2.11523  0.030972  |||| 0.500008 |||| 3.77075 
0.210578  0.140189  0.149233  23.4703  15.625  26.657  |||| 0.500007 |||| 89.3142 
0.206167  0.215793  0.0780402  0.206167  0.215793  0.0780402  |||| 0.500015 |||| 0.500015 
0.201808  0.0698882  0.228304  0.187638  0.0649811  0.247381  |||| 0.500005 |||| 0.541784 
0.197512  0.25995  0.0425378  29.5727  37.9263  6.27649  |||| 0.500017 |||| 74.8603 
0.193289  0.11022  0.196491  5.39189  3.07464  5.48119  |||| 0.500008 |||| 13.9479 
0.189117  0.189443  0.12144  1.20637  1.20844  0.774661  |||| 0.500005 |||| 3.1895 
0.185  0.0344522  0.280547  0.185  0.0344522  0.280547  |||| 0.500009 |||| 0.500009 
0.180932  0.294141  0.0249262  0.183683  0.298613  0.0253052  |||| 0.500002 |||| 0.507603 
0.176921  0.136292  0.186787  2.31049  1.7799  2.43933  |||| 0.500014 |||| 6.5299 
0.172955  0.219735  0.10731  0.18303  0.232536  0.0844336  |||| 0.500003 |||| 0.529132 
0.169039  0.0568819  0.274079  0.169039  0.0568819  0.274079  |||| 0.500005 |||| 0.500005 
0.165167  0.266821  0.0680127  35.5701  59.7997  15.0152  |||| 0.500001 |||| 112.06 
0.161344  0.100543  0.238113  0.925966  0.577022  1.36654  |||| 0.500017 |||| 2.86963 
0.157553  0.187274  0.155173  30.3522  36.0778  29.8936  |||| 0.500009 |||| 96.3252 
0.153815  0.0162264  0.329959  0.153815  0.0162264  0.329959  |||| 0.500006 |||| 0.500006 
0.150114  0.333489  0.0163969  78.1499  19.0191  3.29457  |||| 0.500011 |||| 260.308 
0.146445  0.160205  0.193351  0.147473  0.161329  0.191198  |||| 0.500003 |||| 0.503512 
0.142822  0.251142  0.106036  21.8117  38.3541  16.1937  |||| 0.500006 |||| 76.3604 
0.139229  0.0732817  0.287489  0.139229  0.0732817  0.287489  |||| 0.500002 |||| 0.500002 
0.135678  0.301704  0.0626185  0.135678  0.301704  0.0626185  |||| 0.500006 |||| 0.500006 
0.132154  0.120695  0.247151  0.870674  0.795174  1.62831  |||| 0.500011 |||| 3.29423 
0.128663  0.214682  0.156655  0.122061  0.203666  0.174273  |||| 0.500015 |||| 0.556233 
0.125221  0.0292773  0.345502  0.0811377  0.0733605  0.345502  |||| 0.500024 |||| 1.25274 
0.121793  0.336844  0.0413634  6.85282  18.9529  2.32736  |||| 0.500004 |||| 28.1333 
0.118401  0.149062  0.232538  0.159503  0.107959  0.232538  |||| 0.500003 |||| 0.673576 
0.115038  0.246615  0.138347  5.27153  11.3009  6.33961  |||| 0.500002 |||| 22.9122 
0.111699  0.0546028  0.333698  0.351152  0.179507  0.0223484  |||| 0.500011 |||| 1.64372 
0.108392  0.299824  0.0917839  0.11385  0.294366  0.0917839  |||| 0.500016 |||| 0.525138 
0.105123  0.104889  0.289988  38.5709  0.90519  56.9144  |||| 0.500001 |||| 183.456 
0.101867  0.205286  0.192847  3.00236  1.34698  2.73075  |||| 0.500011 |||| 14.7358 
0.0986495  0.00627042  0.39508  6.2101  0.39473  23.8924  |||| 0.500002 |||| 31.4757 
0.0954527  0.401395  0.00315218  0.0954527  0.401395  0.00315218  |||| 0.500009 |||| 0.500009 
0.0922773  0.200675  0.207048  0.0866728  0.206279  0.207048  |||| 0.500004 |||| 0.513962 
0.0891312  0.30494  0.105929  1.55524  5.32086  1.84834  |||| 0.50001 |||| 8.72461 
0.0860009  0.100265  0.313734  0.0929861  0.0932796  0.313734  |||| 0.500006 |||| 0.540585 
0.0828945  0.361708  0.0553973  0.0816514  0.356284  0.0620644  |||| 0.500016 |||| 0.560194 
0.0798166  0.154279  0.265904  9.44769  18.2616  31.4744  |||| 0.500024 |||| 59.1866 
0.0767646  0.261219  0.162016  0.0767646  0.261219  0.162016  |||| 0.500013 |||| 0.500013 
0.0737322  0.0499498  0.376318  16.2197  2.73843  57.6826  |||| 0.500009 |||| 109.985 
0.0707238  0.399092  0.0301837  0.0707238  0.399092  0.0301837  |||| 0.500004 |||| 0.500004 
0.067732  0.18574  0.246528  11.6842  32.0414  37.8369  |||| 0.500001 |||| 86.2533 
0.0647616  0.295841  0.139397  0.064879  0.296378  0.13965  |||| 0.500025 |||| 0.500932 
0.0617975  0.0787373  0.359465  0.0675207  0.0788454  0.37438  |||| 0.500018 |||| 0.546195 
0.0588782  0.354969  0.0861526  0.127913  0.466205  0.12368  |||| 0.500007 |||| 1.08623 
0.0559543  0.135293  0.308752  0.0559543  0.135293  0.308752  |||| 0.500018 |||| 0.500018 
0.0530747  0.247905  0.199021  0.51972  2.42754  1.62553  |||| 0.500002 |||| 4.89613 
0.0501958  0.0245975  0.425207  0.0499551  0.0248383  0.425207  |||| 0.500007 |||| 0.504875 
0.0473414  0.43498  0.0176784  0.0473414  0.43498  0.0176784  |||| 0.500008 |||| 0.500008 
0.0445012  0.209956  0.245542  0.0445012  0.209956  0.245542  |||| 0.500006 |||| 0.500006 
0.0416852  0.325831  0.132483  0.322109  0.0454079  0.132483  |||| 0.500007 |||| 3.86349 
0.0388715  0.0972527  0.363876  0.0593533  0.0767709  0.363876  |||| 0.500035 |||| 0.763229 
0.0360956  0.387792  0.0761128  0.0360956  0.387792  0.0761128  |||| 0.500025 |||| 0.500025 
0.0333174  0.156774  0.309908  1.47902  6.95949  13.7574  |||| 0.500013 |||| 22.1965 
0.0305706  0.275058  0.194371  0.0307562  0.276728  0.195552  |||| 0.500007 |||| 0.503043 
0.0278249  0.0405775  0.431598  0.11535  0.168217  0.216433  |||| 0.500013 |||| 2.07283 
0.0251098  0.42666  0.0482306  0.374491  6.36326  0.719318  |||| 0.500007 |||| 7.45717 
0.0224084  0.190291  0.2873  0.0224084  0.190291  0.2873  |||| 0.500003 |||| 0.500003 
0.0197167  0.311441  0.168842  1.55165  24.5096  3.98208  |||| 0.500014 |||| 39.3497 
0.0170387  0.0716831  0.411278  0.0170387  0.0716831  0.411278  |||| 0.500012 |||| 0.500012 
0.0143721  0.375611  0.110017  2.08933  54.6043  15.9937  |||| 0.500021 |||| 72.6904 
0.0117231  0.133505  0.354772  1.65956  18.8993  50.2225  |||| 0.500025 |||| 70.7849 
0.00909712  0.256957  0.233946  0.00909712  0.256957  0.233946  |||| 0.500007 |||| 0.500007 
0.0064832  0.0115614  0.481955  0.0064832  0.0115614  0.481955  |||| 0.500008 |||| 0.500008 
0.00387745  0.4845  0.0116222  0.237414  29.6657  41.8938  |||| 0.50001 |||| 1801.45 
0.00128384  0.237669  0.261047  0.00112771  0.237826  0.261047  |||| 0.500006 |||| 0.500335 
