2.50479  2.44657  2.50479  2.44657  |||| 13537.8 |||| 13537.8 
2.09575  3.46692  2.09575  3.46692  |||| 9952.5 |||| 9952.5 
1.75823  4.07759  1.75823  4.07759  |||| 585.021 |||| 585.021 
2.24232  3.15352  2.24232  3.15352  |||| 134.634 |||| 134.634 
2.4834  2.10994  2.4834  2.10994  |||| 39.8724 |||| 39.8724 
2.33558  2.8281  2.33558  2.8281  |||| 48.5887 |||| 48.5887 
2.49352  2.05406  2.49352  2.05406  |||| 20.9344 |||| 20.9344 
1.47098  4.35159  1.47098  4.35159  |||| 58.066 |||| 58.066 
2.64691  2.16722  2.64691  2.16722  |||| 16.199 |||| 16.199 
2.26683  3.07844  2.26683  3.07844  |||| 25.9459 |||| 25.9459 
2.57264  1.14845  2.57264  1.14845  |||| 1.61196 |||| 1.61196 
2.31926  2.79898  2.31926  2.79898  |||| 17.6007 |||| 17.6007 
2.09707  3.42059  2.09707  3.42059  |||| 21.7261 |||| 21.7261 
2.27128  2.79011  2.27128  2.79011  |||| 14.4641 |||| 14.4641 
2.45497  2.61869  2.45497  2.61869  |||| 11.963 |||| 11.963 
2.13564  3.27767  2.13564  3.27767  |||| 15.8606 |||| 15.8606 
2.18611  3.13194  2.18611  3.13194  |||| 13.7818 |||| 13.7818 
2.49802  1.80393  2.49802  1.80393  |||| 4.49624 |||| 4.49624 
2.28957  2.55305  2.28957  2.55305  |||| 8.67309 |||| 8.67309 
2.01031  3.28943  2.01031  3.28943  |||| 12.3012 |||| 12.3012 
1.94829  3.50138  1.94829  3.50138  |||| 12.759 |||| 12.759 
2.1718  3.29283  2.1718  3.29283  |||| 11.0566 |||| 11.0566 
2.1975  3.47974  2.1975  3.47974  |||| 11.4108 |||| 11.4108 
2.41656  2.46375  2.41656  2.46375  |||| 6.24902 |||| 6.24902 
2.38477  2.95052  2.38477  2.95052  |||| 8.09146 |||| 8.09146 
2.35688  3.02999  2.35688  3.02999  |||| 8.07852 |||| 8.07852 
1.84141  4.01314  1.84141  4.01314  |||| 11.6814 |||| 11.6814 
2.31839  2.81205  2.31839  2.81205  |||| 6.60737 |||| 6.60737 
2.41827  2.87894  2.41827  2.87894  |||| 6.60541 |||| 6.60541 
2.46957  2.46017  2.46957  2.46017  |||| 4.87287 |||| 4.87287 
1.90152  3.58188  1.90152  3.58188  |||| 8.55899 |||| 8.55899 
2.34786  2.87375  2.34786  2.87375  |||| 5.91643 |||| 5.91643 
2.17781  3.17559  2.17781  3.17559  |||| 6.69228 |||| 6.69228 
2.59293  2.08745  2.59293  2.08745  |||| 3.0945 |||| 3.0945 
2.40396  2.70165  2.40396  2.70165  |||| 4.85131 |||| 4.85131 
2.16346  3.20861  2.16346  3.20861  |||| 6.18957 |||| 6.18957 
2.0473  3.76498  2.0473  3.76498  |||| 7.59057 |||| 7.59057 
2.26268  3.07571  2.26268  3.07571  |||| 5.47397 |||| 5.47397 
2.24305  3.15335  2.24305  3.15335  |||| 5.53245 |||| 5.53245 
2.49907  2.2826  2.49907  2.2826  |||| 3.10936 |||| 3.10936 
1.84188  3.98203  1.84188  3.98203  |||| 7.35443 |||| 7.35443 
2.22168  3.30067  2.22168  3.30067  |||| 5.47778 |||| 5.47778 
2.49257  1.96399  2.49257  1.96399  |||| 2.37258 |||| 2.37258 
2.44728  2.57395  2.44728  2.57395  |||| 3.49769 |||| 3.49769 
2.21654  3.3212  2.21654  3.3212  |||| 5.13846 |||| 5.13846 
1.76913  4.06602  1.76913  4.06602  |||| 6.6983 |||| 6.6983 
2.32191  2.66466  2.32191  2.66466  |||| 3.46165 |||| 3.46165 
2.37303  2.59069  2.37303  2.59069  |||| 3.22625 |||| 3.22625 
2.29243  2.86394  2.29243  2.86394  |||| 3.73274 |||| 3.73274 
2.29786  3.31369  2.29786  3.31369  |||| 4.58206 |||| 4.58206 
2.16695  3.35438  2.16695  3.35438  |||| 4.56981 |||| 4.56981 
1.96294  3.82933  1.96294  3.82933  |||| 5.4178 |||| 5.4178 
2.62623  1.67369  2.62623  1.67369  |||| 3.14782 |||| 3.14782 
2.28557  2.95723  2.28557  2.95723  |||| 3.54788 |||| 3.54788 
2.44915  1.83996  2.44915  1.83996  |||| 2.90479 |||| 2.90479 
2.25962  3.0261  2.25962  3.0261  |||| 3.54139 |||| 3.54139 
1.67792  4.10031  1.67792  4.10031  |||| 5.40803 |||| 5.40803 
2.58654  1.09279  2.58654  1.09279  |||| 3.42665 |||| 3.42665 
2.03587  3.86184  2.03587  3.86184  |||| 4.80296 |||| 4.80296 
2.33828  2.7113  2.33828  2.7113  |||| 2.99514 |||| 2.99514 
1.88815  3.49567  1.88815  3.49567  |||| 4.02534 |||| 4.02534 
2.36846  3.20307  2.36846  3.20307  |||| 3.47575 |||| 3.47575 
2.44911  2.21883  2.44911  2.21883  |||| 3.52438 |||| 3.52438 
2.295  2.71261  2.295  2.71261  |||| 3.20717 |||| 3.20717 
2.25503  3.09392  2.25503  3.09392  |||| 3.18716 |||| 3.18716 
2.28688  2.94496  2.28688  2.94496  |||| 3.37003 |||| 3.37003 
2.31097  2.93666  2.31097  2.93666  |||| 3.5411 |||| 3.5411 
2.58836  2.22826  2.58836  2.22826  |||| 4.48649 |||| 4.48649 
2.61566  2.07624  2.61566  2.07624  |||| 4.71385 |||| 4.71385 
2.48252  2.53045  2.48252  2.53045  |||| 4.44062 |||| 4.44062 
2.46493  1.87795  2.46493  1.87795  |||| 4.5327 |||| 4.5327 
2.08758  3.31048  2.08758  3.31048  |||| 3.39418 |||| 3.39418 
2.37457  2.6272  2.37457  2.6272  |||| 4.54033 |||| 4.54033 
1.1005  4.66898  1.1005  4.66898  |||| 4.90163 |||| 4.90163 
2.28077  2.17905  2.28077  2.17905  |||| 4.53594 |||| 4.53594 
2.59862  2.09223  2.59862  2.09223  |||| 5.99249 |||| 5.99249 
2.5725  1.84501  2.5725  1.84501  |||| 6.13857 |||| 6.13857 
2.59127  1.8924  2.59127  1.8924  |||| 6.49316 |||| 6.49316 
2.34911  2.44847  2.34911  2.44847  |||| 5.69136 |||| 5.69136 
2.31018  2.73622  2.31018  2.73622  |||| 5.78288 |||| 5.78288 
1.98  3.80895  1.98  3.80895  |||| 4.42006 |||| 4.42006 
2.28893  3.17076  2.28893  3.17076  |||| 6.29549 |||| 6.29549 
2.11421  3.17015  2.11421  3.17015  |||| 5.67683 |||| 5.67683 
2.4068  2.7734  2.4068  2.7734  |||| 7.75865 |||| 7.75865 
2.17947  2.94444  2.17947  2.94444  |||| 6.82192 |||| 6.82192 
2.32895  2.60215  2.32895  2.60215  |||| 8.30269 |||| 8.30269 
2.59439  2.38281  2.59439  2.38281  |||| 10.8446 |||| 10.8446 
1.74611  3.85562  1.74611  3.85562  |||| 5.06159 |||| 5.06159 
2.40094  3.03602  2.40094  3.03602  |||| 11.082 |||| 11.082 
2.40308  2.66273  2.40308  2.66273  |||| 12.1574 |||| 12.1574 
1.80104  4.19114  1.80104  4.19114  |||| 7.22668 |||| 7.22668 
2.26862  2.92297  2.26862  2.92297  |||| 13.4678 |||| 13.4678 
1.69677  4.20419  1.69677  4.20419  |||| 7.79135 |||| 7.79135 
2.59342  2.0459  2.59342  2.0459  |||| 22.5087 |||| 22.5087 
2.15106  3.00728  2.15106  3.00728  |||| 18.7192 |||| 18.7192 
2.45725  2.29313  2.45725  2.29313  |||| 29.547 |||| 29.547 
1.98704  3.62762  1.98704  3.62762  |||| 24.8232 |||| 24.8232 
2.10819  3.53131  2.10819  3.53131  |||| 39.5015 |||| 39.5015 
2.39297  2.12928  2.39297  2.12928  |||| 84.4417 |||| 84.4417 
1.62406  4.17043  1.62406  4.17043  |||| 102.619 |||| 102.619 
2.00007  0.000135377  2.02306  0.191949  |||| 1.99821 |||| 1918.14 
0.00221313  4.00007  1.57346  2.4714  |||| 3.99994 |||| 15716 
2.00007  0.00893702  0.727156  3.74752  |||| 2.00846 |||| 734.488 
2.00003  0.0272837  1.96634  0.731694  |||| 2.02923 |||| 47.7953 
1.99991  0.0513626  1.9942  0.306497  |||| 2.05035 |||| 12.0094 
1.99974  0.0730437  1.94368  0.943295  |||| 2.07188 |||| 26.4084 
1.9995  0.096263  1.98427  0.803522  |||| 2.09378 |||| 17.496 
1.9992  0.118615  0.494938  3.91002  |||| 2.1161 |||| 69.667 
1.99884  0.140586  1.77649  1.83786  |||| 2.13884 |||| 27.7073 
1.99838  0.164842  1.98133  0.546472  |||| 2.16197 |||| 7.1388 
1.99789  0.187056  1.87683  1.41294  |||| 2.1856 |||| 16.2888 
1.99721  0.213963  1.84901  1.5696  |||| 2.20954 |||| 16.1903 
1.99649  0.239414  1.54045  2.55135  |||| 2.23399 |||| 23.8113 
1.99569  0.2647  1.78619  1.8554  |||| 2.25891 |||| 15.81 
1.99477  0.291161  1.78616  1.79996  |||| 2.28427 |||| 14.1106 
1.99375  0.318051  1.80997  1.7735  |||| 2.31011 |||| 12.8734 
1.99262  0.345045  1.81464  1.68215  |||| 2.33646 |||| 11.3681 
1.99141  0.372014  1.9993  0.111456  |||| 2.36334 |||| 2.37271 
1.98993  0.402418  0.669839  3.77023  |||| 2.39056 |||| 22.3921 
1.98841  0.431523  1.94539  0.929029  |||| 2.4184 |||| 5.20182 
1.9867  0.461838  1.95608  0.834462  |||| 2.44673 |||| 4.41967 
1.98489  0.492115  1.99177  0.364186  |||| 2.47562 |||| 2.48422 
1.98287  0.523578  1.40402  2.8489  |||| 2.50502 |||| 13.6184 
1.98065  0.556207  1.96555  0.877574  |||| 2.53492 |||| 3.99948 
1.97828  0.589002  1.50124  2.64317  |||| 2.56542 |||| 11.5119 
1.97575  0.622062  1.96787  0.715051  |||| 2.59652 |||| 2.98135 
1.97291  0.657072  1.99299  0.336474  |||| 2.62807 |||| 2.65484 
1.9699  0.692311  1.84076  1.56455  |||| 2.66024 |||| 6.01226 
1.96666  0.72821  1.5921  2.42119  |||| 2.69301 |||| 8.95332 
1.96316  0.765073  1.85239  1.50862  |||| 2.72634 |||| 5.37569 
1.95941  0.802572  1.49806  2.73871  |||| 2.76028 |||| 9.41686 
1.95537  0.841088  1.57937  2.49578  |||| 2.7948 |||| 8.29063 
1.95098  0.880885  1.88222  1.35581  |||| 2.82995 |||| 4.35594 
1.94645  0.920155  1.47042  2.80821  |||| 2.86571 |||| 8.73622 
1.94139  0.961912  1.03568  3.50591  |||| 2.9019 |||| 10.5712 
1.93609  1.00378  1.84595  1.53985  |||| 2.93883 |||| 4.50425 
1.93028  1.04759  1.79357  1.77357  |||| 2.97614 |||| 5.03759 
1.92417  1.0916  2.01523  0.726359  |||| 3.01418 |||| 3.15697 
1.91763  1.13673  0.757754  3.70599  |||| 3.05277 |||| 9.94996 
1.9106  1.18312  1.8465  1.53725  |||| 3.09184 |||| 4.01699 
1.90311  1.23044  1.86532  1.4435  |||| 3.13169 |||| 3.67403 
1.89523  1.27816  1.32498  2.99649  |||| 3.1718 |||| 7.434 
1.88677  1.32731  1.9013  1.24162  |||| 3.21254 |||| 3.2373 
1.87767  1.37795  1.72908  2.01058  |||| 3.25363 |||| 4.74757 
1.86808  1.42916  1.88088  1.36033  |||| 3.2953 |||| 3.31791 
1.8579  1.48127  1.15957  3.28438  |||| 3.33747 |||| 7.39898 
1.84698  1.53495  1.31019  3.02861  |||| 3.38003 |||| 6.66945 
1.83544  1.58933  1.11543  3.3203  |||| 3.42287 |||| 7.15112 
1.82324  1.64454  1.83664  1.58379  |||| 3.46593 |||| 3.49142 
1.81024  1.70102  0.641862  3.80439  |||| 3.50933 |||| 7.84878 
1.79645  1.75853  1.80175  1.73669  |||| 3.55304 |||| 3.56342 
1.78189  1.81682  1.86847  1.42707  |||| 3.59676 |||| 3.77171 
1.76646  1.87613  0.904627  3.59633  |||| 3.64064 |||| 6.97876 
1.75018  1.93619  1.54886  2.53132  |||| 3.68462 |||| 4.81662 
1.73286  1.99753  1.82023  1.69166  |||| 3.72847 |||| 3.91648 
1.71465  2.05942  1.80031  1.80895  |||| 3.77215 |||| 3.96063 
1.69545  2.12207  0.543177  3.85139  |||| 3.81559 |||| 6.92519 
1.67523  2.18534  1.68972  2.2675  |||| 3.8586 |||| 4.00362 
1.6539  2.24939  1.33654  2.97588  |||| 3.90137 |||| 5.16146 
1.63152  2.31385  1.83524  1.59025  |||| 3.94338 |||| 4.43633 
1.60802  2.37874  0.882289  3.59339  |||| 3.9849 |||| 6.01946 
1.58327  2.44424  1.32476  2.99687  |||| 4.02558 |||| 4.9358 
1.55742  2.50981  1.56638  2.51878  |||| 4.06525 |||| 4.08862 
1.53033  2.5756  0.533657  3.85509  |||| 4.10399 |||| 6.14286 
1.50203  2.64137  1.33668  3.0287  |||| 4.14146 |||| 4.7488 
1.47251  2.70706  1.91488  1.15507  |||| 4.17762 |||| 5.4341 
1.44174  2.77252  1.88103  1.50266  |||| 4.2123 |||| 5.49725 
1.40972  2.83761  1.72288  2.03178  |||| 4.24538 |||| 5.18952 
1.37647  2.90217  1.24077  3.13738  |||| 4.27669 |||| 4.62331 
1.34198  2.96607  0.880806  3.59135  |||| 4.3061 |||| 5.21391 
1.30628  3.02915  1.27997  3.08709  |||| 4.33348 |||| 4.41638 
1.2694  3.09124  1.45457  2.75128  |||| 4.35867 |||| 4.99528 
1.23135  3.15219  0.6816  3.76067  |||| 4.38158 |||| 5.22741 
1.19218  3.21185  1.42905  2.8292  |||| 4.40207 |||| 5.27792 
1.15195  3.27006  1.55093  2.52581  |||| 4.42003 |||| 5.9533 
1.11067  3.32668  1.94785  0.908179  |||| 4.43539 |||| 7.78397 
1.06845  3.38154  1.11086  3.33036  |||| 4.44802 |||| 4.62475 
1.02533  3.43452  0.607331  3.86043  |||| 4.45788 |||| 5.01071 
0.98138  3.4855  1.52023  2.59941  |||| 4.46491 |||| 6.92092 
0.936691  3.53434  1.13973  3.30114  |||| 4.46906 |||| 5.43958 
0.89136  3.58092  0.302631  3.96418  |||| 4.47029 |||| 4.94875 
0.845411  3.62521  1.9894  0.570727  |||| 4.46865 |||| 10.5286 
0.798998  3.66707  1.64725  2.28228  |||| 4.4641 |||| 9.21419 
0.75219  3.70646  1.36092  2.93135  |||| 4.45668 |||| 8.07203 
0.705099  3.7433  0.677796  3.79621  |||| 4.44643 |||| 4.50928 
0.657806  3.77758  0.219461  3.97594  |||| 4.43341 |||| 4.66621 
0.610402  3.80927  1.2993  3.04381  |||| 4.4177 |||| 9.41848 
0.562988  3.83837  0.495674  3.87532  |||| 4.39938 |||| 4.44173 
0.515657  3.86488  1.10605  3.33283  |||| 4.37855 |||| 9.40965 
0.46849  3.88882  0.574756  3.83139  |||| 4.35533 |||| 5.34701 
0.421585  3.91023  0.736342  3.71925  |||| 4.32982 |||| 7.57675 
0.374998  3.92916  1.72626  2.02026  |||| 4.30218 |||| 19.8813 
0.328815  3.94567  1.8021  1.99102  |||| 4.27251 |||| 23.5232 
0.283137  3.95981  0.361522  3.95059  |||| 4.24097 |||| 5.42258 
0.237995  3.97167  1.80921  1.70538  |||| 4.20768 |||| 32.2038 
0.193452  3.98133  1.70353  2.09775  |||| 4.1728 |||| 37.0585 
0.149582  3.98888  1.86618  1.44438  |||| 4.13648 |||| 52.201 
0.106397  3.99442  1.79254  1.77441  |||| 4.09884 |||| 70.1946 
0.0639886  3.99803  1.98892  0.421938  |||| 4.06004 |||| 129.821 
0.0223647  3.99983  1.77708  1.83555  |||| 4.0202 |||| 347.944 
