0.362651  11.7767  0.362651  11.7767  |||| 34884.3 |||| 34884.3 
0.597934  14.4332  0.597934  14.4332  |||| 5906.88 |||| 5906.88 
0.974839  12.3316  0.974839  12.3316  |||| 792.496 |||| 792.496 
0.349644  14.5301  0.349644  14.5301  |||| 407.799 |||| 407.799 
0.385494  14.3912  0.385494  14.3912  |||| 239.237 |||| 239.237 
0.816309  10.8354  0.816309  10.8354  |||| 71.3209 |||| 71.3209 
0.0712165  14.0596  0.0712165  14.0596  |||| 125.688 |||| 125.688 
0.931493  12.0975  0.931493  12.0975  |||| 67.8744 |||| 67.8744 
0.423184  13.5103  0.423184  13.5103  |||| 78.7327 |||| 78.7327 
0.240038  13.3913  0.240038  13.3913  |||| 66.6797 |||| 66.6797 
0.41134  13.4077  0.41134  13.4077  |||| 59.0238 |||| 59.0238 
0.10628  13.617  0.10628  13.617  |||| 54.9699 |||| 54.9699 
0.603645  13.4535  0.603645  13.4535  |||| 48.2085 |||| 48.2085 
0.410894  12.1982  0.410894  12.1982  |||| 33.3199 |||| 33.3199 
0.648609  15.0976  0.648609  15.0976  |||| 53.385 |||| 53.385 
0.257456  12.2556  0.257456  12.2556  |||| 28.7999 |||| 28.7999 
0.271141  12.6372  0.271141  12.6372  |||| 29.3929 |||| 29.3929 
0.0754515  15.4624  0.0754515  15.4624  |||| 45.3595 |||| 45.3595 
0.871535  10.8638  0.871535  10.8638  |||| 15.2973 |||| 15.2973 
0.409528  11.6099  0.409528  11.6099  |||| 18.6015 |||| 18.6015 
0.721575  11.1095  0.721575  11.1095  |||| 14.9451 |||| 14.9451 
0.773312  10.4949  0.773312  10.4949  |||| 11.09 |||| 11.09 
0.798472  12.7524  0.798472  12.7524  |||| 21.3408 |||| 21.3408 
0.140061  13.5542  0.140061  13.5542  |||| 24.0029 |||| 24.0029 
0.324256  13.7786  0.324256  13.7786  |||| 23.9134 |||| 23.9134 
0.181818  12.8876  0.181818  12.8876  |||| 19.1805 |||| 19.1805 
0.332655  13.0129  0.332655  13.0129  |||| 18.8986 |||| 18.8986 
0.0729178  11.0971  0.0729178  11.0971  |||| 10.795 |||| 10.795 
0.273805  12.5336  0.273805  12.5336  |||| 15.6998 |||| 15.6998 
0.672546  9.86334  0.672546  9.86334  |||| 5.61308 |||| 5.61308 
0.814529  10.2713  0.814529  10.2713  |||| 6.81895 |||| 6.81895 
0.588439  13.9115  0.588439  13.9115  |||| 18.6806 |||| 18.6806 
0.384225  13.9572  0.384225  13.9572  |||| 18.2151 |||| 18.2151 
0.594512  11.8344  0.594512  11.8344  |||| 11.0325 |||| 11.0325 
0.772463  12.7125  0.772463  12.7125  |||| 13.3408 |||| 13.3408 
0.919024  12.0155  0.919024  12.0155  |||| 10.9037 |||| 10.9037 
0.696026  11.8909  0.696026  11.8909  |||| 10.2335 |||| 10.2335 
0.322354  12.9399  0.322354  12.9399  |||| 12.8413 |||| 12.8413 
0.0987075  11.8317  0.0987075  11.8317  |||| 9.51391 |||| 9.51391 
0.403783  11.2917  0.403783  11.2917  |||| 7.84915 |||| 7.84915 
0.873527  10.9248  0.873527  10.9248  |||| 6.7111 |||| 6.7111 
0.586839  13.329  0.586839  13.329  |||| 12.5061 |||| 12.5061 
0.217346  11.4892  0.217346  11.4892  |||| 7.74555 |||| 7.74555 
0.94805  10.8273  0.94805  10.8273  |||| 5.99595 |||| 5.99595 
0.489759  12.6214  0.489759  12.6214  |||| 9.99182 |||| 9.99182 
0.14011  11.52  0.14011  11.52  |||| 7.28068 |||| 7.28068 
0.27872  11.4882  0.27872  11.4882  |||| 7.04716 |||| 7.04716 
0.105259  11.2228  0.105259  11.2228  |||| 6.32061 |||| 6.32061 
0.0774054  11.717  0.0774054  11.717  |||| 7.22613 |||| 7.22613 
0.876456  12.1798  0.876456  12.1798  |||| 8.02893 |||| 8.02893 
0.731941  12.6083  0.731941  12.6083  |||| 8.72915 |||| 8.72915 
0.71332  11.0258  0.71332  11.0258  |||| 5.41987 |||| 5.41987 
0.259538  14.2924  0.259538  14.2924  |||| 11.6516 |||| 11.6516 
0.666389  13.0703  0.666389  13.0703  |||| 9.09985 |||| 9.09985 
0.00724557  11.4613  0.00724557  11.4613  |||| 5.9231 |||| 5.9231 
0.86742  10.3529  0.86742  10.3529  |||| 3.78206 |||| 3.78206 
0.24087  13.7301  0.24087  13.7301  |||| 9.7854 |||| 9.7854 
0.237442  12.1899  0.237442  12.1899  |||| 6.8894 |||| 6.8894 
0.157479  11.9758  0.157479  11.9758  |||| 6.39602 |||| 6.39602 
0.3822  12.4863  0.3822  12.4863  |||| 7.15486 |||| 7.15486 
0.739769  12.0396  0.739769  12.0396  |||| 6.28425 |||| 6.28425 
0.562362  10.5523  0.562362  10.5523  |||| 3.72898 |||| 3.72898 
0.0637177  14.294  0.0637177  14.294  |||| 9.72827 |||| 9.72827 
0.748931  10.1688  0.748931  10.1688  |||| 2.99661 |||| 2.99661 
0.577862  13.7111  0.577862  13.7111  |||| 8.50303 |||| 8.50303 
0.919134  11.0889  0.919134  11.0889  |||| 4.32226 |||| 4.32226 
0.259302  12.1451  0.259302  12.1451  |||| 5.86006 |||| 5.86006 
0.384357  13.2951  0.384357  13.2951  |||| 7.49115 |||| 7.49115 
0.144722  13.9489  0.144722  13.9489  |||| 8.34199 |||| 8.34199 
0.426688  12.9318  0.426688  12.9318  |||| 6.74172 |||| 6.74172 
0.466288  12.1607  0.466288  12.1607  |||| 5.54017 |||| 5.54017 
0.662824  12.7983  0.662824  12.7983  |||| 6.35943 |||| 6.35943 
0.914093  9.32383  0.914093  9.32383  |||| 3.23168 |||| 3.23168 
0.815174  11.9836  0.815174  11.9836  |||| 5.065 |||| 5.065 
0.294268  13.6573  0.294268  13.6573  |||| 7.25748 |||| 7.25748 
0.838471  11.3042  0.838471  11.3042  |||| 4.02131 |||| 4.02131 
0.953946  12.7721  0.953946  12.7721  |||| 5.89827 |||| 5.89827 
0.533642  12.9136  0.533642  12.9136  |||| 6.00381 |||| 6.00381 
0.605467  11.3955  0.605467  11.3955  |||| 3.9806 |||| 3.9806 
0.259953  11.8568  0.259953  11.8568  |||| 4.51244 |||| 4.51244 
0.595317  13.7955  0.595317  13.7955  |||| 6.87528 |||| 6.87528 
0.898707  8.28825  0.898707  8.28825  |||| 4.72233 |||| 4.72233 
0.493284  14.3299  0.493284  14.3299  |||| 7.35509 |||| 7.35509 
0.442636  12.4732  0.442636  12.4732  |||| 5.03219 |||| 5.03219 
0.214088  11.2669  0.214088  11.2669  |||| 3.53826 |||| 3.53826 
0.210355  11.9591  0.210355  11.9591  |||| 4.30833 |||| 4.30833 
0.668577  11.207  0.668577  11.207  |||| 4.80078 |||| 4.80078 
0.0325244  14.3503  0.0325244  14.3503  |||| 6.9483 |||| 6.9483 
0.0146041  12.9478  0.0146041  12.9478  |||| 5.27903 |||| 5.27903 
0.24694  12.4819  0.24694  12.4819  |||| 4.69687 |||| 4.69687 
0.741016  11.776  0.741016  11.776  |||| 7.56942 |||| 7.56942 
0.343495  11.7429  0.343495  11.7429  |||| 3.87676 |||| 3.87676 
0.323149  14.9305  0.323149  14.9305  |||| 7.1927 |||| 7.1927 
0.40918  14.1207  0.40918  14.1207  |||| 6.24678 |||| 6.24678 
0.279352  14.3222  0.279352  14.3222  |||| 6.39271 |||| 6.39271 
0.945061  11.4265  0.945061  11.4265  |||| 20.4235 |||| 20.4235 
0.94463  11.0583  0.94463  11.0583  |||| 26.2467 |||| 26.2467 
0.294897  13.3532  0.294897  13.3532  |||| 11.2759 |||| 11.2759 
0.928165  12.7856  0.928165  12.7856  |||| 60.1668 |||| 60.1668 
0.494557  14.3478  0.494557  14.3478  |||| 95.513 |||| 95.513 
0.857926  2.30709  0.857926  2.34027  |||| 0.857926 |||| 332.61 
0.000168638  3.99983  0.000168638  4.01175  |||| 1.69283 |||| 1.70475 
0.848857  2.31136  0.665019  3.37435  |||| 0.853209 |||| 209.199 
0.841083  2.32008  0.841083  2.32008  |||| 0.854157 |||| 0.854157 
0.835661  2.32888  0.819261  2.36867  |||| 0.857537 |||| 2.41739 
0.831191  2.33779  0.827353  2.34661  |||| 0.861975 |||| 1.10892 
0.827267  2.34682  0.291594  3.59663  |||| 0.867081 |||| 28.0852 
0.823704  2.35598  0.465818  3.99893  |||| 0.872681 |||| 30.1471 
0.820401  2.36528  0.669428  3.33169  |||| 0.878681 |||| 15.4491 
0.817293  2.37474  0.817293  2.37474  |||| 0.885024 |||| 0.885027 
0.814337  2.38434  0.905399  2.39014  |||| 0.891676 |||| 0.991387 
0.811502  2.39411  0.195742  3.63731  |||| 0.898612 |||| 13.7231 
0.808765  2.40405  0.412637  3.86785  |||| 0.905817 |||| 14.5679 
0.806108  2.41417  0.806108  2.41417  |||| 0.913279 |||| 0.913279 
0.803519  2.42448  0.803519  2.42448  |||| 0.920992 |||| 0.920992 
0.800984  2.43497  0.800984  2.44566  |||| 0.928952 |||| 1.00653 
0.798496  2.44566  0.798496  2.4904  |||| 0.937156 |||| 1.23952 
0.796045  2.45656  0.338245  3.67741  |||| 0.945604 |||| 8.6645 
0.793626  2.46768  0.266641  3.57658  |||| 0.954298 |||| 7.54052 
0.791232  2.47901  0.726247  2.88704  |||| 0.963238 |||| 3.24821 
0.788859  2.49057  0.788859  2.51331  |||| 0.97243 |||| 1.09288 
0.786501  2.50237  0.138614  3.79628  |||| 0.981874 |||| 7.48454 
0.784155  2.51442  0.531955  3.97606  |||| 0.991576 |||| 7.97887 
0.781816  2.52673  0.367139  3.74787  |||| 1.00154 |||| 6.56764 
0.779481  2.5393  0.541301  3.95951  |||| 1.01178 |||| 7.19757 
0.777148  2.55214  0.757119  2.67283  |||| 1.02229 |||| 1.52557 
0.774812  2.56527  0.774812  2.63545  |||| 1.03308 |||| 1.31379 
0.772471  2.5787  0.108781  3.79823  |||| 1.04417 |||| 5.73098 
0.770121  2.59243  0.770121  2.59243  |||| 1.05555 |||| 1.05555 
0.767761  2.60648  0.663502  3.35629  |||| 1.06724 |||| 3.73926 
0.765388  2.62087  0.765388  2.62428  |||| 1.07925 |||| 1.091 
0.762999  2.63559  0.762999  2.63559  |||| 1.09159 |||| 1.09159 
0.76059  2.65068  0.42713  3.93012  |||| 1.10426 |||| 5.21527 
0.758161  2.66613  0.542361  4.02763  |||| 1.11729 |||| 5.35305 
0.755707  2.68197  0.176909  3.67923  |||| 1.13068 |||| 4.13779 
0.753226  2.69821  0.303041  3.61161  |||| 1.14444 |||| 3.81646 
0.750717  2.71487  0.843127  2.33233  |||| 1.15859 |||| 1.3012 
0.748175  2.73197  0.237348  3.57605  |||| 1.17314 |||| 3.50328 
0.745597  2.74951  0.848428  2.31172  |||| 1.18811 |||| 1.35197 
0.742981  2.76753  0.678377  3.2469  |||| 1.20351 |||| 2.45626 
0.740324  2.78604  0.740324  2.78604  |||| 1.21936 |||| 1.21936 
0.737622  2.80505  0.500104  4  |||| 1.23567 |||| 4.20035 
0.734872  2.82461  0.580252  3.84179  |||| 1.25248 |||| 3.7138 
0.73207  2.84471  0.73207  2.8599  |||| 1.26978 |||| 1.30564 
0.729211  2.86541  0.608049  3.71105  |||| 1.28761 |||| 3.23756 
0.726292  2.88671  0.647435  3.46927  |||| 1.30599 |||| 2.61844 
0.723311  2.90863  0.707165  3.02959  |||| 1.32494 |||| 1.59131 
0.720257  2.93123  0.54917  3.94799  |||| 1.34448 |||| 3.53444 
0.71713  2.95451  0.720702  3.00554  |||| 1.36464 |||| 1.47219 
0.713924  2.97851  0.23016  3.57967  |||| 1.38544 |||| 2.62572 
0.71063  3.00328  0.71063  3.00328  |||| 1.4069 |||| 1.4069 
0.707244  3.02883  0.93101  2.52612  |||| 1.42907 |||| 1.88122 
0.703757  3.05521  0.710192  3.00658  |||| 1.45196 |||| 1.46524 
0.700163  3.08245  0.700163  3.08245  |||| 1.47561 |||| 1.47561 
0.696452  3.1106  0.1779  3.64656  |||| 1.50005 |||| 2.5005 
0.692614  3.1397  0.488852  4.01278  |||| 1.5253 |||| 3.1246 
0.688638  3.16978  0.691687  3.15068  |||| 1.55141 |||| 1.55828 
0.684513  3.2009  0.656269  3.40794  |||| 1.57841 |||| 1.944 
0.680224  3.23309  0.732431  2.84889  |||| 1.60631 |||| 1.7296 
0.675758  3.26641  0.238196  3.57572  |||| 1.63517 |||| 2.16232 
0.671095  3.3009  0.948545  2.60927  |||| 1.665 |||| 2.35335 
0.666217  3.33661  0.666217  3.33661  |||| 1.69582 |||| 1.69582 
0.6611  3.37357  0.686609  3.1851  |||| 1.72767 |||| 1.79434 
0.655716  3.41184  0.22365  3.58419  |||| 1.76055 |||| 2.03518 
0.650037  3.45142  0.595174  3.77619  |||| 1.79447 |||| 2.30369 
0.644025  3.49237  0.898051  2.36678  |||| 1.8294 |||| 2.55098 
0.637631  3.53469  0.848845  2.31137  |||| 1.86532 |||| 2.48318 
0.251411  3.57319  0.452285  3.99523  |||| 1.89445 |||| 2.5259 
0.251411  3.57319  0.645085  3.48523  |||| 1.86597 |||| 2.00693 
0.251411  3.57319  0.397838  3.8294  |||| 1.83832 |||| 2.21029 
0.251411  3.57319  0.251411  3.57319  |||| 1.81148 |||| 1.81148 
0.251411  3.57319  0.251411  3.57319  |||| 1.78542 |||| 1.78542 
0.251411  3.57319  0.50696  3.99891  |||| 1.76009 |||| 2.35187 
0.251411  3.57319  0.757721  2.66896  |||| 1.73548 |||| 2.80214 
0.251411  3.57319  0.454892  3.96827  |||| 1.71154 |||| 2.24558 
0.251411  3.57319  0.183396  3.63548  |||| 1.68825 |||| 1.77131 
0.251411  3.57319  0.251411  3.57319  |||| 1.66559 |||| 1.66559 
0.251411  3.57319  0.345422  3.71292  |||| 1.64353 |||| 1.82489 
0.251411  3.57319  0.733103  2.85397  |||| 1.62205 |||| 3.34158 
0.251411  3.57319  0.877911  2.32053  |||| 1.60112 |||| 4.19683 
0.251411  3.57319  0.251411  3.57319  |||| 1.58072 |||| 1.58072 
0.251411  3.57319  0.563433  3.90227  |||| 1.56084 |||| 2.98466 
0.251411  3.57319  0.964558  2.71921  |||| 1.54145 |||| 5.40154 
0.251411  3.57319  0.0271454  3.96599  |||| 1.52253 |||| 1.99485 
0.238353  3.57566  0.0583529  3.91115  |||| 1.507 |||| 1.90553 
0.222013  3.5855  0.537558  3.96667  |||| 1.50051 |||| 3.63315 
0.206746  3.60108  0.206746  3.60108  |||| 1.50083 |||| 1.50083 
0.192139  3.62123  0.732754  2.83978  |||| 1.50637 |||| 5.74479 
0.177908  3.64518  0.177908  3.64518  |||| 1.51609 |||| 1.51609 
0.163844  3.67237  0.746011  2.803  |||| 1.52921 |||| 6.96275 
0.149781  3.70233  0.770121  2.59243  |||| 1.54511 |||| 7.9444 
0.135581  3.73462  0.135581  3.75003  |||| 1.5632 |||| 1.58007 
0.121136  3.76871  0.868456  2.31235  |||| 1.58284 |||| 11.3478 
0.106346  3.80403  0.745262  2.75181  |||| 1.60338 |||| 11.2363 
0.0911416  3.83985  0.0446401  3.93892  |||| 1.62398 |||| 1.72895 
0.0754784  3.87524  0.0754784  3.87524  |||| 1.64374 |||| 1.64374 
0.0593396  3.90918  0.783295  2.5212  |||| 1.66151 |||| 21.9322 
0.0427605  3.94047  0.0427605  3.9838  |||| 1.67623 |||| 1.72069 
0.0258172  3.96796  0.769678  2.59505  |||| 1.68678 |||| 50.2857 
0.00862826  3.99067  0.74916  2.73687  |||| 1.6923 |||| 146.835 
