9.08522  348.031  9.08522  348.031  |||| 3.45923e+06 |||| 3.45923e+06 
226.69  218.293  226.69  218.293  |||| 2.26253e+06 |||| 2.26253e+06 
275.78  110.352  275.78  110.352  |||| 21215.9 |||| 21215.9 
187.572  17.8688  187.572  17.8688  |||| 1029.72 |||| 1029.72 
42.7745  110.733  42.7745  110.733  |||| 4258.09 |||| 4258.09 
32.793  364.354  32.793  364.354  |||| 10142.9 |||| 10142.9 
230.412  29.9617  230.412  29.9617  |||| 606.596 |||| 606.596 
55.537  144.398  55.537  144.398  |||| 2535.36 |||| 2535.36 
68.2402  154.778  68.2402  154.778  |||| 2301.81 |||| 2301.81 
319.739  3.51223  319.739  3.51223  |||| 345.763 |||| 345.763 
32.2585  303.533  32.2585  303.533  |||| 3475.26 |||| 3475.26 
34.4075  258.988  34.4075  258.988  |||| 2649.92 |||| 2649.92 
246.394  33.7241  246.394  33.7241  |||| 295.085 |||| 295.085 
178.545  8.50342  178.545  8.50342  |||| 201.787 |||| 201.787 
107.272  75.4098  107.272  75.4098  |||| 574.688 |||| 574.688 
14.2584  239.45  14.2584  239.45  |||| 1722.93 |||| 1722.93 
320.419  79.3158  320.419  79.3158  |||| 521.82 |||| 521.82 
57.795  270.271  57.795  270.271  |||| 1695.49 |||| 1695.49 
271.662  58.5189  271.662  58.5189  |||| 335.049 |||| 335.049 
140.02  111.496  140.02  111.496  |||| 612.576 |||| 612.576 
0.437536  94.9024  0.437536  94.9024  |||| 491.56 |||| 491.56 
6.68285  415.85  6.68285  415.85  |||| 2079.31 |||| 2079.31 
251.745  139.103  251.745  139.103  |||| 654.904 |||| 654.904 
38.4056  309.736  38.4056  309.736  |||| 1402.21 |||| 1402.21 
193.623  66.3695  193.623  66.3695  |||| 279.895 |||| 279.895 
58.0493  167.1  58.0493  167.1  |||| 688.052 |||| 688.052 
206.726  41.1889  206.726  41.1889  |||| 275.051 |||| 275.051 
158.792  103.286  158.792  103.286  |||| 388.843 |||| 388.843 
55.7461  49.2274  55.7461  49.2274  |||| 174.254 |||| 174.254 
118.785  96.0319  118.785  96.0319  |||| 334.712 |||| 334.712 
268.942  18.5648  268.942  18.5648  |||| 378.61 |||| 378.61 
207.392  2.10778  207.392  2.10778  |||| 296.081 |||| 296.081 
58.2636  241.681  58.2636  241.681  |||| 769.776 |||| 769.776 
177.488  58.607  177.488  58.607  |||| 260.917 |||| 260.917 
382.704  3.18328  382.704  3.18328  |||| 571.941 |||| 571.941 
47.7577  215.084  47.7577  215.084  |||| 623.033 |||| 623.033 
102.8  169.525  102.8  169.525  |||| 475.561 |||| 475.561 
140.544  134.393  140.544  134.393  |||| 365.182 |||| 365.182 
393.217  33.4799  393.217  33.4799  |||| 625.893 |||| 625.893 
181.592  3.08257  181.592  3.08257  |||| 293.439 |||| 293.439 
191.573  6.53843  191.573  6.53843  |||| 314.811 |||| 314.811 
161.094  78.3458  161.094  78.3458  |||| 269.134 |||| 269.134 
72.5725  82.3638  72.5725  82.3638  |||| 194.2 |||| 194.2 
305.887  33.0582  305.887  33.0582  |||| 529.806 |||| 529.806 
201.917  99.8  201.917  99.8  |||| 355.765 |||| 355.765 
162.988  166.257  162.988  166.257  |||| 369.807 |||| 369.807 
288.116  16.2595  288.116  16.2595  |||| 526.962 |||| 526.962 
34.3011  134.531  34.3011  134.531  |||| 285.218 |||| 285.218 
136.412  179.357  136.412  179.357  |||| 373.557 |||| 373.557 
195.328  165.262  195.328  165.262  |||| 378.203 |||| 378.203 
29.7594  235.199  29.7594  235.199  |||| 470.988 |||| 470.988 
189.715  143.543  189.715  143.543  |||| 382.457 |||| 382.457 
240.874  106.838  240.874  106.838  |||| 496.057 |||| 496.057 
258.353  40.1895  258.353  40.1895  |||| 543.564 |||| 543.564 
339.888  56.179  339.888  56.179  |||| 731.123 |||| 731.123 
123.505  157.283  123.505  157.283  |||| 284.246 |||| 284.246 
99.2561  152.165  99.2561  152.165  |||| 269.827 |||| 269.827 
58.0552  227.617  58.0552  227.617  |||| 398.196 |||| 398.196 
30.8038  137.333  30.8038  137.333  |||| 234.55 |||| 234.55 
38.6056  61.1463  38.6056  61.1463  |||| 100.622 |||| 100.622 
254.901  68.1005  254.901  68.1005  |||| 631.326 |||| 631.326 
74.0612  268.949  74.0612  268.949  |||| 439.504 |||| 439.504 
32.0253  290.278  32.0253  290.278  |||| 466.789 |||| 466.789 
188.295  77.5757  188.295  77.5757  |||| 504.384 |||| 504.384 
148.308  110.582  148.308  110.582  |||| 408.205 |||| 408.205 
250.481  63.348  250.481  63.348  |||| 710.268 |||| 710.268 
1.12667  279.644  1.12667  279.644  |||| 421.683 |||| 421.683 
96.5714  61.0011  96.5714  61.0011  |||| 289.88 |||| 289.88 
37.3657  141.596  37.3657  141.596  |||| 205.562 |||| 205.562 
19.0556  124.03  19.0556  124.03  |||| 177.013 |||| 177.013 
84.5327  134.875  84.5327  134.875  |||| 279.367 |||| 279.367 
262.914  31.3925  262.914  31.3925  |||| 902.55 |||| 902.55 
250.113  95.7128  250.113  95.7128  |||| 889.754 |||| 889.754 
353.583  85.0309  353.583  85.0309  |||| 1305.97 |||| 1305.97 
118.237  141.228  118.237  141.228  |||| 452.719 |||| 452.719 
175.213  174.328  175.213  174.328  |||| 699.103 |||| 699.103 
275.835  84.7166  275.835  84.7166  |||| 1148.47 |||| 1148.47 
23.3866  367.561  23.3866  367.561  |||| 474.363 |||| 474.363 
56.829  187.291  56.829  187.291  |||| 257.04 |||| 257.04 
159.16  131.913  159.16  131.913  |||| 758.768 |||| 758.768 
205.961  71.7566  205.961  71.7566  |||| 1032.88 |||| 1032.88 
199.088  79.4417  199.088  79.4417  |||| 1052.31 |||| 1052.31 
208.49  129.845  208.49  129.845  |||| 1165.09 |||| 1165.09 
3.5637  242.173  3.5637  242.173  |||| 288.667 |||| 288.667 
75.6935  244.993  75.6935  244.993  |||| 475.813 |||| 475.813 
174.764  124.427  174.764  124.427  |||| 1178.21 |||| 1178.21 
357.046  62.9297  357.046  62.9297  |||| 2588.72 |||| 2588.72 
12.514  297.463  12.514  297.463  |||| 338.536 |||| 338.536 
261.561  125.05  261.561  125.05  |||| 2225.23 |||| 2225.23 
108.934  220.947  108.934  220.947  |||| 1012.63 |||| 1012.63 
148.979  131.157  148.979  131.157  |||| 1532.32 |||| 1532.32 
43.044  102.321  43.044  102.321  |||| 491.228 |||| 491.228 
94.3731  33.1603  94.3731  33.1603  |||| 1227.43 |||| 1227.43 
64.4809  307.762  64.4809  307.762  |||| 965.578 |||| 965.578 
304.228  52.9318  304.228  52.9318  |||| 5412.99 |||| 5412.99 
144.314  142.937  144.314  142.937  |||| 3133.31 |||| 3133.31 
146.674  205.394  146.674  205.394  |||| 4094.62 |||| 4094.62 
69.1096  274.262  69.1096  274.262  |||| 2691.95 |||| 2691.95 
220.122  200.093  220.122  200.093  |||| 14352.7 |||| 14352.7 
254.612  38.8448  254.612  38.8448  |||| 49818.2 |||| 49818.2 
0.499951  4.89418e-05  33.9161  15.6925  |||| 0.499951 |||| 156925 
4.96633e-05  0.49995  0.132653  0.367347  |||| 0.49995 |||| 1326.53 
0.497449  0.00255102  0.497449  0.00255102  |||| 0.5 |||| 0.5 
0.492347  0.00765305  0.492347  0.00765307  |||| 0.5 |||| 0.500001 
0.487245  0.0127551  7.59759  5.23971  |||| 0.5 |||| 205.397 
0.482143  0.0178571  19.9607  16.2643  |||| 0.5 |||| 455.399 
0.477041  0.0229592  0.448979  0.0510207  |||| 0.5 |||| 1.11112 
0.471939  0.0280612  0.418318  0.0816815  |||| 0.5 |||| 1.45542 
0.466837  0.0331633  0.230631  0.269369  |||| 0.5 |||| 4.06125 
0.461735  0.0382653  0.283163  0.216837  |||| 0.5 |||| 2.83333 
0.456633  0.0433674  13.8286  35.9915  |||| 0.5 |||| 414.961 
0.451531  0.0484694  0.382653  0.117347  |||| 0.5 |||| 1.21053 
0.446429  0.0535715  0.34675  0.15325  |||| 0.5 |||| 1.43033 
0.441327  0.0586735  1.4725  4.4175  |||| 0.5 |||| 37.6448 
0.436225  0.0637755  9.94469  6.03203  |||| 0.5 |||| 47.2911 
0.431123  0.0688775  0.208487  0.291513  |||| 0.5 |||| 2.11617 
0.426021  0.0739795  1.42592  3.5365  |||| 0.5 |||| 23.9019 
0.420919  0.0790815  8.2006  3.61791  |||| 0.5 |||| 22.8746 
0.415817  0.0841835  17.3152  82.8886  |||| 0.5 |||| 492.309 
0.410715  0.0892855  26.1664  30.8183  |||| 0.5 |||| 172.583 
0.405612  0.094388  27.9  32.1924  |||| 0.5 |||| 170.532 
0.40051  0.09949  0.158163  0.341837  |||| 0.5 |||| 1.71795 
0.395408  0.104592  7.63568  4.73287  |||| 0.5 |||| 22.6254 
0.390306  0.109694  0.295897  0.204103  |||| 0.5 |||| 0.930329 
0.385204  0.114796  35.3948  15.6154  |||| 0.5 |||| 68.0136 
0.380102  0.119898  19.8602  7.17175  |||| 0.5 |||| 29.9077 
0.375  0.125  13.8553  86.7242  |||| 0.5 |||| 346.897 
0.369898  0.130102  29.5749  34.1248  |||| 0.5 |||| 131.146 
0.364796  0.135204  0.977369  0.308298  |||| 0.5 |||| 1.33961 
0.359694  0.140306  0.135204  0.364796  |||| 0.5 |||| 1.3 
0.354592  0.145408  23.1715  65.8797  |||| 0.5 |||| 226.534 
0.34949  0.15051  55.8419  24.0487  |||| 0.5 |||| 79.8906 
0.344388  0.155612  1.08258  2.86396  |||| 0.5 |||| 9.20223 
0.339286  0.160714  20.3374  38.2822  |||| 0.5 |||| 119.1 
0.334184  0.165816  0.0272324  0.472768  |||| 0.5 |||| 1.42557 
0.329082  0.170918  0.1107  0.393885  |||| 0.5 |||| 1.15226 
0.32398  0.17602  0.221939  0.278061  |||| 0.5 |||| 0.789854 
0.318878  0.181122  0.183673  0.316327  |||| 0.5 |||| 0.873239 
0.313776  0.186224  64.2406  38.1265  |||| 0.5 |||| 102.367 
0.308673  0.191327  3.06244  71.9672  |||| 0.5 |||| 188.074 
0.303571  0.196429  0.195526  0.304474  |||| 0.5 |||| 0.775026 
0.298469  0.201531  27.7547  24.0541  |||| 0.5 |||| 59.6787 
0.293368  0.206632  0.080935  2.18526  |||| 0.5 |||| 5.2878 
0.288266  0.211734  0.930334  1.75121  |||| 0.5 |||| 4.1354 
0.283164  0.216836  2.13598  1.63565  |||| 0.5 |||| 3.77163 
0.278061  0.221939  0.293118  9.28229  |||| 0.5 |||| 20.9118 
0.272959  0.227041  0.186224  0.313776  |||| 0.5 |||| 0.691011 
0.267857  0.232143  0.724263  3.26375  |||| 0.5 |||| 7.02961 
0.262755  0.237245  2.26396  47.0402  |||| 0.5 |||| 99.1383 
0.257653  0.242347  0.950067  0.067491  |||| 0.5 |||| 1.84369 
0.252551  0.247449  11.8655  3.11297  |||| 0.5 |||| 23.4914 
0.247449  0.252551  2.59158  2.64502  |||| 0.5 |||| 5.2366 
0.242347  0.257653  4.9992  4.65727  |||| 0.5 |||| 10.3141 
0.237245  0.262755  0.216837  0.283163  |||| 0.5 |||| 0.538835 
0.232143  0.267857  0.18919  0.31081  |||| 0.5 |||| 0.580178 
0.227041  0.272959  39.015  11.2938  |||| 0.5 |||| 85.9206 
0.221939  0.278061  27.7319  10.2783  |||| 0.5 |||| 62.4765 
0.216836  0.283164  8.62654  6.48028  |||| 0.5 |||| 19.8918 
0.211734  0.288266  93.5987  1.25732  |||| 0.5 |||| 221.029 
0.206632  0.293368  0.739563  5.5628  |||| 0.5 |||| 9.48094 
0.201531  0.298469  23.7734  79.7732  |||| 0.5 |||| 133.637 
0.196429  0.303571  6.7378  18.1794  |||| 0.5 |||| 29.9425 
0.191327  0.308673  0.13673  0.702783  |||| 0.5 |||| 1.13839 
0.186224  0.313775  2.63794  0.634441  |||| 0.5 |||| 7.08269 
0.181122  0.318878  32.5261  57.2642  |||| 0.5 |||| 89.7903 
0.17602  0.323979  27.2979  20.9039  |||| 0.5 |||| 77.5419 
0.170919  0.329082  12.7743  24.5954  |||| 0.5 |||| 37.3698 
0.165816  0.334184  85.6769  12.5258  |||| 0.5 |||| 258.349 
0.160714  0.339286  0.554996  0.137865  |||| 0.5 |||| 1.72665 
0.155612  0.344388  0.413265  0.0867349  |||| 0.5 |||| 1.32787 
0.15051  0.34949  21.8131  4.25623  |||| 0.5 |||| 72.4641 
0.145408  0.354592  0.382653  0.117347  |||| 0.5 |||| 1.31579 
0.140306  0.359694  0.140306  0.359694  |||| 0.5 |||| 0.5 
0.135204  0.364796  0.313934  0.186066  |||| 0.5 |||| 1.16096 
0.130102  0.369898  0.242347  0.257653  |||| 0.5 |||| 0.931374 
0.125  0.375  0.298469  0.201531  |||| 0.5 |||| 1.19388 
0.119898  0.380102  40.6041  13.0002  |||| 0.5 |||| 169.328 
0.114796  0.385204  9.89582  28.8957  |||| 0.5 |||| 43.1017 
0.109694  0.390306  0.109694  0.390306  |||| 0.5 |||| 0.5 
0.104592  0.395408  5.47127  8.82698  |||| 0.5 |||| 26.1553 
0.09949  0.40051  5.7786  5.32538  |||| 0.5 |||| 29.0411 
0.094388  0.405612  14.5374  8.07635  |||| 0.5 |||| 77.0088 
0.0892855  0.410714  13.4087  16.4561  |||| 0.5 |||| 75.0886 
0.0841835  0.415817  0.323979  0.176021  |||| 0.5 |||| 1.92425 
0.0790815  0.420918  0.298206  0.201794  |||| 0.5 |||| 1.88544 
0.0739795  0.426021  104.018  12.4822  |||| 0.5 |||| 703.021 
0.0688775  0.431123  5.42706  10.2157  |||| 0.5 |||| 39.3965 
0.0637755  0.436225  0.0127551  0.487245  |||| 0.5 |||| 0.558479 
0.0586735  0.441327  0.0637755  0.436225  |||| 0.5 |||| 0.543478 
0.0535715  0.446429  3.93025  21.8127  |||| 0.5 |||| 36.6822 
0.0484694  0.451531  0.1153  0.3847  |||| 0.5 |||| 1.18941 
0.0433674  0.456633  0.234694  0.265306  |||| 0.5 |||| 2.70588 
0.0382653  0.461735  0.436224  0.0637757  |||| 0.5 |||| 5.7 
0.0331633  0.466837  0.181122  0.318878  |||| 0.5 |||| 2.73077 
0.0280612  0.471939  0.138065  0.989463  |||| 0.5 |||| 2.46006 
0.0229592  0.477041  0.00479196  0.934522  |||| 0.5 |||| 0.979498 
0.0178571  0.482143  15.5328  56.9535  |||| 0.5 |||| 434.917 
0.0127551  0.487245  0.445403  0.0545971  |||| 0.5 |||| 17.4598 
0.00765305  0.492347  0.341837  0.158163  |||| 0.5 |||| 22.3334 
0.00255102  0.497449  2.79795  4.3241  |||| 0.5 |||| 548.399 
