2.95566  0.981859  0.981859  2.95566  0.981859  0.981859  |||| 152.409 |||| 152.409 
2.96456  0.982898  0.983037  2.96456  0.982898  0.983037  |||| 3167.21 |||| 3167.21 
2.78042  0.973739  1.06146  2.78042  0.973739  1.06146  |||| 1325.72 |||| 1325.72 
2.93283  0.980637  0.983439  2.93283  0.980637  0.983439  |||| 0.417329 |||| 0.417329 
2.85932  0.982176  0.991055  2.85932  0.982176  0.991055  |||| 0.726865 |||| 0.726865 
2.88214  0.978043  0.977218  2.88214  0.978043  0.977218  |||| 0.284673 |||| 0.284673 
2.85502  0.986904  0.988545  2.85502  0.986904  0.988545  |||| 0.845978 |||| 0.845978 
2.78016  0.99469  0.984322  2.78016  0.99469  0.984322  |||| 0.347546 |||| 0.347546 
2.77451  0.98733  1.05721  2.77451  0.98733  1.05721  |||| 0.993901 |||| 0.993901 
2.89651  0.986493  0.98533  2.89651  0.986493  0.98533  |||| 0.614219 |||| 0.614219 
2.76389  0.981275  1.08958  2.76389  0.981275  1.08958  |||| 6.96951 |||| 6.96951 
2.84315  0.983597  0.981541  2.84315  0.983597  0.981541  |||| 0.277426 |||| 0.277426 
2.82674  0.981275  0.978439  2.82674  0.981275  0.978439  |||| 0.260388 |||| 0.260388 
2.92141  0.975561  0.977218  2.92141  0.975561  0.977218  |||| 0.407707 |||| 0.407707 
2.83632  0.991041  0.990565  2.83632  0.991041  0.990565  |||| 0.342434 |||| 0.342434 
2.85806  0.987501  1.0066  2.85806  0.987501  1.0066  |||| 0.327937 |||| 0.327937 
2.86675  0.987342  0.990998  2.86675  0.987342  0.990998  |||| 0.349166 |||| 0.349166 
2.90522  0.984833  0.988299  2.90522  0.984833  0.988299  |||| 0.753786 |||| 0.753786 
2.88736  0.980989  1.00171  2.88736  0.980989  1.00171  |||| 2.66188 |||| 2.66188 
2.80323  0.991291  0.987884  2.80323  0.991291  0.987884  |||| 0.264454 |||| 0.264454 
2.8138  0.974275  0.98413  2.8138  0.974275  0.98413  |||| 0.288497 |||| 0.288497 
2.89988  0.990624  0.989686  2.89988  0.990624  0.989686  |||| 0.447435 |||| 0.447435 
2.94083  0.978642  0.978367  2.94083  0.978642  0.978367  |||| 0.531122 |||| 0.531122 
2.91902  0.987836  0.985987  2.91902  0.987836  0.985987  |||| 0.501916 |||| 0.501916 
2.84052  0.977545  1.03863  2.84052  0.977545  1.03863  |||| 0.366875 |||| 0.366875 
2.88996  0.988905  0.990792  2.88996  0.988905  0.990792  |||| 0.49359 |||| 0.49359 
2.91139  0.981343  0.982101  2.91139  0.981343  0.982101  |||| 0.519 |||| 0.519 
2.77883  0.978471  1.11258  2.77883  0.978471  1.11258  |||| 0.482986 |||| 0.482986 
2.83486  0.983047  1.03813  2.83486  0.983047  1.03813  |||| 0.395304 |||| 0.395304 
2.89679  0.983643  0.986744  2.89679  0.983643  0.986744  |||| 0.521542 |||| 0.521542 
2.86694  0.97871  0.991142  2.86694  0.97871  0.991142  |||| 0.468605 |||| 0.468605 
2.89587  0.986932  0.99242  2.89587  0.986932  0.99242  |||| 0.541591 |||| 0.541591 
2.88218  0.980497  0.980295  2.88218  0.980497  0.980295  |||| 0.522461 |||| 0.522461 
2.64784  1.02474  0.986371  2.64784  1.02474  0.986371  |||| 3.31661 |||| 3.31661 
2.8396  0.984295  0.992592  2.8396  0.984295  0.992592  |||| 2.7105 |||| 2.7105 
2.80184  0.989313  0.97684  2.80184  0.989313  0.97684  |||| 0.365634 |||| 0.365634 
2.86951  0.980301  0.991312  2.86951  0.980301  0.991312  |||| 0.537604 |||| 0.537604 
2.85691  0.985233  0.981317  2.85691  0.985233  0.981317  |||| 0.517987 |||| 0.517987 
2.91642  0.983374  0.982693  2.91642  0.983374  0.982693  |||| 0.679884 |||| 0.679884 
2.85336  0.987493  0.995418  2.85336  0.987493  0.995418  |||| 0.531632 |||| 0.531632 
2.83634  0.984799  0.982014  2.83634  0.984799  0.982014  |||| 0.498377 |||| 0.498377 
2.9157  0.976908  0.980849  2.9157  0.976908  0.980849  |||| 0.72396 |||| 0.72396 
2.90307  0.966747  0.968458  2.90307  0.966747  0.968458  |||| 0.705313 |||| 0.705313 
2.82445  0.988513  1.00981  2.82445  0.988513  1.00981  |||| 0.499106 |||| 0.499106 
2.7464  0.975544  1.12327  2.7464  0.975544  1.12327  |||| 0.721327 |||| 0.721327 
2.8893  0.990256  0.990926  2.8893  0.990256  0.990926  |||| 0.714215 |||| 0.714215 
2.93999  0.976217  0.975976  2.93999  0.976217  0.975976  |||| 0.884385 |||| 0.884385 
2.82505  0.982899  0.994902  2.82505  0.982899  0.994902  |||| 0.549158 |||| 0.549158 
2.89436  0.981179  0.983333  2.89436  0.981179  0.983333  |||| 0.782314 |||| 0.782314 
2.86019  0.986296  1.01365  2.86019  0.986296  1.01365  |||| 0.690279 |||| 0.690279 
2.88705  0.966618  0.970905  2.88705  0.966618  0.970905  |||| 0.796752 |||| 0.796752 
2.89256  0.983049  0.982428  2.89256  0.983049  0.982428  |||| 0.835521 |||| 0.835521 
2.91621  0.985975  0.984121  2.91621  0.985975  0.984121  |||| 0.93951 |||| 0.93951 
2.70717  0.98104  1.39026  2.70717  0.98104  1.39026  |||| 0.733595 |||| 0.733595 
2.90573  0.977972  0.977366  2.90573  0.977972  0.977366  |||| 0.950394 |||| 0.950394 
2.89302  0.972127  0.981972  2.89302  0.972127  0.981972  |||| 0.927605 |||| 0.927605 
2.83389  0.981727  1.01544  2.83389  0.981727  1.01544  |||| 0.722954 |||| 0.722954 
2.9324  0.976036  0.977593  2.9324  0.976036  0.977593  |||| 1.13627 |||| 1.13627 
2.90008  0.980686  0.984533  2.90008  0.980686  0.984533  |||| 1.03552 |||| 1.03552 
2.87259  0.988203  0.994362  2.87259  0.988203  0.994362  |||| 0.949086 |||| 0.949086 
2.89205  0.989026  0.995101  2.89205  0.989026  0.995101  |||| 1.06144 |||| 1.06144 
2.80933  0.987842  1.0313  2.80933  0.987842  1.0313  |||| 0.722842 |||| 0.722842 
2.78697  0.97487  1.103  2.78697  0.97487  1.103  |||| 0.732929 |||| 0.732929 
2.83802  0.975058  1.01402  2.83802  0.975058  1.01402  |||| 0.904536 |||| 0.904536 
2.91665  0.982391  0.981496  2.91665  0.982391  0.981496  |||| 1.31932 |||| 1.31932 
2.91163  0.981601  0.979571  2.91163  0.981601  0.979571  |||| 1.33698 |||| 1.33698 
2.91844  0.983  0.982125  2.91844  0.983  0.982125  |||| 2.16217 |||| 2.16217 
2.9167  0.983195  0.983722  2.9167  0.983195  0.983722  |||| 1.45677 |||| 1.45677 
2.96018  0.987662  0.987525  2.96018  0.987662  0.987525  |||| 1.75216 |||| 1.75216 
2.94769  0.985911  0.985337  2.94769  0.985911  0.985337  |||| 1.74322 |||| 1.74322 
2.80348  0.987859  1.01422  2.80348  0.987859  1.01422  |||| 0.938673 |||| 0.938673 
2.9455  0.975479  0.975956  2.9455  0.975479  0.975956  |||| 1.86438 |||| 1.86438 
2.67558  0.991246  1.06888  2.67558  0.991246  1.06888  |||| 0.309924 |||| 0.309924 
2.91469  0.985159  0.988812  2.91469  0.985159  0.988812  |||| 1.80949 |||| 1.80949 
2.80073  0.986895  0.995814  2.80073  0.986895  0.995814  |||| 1.08089 |||| 1.08089 
2.86978  0.986636  1.00262  2.86978  0.986636  1.00262  |||| 1.63836 |||| 1.63836 
2.93916  0.984001  0.984785  2.93916  0.984001  0.984785  |||| 2.24914 |||| 2.24914 
2.79065  0.979213  1.10461  2.79065  0.979213  1.10461  |||| 1.15523 |||| 1.15523 
2.83832  0.989481  0.993105  2.83832  0.989481  0.993105  |||| 1.6175 |||| 1.6175 
2.90115  0.975345  0.975902  2.90115  0.975345  0.975902  |||| 2.26299 |||| 2.26299 
2.88714  0.982147  0.986069  2.88714  0.982147  0.986069  |||| 2.25434 |||| 2.25434 
2.91329  0.979367  0.981922  2.91329  0.979367  0.981922  |||| 2.64389 |||| 2.64389 
2.87817  0.97038  0.971939  2.87817  0.97038  0.971939  |||| 2.43244 |||| 2.43244 
2.79919  0.989336  1.12229  2.79919  0.989336  1.12229  |||| 1.70027 |||| 1.70027 
2.92031  0.985852  0.986197  2.92031  0.985852  0.986197  |||| 3.2681 |||| 3.2681 
2.8326  0.982493  1.05732  2.8326  0.982493  1.05732  |||| 2.37582 |||| 2.37582 
2.83118  0.978336  1.04248  2.83118  0.978336  1.04248  |||| 2.53946 |||| 2.53946 
2.78381  0.986101  1.00402  2.78381  0.986101  1.00402  |||| 2.03982 |||| 2.03982 
2.86654  0.975693  0.985803  2.86654  0.975693  0.985803  |||| 3.57652 |||| 3.57652 
2.83289  0.979823  0.993872  2.83289  0.979823  0.993872  |||| 3.3237 |||| 3.3237 
2.88918  0.983295  0.979386  2.88918  0.983295  0.979386  |||| 4.80466 |||| 4.80466 
2.90833  0.987127  0.984906  2.90833  0.987127  0.984906  |||| 5.81199 |||| 5.81199 
2.77222  0.99406  1.00721  2.77222  0.99406  1.00721  |||| 3.15379 |||| 3.15379 
2.6636  0.983825  1.36933  2.6636  0.983825  1.36933  |||| 0.487357 |||| 0.487357 
2.86909  0.990676  0.987692  2.86909  0.990676  0.987692  |||| 7.69159 |||| 7.69159 
2.92217  0.983477  0.984399  2.92217  0.983477  0.984399  |||| 11.6876 |||| 11.6876 
2.81026  0.986295  0.983749  2.81026  0.986295  0.983749  |||| 8.92029 |||| 8.92029 
2.87299  0.980683  0.98703  2.87299  0.980683  0.98703  |||| 17.358 |||| 17.358 
2.874  0.978802  0.995752  2.874  0.978802  0.995752  |||| 29.1355 |||| 29.1355 
2.81193  0.996867  0.986701  2.81193  0.996867  0.986701  |||| 63.5817 |||| 63.5817 
2.46133  0.72553  0.707313  2.47761  0.743677  0.725859  |||| 16.2528 |||| 197.721 
0.720985  4.63123  0.723834  1.87061  1.05073  1.14036  |||| 165.209 |||| 11563 
0.735905  0.735905  6.73591  1.82708  1.06028  0.77788  |||| 215.897 |||| 11127.6 
2.23961  0.782648  0.73904  2.21789  0.808639  0.751124  |||| 1.64327 |||| 2.36041 
2.06071  0.866239  0.750452  1.67598  1.22926  0.766766  |||| 1.5376 |||| 5.41846 
2.1526  0.789735  0.894291  2.15234  0.799207  0.938573  |||| 1.71335 |||| 1.92068 
1.93429  0.964527  0.742999  2.08078  0.858082  0.88909  |||| 1.50606 |||| 7.65565 
2.01039  0.857116  0.928336  1.7551  1.08633  0.981726  |||| 1.65187 |||| 4.48715 
1.8871  0.949225  0.83954  1.50462  1.41448  0.870255  |||| 1.53934 |||| 4.64015 
2.10084  0.7848  1.12527  2.16655  0.790589  0.992012  |||| 1.88193 |||| 2.06083 
1.78567  1.11084  0.727538  1.72771  1.1785  0.757083  |||| 1.48429 |||| 2.86378 
1.87108  0.932074  0.943847  2.27574  0.780217  0.805031  |||| 1.64318 |||| 2.218 
1.76907  1.05557  0.813359  1.65698  1.11482  1.11728  |||| 1.54153 |||| 4.192 
1.97539  0.838508  1.18592  2.00656  0.851035  1.1821  |||| 1.87942 |||| 2.06082 
1.70742  1.14703  0.797627  1.88391  0.945595  0.955874  |||| 1.51463 |||| 3.85008 
1.8654  0.921857  1.13531  1.71124  1.06367  1.14623  |||| 1.79571 |||| 3.02875 
1.73417  1.06521  0.962329  2.06839  0.848606  0.951125  |||| 1.62673 |||| 2.15982 
2.04349  0.773474  1.4793  1.83039  0.968171  1.04706  |||| 2.16701 |||| 10.1085 
1.62056  1.30515  0.717557  1.7115  1.10008  1.09513  |||| 1.50975 |||| 31.0458 
1.71505  1.04709  1.07758  1.65907  0.997245  1.81524  |||| 1.7032 |||| 5.05658 
1.62606  1.20425  0.860151  1.46885  1.16181  1.80542  |||| 1.58495 |||| 9.19214 
1.82745  0.914017  1.35081  2.01447  1.02761  1.12705  |||| 1.99004 |||| 3.17905 
1.55856  1.30041  0.813437  1.95658  0.973093  0.851193  |||| 1.53044 |||| 2.25196 
1.72205  1.01573  1.25884  1.69907  1.04839  1.26617  |||| 1.86521 |||| 2.05335 
1.59838  1.18887  1.02021  1.79138  1.08704  0.905229  |||| 1.67055 |||| 2.03526 
1.89114  0.823092  1.69617  2.17047  0.792729  0.869592  |||| 2.27021 |||| 2.80906 
1.50598  1.41963  0.77286  1.25569  1.85555  0.777865  |||| 1.55969 |||| 2.53697 
1.63836  1.10267  1.21978  2.33851  0.764931  0.726791  |||| 1.85765 |||| 3.26518 
1.52508  1.28398  0.994534  1.68888  1.15065  0.887948  |||| 1.66454 |||| 2.00003 
1.76316  0.902476  1.6814  1.9785  0.945928  0.751563  |||| 2.20875 |||| 2.71857 
1.46913  1.39627  0.866625  2.20854  0.79084  0.886316  |||| 1.61636 |||| 3.19588 
1.65441  1.03616  1.44815  2.1644  0.816767  0.834145  |||| 2.05283 |||| 3.16646 
1.52318  1.24916  1.16414  2.17757  0.841768  0.889137  |||| 1.80339 |||| 3.26235 
1.73757  0.753606  1.97729  2.22857  0.77704  0.833273  |||| 2.33786 |||| 3.44731 
1.41876  1.6072  0.721697  1.62936  1.33658  0.752972  |||| 1.63773 |||| 5.12791 
1.50924  1.24973  1.24408  1.90221  0.910214  1.10939  |||| 1.88745 |||| 2.8205 
1.41663  1.45954  0.932633  1.90473  1.0312  0.72844  |||| 1.70455 |||| 2.88707 
1.61014  1.03346  1.72076  1.58605  1.20269  1.15831  |||| 2.21953 |||| 3.42534 
1.36709  1.5839  0.823986  1.59138  1.22974  1.02143  |||| 1.65418 |||| 3.69232 
1.51903  1.17162  1.49695  1.52499  1.17817  1.51437  |||| 2.08164 |||| 2.09707 
1.40742  1.41623  1.13315  1.73865  1.12029  0.83575  |||| 1.83249 |||| 2.70824 
1.54596  0.873377  1.96787  1.55225  1.19051  1.31018  |||| 2.24772 |||| 6.77155 
1.32245  1.70918  0.774176  2.42643  0.762307  0.74451  |||| 1.68055 |||| 4.73136 
1.44575  1.2806  1.47921  1.4575  1.32394  1.50857  |||| 2.06715 |||| 2.20115 
1.34019  1.51143  1.0776  2.23163  0.866734  1.28256  |||| 1.80937 |||| 4.38646 
1.4604  0.956608  1.93169  2.06134  0.831964  1.20195  |||| 2.23362 |||| 3.98439 
1.29891  1.66401  0.939649  1.54937  1.19379  1.3624  |||| 1.76972 |||| 4.81587 
1.45116  1.17487  1.79499  1.54056  0.887467  1.98131  |||| 2.28388 |||| 2.67511 
1.34441  1.46738  1.31377  1.7902  1.01592  1.40934  |||| 1.99959 |||| 3.4143 
1.51957  0.807366  2.45467  1.62511  0.759649  2.45937  |||| 2.64784 |||| 2.96073 
1.22825  1.88809  0.763644  1.86678  1.0242  0.77223  |||| 1.74546 |||| 3.83873 
1.34452  1.41197  1.49928  1.47635  1.48385  0.835165  |||| 2.15165 |||| 2.60175 
1.26324  1.68838  1.09431  1.83609  1.08629  0.725843  |||| 1.92172 |||| 3.92722 
1.34287  1.04279  2.01487  1.72608  0.764315  2.01544  |||| 2.27411 |||| 3.63341 
1.21176  1.83095  0.924615  2.45536  0.741366  0.71887  |||| 1.83464 |||| 6.41619 
1.32858  1.28863  1.87542  1.88717  1.03857  0.801166  |||| 2.3632 |||| 4.43737 
1.25271  1.62383  1.3166  1.70372  1.1272  1.26869  |||| 2.09601 |||| 3.84478 
1.4016  0.883402  2.4566  1.43409  0.898341  2.48291  |||| 2.7444 |||| 2.97875 
1.17039  1.97243  0.820225  1.20414  1.92324  0.831037  |||| 1.87236 |||| 2.01091 
1.27325  1.42878  1.80402  1.7927  1.12631  0.826512  |||| 2.36437 |||| 4.554 
1.19752  1.74411  1.26984  2.01649  0.855618  1.05366  |||| 2.10018 |||| 5.65978 
1.29717  0.987468  2.45275  1.12292  1.22  2.4592  |||| 2.61534 |||| 4.54265 
1.15163  1.92357  1.01525  2.1687  0.807399  1.02873  |||| 2.01714 |||| 6.7084 
1.20472  1.20751  2.06204  1.72972  1.18763  0.782561  |||| 2.33584 |||| 4.82962 
1.18918  1.67017  1.60575  2.19236  0.826679  0.789974  |||| 2.33067 |||| 7.25434 
1.33046  0.761585  3.18397  1.27058  0.767228  3.25256  |||| 3.13438 |||| 3.45421 
1.06797  2.37923  0.719327  1.99162  0.907492  0.877025  |||| 2.06199 |||| 26.8486 
1.16579  1.67157  1.71934  1.21408  1.913  0.797571  |||| 2.44626 |||| 2.96274 
1.09475  2.03038  1.15935  1.13346  2.09616  1.01684  |||| 2.14216 |||| 2.35134 
1.14381  1.22772  2.28364  1.15229  1.23634  2.28399  |||| 2.51241 |||| 2.55542 
1.0571  2.23221  0.935241  1.23911  1.81849  0.939122  |||| 2.08502 |||| 3.1651 
1.09772  1.44425  1.98773  1.76412  0.785413  2.00702  |||| 2.40778 |||| 6.57561 
1.07749  1.95191  1.47562  2.07449  0.880455  0.765512  |||| 2.37104 |||| 8.85875 
1.15438  1.01529  3.01638  1.84057  1.00975  0.837498  |||| 3.06803 |||| 7.63706 
1.01338  2.40441  0.826673  0.860296  3.0453  0.794296  |||| 2.1143 |||| 2.90834 
1.0401  1.6049  1.93737  2.08363  0.866988  0.782294  |||| 2.49477 |||| 10.1083 
1.01554  2.13482  1.33739  2.09813  0.849013  0.801567  |||| 2.38469 |||| 10.684 
1.08448  1.18608  2.87981  1.41853  1.61151  0.758432  |||| 3.02195 |||| 5.69664 
0.979883  2.35359  1.08344  1.07072  2.45092  1.14458  |||| 2.29556 |||| 3.02659 
1.01281  1.45116  2.42235  1.24622  1.70365  1.2211  |||| 2.77747 |||| 4.75187 
0.997017  2.05058  1.7681  2.20037  0.816505  0.902652  |||| 2.67578 |||| 13.9997 
1.05181  0.857912  3.75433  1.56183  1.00907  1.90279  |||| 3.58303 |||| 8.44133 
0.931498  2.72309  0.78189  1.16696  1.99368  0.908481  |||| 2.29805 |||| 5.68856 
0.934195  1.81295  1.99821  1.88451  0.948437  1.20904  |||| 2.6287 |||| 13.1463 
0.928394  2.41336  1.40631  2.19692  0.797905  0.799771  |||| 2.6381 |||| 17.7829 
0.96364  1.32717  3.05588  1.27453  0.895758  3.06491  |||| 3.22738 |||| 7.20383 
0.895678  2.68686  1.07948  1.75774  1.0289  1.06278  |||| 2.53092 |||| 14.4532 
0.915225  1.67176  2.60405  1.04686  2.34741  0.828726  |||| 3.06024 |||| 5.17788 
0.892473  2.34661  1.85352  1.09888  2.22826  0.782189  |||| 2.94978 |||| 6.28907 
0.933159  1.03455  3.88622  2.36978  0.842264  0.798416  |||| 3.93084 |||| 29.7353 
0.844474  2.98014  0.944406  1.0148  2.2443  1.43522  |||| 2.6441 |||| 7.54614 
0.851551  1.86669  2.45652  2.52455  0.799194  0.802112  |||| 3.062 |||| 40.39 
0.830991  2.67481  1.76653  0.894643  3.13505  0.80216  |||| 3.13657 |||| 4.5725 
0.838108  1.2356  3.78259  1.47079  0.778423  3.0605  |||| 3.73877 |||| 22.1931 
0.796191  3.07364  1.38739  2.02026  0.866958  0.937577  |||| 3.12802 |||| 45.4017 
0.805835  1.75046  3.13475  0.877013  1.90983  3.1616  |||| 3.89921 |||| 6.93177 
0.775431  2.28887  2.44997  1.3508  0.94101  2.47324  |||| 3.72453 |||| 34.9582 
0.774156  0.753703  5.54595  0.901537  0.75419  4.59162  |||| 5.01988 |||| 14.4342 
0.717832  4.44033  0.795213  2.2  0.798824  0.776685  |||| 3.83539 |||| 191.403 
0.719636  2.62256  3.0184  0.917615  1.56256  3.04359  |||| 4.42663 |||| 78.7783 
