18.4769  14.7377  18.6717  18.4769  14.7377  18.6717  |||| 120266 |||| 120266 
9.24145  15.91  13.581  9.24145  15.91  13.581  |||| 69359.1 |||| 69359.1 
21.4513  24.7576  25.9341  21.4513  24.7576  25.9341  |||| 172031 |||| 172031 
28.4551  24.3821  22.7625  28.4551  24.3821  22.7625  |||| 468.763 |||| 468.763 
17.0657  18.7289  14.918  17.0657  18.7289  14.918  |||| 266.109 |||| 266.109 
11.2784  15.202  16.432  11.2784  15.202  16.432  |||| 190.543 |||| 190.543 
13.2102  15.9026  18.0693  13.2102  15.9026  18.0693  |||| 481.138 |||| 481.138 
14.9524  14.8233  12.2186  14.9524  14.8233  12.2186  |||| 89.9929 |||| 89.9929 
14.5175  19.6921  20.7667  14.5175  19.6921  20.7667  |||| 158.145 |||| 158.145 
5.10182  22.0173  17.622  5.10182  22.0173  17.622  |||| 446.963 |||| 446.963 
7.77909  11.2823  18.4951  7.77909  11.2823  18.4951  |||| 681.861 |||| 681.861 
34.2755  10.1499  24.7377  34.2755  10.1499  24.7377  |||| 108.657 |||| 108.657 
14.2279  18.9329  15.5588  14.2279  18.9329  15.5588  |||| 91.1451 |||| 91.1451 
13.5676  27.5121  10.7446  13.5676  27.5121  10.7446  |||| 323.518 |||| 323.518 
26.3846  15.0881  28.0692  26.3846  15.0881  28.0692  |||| 331.848 |||| 331.848 
13.231  28.5562  27.6384  13.231  28.5562  27.6384  |||| 187.213 |||| 187.213 
20.738  25.3073  36.2446  20.738  25.3073  36.2446  |||| 181.353 |||| 181.353 
17.0817  21.4829  18.3472  17.0817  21.4829  18.3472  |||| 576.4 |||| 576.4 
16.4946  16.0351  19.1453  16.4946  16.0351  19.1453  |||| 1000.67 |||| 1000.67 
16.1331  12.2295  33.4688  16.1331  12.2295  33.4688  |||| 122.423 |||| 122.423 
28.0705  25.5191  26.5598  28.0705  25.5191  26.5598  |||| 166.705 |||| 166.705 
17.2947  27.8521  27.7912  17.2947  27.8521  27.7912  |||| 212.469 |||| 212.469 
30.2982  12.9811  13.5044  30.2982  12.9811  13.5044  |||| 97.9108 |||| 97.9108 
30.972  47.2221  26.4814  30.972  47.2221  26.4814  |||| 251.016 |||| 251.016 
13.1695  8.30693  10.997  13.1695  8.30693  10.997  |||| 22.754 |||| 22.754 
14.3359  7.55453  12.7385  14.3359  7.55453  12.7385  |||| 19.4062 |||| 19.4062 
8.9377  14.7539  31.1624  8.9377  14.7539  31.1624  |||| 531.317 |||| 531.317 
15.6042  24.4081  17.5673  15.6042  24.4081  17.5673  |||| 82.5473 |||| 82.5473 
37.8665  18.402  19.2829  37.8665  18.402  19.2829  |||| 71.7046 |||| 71.7046 
18.2733  8.40215  12.6253  18.2733  8.40215  12.6253  |||| 29.3245 |||| 29.3245 
10.6017  25.8148  25.0113  10.6017  25.8148  25.0113  |||| 157.685 |||| 157.685 
22.1141  26.672  9.50057  22.1141  26.672  9.50057  |||| 125.401 |||| 125.401 
6.19345  10.9357  19.0392  6.19345  10.9357  19.0392  |||| 47.9458 |||| 47.9458 
8.70063  29.7692  12.622  8.70063  29.7692  12.622  |||| 1267.73 |||| 1267.73 
13.1487  13.3034  8.27281  13.1487  13.3034  8.27281  |||| 182.806 |||| 182.806 
31.9644  17.8644  16.3348  31.9644  17.8644  16.3348  |||| 65.7422 |||| 65.7422 
17.0481  36.2111  26.6321  17.0481  36.2111  26.6321  |||| 128.039 |||| 128.039 
12.1553  19.1051  11.2851  12.1553  19.1051  11.2851  |||| 82.6354 |||| 82.6354 
14.6289  9.70849  17.2309  14.6289  9.70849  17.2309  |||| 124.432 |||| 124.432 
20.1977  12.406  18.5504  20.1977  12.406  18.5504  |||| 41.186 |||| 41.186 
16.3622  15.1311  29.7599  16.3622  15.1311  29.7599  |||| 95.1703 |||| 95.1703 
21.4694  11.1776  10.705  21.4694  11.1776  10.705  |||| 52.5791 |||| 52.5791 
19.1306  23.3786  27.8797  19.1306  23.3786  27.8797  |||| 425.933 |||| 425.933 
27.6857  27.7457  30.4651  27.6857  27.7457  30.4651  |||| 74.0689 |||| 74.0689 
7.46954  14.5331  16.6983  7.46954  14.5331  16.6983  |||| 46.8409 |||| 46.8409 
19.4992  13.7004  14.3362  19.4992  13.7004  14.3362  |||| 54.0211 |||| 54.0211 
17.2375  23.0014  28.8698  17.2375  23.0014  28.8698  |||| 163.386 |||| 163.386 
10.4824  10.7373  9.13057  10.4824  10.7373  9.13057  |||| 19.2334 |||| 19.2334 
24.4168  16.547  42.6609  24.4168  16.547  42.6609  |||| 116.053 |||| 116.053 
8.76216  10.8163  7.43978  8.76216  10.8163  7.43978  |||| 100.501 |||| 100.501 
15.114  26.8824  19.7346  15.114  26.8824  19.7346  |||| 399.046 |||| 399.046 
20.1417  44.5303  16.911  20.1417  44.5303  16.911  |||| 115.402 |||| 115.402 
21.6047  38.0482  14.583  21.6047  38.0482  14.583  |||| 60.7099 |||| 60.7099 
13.2302  12.966  12.2362  13.2302  12.966  12.2362  |||| 36.9224 |||| 36.9224 
18.1617  17.4442  16.569  18.1617  17.4442  16.569  |||| 79.2418 |||| 79.2418 
10.7474  10.2164  6.64508  10.7474  10.2164  6.64508  |||| 24.4836 |||| 24.4836 
19.9591  18.4382  19.2172  19.9591  18.4382  19.2172  |||| 60.9431 |||| 60.9431 
10.9486  26.1849  31.8735  10.9486  26.1849  31.8735  |||| 318.14 |||| 318.14 
27.5882  26.0756  9.16787  27.5882  26.0756  9.16787  |||| 95.7043 |||| 95.7043 
13.2612  15.131  24.4491  13.2612  15.131  24.4491  |||| 38.2821 |||| 38.2821 
24.1856  20.4705  15.1681  24.1856  20.4705  15.1681  |||| 86.5343 |||| 86.5343 
17.256  23.8351  15.4899  17.256  23.8351  15.4899  |||| 149.079 |||| 149.079 
14.7651  15.7497  8.20502  14.7651  15.7497  8.20502  |||| 48.381 |||| 48.381 
16.0996  12.6255  13.313  16.0996  12.6255  13.313  |||| 56.2364 |||| 56.2364 
15.4507  11.3937  8.95631  15.4507  11.3937  8.95631  |||| 54.8456 |||| 54.8456 
16.9877  33.4445  39.836  16.9877  33.4445  39.836  |||| 2064.23 |||| 2064.23 
24.3778  37.5802  24.7898  24.3778  37.5802  24.7898  |||| 2870.52 |||| 2870.52 
12.1223  25.7432  13.8449  12.1223  25.7432  13.8449  |||| 45.3186 |||| 45.3186 
16.454  8.8829  7.85749  16.454  8.8829  7.85749  |||| 68.3158 |||| 68.3158 
22.9898  11.0045  17.3725  22.9898  11.0045  17.3725  |||| 108.794 |||| 108.794 
9.52873  11.5099  12.6901  9.52873  11.5099  12.6901  |||| 54.5624 |||| 54.5624 
8.29251  8.34562  20.2762  8.29251  8.34562  20.2762  |||| 25.6328 |||| 25.6328 
45.7243  26.4427  22.7794  45.7243  26.4427  22.7794  |||| 269.95 |||| 269.95 
12.4291  10.7505  11.5212  12.4291  10.7505  11.5212  |||| 55.2845 |||| 55.2845 
12.6726  13.3488  16.1625  12.6726  13.3488  16.1625  |||| 157.66 |||| 157.66 
13.0464  16.9895  7.80973  13.0464  16.9895  7.80973  |||| 64.7423 |||| 64.7423 
19.205  9.13901  9.24883  19.205  9.13901  9.24883  |||| 115.261 |||| 115.261 
20.6667  10.2513  10.6856  20.6667  10.2513  10.6856  |||| 132.589 |||| 132.589 
33.1075  23.8722  16.1861  33.1075  23.8722  16.1861  |||| 244.836 |||| 244.836 
13.2867  17.4809  9.12453  13.2867  17.4809  9.12453  |||| 80.4981 |||| 80.4981 
15.9434  8.46941  13.8323  15.9434  8.46941  13.8323  |||| 109.914 |||| 109.914 
22.8031  19.8042  16.9472  22.8031  19.8042  16.9472  |||| 248.994 |||| 248.994 
14.0325  24.7681  17.1464  14.0325  24.7681  17.1464  |||| 296.952 |||| 296.952 
21.3009  22.0896  32.1195  21.3009  22.0896  32.1195  |||| 191.261 |||| 191.261 
18.1613  12.4381  12.8345  18.1613  12.4381  12.8345  |||| 166.543 |||| 166.543 
13.8841  11.3789  13.4497  13.8841  11.3789  13.4497  |||| 123.549 |||| 123.549 
23.4962  13.1395  16.7912  23.4962  13.1395  16.7912  |||| 266.229 |||| 266.229 
8.43066  16.4818  20.7608  8.43066  16.4818  20.7608  |||| 62.3292 |||| 62.3292 
9.79492  25.0829  11.9777  9.79492  25.0829  11.9777  |||| 90.253 |||| 90.253 
4.27614  17.332  11.9903  4.27614  17.332  11.9903  |||| 120.482 |||| 120.482 
15.0062  18.1938  22.0625  15.0062  18.1938  22.0625  |||| 213.615 |||| 213.615 
12.859  12.1318  10.7146  12.859  12.1318  10.7146  |||| 191.501 |||| 191.501 
18.9549  20.5672  13.7834  18.9549  20.5672  13.7834  |||| 372.202 |||| 372.202 
25.8054  18.2533  25.405  25.8054  18.2533  25.405  |||| 631.615 |||| 631.615 
13.104  20.6305  13.1862  13.104  20.6305  13.1862  |||| 306.905 |||| 306.905 
14.4496  22.0108  23.3154  14.4496  22.0108  23.3154  |||| 433.443 |||| 433.443 
25.8505  30.2034  16.4022  25.8505  30.2034  16.4022  |||| 1184.95 |||| 1184.95 
23.6956  17.2739  7.20457  23.6956  17.2739  7.20457  |||| 1497.18 |||| 1497.18 
6.95958  15.3782  17.6063  6.95958  15.3782  17.6063  |||| 471.337 |||| 471.337 
35.9049  37.8134  27.3069  35.9049  37.8134  27.3069  |||| 12256.1 |||| 12256.1 
1.46353  0.0156496  0.0111689  0.918963  0.120132  0.395604  |||| 114.046 |||| 3955.18 
0.0743923  8.28307  0.0714208  2.48658  3.24821  2.51338  |||| 743.638 |||| 25132.9 
0.00560658  0.00677378  1.88822  1.39354  1.82674  0.632237  |||| 55.781 |||| 18225 
0.999401  0.0404273  0.0369687  8.22905  6.55734  6.58568  |||| 1.07667 |||| 183.454 
0.999436  0.071224  0.0355312  0.516273  0.884842  0.85686  |||| 1.14134 |||| 27.5592 
0.990214  0.0234465  0.142053  9.03694  6.8835  6.91676  |||| 1.17955 |||| 171.402 
0.999635  0.108058  0.029074  14.0161  15.4577  14.8609  |||| 1.23401 |||| 625.87 
0.985754  0.0858556  0.169203  16.2578  13.6099  14.6509  |||| 1.25632 |||| 168.448 
0.993358  0.103838  0.116228  6.99617  4.8402  5.86993  |||| 1.30379 |||| 65.7355 
0.956691  0.0344252  0.292245  8.33641  3.67154  6.95743  |||| 1.2908 |||| 113.335 
0.999764  0.166141  0.0241046  13.507  11.9668  11.3747  |||| 1.3848 |||| 654.501 
0.973304  0.175817  0.230215  4.23189  4.89411  4.26326  |||| 1.38254 |||| 37.7567 
0.990126  0.101035  0.140913  19.1863  21.8451  21.1244  |||| 1.44109 |||| 216.001 
0.929321  0.0707969  0.37018  0.93164  0.306068  0.37222  |||| 1.38496 |||| 4.89263 
0.995315  0.107451  0.0980778  0.957518  0.0292999  0.339083  |||| 1.51795 |||| 5.25088 
0.933437  0.131034  0.359427  0.933671  0.469921  0.364179  |||| 1.45613 |||| 4.15112 
0.967943  0.163335  0.251886  0.968389  0.0914448  0.658145  |||| 1.54388 |||| 4.03186 
0.861616  0.0341047  0.508086  0.270939  0.341151  0.962952  |||| 1.40468 |||| 13.9422 
0.999823  0.509909  0.0207083  0.222331  0.074057  1.37689  |||| 1.66561 |||| 110.216 
0.937141  0.103041  0.349491  6.43543  5.46426  6.68675  |||| 1.59491 |||| 30.5179 
0.979222  0.153434  0.203395  2.01665  1.45683  1.0415  |||| 1.7022 |||| 8.71759 
0.855559  0.0481276  0.518253  6.33133  5.4754  6.88415  |||| 1.51883 |||| 57.2705 
0.992141  0.169477  0.125888  3.62138  3.9353  2.03585  |||| 1.7985 |||| 29.0587 
0.873276  0.176821  0.487672  0.87477  0.6908  0.488872  |||| 1.61628 |||| 4.34451 
0.940669  0.376983  0.340018  2.02261  1.97363  0.435505  |||| 1.77747 |||| 7.04518 
0.765155  0.0623814  0.64437  7.41886  5.93249  6.86082  |||| 1.47613 |||| 131.295 
0.995976  0.438872  0.0905558  3.3218  3.72252  2.66534  |||| 1.96133 |||| 57.7591 
0.857784  0.257146  0.514476  0.857959  1.35385  1.04245  |||| 1.72438 |||| 6.61023 
0.940542  0.160959  0.340216  0.986869  0.103056  0.307736  |||| 1.93015 |||| 2.02522 
0.734797  0.0720477  0.678901  7.31195  5.20991  6.70757  |||| 1.53937 |||| 63.7411 
0.970471  0.148243  0.241804  0.542535  0.102763  0.840663  |||| 2.0756 |||| 7.21687 
0.761879  0.089187  0.648239  0.666694  0.179085  0.813951  |||| 1.66365 |||| 2.089 
0.866619  0.235578  0.499462  0.667816  0.128783  0.754367  |||| 1.93209 |||| 2.91788 
0.629244  0.0156323  0.77805  7.49473  6.12538  6.98239  |||| 1.43245 |||| 349.316 
0.999821  1.22475  0.0207062  0.19425  0.581259  0.981331  |||| 2.32435 |||| 110.202 
0.816101  0.184973  0.578302  7.55856  5.66949  6.93742  |||| 1.93766 |||| 23.2435 
0.935367  0.0855442  0.35419  6.96395  5.05363  6.46332  |||| 2.26844 |||| 41.4042 
0.66255  0.21482  0.749467  1.0818  0.112714  0.750076  |||| 1.64145 |||| 2.68019 
0.79037  1.05694  0.163112  0.999596  0.374041  0.302925  |||| 2.02484 |||| 3.55976 
0.701527  0.386854  0.713087  3.13346  3.32172  3.02579  |||| 1.81464 |||| 15.0487 
0.84165  0.181457  0.540501  1.11052  0.173612  0.283977  |||| 2.22516 |||| 2.93603 
0.550655  0.0952817  0.835242  0.704806  0.246022  1.10559  |||| 1.48843 |||| 3.50875 
0.687054  1.18583  0.102765  0.909048  0.0796782  0.417312  |||| 2.05958 |||| 8.36892 
0.687832  0.330972  0.726264  0.421352  0.431637  0.907373  |||| 1.94392 |||| 2.42874 
0.570159  0.995105  0.481864  2.94308  5.53297  3.15851  |||| 2.25469 |||| 14.7161 
0.525146  0.174594  0.851477  0.742775  0.0316908  0.6705  |||| 1.55326 |||| 2.19699 
0.356745  0.996329  0.236236  1.98924  1.24196  1.8981  |||| 1.85908 |||| 13.9533 
0.561098  0.156395  0.828179  1.58988  2.09452  1.24027  |||| 1.73881 |||| 10.3953 
0.712678  0.108658  0.701946  5.18617  6.47002  7.37536  |||| 2.26158 |||| 23.7651 
0.422481  0.0457667  0.906962  10.0897  10.7889  11.0991  |||| 1.37422 |||| 332.297 
0.639476  1.39583  0.0717678  0.251162  1.46291  0.0922476  |||| 2.18529 |||| 2.80964 
0.603913  0.421807  0.797399  0.626428  6.17739  1.80673  |||| 2.06184 |||| 19.2665 
0.559705  0.995732  0.410096  0.979397  0.0727263  0.202844  |||| 1.97396 |||| 3.42867 
0.436024  0.171704  0.900342  37.9109  35.8081  38.1885  |||| 1.56573 |||| 244.29 
0.378123  1.00433  0.207728  6.97934  7.73233  7.21986  |||| 1.65801 |||| 57.6493 
0.471694  0.305283  0.882153  48.288  44.5786  46.9874  |||| 1.78451 |||| 184.651 
0.368492  0.995101  0.670691  2.89708  3.09689  3.0617  |||| 2.3078 |||| 11.2578 
0.340751  0.0760836  0.940758  1.97591  0.6845  0.817982  |||| 1.3613 |||| 11.6163 
0.384365  1.17096  0.140032  0.407542  2.60834  0.729435  |||| 1.73185 |||| 8.81571 
0.453887  0.37401  0.891442  15.4055  14.3777  15.0908  |||| 1.91663 |||| 65.0567 
0.456017  0.995951  0.453412  5.11333  4.32882  4.4259  |||| 2.01062 |||| 22.2244 
0.317336  0.100852  0.948695  6.21839  5.81908  6.01382  |||| 1.42139 |||| 53.2455 
0.356745  0.996329  0.236236  1.65358  1.01737  1.44317  |||| 1.65447 |||| 7.86158 
0.340884  0.28849  0.940518  0.994001  0.275194  0.112039  |||| 1.6215 |||| 4.72766 
0.467174  0.693908  0.884534  0.46841  0.452071  0.931865  |||| 2.29318 |||| 2.4159 
0.242787  0.0169865  0.970696  1.02916  1.37743  0.913236  |||| 1.23042 |||| 109.485 
0.615702  2.61359  0.0253755  1.16797  3.56745  1.25453  |||| 4.00087 |||| 198.454 
0.407162  0.442453  0.913716  38.5743  38.609  37.104  |||| 2.20634 |||| 209.011 
0.303589  1.05205  0.296642  0.424965  1.91187  0.421717  |||| 1.71804 |||| 3.12784 
0.264289  0.257714  0.964783  0.580668  0.264771  0.867349  |||| 1.53746 |||| 3.37561 
0.274122  1.20526  0.181735  1.8437  2.03329  1.0172  |||| 1.66023 |||| 11.1193 
0.287637  0.167263  0.958059  6.31307  4.93568  7.06645  |||| 1.80147 |||| 39.5425 
0.303589  1.05205  0.431292  1.60868  2.95974  1.70953  |||| 2.00566 |||| 10.4771 
0.192017  0.0760433  0.981683  5.75932  6.51254  6.79091  |||| 1.30424 |||| 65.1444 
0.250653  1.40561  0.0925203  0.890873  0.208197  0.454881  |||| 1.77186 |||| 7.53385 
0.265003  0.660479  0.964542  6.78392  5.71203  6.41785  |||| 1.95608 |||| 50.0789 
0.23933  1.10018  0.475196  12.1409  13.1597  11.9021  |||| 1.85233 |||| 93.7357 
0.169479  0.0574485  0.985879  0.91704  0.310148  1.12901  |||| 1.37124 |||| 7.41799 
0.215214  1.30497  0.295347  0.494706  0.673298  0.98608  |||| 1.83219 |||| 5.72211 
0.178346  0.130798  0.984277  0.262085  0.690464  0.985365  |||| 1.59388 |||| 2.53608 
0.232279  1.08585  0.708171  7.80399  7.68375  6.92494  |||| 2.18797 |||| 73.5189 
0.116847  0.0467589  0.993441  0.409246  0.262562  1.35102  |||| 1.1681 |||| 5.25069 
0.233084  2.1417  0.0869  0.154605  0.10624  0.988244  |||| 2.46127 |||| 27.9427 
0.178364  0.599834  0.984275  4.26003  4.25542  4.52268  |||| 2.00414 |||| 47.8581 
0.136392  1.17443  0.441149  18.1008  17.4193  16.3015  |||| 1.79569 |||| 217.107 
0.106281  0.146701  0.994553  3.02501  2.62188  3.31685  |||| 1.36659 |||| 38.8984 
0.134227  1.48767  0.290929  0.692587  0.0545821  0.722322  |||| 1.91264 |||| 9.59307 
0.106757  0.238427  0.994498  0.108166  0.335005  1.04606  |||| 1.60441 |||| 1.68759 
0.124481  1.17454  0.531715  4.47542  4.66164  5.80635  |||| 2.12739 |||| 73.1896 
0.0642843  0.094262  0.998165  2.8659  3.50723  4.51831  |||| 1.15629 |||| 51.4763 
0.136536  1.7224  0.263122  1.00032  0.28127  0.0215417  |||| 2.72686 |||| 19.914 
0.0775871  0.123946  0.997175  15.8878  16.4159  15.6378  |||| 1.73527 |||| 354.488 
0.110685  1.73515  0.839634  0.909791  0.363416  0.415749  |||| 2.80587 |||| 23.0685 
0.0412307  0.126319  0.999313  0.284751  0.66853  1.01504  |||| 1.21481 |||| 8.35305 
0.0791135  2.09138  0.573779  0.953122  0.175561  0.303582  |||| 2.77843 |||| 33.1347 
0.0329382  0.368282  0.999589  2.74228  2.25836  3.90607  |||| 1.40873 |||| 116.834 
0.0387865  0.84984  0.999383  0.882285  0.0426215  0.472146  |||| 2.13577 |||| 48.457 
0.00873156  0.0252523  1.00013  10.7109  11.346  9.04146  |||| 1.0375 |||| 825.771 
0.0562847  5.69366  0.169178  2.13401  0.905677  1.26781  |||| 7.27103 |||| 274.924 
0.00450357  0.440807  1.00004  1.21491  0.0544205  0.602388  |||| 1.91529 |||| 470.767 
