75.9241  61.1102  173.154  75.9241  61.1102  173.154  |||| 1.73057e+06 |||| 1.73057e+06 
18.3247  52.1468  47.8072  18.3247  52.1468  47.8072  |||| 477104 |||| 477104 
19.4624  74.3454  161.646  19.4624  74.3454  161.646  |||| 736746 |||| 736746 
92.2315  8.52573  17.0961  92.2315  8.52573  17.0961  |||| 473.545 |||| 473.545 
23.512  211.236  144.092  23.512  211.236  144.092  |||| 4631.78 |||| 4631.78 
71.9368  13.439  161.815  71.9368  13.439  161.815  |||| 1343.12 |||| 1343.12 
6.13203  18.5595  234.417  6.13203  18.5595  234.417  |||| 9868.51 |||| 9868.51 
53.9783  338.657  29.9726  53.9783  338.657  29.9726  |||| 4184.54 |||| 4184.54 
87.5032  45.131  137.285  87.5032  45.131  137.285  |||| 1536.35 |||| 1536.35 
2.59535  0.745821  283.1  2.59535  0.745821  283.1  |||| 1249.43 |||| 1249.43 
123.092  5.46735  167.905  123.092  5.46735  167.905  |||| 9655.83 |||| 9655.83 
143.956  171.735  56.1692  143.956  171.735  56.1692  |||| 1320.86 |||| 1320.86 
22.5073  200.87  14.9954  22.5073  200.87  14.9954  |||| 930.492 |||| 930.492 
37.0945  9.90756  298.412  37.0945  9.90756  298.412  |||| 1115.95 |||| 1115.95 
34.4376  235.688  19.5196  34.4376  235.688  19.5196  |||| 840.064 |||| 840.064 
44.2975  6.22483  21.4886  44.2975  6.22483  21.4886  |||| 86.6774 |||| 86.6774 
78.0232  103.057  189.703  78.0232  103.057  189.703  |||| 1161.7 |||| 1161.7 
50.5868  66.7428  270.865  50.5868  66.7428  270.865  |||| 2734.26 |||| 2734.26 
16.4974  221.486  29.8141  16.4974  221.486  29.8141  |||| 2378.93 |||| 2378.93 
12.7832  9.87405  194.88  12.7832  9.87405  194.88  |||| 888.99 |||| 888.99 
57.2363  148.475  82.2442  57.2363  148.475  82.2442  |||| 687.651 |||| 687.651 
129.251  81.9127  48.2033  129.251  81.9127  48.2033  |||| 850.417 |||| 850.417 
6.79936  2.6719  174.847  6.79936  2.6719  174.847  |||| 2494.4 |||| 2494.4 
4.26629  26.3231  91.6653  4.26629  26.3231  91.6653  |||| 303.519 |||| 303.519 
135.752  78.9583  93.4312  135.752  78.9583  93.4312  |||| 487.995 |||| 487.995 
75.5713  55.2257  103.369  75.5713  55.2257  103.369  |||| 1208.25 |||| 1208.25 
28.1122  1.94975  221.481  28.1122  1.94975  221.481  |||| 4797.64 |||| 4797.64 
41.526  58.4409  63.6338  41.526  58.4409  63.6338  |||| 282.953 |||| 282.953 
35.7702  85.9218  80.4879  35.7702  85.9218  80.4879  |||| 456.123 |||| 456.123 
94.1333  41.7559  132.769  94.1333  41.7559  132.769  |||| 503.068 |||| 503.068 
122.602  167.688  26.5157  122.602  167.688  26.5157  |||| 401.506 |||| 401.506 
5.04824  14.4088  295.969  5.04824  14.4088  295.969  |||| 759.434 |||| 759.434 
180.692  32.5711  135.158  180.692  32.5711  135.158  |||| 522.476 |||| 522.476 
50.1258  58.896  162.574  50.1258  58.896  162.574  |||| 3322.75 |||| 3322.75 
11.3757  26.1843  245.598  11.3757  26.1843  245.598  |||| 27571.7 |||| 27571.7 
69.2823  311.782  21.0397  69.2823  311.782  21.0397  |||| 1109.63 |||| 1109.63 
7.31591  47.5915  293.602  7.31591  47.5915  293.602  |||| 1880.23 |||| 1880.23 
83.2363  12.3844  23.5749  83.2363  12.3844  23.5749  |||| 206.096 |||| 206.096 
25.7373  117.44  255.87  25.7373  117.44  255.87  |||| 3006.52 |||| 3006.52 
139.946  23.3724  207.838  139.946  23.3724  207.838  |||| 528.636 |||| 528.636 
11.8138  40.7052  266.171  11.8138  40.7052  266.171  |||| 1095.5 |||| 1095.5 
127.112  109.01  118.162  127.112  109.01  118.162  |||| 1572.25 |||| 1572.25 
82.4852  39.0242  131.19  82.4852  39.0242  131.19  |||| 2629.53 |||| 2629.53 
100.155  19.1719  135.649  100.155  19.1719  135.649  |||| 362.862 |||| 362.862 
16.8525  80.7485  223.54  16.8525  80.7485  223.54  |||| 1041.09 |||| 1041.09 
46.8983  44.8889  21.5131  46.8983  44.8889  21.5131  |||| 388.669 |||| 388.669 
71.5229  153.14  70.5598  71.5229  153.14  70.5598  |||| 518.011 |||| 518.011 
51.6949  114.845  143.583  51.6949  114.845  143.583  |||| 567.81 |||| 567.81 
142.675  12.3363  111.472  142.675  12.3363  111.472  |||| 452.611 |||| 452.611 
29.2762  39.681  149.273  29.2762  39.681  149.273  |||| 1201.98 |||| 1201.98 
19.8212  2.07512  210.256  19.8212  2.07512  210.256  |||| 6406.89 |||| 6406.89 
58.2885  192.889  33.4241  58.2885  192.889  33.4241  |||| 599.918 |||| 599.918 
11.338  131.118  202.069  11.338  131.118  202.069  |||| 952.364 |||| 952.364 
191.974  3.12744  50.0285  191.974  3.12744  50.0285  |||| 689.223 |||| 689.223 
103.559  114.843  124.47  103.559  114.843  124.47  |||| 993.107 |||| 993.107 
49.6421  99.3089  115.113  49.6421  99.3089  115.113  |||| 408.612 |||| 408.612 
1.16173  3.14257  395.864  1.16173  3.14257  395.864  |||| 1263.18 |||| 1263.18 
10.3298  168.437  64.2864  10.3298  168.437  64.2864  |||| 2864.86 |||| 2864.86 
51.2083  29.6199  61.7224  51.2083  29.6199  61.7224  |||| 744.873 |||| 744.873 
29.8927  31.9823  49.6112  29.8927  31.9823  49.6112  |||| 126.016 |||| 126.016 
10.3057  21.7251  348.539  10.3057  21.7251  348.539  |||| 1259.31 |||| 1259.31 
67.5992  22.4755  125.917  67.5992  22.4755  125.917  |||| 302.346 |||| 302.346 
97.5507  118.904  47.8776  97.5507  118.904  47.8776  |||| 449.716 |||| 449.716 
3.12986  53.1789  290.707  3.12986  53.1789  290.707  |||| 501.072 |||| 501.072 
53.4774  260.033  45.6661  53.4774  260.033  45.6661  |||| 631.714 |||| 631.714 
32.7761  142.377  125.105  32.7761  142.377  125.105  |||| 11298.4 |||| 11298.4 
2.44627  30.4706  49.3682  2.44627  30.4706  49.3682  |||| 7794.79 |||| 7794.79 
5.38357  3.28739  153.501  5.38357  3.28739  153.501  |||| 370.458 |||| 370.458 
124.736  1.91867  84.6734  124.736  1.91867  84.6734  |||| 699.454 |||| 699.454 
61.3661  76.6228  203.277  61.3661  76.6228  203.277  |||| 378.758 |||| 378.758 
203.411  130.888  14.9599  203.411  130.888  14.9599  |||| 1226.47 |||| 1226.47 
97.2633  39.2658  134.019  97.2633  39.2658  134.019  |||| 608.894 |||| 608.894 
0.0521607  0.670782  158.459  0.0521607  0.670782  158.459  |||| 488.718 |||| 488.718 
20.9296  47.8324  98.038  20.9296  47.8324  98.038  |||| 472.062 |||| 472.062 
5.78977  15.9467  236.772  5.78977  15.9467  236.772  |||| 3920.6 |||| 3920.6 
84.1586  74.3469  94.9012  84.1586  74.3469  94.9012  |||| 620.876 |||| 620.876 
16.2424  97.1168  92.8047  16.2424  97.1168  92.8047  |||| 332.495 |||| 332.495 
32.4272  274.856  5.56763  32.4272  274.856  5.56763  |||| 1741.15 |||| 1741.15 
157.253  93.3115  0.0967804  157.253  93.3115  0.0967804  |||| 1334.94 |||| 1334.94 
33.8706  15.4052  117.109  33.8706  15.4052  117.109  |||| 302.126 |||| 302.126 
45.4974  9.00291  100.588  45.4974  9.00291  100.588  |||| 428.126 |||| 428.126 
12.0863  19.3268  108.97  12.0863  19.3268  108.97  |||| 379.211 |||| 379.211 
5.84076  261.846  27.6918  5.84076  261.846  27.6918  |||| 780.32 |||| 780.32 
27.3729  4.64121  198.265  27.3729  4.64121  198.265  |||| 403.536 |||| 403.536 
192.555  3.3685  59.5852  192.555  3.3685  59.5852  |||| 2308.95 |||| 2308.95 
31.6366  23.4391  190.477  31.6366  23.4391  190.477  |||| 406.147 |||| 406.147 
2.17901  134.147  76.2611  2.17901  134.147  76.2611  |||| 500.364 |||| 500.364 
12.2949  130.604  197.585  12.2949  130.604  197.585  |||| 414.4 |||| 414.4 
54.4276  6.60242  199.797  54.4276  6.60242  199.797  |||| 889.244 |||| 889.244 
6.57945  123.399  120.589  6.57945  123.399  120.589  |||| 1512.3 |||| 1512.3 
89.6732  28.7595  20.7417  89.6732  28.7595  20.7417  |||| 1784.19 |||| 1784.19 
34.8133  5.239  291.99  34.8133  5.239  291.99  |||| 775.592 |||| 775.592 
193.401  12.7577  21.5157  193.401  12.7577  21.5157  |||| 4902.67 |||| 4902.67 
12.259  7.23271  207.935  12.259  7.23271  207.935  |||| 358.118 |||| 358.118 
10.4225  290.294  38.7894  10.4225  290.294  38.7894  |||| 385.552 |||| 385.552 
125.147  41.6113  147.672  125.147  41.6113  147.672  |||| 5329.71 |||| 5329.71 
17.0192  2.41924  65.4358  17.0192  2.41924  65.4358  |||| 931.894 |||| 931.894 
15.9491  33.527  294.871  15.9491  33.527  294.871  |||| 1420.29 |||| 1420.29 
129.104  118.448  43.3553  129.104  118.448  43.3553  |||| 16625.9 |||| 16625.9 
1.54904  8.52087  244.817  1.54904  8.52087  244.817  |||| 580.039 |||| 580.039 
0.499922  3.80804e-05  3.99569e-05  0.462062  3.44922e-05  0.0379039  |||| 0.499922 |||| 379.039 
4.86812e-05  0.499917  3.43051e-05  0.00109364  49.7073  1.09061  |||| 0.499917 |||| 10906.1 
4.44937e-05  4.55791e-05  0.49991  0.00159741  0.00115261  17.5905  |||| 0.49991 |||| 17.5905 
0.464111  0.0179423  0.0179463  0.365317  0.107175  0.0275087  |||| 0.50001 |||| 2.98554 
0.437844  0.0466242  0.0155321  0.731517  0.0778963  0.0805482  |||| 0.500024 |||| 2.59093 
0.41979  0.0200061  0.0602035  35.1557  1.27134  4.61749  |||| 0.500072 |||| 41.8789 
0.405053  0.083076  0.0118711  0.418435  0.0648426  0.0167226  |||| 0.500037 |||| 0.704282 
0.39231  0.0403864  0.0673039  0.388759  0.077638  0.0336033  |||| 0.500016 |||| 0.961219 
0.380963  0.0743926  0.0446441  17.6775  0.993002  1.8305  |||| 0.500031 |||| 23.2024 
0.370574  0.0161715  0.113254  132.169  5.76773  11.5475  |||| 0.500008 |||| 178.333 
0.360969  0.130344  0.00868718  51.07  18.4411  0.229198  |||| 0.500005 |||| 70.7409 
0.352003  0.0647648  0.0832325  11.1063  1.02662  1.01659  |||| 0.500076 |||| 15.7765 
0.343535  0.10757  0.0488953  24.5948  0.238057  8.1624  |||| 0.500015 |||| 83.4626 
0.335518  0.030822  0.13366  0.328325  0.0785943  0.0930812  |||| 0.500034 |||| 1.27403 
0.327841  0.13988  0.0322789  0.327841  0.13988  0.0322789  |||| 0.500003 |||| 0.500003 
0.320516  0.0560889  0.123395  0.260159  0.128047  0.111794  |||| 0.500009 |||| 1.14144 
0.31348  0.104916  0.081604  7.09308  0.423575  0.369604  |||| 0.500018 |||| 11.3139 
0.306728  0.0120045  0.181267  2.32636  1.17277  2.84026  |||| 0.500092 |||| 48.5327 
0.300138  0.193631  0.00623099  0.17361  0.323103  0.00328724  |||| 0.500016 |||| 0.834353 
0.293759  0.0966765  0.109565  0.316408  0.10413  0.0794621  |||| 0.500062 |||| 0.538617 
0.287658  0.152614  0.0597278  0.147334  0.250546  0.102119  |||| 0.500058 |||| 0.854832 
0.281644  0.0477637  0.170592  0.255332  0.0740755  0.170592  |||| 0.500005 |||| 0.775402 
0.275827  0.189193  0.0349794  43.2909  45.5655  2.1039  |||| 0.500104 |||| 120.445 
0.270142  0.0790146  0.150843  27.2913  3.53487  19.6876  |||| 0.500004 |||| 65.2576 
0.264619  0.139745  0.0956362  0.283747  0.149847  0.0664065  |||| 0.500032 |||| 0.536178 
0.259201  0.022554  0.218245  51.0979  23.266  79.4038  |||| 0.500023 |||| 515.283 
0.253896  0.223033  0.0230715  56.5773  19.5699  3.68363  |||| 0.500003 |||| 111.418 
0.248741  0.102084  0.149175  46.7924  48.995  30.311  |||| 0.500054 |||| 239.973 
0.243642  0.168235  0.0881227  0.294911  0.18034  0.0247489  |||| 0.500009 |||| 0.605224 
0.23865  0.0408274  0.220522  69.9543  14.0076  15.181  |||| 0.500037 |||| 171.516 
0.233796  0.208011  0.0581927  2.98422  4.4026  0.409848  |||| 0.500053 |||| 10.5837 
0.22897  0.0762188  0.194811  0.183571  0.192763  0.123666  |||| 0.500033 |||| 1.26443 
0.22426  0.1465  0.12924  0.264175  0.00435393  0.231471  |||| 0.50005 |||| 0.895428 
0.219664  0.00873965  0.271596  9.75539  0.388132  10.1727  |||| 0.500081 |||| 22.2088 
0.215077  0.280474  0.00444828  0.194409  0.265189  0.0404026  |||| 0.500019 |||| 4.53754 
0.210614  0.140207  0.149178  0.295687  0.119128  0.0851852  |||| 0.500076 |||| 0.70207 
0.20618  0.215763  0.0780571  0.366645  0.129948  0.0834448  |||| 0.500042 |||| 0.889212 
0.201816  0.0698714  0.228312  4.46647  2.30054  34.8037  |||| 0.500022 |||| 76.223 
0.197548  0.259937  0.042515  0.199641  0.257844  0.042515  |||| 0.500072 |||| 0.505373 
0.193305  0.110214  0.196481  26.0679  6.97064  23.3926  |||| 0.500044 |||| 67.4328 
0.189129  0.189415  0.121455  3.29268  3.30403  1.51528  |||| 0.500065 |||| 8.72026 
0.184996  0.0344524  0.280552  0.208747  0.0358828  0.255371  |||| 0.500004 |||| 0.56419 
0.18089  0.294211  0.0248991  0.146938  0.351564  0.00149738  |||| 0.50012 |||| 0.597613 
0.17692  0.136302  0.186777  0.11008  0.0920664  0.297854  |||| 0.500009 |||| 0.797332 
0.172959  0.219753  0.107288  0.282481  0.134432  0.1139  |||| 0.500043 |||| 0.816633 
0.169042  0.0568852  0.274073  0.207506  0.574478  0.948629  |||| 0.500013 |||| 5.04956 
0.165157  0.266823  0.0680201  0.13267  0.29931  0.0680201  |||| 0.500052 |||| 0.560883 
0.161365  0.100568  0.238067  0.559176  0.301886  1.83551  |||| 0.500143 |||| 3.85417 
0.157559  0.187313  0.155129  0.156538  0.1861  0.157362  |||| 0.500103 |||| 0.507063 
0.153818  0.0161868  0.329996  40.9481  2.94064  55.8149  |||| 0.500055 |||| 133.11 
0.150107  0.333493  0.0164004  18.304  83.5587  0.0867607  |||| 0.500007 |||| 125.28 
0.146445  0.160191  0.193364  0.167402  0.183114  0.149484  |||| 0.500038 |||| 0.571545 
0.142823  0.251139  0.106038  8.93949  15.7191  30.3864  |||| 0.500009 |||| 143.281 
0.139217  0.0732614  0.287522  12.6525  6.65824  15.7322  |||| 0.500059 |||| 45.4371 
0.135666  0.301726  0.0626079  0.080619  0.212754  0.206627  |||| 0.500034 |||| 1.6499 
0.132151  0.120677  0.247172  0.15254  0.139296  0.208164  |||| 0.500054 |||| 0.577122 
0.128679  0.214654  0.156667  0.774821  2.90449  10.2737  |||| 0.500039 |||| 32.7908 
0.125184  0.0292686  0.345547  6.56668  0.569756  44.0003  |||| 0.500061 |||| 63.6753 
0.121797  0.336848  0.0413548  0.3089  0.162815  0.0282846  |||| 0.500022 |||| 1.26815 
0.118379  0.149089  0.232531  7.44987  7.86643  10.4623  |||| 0.50009 |||| 31.4606 
0.115056  0.246682  0.138262  0.0676827  0.294055  0.138262  |||| 0.500133 |||| 0.596179 
0.111621  0.0545895  0.33379  1.75635  2.18518  7.91552  |||| 0.500148 |||| 20.0093 
0.108415  0.299878  0.0917076  19.0734  18.2387  12.5575  |||| 0.500099 |||| 87.9768 
0.105125  0.104884  0.289991  0.187382  0.0226266  0.289991  |||| 0.500007 |||| 0.891253 
0.101875  0.205298  0.192828  0.0788484  0.275468  0.145683  |||| 0.500032 |||| 0.670943 
0.0986461  0.006238  0.395116  12.6198  0.629214  112.2  |||| 0.500046 |||| 141.996 
0.0953767  0.401471  0.0031522  22.2849  71.7111  0.261663  |||| 0.500103 |||| 116.735 
0.0922831  0.200687  0.20703  0.178627  0.114342  0.20703  |||| 0.500028 |||| 0.967877 
0.0891266  0.304963  0.105911  1.15035  15.8712  4.83047  |||| 0.500032 |||| 26.0232 
0.085974  0.100271  0.313755  0.0752752  0.13861  0.286115  |||| 0.500039 |||| 0.69122 
0.0829203  0.36178  0.0552999  0.079467  0.411837  0.00869618  |||| 0.50011 |||| 0.569306 
0.0798275  0.154258  0.265914  2.71063  5.23802  9.48572  |||| 0.500042 |||| 17.8376 
0.0767622  0.261211  0.162026  0.0345962  0.387975  0.566581  |||| 0.500026 |||| 1.74851 
0.0737201  0.049951  0.376329  5.00083  3.69315  26.4556  |||| 0.500024 |||| 36.9664 
0.0707166  0.399135  0.0301482  1.48949  2.03693  0.984284  |||| 0.500053 |||| 16.305 
0.0675482  0.185838  0.246613  0.249048  0.114898  0.136054  |||| 0.500265 |||| 1.83848 
0.0647705  0.295835  0.139395  1.19701  5.46725  2.31193  |||| 0.500074 |||| 9.24173 
0.0618032  0.0787119  0.359485  0.079101  0.0596406  0.361258  |||| 0.500045 |||| 0.639872 
0.0588573  0.355013  0.0861298  16.4859  133.981  12.2101  |||| 0.500068 |||| 188.724 
0.0559601  0.135292  0.308748  50.8376  29.455  36.3459  |||| 0.500011 |||| 454.17 
0.0530754  0.247894  0.199031  0.0649079  0.303159  0.131933  |||| 0.500023 |||| 0.611479 
0.0501698  0.0245935  0.425237  1.79048  0.877701  68.0169  |||| 0.500042 |||| 79.9821 
0.0473492  0.435044  0.0176073  0.0516156  0.360565  0.0878198  |||| 0.50008 |||| 2.48333 
0.044485  0.209989  0.245526  0.053524  0.150109  0.296367  |||| 0.500084 |||| 0.603503 
0.0416884  0.32585  0.132462  0.0464853  0.288275  0.165239  |||| 0.500026 |||| 0.623632 
0.0388635  0.0972398  0.363897  0.00919331  0.203638  0.287169  |||| 0.500064 |||| 1.0468 
0.0361017  0.387808  0.0760899  0.112986  0.298403  0.0886107  |||| 0.500067 |||| 1.56505 
0.033326  0.156791  0.309883  0.00343317  0.0161523  0.480415  |||| 0.500058 |||| 0.775112 
0.0305091  0.275093  0.194398  0.774641  6.82062  1.09531  |||| 0.500069 |||| 12.6683 
0.0277663  0.0405743  0.431659  0.00016314  0.0319168  0.46792  |||| 0.500084 |||| 0.542093 
0.0251127  0.426657  0.0482299  0.00751297  0.902945  0.22579  |||| 0.500004 |||| 2.34074 
0.0222808  0.190341  0.287378  5.29874  13.2617  42.7304  |||| 0.500136 |||| 118.226 
0.0196739  0.311457  0.168869  0.104287  9.47472  4.88506  |||| 0.500059 |||| 15.2115 
0.0169954  0.0716877  0.411317  0.0871093  0.479776  1.86881  |||| 0.500059 |||| 3.34623 
0.0143385  0.37566  0.110002  0.0488862  0.206316  0.244798  |||| 0.500086 |||| 1.69955 
0.0116802  0.13354  0.35478  3.52224  23.9083  67.0142  |||| 0.500112 |||| 150.066 
0.00910182  0.256937  0.233961  7.83783  45.7157  44.5984  |||| 0.500039 |||| 430.484 
0.00644557  0.0114684  0.482086  0.00981505  0.0513824  0.438803  |||| 0.500143 |||| 2.22113 
0.00387074  0.484508  0.0116215  0.00387074  0.484508  0.0116215  |||| 0.500017 |||| 0.500017 
0.00128083  0.237669  0.26105  0.00523184  0.239334  0.255434  |||| 0.500013 |||| 2.02734 
