95.987  49.0731  62.1413  95.987  49.0731  62.1413  |||| 616350 |||| 616350 
6.86493  141.235  116.751  6.86493  141.235  116.751  |||| 1.16244e+06 |||| 1.16244e+06 
291.905  3.38498  6.08443  291.905  3.38498  6.08443  |||| 2.90529e+06 |||| 2.90529e+06 
60.1708  42.7529  61.2004  60.1708  42.7529  61.2004  |||| 1690.74 |||| 1690.74 
30.7268  92.9058  92.8371  30.7268  92.9058  92.8371  |||| 2969.94 |||| 2969.94 
54.3276  98.3633  4.08202  54.3276  98.3633  4.08202  |||| 2437.59 |||| 2437.59 
43.401  26.2188  263.008  43.401  26.2188  263.008  |||| 11055.4 |||| 11055.4 
29.4363  242.287  55.0046  29.4363  242.287  55.0046  |||| 2993.14 |||| 2993.14 
29.789  52.8753  51.9889  29.789  52.8753  51.9889  |||| 576.546 |||| 576.546 
14.0878  14.2072  152.401  14.0878  14.2072  152.401  |||| 670.597 |||| 670.597 
3.94626  44.4185  35.4281  3.94626  44.4185  35.4281  |||| 2009.43 |||| 2009.43 
50.7887  35.7221  167.727  50.7887  35.7221  167.727  |||| 1004.26 |||| 1004.26 
196.084  30.6203  41.3709  196.084  30.6203  41.3709  |||| 417.852 |||| 417.852 
39.2896  45.2779  73.9242  39.2896  45.2779  73.9242  |||| 725.37 |||| 725.37 
13.6831  105.132  123.864  13.6831  105.132  123.864  |||| 1910.74 |||| 1910.74 
44.5646  120.745  32.5217  44.5646  120.745  32.5217  |||| 1071.62 |||| 1071.62 
1.70163  0.530363  229.998  1.70163  0.530363  229.998  |||| 1406.07 |||| 1406.07 
162.657  79.1432  27.2257  162.657  79.1432  27.2257  |||| 3253.24 |||| 3253.24 
92.3253  22.3119  131.329  92.3253  22.3119  131.329  |||| 10472.6 |||| 10472.6 
26.3261  65.6641  111.434  26.3261  65.6641  111.434  |||| 506.276 |||| 506.276 
67.4253  60.2446  78.8627  67.4253  60.2446  78.8627  |||| 655.916 |||| 655.916 
182.159  62.3575  90.3729  182.159  62.3575  90.3729  |||| 647.189 |||| 647.189 
175.987  3.86151  33.4572  175.987  3.86151  33.4572  |||| 470.344 |||| 470.344 
15.192  51.4219  300.071  15.192  51.4219  300.071  |||| 992.957 |||| 992.957 
190.472  1.45874  185.243  190.472  1.45874  185.243  |||| 965.888 |||| 965.888 
4.62291  51.7831  235.33  4.62291  51.7831  235.33  |||| 1135.12 |||| 1135.12 
1.37635  60.0278  157.304  1.37635  60.0278  157.304  |||| 3397.97 |||| 3397.97 
36.0477  71.9405  97.9714  36.0477  71.9405  97.9714  |||| 349.76 |||| 349.76 
94.6689  192.673  68.7283  94.6689  192.673  68.7283  |||| 571.044 |||| 571.044 
14.8916  8.63752  233.92  14.8916  8.63752  233.92  |||| 529.267 |||| 529.267 
39.3206  109.021  189.936  39.3206  109.021  189.936  |||| 1626.37 |||| 1626.37 
24.6099  21.3652  214.816  24.6099  21.3652  214.816  |||| 550.081 |||| 550.081 
232.136  183.067  13.3514  232.136  183.067  13.3514  |||| 623.052 |||| 623.052 
2.76738  0.685106  306.832  2.76738  0.685106  306.832  |||| 563.907 |||| 563.907 
41.0233  84.5906  222.265  41.0233  84.5906  222.265  |||| 24905.2 |||| 24905.2 
29.1775  78.9221  170.528  29.1775  78.9221  170.528  |||| 569.657 |||| 569.657 
23.6263  129.89  177.442  23.6263  129.89  177.442  |||| 1133.47 |||| 1133.47 
221.734  38.2293  123.829  221.734  38.2293  123.829  |||| 545.954 |||| 545.954 
124.308  56.2417  13.7725  124.308  56.2417  13.7725  |||| 311.19 |||| 311.19 
33.0977  59.1772  203.333  33.0977  59.1772  203.333  |||| 516.13 |||| 516.13 
219.666  16.8715  125.78  219.666  16.8715  125.78  |||| 577.134 |||| 577.134 
41.1371  130.242  66.1689  41.1371  130.242  66.1689  |||| 1882.42 |||| 1882.42 
5.67737  2.40131  234.271  5.67737  2.40131  234.271  |||| 4688.96 |||| 4688.96 
77.9057  63.4024  190.269  77.9057  63.4024  190.269  |||| 507.98 |||| 507.98 
47.3992  16.3546  96.9819  47.3992  16.3546  96.9819  |||| 449.51 |||| 449.51 
4.40122  3.87006  218.78  4.40122  3.87006  218.78  |||| 398.197 |||| 398.197 
109.882  27.0773  92.8066  109.882  27.0773  92.8066  |||| 678.55 |||| 678.55 
116.181  161.225  41.842  116.181  161.225  41.842  |||| 799.163 |||| 799.163 
92.6961  140.977  222.16  92.6961  140.977  222.16  |||| 714.229 |||| 714.229 
80.9536  63.9647  117.859  80.9536  63.9647  117.859  |||| 1954.53 |||| 1954.53 
275.947  3.99701  23.6688  275.947  3.99701  23.6688  |||| 914.561 |||| 914.561 
11.0606  11.2498  284.46  11.0606  11.2498  284.46  |||| 734.302 |||| 734.302 
32.0057  241.758  35.3883  32.0057  241.758  35.3883  |||| 480.261 |||| 480.261 
21.2015  5.87371  226.134  21.2015  5.87371  226.134  |||| 392.413 |||| 392.413 
6.94707  154.683  35.3964  6.94707  154.683  35.3964  |||| 278.595 |||| 278.595 
7.04044  26.7939  299.148  7.04044  26.7939  299.148  |||| 604.181 |||| 604.181 
112.458  169.748  6.45331  112.458  169.748  6.45331  |||| 431.656 |||| 431.656 
58.4876  168.704  62.1015  58.4876  168.704  62.1015  |||| 2871.8 |||| 2871.8 
26.0828  71.9745  328.178  26.0828  71.9745  328.178  |||| 3960.6 |||| 3960.6 
21.6742  186.945  73.9071  21.6742  186.945  73.9071  |||| 625.29 |||| 625.29 
13.4891  53.1969  53.119  13.4891  53.1969  53.119  |||| 190.149 |||| 190.149 
34.1339  117.116  305.633  34.1339  117.116  305.633  |||| 1067.55 |||| 1067.55 
12.7373  26.5346  230.891  12.7373  26.5346  230.891  |||| 1255.08 |||| 1255.08 
5.6735  30.3438  282.027  5.6735  30.3438  282.027  |||| 485.401 |||| 485.401 
20.722  44.718  229.736  20.722  44.718  229.736  |||| 594.342 |||| 594.342 
145.855  140.577  6.09072  145.855  140.577  6.09072  |||| 11166.1 |||| 11166.1 
48.643  91.81  165.93  48.643  91.81  165.93  |||| 26170.2 |||| 26170.2 
34.9629  14.4209  210.943  34.9629  14.4209  210.943  |||| 508.188 |||| 508.188 
4.27587  134.152  0.506258  4.27587  134.152  0.506258  |||| 219.093 |||| 219.093 
55.9562  197.875  9.57083  55.9562  197.875  9.57083  |||| 984.12 |||| 984.12 
93.1429  113.751  180.173  93.1429  113.751  180.173  |||| 1621.67 |||| 1621.67 
222.093  8.65836  88.2813  222.093  8.65836  88.2813  |||| 1382.49 |||| 1382.49 
28.2212  125.526  22.8153  28.2212  125.526  22.8153  |||| 239.26 |||| 239.26 
90.9055  10.5784  70.4847  90.9055  10.5784  70.4847  |||| 607.092 |||| 607.092 
22.856  107.112  127.734  22.856  107.112  127.734  |||| 2107.57 |||| 2107.57 
171.642  35.8146  60.5932  171.642  35.8146  60.5932  |||| 1256.91 |||| 1256.91 
73.8943  98.303  42.6296  73.8943  98.303  42.6296  |||| 559.889 |||| 559.889 
29.0738  160.79  34.3259  29.0738  160.79  34.3259  |||| 1017.69 |||| 1017.69 
97.6125  116.153  3.01665  97.6125  116.153  3.01665  |||| 817.237 |||| 817.237 
3.71649  9.75932  71.1766  3.71649  9.75932  71.1766  |||| 114.449 |||| 114.449 
44.5392  2.55681  182.286  44.5392  2.55681  182.286  |||| 456.683 |||| 456.683 
161.612  10.9061  97.1921  161.612  10.9061  97.1921  |||| 1595.96 |||| 1595.96 
56.6381  12.4547  248.845  56.6381  12.4547  248.845  |||| 7022.42 |||| 7022.42 
50.5693  133.488  213.48  50.5693  133.488  213.48  |||| 552.648 |||| 552.648 
92.0247  152.958  130.993  92.0247  152.958  130.993  |||| 1087.27 |||| 1087.27 
5.16362  223.199  56.0116  5.16362  223.199  56.0116  |||| 1144.62 |||| 1144.62 
113.687  24.3227  263.103  113.687  24.3227  263.103  |||| 1725.14 |||| 1725.14 
230.251  129.228  34.5672  230.251  129.228  34.5672  |||| 3433.75 |||| 3433.75 
99.2697  49.6457  255.987  99.2697  49.6457  255.987  |||| 1600.93 |||| 1600.93 
145.286  107.18  44.9675  145.286  107.18  44.9675  |||| 2584.88 |||| 2584.88 
130.191  2.05292  103.13  130.191  2.05292  103.13  |||| 2564.47 |||| 2564.47 
40.8335  201.073  138.51  40.8335  201.073  138.51  |||| 880.37 |||| 880.37 
81.7383  73.3941  131.835  81.7383  73.3941  131.835  |||| 2037.7 |||| 2037.7 
8.70546  19.7502  322.305  8.70546  19.7502  322.305  |||| 391.228 |||| 391.228 
148.546  30.3224  140.948  148.546  30.3224  140.948  |||| 5116.43 |||| 5116.43 
54.4689  225.744  11.8141  54.4689  225.744  11.8141  |||| 2262.02 |||| 2262.02 
41.8121  18.041  206.197  41.8121  18.041  206.197  |||| 2220.89 |||| 2220.89 
17.215  28.6391  386.406  17.215  28.6391  386.406  |||| 1221.11 |||| 1221.11 
109.342  66.6691  62.811  109.342  66.6691  62.811  |||| 13909.4 |||| 13909.4 
43.0317  173.085  141.036  43.0317  173.085  141.036  |||| 16141.4 |||| 16141.4 
0.499911  4.56072e-05  4.3002e-05  13.3157  0.0012148  0.000287284  |||| 0.499911 |||| 13.3157 
4.05083e-05  0.499924  3.56963e-05  0.00313225  38.6559  3.35852  |||| 0.499924 |||| 33585.2 
4.91006e-05  4.99414e-05  0.499901  6.37463e-06  7.83579e-05  0.499915  |||| 0.499901 |||| 0.783579 
0.464174  0.0178949  0.0179315  0.390455  0.0940666  0.015478  |||| 0.500077 |||| 2.62039 
0.437855  0.0466306  0.0155145  9.06884  0.325172  0.356813  |||| 0.500036 |||| 11.4773 
0.419752  0.0200445  0.0602036  0.306823  0.116623  0.0765535  |||| 0.500026 |||| 2.90577 
0.405031  0.0831062  0.0118631  0.306852  0.00736869  0.18578  |||| 0.500009 |||| 7.82421 
0.392354  0.040366  0.0672805  0.355844  0.0106611  0.133495  |||| 0.50006 |||| 0.991668 
0.381074  0.074365  0.0445613  0.393999  0.0768873  0.0291136  |||| 0.500175 |||| 0.517141 
0.370586  0.0161548  0.113259  0.26506  0.0782313  0.16189  |||| 0.500026 |||| 2.41769 
0.361001  0.13033  0.00866929  0.482816  0.00885523  0.0083289  |||| 0.500046 |||| 0.668779 
0.352007  0.0647334  0.0832598  0.18796  0.228781  0.0832598  |||| 0.500025 |||| 1.76651 
0.34352  0.107579  0.0489001  0.259765  0.0911451  0.14909  |||| 0.500016 |||| 1.52449 
0.335458  0.0308498  0.133692  46.2888  6.90049  42.7936  |||| 0.500121 |||| 160.084 
0.327862  0.139865  0.0322736  4.1938  2.38055  0.0801224  |||| 0.500034 |||| 8.50922 
0.32054  0.0560858  0.123374  0.193511  0.160522  0.145967  |||| 0.500046 |||| 1.43092 
0.313473  0.104918  0.081609  29.2629  23.0244  11.6578  |||| 0.500009 |||| 109.72 
0.306673  0.0120824  0.181244  0.210116  0.00827821  0.281606  |||| 0.500029 |||| 0.776913 
0.300139  0.193614  0.00624621  36.3428  54.6654  0.382461  |||| 0.500021 |||| 141.163 
0.293853  0.0966652  0.109482  33.7236  7.46327  26.213  |||| 0.500121 |||| 119.636 
0.287651  0.152635  0.0597144  53.6844  28.4863  15.4809  |||| 0.500045 |||| 129.589 
0.281635  0.0477631  0.170602  0.325415  0.0039834  0.170602  |||| 0.500027 |||| 0.577711 
0.275798  0.18917  0.0350313  5.50433  9.35505  0.579468  |||| 0.500043 |||| 24.7287 
0.270164  0.0790184  0.150817  35.6342  10.4224  8.09443  |||| 0.500043 |||| 65.9548 
0.2646  0.139765  0.0956349  5.40794  2.83071  0.578605  |||| 0.500023 |||| 10.219 
0.259256  0.0224322  0.218312  0.342531  0.0296376  0.127832  |||| 0.500177 |||| 0.660773 
0.253928  0.223063  0.0230087  0.204183  0.278926  0.0168909  |||| 0.500071 |||| 0.625306 
0.248725  0.102089  0.149186  0.346753  0.103521  0.0497262  |||| 0.500023 |||| 0.69709 
0.243651  0.168253  0.0880965  30.1891  70.8002  48.9131  |||| 0.500045 |||| 277.523 
0.23868  0.040807  0.220513  0.210375  0.0201205  0.269505  |||| 0.500044 |||| 0.611106 
0.233756  0.208004  0.0582407  0.090535  0.30383  0.105635  |||| 0.500035 |||| 0.906944 
0.229003  0.0762289  0.194768  0.229003  0.0762289  0.194768  |||| 0.500058 |||| 0.500058 
0.224269  0.146476  0.129255  0.243616  0.0119923  0.244392  |||| 0.500013 |||| 0.945412 
0.219643  0.00871378  0.271643  0.17913  0.00710655  0.313763  |||| 0.500061 |||| 0.577599 
0.215074  0.280479  0.00444706  0.226615  0.295529  0.00465386  |||| 0.500013 |||| 0.526844 
0.210545  0.140185  0.14927  0.253468  0.126676  0.119856  |||| 0.50013 |||| 0.601828 
0.206181  0.215775  0.0780443  61.4509  17.4842  14.5997  |||| 0.500044 |||| 149.035 
0.201817  0.0698906  0.228292  0.201817  0.0698906  0.228292  |||| 0.500019 |||| 0.500019 
0.197522  0.259955  0.0425233  0.173405  0.228215  0.0983795  |||| 0.50002 |||| 1.15642 
0.193294  0.110231  0.196475  0.151501  0.086397  0.262102  |||| 0.500029 |||| 0.66697 
0.189105  0.189429  0.121466  9.83229  8.18188  12.9653  |||| 0.500109 |||| 53.3818 
0.184991  0.0344434  0.280566  75.8699  3.2794  120.27  |||| 0.500029 |||| 214.347 
0.180945  0.29415  0.0249046  0.180945  0.29415  0.0249046  |||| 0.500036 |||| 0.500036 
0.17695  0.136238  0.186812  0.256082  0.148599  0.0953186  |||| 0.500088 |||| 0.723728 
0.172968  0.219745  0.107287  0.181465  0.173566  0.144969  |||| 0.500038 |||| 0.675455 
0.169067  0.0567874  0.274145  0.0767778  0.0285952  0.394627  |||| 0.500123 |||| 0.719917 
0.165183  0.266826  0.0679915  0.0461119  0.452883  0.00100483  |||| 0.50005 |||| 0.848667 
0.161348  0.100542  0.23811  9.77291  15.4392  22.9228  |||| 0.500025 |||| 76.7819 
0.157563  0.187261  0.155176  0.19311  0.137748  0.169141  |||| 0.500021 |||| 0.612831 
0.153836  0.0161347  0.330029  17.2167  0.65531  62.1645  |||| 0.500106 |||| 94.2002 
0.150111  0.33351  0.0163786  15.239  37.4668  16.0233  |||| 0.500033 |||| 488.485 
0.146447  0.160192  0.193361  0.0620111  0.195187  0.242802  |||| 0.500031 |||| 0.627883 
0.142801  0.25115  0.106049  0.269346  0.0580961  0.172558  |||| 0.500053 |||| 0.942952 
0.139236  0.0732481  0.287516  0.21766  0.128488  0.153852  |||| 0.500048 |||| 0.876676 
0.135658  0.301723  0.0626194  0.0167293  0.317861  0.16541  |||| 0.500028 |||| 1.32079 
0.132154  0.120685  0.24716  17.3893  28.6533  54.3161  |||| 0.50003 |||| 118.697 
0.128662  0.214711  0.156627  2.24259  4.22867  2.35657  |||| 0.500083 |||| 9.84899 
0.125217  0.0292659  0.345517  1.21678  1.40731  22.3837  |||| 0.500018 |||| 32.3927 
0.121768  0.336863  0.0413691  0.143737  0.183511  0.172751  |||| 0.500032 |||| 2.08806 
0.11842  0.149007  0.232573  0.239274  0.301078  0.0591198  |||| 0.500083 |||| 1.01045 
0.115012  0.246626  0.138361  0.0136207  0.105825  0.380554  |||| 0.500055 |||| 1.37537 
0.111652  0.0546079  0.33374  0.071148  0.171576  0.257276  |||| 0.500074 |||| 1.57109 
0.108399  0.299878  0.0917232  0.101413  0.280552  0.118035  |||| 0.5001 |||| 0.643027 
0.105099  0.104891  0.29001  0.143472  0.143187  0.213341  |||| 0.500038 |||| 0.682566 
0.101873  0.205262  0.192865  0.844508  2.39844  5.23921  |||| 0.500056 |||| 13.5841 
0.098646  0.00625879  0.395095  0.0811654  0.0051497  0.413685  |||| 0.50002 |||| 0.523546 
0.0954588  0.401426  0.00311558  0.0106684  0.330936  0.158396  |||| 0.500046 |||| 25.0584 
0.0922115  0.200702  0.207087  22.3706  37.4709  53.8558  |||| 0.500097 |||| 130.057 
0.0890997  0.304979  0.105921  0.0636677  0.411365  0.0249671  |||| 0.50006 |||| 0.674495 
0.0860042  0.10025  0.313746  13.4971  10.7086  64.4031  |||| 0.500025 |||| 102.641 
0.0829047  0.361737  0.0553581  0.090264  0.408805  0.000930627  |||| 0.500051 |||| 0.565116 
0.0798357  0.154296  0.265868  30.8775  14.0369  40.2095  |||| 0.500061 |||| 193.405 
0.0767776  0.261227  0.161995  0.0215423  0.316463  0.161995  |||| 0.500049 |||| 0.605757 
0.0737268  0.0499341  0.376339  36.4749  13.1389  33.5742  |||| 0.500037 |||| 247.334 
0.070724  0.399119  0.0301565  0.0252737  0.487792  0.0284275  |||| 0.500033 |||| 0.611126 
0.067706  0.185744  0.24655  0.0337947  0.460769  0.00543608  |||| 0.500045 |||| 1.24036 
0.0647428  0.295876  0.139381  0.251897  1.18847  0.373146  |||| 0.500084 |||| 2.00872 
0.0618019  0.0787371  0.359461  1.06255  0.992259  2.27451  |||| 0.500012 |||| 8.5953 
0.0588634  0.354977  0.0861591  4.00512  16.4484  2.93752  |||| 0.500018 |||| 34.0115 
0.0559507  0.135315  0.308735  0.0545166  0.131846  0.313637  |||| 0.500087 |||| 0.507928 
0.0530765  0.247917  0.199007  0.827509  12.3604  8.7194  |||| 0.500026 |||| 24.9298 
0.0501804  0.0245877  0.425232  0.0659701  0.0126384  0.421392  |||| 0.500036 |||| 0.657066 
0.0473381  0.434989  0.0176731  0.048546  0.391261  0.0601926  |||| 0.500018 |||| 1.7021 
0.0444053  0.209988  0.245607  0.255036  4.82352  1.60297  |||| 0.500137 |||| 11.4871 
0.0416701  0.325865  0.132465  0.109945  0.346963  0.043092  |||| 0.500049 |||| 1.31873 
0.0388716  0.0972581  0.36387  4.12745  15.0819  36.0498  |||| 0.500028 |||| 77.5282 
0.0360724  0.387819  0.076109  0.0262171  0.281863  0.19192  |||| 0.500032 |||| 1.26082 
0.0332823  0.156782  0.309936  0.111634  0.130786  0.25758  |||| 0.500057 |||| 1.67481 
0.0305644  0.275063  0.194372  5.83686  54.5385  29.7299  |||| 0.500016 |||| 99.1412 
0.027828  0.0405542  0.431618  6.29186  17.1868  77.5005  |||| 0.500036 |||| 211.782 
0.0250688  0.426705  0.0482259  3.02555  15.73  1.55806  |||| 0.50006 |||| 60.2331 
0.0224096  0.190287  0.287303  0.0260608  0.176744  0.297195  |||| 0.500006 |||| 0.58147 
0.0197012  0.311445  0.168853  2.09814  15.5294  8.98837  |||| 0.500021 |||| 53.2016 
0.0170092  0.0716893  0.411301  0.0134426  0.0898349  0.396722  |||| 0.500041 |||| 0.62656 
0.0143812  0.3756  0.110019  0.00947972  0.247585  0.242935  |||| 0.500006 |||| 1.10402 
0.0116098  0.133538  0.354852  0.0187543  0.0694668  0.411779  |||| 0.500137 |||| 0.799033 
0.00908249  0.256953  0.233965  0.0631632  2.05438  1.55573  |||| 0.500047 |||| 3.99758 
0.00646031  0.0115517  0.481988  0.00223654  0.00406992  0.597852  |||| 0.500041 |||| 0.620245 
0.0038585  0.484514  0.0116279  0.00627173  0.380702  0.113027  |||| 0.500023 |||| 4.86018 
0.00115443  0.237724  0.261122  0.0168135  1.93457  1.19205  |||| 0.50015 |||| 6.51522 
