0.816923  0.513372  0.659599  0.531722  0.575109  0.409598  0.792164  0.954383  0.106354  0.188287  0.0490751  0.121041  0.0706283  0.890027  0.848416  0.8065  0.284555  0.667261  0.46217  0.178246  0.720097  0.427808  0.816923  0.513372  0.659599  0.531722  0.575109  0.409598  0.792164  0.954383  0.106354  0.188287  0.0490751  0.121041  0.0706283  0.890027  0.848416  0.8065  0.284555  0.667261  0.46217  0.178246  0.720097  0.427808  
0.909782  0.432558  0.154514  0.254428  0.335666  0.227079  0.262319  0.495453  0.0221438  0.592365  0.950759  0.177188  0.309477  0.959811  0.543249  0.0130979  0.145289  0.123878  0.723856  0.329136  0.390832  0.831655  0.909782  0.432558  0.154514  0.254428  0.335666  0.227079  0.262319  0.495453  0.0221438  0.592365  0.950759  0.177188  0.309477  0.959811  0.543249  0.0130979  0.145289  0.123878  0.723856  0.329136  0.390832  0.831655  
0.777108  0.253301  0.478644  0.773098  0.662436  0.00060112  0.762612  0.118237  0.938863  0.92515  0.905608  0.477859  0.692957  0.753025  0.444369  0.711506  0.130523  0.924993  0.0249279  0.417905  0.68046  0.432285  0.777108  0.253301  0.478644  0.773098  0.662436  0.00060112  0.762612  0.118237  0.938863  0.92515  0.905608  0.477859  0.692957  0.753025  0.444369  0.711506  0.130523  0.924993  0.0249279  0.417905  0.68046  0.432285  
0.616886  0.337568  0.484662  0.687951  0.952855  0.275579  0.864805  0.550566  0.224401  0.975045  0.255037  0.659137  0.395263  0.641529  0.603319  0.79128  0.845996  0.513601  0.934915  0.422225  0.688515  0.947916  0.616886  0.337568  0.484662  0.687951  0.952855  0.275579  0.864805  0.550566  0.224401  0.975045  0.255037  0.659137  0.395263  0.641529  0.603319  0.79128  0.845996  0.513601  0.934915  0.422225  0.688515  0.947916  
0.277101  0.494594  0.638472  0.248124  0.648414  0.874074  0.841899  0.784705  0.643162  0.0739649  0.016729  0.348837  0.849684  0.500935  0.789766  0.493196  0.757918  0.187876  0.319809  0.327793  0.299056  0.440596  0.277101  0.494594  0.638472  0.248124  0.648414  0.874074  0.841899  0.784705  0.643162  0.0739649  0.016729  0.348837  0.849684  0.500935  0.789766  0.493196  0.757918  0.187876  0.319809  0.327793  0.299056  0.440596  
0.0993295  0.394656  0.13065  0.413241  0.868682  0.580296  0.754903  0.376832  0.166712  0.932878  0.0463908  0.817058  0.360805  0.862955  0.369086  0.315801  0.674427  0.939705  0.679737  0.252339  0.606086  0.496793  0.0993295  0.394656  0.13065  0.413241  0.868682  0.580296  0.754903  0.376832  0.166712  0.932878  0.0463908  0.817058  0.360805  0.862955  0.369086  0.315801  0.674427  0.939705  0.679737  0.252339  0.606086  0.496793  
0.290818  0.0646622  0.391764  0.0311776  0.855359  0.087443  0.0342646  0.262314  0.804997  0.507462  0.0602774  0.542704  0.981313  0.752626  0.306451  0.540189  0.350039  0.503795  0.201224  0.544168  0.674828  0.701133  0.290818  0.0646622  0.391764  0.0311776  0.855359  0.087443  0.0342646  0.262314  0.804997  0.507462  0.0602774  0.542704  0.981313  0.752626  0.306451  0.540189  0.350039  0.503795  0.201224  0.544168  0.674828  0.701133  
0.559189  0.0918515  0.491327  0.133197  0.93453  0.776953  0.285512  0.64953  0.591607  0.551051  0.764243  0.191184  0.983465  0.518766  0.0976551  0.956515  0.628921  0.167908  0.940546  0.323072  0.428092  0.0612794  0.559189  0.0918515  0.491327  0.133197  0.93453  0.776953  0.285512  0.64953  0.591607  0.551051  0.764243  0.191184  0.983465  0.518766  0.0976551  0.956515  0.628921  0.167908  0.940546  0.323072  0.428092  0.0612794  
0.963422  0.635158  0.135581  0.187804  0.789078  0.439453  0.897798  0.0238142  0.789958  0.18004  0.752074  0.611879  0.466209  0.569996  0.597642  0.829826  0.708491  0.703314  0.301489  0.114967  0.65879  0.150685  0.963422  0.635158  0.135581  0.187804  0.789078  0.439453  0.897798  0.0238142  0.789958  0.18004  0.752074  0.611879  0.466209  0.569996  0.597642  0.829826  0.708491  0.703314  0.301489  0.114967  0.65879  0.150685  
0.93645  0.0124315  0.680959  0.266796  0.893966  0.0296204  0.327696  0.703533  0.339635  0.668012  0.444711  0.376603  0.122317  0.144766  0.857397  0.737577  0.566212  0.805288  0.897802  0.324519  0.436529  0.0649718  0.93645  0.0124315  0.680959  0.266796  0.893966  0.0296204  0.327696  0.703533  0.339635  0.668012  0.444711  0.376603  0.122317  0.144766  0.857397  0.737577  0.566212  0.805288  0.897802  0.324519  0.436529  0.0649718  
0.273262  0.253946  0.512186  0.185143  0.663222  0.125064  0.56054  0.0567135  0.141085  0.193521  0.987672  0.0857434  0.227556  0.404706  0.927951  0.876003  0.926568  0.601182  0.516037  0.0619339  0.901579  0.605418  0.273262  0.253946  0.512186  0.185143  0.663222  0.125064  0.56054  0.0567135  0.141085  0.193521  0.987672  0.0857434  0.227556  0.404706  0.927951  0.876003  0.926568  0.601182  0.516037  0.0619339  0.901579  0.605418  
0.914917  0.582483  0.628824  0.942261  0.411939  0.985608  0.933097  0.426497  0.0221886  0.0157561  0.851584  0.667562  0.0299316  0.440054  0.692515  0.538241  0.908551  0.268724  0.372425  0.843649  0.792227  0.806373  0.914917  0.582483  0.628824  0.942261  0.411939  0.985608  0.933097  0.426497  0.0221886  0.0157561  0.851584  0.667562  0.0299316  0.440054  0.692515  0.538241  0.908551  0.268724  0.372425  0.843649  0.792227  0.806373  
0.0608812  0.605032  0.634902  0.194496  0.95545  0.764349  0.0600688  0.986205  0.167438  0.207067  0.435951  0.517262  0.771421  0.92607  0.507048  0.68286  0.0944358  0.555244  0.984121  0.269632  0.397312  0.980375  0.0608812  0.605032  0.634902  0.194496  0.95545  0.764349  0.0600688  0.986205  0.167438  0.207067  0.435951  0.517262  0.771421  0.92607  0.507048  0.68286  0.0944358  0.555244  0.984121  0.269632  0.397312  0.980375  
0.553482  0.285466  0.416565  0.388477  0.983845  0.422336  0.371662  0.234679  0.652426  0.217208  0.692498  0.480396  0.618016  0.438591  0.383559  0.128401  0.244548  0.891549  0.237392  0.888522  0.00970842  0.675474  0.553482  0.285466  0.416565  0.388477  0.983845  0.422336  0.371662  0.234679  0.652426  0.217208  0.692498  0.480396  0.618016  0.438591  0.383559  0.128401  0.244548  0.891549  0.237392  0.888522  0.00970842  0.675474  
0.866744  0.472266  0.182492  0.669845  0.603482  0.805914  0.927233  0.699232  0.639013  0.15755  0.379468  0.261567  0.394892  0.771995  0.930682  0.26004  0.319006  0.915229  0.243835  0.303832  0.314489  0.853087  0.866744  0.472266  0.182492  0.669845  0.603482  0.805914  0.927233  0.699232  0.639013  0.15755  0.379468  0.261567  0.394892  0.771995  0.930682  0.26004  0.319006  0.915229  0.243835  0.303832  0.314489  0.853087  
0.228034  0.634975  0.82667  0.451486  0.418351  0.877377  0.181062  0.256142  0.432948  0.484195  0.978064  0.0589916  0.464984  0.298843  0.226038  0.296851  0.235248  0.209611  0.784467  0.995335  0.666132  0.198097  0.228034  0.634975  0.82667  0.451486  0.418351  0.877377  0.181062  0.256142  0.432948  0.484195  0.978064  0.0589916  0.464984  0.298843  0.226038  0.296851  0.235248  0.209611  0.784467  0.995335  0.666132  0.198097  
0.508165  0.0720319  0.0423625  0.63695  0.368738  0.782139  0.399524  0.201651  0.385133  0.0714093  0.853204  0.881093  0.885716  0.347881  0.797582  0.614782  0.554141  0.935049  0.152216  0.31441  0.808045  0.0944266  0.508165  0.0720319  0.0423625  0.63695  0.368738  0.782139  0.399524  0.201651  0.385133  0.0714093  0.853204  0.881093  0.885716  0.347881  0.797582  0.614782  0.554141  0.935049  0.152216  0.31441  0.808045  0.0944266  
0.592139  0.0853437  0.860078  0.764764  0.354649  0.945231  0.88869  0.440319  0.856746  0.525321  0.656042  0.0553452  0.455789  0.562097  0.360522  0.332298  0.961375  0.867516  0.0636378  0.138041  0.971715  0.0516714  0.592139  0.0853437  0.860078  0.764764  0.354649  0.945231  0.88869  0.440319  0.856746  0.525321  0.656042  0.0553452  0.455789  0.562097  0.360522  0.332298  0.961375  0.867516  0.0636378  0.138041  0.971715  0.0516714  
0.478126  0.254925  0.931087  0.77155  0.458122  0.63702  0.286123  0.671634  0.935869  0.584192  0.571773  0.560465  0.57318  0.235764  0.345867  0.866082  0.586415  0.9841  0.277326  0.899971  0.92162  0.145288  0.478126  0.254925  0.931087  0.77155  0.458122  0.63702  0.286123  0.671634  0.935869  0.584192  0.571773  0.560465  0.57318  0.235764  0.345867  0.866082  0.586415  0.9841  0.277326  0.899971  0.92162  0.145288  
0.419528  0.258093  0.91277  0.82333  0.855331  0.448725  0.898709  0.655879  0.231849  0.908339  0.490448  0.467526  0.96964  0.830889  0.804531  0.184692  0.379247  0.383889  0.850294  0.328417  0.563915  0.258859  0.419528  0.258093  0.91277  0.82333  0.855331  0.448725  0.898709  0.655879  0.231849  0.908339  0.490448  0.467526  0.96964  0.830889  0.804531  0.184692  0.379247  0.383889  0.850294  0.328417  0.563915  0.258859  
0.0825538  0.57026  0.736633  0.580714  0.374344  0.673497  0.72009  0.69452  0.699841  0.533904  0.299103  0.204826  0.732989  0.132359  0.894004  0.399036  0.418055  0.405917  0.462831  0.425048  0.301678  0.986201  0.0825538  0.57026  0.736633  0.580714  0.374344  0.673497  0.72009  0.69452  0.699841  0.533904  0.299103  0.204826  0.732989  0.132359  0.894004  0.399036  0.418055  0.405917  0.462831  0.425048  0.301678  0.986201  
0.972475  0.459457  0.480033  0.835521  0.547464  0.405135  0.504529  0.0298902  0.671467  0.690287  0.308241  0.0423033  0.590401  0.225439  0.508312  0.863485  0.357577  0.235182  0.146115  0.270396  0.651802  0.332018  0.972475  0.459457  0.480033  0.835521  0.547464  0.405135  0.504529  0.0298902  0.671467  0.690287  0.308241  0.0423033  0.590401  0.225439  0.508312  0.863485  0.357577  0.235182  0.146115  0.270396  0.651802  0.332018  
0.954426  0.938559  0.150816  0.287309  0.0468313  0.902183  0.709493  0.309335  0.816893  0.404141  0.946535  0.354622  0.674454  0.528433  0.504985  0.665275  0.852613  0.183158  0.865592  0.21142  0.745174  0.76298  0.954426  0.938559  0.150816  0.287309  0.0468313  0.902183  0.709493  0.309335  0.816893  0.404141  0.946535  0.354622  0.674454  0.528433  0.504985  0.665275  0.852613  0.183158  0.865592  0.21142  0.745174  0.76298  
0.681682  0.444638  0.358859  0.264731  0.145788  0.970491  0.879873  0.669993  0.760783  0.787677  0.805091  0.43086  0.990631  0.492244  0.843602  0.741195  0.838509  0.486191  0.757836  0.402108  0.00181856  0.341372  0.681682  0.444638  0.358859  0.264731  0.145788  0.970491  0.879873  0.669993  0.760783  0.787677  0.805091  0.43086  0.990631  0.492244  0.843602  0.741195  0.838509  0.486191  0.757836  0.402108  0.00181856  0.341372  
0.259224  0.482744  0.340367  0.715843  0.145021  0.770919  0.396803  0.424936  0.5797  0.0240397  0.207369  0.942266  0.124215  0.0131941  0.950372  0.274689  0.336636  0.498321  0.576496  0.723992  0.315148  0.080147  0.259224  0.482744  0.340367  0.715843  0.145021  0.770919  0.396803  0.424936  0.5797  0.0240397  0.207369  0.942266  0.124215  0.0131941  0.950372  0.274689  0.336636  0.498321  0.576496  0.723992  0.315148  0.080147  
0.411899  0.428677  0.920925  0.509117  0.557168  0.310566  0.369428  0.87718  0.0428619  0.13787  0.305531  0.661924  0.665254  0.969467  0.889233  0.797442  0.0579174  0.3901  0.0123771  0.598193  0.275936  0.209876  0.411899  0.428677  0.920925  0.509117  0.557168  0.310566  0.369428  0.87718  0.0428619  0.13787  0.305531  0.661924  0.665254  0.969467  0.889233  0.797442  0.0579174  0.3901  0.0123771  0.598193  0.275936  0.209876  
0.438738  0.463475  0.445171  0.571437  0.721906  0.195034  0.394007  0.227277  0.486157  0.0540385  0.256234  0.507662  0.535583  0.330665  0.982877  0.345516  0.343672  0.684812  0.581729  0.995666  0.918233  0.15222  0.438738  0.463475  0.445171  0.571437  0.721906  0.195034  0.394007  0.227277  0.486157  0.0540385  0.256234  0.507662  0.535583  0.330665  0.982877  0.345516  0.343672  0.684812  0.581729  0.995666  0.918233  0.15222  
0.123391  0.992151  0.0581085  0.268749  0.252938  0.653814  0.157912  0.0564153  0.67449  0.861063  0.241048  0.0534561  0.428207  0.453751  0.854109  0.254903  0.274383  0.0433845  0.558938  0.31042  0.738796  0.78223  0.123391  0.992151  0.0581085  0.268749  0.252938  0.653814  0.157912  0.0564153  0.67449  0.861063  0.241048  0.0534561  0.428207  0.453751  0.854109  0.254903  0.274383  0.0433845  0.558938  0.31042  0.738796  0.78223  
0.188101  0.90591  0.0602723  0.276298  0.00290725  0.663068  0.834715  0.0691987  0.611189  0.308516  0.146901  0.0590464  0.140496  0.802579  0.114423  0.651886  0.689002  0.912391  0.720156  0.943764  0.91027  0.521855  0.188101  0.90591  0.0602723  0.276298  0.00290725  0.663068  0.834715  0.0691987  0.611189  0.308516  0.146901  0.0590464  0.140496  0.802579  0.114423  0.651886  0.689002  0.912391  0.720156  0.943764  0.91027  0.521855  
0.242458  0.394165  0.882847  0.132817  0.367172  0.344699  0.65184  0.270254  0.817591  0.304218  0.353179  0.430035  0.707848  0.535226  0.243585  0.57459  0.631274  0.178897  0.745145  0.259162  0.366812  0.376495  0.242458  0.394165  0.882847  0.132817  0.367172  0.344699  0.65184  0.270254  0.817591  0.304218  0.353179  0.430035  0.707848  0.535226  0.243585  0.57459  0.631274  0.178897  0.745145  0.259162  0.366812  0.376495  
0.807558  0.177537  0.589086  0.624399  0.840383  0.658394  0.260323  0.648817  0.389249  0.750266  0.430818  0.832604  0.95173  0.391344  0.49493  0.0417382  0.0735571  0.261413  0.40198  0.189285  0.952352  0.782444  0.807558  0.177537  0.589086  0.624399  0.840383  0.658394  0.260323  0.648817  0.389249  0.750266  0.430818  0.832604  0.95173  0.391344  0.49493  0.0417382  0.0735571  0.261413  0.40198  0.189285  0.952352  0.782444  
0.933759  0.861275  0.153479  0.425299  0.631737  0.279629  0.988553  0.52005  0.788504  0.986058  0.526567  0.976329  0.0833657  0.747735  0.368163  0.058024  0.815717  0.821919  0.838335  0.0292826  0.0697987  0.752425  0.933759  0.861275  0.153479  0.425299  0.631737  0.279629  0.988553  0.52005  0.788504  0.986058  0.526567  0.976329  0.0833657  0.747735  0.368163  0.058024  0.815717  0.821919  0.838335  0.0292826  0.0697987  0.752425  
0.373008  0.367077  0.245591  0.100502  0.505685  0.797895  0.299552  0.971436  0.429604  0.138531  0.77142  0.991794  0.938039  0.991995  0.143689  0.102914  0.210662  0.40917  0.64598  0.367315  0.497376  0.047552  0.373008  0.367077  0.245591  0.100502  0.505685  0.797895  0.299552  0.971436  0.429604  0.138531  0.77142  0.991794  0.938039  0.991995  0.143689  0.102914  0.210662  0.40917  0.64598  0.367315  0.497376  0.047552  
0.853127  0.537085  0.513074  0.703302  0.451284  0.843305  0.838754  0.18446  0.963726  0.790162  0.204463  0.133328  0.172904  0.00794723  0.65379  0.111647  0.522385  0.0386165  0.405274  0.499035  0.318153  0.548607  0.853127  0.537085  0.513074  0.703302  0.451284  0.843305  0.838754  0.18446  0.963726  0.790162  0.204463  0.133328  0.172904  0.00794723  0.65379  0.111647  0.522385  0.0386165  0.405274  0.499035  0.318153  0.548607  
0.451099  0.332709  0.651935  0.0196366  0.976135  0.678965  0.77761  0.180815  0.67897  0.941691  0.247591  0.457763  0.178171  0.103498  0.142899  0.355662  0.0264936  0.296015  0.194758  0.462748  0.388871  0.176428  0.451099  0.332709  0.651935  0.0196366  0.976135  0.678965  0.77761  0.180815  0.67897  0.941691  0.247591  0.457763  0.178171  0.103498  0.142899  0.355662  0.0264936  0.296015  0.194758  0.462748  0.388871  0.176428  
0.047566  0.484169  0.924367  0.685978  0.66325  0.746483  0.0380366  0.624577  0.683576  0.944889  0.671023  0.83407  0.919978  0.490268  0.955829  0.962344  0.803856  0.270011  0.96681  0.581956  0.486457  0.522837  0.047566  0.484169  0.924367  0.685978  0.66325  0.746483  0.0380366  0.624577  0.683576  0.944889  0.671023  0.83407  0.919978  0.490268  0.955829  0.962344  0.803856  0.270011  0.96681  0.581956  0.486457  0.522837  
0.0375609  0.844928  0.798299  0.899532  0.818248  0.767942  0.574377  0.094542  0.906579  0.886679  0.0673451  0.96035  0.333095  0.88501  0.712175  0.115635  0.660606  0.667709  0.0322381  0.861815  0.630306  0.0750883  0.0375609  0.844928  0.798299  0.899532  0.818248  0.767942  0.574377  0.094542  0.906579  0.886679  0.0673451  0.96035  0.333095  0.88501  0.712175  0.115635  0.660606  0.667709  0.0322381  0.861815  0.630306  0.0750883  
0.811091  0.205853  0.742534  0.564195  0.300066  0.650019  0.827732  0.395394  0.174651  0.348623  0.992038  0.99294  0.264228  0.117997  0.848321  0.649037  0.406098  0.891835  0.720335  0.80946  0.627939  0.00717217  0.811091  0.205853  0.742534  0.564195  0.300066  0.650019  0.827732  0.395394  0.174651  0.348623  0.992038  0.99294  0.264228  0.117997  0.848321  0.649037  0.406098  0.891835  0.720335  0.80946  0.627939  0.00717217  
0.142363  0.341536  0.736766  0.187754  0.275547  0.940808  0.166222  0.411818  0.788862  0.743783  0.746944  0.828476  0.529791  0.828944  0.692626  0.0959547  0.00892358  0.000418321  0.336461  0.98832  0.891437  0.918212  0.142363  0.341536  0.736766  0.187754  0.275547  0.940808  0.166222  0.411818  0.788862  0.743783  0.746944  0.828476  0.529791  0.828944  0.692626  0.0959547  0.00892358  0.000418321  0.336461  0.98832  0.891437  0.918212  
0.1831  0.279593  0.642195  0.172652  0.819214  0.261452  0.423727  0.807096  0.454043  0.349823  0.117605  0.767263  0.321319  0.185725  0.173176  0.149396  0.836215  0.202608  0.218785  0.731048  0.000804469  0.877707  0.1831  0.279593  0.642195  0.172652  0.819214  0.261452  0.423727  0.807096  0.454043  0.349823  0.117605  0.767263  0.321319  0.185725  0.173176  0.149396  0.836215  0.202608  0.218785  0.731048  0.000804469  0.877707  
0.303828  0.763998  0.401357  0.928236  0.974115  0.147951  0.636261  0.48734  0.723601  0.657103  0.47954  0.493659  0.276706  0.630222  0.135039  0.895976  0.606552  0.939408  0.458626  0.370128  0.881157  0.178146  0.303828  0.763998  0.401357  0.928236  0.974115  0.147951  0.636261  0.48734  0.723601  0.657103  0.47954  0.493659  0.276706  0.630222  0.135039  0.895976  0.606552  0.939408  0.458626  0.370128  0.881157  0.178146  
0.508845  0.834641  0.524276  0.322747  0.93027  0.896871  0.521398  0.97573  0.332842  0.767847  0.0657961  0.420334  0.866399  0.645476  0.522643  0.952814  0.969535  0.69588  0.897451  0.546498  0.271277  0.42369  0.508845  0.834641  0.524276  0.322747  0.93027  0.896871  0.521398  0.97573  0.332842  0.767847  0.0657961  0.420334  0.866399  0.645476  0.522643  0.952814  0.969535  0.69588  0.897451  0.546498  0.271277  0.42369  
0.766021  0.937803  0.710504  0.849791  0.442495  0.103872  0.537423  0.904542  0.690856  0.575252  0.183504  0.0660554  0.613519  0.210356  0.668909  0.224887  0.658972  0.164013  0.798493  0.0810227  0.422141  0.778714  0.766021  0.937803  0.710504  0.849791  0.442495  0.103872  0.537423  0.904542  0.690856  0.575252  0.183504  0.0660554  0.613519  0.210356  0.668909  0.224887  0.658972  0.164013  0.798493  0.0810227  0.422141  0.778714  
0.986191  0.339227  0.751432  0.0346416  0.687589  0.420443  0.828555  0.882413  0.421338  0.736949  0.681835  0.594628  0.389703  0.35856  0.806725  0.188512  0.614259  0.348061  0.7465  0.772413  0.44809  0.0814291  0.986191  0.339227  0.751432  0.0346416  0.687589  0.420443  0.828555  0.882413  0.421338  0.736949  0.681835  0.594628  0.389703  0.35856  0.806725  0.188512  0.614259  0.348061  0.7465  0.772413  0.44809  0.0814291  
0.518342  0.422555  0.877345  0.997584  0.713672  0.0461462  0.487299  0.63735  0.943308  0.44867  0.513006  0.279767  0.415552  0.383338  0.0304263  0.198209  0.35825  0.59078  0.639178  0.397299  0.941525  0.36675  0.518342  0.422555  0.877345  0.997584  0.713672  0.0461462  0.487299  0.63735  0.943308  0.44867  0.513006  0.279767  0.415552  0.383338  0.0304263  0.198209  0.35825  0.59078  0.639178  0.397299  0.941525  0.36675  
0.722994  0.55622  0.859978  0.0217397  0.525909  0.214414  0.982782  0.270065  0.671029  0.658213  0.996489  0.462863  0.957275  0.402748  0.376915  0.139847  0.23877  0.86905  0.364825  0.3854  0.239672  0.225545  0.722994  0.55622  0.859978  0.0217397  0.525909  0.214414  0.982782  0.270065  0.671029  0.658213  0.996489  0.462863  0.957275  0.402748  0.376915  0.139847  0.23877  0.86905  0.364825  0.3854  0.239672  0.225545  
0.465853  0.769123  0.122326  0.993004  0.27308  0.107221  0.111172  0.94337  0.67835  0.995467  0.524993  0.471455  0.747194  0.727506  0.705061  0.845365  0.303071  0.213192  0.401463  0.302682  0.706098  0.991745  0.465853  0.769123  0.122326  0.993004  0.27308  0.107221  0.111172  0.94337  0.67835  0.995467  0.524993  0.471455  0.747194  0.727506  0.705061  0.845365  0.303071  0.213192  0.401463  0.302682  0.706098  0.991745  
0.233813  0.75074  0.0688992  0.0859701  0.397397  0.251991  0.509807  0.268231  0.150887  0.479539  0.336744  0.463488  0.777241  0.657259  0.99578  0.367707  0.623296  0.910679  0.210688  0.57149  0.259973  0.456066  0.233813  0.75074  0.0688992  0.0859701  0.397397  0.251991  0.509807  0.268231  0.150887  0.479539  0.336744  0.463488  0.777241  0.657259  0.99578  0.367707  0.623296  0.910679  0.210688  0.57149  0.259973  0.456066  
0.411764  0.228069  0.86184  0.669543  0.880652  0.934024  0.709223  0.541177  0.764896  0.909108  0.891678  0.429006  0.629654  0.86876  0.889765  0.565743  0.87775  0.831202  0.357991  0.462958  0.381406  0.994885  0.411764  0.228069  0.86184  0.669543  0.880652  0.934024  0.709223  0.541177  0.764896  0.909108  0.891678  0.429006  0.629654  0.86876  0.889765  0.565743  0.87775  0.831202  0.357991  0.462958  0.381406  0.994885  
0.397207  0.0564108  0.0214855  0.934613  0.757713  0.658337  0.518299  0.0337211  0.915525  0.582666  0.565444  0.591955  0.786374  0.661343  0.0779766  0.278546  0.168978  0.866911  0.681477  0.688603  0.594712  0.0702979  0.397207  0.0564108  0.0214855  0.934613  0.757713  0.658337  0.518299  0.0337211  0.915525  0.582666  0.565444  0.591955  0.786374  0.661343  0.0779766  0.278546  0.168978  0.866911  0.681477  0.688603  0.594712  0.0702979  
0.262964  0.964632  0.226999  0.834915  0.143437  0.244149  0.86228  0.841043  0.983641  0.431782  0.433604  0.178694  0.386875  0.794033  0.744024  0.844502  0.48045  0.65154  0.91659  0.240988  0.63285  0.33127  0.262964  0.964632  0.226999  0.834915  0.143437  0.244149  0.86228  0.841043  0.983641  0.431782  0.433604  0.178694  0.386875  0.794033  0.744024  0.844502  0.48045  0.65154  0.91659  0.240988  0.63285  0.33127  
0.273652  0.304754  0.483229  0.0500153  0.20367  0.694172  0.479916  0.653554  0.18466  0.379627  0.967851  0.195394  0.274603  0.214361  0.915395  0.8682  0.949776  0.565909  0.855411  0.383571  0.820991  0.241359  0.273652  0.304754  0.483229  0.0500153  0.20367  0.694172  0.479916  0.653554  0.18466  0.379627  0.967851  0.195394  0.274603  0.214361  0.915395  0.8682  0.949776  0.565909  0.855411  0.383571  0.820991  0.241359  
0.553254  0.429381  0.894651  0.794965  0.949066  0.746101  0.268128  0.398933  0.897685  0.170751  0.343591  0.824289  0.686339  0.764427  0.717721  0.504544  0.0840859  0.293852  0.267141  0.877182  0.392359  0.690521  0.553254  0.429381  0.894651  0.794965  0.949066  0.746101  0.268128  0.398933  0.897685  0.170751  0.343591  0.824289  0.686339  0.764427  0.717721  0.504544  0.0840859  0.293852  0.267141  0.877182  0.392359  0.690521  
0.229494  0.71724  0.533107  0.972772  0.776483  0.950969  0.330223  0.0371308  0.157125  0.638211  0.0753338  0.295657  0.16489  0.775443  0.591592  0.876961  0.396028  0.73641  0.606702  0.290782  0.19512  0.940408  0.229494  0.71724  0.533107  0.972772  0.776483  0.950969  0.330223  0.0371308  0.157125  0.638211  0.0753338  0.295657  0.16489  0.775443  0.591592  0.876961  0.396028  0.73641  0.606702  0.290782  0.19512  0.940408  
0.621621  0.395196  0.794815  0.22078  0.363421  0.894704  0.79605  0.176199  0.86564  0.321233  0.642795  0.216327  0.691163  0.845296  0.44795  0.319701  0.683777  0.0266835  0.688025  0.296679  0.340948  0.291859  0.621621  0.395196  0.794815  0.22078  0.363421  0.894704  0.79605  0.176199  0.86564  0.321233  0.642795  0.216327  0.691163  0.845296  0.44795  0.319701  0.683777  0.0266835  0.688025  0.296679  0.340948  0.291859  
0.825349  0.478688  0.930055  0.704736  0.847172  0.686987  0.305115  0.521166  0.511661  0.0917455  0.0668241  0.754978  0.335429  0.291254  0.505614  0.738917  0.237794  0.466069  0.962232  0.73977  0.348842  0.931506  0.825349  0.478688  0.930055  0.704736  0.847172  0.686987  0.305115  0.521166  0.511661  0.0917455  0.0668241  0.754978  0.335429  0.291254  0.505614  0.738917  0.237794  0.466069  0.962232  0.73977  0.348842  0.931506  
0.894226  0.492948  0.893264  0.299593  0.0878816  0.945833  0.630106  0.868729  0.618459  0.151849  0.621436  0.703143  0.719506  0.0946315  0.494369  0.69386  0.179389  0.664966  0.723102  0.807562  0.325859  0.321658  0.894226  0.492948  0.893264  0.299593  0.0878816  0.945833  0.630106  0.868729  0.618459  0.151849  0.621436  0.703143  0.719506  0.0946315  0.494369  0.69386  0.179389  0.664966  0.723102  0.807562  0.325859  0.321658  
0.332872  0.213077  0.443972  0.317241  0.620301  0.538295  0.841192  0.0577826  0.169857  0.937039  0.139461  0.892917  0.959088  0.926877  0.937072  0.644655  0.338266  0.0968767  0.107501  0.639464  0.195514  0.887218  0.332872  0.213077  0.443972  0.317241  0.620301  0.538295  0.841192  0.0577826  0.169857  0.937039  0.139461  0.892917  0.959088  0.926877  0.937072  0.644655  0.338266  0.0968767  0.107501  0.639464  0.195514  0.887218  
0.728149  0.342444  0.557029  0.421234  0.938651  0.0334796  0.188912  0.246147  0.830384  0.329285  0.415219  0.450666  0.524115  0.571498  0.688963  0.817761  0.287047  0.92099  0.329446  0.910722  0.922729  0.991938  0.728149  0.342444  0.557029  0.421234  0.938651  0.0334796  0.188912  0.246147  0.830384  0.329285  0.415219  0.450666  0.524115  0.571498  0.688963  0.817761  0.287047  0.92099  0.329446  0.910722  0.922729  0.991938  
0.972453  0.546364  0.0819522  0.385269  0.635371  0.829137  0.174972  0.409549  0.576825  0.758854  0.145958  0.180169  0.162606  0.588903  0.490559  0.780968  0.318744  0.534338  0.183825  0.604965  0.871845  0.371158  0.972453  0.546364  0.0819522  0.385269  0.635371  0.829137  0.174972  0.409549  0.576825  0.758854  0.145958  0.180169  0.162606  0.588903  0.490559  0.780968  0.318744  0.534338  0.183825  0.604965  0.871845  0.371158  
0.313216  0.164022  0.909715  0.637874  0.281321  0.597277  0.784266  0.27034  0.484447  0.0142789  0.7491  0.244683  0.796635  0.791538  0.441964  0.561076  0.709507  0.298648  0.305125  0.771216  0.0736229  0.822324  0.313216  0.164022  0.909715  0.637874  0.281321  0.597277  0.784266  0.27034  0.484447  0.0142789  0.7491  0.244683  0.796635  0.791538  0.441964  0.561076  0.709507  0.298648  0.305125  0.771216  0.0736229  0.822324  
0.951589  0.345272  0.808734  0.569629  0.70482  0.568273  0.888513  0.462846  0.572462  0.105694  0.69117  0.984935  0.318136  0.247675  0.464376  0.843595  0.704083  0.115233  0.196338  0.110015  0.257588  0.0375405  0.951589  0.345272  0.808734  0.569629  0.70482  0.568273  0.888513  0.462846  0.572462  0.105694  0.69117  0.984935  0.318136  0.247675  0.464376  0.843595  0.704083  0.115233  0.196338  0.110015  0.257588  0.0375405  
0.169866  0.44314  0.212541  0.409179  0.575114  0.532611  0.112655  0.885952  0.672459  0.300447  0.661326  0.161733  0.743555  0.189934  0.995848  0.28727  0.0130045  0.433711  0.865543  0.870277  0.898909  0.526273  0.169866  0.44314  0.212541  0.409179  0.575114  0.532611  0.112655  0.885952  0.672459  0.300447  0.661326  0.161733  0.743555  0.189934  0.995848  0.28727  0.0130045  0.433711  0.865543  0.870277  0.898909  0.526273  
0.399671  0.282276  0.374686  0.049509  0.476556  0.668738  0.503727  0.963281  0.774201  0.6209  0.477092  0.690227  0.040683  0.94089  0.360241  0.897744  0.5347  0.428503  0.412041  0.474893  0.368734  0.46961  0.399671  0.282276  0.374686  0.049509  0.476556  0.668738  0.503727  0.963281  0.774201  0.6209  0.477092  0.690227  0.040683  0.94089  0.360241  0.897744  0.5347  0.428503  0.412041  0.474893  0.368734  0.46961  
0.549293  0.443041  0.303322  0.7973  0.448917  0.0630626  0.442244  0.809103  0.245765  0.06978  0.875746  0.474472  0.413852  0.66397  0.64239  0.957622  0.0413811  0.046015  0.954457  0.233672  0.999378  0.815057  0.549293  0.443041  0.303322  0.7973  0.448917  0.0630626  0.442244  0.809103  0.245765  0.06978  0.875746  0.474472  0.413852  0.66397  0.64239  0.957622  0.0413811  0.046015  0.954457  0.233672  0.999378  0.815057  
0.715876  0.46323  0.852174  0.556991  0.880708  0.083899  0.00289844  0.542938  0.967607  0.907674  0.804499  0.485004  0.275701  0.899864  0.518383  0.826173  0.481144  0.41504  0.0772851  0.663911  0.0161279  0.88915  0.715876  0.46323  0.852174  0.556991  0.880708  0.083899  0.00289844  0.542938  0.967607  0.907674  0.804499  0.485004  0.275701  0.899864  0.518383  0.826173  0.481144  0.41504  0.0772851  0.663911  0.0161279  0.88915  
0.603024  0.724251  0.784423  0.302403  0.459508  0.57502  0.181836  0.0591972  0.464995  0.973907  0.694058  0.11909  0.264615  0.698481  0.120006  0.238844  0.118931  0.954245  0.484437  0.19823  0.0191102  0.606966  0.603024  0.724251  0.784423  0.302403  0.459508  0.57502  0.181836  0.0591972  0.464995  0.973907  0.694058  0.11909  0.264615  0.698481  0.120006  0.238844  0.118931  0.954245  0.484437  0.19823  0.0191102  0.606966  
0.925837  0.897974  0.847584  0.403751  0.733698  0.998755  0.786356  0.256637  0.747413  0.753863  0.549869  0.214032  0.662376  0.613874  0.093106  0.679886  0.792229  0.804263  0.250973  0.89155  0.217535  0.997461  0.925837  0.897974  0.847584  0.403751  0.733698  0.998755  0.786356  0.256637  0.747413  0.753863  0.549869  0.214032  0.662376  0.613874  0.093106  0.679886  0.792229  0.804263  0.250973  0.89155  0.217535  0.997461  
0.442055  0.888121  0.935637  0.943897  0.0213381  0.106626  0.616954  0.98798  0.507091  0.511442  0.980275  0.833596  0.896888  0.208471  0.566684  0.103963  0.349136  0.733584  0.0335598  0.803167  0.892316  0.481057  0.442055  0.888121  0.935637  0.943897  0.0213381  0.106626  0.616954  0.98798  0.507091  0.511442  0.980275  0.833596  0.896888  0.208471  0.566684  0.103963  0.349136  0.733584  0.0335598  0.803167  0.892316  0.481057  
0.403406  0.310242  0.319827  0.82198  0.0593344  0.06751  0.603906  0.526311  0.285654  0.0665979  0.819531  0.106413  0.686796  0.561614  0.0209657  0.417992  0.914302  0.00831988  0.935868  0.983418  0.802612  0.747911  0.403406  0.310242  0.319827  0.82198  0.0593344  0.06751  0.603906  0.526311  0.285654  0.0665979  0.819531  0.106413  0.686796  0.561614  0.0209657  0.417992  0.914302  0.00831988  0.935868  0.983418  0.802612  0.747911  
0.977095  0.665066  0.986424  0.377171  0.740162  0.250906  0.858467  0.0464891  0.131633  0.703287  0.32952  0.00436659  0.522594  0.0484267  0.0530715  0.35764  0.227388  0.384653  0.485424  0.0451892  0.58152  0.173003  0.977095  0.665066  0.986424  0.377171  0.740162  0.250906  0.858467  0.0464891  0.131633  0.703287  0.32952  0.00436659  0.522594  0.0484267  0.0530715  0.35764  0.227388  0.384653  0.485424  0.0451892  0.58152  0.173003  
0.359659  0.152619  0.0882148  0.036283  0.1479  0.411557  0.570496  0.669428  0.213236  0.132526  0.724182  0.431525  0.297734  0.966473  0.816954  0.810154  0.174126  0.793457  0.294727  0.86418  0.349826  0.495683  0.359659  0.152619  0.0882148  0.036283  0.1479  0.411557  0.570496  0.669428  0.213236  0.132526  0.724182  0.431525  0.297734  0.966473  0.816954  0.810154  0.174126  0.793457  0.294727  0.86418  0.349826  0.495683  
0.239815  0.436484  0.183852  0.512792  0.181027  0.287187  0.607206  0.286206  0.393937  0.030524  0.523746  0.361341  0.252631  0.710131  0.735818  0.118125  0.0629801  0.571832  0.0194837  0.233834  0.491989  0.254529  0.239815  0.436484  0.183852  0.512792  0.181027  0.287187  0.607206  0.286206  0.393937  0.030524  0.523746  0.361341  0.252631  0.710131  0.735818  0.118125  0.0629801  0.571832  0.0194837  0.233834  0.491989  0.254529  
0.167139  0.434281  0.659118  0.874867  0.845241  0.769205  0.786872  0.381235  0.667178  0.69067  0.56933  0.574559  0.454891  0.39497  0.483899  0.552042  0.744418  0.264459  0.351643  0.229176  0.572749  0.110565  0.167139  0.434281  0.659118  0.874867  0.845241  0.769205  0.786872  0.381235  0.667178  0.69067  0.56933  0.574559  0.454891  0.39497  0.483899  0.552042  0.744418  0.264459  0.351643  0.229176  0.572749  0.110565  
0.792374  0.813812  0.870604  0.977844  0.29433  0.365421  0.376459  0.596401  0.844564  0.945376  0.0555634  0.409969  0.529455  0.0756011  0.89336  0.55554  0.12857  0.418372  0.95654  0.820789  0.934363  0.288912  0.792374  0.813812  0.870604  0.977844  0.29433  0.365421  0.376459  0.596401  0.844564  0.945376  0.0555634  0.409969  0.529455  0.0756011  0.89336  0.55554  0.12857  0.418372  0.95654  0.820789  0.934363  0.288912  
0.182189  0.851714  0.169324  0.670573  0.819348  0.606444  0.375819  0.219428  0.941354  0.85846  0.597982  0.532016  0.157709  0.272648  0.836138  0.746289  0.548048  0.615689  0.197722  0.828834  0.276929  0.797069  0.182189  0.851714  0.169324  0.670573  0.819348  0.606444  0.375819  0.219428  0.941354  0.85846  0.597982  0.532016  0.157709  0.272648  0.836138  0.746289  0.548048  0.615689  0.197722  0.828834  0.276929  0.797069  
0.810917  0.908637  0.767275  0.0319316  0.606994  0.0593795  0.47814  0.374985  0.0956402  0.220426  0.845935  0.817331  0.263439  0.566058  0.765787  0.379351  0.596948  0.698785  0.179466  0.668278  0.280527  0.219145  0.810917  0.908637  0.767275  0.0319316  0.606994  0.0593795  0.47814  0.374985  0.0956402  0.220426  0.845935  0.817331  0.263439  0.566058  0.765787  0.379351  0.596948  0.698785  0.179466  0.668278  0.280527  0.219145  
0.47015  0.434057  0.814346  0.587734  0.0115229  0.0904499  0.304947  0.79006  0.110277  0.800676  0.425499  0.562901  0.328159  0.337175  0.363459  0.641255  0.624305  0.564233  0.305597  0.283298  0.168765  0.479867  0.47015  0.434057  0.814346  0.587734  0.0115229  0.0904499  0.304947  0.79006  0.110277  0.800676  0.425499  0.562901  0.328159  0.337175  0.363459  0.641255  0.624305  0.564233  0.305597  0.283298  0.168765  0.479867  
0.534307  0.169229  0.916058  0.962435  0.444349  0.971621  0.145064  0.613355  0.939039  0.0906046  0.683713  0.467008  0.276177  0.77636  0.0581018  0.846616  0.213833  0.712983  0.260483  0.100835  0.627576  0.895622  0.534307  0.169229  0.916058  0.962435  0.444349  0.971621  0.145064  0.613355  0.939039  0.0906046  0.683713  0.467008  0.276177  0.77636  0.0581018  0.846616  0.213833  0.712983  0.260483  0.100835  0.627576  0.895622  
0.60985  0.981919  0.0822876  0.895336  0.467901  0.334045  0.27685  0.903888  0.363703  0.136807  0.140394  0.478889  0.583792  0.901651  0.61502  0.203526  0.284343  0.293308  0.260919  0.955698  0.325684  0.192911  0.60985  0.981919  0.0822876  0.895336  0.467901  0.334045  0.27685  0.903888  0.363703  0.136807  0.140394  0.478889  0.583792  0.901651  0.61502  0.203526  0.284343  0.293308  0.260919  0.955698  0.325684  0.192911  
0.272232  0.899318  0.914842  0.904739  0.0457823  0.457702  0.938234  0.202572  0.20671  0.298427  0.636311  0.625586  0.361609  0.928273  0.245477  0.57247  0.546738  0.782562  0.904648  0.846661  0.0486854  0.120584  0.272232  0.899318  0.914842  0.904739  0.0457823  0.457702  0.938234  0.202572  0.20671  0.298427  0.636311  0.625586  0.361609  0.928273  0.245477  0.57247  0.546738  0.782562  0.904648  0.846661  0.0486854  0.120584  
0.257339  0.579597  0.989396  0.448226  0.133236  0.540472  0.0715232  0.0395721  0.434157  0.545536  0.103649  0.0924064  0.807628  0.559073  0.639168  0.547033  0.336433  0.817354  0.668601  0.544611  0.435974  0.857255  0.257339  0.579597  0.989396  0.448226  0.133236  0.540472  0.0715232  0.0395721  0.434157  0.545536  0.103649  0.0924064  0.807628  0.559073  0.639168  0.547033  0.336433  0.817354  0.668601  0.544611  0.435974  0.857255  
0.904509  0.947808  0.444541  0.754684  0.984693  0.969229  0.532968  0.909019  0.929139  0.231371  0.0693842  0.698284  0.373217  0.596853  0.707118  0.0719741  0.483062  0.405657  0.941505  0.933217  0.528505  0.517589  0.904509  0.947808  0.444541  0.754684  0.984693  0.969229  0.532968  0.909019  0.929139  0.231371  0.0693842  0.698284  0.373217  0.596853  0.707118  0.0719741  0.483062  0.405657  0.941505  0.933217  0.528505  0.517589  
0.206651  0.306738  0.0200343  0.277254  0.958939  0.361376  0.691888  0.909718  0.931457  0.3213  0.600544  0.507409  0.175695  0.797162  0.579137  0.893402  0.412107  0.149463  0.471312  0.827538  0.058683  0.146128  0.206651  0.306738  0.0200343  0.277254  0.958939  0.361376  0.691888  0.909718  0.931457  0.3213  0.600544  0.507409  0.175695  0.797162  0.579137  0.893402  0.412107  0.149463  0.471312  0.827538  0.058683  0.146128  
0.434022  0.0540108  0.659514  0.707228  0.0328507  0.234955  0.474332  0.0937125  0.275595  0.367535  0.537902  0.192341  0.0919648  0.376565  0.683279  0.623504  0.876655  0.863933  0.00584638  0.696168  0.796618  0.29528  0.434022  0.0540108  0.659514  0.707228  0.0328507  0.234955  0.474332  0.0937125  0.275595  0.367535  0.537902  0.192341  0.0919648  0.376565  0.683279  0.623504  0.876655  0.863933  0.00584638  0.696168  0.796618  0.29528  
0.633128  0.0977928  0.304616  0.692895  0.206595  0.624085  0.148567  0.060868  0.314045  0.315996  0.194904  0.58855  0.135587  0.433451  0.825018  0.351065  0.623602  0.256794  0.05907  0.0421771  0.0302985  0.252551  0.633128  0.0977928  0.304616  0.692895  0.206595  0.624085  0.148567  0.060868  0.314045  0.315996  0.194904  0.58855  0.135587  0.433451  0.825018  0.351065  0.623602  0.256794  0.05907  0.0421771  0.0302985  0.252551  
0.679801  0.1835  0.674515  0.816366  0.254759  0.715132  0.879716  0.151096  0.157667  0.41669  0.704062  0.0488521  0.790825  0.949691  0.570081  0.316722  0.418487  0.173077  0.241926  0.658076  0.681384  0.223705  0.679801  0.1835  0.674515  0.816366  0.254759  0.715132  0.879716  0.151096  0.157667  0.41669  0.704062  0.0488521  0.790825  0.949691  0.570081  0.316722  0.418487  0.173077  0.241926  0.658076  0.681384  0.223705  
0.71687  0.814557  0.259274  0.428213  0.421207  0.11278  0.267715  0.960796  0.983776  0.30368  0.298968  0.653632  0.74117  0.389129  0.278403  0.530078  0.981321  0.188445  0.394784  0.98661  0.931391  0.322859  0.71687  0.814557  0.259274  0.428213  0.421207  0.11278  0.267715  0.960796  0.983776  0.30368  0.298968  0.653632  0.74117  0.389129  0.278403  0.530078  0.981321  0.188445  0.394784  0.98661  0.931391  0.322859  
0.422825  0.65871  0.866993  0.683398  0.716893  0.0117533  0.306088  0.305807  0.0293587  0.681647  0.190162  0.493284  0.999176  0.54811  0.831081  0.526025  0.756323  0.265052  0.218023  0.838529  0.352043  0.709548  0.422825  0.65871  0.866993  0.683398  0.716893  0.0117533  0.306088  0.305807  0.0293587  0.681647  0.190162  0.493284  0.999176  0.54811  0.831081  0.526025  0.756323  0.265052  0.218023  0.838529  0.352043  0.709548  
0.333712  0.718474  0.394698  0.79267  0.632143  0.1348  0.150123  0.513434  0.623182  0.190516  0.619674  0.15244  0.35912  0.870552  0.631093  0.126359  0.617303  0.434724  0.222895  0.0878489  0.0835727  0.755762  0.333712  0.718474  0.394698  0.79267  0.632143  0.1348  0.150123  0.513434  0.623182  0.190516  0.619674  0.15244  0.35912  0.870552  0.631093  0.126359  0.617303  0.434724  0.222895  0.0878489  0.0835727  0.755762  
0.560886  0.855767  0.303197  0.0273911  0.924354  0.47189  0.828822  0.999986  0.444899  0.454646  0.939625  0.182144  0.685913  0.21768  0.380614  0.19726  0.207025  0.253991  0.521141  0.817544  0.565857  0.24953  0.560886  0.855767  0.303197  0.0273911  0.924354  0.47189  0.828822  0.999986  0.444899  0.454646  0.939625  0.182144  0.685913  0.21768  0.380614  0.19726  0.207025  0.253991  0.521141  0.817544  0.565857  0.24953  
0.862144  0.313915  0.22749  0.106534  0.944237  0.439335  0.898797  0.897814  0.184615  0.486804  0.965816  0.489525  0.770928  0.350823  0.266629  0.0736959  0.640767  0.231178  0.751335  0.716454  0.577001  0.00639966  0.862144  0.313915  0.22749  0.106534  0.944237  0.439335  0.898797  0.897814  0.184615  0.486804  0.965816  0.489525  0.770928  0.350823  0.266629  0.0736959  0.640767  0.231178  0.751335  0.716454  0.577001  0.00639966  
0.693044  0.344384  0.548638  0.439998  0.662401  0.36465  0.849173  0.180456  0.630403  0.604712  0.498762  0.180094  0.583924  0.445742  0.953586  0.722102  0.0985713  0.737029  0.426384  0.644721  0.685676  0.398012  0.693044  0.344384  0.548638  0.439998  0.662401  0.36465  0.849173  0.180456  0.630403  0.604712  0.498762  0.180094  0.583924  0.445742  0.953586  0.722102  0.0985713  0.737029  0.426384  0.644721  0.685676  0.398012  
0.420885  0.607245  0.891368  0.062768  0.280131  0.0361615  0.522044  0.52914  0.774362  0.298708  0.757921  0.862236  0.5811  0.339231  0.354225  0.227496  0.0950007  0.0189878  0.0629416  0.388162  0.0364355  0.0864563  0.420885  0.607245  0.891368  0.062768  0.280131  0.0361615  0.522044  0.52914  0.774362  0.298708  0.757921  0.862236  0.5811  0.339231  0.354225  0.227496  0.0950007  0.0189878  0.0629416  0.388162  0.0364355  0.0864563  
0.834086  0.584006  0.488948  0.29441  0.199578  0.161314  0.867467  0.663873  0.547611  0.534628  0.555271  0.864445  0.287923  0.398257  0.0847825  0.335958  0.854199  0.671602  0.910071  0.96456  0.887237  0.643542  0.834086  0.584006  0.488948  0.29441  0.199578  0.161314  0.867467  0.663873  0.547611  0.534628  0.555271  0.864445  0.287923  0.398257  0.0847825  0.335958  0.854199  0.671602  0.910071  0.96456  0.887237  0.643542  
0.887647  0.496638  0.203695  0.0255016  0.115999  0.157222  0.744962  0.544074  0.219046  0.586216  0.81074  0.215196  0.0681936  0.0336792  0.5615  0.246893  0.0250695  0.683741  0.587558  0.421958  0.418815  0.16317  0.887647  0.496638  0.203695  0.0255016  0.115999  0.157222  0.744962  0.544074  0.219046  0.586216  0.81074  0.215196  0.0681936  0.0336792  0.5615  0.246893  0.0250695  0.683741  0.587558  0.421958  0.418815  0.16317  
0.37778  0.315219  0.287422  0.985464  0.569084  0.821862  0.0674437  0.616791  0.166221  0.395722  0.01093  0.39271  0.545041  0.312285  0.0173091  0.99852  0.233331  0.645295  0.907436  0.631908  0.75985  0.0353425  0.37778  0.315219  0.287422  0.985464  0.569084  0.821862  0.0674437  0.616791  0.166221  0.395722  0.01093  0.39271  0.545041  0.312285  0.0173091  0.99852  0.233331  0.645295  0.907436  0.631908  0.75985  0.0353425  
0.425914  0.206842  0.616765  0.0938662  0.515248  0.621182  0.865328  0.931386  0.381647  0.0758526  0.928023  0.134293  0.164712  0.0484513  0.0498645  0.616999  0.572818  0.362302  0.260317  0.171709  0.361552  0.212328  0.425914  0.206842  0.616765  0.0938662  0.515248  0.621182  0.865328  0.931386  0.381647  0.0758526  0.928023  0.134293  0.164712  0.0484513  0.0498645  0.616999  0.572818  0.362302  0.260317  0.171709  0.361552  0.212328  
0.955358  0.175274  0.660187  0.63005  0.704537  0.28932  0.319499  0.221488  0.968033  0.993936  0.263256  0.899711  0.441516  0.484951  0.201343  0.653526  0.140406  0.960147  0.774991  0.574299  0.699379  0.200347  0.955358  0.175274  0.660187  0.63005  0.704537  0.28932  0.319499  0.221488  0.968033  0.993936  0.263256  0.899711  0.441516  0.484951  0.201343  0.653526  0.140406  0.960147  0.774991  0.574299  0.699379  0.200347  
0.0588103  0.932872  0.466718  0.526575  0.752747  0.0295179  0.820678  0.292912  0.734452  0.60593  0.0829216  0.474098  0.287274  0.571154  0.146819  0.616901  0.69412  0.706511  0.0476858  0.298452  0.842913  0.845475  0.0588103  0.932872  0.466718  0.526575  0.752747  0.0295179  0.820678  0.292912  0.734452  0.60593  0.0829216  0.474098  0.287274  0.571154  0.146819  0.616901  0.69412  0.706511  0.0476858  0.298452  0.842913  0.845475  
0.000169283  0.859401  1.05362e-18  2.41208e-17  3.47467e-17  1.89924e-17  7.45176e-17  3.14041e-18  2.89727e-17  0  1.16579e-18  1.96302e-18  1.09938e-17  3.49641e-17  8.32117e-17  2.58866e-17  5.41512e-17  9.71045e-19  6.86915e-17  3.3207e-17  2.60992e-17  6.78216e-17  0.000169283  0.859401  1.05362e-18  2.41208e-17  3.47467e-17  1.89924e-17  7.45176e-17  3.14041e-18  2.89727e-17  0  1.16579e-18  1.96302e-18  1.09938e-17  3.49641e-17  8.32117e-17  2.58866e-17  5.41512e-17  9.71045e-19  6.86915e-17  3.3207e-17  2.60992e-17  6.78216e-17  
0.859401  0.000169283  6.78219e-17  1.38983e-17  2.36289e-17  1.49877e-17  0  3.86894e-17  5.68483e-17  4.2112e-17  7.87995e-18  2.08694e-17  2.95014e-17  4.51347e-17  1.25488e-17  4.68729e-17  2.00543e-17  2.10398e-17  7.47498e-17  2.65267e-17  4.39284e-17  5.62668e-17  0.859401  0.000169283  6.78219e-17  1.38983e-17  2.36289e-17  1.49877e-17  0  3.86894e-17  5.68483e-17  4.2112e-17  7.87995e-18  2.08694e-17  2.95014e-17  4.51347e-17  1.25488e-17  4.68729e-17  2.00543e-17  2.10398e-17  7.47498e-17  2.65267e-17  4.39284e-17  5.62668e-17  
0.858375  0.85835  5.94869e-17  4.53491e-17  4.26552e-17  3.17355e-17  0  5.80571e-17  1.82901e-16  5.9465e-17  3.49934e-17  8.54722e-17  5.47391e-17  3.84134e-17  2.17023e-17  1.0527e-16  3.40948e-17  5.00785e-17  2.83717e-17  2.33579e-17  1.34342e-16  4.83398e-17  0.858375  0.85835  5.94869e-17  4.53491e-17  4.26552e-17  3.17355e-17  0  5.80571e-17  1.82901e-16  5.9465e-17  3.49934e-17  8.54722e-17  5.47391e-17  3.84134e-17  2.17023e-17  1.0527e-16  3.40948e-17  5.00785e-17  2.83717e-17  2.33579e-17  1.34342e-16  4.83398e-17  
0.0617732  0.859401  1.28807e-17  2.59362e-17  5.81463e-17  4.12913e-17  4.27683e-17  4.65286e-17  1.34085e-18  7.48666e-17  6.94497e-18  3.59249e-17  8.62984e-17  2.51658e-17  3.96958e-17  8.04305e-19  1.41756e-17  3.64168e-18  5.68952e-17  1.01292e-17  4.78554e-17  1.63738e-17  0.0617732  0.859401  1.28807e-17  2.59362e-17  5.81463e-17  4.12913e-17  4.27683e-17  4.65286e-17  1.34085e-18  7.48666e-17  6.94497e-18  3.59249e-17  8.62984e-17  2.51658e-17  3.96958e-17  8.04305e-19  1.41756e-17  3.64168e-18  5.68952e-17  1.01292e-17  4.78554e-17  1.63738e-17  
0.0768987  0.723011  2.5309e-17  8.74971e-17  3.58695e-18  7.97219e-18  6.19612e-17  4.63295e-17  1.74511e-17  3.10277e-17  8.63748e-17  2.56674e-17  5.65899e-17  3.66822e-17  7.62756e-17  1.64112e-16  5.28714e-17  5.77174e-17  4.14316e-17  8.46537e-17  1.45226e-16  4.26349e-17  0.0768987  0.723011  2.5309e-17  8.74971e-17  3.58695e-18  7.97219e-18  6.19612e-17  4.63295e-17  1.74511e-17  3.10277e-17  8.63748e-17  2.56674e-17  5.65899e-17  3.66822e-17  7.62756e-17  1.64112e-16  5.28714e-17  5.77174e-17  4.14316e-17  8.46537e-17  1.45226e-16  4.26349e-17  
0.189171  0.859401  5.46002e-17  1.51788e-17  2.60303e-17  1.59815e-17  6.08455e-17  2.42643e-18  7.96643e-18  1.10548e-17  1.20062e-16  3.55022e-17  8.30718e-17  1.92813e-17  2.6824e-17  4.75675e-17  3.82712e-17  2.15469e-17  2.74333e-17  4.58049e-17  4.51267e-17  1.78209e-17  0.189171  0.859401  5.46002e-17  1.51788e-17  2.60303e-17  1.59815e-17  6.08455e-17  2.42643e-18  7.96643e-18  1.10548e-17  1.20062e-16  3.55022e-17  8.30718e-17  1.92813e-17  2.6824e-17  4.75675e-17  3.82712e-17  2.15469e-17  2.74333e-17  4.58049e-17  4.51267e-17  1.78209e-17  
0.0826176  0.251412  1.70161e-17  6.31955e-17  7.10022e-17  2.06149e-17  8.31011e-17  9.71374e-17  8.8107e-18  1.08964e-16  4.27657e-17  1.107e-17  1.46772e-16  2.83202e-17  4.478e-17  1.46034e-16  3.3955e-17  5.17894e-18  8.43074e-17  7.21519e-18  7.2345e-17  1.02346e-16  0.0826176  0.251412  1.70161e-17  6.31955e-17  7.10022e-17  2.06149e-17  8.31011e-17  9.71374e-17  8.8107e-18  1.08964e-16  4.27657e-17  1.107e-17  1.46772e-16  2.83202e-17  4.478e-17  1.46034e-16  3.3955e-17  5.17894e-18  8.43074e-17  7.21519e-18  7.2345e-17  1.02346e-16  
0.219693  0.859401  1.78055e-17  4.97112e-17  4.32444e-19  5.26885e-17  1.03395e-16  6.07577e-18  1.25313e-16  1.91474e-17  5.44484e-17  3.74337e-17  1.74204e-17  0  3.42364e-17  2.58621e-17  8.26122e-18  2.45554e-17  3.99166e-17  3.23006e-17  4.13052e-17  1.60572e-17  0.219693  0.859401  1.78055e-17  4.97112e-17  4.32444e-19  5.26885e-17  1.03395e-16  6.07577e-18  1.25313e-16  1.91474e-17  5.44484e-17  3.74337e-17  1.74204e-17  0  3.42364e-17  2.58621e-17  8.26122e-18  2.45554e-17  3.99166e-17  3.23006e-17  4.13052e-17  1.60572e-17  
0.163028  0.83455  5.29922e-17  9.28807e-17  3.52214e-17  1.78064e-17  1.32853e-17  1.47229e-17  5.71196e-17  3.8306e-17  4.09026e-17  2.84196e-17  7.5503e-17  2.00614e-17  2.10328e-17  3.60882e-17  2.98858e-17  1.49898e-17  3.35551e-17  8.87646e-18  4.98466e-18  5.12885e-17  0.163028  0.83455  5.29922e-17  9.28807e-17  3.52214e-17  1.78064e-17  1.32853e-17  1.47229e-17  5.71196e-17  3.8306e-17  4.09026e-17  2.84196e-17  7.5503e-17  2.00614e-17  2.10328e-17  3.60882e-17  2.98858e-17  1.49898e-17  3.35551e-17  8.87646e-18  4.98466e-18  5.12885e-17  
0.251412  0.859401  2.85036e-17  1.45407e-17  9.74125e-18  2.73392e-17  2.09611e-17  3.23739e-17  3.35356e-17  2.05347e-17  8.1635e-17  2.40682e-17  4.30307e-17  2.36902e-17  1.98508e-17  1.38881e-17  8.00655e-17  8.27127e-17  5.85234e-17  5.70509e-17  1.4576e-17  3.35798e-17  0.251412  0.859401  2.85036e-17  1.45407e-17  9.74125e-18  2.73392e-17  2.09611e-17  3.23739e-17  3.35356e-17  2.05347e-17  8.1635e-17  2.40682e-17  4.30307e-17  2.36902e-17  1.98508e-17  1.38881e-17  8.00655e-17  8.27127e-17  5.85234e-17  5.70509e-17  1.4576e-17  3.35798e-17  
0.0696359  0.192873  2.45237e-18  5.56345e-17  3.44429e-17  4.72348e-17  2.81782e-17  2.45243e-17  1.10169e-16  1.17261e-17  5.28706e-17  4.99695e-17  2.14198e-17  1.23074e-17  4.85453e-18  2.1802e-17  2.83058e-17  1.97407e-18  7.00922e-18  3.69641e-17  4.19304e-17  6.74428e-17  0.0696359  0.192873  2.45237e-18  5.56345e-17  3.44429e-17  4.72348e-17  2.81782e-17  2.45243e-17  1.10169e-16  1.17261e-17  5.28706e-17  4.99695e-17  2.14198e-17  1.23074e-17  4.85453e-18  2.1802e-17  2.83058e-17  1.97407e-18  7.00922e-18  3.69641e-17  4.19304e-17  6.74428e-17  
0.251412  0.859401  2.85036e-17  1.45407e-17  9.74125e-18  2.73392e-17  2.09611e-17  3.23739e-17  3.35356e-17  2.05347e-17  8.1635e-17  2.77148e-17  4.30307e-17  2.36902e-17  1.98508e-17  1.38881e-17  7.76036e-17  7.61469e-17  1.05189e-17  5.70509e-17  3.91569e-17  3.35798e-17  0.251412  0.859401  2.85036e-17  1.45407e-17  9.74125e-18  2.73392e-17  2.09611e-17  3.23739e-17  3.35356e-17  2.05347e-17  8.1635e-17  2.77148e-17  4.30307e-17  2.36902e-17  1.98508e-17  1.38881e-17  7.76036e-17  7.61469e-17  1.05189e-17  5.70509e-17  3.91569e-17  3.35798e-17  
0.235988  0.753716  2.41162e-17  3.89699e-17  2.29693e-16  3.09386e-17  5.55562e-17  1.17835e-16  1.26044e-16  3.42393e-17  4.94325e-17  4.2992e-17  4.06275e-17  3.08129e-17  3.48154e-17  4.25295e-18  1.72248e-17  3.35223e-17  6.27504e-17  4.71308e-18  7.7669e-17  3.51142e-18  0.235988  0.753716  2.41162e-17  3.89699e-17  2.29693e-16  3.09386e-17  5.55562e-17  1.17835e-16  1.26044e-16  3.42393e-17  4.94325e-17  4.2992e-17  4.06275e-17  3.08129e-17  3.48154e-17  4.25295e-18  1.72248e-17  3.35223e-17  6.27504e-17  4.71308e-18  7.7669e-17  3.51142e-18  
0.251412  0.859401  1.40517e-17  0  7.6291e-17  9.86968e-18  3.5472e-17  2.04303e-17  7.19079e-17  8.7661e-18  6.97475e-17  4.60611e-17  1.30851e-17  2.44314e-17  3.72399e-17  1.38881e-17  0  2.58022e-17  5.85234e-17  2.62815e-17  3.22029e-17  3.45396e-17  0.251412  0.859401  1.40517e-17  0  7.6291e-17  9.86968e-18  3.5472e-17  2.04303e-17  7.19079e-17  8.7661e-18  6.97475e-17  4.60611e-17  1.30851e-17  2.44314e-17  3.72399e-17  1.38881e-17  0  2.58022e-17  5.85234e-17  2.62815e-17  3.22029e-17  3.45396e-17  
0.249352  0.251412  4.01693e-17  1.41467e-17  1.52053e-17  2.86589e-17  4.01459e-17  6.73157e-18  3.52522e-18  2.98735e-17  8.326e-17  1.47735e-17  1.25198e-16  6.79403e-18  1.26608e-17  5.11774e-17  6.03434e-17  7.51281e-17  3.61074e-17  3.25093e-17  3.85717e-18  1.97086e-17  0.249352  0.251412  4.01693e-17  1.41467e-17  1.52053e-17  2.86589e-17  4.01459e-17  6.73157e-18  3.52522e-18  2.98735e-17  8.326e-17  1.47735e-17  1.25198e-16  6.79403e-18  1.26608e-17  5.11774e-17  6.03434e-17  7.51281e-17  3.61074e-17  3.25093e-17  3.85717e-18  1.97086e-17  
0.251412  0.859401  2.85036e-17  1.45407e-17  9.74125e-18  2.73392e-17  2.09611e-17  3.23739e-17  8.28452e-18  2.05347e-17  8.1635e-17  1.09442e-17  4.30307e-17  2.36902e-17  1.98508e-17  6.39249e-17  7.7116e-17  8.27127e-17  7.20533e-18  5.70509e-17  1.4576e-17  3.35798e-17  0.251412  0.859401  2.85036e-17  1.45407e-17  9.74125e-18  2.73392e-17  2.09611e-17  3.23739e-17  8.28452e-18  2.05347e-17  8.1635e-17  1.09442e-17  4.30307e-17  2.36902e-17  1.98508e-17  6.39249e-17  7.7116e-17  8.27127e-17  7.20533e-18  5.70509e-17  1.4576e-17  3.35798e-17  
0.251412  0.859401  2.81275e-17  1.45407e-17  9.74125e-18  2.73392e-17  2.09611e-17  3.23739e-17  3.8597e-17  2.05347e-17  8.1635e-17  2.77148e-17  4.30307e-17  6.44791e-18  7.00958e-17  1.38881e-17  1.03524e-16  7.61469e-17  1.05189e-17  1.49263e-17  3.91569e-17  3.35798e-17  0.251412  0.859401  2.81275e-17  1.45407e-17  9.74125e-18  2.73392e-17  2.09611e-17  3.23739e-17  3.8597e-17  2.05347e-17  8.1635e-17  2.77148e-17  4.30307e-17  6.44791e-18  7.00958e-17  1.38881e-17  1.03524e-16  7.61469e-17  1.05189e-17  1.49263e-17  3.91569e-17  3.35798e-17  
0.65517  0.859401  2.16654e-17  3.88017e-17  3.50098e-16  1.13725e-16  4.06338e-18  1.27631e-16  5.78502e-17  7.77771e-17  4.99589e-17  0  1.92711e-16  5.21717e-17  2.01764e-18  1.57573e-16  9.33766e-17  1.48332e-18  0  1.96972e-17  2.67559e-18  0  0.65517  0.859401  2.16654e-17  3.88017e-17  3.50098e-16  1.13725e-16  4.06338e-18  1.27631e-16  5.78502e-17  7.77771e-17  4.99589e-17  0  1.92711e-16  5.21717e-17  2.01764e-18  1.57573e-16  9.33766e-17  1.48332e-18  0  1.96972e-17  2.67559e-18  0  
0.064572  0.100082  3.77184e-17  3.17961e-17  9.20904e-18  1.46505e-17  6.43577e-17  2.17045e-17  5.75381e-17  9.9258e-18  9.66422e-17  1.17697e-17  2.8308e-17  5.17593e-18  2.10612e-17  4.92395e-17  1.73491e-17  6.6222e-17  3.23303e-17  3.75372e-17  2.17044e-17  8.26114e-18  0.064572  0.100082  3.77184e-17  3.17961e-17  9.20904e-18  1.46505e-17  6.43577e-17  2.17045e-17  5.75381e-17  9.9258e-18  9.66422e-17  1.17697e-17  2.8308e-17  5.17593e-18  2.10612e-17  4.92395e-17  1.73491e-17  6.6222e-17  3.23303e-17  3.75372e-17  2.17044e-17  8.26114e-18  
0.251412  0.859401  1.40517e-17  0  7.6291e-17  9.86968e-18  3.5472e-17  3.70331e-17  7.19079e-17  8.7661e-18  2.36902e-17  4.60611e-17  1.30851e-17  2.44314e-17  3.72399e-17  1.38881e-17  0  2.58022e-17  5.85234e-17  2.62815e-17  3.22029e-17  3.45396e-17  0.251412  0.859401  1.40517e-17  0  7.6291e-17  9.86968e-18  3.5472e-17  3.70331e-17  7.19079e-17  8.7661e-18  2.36902e-17  4.60611e-17  1.30851e-17  2.44314e-17  3.72399e-17  1.38881e-17  0  2.58022e-17  5.85234e-17  2.62815e-17  3.22029e-17  3.45396e-17  
0.251412  0.725262  5.92954e-17  1.17918e-16  6.4063e-17  1.83066e-17  4.50852e-17  3.51464e-17  2.80149e-17  8.53243e-17  7.28603e-17  4.88048e-17  7.52678e-17  1.45522e-17  4.11511e-17  1.40666e-17  4.43164e-17  2.79089e-17  9.23567e-17  1.72695e-17  1.3451e-16  3.93378e-17  0.251412  0.725262  5.92954e-17  1.17918e-16  6.4063e-17  1.83066e-17  4.50852e-17  3.51464e-17  2.80149e-17  8.53243e-17  7.28603e-17  4.88048e-17  7.52678e-17  1.45522e-17  4.11511e-17  1.40666e-17  4.43164e-17  2.79089e-17  9.23567e-17  1.72695e-17  1.3451e-16  3.93378e-17  
0.658268  0.859401  4.10307e-17  4.22638e-17  1.05519e-16  9.79822e-18  1.33138e-16  5.36245e-17  2.79155e-17  3.90122e-17  1.31859e-16  1.10961e-16  2.17831e-16  8.09534e-18  3.96677e-17  2.36132e-16  1.11234e-16  1.1627e-16  1.34525e-16  1.56372e-17  8.55561e-17  2.5522e-17  0.658268  0.859401  4.10307e-17  4.22638e-17  1.05519e-16  9.79822e-18  1.33138e-16  5.36245e-17  2.79155e-17  3.90122e-17  1.31859e-16  1.10961e-16  2.17831e-16  8.09534e-18  3.96677e-17  2.36132e-16  1.11234e-16  1.1627e-16  1.34525e-16  1.56372e-17  8.55561e-17  2.5522e-17  
0.251412  0.251412  1.88321e-17  8.36493e-17  9.36022e-18  3.12802e-18  5.45303e-17  0  1.51312e-17  1.9922e-17  5.06406e-17  3.63027e-17  2.54979e-17  1.17978e-16  6.033e-17  1.92112e-17  3.65383e-17  2.76458e-17  4.60608e-17  3.39443e-17  4.77213e-19  3.76664e-17  0.251412  0.251412  1.88321e-17  8.36493e-17  9.36022e-18  3.12802e-18  5.45303e-17  0  1.51312e-17  1.9922e-17  5.06406e-17  3.63027e-17  2.54979e-17  1.17978e-16  6.033e-17  1.92112e-17  3.65383e-17  2.76458e-17  4.60608e-17  3.39443e-17  4.77213e-19  3.76664e-17  
0.647761  0.859401  1.91335e-17  3.83973e-17  1.07184e-16  6.94781e-18  3.05771e-17  4.44019e-17  6.89093e-17  5.35651e-17  8.03798e-17  8.03075e-17  1.75615e-16  2.79113e-17  7.02088e-18  3.86477e-17  1.8588e-17  8.30127e-17  9.34543e-17  5.87965e-17  1.02368e-16  1.22164e-16  0.647761  0.859401  1.91335e-17  3.83973e-17  1.07184e-16  6.94781e-18  3.05771e-17  4.44019e-17  6.89093e-17  5.35651e-17  8.03798e-17  8.03075e-17  1.75615e-16  2.79113e-17  7.02088e-18  3.86477e-17  1.8588e-17  8.30127e-17  9.34543e-17  5.87965e-17  1.02368e-16  1.22164e-16  
0.251412  0.859401  8.12943e-17  0  7.6291e-17  1.68789e-17  3.5472e-17  3.70331e-17  7.19079e-17  8.7661e-18  2.36902e-17  4.60611e-17  1.30851e-17  2.44314e-17  3.72399e-17  1.38881e-17  0  2.58022e-17  1.26066e-16  2.62815e-17  3.22029e-17  3.45396e-17  0.251412  0.859401  8.12943e-17  0  7.6291e-17  1.68789e-17  3.5472e-17  3.70331e-17  7.19079e-17  8.7661e-18  2.36902e-17  4.60611e-17  1.30851e-17  2.44314e-17  3.72399e-17  1.38881e-17  0  2.58022e-17  1.26066e-16  2.62815e-17  3.22029e-17  3.45396e-17  
0.693766  0.859401  4.22193e-17  1.41424e-17  1.52142e-16  1.29473e-18  1.04148e-16  2.25255e-17  1.26522e-16  4.04761e-17  4.3535e-17  7.54552e-17  4.19953e-17  2.2115e-17  3.58678e-17  2.30278e-16  6.20949e-17  6.23126e-17  6.54332e-17  1.58012e-17  7.28818e-17  3.72075e-17  0.693766  0.859401  4.22193e-17  1.41424e-17  1.52142e-16  1.29473e-18  1.04148e-16  2.25255e-17  1.26522e-16  4.04761e-17  4.3535e-17  7.54552e-17  4.19953e-17  2.2115e-17  3.58678e-17  2.30278e-16  6.20949e-17  6.23126e-17  6.54332e-17  1.58012e-17  7.28818e-17  3.72075e-17  
0.230684  0.251412  3.64902e-17  5.49564e-17  9.23204e-20  6.14856e-18  2.51905e-17  4.28761e-17  3.64945e-17  2.4465e-17  8.53178e-17  3.64324e-17  4.58228e-17  4.56558e-17  3.55108e-17  4.92025e-18  7.17927e-17  1.17647e-17  1.71608e-17  2.04505e-17  4.76549e-18  3.60982e-18  0.230684  0.251412  3.64902e-17  5.49564e-17  9.23204e-20  6.14856e-18  2.51905e-17  4.28761e-17  3.64945e-17  2.4465e-17  8.53178e-17  3.64324e-17  4.58228e-17  4.56558e-17  3.55108e-17  4.92025e-18  7.17927e-17  1.17647e-17  1.71608e-17  2.04505e-17  4.76549e-18  3.60982e-18  
0.657064  0.859401  5.57912e-17  6.39783e-17  6.32967e-17  3.33029e-17  4.43949e-17  4.21553e-17  1.06719e-17  3.85864e-17  6.04128e-17  9.11825e-17  8.99079e-17  2.92374e-20  1.26033e-17  1.37013e-16  3.13751e-17  6.07794e-17  8.59955e-17  2.94755e-17  1.92014e-16  1.76472e-17  0.657064  0.859401  5.57912e-17  6.39783e-17  6.32967e-17  3.33029e-17  4.43949e-17  4.21553e-17  1.06719e-17  3.85864e-17  6.04128e-17  9.11825e-17  8.99079e-17  2.92374e-20  1.26033e-17  1.37013e-16  3.13751e-17  6.07794e-17  8.59955e-17  2.94755e-17  1.92014e-16  1.76472e-17  
0.251412  0.7809  8.52134e-17  4.43761e-17  5.55422e-17  3.86846e-18  7.14712e-17  6.94077e-17  8.7595e-17  6.40541e-17  1.07141e-16  0  1.56701e-17  1.10464e-16  7.2223e-17  1.70819e-16  7.07443e-17  9.32799e-18  4.05664e-17  7.58624e-17  1.69864e-16  1.22777e-16  0.251412  0.7809  8.52134e-17  4.43761e-17  5.55422e-17  3.86846e-18  7.14712e-17  6.94077e-17  8.7595e-17  6.40541e-17  1.07141e-16  0  1.56701e-17  1.10464e-16  7.2223e-17  1.70819e-16  7.07443e-17  9.32799e-18  4.05664e-17  7.58624e-17  1.69864e-16  1.22777e-16  
0.702199  0.859401  3.98255e-17  6.38918e-17  2.21229e-16  9.66136e-18  6.55801e-17  2.8438e-17  7.00397e-18  3.48223e-17  5.47397e-17  3.81834e-17  9.46877e-17  4.39567e-17  7.88823e-17  8.51934e-17  1.06385e-17  4.50813e-17  8.39578e-17  4.56496e-18  3.08853e-17  6.37931e-17  0.702199  0.859401  3.98255e-17  6.38918e-17  2.21229e-16  9.66136e-18  6.55801e-17  2.8438e-17  7.00397e-18  3.48223e-17  5.47397e-17  3.81834e-17  9.46877e-17  4.39567e-17  7.88823e-17  8.51934e-17  1.06385e-17  4.50813e-17  8.39578e-17  4.56496e-18  3.08853e-17  6.37931e-17  
0.251412  0.658457  8.97788e-17  3.80931e-17  7.781e-17  1.26003e-17  1.75463e-17  7.18758e-17  3.57295e-17  7.56893e-17  6.49879e-17  8.3883e-17  7.28822e-18  2.6241e-17  1.45032e-17  2.03894e-17  1.02541e-16  5.17367e-17  1.25545e-16  3.06349e-17  1.14524e-16  4.16386e-17  0.251412  0.658457  8.97788e-17  3.80931e-17  7.781e-17  1.26003e-17  1.75463e-17  7.18758e-17  3.57295e-17  7.56893e-17  6.49879e-17  8.3883e-17  7.28822e-18  2.6241e-17  1.45032e-17  2.03894e-17  1.02541e-16  5.17367e-17  1.25545e-16  3.06349e-17  1.14524e-16  4.16386e-17  
0.694733  0.859401  3.04255e-17  3.89988e-17  8.74359e-17  5.17078e-17  7.06185e-17  2.50859e-17  5.22555e-17  1.41274e-17  1.62244e-17  1.37886e-17  3.20232e-18  2.4242e-17  3.01703e-17  7.28798e-17  2.71074e-18  4.30069e-17  3.01643e-17  1.97639e-17  6.04549e-17  7.55973e-18  0.694733  0.859401  3.04255e-17  3.89988e-17  8.74359e-17  5.17078e-17  7.06185e-17  2.50859e-17  5.22555e-17  1.41274e-17  1.62244e-17  1.37886e-17  3.20232e-18  2.4242e-17  3.01703e-17  7.28798e-17  2.71074e-18  4.30069e-17  3.01643e-17  1.97639e-17  6.04549e-17  7.55973e-18  
0.651949  0.859401  3.75429e-17  1.57298e-16  3.62155e-17  2.52301e-17  1.87056e-16  9.20843e-19  3.58666e-17  4.77047e-17  2.28449e-17  5.00369e-17  5.99445e-18  3.41401e-17  8.70285e-17  2.99437e-17  3.21797e-17  3.35836e-17  6.36658e-17  1.03781e-16  6.32557e-18  1.29333e-16  0.651949  0.859401  3.75429e-17  1.57298e-16  3.62155e-17  2.52301e-17  1.87056e-16  9.20843e-19  3.58666e-17  4.77047e-17  2.28449e-17  5.00369e-17  5.99445e-18  3.41401e-17  8.70285e-17  2.99437e-17  3.21797e-17  3.35836e-17  6.36658e-17  1.03781e-16  6.32557e-18  1.29333e-16  
0.72536  0.859401  1.35817e-17  8.4787e-17  1.14588e-16  2.66034e-17  1.71379e-16  3.16112e-17  8.84479e-17  2.35606e-17  1.13656e-17  8.67772e-17  8.81647e-17  4.73902e-17  1.80054e-20  2.37285e-16  9.90601e-17  1.28964e-16  7.14543e-17  1.231e-17  3.93129e-17  3.78959e-17  0.72536  0.859401  1.35817e-17  8.4787e-17  1.14588e-16  2.66034e-17  1.71379e-16  3.16112e-17  8.84479e-17  2.35606e-17  1.13656e-17  8.67772e-17  8.81647e-17  4.73902e-17  1.80054e-20  2.37285e-16  9.90601e-17  1.28964e-16  7.14543e-17  1.231e-17  3.93129e-17  3.78959e-17  
0.0663688  0.050883  1.38102e-17  3.55172e-18  2.26756e-17  2.93996e-17  4.90224e-17  4.45623e-17  2.91594e-17  5.47902e-17  5.08543e-18  2.31493e-17  1.56239e-17  3.2009e-17  6.74746e-17  9.4999e-18  2.51483e-17  6.91501e-17  4.0164e-17  3.15021e-17  3.21915e-17  1.21546e-16  0.0663688  0.050883  1.38102e-17  3.55172e-18  2.26756e-17  2.93996e-17  4.90224e-17  4.45623e-17  2.91594e-17  5.47902e-17  5.08543e-18  2.31493e-17  1.56239e-17  3.2009e-17  6.74746e-17  9.4999e-18  2.51483e-17  6.91501e-17  4.0164e-17  3.15021e-17  3.21915e-17  1.21546e-16  
0.676418  0.859401  5.81695e-17  9.5486e-17  7.7283e-18  2.56005e-17  1.48299e-16  1.31499e-16  5.14897e-17  1.6556e-17  5.08484e-17  4.0505e-17  9.41327e-17  1.93405e-17  7.66581e-17  8.87522e-17  1.08092e-16  6.31763e-17  4.11158e-17  1.58864e-17  8.05172e-17  4.50721e-17  0.676418  0.859401  5.81695e-17  9.5486e-17  7.7283e-18  2.56005e-17  1.48299e-16  1.31499e-16  5.14897e-17  1.6556e-17  5.08484e-17  4.0505e-17  9.41327e-17  1.93405e-17  7.66581e-17  8.87522e-17  1.08092e-16  6.31763e-17  4.11158e-17  1.58864e-17  8.05172e-17  4.50721e-17  
0.696413  0.665393  9.29031e-17  6.94294e-17  3.23865e-17  3.89449e-17  4.37208e-17  1.02887e-16  5.45337e-17  5.80034e-17  4.90365e-17  7.80408e-18  7.04811e-18  4.40745e-17  1.22863e-17  5.78397e-18  2.65132e-17  6.70994e-17  2.10704e-17  5.45739e-17  4.89333e-17  5.24393e-18  0.696413  0.665393  9.29031e-17  6.94294e-17  3.23865e-17  3.89449e-17  4.37208e-17  1.02887e-16  5.45337e-17  5.80034e-17  4.90365e-17  7.80408e-18  7.04811e-18  4.40745e-17  1.22863e-17  5.78397e-18  2.65132e-17  6.70994e-17  2.10704e-17  5.45739e-17  4.89333e-17  5.24393e-18  
0.71876  0.859401  3.39127e-18  2.83352e-17  5.82808e-17  3.99758e-17  7.40893e-19  1.04148e-17  3.00306e-17  2.38031e-18  7.62067e-17  1.43219e-17  0  1.67971e-17  2.4744e-17  3.90904e-17  4.81541e-19  6.95791e-17  4.76896e-17  3.66875e-17  1.6035e-17  1.61877e-17  0.71876  0.859401  3.39127e-18  2.83352e-17  5.82808e-17  3.99758e-17  7.40893e-19  1.04148e-17  3.00306e-17  2.38031e-18  7.62067e-17  1.43219e-17  0  1.67971e-17  2.4744e-17  3.90904e-17  4.81541e-19  6.95791e-17  4.76896e-17  3.66875e-17  1.6035e-17  1.61877e-17  
0.251412  0.251412  1.88321e-17  9.78274e-18  9.36022e-18  3.12802e-18  5.45303e-17  0  1.51312e-17  6.25282e-17  3.59275e-17  3.63027e-17  6.68288e-17  1.30048e-17  6.033e-17  1.92112e-17  3.65383e-17  2.76458e-17  2.22483e-17  3.39443e-17  4.77213e-19  3.76664e-17  0.251412  0.251412  1.88321e-17  9.78274e-18  9.36022e-18  3.12802e-18  5.45303e-17  0  1.51312e-17  6.25282e-17  3.59275e-17  3.63027e-17  6.68288e-17  1.30048e-17  6.033e-17  1.92112e-17  3.65383e-17  2.76458e-17  2.22483e-17  3.39443e-17  4.77213e-19  3.76664e-17  
0.710303  0.859401  4.33698e-17  8.22432e-17  5.63683e-17  1.14546e-16  2.24649e-17  7.41861e-17  6.4203e-17  1.50606e-16  7.55787e-17  4.96449e-17  1.61935e-16  1.09844e-17  2.9115e-17  7.15999e-17  4.58838e-17  1.09249e-16  3.50365e-17  6.86338e-17  2.85218e-17  1.07211e-17  0.710303  0.859401  4.33698e-17  8.22432e-17  5.63683e-17  1.14546e-16  2.24649e-17  7.41861e-17  6.4203e-17  1.50606e-16  7.55787e-17  4.96449e-17  1.61935e-16  1.09844e-17  2.9115e-17  7.15999e-17  4.58838e-17  1.09249e-16  3.50365e-17  6.86338e-17  2.85218e-17  1.07211e-17  
0.728631  0.727358  4.0395e-17  7.25062e-17  6.12905e-17  5.23229e-17  7.62399e-17  7.70446e-17  5.01444e-17  1.10323e-16  2.52128e-17  3.73774e-17  1.31629e-18  9.3143e-17  7.51972e-18  2.24038e-17  5.77206e-17  1.01219e-16  5.81419e-17  3.25372e-17  4.10281e-17  3.41917e-18  0.728631  0.727358  4.0395e-17  7.25062e-17  6.12905e-17  5.23229e-17  7.62399e-17  7.70446e-17  5.01444e-17  1.10323e-16  2.52128e-17  3.73774e-17  1.31629e-18  9.3143e-17  7.51972e-18  2.24038e-17  5.77206e-17  1.01219e-16  5.81419e-17  3.25372e-17  4.10281e-17  3.41917e-18  
0.739133  0.859401  1.18676e-16  1.9899e-17  8.70648e-17  3.44723e-17  3.77458e-17  1.14751e-17  6.69874e-17  1.25891e-17  8.92094e-17  4.5988e-17  2.57059e-17  1.03654e-17  4.57828e-17  2.5371e-17  4.27368e-17  3.81849e-17  6.85118e-17  1.04212e-16  4.68036e-17  6.11387e-17  0.739133  0.859401  1.18676e-16  1.9899e-17  8.70648e-17  3.44723e-17  3.77458e-17  1.14751e-17  6.69874e-17  1.25891e-17  8.92094e-17  4.5988e-17  2.57059e-17  1.03654e-17  4.57828e-17  2.5371e-17  4.27368e-17  3.81849e-17  6.85118e-17  1.04212e-16  4.68036e-17  6.11387e-17  
0.251412  0.216103  7.14674e-18  9.50055e-18  7.10366e-17  1.77546e-17  2.08963e-17  4.16563e-17  7.06589e-17  6.04941e-17  7.33523e-17  4.55378e-17  5.02372e-17  3.41478e-17  3.8187e-17  1.80946e-17  1.90274e-17  2.93817e-17  3.71286e-18  2.04902e-17  3.28541e-17  1.36358e-17  0.251412  0.216103  7.14674e-18  9.50055e-18  7.10366e-17  1.77546e-17  2.08963e-17  4.16563e-17  7.06589e-17  6.04941e-17  7.33523e-17  4.55378e-17  5.02372e-17  3.41478e-17  3.8187e-17  1.80946e-17  1.90274e-17  2.93817e-17  3.71286e-18  2.04902e-17  3.28541e-17  1.36358e-17  
0.713366  0.859401  1.51212e-17  1.27358e-16  2.57308e-16  6.51495e-17  1.51088e-17  3.34594e-17  8.0309e-17  7.73211e-17  5.00842e-17  8.34417e-18  2.27122e-18  7.35059e-17  2.05614e-17  1.70811e-16  3.92654e-17  2.36025e-17  6.7422e-17  3.22484e-17  2.13594e-17  8.28157e-17  0.713366  0.859401  1.51212e-17  1.27358e-16  2.57308e-16  6.51495e-17  1.51088e-17  3.34594e-17  8.0309e-17  7.73211e-17  5.00842e-17  8.34417e-18  2.27122e-18  7.35059e-17  2.05614e-17  1.70811e-16  3.92654e-17  2.36025e-17  6.7422e-17  3.22484e-17  2.13594e-17  8.28157e-17  
0.811416  0.638734  2.76847e-17  1.02778e-18  7.92913e-17  1.56723e-18  1.95323e-17  8.4625e-18  4.63201e-17  1.67588e-17  1.41567e-17  4.36552e-17  8.24271e-17  3.81515e-18  3.92952e-17  4.66495e-17  1.05565e-17  3.42422e-17  3.82942e-17  3.55219e-17  1.10097e-17  5.2233e-17  0.811416  0.638734  2.76847e-17  1.02778e-18  7.92913e-17  1.56723e-18  1.95323e-17  8.4625e-18  4.63201e-17  1.67588e-17  1.41567e-17  4.36552e-17  8.24271e-17  3.81515e-18  3.92952e-17  4.66495e-17  1.05565e-17  3.42422e-17  3.82942e-17  3.55219e-17  1.10097e-17  5.2233e-17  
0.743285  0.859401  3.45409e-17  1.11434e-18  3.8098e-17  6.32362e-17  8.08353e-17  1.06835e-17  1.1541e-16  6.78895e-17  2.07675e-17  3.04168e-17  3.08243e-17  1.64909e-17  4.36214e-17  2.44978e-17  3.79971e-17  1.23616e-16  1.00257e-16  3.42399e-17  2.02336e-17  1.06724e-17  0.743285  0.859401  3.45409e-17  1.11434e-18  3.8098e-17  6.32362e-17  8.08353e-17  1.06835e-17  1.1541e-16  6.78895e-17  2.07675e-17  3.04168e-17  3.08243e-17  1.64909e-17  4.36214e-17  2.44978e-17  3.79971e-17  1.23616e-16  1.00257e-16  3.42399e-17  2.02336e-17  1.06724e-17  
0.734788  0.251412  3.02086e-17  6.36309e-17  2.4729e-18  1.0429e-17  4.96287e-17  6.98877e-17  1.91525e-16  1.62722e-17  3.2458e-17  1.20812e-16  3.4749e-17  1.40079e-16  8.1663e-17  4.10513e-17  4.06465e-17  9.03992e-17  2.0873e-18  4.22668e-17  5.41868e-17  7.56485e-17  0.734788  0.251412  3.02086e-17  6.36309e-17  2.4729e-18  1.0429e-17  4.96287e-17  6.98877e-17  1.91525e-16  1.62722e-17  3.2458e-17  1.20812e-16  3.4749e-17  1.40079e-16  8.1663e-17  4.10513e-17  4.06465e-17  9.03992e-17  2.0873e-18  4.22668e-17  5.41868e-17  7.56485e-17  
0.737399  0.859401  4.06775e-17  1.14617e-16  1.49402e-16  5.53938e-17  2.9036e-17  1.90346e-16  4.28544e-17  3.94536e-17  5.46289e-17  4.41099e-17  4.69203e-17  2.41308e-17  0  1.98729e-16  7.35391e-17  6.28699e-17  1.19684e-17  2.36828e-17  2.63636e-17  4.78425e-17  0.737399  0.859401  4.06775e-17  1.14617e-16  1.49402e-16  5.53938e-17  2.9036e-17  1.90346e-16  4.28544e-17  3.94536e-17  5.46289e-17  4.41099e-17  4.69203e-17  2.41308e-17  0  1.98729e-16  7.35391e-17  6.28699e-17  1.19684e-17  2.36828e-17  2.63636e-17  4.78425e-17  
0.827917  0.696607  5.43653e-17  6.91018e-17  2.51015e-16  7.90012e-17  3.46515e-17  1.0286e-17  1.32581e-16  3.23692e-17  1.11064e-16  6.12583e-17  3.99571e-17  1.35681e-18  4.17434e-17  1.63869e-16  2.41098e-17  4.49434e-17  1.01272e-17  4.31451e-17  1.94716e-17  1.00373e-16  0.827917  0.696607  5.43653e-17  6.91018e-17  2.51015e-16  7.90012e-17  3.46515e-17  1.0286e-17  1.32581e-16  3.23692e-17  1.11064e-16  6.12583e-17  3.99571e-17  1.35681e-18  4.17434e-17  1.63869e-16  2.41098e-17  4.49434e-17  1.01272e-17  4.31451e-17  1.94716e-17  1.00373e-16  
0.758992  0.859401  7.12932e-17  5.10954e-17  1.12955e-16  7.22144e-17  1.05432e-16  1.7214e-17  4.35497e-18  3.95486e-17  5.00262e-18  5.20374e-17  2.75622e-18  9.53454e-17  9.49527e-18  3.04099e-17  1.00912e-16  4.99468e-17  0  4.3023e-17  1.4462e-16  4.76035e-17  0.758992  0.859401  7.12932e-17  5.10954e-17  1.12955e-16  7.22144e-17  1.05432e-16  1.7214e-17  4.35497e-18  3.95486e-17  5.00262e-18  5.20374e-17  2.75622e-18  9.53454e-17  9.49527e-18  3.04099e-17  1.00912e-16  4.99468e-17  0  4.3023e-17  1.4462e-16  4.76035e-17  
0.251412  0.132801  6.91906e-17  9.50864e-18  1.09845e-17  3.98649e-17  1.47444e-17  3.19039e-17  4.56156e-17  1.92094e-17  1.09035e-17  3.18239e-17  9.46676e-17  1.48327e-17  5.4015e-17  5.54221e-18  1.79753e-17  2.38275e-17  3.82348e-17  5.43812e-18  3.9469e-17  2.01044e-17  0.251412  0.132801  6.91906e-17  9.50864e-18  1.09845e-17  3.98649e-17  1.47444e-17  3.19039e-17  4.56156e-17  1.92094e-17  1.09035e-17  3.18239e-17  9.46676e-17  1.48327e-17  5.4015e-17  5.54221e-18  1.79753e-17  2.38275e-17  3.82348e-17  5.43812e-18  3.9469e-17  2.01044e-17  
0.806152  0.736884  1.51718e-17  7.64629e-17  2.00194e-16  1.80139e-17  2.30954e-17  0  1.20705e-17  6.7149e-18  6.21078e-17  1.83568e-17  1.35809e-16  2.12391e-18  2.8117e-17  1.25847e-16  8.34349e-17  2.60501e-17  1.58761e-17  4.42831e-17  1.93557e-16  1.26377e-17  0.806152  0.736884  1.51718e-17  7.64629e-17  2.00194e-16  1.80139e-17  2.30954e-17  0  1.20705e-17  6.7149e-18  6.21078e-17  1.83568e-17  1.35809e-16  2.12391e-18  2.8117e-17  1.25847e-16  8.34349e-17  2.60501e-17  1.58761e-17  4.42831e-17  1.93557e-16  1.26377e-17  
0.859401  0.251412  7.62806e-18  5.15771e-17  4.8921e-17  2.13915e-17  2.62554e-17  8.3629e-17  7.93521e-17  4.7139e-19  3.46432e-17  1.90895e-17  1.27802e-17  1.57709e-17  3.44774e-18  6.563e-17  4.02875e-17  6.63588e-17  1.76196e-18  4.20171e-17  2.58798e-17  3.09561e-17  0.859401  0.251412  7.62806e-18  5.15771e-17  4.8921e-17  2.13915e-17  2.62554e-17  8.3629e-17  7.93521e-17  4.7139e-19  3.46432e-17  1.90895e-17  1.27802e-17  1.57709e-17  3.44774e-18  6.563e-17  4.02875e-17  6.63588e-17  1.76196e-18  4.20171e-17  2.58798e-17  3.09561e-17  
0.756997  0.859401  1.61068e-17  1.27163e-16  1.91412e-16  3.71611e-17  1.24275e-18  9.58984e-17  2.51707e-17  3.87916e-17  8.4836e-17  8.71678e-18  1.75466e-17  1.4056e-16  6.91874e-18  2.8516e-17  6.84002e-17  1.38551e-17  5.0014e-17  1.62586e-17  2.88375e-17  7.69129e-17  0.756997  0.859401  1.61068e-17  1.27163e-16  1.91412e-16  3.71611e-17  1.24275e-18  9.58984e-17  2.51707e-17  3.87916e-17  8.4836e-17  8.71678e-18  1.75466e-17  1.4056e-16  6.91874e-18  2.8516e-17  6.84002e-17  1.38551e-17  5.0014e-17  1.62586e-17  2.88375e-17  7.69129e-17  
0.75614  0.251412  8.92808e-17  4.90819e-17  2.75585e-17  5.70778e-17  9.07423e-17  4.54741e-17  2.69761e-17  5.7809e-17  8.64466e-17  1.30944e-17  1.31315e-16  7.50457e-18  2.63836e-17  4.48543e-18  5.06288e-17  5.27067e-17  6.2925e-17  2.46278e-17  1.38848e-16  1.16558e-16  0.75614  0.251412  8.92808e-17  4.90819e-17  2.75585e-17  5.70778e-17  9.07423e-17  4.54741e-17  2.69761e-17  5.7809e-17  8.64466e-17  1.30944e-17  1.31315e-16  7.50457e-18  2.63836e-17  4.48543e-18  5.06288e-17  5.27067e-17  6.2925e-17  2.46278e-17  1.38848e-16  1.16558e-16  
0.756795  0.828569  5.92967e-17  1.82464e-17  2.57629e-17  4.59122e-17  4.92529e-17  5.82606e-17  8.83592e-17  2.89139e-17  5.68224e-17  0  6.68188e-17  0  8.32798e-18  3.61169e-17  5.83065e-17  3.36203e-17  5.70754e-17  2.39221e-17  1.86189e-17  8.36083e-17  0.756795  0.828569  5.92967e-17  1.82464e-17  2.57629e-17  4.59122e-17  4.92529e-17  5.82606e-17  8.83592e-17  2.89139e-17  5.68224e-17  0  6.68188e-17  0  8.32798e-18  3.61169e-17  5.83065e-17  3.36203e-17  5.70754e-17  2.39221e-17  1.86189e-17  8.36083e-17  
0.859401  0.679539  1.7631e-17  2.7129e-17  6.4851e-17  6.28137e-17  1.98657e-17  8.32467e-17  6.91886e-17  3.39458e-17  7.64246e-19  3.02239e-17  9.39735e-17  6.73299e-17  3.05865e-17  4.19018e-17  3.33448e-17  3.35955e-17  4.7319e-17  1.36725e-17  4.04576e-17  4.07359e-17  0.859401  0.679539  1.7631e-17  2.7129e-17  6.4851e-17  6.28137e-17  1.98657e-17  8.32467e-17  6.91886e-17  3.39458e-17  7.64246e-19  3.02239e-17  9.39735e-17  6.73299e-17  3.05865e-17  4.19018e-17  3.33448e-17  3.35955e-17  4.7319e-17  1.36725e-17  4.04576e-17  4.07359e-17  
0.771135  0.859401  6.33393e-18  5.36732e-18  1.48123e-16  1.98989e-17  1.45858e-17  6.31057e-17  3.02711e-17  8.37852e-17  4.91912e-17  2.46139e-17  4.20948e-18  2.01235e-17  7.32895e-17  5.68601e-17  5.03619e-17  1.24183e-17  8.47767e-17  1.19114e-17  6.61636e-17  5.31895e-17  0.771135  0.859401  6.33393e-18  5.36732e-18  1.48123e-16  1.98989e-17  1.45858e-17  6.31057e-17  3.02711e-17  8.37852e-17  4.91912e-17  2.46139e-17  4.20948e-18  2.01235e-17  7.32895e-17  5.68601e-17  5.03619e-17  1.24183e-17  8.47767e-17  1.19114e-17  6.61636e-17  5.31895e-17  
0.698283  0.251412  3.64426e-17  7.409e-17  2.7748e-17  0  2.04527e-17  9.33261e-17  5.67997e-17  4.19121e-17  3.07704e-17  8.79917e-17  1.36977e-16  6.52905e-17  8.33663e-18  1.56962e-17  4.62659e-18  6.71326e-18  4.54221e-17  7.14483e-17  5.83123e-17  3.99711e-17  0.698283  0.251412  3.64426e-17  7.409e-17  2.7748e-17  0  2.04527e-17  9.33261e-17  5.67997e-17  4.19121e-17  3.07704e-17  8.79917e-17  1.36977e-16  6.52905e-17  8.33663e-18  1.56962e-17  4.62659e-18  6.71326e-18  4.54221e-17  7.14483e-17  5.83123e-17  3.99711e-17  
0.859401  0.740909  8.23602e-17  4.92e-17  6.14758e-17  3.94941e-18  1.43204e-16  2.31796e-17  1.0677e-16  8.01067e-17  4.09096e-17  1.39026e-17  1.36449e-16  4.67298e-17  5.2314e-17  3.56848e-17  5.87854e-17  4.39739e-17  1.16389e-16  2.88174e-17  5.76654e-18  3.35814e-17  0.859401  0.740909  8.23602e-17  4.92e-17  6.14758e-17  3.94941e-18  1.43204e-16  2.31796e-17  1.0677e-16  8.01067e-17  4.09096e-17  1.39026e-17  1.36449e-16  4.67298e-17  5.2314e-17  3.56848e-17  5.87854e-17  4.39739e-17  1.16389e-16  2.88174e-17  5.76654e-18  3.35814e-17  
0.859401  0.64838  2.02e-17  6.8993e-17  9.52953e-17  2.35697e-17  4.98474e-17  4.57441e-17  1.23388e-17  1.45424e-17  6.68442e-17  2.40073e-17  1.13716e-17  3.86142e-18  2.27579e-17  9.71531e-19  3.16172e-17  9.51604e-17  7.38175e-17  9.71892e-18  5.37707e-17  2.3141e-19  0.859401  0.64838  2.02e-17  6.8993e-17  9.52953e-17  2.35697e-17  4.98474e-17  4.57441e-17  1.23388e-17  1.45424e-17  6.68442e-17  2.40073e-17  1.13716e-17  3.86142e-18  2.27579e-17  9.71531e-19  3.16172e-17  9.51604e-17  7.38175e-17  9.71892e-18  5.37707e-17  2.3141e-19  
0.774628  0.859401  3.42491e-17  8.17675e-17  5.80448e-17  4.56221e-17  3.44388e-17  1.7463e-17  8.14706e-17  1.36134e-17  2.54499e-17  5.53224e-18  1.41574e-16  1.79446e-17  6.05244e-17  1.1492e-16  4.85368e-17  1.14052e-16  4.8618e-17  3.78008e-17  6.30887e-17  9.18524e-17  0.774628  0.859401  3.42491e-17  8.17675e-17  5.80448e-17  4.56221e-17  3.44388e-17  1.7463e-17  8.14706e-17  1.36134e-17  2.54499e-17  5.53224e-18  1.41574e-16  1.79446e-17  6.05244e-17  1.1492e-16  4.85368e-17  1.14052e-16  4.8618e-17  3.78008e-17  6.30887e-17  9.18524e-17  
0.859401  0.251412  7.62806e-18  5.15771e-17  4.8921e-17  3.38856e-17  2.62554e-17  8.3629e-17  7.93521e-17  4.7139e-19  3.03493e-17  1.90895e-17  1.27802e-17  1.44138e-17  3.44774e-18  6.563e-17  9.35325e-17  6.63588e-17  1.76196e-18  4.20171e-17  2.58798e-17  3.09561e-17  0.859401  0.251412  7.62806e-18  5.15771e-17  4.8921e-17  3.38856e-17  2.62554e-17  8.3629e-17  7.93521e-17  4.7139e-19  3.03493e-17  1.90895e-17  1.27802e-17  1.44138e-17  3.44774e-18  6.563e-17  9.35325e-17  6.63588e-17  1.76196e-18  4.20171e-17  2.58798e-17  3.09561e-17  
0.79634  0.798123  9.24665e-18  1.56909e-17  1.09218e-17  4.46453e-17  7.41566e-18  4.09085e-17  4.78409e-17  0  1.25274e-16  7.03892e-17  1.02638e-17  1.79419e-17  3.77235e-17  3.34815e-17  2.88546e-17  4.1972e-17  7.14569e-17  2.86097e-17  4.82755e-17  7.90496e-18  0.79634  0.798123  9.24665e-18  1.56909e-17  1.09218e-17  4.46453e-17  7.41566e-18  4.09085e-17  4.78409e-17  0  1.25274e-16  7.03892e-17  1.02638e-17  1.79419e-17  3.77235e-17  3.34815e-17  2.88546e-17  4.1972e-17  7.14569e-17  2.86097e-17  4.82755e-17  7.90496e-18  
0.859401  0.703647  8.50692e-17  7.65793e-17  1.80816e-16  4.9839e-17  8.89895e-17  7.8392e-17  4.20671e-17  2.0574e-17  2.07766e-17  2.47896e-17  4.99902e-17  3.21205e-17  4.33851e-17  1.29432e-16  9.40632e-17  1.11411e-16  1.51018e-16  4.65167e-17  1.12298e-16  7.15495e-17  0.859401  0.703647  8.50692e-17  7.65793e-17  1.80816e-16  4.9839e-17  8.89895e-17  7.8392e-17  4.20671e-17  2.0574e-17  2.07766e-17  2.47896e-17  4.99902e-17  3.21205e-17  4.33851e-17  1.29432e-16  9.40632e-17  1.11411e-16  1.51018e-16  4.65167e-17  1.12298e-16  7.15495e-17  
0.786311  0.859401  1.1514e-16  1.21013e-17  8.04323e-18  2.4027e-17  6.76763e-17  5.72038e-17  8.58315e-17  8.29971e-17  6.7901e-17  3.00922e-17  1.31993e-16  3.8184e-17  9.35038e-17  1.22398e-16  3.76505e-17  1.19044e-16  2.7706e-17  9.26513e-17  0  8.46689e-17  0.786311  0.859401  1.1514e-16  1.21013e-17  8.04323e-18  2.4027e-17  6.76763e-17  5.72038e-17  8.58315e-17  8.29971e-17  6.7901e-17  3.00922e-17  1.31993e-16  3.8184e-17  9.35038e-17  1.22398e-16  3.76505e-17  1.19044e-16  2.7706e-17  9.26513e-17  0  8.46689e-17  
0.104724  0.024873  1.25017e-17  6.25844e-17  7.71412e-17  1.01804e-17  2.43328e-17  1.30187e-17  5.36098e-17  2.99681e-17  4.24114e-17  8.51077e-18  1.70663e-18  1.30576e-17  8.19459e-17  3.61041e-17  1.32748e-17  2.28404e-17  7.60276e-17  3.0173e-17  2.18447e-17  6.62665e-17  0.104724  0.024873  1.25017e-17  6.25844e-17  7.71412e-17  1.01804e-17  2.43328e-17  1.30187e-17  5.36098e-17  2.99681e-17  4.24114e-17  8.51077e-18  1.70663e-18  1.30576e-17  8.19459e-17  3.61041e-17  1.32748e-17  2.28404e-17  7.60276e-17  3.0173e-17  2.18447e-17  6.62665e-17  
0.859401  0.711514  1.68485e-17  7.2398e-17  1.34806e-16  5.31291e-17  1.71568e-17  3.24824e-17  6.94185e-17  1.23907e-17  3.20731e-17  3.71979e-17  3.63284e-17  4.41107e-17  4.07505e-17  3.21115e-18  2.00783e-17  2.3603e-17  1.13128e-17  1.20045e-18  4.03259e-17  2.64553e-17  0.859401  0.711514  1.68485e-17  7.2398e-17  1.34806e-16  5.31291e-17  1.71568e-17  3.24824e-17  6.94185e-17  1.23907e-17  3.20731e-17  3.71979e-17  3.63284e-17  4.41107e-17  4.07505e-17  3.21115e-18  2.00783e-17  2.3603e-17  1.13128e-17  1.20045e-18  4.03259e-17  2.64553e-17  
0.859401  0.251412  7.62806e-18  5.15771e-17  4.8921e-17  1.60177e-17  2.62554e-17  3.5766e-17  7.93521e-17  4.7139e-19  3.46432e-17  1.90895e-17  1.68085e-17  1.57709e-17  3.44774e-18  1.12598e-16  4.02875e-17  6.63588e-17  1.76196e-18  4.20171e-17  2.58798e-17  3.09561e-17  0.859401  0.251412  7.62806e-18  5.15771e-17  4.8921e-17  1.60177e-17  2.62554e-17  3.5766e-17  7.93521e-17  4.7139e-19  3.46432e-17  1.90895e-17  1.68085e-17  1.57709e-17  3.44774e-18  1.12598e-16  4.02875e-17  6.63588e-17  1.76196e-18  4.20171e-17  2.58798e-17  3.09561e-17  
0.859401  0.7766  2.06608e-17  1.71208e-17  1.30485e-16  3.28125e-18  3.54537e-17  2.61741e-17  4.26705e-17  8.23817e-17  5.5203e-17  1.59044e-17  2.74251e-17  6.81219e-17  1.10435e-16  1.45977e-16  4.66273e-17  8.8846e-17  2.40414e-17  1.13841e-16  4.39987e-17  8.23439e-17  0.859401  0.7766  2.06608e-17  1.71208e-17  1.30485e-16  3.28125e-18  3.54537e-17  2.61741e-17  4.26705e-17  8.23817e-17  5.5203e-17  1.59044e-17  2.74251e-17  6.81219e-17  1.10435e-16  1.45977e-16  4.66273e-17  8.8846e-17  2.40414e-17  1.13841e-16  4.39987e-17  8.23439e-17  
0.859401  0.199608  4.54094e-17  9.42038e-17  5.15372e-17  1.09314e-16  1.30382e-16  2.74661e-17  1.43924e-16  6.59725e-17  7.13856e-17  1.20193e-16  5.22985e-18  3.56351e-17  1.71667e-17  1.14714e-16  6.92299e-17  3.88075e-17  3.52449e-17  4.42751e-17  1.92016e-16  1.16554e-17  0.859401  0.199608  4.54094e-17  9.42038e-17  5.15372e-17  1.09314e-16  1.30382e-16  2.74661e-17  1.43924e-16  6.59725e-17  7.13856e-17  1.20193e-16  5.22985e-18  3.56351e-17  1.71667e-17  1.14714e-16  6.92299e-17  3.88075e-17  3.52449e-17  4.42751e-17  1.92016e-16  1.16554e-17  
0.859401  0.746931  7.40376e-17  7.12237e-17  8.91881e-17  2.29731e-17  7.38145e-17  1.19846e-16  6.37134e-17  4.44303e-17  9.36357e-17  4.2381e-17  3.41838e-17  1.24909e-17  1.81435e-17  3.65799e-17  4.11051e-17  3.05618e-17  1.73942e-16  1.81176e-17  1.9186e-17  4.98471e-17  0.859401  0.746931  7.40376e-17  7.12237e-17  8.91881e-17  2.29731e-17  7.38145e-17  1.19846e-16  6.37134e-17  4.44303e-17  9.36357e-17  4.2381e-17  3.41838e-17  1.24909e-17  1.81435e-17  3.65799e-17  4.11051e-17  3.05618e-17  1.73942e-16  1.81176e-17  1.9186e-17  4.98471e-17  
0.859401  0.661181  9.17918e-19  1.91348e-17  1.86121e-17  3.21651e-17  3.81995e-17  9.61771e-17  5.56802e-17  7.60935e-17  5.71685e-17  5.27765e-17  2.47626e-17  2.87161e-17  2.07443e-17  3.55707e-17  2.86157e-17  1.0916e-17  5.5586e-17  1.18518e-17  6.97219e-17  2.68481e-18  0.859401  0.661181  9.17918e-19  1.91348e-17  1.86121e-17  3.21651e-17  3.81995e-17  9.61771e-17  5.56802e-17  7.60935e-17  5.71685e-17  5.27765e-17  2.47626e-17  2.87161e-17  2.07443e-17  3.55707e-17  2.86157e-17  1.0916e-17  5.5586e-17  1.18518e-17  6.97219e-17  2.68481e-18  
0.794696  0.859401  6.13663e-18  5.23487e-17  3.9149e-17  2.62327e-17  1.23007e-16  1.61275e-17  9.36311e-17  1.24719e-17  6.47393e-17  5.86718e-17  1.37293e-16  3.87766e-17  1.16914e-17  1.33909e-17  1.27721e-17  7.37985e-17  1.36251e-16  1.4071e-17  1.65505e-16  5.42255e-17  0.794696  0.859401  6.13663e-18  5.23487e-17  3.9149e-17  2.62327e-17  1.23007e-16  1.61275e-17  9.36311e-17  1.24719e-17  6.47393e-17  5.86718e-17  1.37293e-16  3.87766e-17  1.16914e-17  1.33909e-17  1.27721e-17  7.37985e-17  1.36251e-16  1.4071e-17  1.65505e-16  5.42255e-17  
0.759617  0.134583  7.59202e-17  5.09298e-17  1.76359e-16  7.82993e-17  3.47559e-17  9.0242e-17  9.04648e-17  7.56781e-17  8.18124e-17  2.10736e-17  1.77623e-16  2.90553e-18  2.3436e-17  4.84787e-17  8.91606e-17  5.90149e-17  7.56107e-17  8.706e-17  1.11421e-16  2.35805e-18  0.759617  0.134583  7.59202e-17  5.09298e-17  1.76359e-16  7.82993e-17  3.47559e-17  9.0242e-17  9.04648e-17  7.56781e-17  8.18124e-17  2.10736e-17  1.77623e-16  2.90553e-18  2.3436e-17  4.84787e-17  8.91606e-17  5.90149e-17  7.56107e-17  8.706e-17  1.11421e-16  2.35805e-18  
0.859401  0.730334  8.91342e-17  2.75864e-17  1.0892e-17  5.46498e-17  7.11386e-17  1.39785e-16  1.72328e-18  1.88954e-17  1.13648e-16  8.80081e-17  3.26415e-17  1.31656e-17  3.7757e-17  3.56848e-17  8.8111e-17  7.27489e-17  3.15489e-17  3.92844e-17  1.41104e-16  4.30942e-17  0.859401  0.730334  8.91342e-17  2.75864e-17  1.0892e-17  5.46498e-17  7.11386e-17  1.39785e-16  1.72328e-18  1.88954e-17  1.13648e-16  8.80081e-17  3.26415e-17  1.31656e-17  3.7757e-17  3.56848e-17  8.8111e-17  7.27489e-17  3.15489e-17  3.92844e-17  1.41104e-16  4.30942e-17  
0.859401  0.251412  2.7539e-17  6.47751e-17  4.8921e-17  2.13915e-17  6.51179e-17  4.66345e-18  1.19798e-17  3.44094e-17  1.44454e-17  2.45408e-17  4.82053e-17  3.71138e-17  3.36057e-17  2.07154e-17  4.02875e-17  3.14563e-17  1.76196e-18  1.28826e-17  3.23209e-17  1.0689e-16  0.859401  0.251412  2.7539e-17  6.47751e-17  4.8921e-17  2.13915e-17  6.51179e-17  4.66345e-18  1.19798e-17  3.44094e-17  1.44454e-17  2.45408e-17  4.82053e-17  3.71138e-17  3.36057e-17  2.07154e-17  4.02875e-17  3.14563e-17  1.76196e-18  1.28826e-17  3.23209e-17  1.0689e-16  
0.859401  0.790972  7.5149e-17  4.41691e-17  1.1634e-16  9.80401e-18  2.7733e-17  7.4062e-17  1.04058e-16  5.66801e-17  5.64339e-17  3.09955e-17  8.80774e-17  2.46369e-17  7.75912e-17  7.60017e-17  1.02472e-16  5.11749e-18  1.21608e-16  4.57109e-17  3.27053e-17  6.45774e-17  0.859401  0.790972  7.5149e-17  4.41691e-17  1.1634e-16  9.80401e-18  2.7733e-17  7.4062e-17  1.04058e-16  5.66801e-17  5.64339e-17  3.09955e-17  8.80774e-17  2.46369e-17  7.75912e-17  7.60017e-17  1.02472e-16  5.11749e-18  1.21608e-16  4.57109e-17  3.27053e-17  6.45774e-17  
0.859401  0.251412  9.95228e-18  6.47751e-17  1.6995e-17  5.78551e-17  7.8935e-17  4.66345e-18  1.19798e-17  5.76301e-17  1.44454e-17  2.45408e-17  4.82053e-17  3.71138e-17  3.36057e-17  2.07154e-17  2.15654e-17  3.14563e-17  1.76196e-18  3.00154e-17  1.42581e-17  1.0689e-16  0.859401  0.251412  9.95228e-18  6.47751e-17  1.6995e-17  5.78551e-17  7.8935e-17  4.66345e-18  1.19798e-17  5.76301e-17  1.44454e-17  2.45408e-17  4.82053e-17  3.71138e-17  3.36057e-17  2.07154e-17  2.15654e-17  3.14563e-17  1.76196e-18  3.00154e-17  1.42581e-17  1.0689e-16  
0.859401  0.762135  4.21245e-17  9.70604e-17  1.44484e-16  3.91051e-18  3.55579e-17  8.50572e-17  9.75849e-17  2.87669e-17  6.13135e-17  4.45902e-17  7.47646e-17  3.69154e-17  6.43599e-17  4.08285e-17  2.41145e-17  3.73991e-17  1.57929e-16  5.50839e-18  2.11828e-17  3.72309e-17  0.859401  0.762135  4.21245e-17  9.70604e-17  1.44484e-16  3.91051e-18  3.55579e-17  8.50572e-17  9.75849e-17  2.87669e-17  6.13135e-17  4.45902e-17  7.47646e-17  3.69154e-17  6.43599e-17  4.08285e-17  2.41145e-17  3.73991e-17  1.57929e-16  5.50839e-18  2.11828e-17  3.72309e-17  
0.859401  0.689206  9.27185e-17  3.72199e-17  2.1926e-16  3.4091e-17  2.54948e-17  1.15228e-16  7.50215e-17  1.79582e-17  6.25298e-17  1.05314e-17  8.76687e-17  1.25992e-17  6.02802e-18  3.63121e-17  6.47713e-17  3.61181e-17  7.53967e-17  4.37871e-17  1.85427e-16  5.74598e-17  0.859401  0.689206  9.27185e-17  3.72199e-17  2.1926e-16  3.4091e-17  2.54948e-17  1.15228e-16  7.50215e-17  1.79582e-17  6.25298e-17  1.05314e-17  8.76687e-17  1.25992e-17  6.02802e-18  3.63121e-17  6.47713e-17  3.61181e-17  7.53967e-17  4.37871e-17  1.85427e-16  5.74598e-17  
0.809174  0.859401  2.49471e-17  7.47767e-17  2.87675e-16  4.08626e-17  2.72262e-17  1.18025e-17  9.79141e-17  6.3181e-17  1.15081e-16  1.66113e-17  8.35098e-17  1.2777e-17  1.67036e-17  4.46286e-17  4.40536e-17  4.34643e-17  8.24926e-18  2.71028e-17  9.26963e-17  5.24054e-17  0.809174  0.859401  2.49471e-17  7.47767e-17  2.87675e-16  4.08626e-17  2.72262e-17  1.18025e-17  9.79141e-17  6.3181e-17  1.15081e-16  1.66113e-17  8.35098e-17  1.2777e-17  1.67036e-17  4.46286e-17  4.40536e-17  4.34643e-17  8.24926e-18  2.71028e-17  9.26963e-17  5.24054e-17  
0.745892  0.0808516  3.99026e-17  6.48719e-17  1.5641e-16  6.30308e-17  2.2692e-16  2.30133e-05  3.34292e-17  3.15422e-17  1.56068e-16  4.37598e-18  4.18462e-17  4.35522e-17  8.00129e-17  4.21025e-17  9.80166e-17  8.3544e-17  7.94303e-17  6.26573e-17  5.21244e-17  6.38219e-17  0.745892  0.0808516  3.99026e-17  6.48719e-17  1.5641e-16  6.30308e-17  2.2692e-16  2.30133e-05  3.34292e-17  3.15422e-17  1.56068e-16  4.37598e-18  4.18462e-17  4.35522e-17  8.00129e-17  4.21025e-17  9.80166e-17  8.3544e-17  7.94303e-17  6.26573e-17  5.21244e-17  6.38219e-17  
0.859401  0.721267  2.32369e-17  1.04646e-17  3.26095e-18  5.99344e-17  9.54895e-17  1.00571e-16  3.94064e-17  1.23918e-17  3.95195e-17  3.74089e-17  1.33108e-17  3.62314e-17  5.48743e-19  3.15341e-17  5.10928e-17  2.70461e-17  4.84153e-17  4.35172e-17  2.37212e-17  2.12307e-17  0.859401  0.721267  2.32369e-17  1.04646e-17  3.26095e-18  5.99344e-17  9.54895e-17  1.00571e-16  3.94064e-17  1.23918e-17  3.95195e-17  3.74089e-17  1.33108e-17  3.62314e-17  5.48743e-19  3.15341e-17  5.10928e-17  2.70461e-17  4.84153e-17  4.35172e-17  2.37212e-17  2.12307e-17  
0.859401  0.251412  2.7539e-17  4.2082e-17  4.8921e-17  6.84617e-17  6.51179e-17  4.66345e-18  1.19798e-17  3.44094e-17  1.44454e-17  9.13302e-17  4.82053e-17  3.71138e-17  3.36057e-17  2.82558e-17  4.02875e-17  3.14563e-17  1.76196e-18  2.47669e-17  3.23209e-17  2.61314e-17  0.859401  0.251412  2.7539e-17  4.2082e-17  4.8921e-17  6.84617e-17  6.51179e-17  4.66345e-18  1.19798e-17  3.44094e-17  1.44454e-17  9.13302e-17  4.82053e-17  3.71138e-17  3.36057e-17  2.82558e-17  4.02875e-17  3.14563e-17  1.76196e-18  2.47669e-17  3.23209e-17  2.61314e-17  
0.859401  0.783752  2.08662e-17  1.47434e-17  9.23489e-17  4.9247e-17  1.79016e-17  7.72614e-17  4.70648e-17  4.69775e-17  6.84359e-17  5.17608e-17  3.83733e-17  1.64462e-17  1.20116e-17  2.40806e-17  4.05614e-17  6.34007e-17  4.62226e-17  4.57937e-17  8.85872e-17  4.09875e-17  0.859401  0.783752  2.08662e-17  1.47434e-17  9.23489e-17  4.9247e-17  1.79016e-17  7.72614e-17  4.70648e-17  4.69775e-17  6.84359e-17  5.17608e-17  3.83733e-17  1.64462e-17  1.20116e-17  2.40806e-17  4.05614e-17  6.34007e-17  4.62226e-17  4.57937e-17  8.85872e-17  4.09875e-17  
0.859401  0.248528  2.2266e-17  2.60788e-17  6.80855e-17  1.44308e-17  8.7835e-17  3.05854e-17  2.40373e-17  4.44572e-17  1.75747e-17  7.41827e-17  3.22126e-18  7.30647e-18  1.17561e-17  2.66902e-18  4.94025e-18  7.45527e-17  7.09675e-17  4.81696e-17  4.16214e-17  6.11831e-17  0.859401  0.248528  2.2266e-17  2.60788e-17  6.80855e-17  1.44308e-17  8.7835e-17  3.05854e-17  2.40373e-17  4.44572e-17  1.75747e-17  7.41827e-17  3.22126e-18  7.30647e-18  1.17561e-17  2.66902e-18  4.94025e-18  7.45527e-17  7.09675e-17  4.81696e-17  4.16214e-17  6.11831e-17  
0.859401  0.754664  5.57807e-17  1.46458e-17  1.44043e-17  6.53278e-18  1.39645e-16  7.57327e-18  2.04029e-17  4.1147e-17  2.00347e-17  1.07554e-16  2.10558e-17  2.36277e-17  3.42002e-17  9.95959e-18  1.7109e-17  2.11521e-17  3.45155e-17  0  7.47576e-17  6.01919e-17  0.859401  0.754664  5.57807e-17  1.46458e-17  1.44043e-17  6.53278e-18  1.39645e-16  7.57327e-18  2.04029e-17  4.1147e-17  2.00347e-17  1.07554e-16  2.10558e-17  2.36277e-17  3.42002e-17  9.95959e-18  1.7109e-17  2.11521e-17  3.45155e-17  0  7.47576e-17  6.01919e-17  
0.859401  0.676113  4.29162e-17  1.20045e-16  1.63603e-16  6.94359e-17  9.45398e-17  1.3349e-16  1.40569e-16  7.27551e-17  8.59648e-17  4.7067e-17  5.81667e-17  1.99123e-17  8.61696e-18  5.87213e-17  6.97254e-17  7.54336e-17  6.6651e-17  5.28683e-17  1.69791e-16  7.51897e-17  0.859401  0.676113  4.29162e-17  1.20045e-16  1.63603e-16  6.94359e-17  9.45398e-17  1.3349e-16  1.40569e-16  7.27551e-17  8.59648e-17  4.7067e-17  5.81667e-17  1.99123e-17  8.61696e-18  5.87213e-17  6.97254e-17  7.54336e-17  6.6651e-17  5.28683e-17  1.69791e-16  7.51897e-17  
0.859401  0.814563  1.86736e-17  1.87714e-17  4.80064e-17  1.072e-16  6.45449e-17  4.06034e-17  1.2555e-17  2.35842e-17  2.14327e-18  2.69576e-17  3.29201e-17  5.26893e-17  1.91137e-17  3.34174e-17  1.13784e-16  6.28664e-17  1.96187e-17  2.27367e-17  0  1.91645e-18  0.859401  0.814563  1.86736e-17  1.87714e-17  4.80064e-17  1.072e-16  6.45449e-17  4.06034e-17  1.2555e-17  2.35842e-17  2.14327e-18  2.69576e-17  3.29201e-17  5.26893e-17  1.91137e-17  3.34174e-17  1.13784e-16  6.28664e-17  1.96187e-17  2.27367e-17  0  1.91645e-18  
0.859401  0.156162  1.55546e-17  8.53328e-17  1.66194e-16  1.00265e-17  1.42579e-17  1.51699e-17  2.83287e-17  5.07878e-17  3.23772e-17  2.13149e-17  1.17964e-16  1.62824e-17  9.33184e-18  4.97011e-17  7.37906e-17  7.42837e-17  5.72012e-17  3.42159e-17  5.75927e-17  8.5774e-18  0.859401  0.156162  1.55546e-17  8.53328e-17  1.66194e-16  1.00265e-17  1.42579e-17  1.51699e-17  2.83287e-17  5.07878e-17  3.23772e-17  2.13149e-17  1.17964e-16  1.62824e-17  9.33184e-18  4.97011e-17  7.37906e-17  7.42837e-17  5.72012e-17  3.42159e-17  5.75927e-17  8.5774e-18  
0.859401  0.738852  7.72478e-17  5.71709e-17  7.05752e-17  7.13263e-17  5.3358e-17  8.86308e-18  2.83083e-17  4.63252e-17  6.59274e-17  0  3.06728e-17  1.36714e-17  6.95746e-17  1.77569e-16  3.08777e-17  1.01422e-16  1.55421e-17  1.68463e-17  2.14789e-17  9.21006e-17  0.859401  0.738852  7.72478e-17  5.71709e-17  7.05752e-17  7.13263e-17  5.3358e-17  8.86308e-18  2.83083e-17  4.63252e-17  6.59274e-17  0  3.06728e-17  1.36714e-17  6.95746e-17  1.77569e-16  3.08777e-17  1.01422e-16  1.55421e-17  1.68463e-17  2.14789e-17  9.21006e-17  
0.859401  0.643732  2.64801e-17  3.52747e-17  9.80881e-18  2.4454e-17  1.50746e-17  3.60326e-17  9.38482e-17  2.08192e-18  0  3.03894e-17  1.6171e-16  1.60548e-17  3.29781e-17  4.47334e-17  6.37671e-18  7.80653e-17  7.38821e-17  4.34143e-17  1.01517e-16  1.6537e-17  0.859401  0.643732  2.64801e-17  3.52747e-17  9.80881e-18  2.4454e-17  1.50746e-17  3.60326e-17  9.38482e-17  2.08192e-18  0  3.03894e-17  1.6171e-16  1.60548e-17  3.29781e-17  4.47334e-17  6.37671e-18  7.80653e-17  7.38821e-17  4.34143e-17  1.01517e-16  1.6537e-17  
0.859401  0.79838  5.94053e-17  9.1683e-17  6.56154e-17  5.92864e-17  1.72754e-16  5.35805e-17  7.24626e-17  8.0391e-17  3.61573e-17  2.53202e-17  1.30581e-17  4.12111e-18  3.1779e-17  3.17521e-16  1.04494e-16  3.62538e-17  6.36328e-17  8.77382e-17  1.58611e-17  9.22139e-17  0.859401  0.79838  5.94053e-17  9.1683e-17  6.56154e-17  5.92864e-17  1.72754e-16  5.35805e-17  7.24626e-17  8.0391e-17  3.61573e-17  2.53202e-17  1.30581e-17  4.12111e-18  3.1779e-17  3.17521e-16  1.04494e-16  3.62538e-17  6.36328e-17  8.77382e-17  1.58611e-17  9.22139e-17  
0.859401  0.251412  2.7539e-17  7.90844e-17  4.8921e-17  2.13915e-17  1.03841e-16  4.66345e-18  2.89184e-17  3.44094e-17  1.44454e-17  3.97707e-18  4.82053e-17  5.93777e-17  2.4641e-17  4.43529e-17  2.98449e-17  7.35746e-17  1.76196e-18  4.02205e-17  1.92253e-17  6.30902e-18  0.859401  0.251412  2.7539e-17  7.90844e-17  4.8921e-17  2.13915e-17  1.03841e-16  4.66345e-18  2.89184e-17  3.44094e-17  1.44454e-17  3.97707e-18  4.82053e-17  5.93777e-17  2.4641e-17  4.43529e-17  2.98449e-17  7.35746e-17  1.76196e-18  4.02205e-17  1.92253e-17  6.30902e-18  
0.859401  0.769422  9.7875e-18  3.72835e-17  1.60767e-16  6.93741e-17  9.68735e-17  1.74592e-16  1.02732e-16  2.81362e-17  5.51778e-17  2.63884e-17  7.93445e-17  2.35041e-17  5.81838e-17  1.50455e-16  4.61521e-18  7.8757e-18  2.19114e-17  4.69015e-17  1.21856e-16  5.70294e-17  0.859401  0.769422  9.7875e-18  3.72835e-17  1.60767e-16  6.93741e-17  9.68735e-17  1.74592e-16  1.02732e-16  2.81362e-17  5.51778e-17  2.63884e-17  7.93445e-17  2.35041e-17  5.81838e-17  1.50455e-16  4.61521e-18  7.8757e-18  2.19114e-17  4.69015e-17  1.21856e-16  5.70294e-17  
0.859401  0.700902  4.63603e-17  9.37604e-17  5.92919e-17  0  4.1377e-17  5.8613e-17  2.25878e-16  4.04761e-17  5.60645e-17  7.48099e-17  3.01174e-17  4.62944e-17  2.83641e-17  1.19824e-16  7.06913e-17  4.58205e-17  3.42886e-17  3.16649e-17  1.12609e-16  5.96366e-17  0.859401  0.700902  4.63603e-17  9.37604e-17  5.92919e-17  0  4.1377e-17  5.8613e-17  2.25878e-16  4.04761e-17  5.60645e-17  7.48099e-17  3.01174e-17  4.62944e-17  2.83641e-17  1.19824e-16  7.06913e-17  4.58205e-17  3.42886e-17  3.16649e-17  1.12609e-16  5.96366e-17  
0.859401  0.836664  1.52367e-17  1.20703e-17  2.06848e-16  1.57025e-17  3.51434e-17  6.72583e-17  1.69014e-16  6.32964e-19  2.08753e-17  7.92134e-17  9.6324e-17  1.84298e-17  1.3611e-17  3.91635e-16  1.52659e-16  7.27042e-17  3.34459e-17  1.15415e-16  6.30629e-19  4.8769e-17  0.859401  0.836664  1.52367e-17  1.20703e-17  2.06848e-16  1.57025e-17  3.51434e-17  6.72583e-17  1.69014e-16  6.32964e-19  2.08753e-17  7.92134e-17  9.6324e-17  1.84298e-17  1.3611e-17  3.91635e-16  1.52659e-16  7.27042e-17  3.34459e-17  1.15415e-16  6.30629e-19  4.8769e-17  
0.859401  0.0393455  2.28091e-17  4.54715e-17  2.72098e-17  1.2802e-17  2.62724e-17  1.91118e-17  1.29206e-17  3.64061e-17  6.31066e-17  7.18643e-17  5.95582e-17  1.76974e-17  4.43815e-17  5.46407e-17  1.68887e-17  3.44942e-17  5.23022e-17  1.97611e-17  3.98888e-17  5.18525e-17  0.859401  0.0393455  2.28091e-17  4.54715e-17  2.72098e-17  1.2802e-17  2.62724e-17  1.91118e-17  1.29206e-17  3.64061e-17  6.31066e-17  7.18643e-17  5.95582e-17  1.76974e-17  4.43815e-17  5.46407e-17  1.68887e-17  3.44942e-17  5.23022e-17  1.97611e-17  3.98888e-17  5.18525e-17  
0.859401  0.716486  1.02911e-16  8.17691e-17  1.6371e-16  1.34639e-17  1.25663e-16  1.36215e-16  3.04718e-17  6.54162e-17  2.94994e-17  7.03999e-17  1.05945e-16  3.05774e-17  9.06595e-17  4.13505e-17  6.08292e-17  9.27714e-17  7.06192e-18  7.88332e-17  3.77655e-17  5.43224e-17  0.859401  0.716486  1.02911e-16  8.17691e-17  1.6371e-16  1.34639e-17  1.25663e-16  1.36215e-16  3.04718e-17  6.54162e-17  2.94994e-17  7.03999e-17  1.05945e-16  3.05774e-17  9.06595e-17  4.13505e-17  6.08292e-17  9.27714e-17  7.06192e-18  7.88332e-17  3.77655e-17  5.43224e-17  
