0.155361  0.956627  0.217952  0.460318  0.0664267  0.700588  0.567579  0.119925  0.558757  0.627291  0.0370998  0.853389  0.313348  0.945093  0.821411  0.083687  0.57627  0.330785  0.168484  0.134828  0.479035  0.284651  0.155361  0.956627  0.217952  0.460318  0.0664267  0.700588  0.567579  0.119925  0.558757  0.627291  0.0370998  0.853389  0.313348  0.945093  0.821411  0.083687  0.57627  0.330785  0.168484  0.134828  0.479035  0.284651  
0.94528  0.595955  0.481817  0.399844  0.0786076  0.3674  0.056025  0.306478  0.168831  0.799162  0.730806  0.982687  0.0554757  0.651705  0.434  0.676501  0.587251  0.245395  0.985819  0.434232  0.167693  0.181388  0.94528  0.595955  0.481817  0.399844  0.0786076  0.3674  0.056025  0.306478  0.168831  0.799162  0.730806  0.982687  0.0554757  0.651705  0.434  0.676501  0.587251  0.245395  0.985819  0.434232  0.167693  0.181388  
0.758251  0.299695  0.971056  0.57946  0.244907  0.147499  0.0481815  0.172804  0.378073  0.0335492  0.43463  0.199498  0.683912  0.926104  0.87181  0.748025  0.449265  0.306245  0.559716  0.123182  0.378885  0.262076  0.758251  0.299695  0.971056  0.57946  0.244907  0.147499  0.0481815  0.172804  0.378073  0.0335492  0.43463  0.199498  0.683912  0.926104  0.87181  0.748025  0.449265  0.306245  0.559716  0.123182  0.378885  0.262076  
0.444903  0.24561  0.275324  0.976301  0.800649  0.891402  0.0620447  0.683825  0.833098  0.444509  0.0578709  0.41987  0.815341  0.0392755  0.547143  0.336755  0.501782  0.756733  0.0727647  0.684382  0.553423  0.737077  0.444903  0.24561  0.275324  0.976301  0.800649  0.891402  0.0620447  0.683825  0.833098  0.444509  0.0578709  0.41987  0.815341  0.0392755  0.547143  0.336755  0.501782  0.756733  0.0727647  0.684382  0.553423  0.737077  
0.551191  0.531942  0.572168  0.43538  0.926743  0.766742  0.216464  0.807428  0.300089  0.187121  0.186679  0.603719  0.645543  0.987719  0.0664325  0.460408  0.799994  0.60769  0.934143  0.633746  0.994228  0.717985  0.551191  0.531942  0.572168  0.43538  0.926743  0.766742  0.216464  0.807428  0.300089  0.187121  0.186679  0.603719  0.645543  0.987719  0.0664325  0.460408  0.799994  0.60769  0.934143  0.633746  0.994228  0.717985  
0.946382  0.320438  0.160859  0.152461  0.903895  0.465412  0.962918  0.664579  0.642634  0.97833  0.687526  0.536011  0.36907  0.798359  0.165125  0.321478  0.453749  0.0213855  0.629469  0.015845  0.501561  0.21193  0.946382  0.320438  0.160859  0.152461  0.903895  0.465412  0.962918  0.664579  0.642634  0.97833  0.687526  0.536011  0.36907  0.798359  0.165125  0.321478  0.453749  0.0213855  0.629469  0.015845  0.501561  0.21193  
0.3211  0.264905  0.291936  0.65647  0.947517  0.216614  0.269981  0.339223  0.206427  0.790086  0.71087  0.676624  0.91579  0.70651  0.876552  0.299031  0.853857  0.687578  0.0666107  0.918346  0.2654  0.0468448  0.3211  0.264905  0.291936  0.65647  0.947517  0.216614  0.269981  0.339223  0.206427  0.790086  0.71087  0.676624  0.91579  0.70651  0.876552  0.299031  0.853857  0.687578  0.0666107  0.918346  0.2654  0.0468448  
0.207275  0.226579  0.893479  0.338273  0.985202  0.80948  0.0366431  0.861985  0.703106  0.929163  0.347891  0.581318  0.0932493  0.474278  0.857547  0.769758  0.545765  0.0010438  0.367245  0.0404694  0.443207  0.685696  0.207275  0.226579  0.893479  0.338273  0.985202  0.80948  0.0366431  0.861985  0.703106  0.929163  0.347891  0.581318  0.0932493  0.474278  0.857547  0.769758  0.545765  0.0010438  0.367245  0.0404694  0.443207  0.685696  
0.182079  0.115571  0.18848  0.594251  0.362578  0.568933  0.108064  0.867921  0.0318766  0.545191  0.100721  0.745053  0.0297986  0.216956  0.316128  0.397504  0.248818  0.927269  0.605715  0.286086  0.874347  0.273164  0.182079  0.115571  0.18848  0.594251  0.362578  0.568933  0.108064  0.867921  0.0318766  0.545191  0.100721  0.745053  0.0297986  0.216956  0.316128  0.397504  0.248818  0.927269  0.605715  0.286086  0.874347  0.273164  
0.209646  0.1004  0.19163  0.633175  0.742688  0.225035  0.368787  0.917861  0.477605  0.346269  0.989179  0.922013  0.0767543  0.875023  0.589865  0.397363  0.818394  0.202275  0.620794  0.462246  0.166159  0.553365  0.209646  0.1004  0.19163  0.633175  0.742688  0.225035  0.368787  0.917861  0.477605  0.346269  0.989179  0.922013  0.0767543  0.875023  0.589865  0.397363  0.818394  0.202275  0.620794  0.462246  0.166159  0.553365  
0.548  0.802139  0.101823  0.166484  0.617489  0.0393897  0.55903  0.415511  0.70038  0.302582  0.131884  0.128252  0.437924  0.192981  0.0543234  0.196344  0.0887897  0.573774  0.642803  0.00901648  0.496449  0.195584  0.548  0.802139  0.101823  0.166484  0.617489  0.0393897  0.55903  0.415511  0.70038  0.302582  0.131884  0.128252  0.437924  0.192981  0.0543234  0.196344  0.0887897  0.573774  0.642803  0.00901648  0.496449  0.195584  
0.923221  0.567179  0.769345  0.517645  0.410429  0.400757  0.0829091  0.702523  0.470456  0.298972  0.783916  0.536873  0.889332  0.943129  0.919711  0.55691  0.0468791  0.810782  0.191854  0.158727  0.0190466  0.872614  0.923221  0.567179  0.769345  0.517645  0.410429  0.400757  0.0829091  0.702523  0.470456  0.298972  0.783916  0.536873  0.889332  0.943129  0.919711  0.55691  0.0468791  0.810782  0.191854  0.158727  0.0190466  0.872614  
0.730244  0.540664  0.263466  0.941194  0.037582  0.240159  0.0403973  0.263116  0.853456  0.718081  0.228731  0.295533  0.45287  0.98631  0.131464  0.00849401  0.812596  0.378141  0.551395  0.702046  0.359506  0.71166  0.730244  0.540664  0.263466  0.941194  0.037582  0.240159  0.0403973  0.263116  0.853456  0.718081  0.228731  0.295533  0.45287  0.98631  0.131464  0.00849401  0.812596  0.378141  0.551395  0.702046  0.359506  0.71166  
0.619197  0.728535  0.972259  0.949788  0.0736469  0.922354  0.0127352  0.766344  0.435911  0.588438  0.979385  0.965064  0.483182  0.804014  0.0629507  0.0711529  0.782175  0.420633  0.0663054  0.266755  0.251141  0.917989  0.619197  0.728535  0.972259  0.949788  0.0736469  0.922354  0.0127352  0.766344  0.435911  0.588438  0.979385  0.965064  0.483182  0.804014  0.0629507  0.0711529  0.782175  0.420633  0.0663054  0.266755  0.251141  0.917989  
0.558557  0.272792  0.990428  0.785553  0.384605  0.91162  0.3976  0.0683805  0.348132  0.664658  0.629477  0.726456  0.627476  0.721913  0.682531  0.124884  0.653554  0.622778  0.826647  0.364314  0.419079  0.547635  0.558557  0.272792  0.990428  0.785553  0.384605  0.91162  0.3976  0.0683805  0.348132  0.664658  0.629477  0.726456  0.627476  0.721913  0.682531  0.124884  0.653554  0.622778  0.826647  0.364314  0.419079  0.547635  
0.319779  0.983847  0.330792  0.757199  0.864906  0.344979  0.950098  0.766714  0.11672  0.275021  0.418763  0.360071  0.431613  0.980855  0.241372  0.211589  0.195495  0.641095  0.411048  0.0936721  0.822438  0.520136  0.319779  0.983847  0.330792  0.757199  0.864906  0.344979  0.950098  0.766714  0.11672  0.275021  0.418763  0.360071  0.431613  0.980855  0.241372  0.211589  0.195495  0.641095  0.411048  0.0936721  0.822438  0.520136  
0.799706  0.891865  0.514206  0.574027  0.580989  0.217873  0.614422  0.744044  0.357771  0.0807708  0.0584212  0.18777  0.592257  0.707648  0.80041  0.0739021  0.63404  0.307416  0.37665  0.657664  0.988096  0.45259  0.799706  0.891865  0.514206  0.574027  0.580989  0.217873  0.614422  0.744044  0.357771  0.0807708  0.0584212  0.18777  0.592257  0.707648  0.80041  0.0739021  0.63404  0.307416  0.37665  0.657664  0.988096  0.45259  
0.990641  0.256734  0.962779  0.275179  0.321481  0.989965  0.280079  0.217888  0.594163  0.0334057  0.332702  0.67205  0.329471  0.773899  0.254653  0.967793  0.720628  0.702155  0.805877  0.413486  0.0175492  0.128036  0.990641  0.256734  0.962779  0.275179  0.321481  0.989965  0.280079  0.217888  0.594163  0.0334057  0.332702  0.67205  0.329471  0.773899  0.254653  0.967793  0.720628  0.702155  0.805877  0.413486  0.0175492  0.128036  
0.197009  0.152558  0.783981  0.102427  0.468405  0.294888  0.0812006  0.552933  0.988737  0.270741  0.687117  0.356262  0.663208  0.347216  0.581531  0.699979  0.355063  0.135751  0.702721  0.183949  0.328676  0.446054  0.197009  0.152558  0.783981  0.102427  0.468405  0.294888  0.0812006  0.552933  0.988737  0.270741  0.687117  0.356262  0.663208  0.347216  0.581531  0.699979  0.355063  0.135751  0.702721  0.183949  0.328676  0.446054  
0.943756  0.215642  0.21988  0.236954  0.296946  0.271256  0.391853  0.336095  0.320383  0.967199  0.151718  0.435975  0.19614  0.604903  0.426207  0.442416  0.492567  0.384979  0.146529  0.805552  0.463591  0.936344  0.943756  0.215642  0.21988  0.236954  0.296946  0.271256  0.391853  0.336095  0.320383  0.967199  0.151718  0.435975  0.19614  0.604903  0.426207  0.442416  0.492567  0.384979  0.146529  0.805552  0.463591  0.936344  
0.713561  0.712873  0.609927  0.0772846  0.523105  0.408616  0.999052  0.645471  0.619637  0.272593  0.80101  0.801067  0.245782  0.18513  0.271859  0.0908589  0.030804  0.378732  0.567634  0.378685  0.197399  0.388547  0.713561  0.712873  0.609927  0.0772846  0.523105  0.408616  0.999052  0.645471  0.619637  0.272593  0.80101  0.801067  0.245782  0.18513  0.271859  0.0908589  0.030804  0.378732  0.567634  0.378685  0.197399  0.388547  
0.173646  0.812417  0.645388  0.491386  0.648661  0.548093  0.347566  0.767735  0.599501  0.38834  0.432869  0.39494  0.810319  0.287024  0.522702  0.356688  0.831788  0.697088  0.685818  0.568314  0.459328  0.21623  0.173646  0.812417  0.645388  0.491386  0.648661  0.548093  0.347566  0.767735  0.599501  0.38834  0.432869  0.39494  0.810319  0.287024  0.522702  0.356688  0.831788  0.697088  0.685818  0.568314  0.459328  0.21623  
0.371879  0.208284  0.370926  0.279432  0.0863223  0.488303  0.727575  0.0422979  0.979312  0.269039  0.0907183  0.97094  0.192421  0.642074  0.745246  0.702477  0.0472608  0.360609  0.887177  0.690049  0.818922  0.990369  0.371879  0.208284  0.370926  0.279432  0.0863223  0.488303  0.727575  0.0422979  0.979312  0.269039  0.0907183  0.97094  0.192421  0.642074  0.745246  0.702477  0.0472608  0.360609  0.887177  0.690049  0.818922  0.990369  
0.079701  0.135793  0.0618683  0.0591424  0.516221  0.116159  0.316551  0.960649  0.871565  0.245843  0.593186  0.996754  0.11693  0.378792  0.72816  0.422824  0.027524  0.157067  0.747609  0.310471  0.696942  0.731955  0.079701  0.135793  0.0618683  0.0591424  0.516221  0.116159  0.316551  0.960649  0.871565  0.245843  0.593186  0.996754  0.11693  0.378792  0.72816  0.422824  0.027524  0.157067  0.747609  0.310471  0.696942  0.731955  
0.879644  0.327186  0.666053  0.747459  0.406263  0.114863  0.149457  0.937133  0.377636  0.843452  0.973988  0.729287  0.691242  0.517797  0.815548  0.0134272  0.443289  0.22856  0.826792  0.148048  0.406672  0.517026  0.879644  0.327186  0.666053  0.747459  0.406263  0.114863  0.149457  0.937133  0.377636  0.843452  0.973988  0.729287  0.691242  0.517797  0.815548  0.0134272  0.443289  0.22856  0.826792  0.148048  0.406672  0.517026  
0.971489  0.645221  0.339134  0.886265  0.414421  0.952105  0.0592628  0.171628  0.348789  0.760003  0.727611  0.20615  0.334337  0.723905  0.601974  0.427316  0.759542  0.418861  0.324595  0.805188  0.78048  0.582698  0.971489  0.645221  0.339134  0.886265  0.414421  0.952105  0.0592628  0.171628  0.348789  0.760003  0.727611  0.20615  0.334337  0.723905  0.601974  0.427316  0.759542  0.418861  0.324595  0.805188  0.78048  0.582698  
0.552372  0.786323  0.827009  0.89878  0.0349905  0.615227  0.884024  0.707228  0.0585756  0.464179  0.863561  0.491719  0.235653  0.00982199  0.736476  0.545128  0.0873901  0.87545  0.264933  0.675878  0.825738  0.152868  0.552372  0.786323  0.827009  0.89878  0.0349905  0.615227  0.884024  0.707228  0.0585756  0.464179  0.863561  0.491719  0.235653  0.00982199  0.736476  0.545128  0.0873901  0.87545  0.264933  0.675878  0.825738  0.152868  
0.839369  0.254783  0.815185  0.849321  0.320218  0.415529  0.500919  0.00197518  0.34759  0.532012  0.471865  0.659282  0.238833  0.186178  0.279942  0.688636  0.33009  0.979004  0.507302  0.694749  0.970428  0.369131  0.839369  0.254783  0.815185  0.849321  0.320218  0.415529  0.500919  0.00197518  0.34759  0.532012  0.471865  0.659282  0.238833  0.186178  0.279942  0.688636  0.33009  0.979004  0.507302  0.694749  0.970428  0.369131  
0.239361  0.0880472  0.85022  0.971266  0.896253  0.353665  0.830403  0.780901  0.137015  0.137226  0.474346  0.883005  0.921105  0.076573  0.614102  0.649829  0.432181  0.447249  0.351732  0.237906  0.826884  0.512997  0.239361  0.0880472  0.85022  0.971266  0.896253  0.353665  0.830403  0.780901  0.137015  0.137226  0.474346  0.883005  0.921105  0.076573  0.614102  0.649829  0.432181  0.447249  0.351732  0.237906  0.826884  0.512997  
0.293033  0.54214  0.804944  0.28831  0.574085  0.853122  0.704824  0.939095  0.426939  0.412755  0.358661  0.801794  0.174608  0.595483  0.681559  0.145144  0.199574  0.426641  0.269198  0.422462  0.459731  0.95801  0.293033  0.54214  0.804944  0.28831  0.574085  0.853122  0.704824  0.939095  0.426939  0.412755  0.358661  0.801794  0.174608  0.595483  0.681559  0.145144  0.199574  0.426641  0.269198  0.422462  0.459731  0.95801  
0.0364777  0.983309  0.0799776  0.547263  0.0595946  0.745199  0.474047  0.387846  0.715229  0.83072  0.604178  0.816114  0.875106  0.35695  0.293321  0.608821  0.697553  0.442189  0.437165  0.567149  0.565016  0.105673  0.0364777  0.983309  0.0799776  0.547263  0.0595946  0.745199  0.474047  0.387846  0.715229  0.83072  0.604178  0.816114  0.875106  0.35695  0.293321  0.608821  0.697553  0.442189  0.437165  0.567149  0.565016  0.105673  
0.442542  0.903792  0.922786  0.392293  0.294519  0.963763  0.679212  0.515954  0.131847  0.386281  0.468112  0.279624  0.222856  0.293958  0.240608  0.452458  0.344489  0.112698  0.368184  0.462909  0.629092  0.740986  0.442542  0.903792  0.922786  0.392293  0.294519  0.963763  0.679212  0.515954  0.131847  0.386281  0.468112  0.279624  0.222856  0.293958  0.240608  0.452458  0.344489  0.112698  0.368184  0.462909  0.629092  0.740986  
0.110987  0.858833  0.667083  0.502624  0.654903  0.846877  0.429371  0.611747  0.369119  0.817396  0.413876  0.726118  0.925608  0.705566  0.0690677  0.34414  0.822343  0.478594  0.724379  0.240887  0.615848  0.799199  0.110987  0.858833  0.667083  0.502624  0.654903  0.846877  0.429371  0.611747  0.369119  0.817396  0.413876  0.726118  0.925608  0.705566  0.0690677  0.34414  0.822343  0.478594  0.724379  0.240887  0.615848  0.799199  
0.747809  0.0242253  0.689737  0.892774  0.660874  0.682554  0.930721  0.759962  0.42104  0.837764  0.501211  0.696905  0.823827  0.529406  0.00206582  0.489815  0.823956  0.781171  0.0342706  0.62602  0.462178  0.288763  0.747809  0.0242253  0.689737  0.892774  0.660874  0.682554  0.930721  0.759962  0.42104  0.837764  0.501211  0.696905  0.823827  0.529406  0.00206582  0.489815  0.823956  0.781171  0.0342706  0.62602  0.462178  0.288763  
0.638611  0.619763  0.822601  0.5294  0.917115  0.752095  0.954688  0.682834  0.460837  0.135252  0.132992  0.34017  0.275973  0.570233  0.0792012  0.426425  0.810517  0.286262  0.567045  0.484719  0.626564  0.848228  0.638611  0.619763  0.822601  0.5294  0.917115  0.752095  0.954688  0.682834  0.460837  0.135252  0.132992  0.34017  0.275973  0.570233  0.0792012  0.426425  0.810517  0.286262  0.567045  0.484719  0.626564  0.848228  
0.595989  0.196172  0.552551  0.141866  0.642064  0.353935  0.272191  0.0917857  0.186348  0.107649  0.0828858  0.385591  0.643141  0.521772  0.959978  0.617336  0.256728  0.208241  0.657334  0.0921743  0.0278233  0.205501  0.595989  0.196172  0.552551  0.141866  0.642064  0.353935  0.272191  0.0917857  0.186348  0.107649  0.0828858  0.385591  0.643141  0.521772  0.959978  0.617336  0.256728  0.208241  0.657334  0.0921743  0.0278233  0.205501  
0.1325  0.493809  0.0287407  0.559738  0.641045  0.191656  0.290625  0.219698  0.505228  0.954214  0.570726  0.13241  0.71509  0.474321  0.613155  0.882052  0.814429  0.170153  0.785084  0.579978  0.51767  0.20894  0.1325  0.493809  0.0287407  0.559738  0.641045  0.191656  0.290625  0.219698  0.505228  0.954214  0.570726  0.13241  0.71509  0.474321  0.613155  0.882052  0.814429  0.170153  0.785084  0.579978  0.51767  0.20894  
0.609358  0.931896  0.893043  0.631274  0.824112  0.674502  0.249559  0.751685  0.982653  0.856176  0.499629  0.112314  0.437357  0.612792  0.0240687  0.484121  0.116343  0.988671  0.170483  0.4875  0.751338  0.708703  0.609358  0.931896  0.893043  0.631274  0.824112  0.674502  0.249559  0.751685  0.982653  0.856176  0.499629  0.112314  0.437357  0.612792  0.0240687  0.484121  0.116343  0.988671  0.170483  0.4875  0.751338  0.708703  
0.63873  0.0717434  0.164429  0.847873  0.793752  0.115564  0.261568  0.136772  0.396277  0.750773  0.470951  0.405613  0.424871  0.219727  0.687668  0.585699  0.494251  0.725105  0.318553  0.170128  0.996376  0.388473  0.63873  0.0717434  0.164429  0.847873  0.793752  0.115564  0.261568  0.136772  0.396277  0.750773  0.470951  0.405613  0.424871  0.219727  0.687668  0.585699  0.494251  0.725105  0.318553  0.170128  0.996376  0.388473  
0.615391  0.870968  0.519996  0.332647  0.0846729  0.816634  0.622585  0.801803  0.470414  0.858288  0.252959  0.238345  0.344506  0.597056  0.739814  0.151526  0.174498  0.261113  0.755041  0.532297  0.148497  0.5139  0.615391  0.870968  0.519996  0.332647  0.0846729  0.816634  0.622585  0.801803  0.470414  0.858288  0.252959  0.238345  0.344506  0.597056  0.739814  0.151526  0.174498  0.261113  0.755041  0.532297  0.148497  0.5139  
0.550925  0.764267  0.0510857  0.720239  0.772175  0.848043  0.164475  0.992015  0.0622359  0.419944  0.436989  0.15385  0.554655  0.649051  0.814364  0.0725764  0.338182  0.718211  0.514012  0.329095  0.584948  0.473972  0.550925  0.764267  0.0510857  0.720239  0.772175  0.848043  0.164475  0.992015  0.0622359  0.419944  0.436989  0.15385  0.554655  0.649051  0.814364  0.0725764  0.338182  0.718211  0.514012  0.329095  0.584948  0.473972  
0.226268  0.197627  0.500554  0.310682  0.496945  0.933439  0.104109  0.191706  0.854628  0.585375  0.730762  0.849114  0.149094  0.303206  0.347955  0.74732  0.687883  0.353234  0.546734  0.205052  0.949249  0.183818  0.226268  0.197627  0.500554  0.310682  0.496945  0.933439  0.104109  0.191706  0.854628  0.585375  0.730762  0.849114  0.149094  0.303206  0.347955  0.74732  0.687883  0.353234  0.546734  0.205052  0.949249  0.183818  
0.00788668  0.972224  0.66491  0.887861  0.84345  0.970804  0.209091  0.314297  0.101264  0.202001  0.849742  0.0897974  0.657257  0.321951  0.299093  0.0334829  0.341986  0.554849  0.722772  0.903611  0.440615  0.0781531  0.00788668  0.972224  0.66491  0.887861  0.84345  0.970804  0.209091  0.314297  0.101264  0.202001  0.849742  0.0897974  0.657257  0.321951  0.299093  0.0334829  0.341986  0.554849  0.722772  0.903611  0.440615  0.0781531  
0.681268  0.147506  0.806921  0.181162  0.537815  0.189257  0.554143  0.606672  0.199359  0.212811  0.486274  0.0365817  0.224793  0.708417  0.904543  0.189136  0.373625  0.807246  0.270378  0.317966  0.608052  0.994587  0.681268  0.147506  0.806921  0.181162  0.537815  0.189257  0.554143  0.606672  0.199359  0.212811  0.486274  0.0365817  0.224793  0.708417  0.904543  0.189136  0.373625  0.807246  0.270378  0.317966  0.608052  0.994587  
0.59672  0.223026  0.797761  0.451002  0.620333  0.53803  0.722758  0.1171  0.614958  0.613446  0.841117  0.380431  0.61391  0.7138  0.876066  0.653385  0.0351042  0.549885  0.847566  0.0316277  0.149791  0.600305  0.59672  0.223026  0.797761  0.451002  0.620333  0.53803  0.722758  0.1171  0.614958  0.613446  0.841117  0.380431  0.61391  0.7138  0.876066  0.653385  0.0351042  0.549885  0.847566  0.0316277  0.149791  0.600305  
0.685361  0.467136  0.445546  0.00310719  0.409359  0.597466  0.170644  0.898741  0.960358  0.0442386  0.834776  0.101423  0.329413  0.153561  0.320822  0.571358  0.686876  0.039371  0.0586797  0.722948  0.898828  0.0731992  0.685361  0.467136  0.445546  0.00310719  0.409359  0.597466  0.170644  0.898741  0.960358  0.0442386  0.834776  0.101423  0.329413  0.153561  0.320822  0.571358  0.686876  0.039371  0.0586797  0.722948  0.898828  0.0731992  
0.343809  0.56388  0.509516  0.857741  0.67837  0.0443715  0.887595  0.353341  0.959758  0.920112  0.730779  0.386729  0.804122  0.261471  0.51166  0.917032  0.752191  0.699165  0.998704  0.0684134  0.894883  0.599797  0.343809  0.56388  0.509516  0.857741  0.67837  0.0443715  0.887595  0.353341  0.959758  0.920112  0.730779  0.386729  0.804122  0.261471  0.51166  0.917032  0.752191  0.699165  0.998704  0.0684134  0.894883  0.599797  
0.807636  0.722279  0.934531  0.929231  0.401943  0.032076  0.130197  0.2003  0.124576  0.477761  0.0168155  0.927731  0.301255  0.834999  0.320524  0.670019  0.0446374  0.122582  0.57863  0.0505148  0.334114  0.822398  0.807636  0.722279  0.934531  0.929231  0.401943  0.032076  0.130197  0.2003  0.124576  0.477761  0.0168155  0.927731  0.301255  0.834999  0.320524  0.670019  0.0446374  0.122582  0.57863  0.0505148  0.334114  0.822398  
0.808042  0.978516  0.410707  0.818036  0.0632422  0.357638  0.821157  0.343703  0.764143  0.502864  0.805597  0.359736  0.750621  0.766939  0.184495  0.544311  0.0136995  0.287101  0.418526  0.481965  0.260066  0.325002  0.808042  0.978516  0.410707  0.818036  0.0632422  0.357638  0.821157  0.343703  0.764143  0.502864  0.805597  0.359736  0.750621  0.766939  0.184495  0.544311  0.0136995  0.287101  0.418526  0.481965  0.260066  0.325002  
0.38631  0.963961  0.362536  0.17326  0.866088  0.289711  0.0601499  0.736144  0.228074  0.994069  0.790668  0.691216  0.356161  0.299267  0.108272  0.272476  0.175891  0.192202  0.26745  0.621173  0.35232  0.853409  0.38631  0.963961  0.362536  0.17326  0.866088  0.289711  0.0601499  0.736144  0.228074  0.994069  0.790668  0.691216  0.356161  0.299267  0.108272  0.272476  0.175891  0.192202  0.26745  0.621173  0.35232  0.853409  
0.828078  0.109852  0.492259  0.35525  0.897792  0.131027  0.27965  0.269351  0.294676  0.201637  0.690221  0.219513  0.300319  0.597392  0.435723  0.19727  0.828723  0.123086  0.343654  0.245503  0.0274225  0.295252  0.828078  0.109852  0.492259  0.35525  0.897792  0.131027  0.27965  0.269351  0.294676  0.201637  0.690221  0.219513  0.300319  0.597392  0.435723  0.19727  0.828723  0.123086  0.343654  0.245503  0.0274225  0.295252  
0.38027  0.972168  0.611023  0.476615  0.322554  0.370247  0.909674  0.9091  0.728186  0.540556  0.25341  0.690851  0.192948  0.592478  0.286014  0.52165  0.274016  0.150048  0.781942  0.883496  0.627881  0.845743  0.38027  0.972168  0.611023  0.476615  0.322554  0.370247  0.909674  0.9091  0.728186  0.540556  0.25341  0.690851  0.192948  0.592478  0.286014  0.52165  0.274016  0.150048  0.781942  0.883496  0.627881  0.845743  
0.78194  0.498829  0.2848  0.965413  0.918801  0.695379  0.334254  0.717531  0.617686  0.224046  0.107858  0.6525  0.565415  0.416535  0.0301889  0.580653  0.870633  0.485308  0.390125  0.944738  0.926046  0.947549  0.78194  0.498829  0.2848  0.965413  0.918801  0.695379  0.334254  0.717531  0.617686  0.224046  0.107858  0.6525  0.565415  0.416535  0.0301889  0.580653  0.870633  0.485308  0.390125  0.944738  0.926046  0.947549  
0.103633  0.729102  0.671572  0.687164  0.833421  0.79895  0.906825  0.286642  0.793812  0.812795  0.770012  0.519934  0.663064  0.655236  0.88407  0.203629  0.847846  0.0183729  0.537156  0.551215  0.0919786  0.545779  0.103633  0.729102  0.671572  0.687164  0.833421  0.79895  0.906825  0.286642  0.793812  0.812795  0.770012  0.519934  0.663064  0.655236  0.88407  0.203629  0.847846  0.0183729  0.537156  0.551215  0.0919786  0.545779  
0.571259  0.135442  0.864367  0.22695  0.602831  0.351219  0.454614  0.98474  0.768714  0.899521  0.834228  0.18478  0.497095  0.215079  0.178  0.71306  0.0621381  0.807316  0.129781  0.164842  0.225783  0.162106  0.571259  0.135442  0.864367  0.22695  0.602831  0.351219  0.454614  0.98474  0.768714  0.899521  0.834228  0.18478  0.497095  0.215079  0.178  0.71306  0.0621381  0.807316  0.129781  0.164842  0.225783  0.162106  
0.954986  0.0724649  0.977654  0.764819  0.915724  0.50567  0.456666  0.339062  0.860913  0.812452  0.2356  0.514536  0.596216  0.26855  0.364097  0.575546  0.111969  0.328323  0.179412  0.655878  0.154216  0.223546  0.954986  0.0724649  0.977654  0.764819  0.915724  0.50567  0.456666  0.339062  0.860913  0.812452  0.2356  0.514536  0.596216  0.26855  0.364097  0.575546  0.111969  0.328323  0.179412  0.655878  0.154216  0.223546  
0.562233  0.43819  0.959759  0.50627  0.670477  0.263739  0.208392  0.110636  0.236531  0.576135  0.857984  0.416317  0.996246  0.476994  0.25343  0.899944  0.898885  0.738961  0.305411  0.642829  0.268116  0.482523  0.562233  0.43819  0.959759  0.50627  0.670477  0.263739  0.208392  0.110636  0.236531  0.576135  0.857984  0.416317  0.996246  0.476994  0.25343  0.899944  0.898885  0.738961  0.305411  0.642829  0.268116  0.482523  
0.82873  0.572722  0.212556  0.847391  0.96768  0.680417  0.126054  0.948609  0.508557  0.158647  0.874119  0.468573  0.541021  0.394521  0.868355  0.307903  0.276685  0.365924  0.0591014  0.591916  0.278158  0.340511  0.82873  0.572722  0.212556  0.847391  0.96768  0.680417  0.126054  0.948609  0.508557  0.158647  0.874119  0.468573  0.541021  0.394521  0.868355  0.307903  0.276685  0.365924  0.0591014  0.591916  0.278158  0.340511  
0.980803  0.843771  0.140582  0.711482  0.758806  0.0430445  0.977408  0.725365  0.822087  0.991187  0.311653  0.482077  0.640367  0.0454277  0.369913  0.142294  0.479753  0.701225  0.825646  0.0635285  0.424542  0.225207  0.980803  0.843771  0.140582  0.711482  0.758806  0.0430445  0.977408  0.725365  0.822087  0.991187  0.311653  0.482077  0.640367  0.0454277  0.369913  0.142294  0.479753  0.701225  0.825646  0.0635285  0.424542  0.225207  
0.324056  0.739342  0.264487  0.942461  0.0841077  0.646851  0.896316  0.127513  0.109513  0.592843  0.20391  0.761382  0.770542  0.211354  0.532613  0.721259  0.374867  0.0563098  0.969447  0.299269  0.204423  0.907684  0.324056  0.739342  0.264487  0.942461  0.0841077  0.646851  0.896316  0.127513  0.109513  0.592843  0.20391  0.761382  0.770542  0.211354  0.532613  0.721259  0.374867  0.0563098  0.969447  0.299269  0.204423  0.907684  
0.882135  0.81596  0.617951  0.416079  0.813177  0.798172  0.756978  0.561091  0.689168  0.487069  0.2682  0.65952  0.253412  0.0854344  0.445304  0.847788  0.640758  0.790167  0.815437  0.922701  0.893615  0.419086  0.882135  0.81596  0.617951  0.416079  0.813177  0.798172  0.756978  0.561091  0.689168  0.487069  0.2682  0.65952  0.253412  0.0854344  0.445304  0.847788  0.640758  0.790167  0.815437  0.922701  0.893615  0.419086  
0.933918  0.802588  0.911657  0.476957  0.274185  0.37475  0.325476  0.255296  0.399535  0.903801  0.798271  0.575547  0.421747  0.0538785  0.929037  0.445395  0.498147  0.59271  0.808834  0.178023  0.0309474  0.477569  0.933918  0.802588  0.911657  0.476957  0.274185  0.37475  0.325476  0.255296  0.399535  0.903801  0.798271  0.575547  0.421747  0.0538785  0.929037  0.445395  0.498147  0.59271  0.808834  0.178023  0.0309474  0.477569  
0.201565  0.415839  0.0683681  0.241516  0.665893  0.939372  0.368601  0.304595  0.224696  0.496107  0.885583  0.0205152  0.696449  0.915446  0.703903  0.39916  0.218225  0.479633  0.741724  0.493745  0.121498  0.379753  0.201565  0.415839  0.0683681  0.241516  0.665893  0.939372  0.368601  0.304595  0.224696  0.496107  0.885583  0.0205152  0.696449  0.915446  0.703903  0.39916  0.218225  0.479633  0.741724  0.493745  0.121498  0.379753  
0.909568  0.258997  0.676432  0.418116  0.550654  0.75498  0.996578  0.700165  0.448336  0.849639  0.256045  0.125608  0.962014  0.231301  0.844217  0.583849  0.651804  0.0432161  0.539624  0.0911781  0.599836  0.990339  0.909568  0.258997  0.676432  0.418116  0.550654  0.75498  0.996578  0.700165  0.448336  0.849639  0.256045  0.125608  0.962014  0.231301  0.844217  0.583849  0.651804  0.0432161  0.539624  0.0911781  0.599836  0.990339  
0.242511  0.99767  0.823005  0.49766  0.550151  0.550837  0.0710624  0.511619  0.644026  0.874877  0.392474  0.339477  0.674587  0.527866  0.733267  0.441477  0.67682  0.330794  0.482556  0.530297  0.306743  0.963389  0.242511  0.99767  0.823005  0.49766  0.550151  0.550837  0.0710624  0.511619  0.644026  0.874877  0.392474  0.339477  0.674587  0.527866  0.733267  0.441477  0.67682  0.330794  0.482556  0.530297  0.306743  0.963389  
0.678392  0.865198  0.536038  0.478005  0.218381  0.776755  0.0213431  0.0874965  0.523136  0.00203574  0.100998  0.0343689  0.873633  0.366499  0.786952  0.748873  0.868106  0.0546962  0.799014  0.153758  0.59084  0.742325  0.678392  0.865198  0.536038  0.478005  0.218381  0.776755  0.0213431  0.0874965  0.523136  0.00203574  0.100998  0.0343689  0.873633  0.366499  0.786952  0.748873  0.868106  0.0546962  0.799014  0.153758  0.59084  0.742325  
0.499606  0.244799  0.44616  0.258615  0.443312  0.722533  0.265927  0.41937  0.600538  0.664831  0.365579  0.137082  0.987144  0.796617  0.937959  0.956482  0.815163  0.637292  0.000627491  0.896096  0.443693  0.409884  0.499606  0.244799  0.44616  0.258615  0.443312  0.722533  0.265927  0.41937  0.600538  0.664831  0.365579  0.137082  0.987144  0.796617  0.937959  0.956482  0.815163  0.637292  0.000627491  0.896096  0.443693  0.409884  
0.548393  0.272254  0.795445  0.231733  0.564935  0.842251  0.467537  0.421018  0.734521  0.575628  0.37432  0.254548  0.672655  0.12031  0.311998  0.908205  0.893885  0.323427  0.00809667  0.187435  0.160213  0.927977  0.548393  0.272254  0.795445  0.231733  0.564935  0.842251  0.467537  0.421018  0.734521  0.575628  0.37432  0.254548  0.672655  0.12031  0.311998  0.908205  0.893885  0.323427  0.00809667  0.187435  0.160213  0.927977  
0.886261  0.103498  0.230906  0.454478  0.0289926  0.227434  0.278154  0.0862056  0.347201  0.418188  0.844137  0.274727  0.717095  0.120277  0.33311  0.618764  0.390723  0.252887  0.716184  0.471681  0.336227  0.357575  0.886261  0.103498  0.230906  0.454478  0.0289926  0.227434  0.278154  0.0862056  0.347201  0.418188  0.844137  0.274727  0.717095  0.120277  0.33311  0.618764  0.390723  0.252887  0.716184  0.471681  0.336227  0.357575  
0.328522  0.779141  0.909488  0.564892  0.562539  0.232443  0.240218  0.78682  0.870235  0.797993  0.0566574  0.440139  0.870035  0.178161  0.678779  0.575718  0.822597  0.388936  0.685602  0.0352635  0.159193  0.494081  0.328522  0.779141  0.909488  0.564892  0.562539  0.232443  0.240218  0.78682  0.870235  0.797993  0.0566574  0.440139  0.870035  0.178161  0.678779  0.575718  0.822597  0.388936  0.685602  0.0352635  0.159193  0.494081  
0.768777  0.124278  0.979971  0.0899125  0.538348  0.917422  0.269908  0.148517  0.831323  0.540343  0.191673  0.100019  0.072799  0.0666935  0.247759  0.516286  0.0524326  0.719711  0.4437  0.233242  0.413382  0.920058  0.768777  0.124278  0.979971  0.0899125  0.538348  0.917422  0.269908  0.148517  0.831323  0.540343  0.191673  0.100019  0.072799  0.0666935  0.247759  0.516286  0.0524326  0.719711  0.4437  0.233242  0.413382  0.920058  
0.160827  0.195162  0.569608  0.611999  0.399241  0.759927  0.857339  0.495941  0.536343  0.27146  0.771274  0.775351  0.319695  0.36338  0.620748  0.780115  0.800924  0.0614642  0.771984  0.301418  0.508975  0.0466468  0.160827  0.195162  0.569608  0.611999  0.399241  0.759927  0.857339  0.495941  0.536343  0.27146  0.771274  0.775351  0.319695  0.36338  0.620748  0.780115  0.800924  0.0614642  0.771984  0.301418  0.508975  0.0466468  
0.472691  0.538563  0.626214  0.754874  0.323606  0.117792  0.82275  0.114838  0.0239882  0.0741547  0.530448  0.947978  0.538304  0.654678  0.343919  0.243587  0.171581  0.967308  0.199506  0.899734  0.63613  0.133936  0.472691  0.538563  0.626214  0.754874  0.323606  0.117792  0.82275  0.114838  0.0239882  0.0741547  0.530448  0.947978  0.538304  0.654678  0.343919  0.243587  0.171581  0.967308  0.199506  0.899734  0.63613  0.133936  
0.425714  0.131268  0.378724  0.178988  0.380614  0.615359  0.0696284  0.129303  0.0263136  0.878073  0.769857  0.347962  0.622005  0.719548  0.966912  0.888157  0.756718  0.700773  0.794066  0.0584618  0.914142  0.847289  0.425714  0.131268  0.378724  0.178988  0.380614  0.615359  0.0696284  0.129303  0.0263136  0.878073  0.769857  0.347962  0.622005  0.719548  0.966912  0.888157  0.756718  0.700773  0.794066  0.0584618  0.914142  0.847289  
0.193264  0.921943  0.653434  0.466302  0.672761  0.943881  0.796547  0.387286  0.368252  0.704497  0.122719  0.367172  0.347677  0.161136  0.0620491  0.339689  0.779315  0.732387  0.385774  0.982016  0.107148  0.908817  0.193264  0.921943  0.653434  0.466302  0.672761  0.943881  0.796547  0.387286  0.368252  0.704497  0.122719  0.367172  0.347677  0.161136  0.0620491  0.339689  0.779315  0.732387  0.385774  0.982016  0.107148  0.908817  
0.316915  0.659273  0.445257  0.854899  0.327706  0.339687  0.161783  0.538051  0.703199  0.907839  0.431242  0.348644  0.633459  0.338611  0.737132  0.539701  0.635876  0.534426  0.689857  0.153894  0.704414  0.919527  0.316915  0.659273  0.445257  0.854899  0.327706  0.339687  0.161783  0.538051  0.703199  0.907839  0.431242  0.348644  0.633459  0.338611  0.737132  0.539701  0.635876  0.534426  0.689857  0.153894  0.704414  0.919527  
0.369107  0.68007  0.568672  0.678463  0.991087  0.798376  0.203645  0.768395  0.691134  0.902288  0.693297  0.890279  0.589308  0.545295  0.672965  0.603089  0.707609  0.455515  0.597446  0.806677  0.340985  0.29551  0.369107  0.68007  0.568672  0.678463  0.991087  0.798376  0.203645  0.768395  0.691134  0.902288  0.693297  0.890279  0.589308  0.545295  0.672965  0.603089  0.707609  0.455515  0.597446  0.806677  0.340985  0.29551  
0.833088  0.0282972  0.138433  0.321112  0.260506  0.777573  0.936192  0.667247  0.547208  0.511344  0.238141  0.945718  0.45424  0.930542  0.219424  0.881027  0.0289987  0.52059  0.921054  0.0697496  0.54415  0.0665272  0.833088  0.0282972  0.138433  0.321112  0.260506  0.777573  0.936192  0.667247  0.547208  0.511344  0.238141  0.945718  0.45424  0.930542  0.219424  0.881027  0.0289987  0.52059  0.921054  0.0697496  0.54415  0.0665272  
0.1756  0.639335  0.695805  0.80092  0.9112  0.473111  0.869362  0.113395  0.551311  0.501576  0.166132  0.113917  0.94235  0.250398  0.659742  0.545843  0.019677  0.161011  0.29351  0.56124  0.242109  0.46919  0.1756  0.639335  0.695805  0.80092  0.9112  0.473111  0.869362  0.113395  0.551311  0.501576  0.166132  0.113917  0.94235  0.250398  0.659742  0.545843  0.019677  0.161011  0.29351  0.56124  0.242109  0.46919  
0.182197  0.716631  0.973668  0.0466721  0.89233  0.746225  0.723404  0.368682  0.933167  0.0279503  0.632612  0.239284  0.83066  0.177531  0.660384  0.998477  0.415613  0.727093  0.351097  0.127637  0.421107  0.691192  0.182197  0.716631  0.973668  0.0466721  0.89233  0.746225  0.723404  0.368682  0.933167  0.0279503  0.632612  0.239284  0.83066  0.177531  0.660384  0.998477  0.415613  0.727093  0.351097  0.127637  0.421107  0.691192  
0.400816  0.948096  0.0671568  0.202469  0.171589  0.873146  0.874465  0.374026  0.888372  0.627909  0.564088  0.110092  0.215846  0.215625  0.40698  0.186587  0.0282981  0.738206  0.558633  0.948325  0.607515  0.472038  0.400816  0.948096  0.0671568  0.202469  0.171589  0.873146  0.874465  0.374026  0.888372  0.627909  0.564088  0.110092  0.215846  0.215625  0.40698  0.186587  0.0282981  0.738206  0.558633  0.948325  0.607515  0.472038  
0.550572  0.718254  0.788415  0.810382  0.066817  0.115868  0.35989  0.506481  0.734368  0.760164  0.222501  0.455617  0.629275  0.0700048  0.950307  0.649832  0.96549  0.399858  0.322082  0.357257  0.484518  0.670245  0.550572  0.718254  0.788415  0.810382  0.066817  0.115868  0.35989  0.506481  0.734368  0.760164  0.222501  0.455617  0.629275  0.0700048  0.950307  0.649832  0.96549  0.399858  0.322082  0.357257  0.484518  0.670245  
0.136966  0.988894  0.925993  0.682621  0.807587  0.917115  0.241609  0.941578  0.457425  0.562556  0.468651  0.301226  0.962122  0.761115  0.673814  0.449304  0.600115  0.839754  0.84802  0.571268  0.0410953  0.572542  0.136966  0.988894  0.925993  0.682621  0.807587  0.917115  0.241609  0.941578  0.457425  0.562556  0.468651  0.301226  0.962122  0.761115  0.673814  0.449304  0.600115  0.839754  0.84802  0.571268  0.0410953  0.572542  
0.706399  0.467629  0.537353  0.698789  0.384638  0.258733  0.789877  0.327567  0.760168  0.626997  0.353256  0.324427  0.823905  0.726593  0.190861  0.563614  0.818324  0.120602  0.785434  0.569825  0.240202  0.466049  0.706399  0.467629  0.537353  0.698789  0.384638  0.258733  0.789877  0.327567  0.760168  0.626997  0.353256  0.324427  0.823905  0.726593  0.190861  0.563614  0.818324  0.120602  0.785434  0.569825  0.240202  0.466049  
0.891999  0.10696  0.316892  0.257185  0.180249  0.149961  0.202914  0.223242  0.0742645  0.437303  0.349911  0.143343  0.0663402  0.698711  0.493872  0.177604  0.0914731  0.0246051  0.158806  0.781214  0.0821403  0.452329  0.891999  0.10696  0.316892  0.257185  0.180249  0.149961  0.202914  0.223242  0.0742645  0.437303  0.349911  0.143343  0.0663402  0.698711  0.493872  0.177604  0.0914731  0.0246051  0.158806  0.781214  0.0821403  0.452329  
0.0436297  0.477786  0.446614  0.196014  0.14613  0.658073  0.043724  0.630062  0.274666  0.649541  0.96094  0.280298  0.866091  0.372941  0.62384  0.535969  0.470176  0.236845  0.485893  0.87988  0.231724  0.302047  0.0436297  0.477786  0.446614  0.196014  0.14613  0.658073  0.043724  0.630062  0.274666  0.649541  0.96094  0.280298  0.866091  0.372941  0.62384  0.535969  0.470176  0.236845  0.485893  0.87988  0.231724  0.302047  
0.861025  0.170748  0.807672  0.450214  0.034882  0.751238  0.68781  0.893269  0.080919  0.4184  0.204626  0.831424  0.901844  0.236024  0.365329  0.784146  0.835443  0.787731  0.977202  0.782523  0.531848  0.956592  0.861025  0.170748  0.807672  0.450214  0.034882  0.751238  0.68781  0.893269  0.080919  0.4184  0.204626  0.831424  0.901844  0.236024  0.365329  0.784146  0.835443  0.787731  0.977202  0.782523  0.531848  0.956592  
0.562882  0.155943  0.278927  0.953096  0.992853  0.814662  0.678718  0.218655  0.19949  0.835164  0.88707  0.906755  0.904189  0.639829  0.430653  0.637557  0.793002  0.408827  0.496776  0.210976  0.378466  0.854093  0.562882  0.155943  0.278927  0.953096  0.992853  0.814662  0.678718  0.218655  0.19949  0.835164  0.88707  0.906755  0.904189  0.639829  0.430653  0.637557  0.793002  0.408827  0.496776  0.210976  0.378466  0.854093  
0.288365  0.525064  0.911553  0.315591  0.812834  0.373294  0.739876  0.991577  0.258106  0.247775  0.399804  0.803818  0.0436574  0.179328  0.384166  0.311908  0.224168  0.107203  0.60826  0.66835  0.739477  0.320578  0.288365  0.525064  0.911553  0.315591  0.812834  0.373294  0.739876  0.991577  0.258106  0.247775  0.399804  0.803818  0.0436574  0.179328  0.384166  0.311908  0.224168  0.107203  0.60826  0.66835  0.739477  0.320578  
0.538643  0.182657  0.768016  0.781925  0.564295  0.0591991  0.532337  0.270004  0.549629  0.0512023  0.865351  0.235937  0.750667  0.204687  0.503542  0.419617  0.345628  0.549026  0.357145  0.906021  0.334538  0.0385167  0.538643  0.182657  0.768016  0.781925  0.564295  0.0591991  0.532337  0.270004  0.549629  0.0512023  0.865351  0.235937  0.750667  0.204687  0.503542  0.419617  0.345628  0.549026  0.357145  0.906021  0.334538  0.0385167  
0.24148  0.0595547  0.71496  0.558735  0.773811  0.14264  0.723461  0.136436  0.938496  0.309518  0.781685  0.206759  0.737249  0.633119  0.0500571  0.234822  0.605703  0.0562409  0.110608  0.122185  0.864979  0.773716  0.24148  0.0595547  0.71496  0.558735  0.773811  0.14264  0.723461  0.136436  0.938496  0.309518  0.781685  0.206759  0.737249  0.633119  0.0500571  0.234822  0.605703  0.0562409  0.110608  0.122185  0.864979  0.773716  
0.875798  0.6708  0.765452  0.590997  0.163189  0.626561  0.12767  0.565953  0.838229  0.0340106  0.482581  0.736541  0.283758  0.421545  0.997302  0.855176  0.104236  0.726406  0.751779  0.646021  0.982914  0.381463  0.875798  0.6708  0.765452  0.590997  0.163189  0.626561  0.12767  0.565953  0.838229  0.0340106  0.482581  0.736541  0.283758  0.421545  0.997302  0.855176  0.104236  0.726406  0.751779  0.646021  0.982914  0.381463  
0.37772  0.127489  0.948436  0.634509  0.615649  0.246706  0.975152  0.946957  0.687991  0.196329  0.849175  0.791238  0.707045  0.832381  0.656025  0.149799  0.0897951  0.88538  0.439421  0.348296  0.527946  0.30525  0.37772  0.127489  0.948436  0.634509  0.615649  0.246706  0.975152  0.946957  0.687991  0.196329  0.849175  0.791238  0.707045  0.832381  0.656025  0.149799  0.0897951  0.88538  0.439421  0.348296  0.527946  0.30525  
0.74493  0.961451  0.562868  0.782781  0.937926  0.313247  0.228035  0.92988  0.169428  0.258506  0.721626  0.224888  0.285258  0.911552  0.209808  0.437579  0.74255  0.632713  0.433844  0.144895  0.942174  0.441483  0.74493  0.961451  0.562868  0.782781  0.937926  0.313247  0.228035  0.92988  0.169428  0.258506  0.721626  0.224888  0.285258  0.911552  0.209808  0.437579  0.74255  0.632713  0.433844  0.144895  0.942174  0.441483  
0.788029  0.996602  0.340985  0.890218  0.748891  0.988046  0.278159  0.403887  0.895686  0.122803  0.962923  0.19829  0.608343  0.283788  0.0906045  0.357914  0.564523  0.685881  0.182431  0.0366799  0.756386  0.728416  0.788029  0.996602  0.340985  0.890218  0.748891  0.988046  0.278159  0.403887  0.895686  0.122803  0.962923  0.19829  0.608343  0.283788  0.0906045  0.357914  0.564523  0.685881  0.182431  0.0366799  0.756386  0.728416  
0.0687436  0.96127  0.224302  0.496962  0.490016  0.920725  0.782238  0.167513  0.308341  0.607113  0.66455  0.212281  0.053524  0.29939  0.633718  0.703928  0.285565  0.181511  0.578121  0.723228  0.422721  0.621674  0.0687436  0.96127  0.224302  0.496962  0.490016  0.920725  0.782238  0.167513  0.308341  0.607113  0.66455  0.212281  0.053524  0.29939  0.633718  0.703928  0.285565  0.181511  0.578121  0.723228  0.422721  0.621674  
0.29434  0.170605  0.489022  0.79778  0.727561  0.837787  0.962255  0.394525  0.976339  0.846556  0.662577  0.110541  0.114883  0.181496  0.720739  0.0906829  0.84726  0.586828  0.00774391  0.0411324  0.62471  0.614765  0.29434  0.170605  0.489022  0.79778  0.727561  0.837787  0.962255  0.394525  0.976339  0.846556  0.662577  0.110541  0.114883  0.181496  0.720739  0.0906829  0.84726  0.586828  0.00774391  0.0411324  0.62471  0.614765  
0.971175  0.406711  0.43731  0.299279  0.176287  0.136513  0.3711  0.574931  0.410256  0.396782  0.637174  0.777816  0.406631  0.849022  0.278582  0.947907  0.0378745  0.457544  0.718593  0.259641  0.491769  0.908067  0.971175  0.406711  0.43731  0.299279  0.176287  0.136513  0.3711  0.574931  0.410256  0.396782  0.637174  0.777816  0.406631  0.849022  0.278582  0.947907  0.0378745  0.457544  0.718593  0.259641  0.491769  0.908067  
0.343083  0.685235  0.773608  0.0643077  0.0305895  0.632094  0.052577  0.596173  0.132539  0.277448  0.992177  0.382209  0.620387  0.589781  0.12389  0.162425  0.136993  0.16472  0.284293  0.398497  0.465219  0.543998  0.343083  0.685235  0.773608  0.0643077  0.0305895  0.632094  0.052577  0.596173  0.132539  0.277448  0.992177  0.382209  0.620387  0.589781  0.12389  0.162425  0.136993  0.16472  0.284293  0.398497  0.465219  0.543998  
0.679501  0.688302  0.81  0.507455  0.350894  0.221937  0.68557  0.574385  0.687366  0.683313  0.789759  0.367648  0.629461  0.307513  0.779345  0.211108  0.979826  0.289582  0.920561  0.592932  0.8114  0.940871  0.679501  0.688302  0.81  0.507455  0.350894  0.221937  0.68557  0.574385  0.687366  0.683313  0.789759  0.367648  0.629461  0.307513  0.779345  0.211108  0.979826  0.289582  0.920561  0.592932  0.8114  0.940871  
0.859401  0.708949  1.2432e-16  3.18814e-17  1.78724e-16  7.67703e-17  5.62501e-17  9.15261e-17  6.31366e-17  8.33641e-17  3.30879e-17  1.21104e-16  9.64356e-17  2.3814e-17  5.59062e-17  1.50373e-16  1.26463e-17  4.82826e-18  9.07634e-17  5.94012e-17  0  7.8372e-17  0.859401  0.708949  1.2432e-16  3.18814e-17  1.78724e-16  7.67703e-17  5.62501e-17  9.15261e-17  6.31366e-17  8.33641e-17  3.30879e-17  1.21104e-16  9.64356e-17  2.3814e-17  5.59062e-17  1.50373e-16  1.26463e-17  4.82826e-18  9.07634e-17  5.94012e-17  0  7.8372e-17  
0.708949  0.859401  9.06843e-17  3.80253e-17  1.2339e-16  4.05763e-17  2.39036e-17  4.48386e-18  3.18299e-17  2.96395e-17  6.27383e-17  1.86609e-17  3.96174e-17  1.77733e-18  3.07694e-17  8.8105e-17  1.26864e-17  3.90584e-17  7.01073e-17  4.08225e-17  1.21692e-16  4.5382e-18  0.708949  0.859401  9.06843e-17  3.80253e-17  1.2339e-16  4.05763e-17  2.39036e-17  4.48386e-18  3.18299e-17  2.96395e-17  6.27383e-17  1.86609e-17  3.96174e-17  1.77733e-18  3.07694e-17  8.8105e-17  1.26864e-17  3.90584e-17  7.01073e-17  4.08225e-17  1.21692e-16  4.5382e-18  
0.000312065  0.000245572  4.62125e-18  1.80788e-17  4.47355e-17  5.42179e-17  2.5427e-17  1.0655e-16  2.79188e-17  1.20061e-17  5.88938e-17  1.36066e-17  1.19195e-16  3.71956e-19  2.86647e-17  9.16172e-18  4.32229e-20  3.93615e-17  2.21618e-20  3.37329e-18  4.57099e-17  8.59458e-17  0.000312065  0.000245572  4.62125e-18  1.80788e-17  4.47355e-17  5.42179e-17  2.5427e-17  1.0655e-16  2.79188e-17  1.20061e-17  5.88938e-17  1.36066e-17  1.19195e-16  3.71956e-19  2.86647e-17  9.16172e-18  4.32229e-20  3.93615e-17  2.21618e-20  3.37329e-18  4.57099e-17  8.59458e-17  
0.859401  0.708949  1.2432e-16  3.18814e-17  1.78724e-16  7.67703e-17  5.62501e-17  9.15261e-17  6.31366e-17  8.33641e-17  3.30879e-17  1.21104e-16  9.64356e-17  2.3814e-17  5.59062e-17  1.50373e-16  1.26463e-17  4.82826e-18  9.07634e-17  5.94012e-17  0  7.8372e-17  0.859401  0.708949  1.2432e-16  3.18814e-17  1.78724e-16  7.67703e-17  5.62501e-17  9.15261e-17  6.31366e-17  8.33641e-17  3.30879e-17  1.21104e-16  9.64356e-17  2.3814e-17  5.59062e-17  1.50373e-16  1.26463e-17  4.82826e-18  9.07634e-17  5.94012e-17  0  7.8372e-17  
0.859401  0.774811  7.44537e-18  1.3656e-17  3.53931e-17  6.06136e-17  4.06003e-17  3.83386e-19  1.17893e-17  6.05213e-17  8.67217e-17  4.22103e-17  3.26572e-17  2.11869e-17  8.29402e-18  6.26984e-17  1.3581e-17  5.86273e-17  3.56623e-18  5.42631e-17  7.73707e-17  3.92163e-17  0.859401  0.774811  7.44537e-18  1.3656e-17  3.53931e-17  6.06136e-17  4.06003e-17  3.83386e-19  1.17893e-17  6.05213e-17  8.67217e-17  4.22103e-17  3.26572e-17  2.11869e-17  8.29402e-18  6.26984e-17  1.3581e-17  5.86273e-17  3.56623e-18  5.42631e-17  7.73707e-17  3.92163e-17  
0.859401  0.251412  7.75534e-17  3.88595e-17  2.27844e-17  2.61813e-17  3.75607e-17  7.94891e-18  2.8692e-17  5.33507e-17  6.64532e-17  3.19115e-17  3.80456e-17  5.16203e-18  1.85289e-17  1.90399e-17  1.01854e-17  3.7875e-17  4.78759e-17  3.14215e-17  1.01861e-16  3.14472e-17  0.859401  0.251412  7.75534e-17  3.88595e-17  2.27844e-17  2.61813e-17  3.75607e-17  7.94891e-18  2.8692e-17  5.33507e-17  6.64532e-17  3.19115e-17  3.80456e-17  5.16203e-18  1.85289e-17  1.90399e-17  1.01854e-17  3.7875e-17  4.78759e-17  3.14215e-17  1.01861e-16  3.14472e-17  
0.859401  0.80416  8.60004e-17  4.61882e-17  8.73809e-17  7.10623e-17  1.50372e-17  1.85585e-17  3.6415e-17  4.68595e-17  5.20955e-18  5.03665e-18  8.85509e-17  1.51525e-17  2.20335e-17  1.05513e-16  3.32332e-17  8.03229e-17  2.90068e-17  2.81742e-17  9.8668e-17  1.02693e-16  0.859401  0.80416  8.60004e-17  4.61882e-17  8.73809e-17  7.10623e-17  1.50372e-17  1.85585e-17  3.6415e-17  4.68595e-17  5.20955e-18  5.03665e-18  8.85509e-17  1.51525e-17  2.20335e-17  1.05513e-16  3.32332e-17  8.03229e-17  2.90068e-17  2.81742e-17  9.8668e-17  1.02693e-16  
0.859401  0.657088  8.05999e-17  6.70184e-17  4.2998e-16  9.93794e-17  1.19314e-16  4.0485e-17  2.79094e-17  1.66838e-17  5.28826e-17  7.28579e-17  1.02914e-16  1.14774e-17  1.01432e-16  9.93257e-17  6.37026e-18  1.26594e-16  6.41018e-18  1.84579e-17  5.14786e-17  3.67372e-17  0.859401  0.657088  8.05999e-17  6.70184e-17  4.2998e-16  9.93794e-17  1.19314e-16  4.0485e-17  2.79094e-17  1.66838e-17  5.28826e-17  7.28579e-17  1.02914e-16  1.14774e-17  1.01432e-16  9.93257e-17  6.37026e-18  1.26594e-16  6.41018e-18  1.84579e-17  5.14786e-17  3.67372e-17  
0.859401  0.744947  8.30579e-17  1.58521e-16  1.56913e-16  1.01415e-16  5.69149e-17  4.95425e-17  3.06354e-17  3.91818e-17  3.18449e-17  6.80155e-17  2.347e-17  4.61121e-17  8.1232e-17  1.21894e-16  2.00817e-17  7.46799e-17  1.11038e-16  8.94058e-17  1.29119e-16  1.41664e-16  0.859401  0.744947  8.30579e-17  1.58521e-16  1.56913e-16  1.01415e-16  5.69149e-17  4.95425e-17  3.06354e-17  3.91818e-17  3.18449e-17  6.80155e-17  2.347e-17  4.61121e-17  8.1232e-17  1.21894e-16  2.00817e-17  7.46799e-17  1.11038e-16  8.94058e-17  1.29119e-16  1.41664e-16  
0.859401  0.188554  4.02334e-17  4.34287e-17  7.98506e-17  1.9847e-17  2.24347e-17  3.30517e-17  3.75257e-17  2.12975e-17  6.57523e-17  2.25375e-17  1.22129e-16  5.64587e-18  1.78981e-17  1.07516e-17  3.41116e-17  2.49737e-17  6.34374e-18  4.65375e-18  2.32994e-17  1.25657e-17  0.859401  0.188554  4.02334e-17  4.34287e-17  7.98506e-17  1.9847e-17  2.24347e-17  3.30517e-17  3.75257e-17  2.12975e-17  6.57523e-17  2.25375e-17  1.22129e-16  5.64587e-18  1.78981e-17  1.07516e-17  3.41116e-17  2.49737e-17  6.34374e-18  4.65375e-18  2.32994e-17  1.25657e-17  
0.859401  0.821614  4.89915e-17  1.1346e-16  8.52278e-17  6.51833e-17  1.625e-16  1.36042e-16  1.91001e-17  4.58397e-17  3.0911e-17  1.01115e-16  6.50899e-18  4.23602e-17  4.90941e-17  1.41017e-16  2.32773e-17  1.10374e-17  8.75462e-18  6.44731e-17  7.06468e-19  7.45381e-17  0.859401  0.821614  4.89915e-17  1.1346e-16  8.52278e-17  6.51833e-17  1.625e-16  1.36042e-16  1.91001e-17  4.58397e-17  3.0911e-17  1.01115e-16  6.50899e-18  4.23602e-17  4.90941e-17  1.41017e-16  2.32773e-17  1.10374e-17  8.75462e-18  6.44731e-17  7.06468e-19  7.45381e-17  
0.859401  0.686079  4.2394e-17  6.98291e-17  5.55657e-17  3.07869e-17  4.02534e-17  3.29414e-17  2.52483e-17  3.48497e-17  6.66774e-17  6.47602e-17  3.07373e-17  2.24416e-17  1.14472e-17  4.76848e-17  1.65756e-17  5.40209e-17  2.37231e-17  2.03335e-17  5.48051e-17  8.51579e-17  0.859401  0.686079  4.2394e-17  6.98291e-17  5.55657e-17  3.07869e-17  4.02534e-17  3.29414e-17  2.52483e-17  3.48497e-17  6.66774e-17  6.47602e-17  3.07373e-17  2.24416e-17  1.14472e-17  4.76848e-17  1.65756e-17  5.40209e-17  2.37231e-17  2.03335e-17  5.48051e-17  8.51579e-17  
0.859401  0.760288  2.98869e-17  2.31037e-17  2.67628e-16  3.09511e-17  6.20022e-17  6.2394e-17  1.91064e-17  7.90318e-17  7.75536e-17  2.07993e-17  3.95766e-17  2.47378e-17  2.90118e-17  1.08898e-16  1.37171e-17  5.86062e-17  1.47745e-17  2.22056e-17  6.07223e-17  2.75587e-17  0.859401  0.760288  2.98869e-17  2.31037e-17  2.67628e-16  3.09511e-17  6.20022e-17  6.2394e-17  1.91064e-17  7.90318e-17  7.75536e-17  2.07993e-17  3.95766e-17  2.47378e-17  2.90118e-17  1.08898e-16  1.37171e-17  5.86062e-17  1.47745e-17  2.22056e-17  6.07223e-17  2.75587e-17  
0.859401  0.251412  7.75534e-17  3.88595e-17  2.27844e-17  2.61813e-17  3.75607e-17  7.94891e-18  2.8692e-17  5.33507e-17  6.64532e-17  3.19115e-17  3.80456e-17  5.16203e-18  1.85289e-17  1.90399e-17  1.01854e-17  3.7875e-17  4.78759e-17  3.14215e-17  1.01861e-16  3.14472e-17  0.859401  0.251412  7.75534e-17  3.88595e-17  2.27844e-17  2.61813e-17  3.75607e-17  7.94891e-18  2.8692e-17  5.33507e-17  6.64532e-17  3.19115e-17  3.80456e-17  5.16203e-18  1.85289e-17  1.90399e-17  1.01854e-17  3.7875e-17  4.78759e-17  3.14215e-17  1.01861e-16  3.14472e-17  
0.859401  0.789154  1.40202e-17  2.01454e-17  3.43702e-17  3.23541e-17  6.89304e-17  3.51919e-17  2.46671e-17  7.50654e-17  2.03347e-17  5.01683e-17  9.35583e-18  1.43141e-17  3.86989e-17  3.67504e-17  1.19225e-17  1.64039e-17  2.30725e-18  3.88716e-17  2.23412e-17  2.55502e-17  0.859401  0.789154  1.40202e-17  2.01454e-17  3.43702e-17  3.23541e-17  6.89304e-17  3.51919e-17  2.46671e-17  7.50654e-17  2.03347e-17  5.01683e-17  9.35583e-18  1.43141e-17  3.86989e-17  3.67504e-17  1.19225e-17  1.64039e-17  2.30725e-18  3.88716e-17  2.23412e-17  2.55502e-17  
0.859401  0.251412  7.75534e-17  3.88595e-17  2.27844e-17  2.61813e-17  3.75607e-17  7.94891e-18  2.8692e-17  5.33507e-17  6.64532e-17  3.19115e-17  3.80456e-17  5.16203e-18  1.85289e-17  1.90399e-17  1.01854e-17  3.7875e-17  4.78759e-17  3.14215e-17  1.01861e-16  3.14472e-17  0.859401  0.251412  7.75534e-17  3.88595e-17  2.27844e-17  2.61813e-17  3.75607e-17  7.94891e-18  2.8692e-17  5.33507e-17  6.64532e-17  3.19115e-17  3.80456e-17  5.16203e-18  1.85289e-17  1.90399e-17  1.01854e-17  3.7875e-17  4.78759e-17  3.14215e-17  1.01861e-16  3.14472e-17  
0.859401  0.728123  1.24777e-16  4.27054e-17  1.49702e-16  5.21509e-17  9.88053e-17  4.27166e-17  4.89271e-17  1.13613e-18  2.14828e-17  1.44818e-16  3.66703e-17  1.05512e-16  4.49812e-17  1.08711e-16  3.3692e-17  1.19069e-17  4.29686e-17  2.27287e-18  1.32406e-17  1.0564e-16  0.859401  0.728123  1.24777e-16  4.27054e-17  1.49702e-16  5.21509e-17  9.88053e-17  4.27166e-17  4.89271e-17  1.13613e-18  2.14828e-17  1.44818e-16  3.66703e-17  1.05512e-16  4.49812e-17  1.08711e-16  3.3692e-17  1.19069e-17  4.29686e-17  2.27287e-18  1.32406e-17  1.0564e-16  
0.859401  0.100696  6.52266e-17  1.50667e-17  5.83635e-17  2.44797e-17  5.37395e-17  3.94327e-17  7.96863e-18  1.22418e-17  2.40104e-17  1.24811e-16  7.59114e-17  1.56157e-17  2.54231e-17  3.28789e-17  5.89982e-18  1.05934e-17  4.40747e-17  2.1182e-17  4.96509e-17  2.84384e-17  0.859401  0.100696  6.52266e-17  1.50667e-17  5.83635e-17  2.44797e-17  5.37395e-17  3.94327e-17  7.96863e-18  1.22418e-17  2.40104e-17  1.24811e-16  7.59114e-17  1.56157e-17  2.54231e-17  3.28789e-17  5.89982e-18  1.05934e-17  4.40747e-17  2.1182e-17  4.96509e-17  2.84384e-17  
0.859401  0.833063  3.40457e-17  2.46264e-17  2.50279e-17  8.81631e-17  2.66363e-17  6.92056e-17  1.56608e-17  2.11034e-17  1.09622e-16  7.77852e-17  8.91526e-17  2.02363e-17  3.24966e-17  7.59518e-17  2.94883e-17  4.09576e-17  9.18852e-17  2.28864e-17  6.48566e-17  6.1421e-17  0.859401  0.833063  3.40457e-17  2.46264e-17  2.50279e-17  8.81631e-17  2.66363e-17  6.92056e-17  1.56608e-17  2.11034e-17  1.09622e-16  7.77852e-17  8.91526e-17  2.02363e-17  3.24966e-17  7.59518e-17  2.94883e-17  4.09576e-17  9.18852e-17  2.28864e-17  6.48566e-17  6.1421e-17  
0.859401  0.69809  5.99156e-17  8.3607e-17  5.37706e-17  4.76457e-18  5.00176e-17  4.62949e-17  3.85336e-17  3.91101e-17  9.49848e-17  8.89831e-17  1.03248e-16  3.23553e-17  1.32989e-17  7.23448e-17  2.70424e-17  1.04387e-16  1.01852e-17  3.20605e-17  2.47561e-17  1.25713e-19  0.859401  0.69809  5.99156e-17  8.3607e-17  5.37706e-17  4.76457e-18  5.00176e-17  4.62949e-17  3.85336e-17  3.91101e-17  9.49848e-17  8.89831e-17  1.03248e-16  3.23553e-17  1.32989e-17  7.23448e-17  2.70424e-17  1.04387e-16  1.01852e-17  3.20605e-17  2.47561e-17  1.25713e-19  
0.859401  0.767613  2.10967e-17  2.76696e-17  3.39295e-17  2.44839e-17  9.26333e-18  4.79015e-17  4.16375e-17  2.17838e-17  2.10618e-17  1.024e-17  5.91347e-17  3.87109e-18  4.35351e-17  7.27541e-18  7.01147e-18  4.06913e-17  6.30968e-17  2.02747e-17  2.64213e-17  6.35991e-17  0.859401  0.767613  2.10967e-17  2.76696e-17  3.39295e-17  2.44839e-17  9.26333e-18  4.79015e-17  4.16375e-17  2.17838e-17  2.10618e-17  1.024e-17  5.91347e-17  3.87109e-18  4.35351e-17  7.27541e-18  7.01147e-18  4.06913e-17  6.30968e-17  2.02747e-17  2.64213e-17  6.35991e-17  
0.859401  0.251412  7.75534e-17  3.88595e-17  2.27844e-17  2.61813e-17  3.75607e-17  7.94891e-18  2.8692e-17  5.33507e-17  6.64532e-17  3.19115e-17  3.80456e-17  5.16203e-18  1.85289e-17  1.90399e-17  1.01854e-17  3.7875e-17  4.78759e-17  3.14215e-17  1.01861e-16  3.14472e-17  0.859401  0.251412  7.75534e-17  3.88595e-17  2.27844e-17  2.61813e-17  3.75607e-17  7.94891e-18  2.8692e-17  5.33507e-17  6.64532e-17  3.19115e-17  3.80456e-17  5.16203e-18  1.85289e-17  1.90399e-17  1.01854e-17  3.7875e-17  4.78759e-17  3.14215e-17  1.01861e-16  3.14472e-17  
0.859401  0.796502  5.98163e-17  1.34226e-17  5.24767e-17  3.23373e-17  6.06083e-17  2.08896e-17  3.50264e-17  2.13678e-17  3.54659e-17  1.09797e-16  1.1923e-16  3.88613e-17  3.37566e-18  5.17786e-17  4.88663e-18  3.90634e-17  6.62332e-17  8.56949e-17  3.35252e-17  7.98263e-19  0.859401  0.796502  5.98163e-17  1.34226e-17  5.24767e-17  3.23373e-17  6.06083e-17  2.08896e-17  3.50264e-17  2.13678e-17  3.54659e-17  1.09797e-16  1.1923e-16  3.88613e-17  3.37566e-18  5.17786e-17  4.88663e-18  3.90634e-17  6.62332e-17  8.56949e-17  3.35252e-17  7.98263e-19  
0.859401  0.638861  3.79854e-17  3.9933e-17  3.37011e-16  9.5263e-17  4.59238e-17  5.94801e-17  2.56248e-17  3.57796e-17  1.2188e-17  1.55287e-16  5.82202e-17  7.67456e-17  8.07229e-17  1.27129e-16  2.74422e-17  4.17722e-17  8.41204e-17  9.83865e-17  6.33867e-17  1.45638e-16  0.859401  0.638861  3.79854e-17  3.9933e-17  3.37011e-16  9.5263e-17  4.59238e-17  5.94801e-17  2.56248e-17  3.57796e-17  1.2188e-17  1.55287e-16  5.82202e-17  7.67456e-17  8.07229e-17  1.27129e-16  2.74422e-17  4.17722e-17  8.41204e-17  9.83865e-17  6.33867e-17  1.45638e-16  
0.859401  0.736768  6.86822e-17  6.36029e-17  8.7886e-17  3.36973e-17  6.88869e-18  1.48664e-16  2.39625e-17  2.46566e-17  1.01919e-16  7.58164e-17  1.03296e-16  4.65919e-18  8.09546e-17  3.5684e-17  3.21546e-18  4.01319e-18  6.61848e-17  2.91917e-17  7.86316e-18  9.57128e-17  0.859401  0.736768  6.86822e-17  6.36029e-17  8.7886e-17  3.36973e-17  6.88869e-18  1.48664e-16  2.39625e-17  2.46566e-17  1.01919e-16  7.58164e-17  1.03296e-16  4.65919e-18  8.09546e-17  3.5684e-17  3.21546e-18  4.01319e-18  6.61848e-17  2.91917e-17  7.86316e-18  9.57128e-17  
0.859401  0.145364  6.39709e-17  2.7623e-17  7.23907e-17  2.38816e-17  4.90565e-17  4.92565e-17  1.65634e-17  2.30537e-17  3.04652e-17  5.63302e-17  4.74283e-17  2.21279e-17  2.43366e-17  2.81393e-17  1.14262e-17  6.33039e-18  2.34077e-17  2.14546e-17  4.37157e-17  2.25273e-17  0.859401  0.145364  6.39709e-17  2.7623e-17  7.23907e-17  2.38816e-17  4.90565e-17  4.92565e-17  1.65634e-17  2.30537e-17  3.04652e-17  5.63302e-17  4.74283e-17  2.21279e-17  2.43366e-17  2.81393e-17  1.14262e-17  6.33039e-18  2.34077e-17  2.14546e-17  4.37157e-17  2.25273e-17  
0.859401  0.812376  5.62176e-17  2.13086e-17  2.06738e-16  6.44631e-17  5.37768e-17  5.09173e-17  9.06163e-18  7.4387e-17  3.01146e-17  6.11733e-17  2.41908e-17  2.3234e-17  4.29987e-17  4.74669e-17  8.34576e-19  2.06374e-17  2.33519e-17  2.95121e-17  6.31046e-17  1.54206e-17  0.859401  0.812376  5.62176e-17  2.13086e-17  2.06738e-16  6.44631e-17  5.37768e-17  5.09173e-17  9.06163e-18  7.4387e-17  3.01146e-17  6.11733e-17  2.41908e-17  2.3234e-17  4.29987e-17  4.74669e-17  8.34576e-19  2.06374e-17  2.33519e-17  2.95121e-17  6.31046e-17  1.54206e-17  
0.859401  0.672574  1.04501e-16  7.97095e-17  6.45325e-17  3.76885e-18  1.04709e-16  6.60386e-17  4.97739e-17  3.1645e-17  6.33008e-17  7.54068e-18  3.7846e-17  1.72744e-17  3.31938e-17  1.10232e-17  1.45162e-17  1.65925e-16  1.48962e-17  2.95444e-17  1.73912e-17  3.77217e-17  0.859401  0.672574  1.04501e-16  7.97095e-17  6.45325e-17  3.76885e-18  1.04709e-16  6.60386e-17  4.97739e-17  3.1645e-17  6.33008e-17  7.54068e-18  3.7846e-17  1.72744e-17  3.31938e-17  1.10232e-17  1.45162e-17  1.65925e-16  1.48962e-17  2.95444e-17  1.73912e-17  3.77217e-17  
0.859401  0.752758  9.76353e-17  6.75638e-17  7.12538e-17  4.69626e-17  2.81648e-17  1.38921e-16  9.4329e-18  4.53152e-17  6.77047e-17  1.05826e-16  8.27933e-17  1.23969e-17  9.34199e-17  6.48628e-17  2.09188e-18  3.79305e-17  1.02573e-16  7.84319e-17  1.9837e-17  8.85629e-17  0.859401  0.752758  9.76353e-17  6.75638e-17  7.12538e-17  4.69626e-17  2.81648e-17  1.38921e-16  9.4329e-18  4.53152e-17  6.77047e-17  1.05826e-16  8.27933e-17  1.23969e-17  9.34199e-17  6.48628e-17  2.09188e-18  3.79305e-17  1.02573e-16  7.84319e-17  1.9837e-17  8.85629e-17  
0.859401  0.235182  3.81367e-17  1.86722e-17  6.53561e-17  4.43499e-17  2.86144e-17  2.55266e-17  9.27346e-18  5.94719e-17  3.20978e-17  1.37669e-17  4.28587e-17  1.88667e-17  5.51323e-18  3.73951e-17  3.09947e-17  4.77165e-17  5.74038e-18  3.98871e-17  6.21798e-17  7.41597e-17  0.859401  0.235182  3.81367e-17  1.86722e-17  6.53561e-17  4.43499e-17  2.86144e-17  2.55266e-17  9.27346e-18  5.94719e-17  3.20978e-17  1.37669e-17  4.28587e-17  1.88667e-17  5.51323e-18  3.73951e-17  3.09947e-17  4.77165e-17  5.74038e-18  3.98871e-17  6.21798e-17  7.41597e-17  
0.859401  0.781961  4.73035e-17  5.60905e-17  6.5364e-17  5.56036e-17  5.51967e-17  2.70875e-17  8.09086e-18  2.68903e-17  3.73304e-17  5.69327e-17  3.0891e-17  3.13521e-17  4.50105e-17  4.30701e-17  1.29554e-17  0  2.01842e-18  4.57349e-17  3.22421e-17  2.09075e-17  0.859401  0.781961  4.73035e-17  5.60905e-17  6.5364e-17  5.56036e-17  5.51967e-17  2.70875e-17  8.09086e-18  2.68903e-17  3.73304e-17  5.69327e-17  3.0891e-17  3.13521e-17  4.50105e-17  4.30701e-17  1.29554e-17  0  2.01842e-18  4.57349e-17  3.22421e-17  2.09075e-17  
0.859401  0.251412  7.75534e-17  3.88595e-17  2.27844e-17  2.61813e-17  3.75607e-17  7.94891e-18  2.8692e-17  5.33507e-17  6.64532e-17  3.19115e-17  3.80456e-17  5.16203e-18  1.85289e-17  1.90399e-17  1.01854e-17  3.7875e-17  4.78759e-17  3.14215e-17  1.01861e-16  3.14472e-17  0.859401  0.251412  7.75534e-17  3.88595e-17  2.27844e-17  2.61813e-17  3.75607e-17  7.94891e-18  2.8692e-17  5.33507e-17  6.64532e-17  3.19115e-17  3.80456e-17  5.16203e-18  1.85289e-17  1.90399e-17  1.01854e-17  3.7875e-17  4.78759e-17  3.14215e-17  1.01861e-16  3.14472e-17  
0.859401  0.718899  6.4601e-17  5.43245e-17  7.79826e-17  8.12709e-17  3.60625e-17  4.17249e-17  6.15661e-17  8.68466e-18  8.35099e-17  1.92505e-16  7.00687e-17  4.22053e-17  3.66187e-17  6.94066e-17  3.40992e-17  2.54805e-16  2.97813e-17  7.32063e-17  1.78289e-16  1.03265e-16  0.859401  0.718899  6.4601e-17  5.43245e-17  7.79826e-17  8.12709e-17  3.60625e-17  4.17249e-17  6.15661e-17  8.68466e-18  8.35099e-17  1.92505e-16  7.00687e-17  4.22053e-17  3.66187e-17  6.94066e-17  3.40992e-17  2.54805e-16  2.97813e-17  7.32063e-17  1.78289e-16  1.03265e-16  
0.859401  0.0521373  5.36803e-18  2.10188e-17  1.40375e-17  5.27815e-17  1.81095e-17  6.74278e-17  1.01391e-17  1.61003e-17  2.00288e-18  3.79186e-17  9.9555e-17  8.04859e-18  2.0493e-17  1.03463e-17  2.23835e-17  1.61035e-17  8.63968e-18  3.19269e-17  1.06579e-16  5.65539e-17  0.859401  0.0521373  5.36803e-18  2.10188e-17  1.40375e-17  5.27815e-17  1.81095e-17  6.74278e-17  1.01391e-17  1.61003e-17  2.00288e-18  3.79186e-17  9.9555e-17  8.04859e-18  2.0493e-17  1.03463e-17  2.23835e-17  1.61035e-17  8.63968e-18  3.19269e-17  1.06579e-16  5.65539e-17  
0.838276  0.859401  1.83813e-16  7.70024e-18  2.49736e-16  3.96716e-17  2.29113e-17  6.25717e-17  9.86229e-18  6.9677e-17  2.49783e-17  1.03944e-16  3.74847e-17  3.8282e-17  2.23196e-17  3.74981e-17  1.56681e-17  4.03586e-17  7.93243e-17  8.1025e-17  2.62632e-17  1.37985e-16  0.838276  0.859401  1.83813e-16  7.70024e-18  2.49736e-16  3.96716e-17  2.29113e-17  6.25717e-17  9.86229e-18  6.9677e-17  2.49783e-17  1.03944e-16  3.74847e-17  3.8282e-17  2.23196e-17  3.74981e-17  1.56681e-17  4.03586e-17  7.93243e-17  8.1025e-17  2.62632e-17  1.37985e-16  
0.859401  0.703647  6.44057e-17  8.22612e-17  1.18938e-16  9.52635e-17  9.22686e-17  1.67945e-17  1.32488e-17  1.34709e-17  1.04294e-17  1.52716e-16  6.97221e-17  5.5348e-18  1.05148e-16  5.73859e-18  1.76716e-17  5.10067e-17  1.91321e-17  1.30405e-17  5.73163e-17  1.75968e-16  0.859401  0.703647  6.44057e-17  8.22612e-17  1.18938e-16  9.52635e-17  9.22686e-17  1.67945e-17  1.32488e-17  1.34709e-17  1.04294e-17  1.52716e-16  6.97221e-17  5.5348e-18  1.05148e-16  5.73859e-18  1.76716e-17  5.10067e-17  1.91321e-17  1.30405e-17  5.73163e-17  1.75968e-16  
0.780506  0.816983  5.51492e-17  3.95573e-17  6.24022e-17  2.39704e-17  2.67214e-17  0  4.11395e-17  4.01064e-18  4.82612e-17  1.04618e-16  9.49893e-17  2.88021e-17  8.21067e-18  1.74279e-17  3.07147e-17  3.80555e-17  5.189e-17  6.93132e-17  1.2736e-17  6.01745e-17  0.780506  0.816983  5.51492e-17  3.95573e-17  6.24022e-17  2.39704e-17  2.67214e-17  0  4.11395e-17  4.01064e-18  4.82612e-17  1.04618e-16  9.49893e-17  2.88021e-17  8.21067e-18  1.74279e-17  3.07147e-17  3.80555e-17  5.189e-17  6.93132e-17  1.2736e-17  6.01745e-17  
0.859401  0.251412  7.75534e-17  3.88595e-17  2.27844e-17  2.61813e-17  3.75607e-17  7.94891e-18  2.8692e-17  5.33507e-17  6.64532e-17  3.19115e-17  3.80456e-17  5.16203e-18  1.85289e-17  1.90399e-17  1.01854e-17  3.7875e-17  4.78759e-17  3.14215e-17  1.01861e-16  3.14472e-17  0.859401  0.251412  7.75534e-17  3.88595e-17  2.27844e-17  2.61813e-17  3.75607e-17  7.94891e-18  2.8692e-17  5.33507e-17  6.64532e-17  3.19115e-17  3.80456e-17  5.16203e-18  1.85289e-17  1.90399e-17  1.01854e-17  3.7875e-17  4.78759e-17  3.14215e-17  1.01861e-16  3.14472e-17  
0.791554  0.859401  5.8091e-17  2.0553e-18  1.27269e-16  9.6269e-17  2.95716e-17  3.20028e-17  6.11526e-17  5.85727e-17  9.62361e-17  1.6174e-16  1.16632e-17  3.96429e-17  4.20408e-17  6.41224e-17  2.86737e-17  1.90466e-16  9.14545e-17  5.85131e-17  1.48252e-16  1.32419e-16  0.791554  0.859401  5.8091e-17  2.0553e-18  1.27269e-16  9.6269e-17  2.95716e-17  3.20028e-17  6.11526e-17  5.85727e-17  9.62361e-17  1.6174e-16  1.16632e-17  3.96429e-17  4.20408e-17  6.41224e-17  2.86737e-17  1.90466e-16  9.14545e-17  5.85131e-17  1.48252e-16  1.32419e-16  
0.859401  0.64838  6.98069e-19  7.60011e-17  0  2.88138e-17  1.21857e-17  9.37118e-17  2.81898e-17  1.57787e-17  1.11664e-16  8.01573e-17  1.09918e-16  2.1584e-17  2.86997e-17  1.5971e-17  2.26519e-17  3.78245e-17  8.99627e-17  3.42863e-17  5.00219e-17  9.72317e-17  0.859401  0.64838  6.98069e-19  7.60011e-17  0  2.88138e-17  1.21857e-17  9.37118e-17  2.81898e-17  1.57787e-17  1.11664e-16  8.01573e-17  1.09918e-16  2.1584e-17  2.86997e-17  1.5971e-17  2.26519e-17  3.78245e-17  8.99627e-17  3.42863e-17  5.00219e-17  9.72317e-17  
0.77576  0.777128  8.48696e-17  7.76655e-17  2.94297e-17  4.43966e-17  5.20433e-18  2.13427e-17  1.02269e-17  7.60029e-17  6.26666e-17  5.95166e-17  9.12893e-17  7.02792e-21  3.30536e-17  1.24153e-16  2.84639e-17  8.65001e-17  2.08202e-17  1.99978e-17  6.15503e-17  9.42521e-17  0.77576  0.777128  8.48696e-17  7.76655e-17  2.94297e-17  4.43966e-17  5.20433e-18  2.13427e-17  1.02269e-17  7.60029e-17  6.26666e-17  5.95166e-17  9.12893e-17  7.02792e-21  3.30536e-17  1.24153e-16  2.84639e-17  8.65001e-17  2.08202e-17  1.99978e-17  6.15503e-17  9.42521e-17  
0.859401  0.166915  5.19308e-18  6.92304e-17  2.25803e-17  2.12012e-17  1.44447e-17  8.13764e-17  3.64685e-17  3.07036e-17  4.74588e-17  9.97611e-18  8.16172e-17  2.44807e-17  4.24479e-17  1.65846e-17  5.56192e-18  4.633e-17  4.82353e-17  8.43873e-18  1.87996e-17  8.60378e-17  0.859401  0.166915  5.19308e-18  6.92304e-17  2.25803e-17  2.12012e-17  1.44447e-17  8.13764e-17  3.64685e-17  3.07036e-17  4.74588e-17  9.97611e-18  8.16172e-17  2.44807e-17  4.24479e-17  1.65846e-17  5.56192e-18  4.633e-17  4.82353e-17  8.43873e-18  1.87996e-17  8.60378e-17  
0.805152  0.859401  9.59626e-17  7.67362e-17  5.23141e-17  4.06552e-17  1.64766e-17  4.33799e-17  1.14965e-17  4.94035e-18  1.40192e-17  4.95121e-17  5.63693e-17  2.46136e-17  4.35319e-17  8.58166e-17  2.581e-17  3.79778e-17  5.35349e-17  3.52893e-17  5.90265e-17  6.45974e-17  0.805152  0.859401  9.59626e-17  7.67362e-17  5.23141e-17  4.06552e-17  1.64766e-17  4.33799e-17  1.14965e-17  4.94035e-18  1.40192e-17  4.95121e-17  5.63693e-17  2.46136e-17  4.35319e-17  8.58166e-17  2.581e-17  3.79778e-17  5.35349e-17  3.52893e-17  5.90265e-17  6.45974e-17  
0.859401  0.679539  3.94132e-17  1.30064e-17  1.00292e-16  7.20395e-18  1.43468e-17  1.85376e-17  6.40906e-18  4.16051e-17  5.96729e-17  7.73521e-17  2.05012e-17  1.61504e-17  4.79278e-17  7.08201e-18  1.76654e-17  3.65752e-17  2.07445e-17  3.14219e-17  1.1649e-16  7.17114e-17  0.859401  0.679539  3.94132e-17  1.30064e-17  1.00292e-16  7.20395e-18  1.43468e-17  1.85376e-17  6.40906e-18  4.16051e-17  5.96729e-17  7.73521e-17  2.05012e-17  1.61504e-17  4.79278e-17  7.08201e-18  1.76654e-17  3.65752e-17  2.07445e-17  3.14219e-17  1.1649e-16  7.17114e-17  
0.742919  0.859401  4.47243e-18  5.10207e-17  3.0912e-17  6.25743e-17  1.30502e-17  1.06926e-16  2.6798e-17  8.58835e-18  8.83668e-17  1.10438e-17  1.39259e-16  3.83351e-18  2.644e-17  6.41373e-18  5.82336e-17  3.96085e-17  7.85352e-18  1.78363e-17  4.097e-17  1.18283e-17  0.742919  0.859401  4.47243e-18  5.10207e-17  3.0912e-17  6.25743e-17  1.30502e-17  1.06926e-16  2.6798e-17  8.58835e-18  8.83668e-17  1.10438e-17  1.39259e-16  3.83351e-18  2.644e-17  6.41373e-18  5.82336e-17  3.96085e-17  7.85352e-18  1.78363e-17  4.097e-17  1.18283e-17  
0.819154  0.251412  1.49356e-16  1.94518e-17  1.80087e-16  3.05098e-17  4.3275e-17  8.59316e-17  1.35401e-17  8.36554e-17  4.90091e-17  8.21697e-17  5.41159e-17  1.36632e-17  1.41732e-17  2.98741e-17  1.33816e-17  2.95551e-17  7.31666e-18  8.05882e-17  6.65986e-19  6.08811e-17  0.819154  0.251412  1.49356e-16  1.94518e-17  1.80087e-16  3.05098e-17  4.3275e-17  8.59316e-17  1.35401e-17  8.36554e-17  4.90091e-17  8.21697e-17  5.41159e-17  1.36632e-17  1.41732e-17  2.98741e-17  1.33816e-17  2.95551e-17  7.31666e-18  8.05882e-17  6.65986e-19  6.08811e-17  
0.765187  0.859401  5.7617e-17  4.39924e-17  1.57717e-16  7.98683e-17  2.12167e-17  1.87995e-17  1.10128e-17  8.82989e-17  3.80049e-17  1.18174e-16  9.78908e-18  2.20303e-17  8.3001e-17  7.11055e-17  3.5536e-17  4.46229e-17  1.25496e-17  4.35046e-17  4.83356e-17  8.60897e-17  0.765187  0.859401  5.7617e-17  4.39924e-17  1.57717e-16  7.98683e-17  2.12167e-17  1.87995e-17  1.10128e-17  8.82989e-17  3.80049e-17  1.18174e-16  9.78908e-18  2.20303e-17  8.3001e-17  7.11055e-17  3.5536e-17  4.46229e-17  1.25496e-17  4.35046e-17  4.83356e-17  8.60897e-17  
0.857969  0.251412  1.92859e-17  1.56713e-17  5.95843e-17  5.72216e-17  1.65007e-17  1.23088e-16  1.97102e-17  6.44476e-18  6.72489e-17  4.27309e-18  1.38031e-17  2.30251e-19  1.78288e-17  4.32492e-17  8.83475e-19  3.12582e-17  5.50347e-18  8.30774e-18  2.02861e-17  9.30048e-17  0.857969  0.251412  1.92859e-17  1.56713e-17  5.95843e-17  5.72216e-17  1.65007e-17  1.23088e-16  1.97102e-17  6.44476e-18  6.72489e-17  4.27309e-18  1.38031e-17  2.30251e-19  1.78288e-17  4.32492e-17  8.83475e-19  3.12582e-17  5.50347e-18  8.30774e-18  2.02861e-17  9.30048e-17  
0.711308  0.844838  7.06716e-17  7.92846e-17  1.49739e-16  5.13045e-17  6.17232e-17  2.1113e-17  4.89284e-17  2.64955e-17  9.99012e-19  7.54663e-17  7.67704e-17  1.29411e-17  2.81595e-17  3.47702e-17  9.49508e-18  2.00838e-16  4.86546e-17  3.21116e-17  6.40267e-17  7.01031e-17  0.711308  0.844838  7.06716e-17  7.92846e-17  1.49739e-16  5.13045e-17  6.17232e-17  2.1113e-17  4.89284e-17  2.64955e-17  9.99012e-19  7.54663e-17  7.67704e-17  1.29411e-17  2.81595e-17  3.47702e-17  9.49508e-18  2.00838e-16  4.86546e-17  3.21116e-17  6.40267e-17  7.01031e-17  
0.794866  0.0836313  8.0934e-17  8.19771e-17  3.27219e-16  9.71829e-17  9.33441e-18  1.58352e-17  3.17774e-17  8.75241e-17  3.60984e-17  9.22361e-17  3.84745e-17  1.28071e-17  3.06056e-17  1.20867e-16  1.35697e-17  3.66399e-17  3.12704e-17  2.88915e-17  2.11734e-17  9.68511e-17  0.794866  0.0836313  8.0934e-17  8.19771e-17  3.27219e-16  9.71829e-17  9.33441e-18  1.58352e-17  3.17774e-17  8.75241e-17  3.60984e-17  9.22361e-17  3.84745e-17  1.28071e-17  3.06056e-17  1.20867e-16  1.35697e-17  3.66399e-17  3.12704e-17  2.88915e-17  2.11734e-17  9.68511e-17  
0.811077  0.859401  8.19646e-17  5.49858e-17  4.61259e-17  3.36444e-17  4.85844e-17  3.95635e-17  3.65155e-17  6.72765e-17  7.08579e-17  1.20148e-16  8.48387e-17  5.47785e-18  4.48861e-17  8.52815e-17  2.9204e-17  1.08622e-16  4.38936e-18  3.04788e-17  1.95681e-17  8.95144e-17  0.811077  0.859401  8.19646e-17  5.49858e-17  4.61259e-17  3.36444e-17  4.85844e-17  3.95635e-17  3.65155e-17  6.72765e-17  7.08579e-17  1.20148e-16  8.48387e-17  5.47785e-18  4.48861e-17  8.52815e-17  2.9204e-17  1.08622e-16  4.38936e-18  3.04788e-17  1.95681e-17  8.95144e-17  
0.710717  0.777576  8.50664e-17  1.71005e-16  1.67251e-16  1.02017e-16  5.24128e-17  4.68873e-18  3.47265e-17  4.57712e-17  3.18757e-17  4.43744e-17  1.62455e-17  3.56252e-17  7.09008e-17  1.3293e-16  1.1691e-17  1.40293e-16  1.30739e-16  1.24841e-17  1.87374e-16  1.4484e-16  0.710717  0.777576  8.50664e-17  1.71005e-16  1.67251e-16  1.02017e-16  5.24128e-17  4.68873e-18  3.47265e-17  4.57712e-17  3.18757e-17  4.43744e-17  1.62455e-17  3.56252e-17  7.09008e-17  1.3293e-16  1.1691e-17  1.40293e-16  1.30739e-16  1.24841e-17  1.87374e-16  1.4484e-16  
0.731339  0.859401  1.11373e-16  1.3001e-16  1.33306e-16  9.91634e-17  3.92283e-17  1.8038e-17  4.28991e-17  4.14034e-18  1.54497e-17  1.44606e-16  9.83218e-17  6.63101e-18  7.28717e-17  9.87507e-17  1.98539e-17  1.11712e-16  4.05868e-17  9.52783e-17  1.02131e-16  1.18524e-16  0.731339  0.859401  1.11373e-16  1.3001e-16  1.33306e-16  9.91634e-17  3.92283e-17  1.8038e-17  4.28991e-17  4.14034e-18  1.54497e-17  1.44606e-16  9.83218e-17  6.63101e-18  7.28717e-17  9.87507e-17  1.98539e-17  1.11712e-16  4.05868e-17  9.52783e-17  1.02131e-16  1.18524e-16  
0.765345  0.251412  5.87687e-17  4.03962e-17  6.48945e-18  6.68784e-17  2.4255e-17  1.02306e-17  1.52352e-18  4.23732e-17  3.31515e-17  7.465e-18  8.88609e-17  1.24397e-17  4.18786e-17  4.63976e-17  2.58597e-17  6.94197e-19  4.65664e-17  2.42322e-17  7.99245e-18  4.01444e-19  0.765345  0.251412  5.87687e-17  4.03962e-17  6.48945e-18  6.68784e-17  2.4255e-17  1.02306e-17  1.52352e-18  4.23732e-17  3.31515e-17  7.465e-18  8.88609e-17  1.24397e-17  4.18786e-17  4.63976e-17  2.58597e-17  6.94197e-19  4.65664e-17  2.42322e-17  7.99245e-18  4.01444e-19  
0.759507  0.859401  6.11102e-17  6.65052e-17  2.96875e-17  1.74413e-17  2.32801e-17  6.35888e-17  1.83562e-17  2.01945e-17  4.47767e-17  2.32865e-17  3.85454e-17  1.89214e-17  3.93897e-17  3.87469e-17  3.41368e-17  6.23367e-17  2.01091e-17  2.25443e-17  1.38018e-16  4.55318e-17  0.759507  0.859401  6.11102e-17  6.65052e-17  2.96875e-17  1.74413e-17  2.32801e-17  6.35888e-17  1.83562e-17  2.01945e-17  4.47767e-17  2.32865e-17  3.85454e-17  1.89214e-17  3.93897e-17  3.87469e-17  3.41368e-17  6.23367e-17  2.01091e-17  2.25443e-17  1.38018e-16  4.55318e-17  
0.74362  0.67911  5.82761e-17  3.27776e-17  2.5616e-16  7.78441e-17  3.85504e-17  4.34411e-17  3.33163e-17  2.29508e-17  3.32021e-17  4.68972e-17  8.67025e-17  1.14214e-17  2.32392e-17  1.41586e-16  5.9114e-17  8.45901e-17  1.56958e-17  8.8286e-17  4.84149e-17  1.54124e-18  0.74362  0.67911  5.82761e-17  3.27776e-17  2.5616e-16  7.78441e-17  3.85504e-17  4.34411e-17  3.33163e-17  2.29508e-17  3.32021e-17  4.68972e-17  8.67025e-17  1.14214e-17  2.32392e-17  1.41586e-16  5.9114e-17  8.45901e-17  1.56958e-17  8.8286e-17  4.84149e-17  1.54124e-18  
0.691411  0.859401  5.98232e-17  2.48895e-17  1.80245e-16  4.31441e-17  9.6338e-17  9.42482e-17  6.67554e-17  3.7113e-17  4.16942e-17  2.22614e-16  3.75918e-17  4.24284e-17  4.4275e-17  4.70229e-17  2.19893e-17  8.77253e-17  6.04189e-17  3.91594e-17  1.31311e-17  1.13341e-16  0.691411  0.859401  5.98232e-17  2.48895e-17  1.80245e-16  4.31441e-17  9.6338e-17  9.42482e-17  6.67554e-17  3.7113e-17  4.16942e-17  2.22614e-16  3.75918e-17  4.24284e-17  4.4275e-17  4.70229e-17  2.19893e-17  8.77253e-17  6.04189e-17  3.91594e-17  1.31311e-17  1.13341e-16  
0.719678  0.167876  6.67023e-17  7.8595e-17  1.40708e-16  8.57807e-18  4.69093e-17  5.11013e-17  4.50416e-18  5.77769e-17  2.22973e-17  7.90391e-17  5.28669e-17  3.75775e-17  1.62556e-17  1.39071e-16  2.02368e-17  3.53407e-17  3.99567e-18  1.43406e-17  1.48363e-17  1.2456e-16  0.719678  0.167876  6.67023e-17  7.8595e-17  1.40708e-16  8.57807e-18  4.69093e-17  5.11013e-17  4.50416e-18  5.77769e-17  2.22973e-17  7.90391e-17  5.28669e-17  3.75775e-17  1.62556e-17  1.39071e-16  2.02368e-17  3.53407e-17  3.99567e-18  1.43406e-17  1.48363e-17  1.2456e-16  
0.774001  0.859401  1.67908e-17  3.88595e-17  2.27844e-17  2.61813e-17  3.75607e-17  1.66352e-17  2.8692e-17  5.33507e-17  3.5104e-17  7.11171e-17  3.80456e-17  5.16203e-18  1.85289e-17  1.90399e-17  1.01854e-17  1.59633e-16  4.78759e-17  3.08401e-17  1.01861e-16  3.14472e-17  0.774001  0.859401  1.67908e-17  3.88595e-17  2.27844e-17  2.61813e-17  3.75607e-17  1.66352e-17  2.8692e-17  5.33507e-17  3.5104e-17  7.11171e-17  3.80456e-17  5.16203e-18  1.85289e-17  1.90399e-17  1.01854e-17  1.59633e-16  4.78759e-17  3.08401e-17  1.01861e-16  3.14472e-17  
0.64475  0.81183  5.55228e-17  7.751e-17  5.21133e-17  2.11963e-17  2.35526e-17  6.17117e-17  5.65457e-17  2.71138e-17  8.62325e-17  3.04302e-17  9.85557e-17  6.65945e-18  2.70302e-17  6.66456e-17  9.35443e-18  4.05376e-17  2.29319e-17  3.52327e-17  4.21463e-18  1.50739e-17  0.64475  0.81183  5.55228e-17  7.751e-17  5.21133e-17  2.11963e-17  2.35526e-17  6.17117e-17  5.65457e-17  2.71138e-17  8.62325e-17  3.04302e-17  9.85557e-17  6.65945e-18  2.70302e-17  6.66456e-17  9.35443e-18  4.05376e-17  2.29319e-17  3.52327e-17  4.21463e-18  1.50739e-17  
0.692585  0.859401  1.32161e-16  5.12684e-17  5.69381e-17  3.29543e-17  4.17752e-17  3.13067e-17  2.91875e-17  6.86643e-17  4.43734e-17  2.14611e-17  3.88867e-18  5.21238e-18  1.01689e-17  1.1052e-17  1.34347e-17  3.52135e-17  5.35456e-17  3.61974e-17  1.21412e-16  1.63272e-17  0.692585  0.859401  1.32161e-16  5.12684e-17  5.69381e-17  3.29543e-17  4.17752e-17  3.13067e-17  2.91875e-17  6.86643e-17  4.43734e-17  2.14611e-17  3.88867e-18  5.21238e-18  1.01689e-17  1.1052e-17  1.34347e-17  3.52135e-17  5.35456e-17  3.61974e-17  1.21412e-16  1.63272e-17  
0.69544  0.251412  3.25561e-17  6.21168e-17  7.15551e-17  2.26722e-18  2.13432e-17  1.67967e-17  1.22577e-17  2.6456e-17  3.02612e-17  2.51525e-17  3.98945e-17  2.68599e-17  2.80898e-18  3.36071e-17  3.05018e-17  6.25271e-17  9.56511e-18  1.82133e-17  8.01739e-17  8.612e-17  0.69544  0.251412  3.25561e-17  6.21168e-17  7.15551e-17  2.26722e-18  2.13432e-17  1.67967e-17  1.22577e-17  2.6456e-17  3.02612e-17  2.51525e-17  3.98945e-17  2.68599e-17  2.80898e-18  3.36071e-17  3.05018e-17  6.25271e-17  9.56511e-18  1.82133e-17  8.01739e-17  8.612e-17  
0.722  0.859401  1.26568e-16  4.44112e-17  2.47714e-16  2.89994e-17  1.07035e-16  2.94053e-17  2.60666e-17  5.09358e-17  2.21363e-17  1.81152e-16  1.1828e-17  1.15522e-17  5.61086e-17  1.25094e-16  2.99166e-17  1.76681e-16  1.38587e-17  1.54629e-17  9.32974e-17  8.97194e-17  0.722  0.859401  1.26568e-16  4.44112e-17  2.47714e-16  2.89994e-17  1.07035e-16  2.94053e-17  2.60666e-17  5.09358e-17  2.21363e-17  1.81152e-16  1.1828e-17  1.15522e-17  5.61086e-17  1.25094e-16  2.99166e-17  1.76681e-16  1.38587e-17  1.54629e-17  9.32974e-17  8.97194e-17  
0.679624  0.678153  7.49534e-17  7.60309e-19  9.55856e-17  7.8416e-17  2.69022e-17  1.03511e-16  3.10682e-17  6.499e-19  5.65692e-17  8.50084e-19  1.01913e-16  2.90812e-17  4.22822e-17  1.14023e-16  9.56151e-18  3.69994e-17  1.92746e-17  4.82814e-18  4.19689e-17  9.03446e-17  0.679624  0.678153  7.49534e-17  7.60309e-19  9.55856e-17  7.8416e-17  2.69022e-17  1.03511e-16  3.10682e-17  6.499e-19  5.65692e-17  8.50084e-19  1.01913e-16  2.90812e-17  4.22822e-17  1.14023e-16  9.56151e-18  3.69994e-17  1.92746e-17  4.82814e-18  4.19689e-17  9.03446e-17  
0.640077  0.859401  1.37458e-16  9.17894e-17  3.666e-17  3.02591e-17  1.20498e-16  1.41336e-17  4.89229e-17  6.40839e-17  4.04853e-17  1.43302e-16  1.14595e-16  9.01237e-18  3.40484e-17  1.45064e-16  3.40342e-17  1.97771e-16  2.03622e-17  6.15535e-17  8.01805e-17  1.07047e-17  0.640077  0.859401  1.37458e-16  9.17894e-17  3.666e-17  3.02591e-17  1.20498e-16  1.41336e-17  4.89229e-17  6.40839e-17  4.04853e-17  1.43302e-16  1.14595e-16  9.01237e-18  3.40484e-17  1.45064e-16  3.40342e-17  1.97771e-16  2.03622e-17  6.15535e-17  8.01805e-17  1.07047e-17  
0.665882  0.0422008  4.82824e-17  2.74066e-17  2.10684e-16  8.52889e-18  2.29301e-17  5.47832e-17  2.77059e-17  3.72641e-17  8.25809e-18  3.23059e-17  5.99957e-17  2.37117e-17  4.88724e-17  6.35241e-17  1.96827e-17  3.30901e-17  6.00451e-17  6.66528e-17  5.51697e-17  5.10984e-17  0.665882  0.0422008  4.82824e-17  2.74066e-17  2.10684e-16  8.52889e-18  2.29301e-17  5.47832e-17  2.77059e-17  3.72641e-17  8.25809e-18  3.23059e-17  5.99957e-17  2.37117e-17  4.88724e-17  6.35241e-17  1.96827e-17  3.30901e-17  6.00451e-17  6.66528e-17  5.51697e-17  5.10984e-17  
0.832718  0.859401  3.86703e-17  3.12138e-17  2.21332e-16  3.87041e-18  3.38119e-17  3.70678e-17  1.26557e-17  3.62e-17  4.90475e-17  6.14623e-17  6.44813e-17  2.50624e-17  5.86412e-17  4.14978e-17  3.23353e-18  4.23803e-17  1.94408e-17  2.23315e-17  7.74408e-18  0  0.832718  0.859401  3.86703e-17  3.12138e-17  2.21332e-16  3.87041e-18  3.38119e-17  3.70678e-17  1.26557e-17  3.62e-17  4.90475e-17  6.14623e-17  6.44813e-17  2.50624e-17  5.86412e-17  4.14978e-17  3.23353e-18  4.23803e-17  1.94408e-17  2.23315e-17  7.74408e-18  0  
0.251412  0.859401  2.82864e-17  3.12879e-17  1.89268e-16  0  3.42189e-17  3.897e-17  1.81696e-17  6.41542e-17  4.14083e-17  3.5131e-17  4.03733e-17  1.8859e-17  4.72748e-17  1.01718e-17  3.91364e-18  3.82035e-17  2.96833e-17  2.39488e-17  2.0577e-18  4.7135e-18  0.251412  0.859401  2.82864e-17  3.12879e-17  1.89268e-16  0  3.42189e-17  3.897e-17  1.81696e-17  6.41542e-17  4.14083e-17  3.5131e-17  4.03733e-17  1.8859e-17  4.72748e-17  1.01718e-17  3.91364e-18  3.82035e-17  2.96833e-17  2.39488e-17  2.0577e-18  4.7135e-18  
0.693702  0.859401  2.97046e-18  9.52447e-17  2.04547e-16  6.39575e-17  4.97714e-17  3.10882e-17  6.12821e-17  4.0946e-17  2.37678e-17  3.41081e-17  1.23485e-16  1.32379e-17  5.11188e-17  6.55599e-17  3.2743e-17  7.53836e-17  6.14174e-17  3.63079e-17  5.77299e-17  8.04631e-17  0.693702  0.859401  2.97046e-18  9.52447e-17  2.04547e-16  6.39575e-17  4.97714e-17  3.10882e-17  6.12821e-17  4.0946e-17  2.37678e-17  3.41081e-17  1.23485e-16  1.32379e-17  5.11188e-17  6.55599e-17  3.2743e-17  7.53836e-17  6.14174e-17  3.63079e-17  5.77299e-17  8.04631e-17  
0.251412  0.686222  5.19732e-17  8.0854e-18  4.70823e-17  2.47353e-17  5.09138e-17  6.62939e-17  8.45321e-19  7.09437e-17  4.08084e-17  1.69324e-17  3.95963e-17  2.91678e-17  9.59544e-18  1.76478e-17  2.10209e-17  1.03459e-16  3.31733e-17  3.64177e-17  2.51557e-17  3.49677e-17  0.251412  0.686222  5.19732e-17  8.0854e-18  4.70823e-17  2.47353e-17  5.09138e-17  6.62939e-17  8.45321e-19  7.09437e-17  4.08084e-17  1.69324e-17  3.95963e-17  2.91678e-17  9.59544e-18  1.76478e-17  2.10209e-17  1.03459e-16  3.31733e-17  3.64177e-17  2.51557e-17  3.49677e-17  
0.738292  0.859401  6.49326e-17  2.2726e-17  9.38001e-17  8.25788e-18  1.92047e-17  4.90413e-17  1.39857e-17  2.2025e-17  4.80296e-17  1.03747e-18  6.77086e-17  2.8382e-17  5.37767e-17  4.36174e-17  1.6097e-17  1.42014e-17  5.99303e-17  9.60998e-18  6.96393e-17  1.93401e-17  0.738292  0.859401  6.49326e-17  2.2726e-17  9.38001e-17  8.25788e-18  1.92047e-17  4.90413e-17  1.39857e-17  2.2025e-17  4.80296e-17  1.03747e-18  6.77086e-17  2.8382e-17  5.37767e-17  4.36174e-17  1.6097e-17  1.42014e-17  5.99303e-17  9.60998e-18  6.96393e-17  1.93401e-17  
0.251412  0.803324  7.5625e-17  1.28032e-16  2.6782e-16  1.08561e-16  4.45969e-17  5.19968e-17  5.65112e-17  1.12971e-17  1.02729e-16  1.40413e-16  3.12402e-17  4.07943e-17  6.52118e-17  1.32625e-16  2.92185e-17  1.42944e-16  1.4403e-16  1.54334e-17  1.71697e-16  5.60132e-17  0.251412  0.803324  7.5625e-17  1.28032e-16  2.6782e-16  1.08561e-16  4.45969e-17  5.19968e-17  5.65112e-17  1.12971e-17  1.02729e-16  1.40413e-16  3.12402e-17  4.07943e-17  6.52118e-17  1.32625e-16  2.92185e-17  1.42944e-16  1.4403e-16  1.54334e-17  1.71697e-16  5.60132e-17  
0.251412  0.859401  2.82864e-17  3.12879e-17  1.89268e-16  0  3.42189e-17  3.897e-17  1.81696e-17  6.41542e-17  4.14083e-17  3.5131e-17  4.03733e-17  1.8859e-17  4.72748e-17  1.01718e-17  3.91364e-18  3.82035e-17  2.96833e-17  2.39488e-17  2.0577e-18  4.7135e-18  0.251412  0.859401  2.82864e-17  3.12879e-17  1.89268e-16  0  3.42189e-17  3.897e-17  1.81696e-17  6.41542e-17  4.14083e-17  3.5131e-17  4.03733e-17  1.8859e-17  4.72748e-17  1.01718e-17  3.91364e-18  3.82035e-17  2.96833e-17  2.39488e-17  2.0577e-18  4.7135e-18  
0.251412  0.251412  1.37256e-17  1.98083e-17  7.00761e-18  4.8895e-17  4.44314e-17  3.59354e-17  2.24485e-17  6.83002e-17  3.5057e-17  4.50953e-17  4.9071e-17  2.1166e-17  3.42952e-17  2.19838e-18  1.01707e-17  1.6893e-17  1.78088e-17  6.75e-17  1.29591e-17  2.66009e-17  0.251412  0.251412  1.37256e-17  1.98083e-17  7.00761e-18  4.8895e-17  4.44314e-17  3.59354e-17  2.24485e-17  6.83002e-17  3.5057e-17  4.50953e-17  4.9071e-17  2.1166e-17  3.42952e-17  2.19838e-18  1.01707e-17  1.6893e-17  1.78088e-17  6.75e-17  1.29591e-17  2.66009e-17  
0.763444  0.859401  5.59047e-18  7.15657e-17  3.51739e-16  7.35057e-17  9.26333e-18  6.03745e-17  2.97607e-17  1.65072e-17  2.86853e-18  2.65102e-17  1.23744e-16  1.49473e-17  2.94507e-17  3.95809e-17  1.39726e-17  1.52099e-17  1.1299e-16  4.27572e-17  2.41356e-17  6.62043e-17  0.763444  0.859401  5.59047e-18  7.15657e-17  3.51739e-16  7.35057e-17  9.26333e-18  6.03745e-17  2.97607e-17  1.65072e-17  2.86853e-18  2.65102e-17  1.23744e-16  1.49473e-17  2.94507e-17  3.95809e-17  1.39726e-17  1.52099e-17  1.1299e-16  4.27572e-17  2.41356e-17  6.62043e-17  
0.251412  0.859401  2.82864e-17  3.12879e-17  1.89268e-16  0  3.42189e-17  3.897e-17  1.81696e-17  6.41542e-17  4.14083e-17  3.5131e-17  4.03733e-17  1.8859e-17  4.72748e-17  1.01718e-17  3.91364e-18  3.82035e-17  2.96833e-17  2.39488e-17  2.0577e-18  4.7135e-18  0.251412  0.859401  2.82864e-17  3.12879e-17  1.89268e-16  0  3.42189e-17  3.897e-17  1.81696e-17  6.41542e-17  4.14083e-17  3.5131e-17  4.03733e-17  1.8859e-17  4.72748e-17  1.01718e-17  3.91364e-18  3.82035e-17  2.96833e-17  2.39488e-17  2.0577e-18  4.7135e-18  
0.251412  0.859401  2.82864e-17  3.12879e-17  1.89268e-16  0  3.42189e-17  3.897e-17  1.81696e-17  6.41542e-17  4.14083e-17  3.5131e-17  4.03733e-17  1.8859e-17  4.72748e-17  1.01718e-17  3.91364e-18  3.82035e-17  2.96833e-17  2.39488e-17  2.0577e-18  4.7135e-18  0.251412  0.859401  2.82864e-17  3.12879e-17  1.89268e-16  0  3.42189e-17  3.897e-17  1.81696e-17  6.41542e-17  4.14083e-17  3.5131e-17  4.03733e-17  1.8859e-17  4.72748e-17  1.01718e-17  3.91364e-18  3.82035e-17  2.96833e-17  2.39488e-17  2.0577e-18  4.7135e-18  
0.251412  0.251412  1.37256e-17  1.98083e-17  7.00761e-18  4.8895e-17  4.44314e-17  3.59354e-17  2.24485e-17  6.83002e-17  3.5057e-17  4.50953e-17  4.9071e-17  2.1166e-17  3.42952e-17  2.19838e-18  1.01707e-17  1.6893e-17  1.78088e-17  6.75e-17  1.29591e-17  2.66009e-17  0.251412  0.251412  1.37256e-17  1.98083e-17  7.00761e-18  4.8895e-17  4.44314e-17  3.59354e-17  2.24485e-17  6.83002e-17  3.5057e-17  4.50953e-17  4.9071e-17  2.1166e-17  3.42952e-17  2.19838e-18  1.01707e-17  1.6893e-17  1.78088e-17  6.75e-17  1.29591e-17  2.66009e-17  
0.672442  0.859401  8.52756e-17  1.47291e-18  1.76157e-16  1.32985e-16  1.98687e-17  4.87543e-17  4.43709e-17  6.70231e-17  9.46949e-17  1.92231e-16  4.84605e-17  1.87795e-17  6.14057e-17  5.18949e-17  4.71459e-18  9.43558e-17  4.10205e-17  5.88844e-17  1.05814e-16  1.05591e-16  0.672442  0.859401  8.52756e-17  1.47291e-18  1.76157e-16  1.32985e-16  1.98687e-17  4.87543e-17  4.43709e-17  6.70231e-17  9.46949e-17  1.92231e-16  4.84605e-17  1.87795e-17  6.14057e-17  5.18949e-17  4.71459e-18  9.43558e-17  4.10205e-17  5.88844e-17  1.05814e-16  1.05591e-16  
0.251412  0.746387  5.60409e-17  4.59625e-17  8.96649e-17  3.95745e-17  2.21016e-17  6.7757e-17  1.10957e-17  5.64072e-17  6.2788e-17  8.89959e-19  8.02785e-17  4.90006e-18  5.31688e-17  4.88221e-17  1.52866e-17  1.7354e-17  5.16213e-17  2.99251e-18  6.53781e-17  3.18854e-17  0.251412  0.746387  5.60409e-17  4.59625e-17  8.96649e-17  3.95745e-17  2.21016e-17  6.7757e-17  1.10957e-17  5.64072e-17  6.2788e-17  8.89959e-19  8.02785e-17  4.90006e-18  5.31688e-17  4.88221e-17  1.52866e-17  1.7354e-17  5.16213e-17  2.99251e-18  6.53781e-17  3.18854e-17  
0.251412  0.859401  2.82864e-17  3.12879e-17  1.89268e-16  0  3.42189e-17  3.897e-17  1.81696e-17  6.41542e-17  4.14083e-17  3.5131e-17  4.03733e-17  1.8859e-17  4.72748e-17  1.01718e-17  3.91364e-18  3.82035e-17  2.96833e-17  2.39488e-17  2.0577e-18  4.7135e-18  0.251412  0.859401  2.82864e-17  3.12879e-17  1.89268e-16  0  3.42189e-17  3.897e-17  1.81696e-17  6.41542e-17  4.14083e-17  3.5131e-17  4.03733e-17  1.8859e-17  4.72748e-17  1.01718e-17  3.91364e-18  3.82035e-17  2.96833e-17  2.39488e-17  2.0577e-18  4.7135e-18  
0.251412  0.153498  8.23613e-17  2.90487e-17  7.26198e-18  5.46898e-17  4.13564e-17  8.65541e-18  1.18205e-17  2.86149e-17  1.42172e-17  4.35004e-17  9.3662e-17  1.8451e-17  1.18263e-16  1.47666e-17  2.8821e-17  8.5111e-18  3.89663e-17  1.97554e-17  7.15922e-19  1.7481e-17  0.251412  0.153498  8.23613e-17  2.90487e-17  7.26198e-18  5.46898e-17  4.13564e-17  8.65541e-18  1.18205e-17  2.86149e-17  1.42172e-17  4.35004e-17  9.3662e-17  1.8451e-17  1.18263e-16  1.47666e-17  2.8821e-17  8.5111e-18  3.89663e-17  1.97554e-17  7.15922e-19  1.7481e-17  
0.769773  0.859401  7.36548e-18  1.72612e-17  7.08134e-17  8.77718e-17  6.2482e-17  5.81542e-17  1.861e-17  6.96614e-17  1.0514e-16  9.51957e-17  7.43469e-17  2.85212e-17  1.71381e-17  1.18698e-16  3.2651e-17  1.50936e-17  2.90724e-17  2.00505e-17  1.09957e-16  4.79048e-17  0.769773  0.859401  7.36548e-18  1.72612e-17  7.08134e-17  8.77718e-17  6.2482e-17  5.81542e-17  1.861e-17  6.96614e-17  1.0514e-16  9.51957e-17  7.43469e-17  2.85212e-17  1.71381e-17  1.18698e-16  3.2651e-17  1.50936e-17  2.90724e-17  2.00505e-17  1.09957e-16  4.79048e-17  
0.230633  0.859401  7.9608e-17  8.52561e-18  4.62124e-17  3.94854e-17  4.44952e-17  1.46723e-17  2.855e-17  5.13749e-17  3.88175e-17  3.91401e-17  4.29044e-17  1.80912e-17  1.85105e-17  1.54739e-17  1.53521e-17  1.06361e-16  7.74017e-19  1.52324e-17  9.9603e-17  2.55367e-17  0.230633  0.859401  7.9608e-17  8.52561e-18  4.62124e-17  3.94854e-17  4.44952e-17  1.46723e-17  2.855e-17  5.13749e-17  3.88175e-17  3.91401e-17  4.29044e-17  1.80912e-17  1.85105e-17  1.54739e-17  1.53521e-17  1.06361e-16  7.74017e-19  1.52324e-17  9.9603e-17  2.55367e-17  
0.251412  0.859401  2.82864e-17  3.12879e-17  1.89268e-16  0  3.42189e-17  3.897e-17  1.81696e-17  6.41542e-17  4.14083e-17  3.5131e-17  4.03733e-17  1.8859e-17  4.72748e-17  1.01718e-17  3.91364e-18  3.82035e-17  2.96833e-17  2.39488e-17  2.0577e-18  4.7135e-18  0.251412  0.859401  2.82864e-17  3.12879e-17  1.89268e-16  0  3.42189e-17  3.897e-17  1.81696e-17  6.41542e-17  4.14083e-17  3.5131e-17  4.03733e-17  1.8859e-17  4.72748e-17  1.01718e-17  3.91364e-18  3.82035e-17  2.96833e-17  2.39488e-17  2.0577e-18  4.7135e-18  
0.251412  0.648057  8.18287e-17  8.70582e-17  5.15953e-17  1.39482e-17  3.45369e-17  8.76618e-18  1.225e-17  4.03228e-17  3.36572e-17  5.71263e-17  8.05161e-17  2.69404e-17  3.69075e-17  1.18902e-17  8.49445e-18  3.0985e-17  6.68649e-17  1.25936e-17  8.12654e-18  5.75507e-20  0.251412  0.648057  8.18287e-17  8.70582e-17  5.15953e-17  1.39482e-17  3.45369e-17  8.76618e-18  1.225e-17  4.03228e-17  3.36572e-17  5.71263e-17  8.05161e-17  2.69404e-17  3.69075e-17  1.18902e-17  8.49445e-18  3.0985e-17  6.68649e-17  1.25936e-17  8.12654e-18  5.75507e-20  
0.251412  0.859401  2.82864e-17  3.12879e-17  1.89268e-16  0  3.42189e-17  3.897e-17  1.81696e-17  6.41542e-17  4.14083e-17  3.5131e-17  4.03733e-17  1.8859e-17  4.72748e-17  1.01718e-17  3.91364e-18  3.82035e-17  2.96833e-17  2.39488e-17  2.0577e-18  4.7135e-18  0.251412  0.859401  2.82864e-17  3.12879e-17  1.89268e-16  0  3.42189e-17  3.897e-17  1.81696e-17  6.41542e-17  4.14083e-17  3.5131e-17  4.03733e-17  1.8859e-17  4.72748e-17  1.01718e-17  3.91364e-18  3.82035e-17  2.96833e-17  2.39488e-17  2.0577e-18  4.7135e-18  
0.167178  0.786415  7.67447e-17  1.01908e-16  0  1.91537e-16  1.10346e-16  9.46036e-18  2.77119e-17  9.8899e-17  2.02184e-17  5.04898e-17  1.07176e-17  5.32527e-17  5.44711e-17  4.75692e-17  4.05429e-17  8.29739e-17  3.65988e-17  3.38735e-17  4.12288e-17  1.49929e-17  0.167178  0.786415  7.67447e-17  1.01908e-16  0  1.91537e-16  1.10346e-16  9.46036e-18  2.77119e-17  9.8899e-17  2.02184e-17  5.04898e-17  1.07176e-17  5.32527e-17  5.44711e-17  4.75692e-17  4.05429e-17  8.29739e-17  3.65988e-17  3.38735e-17  4.12288e-17  1.49929e-17  
0.204076  0.859401  4.82824e-17  1.75639e-17  1.82562e-17  8.52889e-18  4.54249e-17  5.47832e-17  2.77059e-17  5.817e-17  5.23861e-18  1.83709e-17  3.39789e-17  2.31856e-17  6.46665e-18  4.39018e-17  2.25448e-17  1.12321e-17  1.96609e-17  1.16454e-17  1.30933e-17  5.04566e-17  0.204076  0.859401  4.82824e-17  1.75639e-17  1.82562e-17  8.52889e-18  4.54249e-17  5.47832e-17  2.77059e-17  5.817e-17  5.23861e-18  1.83709e-17  3.39789e-17  2.31856e-17  6.46665e-18  4.39018e-17  2.25448e-17  1.12321e-17  1.96609e-17  1.16454e-17  1.30933e-17  5.04566e-17  
0.169069  0.246435  2.98043e-17  3.97555e-17  3.72147e-17  7.60786e-17  6.17239e-17  1.73413e-17  5.93277e-18  4.55637e-17  3.84113e-17  1.59459e-17  6.84361e-17  2.29012e-17  6.93186e-18  1.85729e-17  8.51485e-18  3.35299e-17  3.78294e-17  4.5228e-17  6.714e-17  3.39677e-17  0.169069  0.246435  2.98043e-17  3.97555e-17  3.72147e-17  7.60786e-17  6.17239e-17  1.73413e-17  5.93277e-18  4.55637e-17  3.84113e-17  1.59459e-17  6.84361e-17  2.29012e-17  6.93186e-18  1.85729e-17  8.51485e-18  3.35299e-17  3.78294e-17  4.5228e-17  6.714e-17  3.39677e-17  
0.63801  0.859401  5.62697e-18  3.47785e-18  1.61601e-16  1.9108e-17  3.56727e-17  2.5948e-17  1.642e-17  6.24287e-17  4.32686e-17  2.26283e-17  8.49006e-17  3.43441e-18  2.60207e-17  4.86587e-17  2.82735e-18  3.39586e-17  1.14086e-17  6.4846e-18  2.14095e-18  6.42312e-17  0.63801  0.859401  5.62697e-18  3.47785e-18  1.61601e-16  1.9108e-17  3.56727e-17  2.5948e-17  1.642e-17  6.24287e-17  4.32686e-17  2.26283e-17  8.49006e-17  3.43441e-18  2.60207e-17  4.86587e-17  2.82735e-18  3.39586e-17  1.14086e-17  6.4846e-18  2.14095e-18  6.42312e-17  
0.115132  0.859401  8.44063e-17  1.72017e-17  1.05996e-16  4.54048e-17  6.22763e-17  5.40649e-18  4.02783e-17  1.59756e-17  2.73659e-17  1.0819e-16  1.18068e-16  3.20249e-17  5.1531e-17  5.62049e-17  8.01697e-18  3.88995e-17  6.05667e-17  8.94246e-17  8.33389e-17  1.41415e-17  0.115132  0.859401  8.44063e-17  1.72017e-17  1.05996e-16  4.54048e-17  6.22763e-17  5.40649e-18  4.02783e-17  1.59756e-17  2.73659e-17  1.0819e-16  1.18068e-16  3.20249e-17  5.1531e-17  5.62049e-17  8.01697e-18  3.88995e-17  6.05667e-17  8.94246e-17  8.33389e-17  1.41415e-17  
0.160305  0.859401  5.59052e-18  2.965e-17  4.73653e-17  1.30425e-17  6.31561e-17  3.19004e-17  1.10469e-17  5.93213e-17  5.00965e-17  1.68976e-17  1.08767e-17  1.18943e-17  3.95119e-17  1.10068e-17  3.20791e-18  2.80859e-17  1.18524e-17  3.99409e-17  4.95505e-17  1.90751e-17  0.160305  0.859401  5.59052e-18  2.965e-17  4.73653e-17  1.30425e-17  6.31561e-17  3.19004e-17  1.10469e-17  5.93213e-17  5.00965e-17  1.68976e-17  1.08767e-17  1.18943e-17  3.95119e-17  1.10068e-17  3.20791e-18  2.80859e-17  1.18524e-17  3.99409e-17  4.95505e-17  1.90751e-17  
0.113774  0.251412  7.08156e-17  4.3301e-18  7.00781e-17  1.17461e-17  4.76003e-17  7.39223e-17  1.36059e-17  7.15377e-17  2.5589e-17  4.47287e-17  2.27188e-17  3.91598e-17  3.06492e-17  3.45501e-17  2.56448e-17  1.49282e-17  3.1944e-17  1.01808e-17  1.29872e-17  7.56576e-17  0.113774  0.251412  7.08156e-17  4.3301e-18  7.00781e-17  1.17461e-17  4.76003e-17  7.39223e-17  1.36059e-17  7.15377e-17  2.5589e-17  4.47287e-17  2.27188e-17  3.91598e-17  3.06492e-17  3.45501e-17  2.56448e-17  1.49282e-17  3.1944e-17  1.01808e-17  1.29872e-17  7.56576e-17  
0.175503  0.859401  9.48163e-17  3.5435e-17  1.196e-16  1.26429e-17  7.34092e-17  8.32827e-17  3.58683e-17  2.67518e-17  3.23824e-17  1.28369e-17  2.24804e-17  5.07214e-17  3.09358e-17  3.32521e-17  4.2586e-17  6.14737e-17  3.44779e-17  3.0929e-17  4.26567e-17  7.6487e-17  0.175503  0.859401  9.48163e-17  3.5435e-17  1.196e-16  1.26429e-17  7.34092e-17  8.32827e-17  3.58683e-17  2.67518e-17  3.23824e-17  1.28369e-17  2.24804e-17  5.07214e-17  3.09358e-17  3.32521e-17  4.2586e-17  6.14737e-17  3.44779e-17  3.0929e-17  4.26567e-17  7.6487e-17  
0.0658518  0.750957  1.05991e-16  4.00911e-17  2.12832e-16  5.681e-17  2.25256e-17  2.23296e-17  1.69512e-17  3.0117e-18  3.82315e-17  1.46693e-16  5.90966e-17  9.68131e-17  5.35929e-17  3.92679e-17  2.96388e-17  7.08375e-17  1.06507e-17  3.56212e-17  1.28241e-16  1.11706e-16  0.0658518  0.750957  1.05991e-16  4.00911e-17  2.12832e-16  5.681e-17  2.25256e-17  2.23296e-17  1.69512e-17  3.0117e-18  3.82315e-17  1.46693e-16  5.90966e-17  9.68131e-17  5.35929e-17  3.92679e-17  2.96388e-17  7.08375e-17  1.06507e-17  3.56212e-17  1.28241e-16  1.11706e-16  
0.0621265  0.859401  3.31181e-17  9.2148e-18  1.00512e-16  1.00006e-17  2.74925e-17  3.23473e-17  2.75082e-17  1.67665e-17  2.1599e-17  5.68774e-17  1.19646e-16  5.04173e-18  1.19179e-18  3.8123e-17  2.42282e-18  4.42331e-17  3.43309e-17  2.00121e-17  5.51548e-17  6.75684e-17  0.0621265  0.859401  3.31181e-17  9.2148e-18  1.00512e-16  1.00006e-17  2.74925e-17  3.23473e-17  2.75082e-17  1.67665e-17  2.1599e-17  5.68774e-17  1.19646e-16  5.04173e-18  1.19179e-18  3.8123e-17  2.42282e-18  4.42331e-17  3.43309e-17  2.00121e-17  5.51548e-17  6.75684e-17  
0.0429963  0.0766823  5.64465e-18  2.92492e-17  5.53869e-17  8.56941e-18  3.08307e-17  7.27814e-17  1.80442e-17  7.90012e-19  9.15297e-17  1.41416e-17  8.92636e-17  1.53794e-17  6.52998e-18  1.90711e-17  6.42001e-18  1.89929e-17  5.36564e-17  1.16772e-17  4.07868e-17  6.68593e-17  0.0429963  0.0766823  5.64465e-18  2.92492e-17  5.53869e-17  8.56941e-18  3.08307e-17  7.27814e-17  1.80442e-17  7.90012e-19  9.15297e-17  1.41416e-17  8.92636e-17  1.53794e-17  6.52998e-18  1.90711e-17  6.42001e-18  1.89929e-17  5.36564e-17  1.16772e-17  4.07868e-17  6.68593e-17  
0.251412  0.859401  2.82864e-17  3.12879e-17  1.89268e-16  0  3.42189e-17  3.897e-17  1.81696e-17  6.41542e-17  4.14083e-17  3.5131e-17  4.03733e-17  1.8859e-17  4.72748e-17  1.01718e-17  3.91364e-18  3.82035e-17  2.96833e-17  2.39488e-17  2.0577e-18  4.7135e-18  0.251412  0.859401  2.82864e-17  3.12879e-17  1.89268e-16  0  3.42189e-17  3.897e-17  1.81696e-17  6.41542e-17  4.14083e-17  3.5131e-17  4.03733e-17  1.8859e-17  4.72748e-17  1.01718e-17  3.91364e-18  3.82035e-17  2.96833e-17  2.39488e-17  2.0577e-18  4.7135e-18  
0.00832403  0.859401  3.487e-17  3.82348e-17  1.31264e-16  7.96711e-17  7.27671e-17  2.35929e-17  9.91773e-18  7.70692e-17  2.10935e-17  2.31259e-17  3.59302e-18  1.61748e-17  4.05549e-17  2.23795e-17  7.68672e-18  2.24738e-17  7.15712e-18  4.81885e-17  5.85457e-18  2.61801e-17  0.00832403  0.859401  3.487e-17  3.82348e-17  1.31264e-16  7.96711e-17  7.27671e-17  2.35929e-17  9.91773e-18  7.70692e-17  2.10935e-17  2.31259e-17  3.59302e-18  1.61748e-17  4.05549e-17  2.23795e-17  7.68672e-18  2.24738e-17  7.15712e-18  4.81885e-17  5.85457e-18  2.61801e-17  
