1.0107 0.000773574 0.000362233
0.00438036 1.70827 0.00435575
0.000218149 0.00110282 1.00185
0.999328 0.00662833 0.0369874
0.99513 0.106432 0.0227049
0.989963 0.0187965 0.141589
0.981197 0.201128 0.019825
0.982471 0.0977957 0.165367
0.978089 0.190538 0.108226
0.956466 0.0126308 0.292068
0.942007 0.339462 0.015621
0.960643 0.177087 0.226239
0.952072 0.296073 0.115257
0.928782 0.0777671 0.367058
0.92054 0.39243 0.0866738
0.924578 0.159544 0.355423
0.928404 0.309965 0.233086
0.860974 0.0286275 0.508737
0.844544 0.543242 0.00539982
0.902586 0.294594 0.33333
0.878443 0.4629 0.174476
0.851868 0.139533 0.514609
0.827685 0.562257 0.0984367
0.852743 0.243693 0.47474
0.85586 0.432549 0.307285
0.76498 0.0559201 0.644093
0.753215 0.665793 0.0545468
0.816894 0.335678 0.487388
0.797207 0.550337 0.283803
0.732105 0.124371 0.675708
0.73814 0.659623 0.178367
0.744381 0.234075 0.633377
0.766156 0.502131 0.441585
0.628528 0.0248333 0.777802
0.61034 0.805072 0.00746646
0.729693 0.480786 0.514387
0.676191 0.706964 0.247839
0.655843 0.222929 0.739892
0.605187 0.797287 0.104549
0.660249 0.370251 0.6737
0.653225 0.662082 0.424164
0.550503 0.0588373 0.834841
0.525082 0.856305 0.0274186
0.610919 0.475665 0.650724
0.590862 0.750463 0.36585
0.524941 0.100586 0.851142
0.522936 0.844918 0.183373
0.544813 0.312761 0.80601
0.562494 0.663475 0.550153
0.422476 0.0287004 0.906376
0.412111 0.916143 0.0225531
0.51448 0.562883 0.675398
0.475392 0.82793 0.342957
0.435874 0.0654122 0.900011
0.402498 0.905771 0.184471
0.443683 0.405979 0.830885
0.446603 0.756428 0.539659
0.340711 0.0751252 0.940171
0.339431 0.940994 0.100501
0.413559 0.521605 0.810826
0.38262 0.828464 0.446422
0.317439 0.0735078 0.948281
0.332318 0.918543 0.253229
0.340806 0.0527373 0.940134
0.308057 0.708089 0.666629
0.242224 0.0113717 0.970221
0.218914 0.982028 0.00514843
0.305817 0.678154 0.700259
0.263305 0.925692 0.305566
0.255007 0.298515 0.959024
0.222405 0.972838 0.132585
0.247078 0.490156 0.872168
0.216056 0.845617 0.52299
0.192287 0.0959299 0.98134
0.170117 0.987856 0.0283469
0.201748 0.613038 0.81354
0.115005 0.911259 0.423941
0.169452 0.0412927 0.985541
0.151049 0.968394 0.222463
0.178361 0.0467873 0.983967
0.167009 0.791148 0.633251
0.117248 0.0190987 0.993103
0.103842 0.996388 0.0238353
0.0560619 0.659644 0.771242
0.105962 0.934715 0.380136
0.106256 0.0281331 0.994339
0.0882036 0.983198 0.188634
0.106921 0.0425757 0.994269
0.0723085 0.824917 0.580712
0.0643649 0.0402286 0.997927
0.0584004 0.996563 0.110859
0.0516497 0.570787 0.873327
0.0552223 0.890453 0.479933
0.041388 0.036636 0.999144
0.0218751 0.969024 0.280004
0.033063 0.0552518 0.999454
0.00540691 0.750672 0.687176
0.0134409 0.0166844 0.99991
0.00716975 1.0017 0.00438855
0.00303029 0.749357 0.688662
