1.9999 0.000200488
0.000399328 3.99922
1.99489 0.0102285
1.98458 0.0308461
1.97417 0.0516723
1.96364 0.072728
1.95301 0.0939964
1.94226 0.115487
1.9314 0.137206
1.92043 0.159153
1.90934 0.181334
1.89813 0.203757
1.8868 0.226413
1.87534 0.249321
1.86376 0.272481
1.85206 0.29589
1.84023 0.31956
1.82826 0.343492
1.81616 0.36769
1.80393 0.392156
1.79155 0.416904
1.77904 0.441931
1.76639 0.467239
1.75359 0.492841
1.74064 0.518735
1.72754 0.544928
1.71429 0.571431
1.70089 0.598241
1.68732 0.62537
1.6736 0.652821
1.65971 0.680598
1.64565 0.70871
1.63143 0.73716
1.61703 0.765961
1.60245 0.79511
1.5877 0.824615
1.57276 0.854491
1.55764 0.884737
1.54232 0.915364
1.52682 0.946376
1.51112 0.977778
1.49521 1.00959
1.47911 1.0418
1.46279 1.07443
1.44626 1.10749
1.42951 1.14099
1.41255 1.17492
1.39536 1.2093
1.37793 1.24415
1.36027 1.27947
1.34238 1.31526
1.32424 1.35154
1.30585 1.38832
1.2872 1.42561
1.2683 1.46342
1.24913 1.50176
1.22969 1.54063
1.20997 1.58008
1.18997 1.62008
1.16968 1.66066
1.1491 1.70182
1.12821 1.7436
1.10702 1.78598
1.08551 1.829
1.06367 1.87267
1.04151 1.91698
1.01902 1.96198
0.996174 2.00767
0.972977 2.05406
0.94942 2.10118
0.925491 2.14903
0.901189 2.19764
0.876498 2.24702
0.85141 2.2972
0.825914 2.34819
0.800003 2.40001
0.773665 2.45268
0.746892 2.50623
0.719667 2.56068
0.691987 2.61604
0.663833 2.67235
0.635195 2.72962
0.606058 2.78789
0.576421 2.84717
0.546256 2.9075
0.515554 2.9689
0.484305 3.0314
0.45249 3.09503
0.420093 3.15982
0.3871 3.22581
0.353487 3.29303
0.31925 3.36151
0.284361 3.43128
0.248802 3.50241
0.21256 3.57489
0.17561 3.64879
0.137927 3.72415
0.0994953 3.80102
0.0603024 3.8794
0.0203043 3.9594
