2.00003 2.82882e-05 2.82882e-05
5.4469e-05 4.00005 5.4469e-05
5.71851e-05 5.71851e-05 6.00006
1.99951 0.0770186 0.0771132
1.99711 0.211703 0.0703143
1.9972 0.0952892 0.285896
1.98952 0.408051 0.0563357
1.99421 0.204798 0.340678
1.9891 0.388332 0.230586
1.98935 0.086735 0.605705
1.96819 0.710591 0.0456954
1.98555 0.365201 0.469464
1.97385 0.618006 0.279846
1.98064 0.181001 0.788661
1.9551 0.833976 0.19037
1.97644 0.34504 0.760259
1.96554 0.657045 0.511146
1.96204 0.0755955 1.15902
1.9035 1.22785 0.0384034
1.9589 0.644239 0.7302
1.92895 1.02331 0.400253
1.95383 0.329909 1.18339
1.89054 1.29615 0.238839
1.94637 0.56918 1.08581
1.92089 1.01432 0.692825
1.92401 0.166495 1.61991
1.83063 1.60773 0.165634
1.9229 0.789202 1.15056
1.87846 1.29707 0.678546
1.90525 0.325024 1.75922
1.82223 1.62131 0.453274
1.90017 0.631774 1.6154
1.87039 1.22152 1.07755
1.84892 0.0720982 2.28619
1.67537 2.18486 0.0254069
1.8519 1.23246 1.31165
1.76123 1.84306 0.666521
1.84751 0.639122 2.08914
1.66803 2.19451 0.358289
1.82887 1.0427 1.85913
1.75677 1.75971 1.12297
1.77891 0.331067 2.69736
1.55109 2.52156 0.213589
1.77343 1.36564 1.87187
1.66334 2.11321 1.02983
1.74068 0.585003 2.822
1.5472 2.49937 0.637044
1.72871 1.07604 2.55075
1.65524 1.9667 1.62864
1.6255 0.171244 3.4869
1.3378 2.97209 0.141279
1.63722 1.7903 2.16078
1.47698 2.59647 1.09655
1.61075 0.846866 3.32297
1.33048 2.95869 0.613989
1.58312 1.44555 2.95766
1.46641 2.44628 1.78534
1.46677 0.341978 4.047
1.16955 3.2342 0.397049
1.48093 1.86419 2.90837
1.31623 2.82164 1.58131
1.39693 0.682042 4.17116
1.1564 3.19784 0.978912
1.38234 1.37666 3.81408
1.28775 2.59496 2.43544
1.1992 0.00913186 4.8023
0.859059 3.61234 0.00514853
1.20806 2.62706 2.70957
0.989874 3.38653 1.1764
1.19148 1.389 4.34613
0.829844 3.62081 0.553917
1.12385 2.17268 3.74365
0.954882 3.24864 2.01331
0.999104 0.672678 5.09914
0.667347 3.76616 0.284351
0.958959 2.62875 3.48991
0.770604 3.52173 1.65968
0.879821 1.11949 5.12029
0.6225 3.75278 0.91005
0.827475 2.00076 4.56465
0.705603 3.30031 2.64962
0.665142 0.324677 5.63806
0.42531 3.90724 0.158693
0.634216 2.99259 3.49965
0.478961 3.74866 1.52352
0.570149 1.42717 5.3386
0.362739 3.90057 0.765522
0.496552 2.34254 4.63061
0.394074 3.54796 2.50676
0.375264 0.548271 5.83594
0.232992 3.96168 0.447408
0.327231 2.78154 4.19951
0.2365 3.73572 2.02494
0.238302 1.00446 5.76397
0.148502 3.91517 1.14649
0.167268 1.95949 5.20686
0.116021 3.41396 3.10811
0.0798857 0.142926 5.99149
0.0259673 3.9992 0.0960022
0.0130712 3.2275 3.54475
