5.79706  5.37904  5.06446  5.79706  5.37904  5.06446  |||| 39810.6 |||| 39810.6 
5.20933  4.06042  3.30338  5.20933  4.06042  3.30338  |||| 38613.6 |||| 38613.6 
4.60795  4.44339  5.00971  4.60795  4.44339  5.00971  |||| 32599.8 |||| 32599.8 
3.11671  4.5002  2.01796  3.11671  4.5002  2.01796  |||| 86.4179 |||| 86.4179 
5.37226  8.15  3.70665  5.37226  8.15  3.70665  |||| 72.3957 |||| 72.3957 
3.14714  2.76901  3.82015  3.14714  2.76901  3.82015  |||| 34.1605 |||| 34.1605 
2.52135  3.23247  4.07234  2.52135  3.23247  4.07234  |||| 89.6833 |||| 89.6833 
4.02808  2.28886  3.11501  4.02808  2.28886  3.11501  |||| 11.0298 |||| 11.0298 
2.61448  5.13927  4.74656  2.61448  5.13927  4.74656  |||| 31.398 |||| 31.398 
3.61245  2.54021  2.09681  3.61245  2.54021  2.09681  |||| 35.3 |||| 35.3 
3.37745  6.07117  4.43263  3.37745  6.07117  4.43263  |||| 143.262 |||| 143.262 
4.91662  5.71068  3.99163  4.91662  5.71068  3.99163  |||| 33.3001 |||| 33.3001 
4.2392  3.55481  5.12086  4.2392  3.55481  5.12086  |||| 32.4956 |||| 32.4956 
3.84288  2.60561  2.9173  3.84288  2.60561  2.9173  |||| 19.576 |||| 19.576 
4.07069  7.18785  2.22662  4.07069  7.18785  2.22662  |||| 20.6958 |||| 20.6958 
2.94419  3.24523  2.3496  2.94419  3.24523  2.3496  |||| 16.4667 |||| 16.4667 
6.98617  4.21211  5.54428  6.98617  4.21211  5.54428  |||| 22.0654 |||| 22.0654 
1.55317  4.69707  3.12459  1.55317  4.69707  3.12459  |||| 136.526 |||| 136.526 
4.22881  3.53216  3.21718  4.22881  3.53216  3.21718  |||| 102.01 |||| 102.01 
12.8283  8.52283  5.40221  12.8283  8.52283  5.40221  |||| 36.8535 |||| 36.8535 
4.47687  7.01574  10.3055  4.47687  7.01574  10.3055  |||| 70.0027 |||| 70.0027 
7.04046  5.15625  5.74831  7.04046  5.15625  5.74831  |||| 39.3405 |||| 39.3405 
4.06445  7.80238  4.64093  4.06445  7.80238  4.64093  |||| 38.5121 |||| 38.5121 
2.32706  3.4187  3.74967  2.32706  3.4187  3.74967  |||| 12.7871 |||| 12.7871 
2.04948  7.29721  7.24452  2.04948  7.29721  7.24452  |||| 27.7194 |||| 27.7194 
2.88176  2.97975  4.02859  2.88176  2.97975  4.02859  |||| 35.0322 |||| 35.0322 
4.92713  7.39348  7.21296  4.92713  7.39348  7.21296  |||| 114.208 |||| 114.208 
7.23572  5.06958  5.86307  7.23572  5.06958  5.86307  |||| 17.9832 |||| 17.9832 
7.14653  4.87867  7.02878  7.14653  4.87867  7.02878  |||| 28.8563 |||| 28.8563 
6.6076  4.70509  6.10827  6.6076  4.70509  6.10827  |||| 40.4941 |||| 40.4941 
4.39662  5.84185  4.92654  4.39662  5.84185  4.92654  |||| 25.6165 |||| 25.6165 
4.45796  5.221  3.97477  4.45796  5.221  3.97477  |||| 25.0771 |||| 25.0771 
8.05529  5.46308  5.14618  8.05529  5.46308  5.14618  |||| 14.9541 |||| 14.9541 
7.22123  6.06083  7.63246  7.22123  6.06083  7.63246  |||| 266.096 |||| 266.096 
5.68339  4.42774  8.7648  5.68339  4.42774  8.7648  |||| 766.155 |||| 766.155 
2.8408  1.61673  3.6989  2.8408  1.61673  3.6989  |||| 5.88353 |||| 5.88353 
5.39105  3.71854  4.30106  5.39105  3.71854  4.30106  |||| 15.1067 |||| 15.1067 
4.06666  1.81015  5.11535  4.06666  1.81015  5.11535  |||| 6.94796 |||| 6.94796 
2.47245  2.6425  2.37346  2.47245  2.6425  2.37346  |||| 5.06129 |||| 5.06129 
3.8517  3.76064  2.71142  3.8517  3.76064  2.71142  |||| 10.7175 |||| 10.7175 
3.06877  4.4314  3.27219  3.06877  4.4314  3.27219  |||| 8.00606 |||| 8.00606 
1.34797  2.34299  3.56929  1.34797  2.34299  3.56929  |||| 13.7143 |||| 13.7143 
9.43119  8.06427  7.43284  9.43119  8.06427  7.43284  |||| 110.12 |||| 110.12 
2.73605  1.85704  2.99462  2.73605  1.85704  2.99462  |||| 3.92294 |||| 3.92294 
2.12691  2.22409  3.61745  2.12691  2.22409  3.61745  |||| 7.80234 |||| 7.80234 
4.35226  4.88988  2.81774  4.35226  4.88988  2.81774  |||| 30.6932 |||| 30.6932 
3.42123  6.42677  5.67234  3.42123  6.42677  5.67234  |||| 27.4173 |||| 27.4173 
9.85616  4.61657  5.60533  9.85616  4.61657  5.60533  |||| 26.3673 |||| 26.3673 
2.6642  3.81198  3.97618  2.6642  3.81198  3.97618  |||| 6.55184 |||| 6.55184 
2.64986  5.55246  5.84782  2.64986  5.55246  5.84782  |||| 128.007 |||| 128.007 
2.72373  2.3389  2.87021  2.72373  2.3389  2.87021  |||| 28.2703 |||| 28.2703 
3.42176  4.70962  4.5356  3.42176  4.70962  4.5356  |||| 10.3357 |||| 10.3357 
3.23866  3.40802  4.24657  3.23866  3.40802  4.24657  |||| 10.8626 |||| 10.8626 
4.97256  6.56257  9.3266  4.97256  6.56257  9.3266  |||| 35.238 |||| 35.238 
6.74596  2.02168  8.03451  6.74596  2.02168  8.03451  |||| 48.6412 |||| 48.6412 
4.2615  2.63927  3.07582  4.2615  2.63927  3.07582  |||| 11.0231 |||| 11.0231 
3.00346  2.24738  2.91526  3.00346  2.24738  2.91526  |||| 6.43315 |||| 6.43315 
4.98154  3.24821  3.51777  4.98154  3.24821  3.51777  |||| 31.5954 |||| 31.5954 
1.37414  2.07578  2.6377  1.37414  2.07578  2.6377  |||| 8.39837 |||| 8.39837 
2.44878  9.59161  5.73791  2.44878  9.59161  5.73791  |||| 27.4839 |||| 27.4839 
3.90275  3.80028  3.14912  3.90275  3.80028  3.14912  |||| 11.1041 |||| 11.1041 
7.83227  1.92423  5.13568  7.83227  1.92423  5.13568  |||| 29.0242 |||| 29.0242 
3.89794  3.75918  6.67076  3.89794  3.75918  6.67076  |||| 25.7563 |||| 25.7563 
5.50738  7.66337  10.1977  5.50738  7.66337  10.1977  |||| 29.8668 |||| 29.8668 
3.31487  6.47639  4.86803  3.31487  6.47639  4.86803  |||| 12.3692 |||| 12.3692 
3.16153  2.06417  4.08222  3.16153  2.06417  4.08222  |||| 53.1164 |||| 53.1164 
7.06771  4.88837  4.02954  7.06771  4.88837  4.02954  |||| 330.11 |||| 330.11 
3.24235  2.80591  2.66276  3.24235  2.80591  2.66276  |||| 10.2646 |||| 10.2646 
6.82261  6.3205  7.64703  6.82261  6.3205  7.64703  |||| 30.7117 |||| 30.7117 
1.83045  2.48274  4.14121  1.83045  2.48274  4.14121  |||| 5.40949 |||| 5.40949 
2.7707  2.60445  4.60824  2.7707  2.60445  4.60824  |||| 24.0575 |||| 24.0575 
3.9382  4.00266  5.12791  3.9382  4.00266  5.12791  |||| 16.2242 |||| 16.2242 
6.50011  4.78208  3.28594  6.50011  4.78208  3.28594  |||| 33.5557 |||| 33.5557 
5.58056  5.42585  3.84156  5.58056  5.42585  3.84156  |||| 40.3168 |||| 40.3168 
3.11487  6.21749  5.82685  3.11487  6.21749  5.82685  |||| 64.3392 |||| 64.3392 
6.82915  5.81004  7.28437  6.82915  5.81004  7.28437  |||| 40.4623 |||| 40.4623 
2.52497  2.98919  3.91434  2.52497  2.98919  3.91434  |||| 9.0873 |||| 9.0873 
2.62051  2.76412  3.99242  2.62051  2.76412  3.99242  |||| 10.294 |||| 10.294 
2.75665  3.33507  3.70629  2.75665  3.33507  3.70629  |||| 11.9625 |||| 11.9625 
3.81473  3.58474  1.94288  3.81473  3.58474  1.94288  |||| 22.0375 |||| 22.0375 
1.95457  2.32388  2.76056  1.95457  2.32388  2.76056  |||| 5.71461 |||| 5.71461 
4.04634  10.0874  7.32393  4.04634  10.0874  7.32393  |||| 176.625 |||| 176.625 
4.32756  2.04036  2.18993  4.32756  2.04036  2.18993  |||| 31.4671 |||| 31.4671 
2.68799  2.5639  7.29979  2.68799  2.5639  7.29979  |||| 15.0542 |||| 15.0542 
4.32836  4.44447  4.51451  4.32836  4.44447  4.51451  |||| 35.748 |||| 35.748 
4.01744  3.70996  4.89341  4.01744  3.70996  4.89341  |||| 34.3269 |||| 34.3269 
2.89979  4.65719  3.03573  2.89979  4.65719  3.03573  |||| 21.4952 |||| 21.4952 
6.49576  2.40079  5.05691  6.49576  2.40079  5.05691  |||| 77.2312 |||| 77.2312 
2.25005  3.35305  2.57449  2.25005  3.35305  2.57449  |||| 14.7524 |||| 14.7524 
5.99239  2.71116  3.22795  5.99239  2.71116  3.22795  |||| 83.4225 |||| 83.4225 
2.76871  2.61105  5.29379  2.76871  2.61105  5.29379  |||| 34.7384 |||| 34.7384 
5.00875  1.91299  3.77781  5.00875  1.91299  3.77781  |||| 81.6796 |||| 81.6796 
2.03055  4.09151  3.50905  2.03055  4.09151  3.50905  |||| 17.3079 |||| 17.3079 
7.22817  5.42422  4.81208  7.22817  5.42422  4.81208  |||| 172.51 |||| 172.51 
2.58193  3.51129  4.49062  2.58193  3.51129  4.49062  |||| 42.8993 |||| 42.8993 
3.45831  2.12438  6.08176  3.45831  2.12438  6.08176  |||| 89.9115 |||| 89.9115 
12.2236  2.11155  9.71238  12.2236  2.11155  9.71238  |||| 597.335 |||| 597.335 
4.26098  4.47791  5.53013  4.26098  4.47791  5.53013  |||| 224.584 |||| 224.584 
2.8348  1.39798  2.76325  2.8348  1.39798  2.76325  |||| 191.551 |||| 191.551 
3.65511  2.04469  4.62796  3.65511  2.04469  4.62796  |||| 894.017 |||| 894.017 
1.00985  0.00152032  0.000982039  1.17978  0.183904  0.214246  |||| 7.30181 |||| 2138.25 
0.00135484  1.01016  0.00127161  1.71098  0.644501  2.16307  |||| 8.50864 |||| 21626.5 
0.000859825  0.00104904  2.58848  0.397632  0.370147  1.34184  |||| 2.85113 |||| 3970.57 
0.939399  0.0369208  0.0365782  1.39455  0.493028  1.23331  |||| 1.01144 |||| 34.3443 
0.904162  0.09668  0.0322431  3.72903  2.60109  2.2786  |||| 1.03191 |||| 73.2804 
0.861829  0.0345091  0.123367  2.88678  0.661308  0.119949  |||| 1.02596 |||| 16.4574 
0.880055  0.173758  0.0258609  0.791886  0.220113  0.259185  |||| 1.08572 |||| 10.898 
0.814642  0.084268  0.140322  0.905676  0.495208  0.487032  |||| 1.03925 |||| 6.12128 
0.816348  0.149709  0.0957137  0.301652  4.95923  4.32755  |||| 1.07074 |||| 48.4588 
0.765847  0.034138  0.233783  0.568502  0.282344  0.579731  |||| 1.03257 |||| 8.70125 
0.738918  0.26688  0.017896  2.11374  1.35332  1.25049  |||| 1.02273 |||| 71.9301 
0.737958  0.110607  0.174985  1.03631  0.556983  0.357788  |||| 1.04836 |||| 4.29459 
0.700857  0.220443  0.100191  0.950725  0.532236  0.302387  |||| 1.02091 |||| 3.08768 
0.698785  0.062715  0.276434  0.822097  0.19549  0.23555  |||| 1.04057 |||| 3.15614 
0.699636  0.292724  0.069318  4.9609  1.58228  7.22006  |||| 1.06718 |||| 111.828 
0.671683  0.116882  0.258762  1.46267  0.7258  1.49919  |||| 1.04694 |||| 6.46286 
0.632031  0.211939  0.164408  1.25731  0.386548  0.85361  |||| 1.00721 |||| 5.2274 
0.62874  0.0241034  0.371351  0.595268  0.156297  0.38417  |||| 1.02412 |||| 6.43535 
0.740152  0.305108  0.0157933  9.08465  3.19933  5.47014  |||| 1.2321 |||| 437.861 
0.593002  0.195671  0.221239  0.726148  0.269972  0.291692  |||| 1.00828 |||| 1.39235 
0.650817  0.275687  0.134902  2.38973  3.08026  1.20199  |||| 1.13036 |||| 10.0871 
0.595652  0.0970514  0.36112  6.3546  8.95512  5.51552  |||| 1.05719 |||| 93.7314 
0.686326  0.286699  0.0873858  8.47487  10.9346  8.66637  |||| 1.24312 |||| 123.698 
0.553791  0.162539  0.309643  2.29383  1.07071  1.27516  |||| 1.02497 |||| 6.77041 
0.591574  0.292425  0.213876  3.32127  3.00687  3.53693  |||| 1.11677 |||| 18.4905 
0.532849  0.0468645  0.448546  0.269044  0.0558893  0.912928  |||| 1.0268 |||| 2.09066 
0.703364  0.29726  0.0642073  13.3583  12.4051  11.6867  |||| 1.38401 |||| 253.255 
0.517897  0.207253  0.310881  4.55424  4.05552  6.04918  |||| 1.04041 |||| 20.2706 
0.59147  0.264573  0.214131  3.89921  2.33055  4.17575  |||| 1.21265 |||| 23.69 
0.501998  0.0780136  0.463713  1.17532  0.456605  0.309821  |||| 1.05052 |||| 5.58125 
0.633164  0.257656  0.15757  0.721484  0.292847  0.118232  |||| 1.35299 |||| 1.54189 
0.462503  0.154577  0.393097  1.4307  1.5496  0.830392  |||| 1.00876 |||| 10.1594 
0.524385  0.207814  0.302013  6.91528  7.10391  7.37804  |||| 1.16785 |||| 28.5398 
0.448041  0.0152554  0.553814  1.53461  1.54599  1.22819  |||| 1.01873 |||| 88.18 
0.368117  0.744552  0.0122297  4.22446  0.317413  0.386727  |||| 1.32624 |||| 43.3852 
0.490747  0.230896  0.348141  0.362537  0.296348  1.50209  |||| 1.16504 |||| 5.03133 
0.310768  0.590608  0.213768  8.01233  7.04182  5.03156  |||| 1.36672 |||| 32.23 
0.409575  0.142273  0.463103  0.924072  0.349504  0.526613  |||| 1.01333 |||| 2.49479 
0.285457  0.670159  0.10918  0.287169  0.678964  0.105085  |||| 1.28752 |||| 1.30446 
0.4264  0.159932  0.433304  0.351314  0.0414492  1.20772  |||| 1.10155 |||| 3.07222 
0.294436  0.508003  0.325773  0.748752  0.769327  0.6164  |||| 1.33956 |||| 2.53616 
0.379241  0.0699513  0.574824  0.273637  0.9102  1.26588  |||| 1.02371 |||| 13.1977 
0.314712  0.708792  0.0602946  0.24002  0.631644  0.379678  |||| 1.20351 |||| 7.60732 
0.419451  0.159858  0.442496  0.393567  3.80062  1.41855  |||| 1.18381 |||| 13.9392 
0.222124  0.550226  0.268761  2.31014  1.83712  3.24  |||| 1.25028 |||| 15.0942 
0.340201  0.114603  0.551219  4.03446  5.06866  3.43889  |||| 1.00482 |||| 44.5457 
0.319467  0.630253  0.16067  1.33584  1.00569  5.63523  |||| 1.17956 |||| 41.4245 
0.357248  0.141409  0.526782  1.3506  0.676809  0.918931  |||| 1.10535 |||| 4.1838 
0.279977  0.463939  0.384244  0.264202  0.496413  0.402991  |||| 1.23678 |||| 1.32326 
0.319178  0.03039  0.684006  1.9123  2.33841  2.00464  |||| 1.03586 |||| 72.0265 
0.321779  0.726128  0.0359607  1.62167  1.58944  1.8155  |||| 1.0875 |||| 55.3343 
0.167961  0.394748  0.475911  0.576859  0.958826  1.25281  |||| 1.22961 |||| 3.23866 
0.220726  0.570893  0.241073  3.06688  3.44668  5.08765  |||| 1.13502 |||| 23.9879 
0.295049  0.10838  0.608924  0.262928  0.124131  0.691658  |||| 1.05831 |||| 1.2022 
0.257352  0.651068  0.135093  0.933967  1.04614  1.41199  |||| 1.07767 |||| 11.2712 
0.312866  0.114891  0.585122  2.0122  1.49684  2.33118  |||| 1.18291 |||| 7.61078 
0.276573  0.486015  0.354581  1.56505  1.3891  0.928365  |||| 1.13038 |||| 6.07947 
0.259447  0.0591162  0.714543  1.57232  1.06751  0.949374  |||| 1.03371 |||| 18.2158 
0.24882  0.690782  0.0851552  0.317276  0.723246  1.10958  |||| 1.02421 |||| 13.4065 
0.25616  0.346473  0.539682  0.385481  0.449864  0.630755  |||| 1.15952 |||| 1.62545 
0.213061  0.530021  0.296774  1.11321  1.00801  0.795184  |||| 1.07298 |||| 4.83597 
0.232879  0.113128  0.69407  0.130004  1.45574  0.485748  |||| 1.03981 |||| 13.3227 
0.214092  0.612082  0.187163  1.00371  0.817624  0.457096  |||| 1.01944 |||| 4.62701 
0.189029  0.244798  0.675091  0.748299  0.725777  0.753598  |||| 1.16327 |||| 3.55643 
0.214205  0.441404  0.414494  1.07106  0.751967  1.61105  |||| 1.0736 |||| 5.254 
0.200587  0.013335  0.803202  2.06552  1.55002  1.95153  |||| 1.01597 |||| 123.521 
0.220094  0.939121  0.00689062  0.0504997  0.783311  0.924067  |||| 1.16886 |||| 146.122 
0.172208  0.42426  0.437691  11.727  9.76993  10.7755  |||| 1.05597 |||| 63.5386 
0.181484  0.63272  0.219762  0.28084  0.919481  1.80504  |||| 1.03614 |||| 8.5182 
0.158113  0.224847  0.70139  3.11219  2.49203  0.749905  |||| 1.11733 |||| 18.0897 
0.17911  0.787523  0.119528  1.28688  0.899417  2.14824  |||| 1.08755 |||| 19.3862 
0.168552  0.328318  0.565326  3.12561  7.58307  6.11535  |||| 1.06228 |||| 24.5727 
0.158665  0.538521  0.334118  0.961498  1.42669  0.25051  |||| 1.02981 |||| 6.25846 
0.158453  0.0893793  0.806339  0.431476  0.198042  0.604818  |||| 1.07081 |||| 2.92192 
0.138878  0.835179  0.0590293  0.174552  0.589502  0.619337  |||| 1.04536 |||| 10.2526 
0.138702  0.379273  0.502931  1.55229  0.588851  2.4561  |||| 1.01966 |||| 11.4548 
0.135366  0.615901  0.290524  1.02314  1.26942  0.865836  |||| 1.04068 |||| 7.89488 
0.115535  0.17145  0.778969  0.114683  0.183063  0.773325  |||| 1.08373 |||| 1.15748 
0.123234  0.744687  0.181063  3.56263  3.24729  1.62344  |||| 1.04834 |||| 30.249 
0.110433  0.278386  0.634483  1.82819  1.71006  2.19026  |||| 1.02685 |||| 16.3274 
0.111827  0.519698  0.417933  0.464062  0.726061  1.41771  |||| 1.04891 |||| 4.36638 
0.105385  0.0312103  0.890851  1.34311  1.13233  1.23853  |||| 1.04707 |||| 23.0004 
0.0813762  0.922274  0.0367691  0.676292  1.06052  0.250713  |||| 1.05924 |||| 7.13616 
0.0932464  0.442894  0.517245  0.120886  0.714436  0.34733  |||| 1.05286 |||| 1.69953 
0.0864081  0.671126  0.27328  0.611789  0.638941  1.15018  |||| 1.0298 |||| 7.33113 
0.0774625  0.199487  0.743793  1.17388  1.96442  0.588005  |||| 1.02154 |||| 15.0876 
0.0739319  0.788296  0.154241  1.08912  2.25755  1.06428  |||| 1.01612 |||| 15.0782 
0.0371439  0.334407  0.659938  0.27512  0.250647  0.811933  |||| 1.06408 |||| 4.11894 
0.0631106  0.568476  0.401418  1.33083  1.85082  0.595844  |||| 1.03195 |||| 21.7547 
0.0575464  0.0848773  0.895163  0.3684  2.75347  0.0552175  |||| 1.03657 |||| 33.9196 
0.0502755  0.8762  0.098002  0.0664366  0.175814  1.21956  |||| 1.0259 |||| 12.6387 
0.0392142  0.392245  0.59089  0.607148  0.352526  0.926595  |||| 1.02857 |||| 13.5339 
0.0374338  0.646682  0.350608  0.191785  0.423717  1.03042  |||| 1.03698 |||| 4.84844 
0.033254  0.149403  0.855516  1.31056  0.72664  1.56864  |||| 1.03958 |||| 38.4318 
0.0289609  0.772372  0.225738  0.37884  0.986901  0.740626  |||| 1.02715 |||| 13.1506 
0.0231911  0.271188  0.722696  1.87541  0.644153  0.900128  |||| 1.01799 |||| 79.8779 
0.0186034  0.52502  0.477399  0.125778  0.892425  0.240332  |||| 1.02009 |||| 6.87665 
0.0135674  0.0239597  0.985284  0.289662  0.348935  0.843082  |||| 1.02175 |||| 22.2877 
0.00731289  0.97811  0.0236909  1.02813  0.778614  1.22332  |||| 1.0086 |||| 132.382 
0.00304128  0.483242  0.530363  1.46831  0.136516  0.0677029  |||| 1.01504 |||| 568.746 
