66.7323  179.815  66.7323  179.815  |||| 1.77301e+06 |||| 1.77301e+06 
60.1607  151.408  60.1607  151.408  |||| 575226 |||| 575226 
107.131  150.666  107.131  150.666  |||| 29037.8 |||| 29037.8 
423.416  35.188  423.416  35.188  |||| 2134.74 |||| 2134.74 
191.797  99.5407  191.797  99.5407  |||| 3803.47 |||| 3803.47 
237.68  7.15958  237.68  7.15958  |||| 243.747 |||| 243.747 
148.448  82.2632  148.448  82.2632  |||| 1736.77 |||| 1736.77 
44.5589  188.162  44.5589  188.162  |||| 3307.91 |||| 3307.91 
236.981  163.987  236.981  163.987  |||| 2434.52 |||| 2434.52 
110.324  78.3919  110.324  78.3919  |||| 991.477 |||| 991.477 
270.477  133.117  270.477  133.117  |||| 1505.78 |||| 1505.78 
56.6837  132.099  56.6837  132.099  |||| 1336.78 |||| 1336.78 
169.898  196.92  169.898  196.92  |||| 1814.46 |||| 1814.46 
62.5793  295.49  62.5793  295.49  |||| 2496.67 |||| 2496.67 
174.718  135.731  174.718  135.731  |||| 1044.43 |||| 1044.43 
224.207  104.514  224.207  104.514  |||| 740.45 |||| 740.45 
27.2509  275.811  27.2509  275.811  |||| 1847.11 |||| 1847.11 
315.076  25.1123  315.076  25.1123  |||| 371.138 |||| 371.138 
4.6395  231.466  4.6395  231.466  |||| 1359.84 |||| 1359.84 
12.9967  260.822  12.9967  260.822  |||| 1446.53 |||| 1446.53 
37.7809  226.002  37.7809  226.002  |||| 1183.88 |||| 1183.88 
24.6251  241.383  24.6251  241.383  |||| 1200.47 |||| 1200.47 
318.344  23.3015  318.344  23.3015  |||| 399.216 |||| 399.216 
2.88801  218.939  2.88801  218.939  |||| 986.497 |||| 986.497 
143.236  81.152  143.236  81.152  |||| 342.514 |||| 342.514 
4.11986  97.7131  4.11986  97.7131  |||| 397.002 |||| 397.002 
104.609  220.211  104.609  220.211  |||| 870.79 |||| 870.79 
252.664  23.6602  252.664  23.6602  |||| 337.966 |||| 337.966 
174.732  193.872  174.732  193.872  |||| 707.664 |||| 707.664 
220.791  38.4622  220.791  38.4622  |||| 303.248 |||| 303.248 
150.548  208.256  150.548  208.256  |||| 707.465 |||| 707.465 
35.3018  108.141  35.3018  108.141  |||| 350.898 |||| 350.898 
194.966  61.5453  194.966  61.5453  |||| 279.232 |||| 279.232 
16.6431  153.137  16.6431  153.137  |||| 468.605 |||| 468.605 
263.982  24.2781  263.982  24.2781  |||| 391.019 |||| 391.019 
302.92  26.5754  302.92  26.5754  |||| 456.242 |||| 456.242 
65.4792  251.237  65.4792  251.237  |||| 706.519 |||| 706.519 
50.8909  261.878  50.8909  261.878  |||| 715.991 |||| 715.991 
146.102  47.4397  146.102  47.4397  |||| 228.609 |||| 228.609 
108.669  28.4247  108.669  28.4247  |||| 171.753 |||| 171.753 
106.828  34.8611  106.828  34.8611  |||| 171.607 |||| 171.607 
274.652  62.2261  274.652  62.2261  |||| 455.681 |||| 455.681 
194.682  158.447  194.682  158.447  |||| 377.32 |||| 377.32 
113.73  48.6896  113.73  48.6896  |||| 192.69 |||| 192.69 
221.517  133.475  221.517  133.475  |||| 386.488 |||| 386.488 
219.272  132.424  219.272  132.424  |||| 389.544 |||| 389.544 
5.02675  350.206  5.02675  350.206  |||| 765.704 |||| 765.704 
9.92892  364.176  9.92892  364.176  |||| 778.964 |||| 778.964 
2.63811  39.2138  2.63811  39.2138  |||| 77.3468 |||| 77.3468 
71.8523  278.461  71.8523  278.461  |||| 569.323 |||| 569.323 
130.465  173.566  130.465  173.566  |||| 345.631 |||| 345.631 
122.295  144.977  122.295  144.977  |||| 282.048 |||| 282.048 
48.3938  172.586  48.3938  172.586  |||| 330.042 |||| 330.042 
225.485  48.4103  225.485  48.4103  |||| 469.656 |||| 469.656 
99.8263  99.5882  99.8263  99.5882  |||| 209.328 |||| 209.328 
59.0596  227.988  59.0596  227.988  |||| 413.018 |||| 413.018 
65.9434  117.624  65.9434  117.624  |||| 206.987 |||| 206.987 
76.299  217.111  76.299  217.111  |||| 378.929 |||| 378.929 
239.597  139.941  239.597  139.941  |||| 559.566 |||| 559.566 
146.416  158.661  146.416  158.661  |||| 347.908 |||| 347.908 
127.204  216.189  127.204  216.189  |||| 357.952 |||| 357.952 
57.4892  97.3245  57.4892  97.3245  |||| 156.159 |||| 156.159 
142.04  80.3081  142.04  80.3081  |||| 364.305 |||| 364.305 
130.982  228.832  130.982  228.832  |||| 360.637 |||| 360.637 
236.58  55.9318  236.58  55.9318  |||| 645.811 |||| 645.811 
181.393  201.486  181.393  201.486  |||| 507.767 |||| 507.767 
3.14043  204.26  3.14043  204.26  |||| 306.53 |||| 306.53 
267.379  35.1438  267.379  35.1438  |||| 798.295 |||| 798.295 
141.894  58.0599  141.894  58.0599  |||| 433.24 |||| 433.24 
51.1418  177.511  51.1418  177.511  |||| 254.07 |||| 254.07 
358.41  2.51356  358.41  2.51356  |||| 1181.89 |||| 1181.89 
8.56144  115.623  8.56144  115.623  |||| 159.492 |||| 159.492 
185.806  171.671  185.806  171.671  |||| 652.746 |||| 652.746 
134.453  90.2119  134.453  90.2119  |||| 487.467 |||| 487.467 
179.872  122.594  179.872  122.594  |||| 681.136 |||| 681.136 
9.06264  267.527  9.06264  267.527  |||| 353.351 |||| 353.351 
96.8442  199.986  96.8442  199.986  |||| 392.859 |||| 392.859 
217.776  84.9123  217.776  84.9123  |||| 937.046 |||| 937.046 
15.4507  226.776  15.4507  226.776  |||| 287.291 |||| 287.291 
80.4825  179.675  80.4825  179.675  |||| 372.133 |||| 372.133 
359.997  44.79  359.997  44.79  |||| 1795.95 |||| 1795.95 
334.958  45.4621  334.958  45.4621  |||| 1760.4 |||| 1760.4 
14.3939  127.554  14.3939  127.554  |||| 152.223 |||| 152.223 
189.099  157.242  189.099  157.242  |||| 1107.47 |||| 1107.47 
157.834  149.96  157.834  149.96  |||| 981.239 |||| 981.239 
242.727  10.2174  242.727  10.2174  |||| 1622.67 |||| 1622.67 
60.3474  120.318  60.3474  120.318  |||| 418.927 |||| 418.927 
364.071  39.6092  364.071  39.6092  |||| 2833.64 |||| 2833.64 
3.61187  215.484  3.61187  215.484  |||| 241.284 |||| 241.284 
11.426  240.221  11.426  240.221  |||| 266.232 |||| 266.232 
182.23  193.514  182.23  193.514  |||| 1852.64 |||| 1852.64 
46.1806  288.795  46.1806  288.795  |||| 502.019 |||| 502.019 
44.1209  183.45  44.1209  183.45  |||| 542.042 |||| 542.042 
108.274  271.932  108.274  271.932  |||| 1592.67 |||| 1592.67 
207.32  14.7144  207.32  14.7144  |||| 3647.06 |||| 3647.06 
38.3218  73.2499  38.3218  73.2499  |||| 777.111 |||| 777.111 
88.1817  120.147  88.1817  120.147  |||| 2395.22 |||| 2395.22 
191.227  135.281  191.227  135.281  |||| 7392.67 |||| 7392.67 
103.817  28.4167  103.817  28.4167  |||| 6610.38 |||| 6610.38 
283.163  76.1099  283.163  76.1099  |||| 54982.8 |||| 54982.8 
0.49995  4.99011e-05  16.6619  28.3098  |||| 0.49995 |||| 283098 
4.90596e-05  0.499951  0.0010597  0.49894  |||| 0.499951 |||| 10.5969 
0.497449  0.00255095  3.10825  5.60116  |||| 0.5 |||| 1097.83 
0.492347  0.0076529  0.447458  0.0525416  |||| 0.5 |||| 3.43272 
0.487245  0.012755  0.318781  0.181219  |||| 0.5 |||| 7.1038 
0.482144  0.017856  57.3331  24.1084  |||| 0.500001 |||| 675.034 
0.477041  0.0229589  0.17473  0.32527  |||| 0.5 |||| 7.08365 
0.471939  0.0280609  1.91181  0.113674  |||| 0.5 |||| 2.02548 
0.466837  0.0331633  8.22986  43.7353  |||| 0.5 |||| 659.394 
0.461735  0.0382652  4.85563  13.5024  |||| 0.5 |||| 176.431 
0.456633  0.0433673  1.60561  9.89692  |||| 0.5 |||| 114.106 
0.451531  0.0484694  0.328453  0.171547  |||| 0.5 |||| 1.76964 
0.446429  0.0535714  11.4537  18.4962  |||| 0.5 |||| 172.631 
0.441327  0.0586734  0.361424  0.138576  |||| 0.5 |||| 1.1809 
0.436225  0.0637752  1.0314  1.02792  |||| 0.5 |||| 8.05887 
0.431123  0.0688772  0.138511  0.361489  |||| 0.5 |||| 2.62415 
0.426021  0.0739793  0.303358  12.4785  |||| 0.5 |||| 84.3374 
0.420919  0.0790814  2.38269  22.8331  |||| 0.5 |||| 144.364 
0.415817  0.0841833  0.335821  0.164179  |||| 0.5 |||| 0.975128 
0.410715  0.0892855  2.86927  1.07489  |||| 0.5 |||| 6.01941 
0.405612  0.0943879  68.383  17.474  |||| 0.5 |||| 92.5647 
0.40051  0.09949  22.455  5.57801  |||| 0.5 |||| 28.033 
0.395408  0.104592  0.440115  0.200942  |||| 0.5 |||| 0.960601 
0.390306  0.109694  67.3301  14.6597  |||| 0.5 |||| 86.253 
0.385204  0.114796  0.445725  0.0542745  |||| 0.5 |||| 0.578558 
0.380102  0.119898  0.21529  0.28471  |||| 0.5 |||| 1.1873 
0.375  0.125  54.8095  36.3037  |||| 0.5 |||| 145.215 
0.369898  0.130102  0.45178  0.0482197  |||| 0.5 |||| 0.610682 
0.364796  0.135204  0.191518  0.308482  |||| 0.5 |||| 1.1408 
0.359694  0.140306  0.138002  0.361998  |||| 0.5 |||| 1.29003 
0.354592  0.145408  0.0363922  4.81722  |||| 0.5 |||| 16.5645 
0.34949  0.15051  0.47589  0.0241105  |||| 0.5 |||| 0.680834 
0.344388  0.155612  77.6584  56.9773  |||| 0.5 |||| 183.075 
0.339285  0.160715  5.23738  44.7312  |||| 0.5 |||| 139.164 
0.334184  0.165816  0.287279  0.212721  |||| 0.5 |||| 0.641436 
0.329082  0.170918  8.91791  47.2079  |||| 0.5 |||| 138.101 
0.32398  0.17602  0.123958  7.58114  |||| 0.5 |||| 21.5348 
0.318878  0.181122  0.315632  0.184368  |||| 0.5 |||| 0.508961 
0.313775  0.186225  0.445562  0.0603832  |||| 0.5 |||| 0.710001 
0.308673  0.191327  0.390688  0.109312  |||| 0.5 |||| 0.63285 
0.303571  0.196429  18.1223  68.7973  |||| 0.5 |||| 175.121 
0.298469  0.201531  67.0103  18.6504  |||| 0.5 |||| 112.257 
0.293368  0.206632  0.249081  0.250919  |||| 0.5 |||| 0.607162 
0.288265  0.211735  0.337006  0.455502  |||| 0.5 |||| 1.07564 
0.283164  0.216836  54.002  45.4871  |||| 0.5 |||| 104.888 
0.278061  0.221939  0.100846  0.399154  |||| 0.5 |||| 0.899243 
0.272959  0.227041  0.293294  0.206706  |||| 0.5 |||| 0.53725 
0.267857  0.232143  0.267857  0.232143  |||| 0.5 |||| 0.5 
0.262755  0.237245  0.108646  0.391354  |||| 0.5 |||| 0.824789 
0.257653  0.242347  4.10809  8.48853  |||| 0.5 |||| 17.5132 
0.252551  0.247449  11.9443  10.4075  |||| 0.5 |||| 23.6473 
0.247449  0.252551  4.24533  19.5845  |||| 0.5 |||| 38.7733 
0.242347  0.257653  0.119316  0.380684  |||| 0.5 |||| 0.738753 
0.237245  0.262755  0.165751  0.334249  |||| 0.5 |||| 0.636048 
0.232143  0.267857  29.3007  63.2428  |||| 0.5 |||| 118.053 
0.227041  0.272959  0.0286058  0.471394  |||| 0.5 |||| 0.863489 
0.221939  0.278061  6.17206  1.33432  |||| 0.5 |||| 13.9049 
0.216837  0.283163  22.9819  14.1334  |||| 0.5 |||| 52.9937 
0.211734  0.288266  7.34011  13.1155  |||| 0.5 |||| 22.7489 
0.206632  0.293368  42.8439  25.2656  |||| 0.5 |||| 103.672 
0.201531  0.298469  0.201531  0.298469  |||| 0.5 |||| 0.5 
0.196428  0.303572  5.81704  5.39582  |||| 0.5 |||| 14.807 
0.191326  0.308674  0.354872  0.145128  |||| 0.5 |||| 0.927398 
0.186225  0.313775  0.136397  0.363603  |||| 0.5 |||| 0.5794 
0.181123  0.318877  19.9714  19.7257  |||| 0.5 |||| 55.1324 
0.17602  0.32398  0.193778  0.306222  |||| 0.5 |||| 0.55044 
0.170919  0.329081  0.170919  0.329081  |||| 0.5 |||| 0.5 
0.165816  0.334184  0.333  0.167  |||| 0.5 |||| 1.00412 
0.160714  0.339286  0.695446  1.47439  |||| 0.5 |||| 2.17278 
0.155612  0.344388  0.405369  0.0946307  |||| 0.5 |||| 1.3025 
0.15051  0.34949  55.7511  93.8192  |||| 0.5 |||| 185.207 
0.145408  0.354592  0.0251041  0.474896  |||| 0.5 |||| 0.669637 
0.140306  0.359694  9.96155  25.5378  |||| 0.5 |||| 35.4994 
0.135204  0.364796  64.4364  30.8625  |||| 0.5 |||| 238.293 
0.130102  0.369898  15.9902  45.4625  |||| 0.5 |||| 61.4527 
0.125  0.375  2.16363  8.73013  |||| 0.5 |||| 11.6402 
0.119898  0.380102  0.324636  0.175364  |||| 0.5 |||| 1.3538 
0.114796  0.385204  0.347475  0.152525  |||| 0.5 |||| 1.51344 
0.109694  0.390306  10.3621  36.8696  |||| 0.5 |||| 47.2317 
0.104592  0.395408  0.267133  0.232867  |||| 0.5 |||| 1.27702 
0.0994901  0.40051  0.0852113  23.835  |||| 0.5 |||| 29.7558 
0.0943879  0.405612  0.405963  0.0940375  |||| 0.5 |||| 2.1505 
0.0892855  0.410715  6.97865  4.23675  |||| 0.5 |||| 39.0805 
0.0841835  0.415817  15.7922  78.0041  |||| 0.5 |||| 93.7963 
0.0790815  0.420919  0.429189  0.0708106  |||| 0.5 |||| 2.71359 
0.0739796  0.42602  0.0588671  0.754738  |||| 0.5 |||| 0.8858 
0.0688774  0.431123  0.387175  5.53301  |||| 0.5 |||| 6.41698 
0.0637756  0.436224  21.3375  26.0737  |||| 0.500001 |||| 167.286 
0.0586734  0.441327  12.286  22.8675  |||| 0.5 |||| 104.698 
0.0535716  0.446428  0.474893  0.0251069  |||| 0.500001 |||| 4.43233 
0.0484695  0.451531  0.0484695  0.451531  |||| 0.500001 |||| 0.500001 
0.0433671  0.456633  23.3745  93.9589  |||| 0.5 |||| 269.495 
0.0382652  0.461735  0.0382652  0.461735  |||| 0.5 |||| 0.5 
0.0331632  0.466837  67.4843  3.14073  |||| 0.5 |||| 1017.46 
0.0280612  0.471939  1.78195  0.662558  |||| 0.5 |||| 31.7511 
0.0229593  0.477041  64.0814  31.5517  |||| 0.500001 |||| 1395.55 
0.0178571  0.482143  84.8321  14.6711  |||| 0.5 |||| 2375.3 
0.0127551  0.487245  0.819689  0.307727  |||| 0.5 |||| 32.1318 
0.00765302  0.492347  0.119049  0.380951  |||| 0.5 |||| 7.77786 
0.00255105  0.497449  0.0838669  0.416133  |||| 0.500004 |||| 16.4379 
