0.575992  1.48645  6.08334  0.575992  1.48645  6.08334  |||| 36234.5 |||| 36234.5 
1.34176  1.98622  5.123  1.34176  1.98622  5.123  |||| 26631.1 |||| 26631.1 
1.32641  1.3719  5.53173  1.32641  1.3719  5.53173  |||| 9472.21 |||| 9472.21 
0.999811  0.784517  6.18579  0.999811  0.784517  6.18579  |||| 103.792 |||| 103.792 
0.514541  1.32319  6.07517  0.514541  1.32319  6.07517  |||| 116.29 |||| 116.29 
1.54888  2.57963  3.80942  1.54888  2.57963  3.80942  |||| 48.3978 |||| 48.3978 
0.7348  1.7246  5.75143  0.7348  1.7246  5.75143  |||| 138.625 |||| 138.625 
1.457  3.28784  2.45988  1.457  3.28784  2.45988  |||| 32.8173 |||| 32.8173 
0.64825  1.02391  6.16724  0.64825  1.02391  6.16724  |||| 41.5181 |||| 41.5181 
1.24561  2.96338  4.11497  1.24561  2.96338  4.11497  |||| 71.8898 |||| 71.8898 
0.661558  2.70351  5.10755  0.661558  2.70351  5.10755  |||| 152.349 |||| 152.349 
0.759898  2.35758  5.47964  0.759898  2.35758  5.47964  |||| 18.1353 |||| 18.1353 
1.63572  2.69733  3.0458  1.63572  2.69733  3.0458  |||| 9.57527 |||| 9.57527 
1.07303  0.96631  5.71183  1.07303  0.96631  5.71183  |||| 12.165 |||| 12.165 
1.28199  2.17899  4.65758  1.28199  2.17899  4.65758  |||| 34.0411 |||| 34.0411 
0.954692  1.81853  5.66446  0.954692  1.81853  5.66446  |||| 12.9846 |||| 12.9846 
0.58834  1.23111  6.13045  0.58834  1.23111  6.13045  |||| 22.4892 |||| 22.4892 
1.10184  2.38738  4.82476  1.10184  2.38738  4.82476  |||| 72.4286 |||| 72.4286 
0.404785  1.77532  5.77104  0.404785  1.77532  5.77104  |||| 265.064 |||| 265.064 
0.777708  1.25999  6.13748  0.777708  1.25999  6.13748  |||| 16.7845 |||| 16.7845 
0.664693  1.05204  6.34055  0.664693  1.05204  6.34055  |||| 32.4847 |||| 32.4847 
1.8625  1.98787  3.51404  1.8625  1.98787  3.51404  |||| 14.1387 |||| 14.1387 
0.83263  2.03561  5.84693  0.83263  2.03561  5.84693  |||| 48.3469 |||| 48.3469 
0.736728  1.87316  5.64719  0.736728  1.87316  5.64719  |||| 10.5648 |||| 10.5648 
1.22331  1.98522  5.15766  1.22331  1.98522  5.15766  |||| 14.1052 |||| 14.1052 
1.50297  3.25384  3.06619  1.50297  3.25384  3.06619  |||| 57.9524 |||| 57.9524 
0.805334  2.32739  5.41487  0.805334  2.32739  5.41487  |||| 64.0379 |||| 64.0379 
1.50297  1.17601  5.33641  1.50297  1.17601  5.33641  |||| 9.63981 |||| 9.63981 
0.550369  1.42519  6.19364  0.550369  1.42519  6.19364  |||| 21.1846 |||| 21.1846 
0.833019  1.96889  5.75794  0.833019  1.96889  5.75794  |||| 16.3062 |||| 16.3062 
1.0889  1.93716  5.18092  1.0889  1.93716  5.18092  |||| 23.3618 |||| 23.3618 
0.720055  0.788375  6.36991  0.720055  0.788375  6.36991  |||| 10.0361 |||| 10.0361 
0.453912  2.40944  5.4346  0.453912  2.40944  5.4346  |||| 11.5075 |||| 11.5075 
1.02386  2.45262  4.81231  1.02386  2.45262  4.81231  |||| 103.602 |||| 103.602 
0.788589  0.803158  6.24489  0.788589  0.803158  6.24489  |||| 425.086 |||| 425.086 
0.748569  3.20387  4.15646  0.748569  3.20387  4.15646  |||| 9.15452 |||| 9.15452 
0.503059  2.19926  5.72944  0.503059  2.19926  5.72944  |||| 20.9451 |||| 20.9451 
0.66611  2.36552  5.30735  0.66611  2.36552  5.30735  |||| 12.365 |||| 12.365 
0.65381  2.74546  4.84339  0.65381  2.74546  4.84339  |||| 28.0173 |||| 28.0173 
0.65397  2.09473  5.69773  0.65397  2.09473  5.69773  |||| 8.23932 |||| 8.23932 
0.750257  1.40841  5.9661  0.750257  1.40841  5.9661  |||| 14.436 |||| 14.436 
0.767821  1.79436  5.85291  0.767821  1.79436  5.85291  |||| 16.7934 |||| 16.7934 
0.686169  1.71743  5.82867  0.686169  1.71743  5.82867  |||| 67.5726 |||| 67.5726 
0.569657  1.7932  6.08726  0.569657  1.7932  6.08726  |||| 9.7102 |||| 9.7102 
1.38973  2.97052  3.22109  1.38973  2.97052  3.22109  |||| 5.30949 |||| 5.30949 
0.720059  0.976658  6.21591  0.720059  0.976658  6.21591  |||| 6.8521 |||| 6.8521 
0.379192  2.2998  5.45281  0.379192  2.2998  5.45281  |||| 22.0026 |||| 22.0026 
0.868557  1.66584  5.91515  0.868557  1.66584  5.91515  |||| 7.25529 |||| 7.25529 
0.874987  2.07038  5.49122  0.874987  2.07038  5.49122  |||| 9.76778 |||| 9.76778 
0.421806  0.905993  6.3287  0.421806  0.905993  6.3287  |||| 8.28272 |||| 8.28272 
1.09349  1.31401  5.89328  1.09349  1.31401  5.89328  |||| 104.67 |||| 104.67 
0.692687  1.52969  5.97116  0.692687  1.52969  5.97116  |||| 9.08013 |||| 9.08013 
0.481711  1.51403  6.0871  0.481711  1.51403  6.0871  |||| 17.1035 |||| 17.1035 
0.530106  0.965895  6.18484  0.530106  0.965895  6.18484  |||| 6.47845 |||| 6.47845 
0.794765  3.09036  4.52208  0.794765  3.09036  4.52208  |||| 16.4665 |||| 16.4665 
0.537423  1.52526  6.11886  0.537423  1.52526  6.11886  |||| 7.40248 |||| 7.40248 
0.982778  2.3708  5.33486  0.982778  2.3708  5.33486  |||| 9.17615 |||| 9.17615 
1.09822  1.6447  5.71648  1.09822  1.6447  5.71648  |||| 17.2049 |||| 17.2049 
0.771738  1.95894  5.85689  0.771738  1.95894  5.85689  |||| 41.0599 |||| 41.0599 
1.54784  2.22852  4.4437  1.54784  2.22852  4.4437  |||| 5.33785 |||| 5.33785 
0.913252  3.01825  4.50504  0.913252  3.01825  4.50504  |||| 7.39146 |||| 7.39146 
0.957637  1.42828  6.05219  0.957637  1.42828  6.05219  |||| 7.24395 |||| 7.24395 
0.504069  1.89819  5.92625  0.504069  1.89819  5.92625  |||| 18.8839 |||| 18.8839 
0.73957  1.2173  6.09453  0.73957  1.2173  6.09453  |||| 6.26688 |||| 6.26688 
0.442387  1.37216  6.10988  0.442387  1.37216  6.10988  |||| 9.46365 |||| 9.46365 
1.09361  2.87738  4.66689  1.09361  2.87738  4.66689  |||| 178.613 |||| 178.613 
0.481019  0.818251  6.32399  0.481019  0.818251  6.32399  |||| 611.304 |||| 611.304 
0.869529  1.1362  6.23989  0.869529  1.1362  6.23989  |||| 9.12841 |||| 9.12841 
0.508139  0.999596  6.33548  0.508139  0.999596  6.33548  |||| 18.2936 |||| 18.2936 
0.552494  0.637177  6.44828  0.552494  0.637177  6.44828  |||| 6.3564 |||| 6.3564 
0.55513  1.83188  5.7759  0.55513  1.83188  5.7759  |||| 29.9304 |||| 29.9304 
1.2477  2.23884  4.46895  1.2477  2.23884  4.46895  |||| 5.44001 |||| 5.44001 
0.575565  2.06683  5.74077  0.575565  2.06683  5.74077  |||| 10.1251 |||| 10.1251 
1.23812  1.89723  5.15151  1.23812  1.89723  5.15151  |||| 12.6125 |||| 12.6125 
0.593772  1.3201  6.24698  0.593772  1.3201  6.24698  |||| 62.7345 |||| 62.7345 
0.767831  3.11916  4.70459  0.767831  3.11916  4.70459  |||| 6.68132 |||| 6.68132 
0.966076  1.54853  5.86388  0.966076  1.54853  5.86388  |||| 12.2083 |||| 12.2083 
0.574586  0.820537  6.17299  0.574586  0.820537  6.17299  |||| 5.16494 |||| 5.16494 
1.04784  2.2781  5.1387  1.04784  2.2781  5.1387  |||| 15.5462 |||| 15.5462 
1.06633  2.5708  4.51898  1.06633  2.5708  4.51898  |||| 7.14615 |||| 7.14615 
0.464467  0.812597  6.33316  0.464467  0.812597  6.33316  |||| 9.7308 |||| 9.7308 
0.45662  1.45186  6.08297  0.45662  1.45186  6.08297  |||| 16.5597 |||| 16.5597 
1.29071  1.56503  5.21054  1.29071  1.56503  5.21054  |||| 77.7819 |||| 77.7819 
0.498431  3.29068  4.30174  0.498431  3.29068  4.30174  |||| 6.31925 |||| 6.31925 
0.594829  0.765814  6.12058  0.594829  0.765814  6.12058  |||| 13.8159 |||| 13.8159 
0.466285  2.79155  4.97776  0.466285  2.79155  4.97776  |||| 11.0745 |||| 11.0745 
1.62377  2.51253  4.24288  1.62377  2.51253  4.24288  |||| 17.2395 |||| 17.2395 
0.80136  1.44143  5.94348  0.80136  1.44143  5.94348  |||| 6.3337 |||| 6.3337 
0.860647  3.19348  3.81832  0.860647  3.19348  3.81832  |||| 7.87362 |||| 7.87362 
0.569294  0.888899  6.36781  0.569294  0.888899  6.36781  |||| 4.52739 |||| 4.52739 
0.774715  1.50603  5.8852  0.774715  1.50603  5.8852  |||| 35.5099 |||| 35.5099 
1.21143  2.33553  4.97851  1.21143  2.33553  4.97851  |||| 18.569 |||| 18.569 
1.13897  2.19172  5.19464  1.13897  2.19172  5.19464  |||| 19.2655 |||| 19.2655 
1.23057  3.26543  4.26954  1.23057  3.26543  4.26954  |||| 24.9772 |||| 24.9772 
1.2226  2.44241  4.9399  1.2226  2.44241  4.9399  |||| 29.3216 |||| 29.3216 
1.01893  1.50503  6.11623  1.01893  1.50503  6.11623  |||| 27.2562 |||| 27.2562 
0.951305  1.24694  5.94376  0.951305  1.24694  5.94376  |||| 31.4227 |||| 31.4227 
0.622462  2.49359  5.31359  0.622462  2.49359  5.31359  |||| 80.248 |||| 80.248 
0.626868  1.87465  5.92002  0.626868  1.87465  5.92002  |||| 148.787 |||| 148.787 
1.31568  1.49913  5.38433  1.31568  1.49913  5.38433  |||| 362.888 |||| 362.888 
2  0.00013943  7.79179e-05  1.5517  2.52353  0.0421531  |||| 2 |||| 25235.3 
0.000375471  4  0.000370574  0.000274052  2.91944  4.10158  |||| 4 |||| 41015.8 
0.000587541  0.000582959  6  0.32076  2.21769  4.89981  |||| 6 |||| 22176.9 
1.99946  0.0769897  0.077193  1.75287  0.50673  2.78734  |||| 2.15412 |||| 77.6463 
1.99703  0.212657  0.0704051  1.95265  0.875139  0.0715277  |||| 2.28064 |||| 9.3833 
1.99715  0.0952222  0.286381  1.67507  1.90331  1.6114  |||| 2.37909 |||| 47.4225 
1.98947  0.408158  0.0582878  1.86347  0.697335  1.9113  |||| 2.45599 |||| 80.4952 
1.99412  0.204814  0.34206  1.99174  0.492097  0.351675  |||| 2.54153 |||| 6.09255 
1.98904  0.388411  0.232638  0.168832  2.96657  3.99736  |||| 2.6107 |||| 44.7658 
1.98924  0.0866651  0.607866  1.99514  0.30151  0.511739  |||| 2.68403 |||| 9.31797 
1.96813  0.710589  0.0470789  1.65746  2.30443  0.063957  |||| 2.72618 |||| 8.83992 
1.98551  0.364856  0.469468  0.498753  2.38802  4.57497  |||| 2.82041 |||| 27.4753 
1.97377  0.617984  0.280946  1.24351  0.915662  4.49406  |||| 2.87282 |||| 45.9529 
1.98054  0.181972  0.788974  0.84013  1.10988  5.2129  |||| 2.95168 |||| 19.5006 
1.95501  0.833962  0.191279  1.19761  3.20105  0.191279  |||| 2.98166 |||| 11.4421 
1.97632  0.345703  0.76061  1.51595  0.265177  3.89347  |||| 3.08308 |||| 15.7759 
1.96543  0.657278  0.511669  1.82983  1.08726  1.79136  |||| 3.13496 |||| 10.9754 
1.96199  0.0753851  1.15874  1.96199  0.0753851  1.15874  |||| 3.19871 |||| 3.19871 
1.90339  1.2279  0.0395291  1.86431  1.4492  0.0338067  |||| 3.17095 |||| 3.7423 
1.95881  0.644483  0.730044  1.90823  1.16094  0.441868  |||| 3.33378 |||| 6.005 
1.92881  1.02352  0.400269  1.94573  0.8199  0.708388  |||| 3.35299 |||| 5.92985 
1.95373  0.331261  1.18303  1.2356  0.970281  4.48808  |||| 3.46847 |||| 13.1544 
1.89036  1.29639  0.23968  1.22588  2.45038  2.99418  |||| 3.42683 |||| 42.7391 
1.94624  0.569094  1.0866  1.51987  2.49221  1.21399  |||| 3.60226 |||| 15.7707 
1.92074  1.0145  0.69365  1.81755  1.60542  0.693938  |||| 3.62949 |||| 5.74316 
1.92392  0.167346  1.61977  1.10272  2.15632  3.85028  |||| 3.71142 |||| 47.757 
1.83046  1.60792  0.166087  1.90518  1.25545  0.0661721  |||| 3.60474 |||| 3.75189 
1.92267  0.788747  1.15337  1.56918  1.1727  3.32713  |||| 3.86522 |||| 11.1499 
1.87835  1.29702  0.679183  1.67024  2.10719  0.949805  |||| 3.85479 |||| 6.26254 
1.90507  0.325743  1.76001  1.413  2.26769  2.58875  |||| 3.99119 |||| 27.7668 
1.82219  1.6208  0.453617  1.66223  2.18227  0.988185  |||| 3.89734 |||| 8.48414 
1.89996  0.632038  1.61634  1.80049  0.685968  2.42463  |||| 4.14881 |||| 6.22343 
1.87026  1.22155  1.07782  0.793794  3.59146  1.35526  |||| 4.16979 |||| 12.2588 
1.84875  0.0733881  2.28629  1.9837  0.0787452  0.755306  |||| 4.2088 |||| 4.51603 
1.67527  2.18479  0.0344703  1.65288  2.15405  1.08728  |||| 3.89474 |||| 122.11 
1.85182  1.23207  1.31199  1.53783  2.38182  1.39691  |||| 4.39691 |||| 8.49517 
1.76111  1.84292  0.666687  1.973  0.593741  0.706861  |||| 4.27117 |||| 4.78505 
1.8473  0.639477  2.08976  1.27801  3.00435  0.995658  |||| 4.57685 |||| 21.4939 
1.66775  2.19483  0.358891  1.39428  0.794167  4.13338  |||| 4.22173 |||| 48.5863 
1.82874  1.0428  1.85865  1.72215  0.986617  2.74851  |||| 4.73062 |||| 6.99409 
1.75636  1.7594  1.12776  1.02498  3.08669  2.26001  |||| 4.64364 |||| 9.30506 
1.77882  0.330576  2.69745  1.65945  1.79776  1.98599  |||| 4.8077 |||| 26.0897 
1.55101  2.52134  0.213601  1.48697  2.41659  1.73286  |||| 4.28616 |||| 34.7585 
1.77325  1.36575  1.87175  0.807427  3.45105  1.90893  |||| 5.01147 |||| 12.6598 
1.66316  2.11256  1.03127  1.66525  2.11465  1.03336  |||| 4.80809 |||| 4.81475 
1.74052  0.585373  2.82209  1.64815  0.554307  3.29561  |||| 5.14834 |||| 6.01217 
1.54708  2.4992  0.636657  1.58312  0.856437  3.46715  |||| 4.6834 |||| 25.4888 
1.72841  1.07634  2.55085  1.81689  0.157214  2.55903  |||| 5.35641 |||| 5.63063 
1.65471  1.96662  1.62951  1.7461  1.81187  1.18351  |||| 5.25119 |||| 5.5412 
1.62539  0.170904  3.48672  1.55999  0.928696  3.48672  |||| 5.28366 |||| 28.6149 
1.33758  2.97221  0.146016  1.31122  2.92403  1.19348  |||| 4.45624 |||| 36.384 
1.63689  1.79077  2.16102  1.79024  1.80595  0.415101  |||| 5.58902 |||| 6.11228 
1.47674  2.59672  1.09607  1.46348  2.5734  1.35044  |||| 5.16993 |||| 6.36772 
1.61019  0.846608  3.32458  1.90195  0.766939  1.45593  |||| 5.78247 |||| 6.83023 
1.33042  2.95845  0.613881  1.32298  2.93858  0.961207  |||| 4.90294 |||| 7.67514 
1.58267  1.44491  2.95957  0.690307  0.92482  5.45774  |||| 5.98787 |||| 11.0415 
1.46612  2.4466  1.78498  1.82514  1.11726  1.79198  |||| 5.69836 |||| 7.09238 
1.46663  0.342315  4.04689  1.00073  2.13527  4.12399  |||| 5.85648 |||| 36.4629 
1.16938  3.23421  0.39706  1.8439  1.45975  0.920836  |||| 4.80079 |||| 11.1302 
1.4805  1.86398  2.90786  1.43666  1.75637  3.25026  |||| 6.25244 |||| 6.98868 
1.31595  2.82142  1.58224  0.147532  3.98909  0.016954  |||| 5.72026 |||| 8.08763 
1.39643  0.682515  4.17155  1.78203  0.699421  2.51368  |||| 6.25062 |||| 7.97651 
1.15625  3.19788  0.978998  0.92271  2.56523  3.6913  |||| 5.33332 |||| 20.1093 
1.382  1.37876  3.81227  1.40246  0.677841  4.15572  |||| 6.57326 |||| 7.16532 
1.28741  2.59442  2.4369  1.21896  1.64732  4.0671  |||| 6.31908 |||| 10.5451 
1.19887  0.0690108  4.80143  0.64844  2.22911  4.58646  |||| 6.07654 |||| 177.729 
0.858988  3.61223  0.0284338  0.478992  3.52028  2.46015  |||| 4.49967 |||| 389.197 
1.20796  2.62685  2.70956  0.208358  3.55134  2.71513  |||| 6.54523 |||| 8.84847 
0.989693  3.38643  1.17552  1.09612  2.0373  4.01783  |||| 5.55255 |||| 18.965 
1.19136  1.38841  4.34612  0.511536  2.6747  4.18908  |||| 6.92652 |||| 13.3382 
0.829812  3.62064  0.554378  1.80114  1.6151  1.06421  |||| 5.00503 |||| 10.8628 
1.12394  2.17209  3.7437  0.684081  2.88486  3.61871  |||| 7.03995 |||| 9.34926 
0.954669  3.24812  2.01477  0.908033  3.0741  2.74664  |||| 6.21772 |||| 8.47634 
0.998898  0.676522  5.09804  0.678597  2.97489  3.47255  |||| 6.77371 |||| 29.7771 
0.667343  3.76599  0.28425  1.47754  2.4897  1.6707  |||| 4.71819 |||| 27.6757 
0.958719  2.62906  3.48939  1.15551  1.95538  3.92178  |||| 7.07729 |||| 8.52998 
0.770853  3.52126  1.65942  0.867808  3.39337  1.89414  |||| 5.95157 |||| 6.79329 
0.880206  1.12104  5.11854  0.774236  2.56368  4.0327  |||| 7.12026 |||| 16.28 
0.622421  3.75255  0.910811  0.487486  3.65349  1.95659  |||| 5.28582 |||| 11.3548 
0.827345  2.00028  4.56475  1.1308  2.85888  2.53023  |||| 7.39251 |||| 10.5657 
0.706379  3.29946  2.64854  0.76397  1.51748  5.05628  |||| 6.65471 |||| 12.7028 
0.66539  0.325964  5.63704  1.75548  0.797535  2.61409  |||| 6.62868 |||| 17.4847 
0.425263  3.9071  0.158438  1.5125  2.58654  0.59832  |||| 4.4912 |||| 16.919 
0.63415  2.99182  3.49871  1.68526  0.919023  2.97688  |||| 7.12494 |||| 18.9327 
0.479307  3.74827  1.52348  0.785725  3.24365  2.61647  |||| 5.75183 |||| 9.87484 
0.570379  1.42689  5.33769  0.485573  1.38794  5.44768  |||| 7.33502 |||| 7.48615 
0.363036  3.90031  0.765465  0.543989  3.43227  2.73174  |||| 5.02884 |||| 17.9462 
0.497713  2.34167  4.62956  0.505976  2.34993  4.63782  |||| 7.46944 |||| 7.59104 
0.393991  3.5477  2.50681  0.203607  2.31907  4.88472  |||| 6.44908 |||| 12.5654 
0.376218  0.548422  5.83519  0.78628  1.47109  5.07042  |||| 6.76016 |||| 18.1273 
0.233113  3.96152  0.447391  0.575929  3.82875  0.456801  |||| 4.64255 |||| 11.4657 
0.32726  2.7812  4.19907  1.13425  2.65298  2.93004  |||| 7.3078 |||| 25.3074 
0.236394  3.73554  2.02484  1.19958  2.12974  3.61002  |||| 5.99735 |||| 30.4173 
0.238775  1.00459  5.76335  0.409246  0.753216  5.76335  |||| 7.0068 |||| 12.0062 
0.149903  3.91481  1.1467  1.18947  3.22641  0.302022  |||| 5.21147 |||| 41.3525 
0.172095  1.95908  5.20557  1.34485  0.838567  4.2724  |||| 7.33686 |||| 57.2977 
0.120871  3.41326  3.10729  0.124691  3.41708  3.11111  |||| 6.64178 |||| 6.84853 
0.0806124  0.143617  5.99125  0.10477  0.0613716  5.99236  |||| 6.21566 |||| 8.07742 
0.0319469  3.99899  0.0952879  1.93578  0.741173  1.05604  |||| 4.127 |||| 249.389 
0.0171935  3.2272  3.54458  0.970778  2.57805  3.54458  |||| 6.78934 |||| 376.176 
