0.942963  0.744426  17.4548  0.942963  0.744426  17.4548  |||| 33168.2 |||| 33168.2 
0.501965  0.59379  21.6721  0.501965  0.59379  21.6721  |||| 75340.6 |||| 75340.6 
0.226647  0.628428  17.9312  0.226647  0.628428  17.9312  |||| 6247.66 |||| 6247.66 
0.351  0.0509191  21.9853  0.351  0.0509191  21.9853  |||| 218.599 |||| 218.599 
0.474802  0.599146  19.0384  0.474802  0.599146  19.0384  |||| 157.628 |||| 157.628 
0.75246  0.0886729  17.3666  0.75246  0.0886729  17.3666  |||| 26.8149 |||| 26.8149 
0.0794617  0.337373  17.716  0.0794617  0.337373  17.716  |||| 150.69 |||| 150.69 
0.277511  0.863791  17.1183  0.277511  0.863791  17.1183  |||| 22.1388 |||| 22.1388 
0.795914  0.819916  15.5494  0.795914  0.819916  15.5494  |||| 15.8066 |||| 15.8066 
0.54615  0.15864  18.3747  0.54615  0.15864  18.3747  |||| 18.7044 |||| 18.7044 
0.657317  0.697478  18.7102  0.657317  0.697478  18.7102  |||| 263.09 |||| 263.09 
0.407471  0.332874  17.9102  0.407471  0.332874  17.9102  |||| 22.6542 |||| 22.6542 
0.436153  0.545592  17.2739  0.436153  0.545592  17.2739  |||| 32.0656 |||| 32.0656 
0.163288  0.614749  17.8173  0.163288  0.614749  17.8173  |||| 13.7636 |||| 13.7636 
0.00559879  0.353715  17.4513  0.00559879  0.353715  17.4513  |||| 51.3216 |||| 51.3216 
0.689028  0.64748  15.8047  0.689028  0.64748  15.8047  |||| 6.75318 |||| 6.75318 
0.625245  0.0449979  21.2153  0.625245  0.0449979  21.2153  |||| 43.3617 |||| 43.3617 
0.890079  0.862255  14.5875  0.890079  0.862255  14.5875  |||| 35.5312 |||| 35.5312 
0.500468  0.00643177  18.47  0.500468  0.00643177  18.47  |||| 346.789 |||| 346.789 
0.742673  0.0308125  18.1944  0.742673  0.0308125  18.1944  |||| 18.5134 |||| 18.5134 
0.558913  0.667745  18.5556  0.558913  0.667745  18.5556  |||| 36.9796 |||| 36.9796 
0.618173  0.814567  14.2973  0.618173  0.814567  14.2973  |||| 8.48834 |||| 8.48834 
0.920268  0.595046  16.7531  0.920268  0.595046  16.7531  |||| 37.3279 |||| 37.3279 
0.691806  0.2423  17.8373  0.691806  0.2423  17.8373  |||| 12.262 |||| 12.262 
0.809263  0.835895  18.0961  0.809263  0.835895  18.0961  |||| 20.6948 |||| 20.6948 
0.535404  0.307643  19.6699  0.535404  0.307643  19.6699  |||| 12.6742 |||| 12.6742 
0.547119  0.820803  19.6465  0.547119  0.820803  19.6465  |||| 119.375 |||| 119.375 
0.270785  0.60522  19.4154  0.270785  0.60522  19.4154  |||| 17.6855 |||| 17.6855 
0.739562  0.0396815  16.466  0.739562  0.0396815  16.466  |||| 13.2084 |||| 13.2084 
0.162894  0.951834  15.9112  0.162894  0.951834  15.9112  |||| 11.6099 |||| 11.6099 
0.320417  0.370937  22.5244  0.320417  0.370937  22.5244  |||| 72.0022 |||| 72.0022 
0.443171  0.0173939  21.0129  0.443171  0.0173939  21.0129  |||| 17.6462 |||| 17.6462 
0.313766  0.838088  17.3909  0.313766  0.838088  17.3909  |||| 12.5835 |||| 12.5835 
0.769839  0.722737  16.1914  0.769839  0.722737  16.1914  |||| 41.0356 |||| 41.0356 
0.295798  0.594956  18.9328  0.295798  0.594956  18.9328  |||| 538.499 |||| 538.499 
0.545464  0.285773  18.6185  0.545464  0.285773  18.6185  |||| 15.0118 |||| 15.0118 
0.880989  0.326083  18.0262  0.880989  0.326083  18.0262  |||| 24.9085 |||| 24.9085 
0.576653  0.0713541  14.2945  0.576653  0.0713541  14.2945  |||| 1.41483 |||| 1.41483 
0.15721  0.557458  17.4895  0.15721  0.557458  17.4895  |||| 39.3957 |||| 39.3957 
0.0704293  0.589177  18.9562  0.0704293  0.589177  18.9562  |||| 12.2607 |||| 12.2607 
0.430035  0.0226632  19.5372  0.430035  0.0226632  19.5372  |||| 22.2298 |||| 22.2298 
0.0915858  0.370483  19.065  0.0915858  0.370483  19.065  |||| 8.78098 |||| 8.78098 
0.971685  0.672868  14.7091  0.971685  0.672868  14.7091  |||| 11.4554 |||| 11.4554 
0.917533  0.439953  15.5004  0.917533  0.439953  15.5004  |||| 3.64711 |||| 3.64711 
0.0301997  0.437927  20.1852  0.0301997  0.437927  20.1852  |||| 28.1758 |||| 28.1758 
0.879511  0.438789  18.3132  0.879511  0.438789  18.3132  |||| 7.61677 |||| 7.61677 
0.477165  0.210549  18.8645  0.477165  0.210549  18.8645  |||| 34.7472 |||| 34.7472 
0.210705  0.411979  18.5977  0.210705  0.411979  18.5977  |||| 9.36436 |||| 9.36436 
0.21732  0.0278207  20.0507  0.21732  0.0278207  20.0507  |||| 19.0523 |||| 19.0523 
0.513825  0.181876  20.4658  0.513825  0.181876  20.4658  |||| 9.58879 |||| 9.58879 
0.888322  0.942405  19.2636  0.888322  0.942405  19.2636  |||| 156.259 |||| 156.259 
0.405816  0.484544  17.5944  0.405816  0.484544  17.5944  |||| 8.9383 |||| 8.9383 
0.645218  0.315517  18.701  0.645218  0.315517  18.701  |||| 21.516 |||| 21.516 
0.331589  0.242326  20.8478  0.331589  0.242326  20.8478  |||| 11.6698 |||| 11.6698 
0.603703  0.860952  20.5881  0.603703  0.860952  20.5881  |||| 51.5036 |||| 51.5036 
0.363356  0.338282  17.8096  0.363356  0.338282  17.8096  |||| 7.42811 |||| 7.42811 
0.0419687  0.254129  19.1171  0.0419687  0.254129  19.1171  |||| 15.8919 |||| 15.8919 
0.627936  0.415147  17.5885  0.627936  0.415147  17.5885  |||| 7.02671 |||| 7.02671 
0.952644  0.59819  14.138  0.952644  0.59819  14.138  |||| 3.88796 |||| 3.88796 
0.957285  0.274843  16.8054  0.957285  0.274843  16.8054  |||| 5.73544 |||| 5.73544 
0.0889649  0.636685  19.55  0.0889649  0.636685  19.55  |||| 19.5598 |||| 19.5598 
0.394507  0.556763  18.1911  0.394507  0.556763  18.1911  |||| 6.07316 |||| 6.07316 
0.460646  0.690424  19.5079  0.460646  0.690424  19.5079  |||| 29.2541 |||| 29.2541 
0.278423  0.180123  17.7994  0.278423  0.180123  17.7994  |||| 6.31308 |||| 6.31308 
0.596082  0.937167  17.6285  0.596082  0.937167  17.6285  |||| 9.05013 |||| 9.05013 
0.867446  0.99379  21.0364  0.867446  0.99379  21.0364  |||| 78.9437 |||| 78.9437 
0.572766  0.0437061  19.9747  0.572766  0.0437061  19.9747  |||| 923.37 |||| 923.37 
0.196123  0.956623  17.8066  0.196123  0.956623  17.8066  |||| 8.85933 |||| 8.85933 
0.835177  0.607951  16.566  0.835177  0.607951  16.566  |||| 11.4605 |||| 11.4605 
0.733883  0.344192  19.7425  0.733883  0.344192  19.7425  |||| 8.93198 |||| 8.93198 
0.808109  0.269804  18.0635  0.808109  0.269804  18.0635  |||| 35.4312 |||| 35.4312 
0.486895  0.284335  17.2739  0.486895  0.284335  17.2739  |||| 5.89689 |||| 5.89689 
0.50015  0.922358  18.3006  0.50015  0.922358  18.3006  |||| 12.8461 |||| 12.8461 
0.0784916  0.0753429  21.7353  0.0784916  0.0753429  21.7353  |||| 10.0944 |||| 10.0944 
0.637118  0.477795  21.5812  0.637118  0.477795  21.5812  |||| 123.298 |||| 123.298 
0.0351095  0.991409  20.719  0.0351095  0.991409  20.719  |||| 13.3473 |||| 13.3473 
0.386546  0.0960664  23.1034  0.386546  0.0960664  23.1034  |||| 32.1541 |||| 32.1541 
0.333975  0.10291  21.3878  0.333975  0.10291  21.3878  |||| 10.0844 |||| 10.0844 
0.302919  0.415272  18.1487  0.302919  0.415272  18.1487  |||| 23.2759 |||| 23.2759 
0.405256  0.347042  19.5173  0.405256  0.347042  19.5173  |||| 8.71173 |||| 8.71173 
0.927352  0.196978  14.367  0.927352  0.196978  14.367  |||| 8.68358 |||| 8.68358 
0.472417  0.746561  19.8348  0.472417  0.746561  19.8348  |||| 15.1006 |||| 15.1006 
0.555432  0.00366153  19.6845  0.555432  0.00366153  19.6845  |||| 156.842 |||| 156.842 
0.963944  0.68394  15.5932  0.963944  0.68394  15.5932  |||| 10.7663 |||| 10.7663 
0.146145  0.045009  18.9639  0.146145  0.045009  18.9639  |||| 18.2136 |||| 18.2136 
0.441927  0.222231  23.1472  0.441927  0.222231  23.1472  |||| 12.3804 |||| 12.3804 
0.835432  0.952624  16.6756  0.835432  0.952624  16.6756  |||| 16.6706 |||| 16.6706 
0.0369578  0.337016  16.9644  0.0369578  0.337016  16.9644  |||| 4.56024 |||| 4.56024 
0.181007  0.637037  15.9442  0.181007  0.637037  15.9442  |||| 4.64638 |||| 4.64638 
0.425078  0.551716  21.0923  0.425078  0.551716  21.0923  |||| 8.05666 |||| 8.05666 
0.625338  0.974191  17.5831  0.625338  0.974191  17.5831  |||| 35.7149 |||| 35.7149 
0.554177  0.69254  20.6011  0.554177  0.69254  20.6011  |||| 12.2399 |||| 12.2399 
0.820317  0.807306  20.4256  0.820317  0.807306  20.4256  |||| 20.6585 |||| 20.6585 
0.69209  0.33937  21.3711  0.69209  0.33937  21.3711  |||| 20.1399 |||| 20.1399 
0.177873  0.728533  17.7345  0.177873  0.728533  17.7345  |||| 16.3445 |||| 16.3445 
0.0441806  0.451115  19.2372  0.0441806  0.451115  19.2372  |||| 7.18694 |||| 7.18694 
0.481483  0.262683  17.9378  0.481483  0.262683  17.9378  |||| 26.1374 |||| 26.1374 
0.531761  0.292379  16.9116  0.531761  0.292379  16.9116  |||| 40.5654 |||| 40.5654 
0.666608  0.346051  18.423  0.666608  0.346051  18.423  |||| 184.255 |||| 184.255 
0.499505  0.579118  21.3458  0.499505  0.579118  21.3458  |||| 191.388 |||| 191.388 
0.859401  0.708949  3.32296  0.862929  0.734997  3.13121  |||| 7089.49 |||| 7349.97 
0.708949  0.859401  3.32296  0.848877  0.859401  2.61834  |||| 7089.49 |||| 8488.77 
0.000338257  0.000336644  5.99932  0.786046  0.000336644  4.50435  |||| 3.38531 |||| 7860.46 
0.859401  0.708949  3.32296  0.851758  0.812549  2.71579  |||| 19.749 |||| 22.635 
0.859401  0.774811  2.87228  0.855758  0.711776  3.32899  |||| 8.30759 |||| 22.9983 
0.859401  0.251412  3.8802  0.148039  0.778348  4.2517  |||| 10.5161 |||| 19.3932 
0.859401  0.80416  2.72889  0.69025  0.858221  3.46465  |||| 4.83822 |||| 35.8252 
0.859401  0.657088  3.70915  0.859401  0.778206  2.85329  |||| 8.13527 |||| 9.63481 
0.859401  0.744947  3.06098  0.0629594  0.755062  4.58801  |||| 5.00552 |||| 22.1065 
0.859401  0.188554  3.93389  0.838276  0.830741  2.66312  |||| 5.82715 |||| 25.6735 
0.859401  0.821614  2.66878  0.262993  0.796533  4.11214  |||| 3.15175 |||| 86.2034 
0.859401  0.686079  3.49611  0.824814  0.870564  2.66495  |||| 5.29749 |||| 6.72199 
0.859401  0.760288  2.95959  0.859401  0.760288  2.96245  |||| 3.53369 |||| 3.56287 
0.859401  0.251412  3.8802  0.859401  0.779714  2.86869  |||| 4.73661 |||| 12.6394 
0.859401  0.789154  2.79612  0.743672  0.82283  3.18076  |||| 2.82082 |||| 8.77866 
0.859401  0.251412  3.8802  0.166119  0.859401  3.97477  |||| 5.13047 |||| 7.66084 
0.859401  0.728123  3.18033  0.698027  0.862769  3.4061  |||| 3.46978 |||| 4.85307 
0.859401  0.100696  4.12446  0.251412  0.71397  4.55136  |||| 4.16712 |||| 29.5462 
0.859401  0.833063  2.64088  0.830304  0.666132  3.67696  |||| 2.15123 |||| 85.0911 
0.859401  0.69809  3.40518  0.859401  0.255683  3.88046  |||| 3.61089 |||| 5.78011 
0.859401  0.767613  2.91438  0.251148  0.767613  4.28394  |||| 2.51438 |||| 13.9788 
0.859401  0.251412  3.8802  0.0143612  0.863125  4.29125  |||| 3.71115 |||| 9.03495 
0.859401  0.796502  2.76151  0.824535  0.791321  2.90928  |||| 2.10543 |||| 4.21479 
0.859401  0.638861  3.83365  0.862009  0.683956  3.51236  |||| 4.04271 |||| 4.32807 
0.859401  0.736768  3.11811  0.857759  0.770006  2.90022  |||| 2.63568 |||| 2.75459 
0.859401  0.145364  4.0192  0.752712  0.145364  4.4138  |||| 3.21944 |||| 4.12353 
0.859401  0.812376  2.69805  0.861891  0.238913  3.88599  |||| 1.82121 |||| 27.5652 
0.859407  0.672574  3.597  0.863838  0.676293  3.57021  |||| 3.2942 |||| 3.31242 
0.859401  0.752758  3.00831  0.859401  0.752758  3.00831  |||| 2.23718 |||| 2.23718 
0.859401  0.235183  3.88399  0.859401  0.0963154  4.13478  |||| 2.8797 |||| 3.44837 
0.859401  0.781961  2.83296  0.846804  0.225126  3.98594  |||| 1.87981 |||| 11.7788 
0.859401  0.251412  3.8802  0.200901  0.859401  3.91957  |||| 3.25001 |||| 5.63723 
0.859401  0.718899  3.24833  0.888014  0.260186  3.9137  |||| 2.45382 |||| 5.02776 
0.859401  0.0521373  4.23027  0.581687  0.883645  4.16616  |||| 2.97533 |||| 50.4272 
0.838276  0.859401  2.63136  0.862821  0.285475  3.92898  |||| 1.94885 |||| 147.682 
0.859401  0.703647  3.36305  0.780379  0.778826  3.08195  |||| 2.50967 |||| 2.77781 
0.780516  0.816953  2.9095  0.780516  0.859401  2.84069  |||| 1.89297 |||| 1.99132 
0.859401  0.251412  3.8802  0.833511  0.243223  3.90714  |||| 2.77306 |||| 2.83207 
0.791554  0.859401  2.78447  0.251153  0.253536  5.18345  |||| 2.00374 |||| 30.2028 
0.859401  0.64838  3.76982  0.784081  0.167656  4.1795  |||| 2.94118 |||| 3.98369 
0.775765  0.777125  3.11215  0.775765  0.777125  3.11215  |||| 2.05105 |||| 2.05105 
0.859401  0.166915  3.97317  0.872861  0.75872  2.97671  |||| 2.42233 |||| 11.0108 
0.805152  0.859401  2.72493  0.196413  0.859401  3.92185  |||| 2.22501 |||| 26.2332 
0.859401  0.679539  3.54523  0.826994  0.122305  4.11341  |||| 2.49281 |||| 4.01379 
0.742919  0.859401  3.07496  0.742919  0.248755  4.34126  |||| 2.14773 |||| 8.04778 
0.819154  0.251412  3.94219  0.710755  0.250816  4.57554  |||| 2.423 |||| 3.57841 
0.765187  0.859401  2.9291  0.765187  0.760288  3.27469  |||| 2.31641 |||| 4.85699 
0.857969  0.251412  3.88028  0.701611  0.863957  3.3793  |||| 2.65889 |||| 4.29661 
0.711127  0.845251  3.31436  0.859401  0.250396  3.88021  |||| 2.25674 |||| 4.08006 
0.794773  0.0838484  4.31894  0.794773  0.952262  3.09597  |||| 2.58357 |||| 29.341 
0.811077  0.859401  2.70263  0.811077  0.869488  2.70664  |||| 2.7016 |||| 2.8239 
0.710755  0.777522  3.5524  0.862429  0.769959  2.90075  |||| 2.42668 |||| 2.94452 
0.731339  0.859401  3.15699  0.859401  0.859401  2.6261  |||| 2.56034 |||| 3.00867 
0.765345  0.251412  4.19432  0.644973  0.24645  5.05953  |||| 2.74848 |||| 4.25326 
0.759507  0.859401  2.96454  0.659  0.86664  3.71156  |||| 2.79897 |||| 8.76389 
0.743593  0.679128  4.00459  0.743593  0.767787  3.49856  |||| 2.81331 |||| 3.18058 
0.691411  0.859401  3.4558  0.801919  0.859401  2.75372  |||| 2.68678 |||| 3.11621 
0.719601  0.168266  4.59959  0.719088  0.859408  3.24692  |||| 2.87346 |||| 14.6756 
0.774001  0.859401  2.8769  0.21875  0.864995  3.89985  |||| 3.17755 |||| 15.5421 
0.64479  0.811772  3.88037  0.64479  0.811772  3.88986  |||| 2.72293 |||| 2.74332 
0.692585  0.859401  3.44692  0.26603  0.859401  3.88332  |||| 3.01024 |||| 4.58744 
0.69544  0.251412  4.69146  0.69544  0.859401  3.42527  |||| 3.11284 |||| 7.86939 
0.722  0.859401  3.22532  0.722  0.245949  4.49194  |||| 3.33026 |||| 10.2305 
0.679495  0.677978  4.48843  0.679495  0.624839  4.92652  |||| 3.23191 |||| 3.98726 
0.640077  0.859401  3.82566  0.763444  0.866127  2.94161  |||| 3.14154 |||| 3.74704 
0.665836  0.0423238  5.28061  0.695159  0.845838  3.4346  |||| 3.37477 |||| 67.4393 
0.832718  0.859401  2.64158  0.665689  0.748811  4.08579  |||| 4.36202 |||| 232.837 
0.251412  0.859401  3.8802  0.251412  0.708949  4.59441  |||| 3.05774 |||| 4.7825 
0.693702  0.859401  3.43845  0.693702  0.859401  3.43845  |||| 3.89154 |||| 3.89154 
0.251412  0.686222  4.76122  0.731339  0.874523  3.16602  |||| 3.42206 |||| 4.36108 
0.738292  0.859401  3.10733  0.819155  0.270113  3.94729  |||| 4.45269 |||| 12.0342 
0.251412  0.803324  3.99846  0.229005  0.859401  3.8874  |||| 2.60342 |||| 2.78515 
0.251412  0.859401  3.8802  0.859401  0.145597  4.03091  |||| 3.90756 |||| 5.59724 
0.251412  0.251412  5.14639  0.251412  0.273225  5.15333  |||| 3.36474 |||| 3.37397 
0.763444  0.859401  2.93983  0.859827  0.24818  3.8908  |||| 5.39739 |||| 21.1505 
0.251412  0.859401  3.8802  0.859401  0.859401  2.61401  |||| 2.56804 |||| 6.34413 
0.251412  0.859401  3.8802  0.250603  0.855184  3.88091  |||| 4.54116 |||| 4.5437 
0.251412  0.251412  5.14639  0.858119  0.203636  3.91203  |||| 3.52255 |||| 6.94159 
0.672442  0.859401  3.59798  0.873172  0.748632  3.04336  |||| 5.71037 |||| 7.41497 
0.251412  0.746387  4.31731  0.698976  0.746387  3.83557  |||| 2.75845 |||| 6.24448 
0.251412  0.859401  3.8802  0.67369  0.859401  3.58876  |||| 3.18104 |||| 6.34664 
0.251412  0.1535  5.26738  0.251412  0.845251  3.8889  |||| 3.12013 |||| 17.181 
0.769773  0.859401  2.9015  0.853431  0.766129  2.99112  |||| 8.12947 |||| 10.6639 
0.230633  0.859401  3.8864  0.210201  0.246458  5.17059  |||| 2.591 |||| 5.20606 
0.251412  0.859401  3.8802  0.251412  0.900348  3.94619  |||| 4.77874 |||| 5.0278 
0.251412  0.648057  5.03822  0.835553  0.648057  3.7941  |||| 3.33133 |||| 10.7445 
0.251412  0.859401  3.8802  0.859401  0.614217  3.98419  |||| 8.31827 |||| 11.9041 
0.167164  0.786408  4.16852  0.7939  0.859401  2.8324  |||| 2.50811 |||| 11.9107 
0.204076  0.859401  3.91141  0.732323  0.82176  3.20426  |||| 3.33742 |||| 11.9763 
0.169078  0.246458  5.23544  0.859845  0.708705  3.39836  |||| 3.03697 |||| 15.4444 
0.63801  0.859401  3.83922  0.63801  0.840471  3.85318  |||| 12.7016 |||| 12.8463 
0.115132  0.859401  4.09006  0.0651838  0.859401  4.22137  |||| 2.56882 |||| 2.79736 
0.160305  0.859401  3.98668  0.847087  0.711624  3.35648  |||| 4.06479 |||| 21.4792 
0.113774  0.251412  5.35949  0.618517  0.201903  5.25986  |||| 3.33783 |||| 18.1457 
0.175503  0.859401  3.95661  0.755589  0.859401  3.02757  |||| 6.10144 |||| 26.2684 
0.0660019  0.750896  4.60921  0.86201  0.70863  3.33823  |||| 2.81213 |||| 36.7261 
0.0621265  0.859401  4.21054  0.0621265  0.262073  5.47839  |||| 3.41223 |||| 6.12197 
0.0430391  0.0767564  5.81241  0.858079  0.0767564  4.17951  |||| 3.3182 |||| 66.1551 
0.251412  0.859401  3.8802  0.737861  0.860181  3.11039  |||| 54.4467 |||| 95.0597 
0.00832403  0.859401  4.29803  0.88531  0.760288  2.98609  |||| 3.22555 |||| 343.057 
