1.55514  3.5227  4.45582  1.55514  3.5227  4.45582  |||| 36071.3 |||| 36071.3 
2.32418  1.15217  3.40258  2.32418  1.15217  3.40258  |||| 25538.9 |||| 25538.9 
2.54944  1.3189  1.70983  2.54944  1.3189  1.70983  |||| 19147.8 |||| 19147.8 
0.634655  0.790939  6.54207  0.634655  0.790939  6.54207  |||| 158.599 |||| 158.599 
1.41211  3.91386  3.3325  1.41211  3.91386  3.3325  |||| 79.895 |||| 79.895 
1.44862  3.91126  3.47983  1.44862  3.91126  3.47983  |||| 77.7454 |||| 77.7454 
1.34311  2.08039  5.70608  1.34311  2.08039  5.70608  |||| 204.572 |||| 204.572 
1.56428  3.13596  4.75599  1.56428  3.13596  4.75599  |||| 29.0332 |||| 29.0332 
1.33972  2.31303  6.03973  1.33972  2.31303  6.03973  |||| 58.1337 |||| 58.1337 
1.66908  1.84348  5.66135  1.66908  1.84348  5.66135  |||| 32.528 |||| 32.528 
1.86246  1.92916  5.16642  1.86246  1.92916  5.16642  |||| 248.445 |||| 248.445 
2.0498  1.7706  4.84033  2.0498  1.7706  4.84033  |||| 23.9721 |||| 23.9721 
2.24614  2.12766  3.3665  2.24614  2.12766  3.3665  |||| 25.7453 |||| 25.7453 
1.40617  2.16298  5.34212  1.40617  2.16298  5.34212  |||| 22.2411 |||| 22.2411 
1.57404  4.26102  0.893063  1.57404  4.26102  0.893063  |||| 12.4037 |||| 12.4037 
1.99599  2.03881  4.35555  1.99599  2.03881  4.35555  |||| 14.2094 |||| 14.2094 
0.793845  4.20316  3.18951  0.793845  4.20316  3.18951  |||| 16.2605 |||| 16.2605 
2.01855  3.38327  2.42181  2.01855  3.38327  2.42181  |||| 107.278 |||| 107.278 
2.20218  2.32663  3.64753  2.20218  2.32663  3.64753  |||| 224.052 |||| 224.052 
1.44738  1.14881  6.15322  1.44738  1.14881  6.15322  |||| 24.2099 |||| 24.2099 
1.60058  3.62381  3.45259  1.60058  3.62381  3.45259  |||| 21.7971 |||| 21.7971 
2.25664  1.11684  4.35876  2.25664  1.11684  4.35876  |||| 10.2879 |||| 10.2879 
1.13856  1.40841  6.46308  1.13856  1.40841  6.46308  |||| 80.1404 |||| 80.1404 
1.61942  1.36595  5.8645  1.61942  1.36595  5.8645  |||| 16.6257 |||| 16.6257 
0.87276  2.42938  6.05193  0.87276  2.42938  6.05193  |||| 27.2049 |||| 27.2049 
1.78889  2.07778  4.97999  1.78889  2.07778  4.97999  |||| 28.5002 |||| 28.5002 
1.8751  2.02784  4.42528  1.8751  2.02784  4.42528  |||| 77.5087 |||| 77.5087 
2.30878  2.9181  0.848689  2.30878  2.9181  0.848689  |||| 10.4186 |||| 10.4186 
2.17192  2.35682  3.60831  2.17192  2.35682  3.60831  |||| 15.6575 |||| 15.6575 
1.8252  2.38289  4.60775  1.8252  2.38289  4.60775  |||| 19.4927 |||| 19.4927 
1.41214  3.81587  3.45256  1.41214  3.81587  3.45256  |||| 22.3558 |||| 22.3558 
1.52549  2.16274  5.79021  1.52549  2.16274  5.79021  |||| 12.6837 |||| 12.6837 
1.65357  1.79685  5.47809  1.65357  1.79685  5.47809  |||| 17.9085 |||| 17.9085 
2.41776  1.99604  2.73365  2.41776  1.99604  2.73365  |||| 68.7715 |||| 68.7715 
1.19064  1.82404  6.14611  1.19064  1.82404  6.14611  |||| 594.942 |||| 594.942 
1.07427  3.28194  5.27064  1.07427  3.28194  5.27064  |||| 14.8158 |||| 14.8158 
1.94201  1.36468  5.09149  1.94201  1.36468  5.09149  |||| 27.1799 |||| 27.1799 
1.47516  2.66163  5.33924  1.47516  2.66163  5.33924  |||| 13.3834 |||| 13.3834 
2.12956  0.847821  4.86641  2.12956  0.847821  4.86641  |||| 47.2268 |||| 47.2268 
1.77195  3.00982  4.41217  1.77195  3.00982  4.41217  |||| 10.0653 |||| 10.0653 
1.34257  2.52547  5.72891  1.34257  2.52547  5.72891  |||| 20.0932 |||| 20.0932 
1.23214  4.36328  1.48751  1.23214  4.36328  1.48751  |||| 51.843 |||| 51.843 
1.7056  2.1829  4.75688  1.7056  2.1829  4.75688  |||| 78.3922 |||| 78.3922 
1.41182  3.16016  4.21909  1.41182  3.16016  4.21909  |||| 9.0223 |||| 9.0223 
1.06066  4.13706  3.30502  1.06066  4.13706  3.30502  |||| 11.4448 |||| 11.4448 
2.47543  1.91225  3.27448  2.47543  1.91225  3.27448  |||| 9.85611 |||| 9.85611 
2.30237  1.34068  3.91314  2.30237  1.34068  3.91314  |||| 22.5284 |||| 22.5284 
0.83187  0.797901  6.63888  0.83187  0.797901  6.63888  |||| 12.1581 |||| 12.1581 
1.18181  2.88827  5.03491  1.18181  2.88827  5.03491  |||| 13.4892 |||| 13.4892 
2.59223  1.85908  2.45343  2.59223  1.85908  2.45343  |||| 32.9115 |||| 32.9115 
1.81269  1.23468  5.02521  1.81269  1.23468  5.02521  |||| 127.325 |||| 127.325 
1.77447  2.4668  4.51287  1.77447  2.4668  4.51287  |||| 9.47553 |||| 9.47553 
2.05117  3.33286  2.31977  2.05117  3.33286  2.31977  |||| 6.93662 |||| 6.93662 
1.171  1.88166  6.02455  1.171  1.88166  6.02455  |||| 9.00188 |||| 9.00188 
1.62994  2.67337  4.81879  1.62994  2.67337  4.81879  |||| 31.7009 |||| 31.7009 
1.18711  1.8062  5.91584  1.18711  1.8062  5.91584  |||| 10.2513 |||| 10.2513 
2.14944  0.984288  4.00951  2.14944  0.984288  4.00951  |||| 10.0885 |||| 10.0885 
1.88146  2.67139  5.17746  1.88146  2.67139  5.17746  |||| 32.1114 |||| 32.1114 
1.66145  3.17923  4.67619  1.66145  3.17923  4.67619  |||| 46.2633 |||| 46.2633 
2.25692  2.45957  3.32868  2.25692  2.45957  3.32868  |||| 6.85076 |||| 6.85076 
2.08764  1.89174  4.16259  2.08764  1.89174  4.16259  |||| 11.9769 |||| 11.9769 
1.70851  3.23838  4.40653  1.70851  3.23838  4.40653  |||| 22.4108 |||| 22.4108 
0.913983  2.91788  5.64716  0.913983  2.91788  5.64716  |||| 26.1409 |||| 26.1409 
1.93036  2.1064  5.21673  1.93036  2.1064  5.21673  |||| 7.53142 |||| 7.53142 
1.23948  3.33511  4.84154  1.23948  3.33511  4.84154  |||| 10.3526 |||| 10.3526 
2.08722  2.35249  4.20065  2.08722  2.35249  4.20065  |||| 124.504 |||| 124.504 
1.87305  4.01277  2.28516  1.87305  4.01277  2.28516  |||| 227.252 |||| 227.252 
2.35681  1.73237  3.31084  2.35681  1.73237  3.31084  |||| 9.33135 |||| 9.33135 
0.966386  3.07833  4.91971  0.966386  3.07833  4.91971  |||| 19.2161 |||| 19.2161 
2.23  2.15158  2.52296  2.23  2.15158  2.52296  |||| 9.27471 |||| 9.27471 
2.57746  1.49863  2.82414  2.57746  1.49863  2.82414  |||| 17.8304 |||| 17.8304 
1.59789  2.57564  5.1821  1.59789  2.57564  5.1821  |||| 8.14883 |||| 8.14883 
1.53199  4.1063  3.12022  1.53199  4.1063  3.12022  |||| 7.01011 |||| 7.01011 
1.81465  1.43506  5.84531  1.81465  1.43506  5.84531  |||| 8.00147 |||| 8.00147 
1.81281  1.34635  5.49508  1.81281  1.34635  5.49508  |||| 76.9691 |||| 76.9691 
2.12596  0.980767  4.78935  2.12596  0.980767  4.78935  |||| 11.0089 |||| 11.0089 
2.32922  2.53348  3.50269  2.32922  2.53348  3.50269  |||| 13.0832 |||| 13.0832 
1.614  2.1097  5.20734  1.614  2.1097  5.20734  |||| 8.37444 |||| 8.37444 
2.26782  2.04216  3.04851  2.26782  2.04216  3.04851  |||| 13.8689 |||| 13.8689 
1.82824  1.18373  5.48839  1.82824  1.18373  5.48839  |||| 10.6632 |||| 10.6632 
1.95671  3.56774  2.62434  1.95671  3.56774  2.62434  |||| 12.4547 |||| 12.4547 
1.12304  2.42647  5.8542  1.12304  2.42647  5.8542  |||| 33.2446 |||| 33.2446 
2.60934  1.32434  2.09555  2.60934  1.32434  2.09555  |||| 35.2583 |||| 35.2583 
1.52693  3.36195  4.41148  1.52693  3.36195  4.41148  |||| 10.0241 |||| 10.0241 
1.38723  4.29572  2.10197  1.38723  4.29572  2.10197  |||| 9.02665 |||| 9.02665 
2.28885  1.82466  3.56004  2.28885  1.82466  3.56004  |||| 21.2715 |||| 21.2715 
1.47972  1.56181  6.20017  1.47972  1.56181  6.20017  |||| 35.1567 |||| 35.1567 
2.12825  1.631  3.91648  2.12825  1.631  3.91648  |||| 22.408 |||| 22.408 
0.996682  0.991024  6.768  0.996682  0.991024  6.768  |||| 15.2268 |||| 15.2268 
1.50874  1.86054  5.71835  1.50874  1.86054  5.71835  |||| 15.7001 |||| 15.7001 
0.867722  2.16846  6.25476  0.867722  2.16846  6.25476  |||| 56.0441 |||| 56.0441 
1.82454  3.77653  2.48336  1.82454  3.77653  2.48336  |||| 26.5488 |||| 26.5488 
2.06437  2.18103  4.40822  2.06437  2.18103  4.40822  |||| 36.2526 |||| 36.2526 
2.48437  1.739  3.80203  2.48437  1.739  3.80203  |||| 54.266 |||| 54.266 
1.03291  2.0611  6.21371  1.03291  2.0611  6.21371  |||| 24.3814 |||| 24.3814 
1.61255  2.34926  4.88891  1.61255  2.34926  4.88891  |||| 41.6633 |||| 41.6633 
1.55747  3.27567  3.76022  1.55747  3.27567  3.76022  |||| 50.6844 |||| 50.6844 
1.6781  2.4659  4.98023  1.6781  2.4659  4.98023  |||| 80.4463 |||| 80.4463 
1.4498  2.53795  4.84699  1.4498  2.53795  4.84699  |||| 171.929 |||| 171.929 
2.24614  2.45917  3.25579  2.24614  2.45917  3.25579  |||| 624.447 |||| 624.447 
2.0692  0.0693338  0.0692291  2.07287  0.373306  0.0783451  |||| 2 |||| 3041.02 
0.0695892  4.0692  0.0695471  1.64911  2.53481  0.0731697  |||| 4 |||| 15799 
0.0697991  0.0696956  6.0692  1.52879  2.51424  1.92154  |||| 6 |||| 24450.4 
2.06867  0.146431  0.146199  0.17142  0.266493  6.07316  |||| 2.15412 |||| 167.251 
2.06623  0.281891  0.140028  1.93363  0.240642  2.22534  |||| 2.28064 |||| 69.3547 
2.06636  0.164504  0.355553  1.98554  0.663122  1.53725  |||| 2.37909 |||| 14.798 
2.05867  0.477368  0.126806  0.467252  0.843453  5.8551  |||| 2.45599 |||| 243.676 
2.06331  0.274437  0.411189  2.06331  0.274437  0.411189  |||| 2.54152 |||| 2.54152 
2.05823  0.457697  0.302255  0.160753  0.118662  6.06245  |||| 2.61068 |||| 67.1175 
2.05844  0.155466  0.677149  2.04281  0.793839  0.692879  |||| 2.68404 |||| 22.3944 
2.03732  0.779849  0.1164  1.92541  0.996007  1.82176  |||| 2.72617 |||| 100.843 
2.0547  0.43447  0.538446  1.82035  1.95058  1.48183  |||| 2.82039 |||| 14.5269 
2.04297  0.68721  0.350084  1.19886  2.72325  3.03766  |||| 2.87282 |||| 30.3532 
2.04975  0.251097  0.858082  1.87633  0.416972  2.72052  |||| 2.95168 |||| 9.91811 
2.02418  0.90333  0.26142  1.82491  0.742278  2.78226  |||| 2.98161 |||| 42.0236 
2.04553  0.414515  0.830024  1.82416  1.94483  0.673977  |||| 3.08309 |||| 16.7197 
2.0346  0.726868  0.580747  1.7297  2.29041  0.621359  |||| 3.13492 |||| 10.5849 
2.03113  0.146009  1.22857  2.00581  0.543637  1.42039  |||| 3.19862 |||| 19.6335 
1.97258  1.29716  0.108372  1.60295  0.581872  3.84243  |||| 3.17097 |||| 302.054 
2.02801  0.713615  0.799496  2.03296  0.715245  0.663926  |||| 3.33377 |||| 3.34221 
1.99801  1.09273  0.469508  1.76376  2.09121  1.1413  |||| 3.35299 |||| 8.97445 
2.02292  0.400497  1.25236  1.68571  0.433179  3.55978  |||| 3.46845 |||| 10.2307 
1.95957  1.36557  0.30894  1.18527  3.38463  0.30894  |||| 3.42683 |||| 8.76384 
2.01543  0.6383  1.15594  1.04531  3.41054  1.58732  |||| 3.60225 |||| 21.144 
1.98992  1.08376  0.763097  1.62245  2.51432  1.31082  |||| 3.62946 |||| 8.74705 
1.99312  0.236238  1.6891  1.70139  0.850562  3.38804  |||| 3.71141 |||| 17.3051 
1.89967  1.67713  0.234413  0.267896  4.06501  0.424903  |||| 3.60475 |||| 8.95794 
1.99187  0.85835  1.22201  1.97944  0.735503  1.89865  |||| 3.86521 |||| 6.13082 
1.94755  1.36625  0.748118  1.35432  2.51667  2.8562  |||| 3.8548 |||| 15.8128 
1.97427  0.394887  1.82929  1.98961  0.382319  1.84353  |||| 3.99118 |||| 4.02332 
1.89132  1.6903  0.523048  1.83534  2.04241  0.798473  |||| 3.89718 |||| 6.26119 
1.96915  0.701395  1.68551  1.20882  1.77289  4.30277  |||| 4.14879 |||| 11.1753 
1.93949  1.29066  1.14693  1.23964  3.23212  1.14693  |||| 4.16984 |||| 10.796 
1.91795  0.14292  2.35546  1.76585  0.883501  3.0019  |||| 4.2088 |||| 46.4696 
1.74448  2.25398  0.103535  0.903461  3.69533  0.458111  |||| 3.89475 |||| 43.677 
1.92092  1.30181  1.38144  0.426197  3.99712  0.668937  |||| 4.39665 |||| 14.0096 
1.83026  1.91243  0.735357  1.52879  2.81168  0.113459  |||| 4.27103 |||| 6.35462 
1.91649  0.708909  2.15892  1.75973  0.595177  3.18688  |||| 4.57681 |||| 6.82795 
1.73697  2.26402  0.427498  1.75251  0.661357  3.22479  |||| 4.22177 |||| 37.0928 
1.89794  1.1118  1.92818  0.345732  0.122468  6.02885  |||| 4.7306 |||| 15.1655 
1.82556  1.82866  1.19688  1.47991  2.89109  1.22599  |||| 4.64369 |||| 7.44775 
1.84799  0.400283  2.76674  0.460297  3.79408  2.02457  |||| 4.8076 |||| 54.0566 
1.62019  2.59062  0.282827  0.870255  2.00986  4.75675  |||| 4.28608 |||| 94.0248 
1.84239  1.43519  1.94112  2.06646  0.239606  0.251848  |||| 5.01128 |||| 5.64455 
1.73225  2.18199  1.10104  1.72459  2.16721  1.55828  |||| 4.80777 |||| 6.93805 
1.80974  0.65424  2.89137  1.49892  1.96508  3.16424  |||| 5.14846 |||| 16.6644 
1.6163  2.56849  0.704848  1.33123  3.18017  0.268111  |||| 4.68345 |||| 5.8297 
1.79752  1.14619  2.62001  1.45689  2.97128  0.22377  |||| 5.35612 |||| 14.4325 
1.72388  2.03595  1.69871  0.155909  3.84616  2.06401  |||| 5.25106 |||| 10.084 
1.69458  0.240602  3.55593  1.96463  0.26908  1.96032  |||| 5.28361 |||| 6.16146 
1.40694  3.04114  0.21494  1.73338  2.3001  0.218562  |||| 4.45584 |||| 5.54318 
1.70608  1.85992  2.2304  1.18152  2.73778  3.06385  |||| 5.58885 |||| 8.32868 
1.54593  2.66592  1.16545  1.562  2.69417  0.73298  |||| 5.16988 |||| 5.22612 
1.6793  0.916462  3.39381  0.254159  3.38108  3.39601  |||| 5.78216 |||| 22.5969 
1.39961  3.02767  0.683156  2.03767  0.62274  0.77256  |||| 4.90289 |||| 7.25428 
1.65179  1.51438  3.02885  1.78347  0.190149  3.15444  |||| 5.98766 |||| 6.48576 
1.53542  2.51551  1.85435  1.73171  2.19336  1.12947  |||| 5.69769 |||| 6.46041 
1.53584  0.411497  4.11608  1.8958  1.67143  0.528913  |||| 5.85647 |||| 27.3604 
1.2386  3.30342  0.465681  0.233695  0.445686  6.02215  |||| 4.8008 |||| 71.9537 
1.54978  1.93317  2.97674  1.4755  1.83967  3.4081  |||| 6.25241 |||| 7.17925 
1.38525  2.89045  1.65143  0.178196  3.30587  3.57948  |||| 5.72005 |||| 12.6866 
1.46563  0.751741  4.24076  1.73132  2.00136  1.72341  |||| 6.25062 |||| 17.6924 
1.22542  3.26717  1.04786  1.80976  1.94006  0.995958  |||| 5.33317 |||| 8.0284 
1.45118  1.44799  3.88155  1.5196  2.62274  1.61709  |||| 6.57327 |||| 12.1726 
1.35668  2.66359  2.50586  0.778198  2.71293  4.08463  |||| 6.31901 |||| 10.4111 
1.26804  0.145143  4.87046  0.217315  3.87273  1.87261  |||| 6.07631 |||| 303.258 
0.928178  3.68144  0.0975063  1.53401  2.32276  2.36318  |||| 4.49968 |||| 362.909 
1.27709  2.696  2.7792  0.192619  4.0596  0.293415  |||| 6.54487 |||| 9.94241 
1.05895  3.45547  1.24532  1.60851  1.182  3.54384  |||| 5.5523 |||| 16.401 
1.26051  1.45806  4.41511  0.947052  1.36859  5.13424  |||| 6.92617 |||| 8.07226 
0.899064  3.68981  0.623493  1.25905  2.58765  3.09998  |||| 5.00497 |||| 27.3558 
1.19302  2.24145  3.81304  1.21828  2.1946  3.81516  |||| 7.04016 |||| 7.1974 
1.02383  3.3174  2.08386  0.861644  2.10438  4.67159  |||| 6.21754 |||| 14.2033 
1.06812  0.745851  5.16718  1.8611  1.14874  2.34452  |||| 6.77362 |||| 12.1507 
0.736534  3.83521  0.35325  0.207644  4.06785  0.364489  |||| 4.71821 |||| 5.00967 
1.02791  2.69826  3.55864  1.98767  0.428075  1.74896  |||| 7.07724 |||| 14.1622 
0.840092  3.5905  1.7283  1.95172  1.40077  0.415938  |||| 5.95179 |||| 14.5343 
0.949288  1.19037  5.18787  0.16025  0.141273  6.06429  |||| 7.12008 |||| 8.33918 
0.691569  3.82179  0.980024  1.70503  0.993464  3.23061  |||| 5.28587 |||| 18.3469 
0.896667  2.06938  4.63387  0.306841  4.00543  0.904482  |||| 7.39237 |||| 14.5473 
0.775396  3.36872  2.71803  0.390494  2.38998  4.86007  |||| 6.65483 |||| 12.0361 
0.734716  0.394805  5.70616  1.99746  1.01452  0.892572  |||| 6.62857 |||| 19.215 
0.494446  3.97631  0.227867  0.322843  3.57707  3.01917  |||| 4.4912 |||| 83.4179 
0.703347  3.06097  3.56803  0.350228  3.91957  1.46576  |||| 7.12481 |||| 9.16956 
0.548727  3.81734  1.59279  0.934863  3.56129  1.59232  |||| 5.75163 |||| 10.383 
0.63938  1.49613  5.40707  1.30782  3.16735  0.867091  |||| 7.33525 |||| 15.9275 
0.432244  3.96952  0.83459  0.363418  3.86874  1.72415  |||| 5.02885 |||| 10.8722 
0.566928  2.41108  4.69851  0.808378  3.78386  0.571721  |||| 7.46903 |||| 11.8473 
0.463278  3.61681  2.57619  2.02286  0.807135  1.08017  |||| 6.44894 |||| 31.9497 
0.445496  0.617787  5.90431  1.6854  2.4254  0.0770926  |||| 6.76006 |||| 29.0339 
0.302375  4.0307  0.516919  1.92554  0.195514  2.30825  |||| 4.64251 |||| 36.9562 
0.396702  2.85042  4.26807  1.25747  1.66311  4.26998  |||| 7.30785 |||| 26.5127 
0.30568  3.80463  2.09443  0.32749  3.97529  1.23409  |||| 5.99716 |||| 6.54925 
0.307889  1.07373  5.83261  0.460122  1.68973  5.44583  |||| 7.00687 |||| 11.4685 
0.219012  3.98401  1.21597  0.724219  1.63067  5.24117  |||| 5.21148 |||| 23.504 
0.240456  2.02832  5.27499  2.05794  0.674887  0.365653  |||| 7.33717 |||| 84.7305 
0.190038  3.48236  3.17677  0.192349  3.82214  2.11209  |||| 6.6417 |||| 7.30275 
0.14982  0.212932  6.06045  0.117253  0.481264  6.05316  |||| 6.21565 |||| 17.8123 
0.101232  4.06818  0.16509  1.90284  1.67992  0.273401  |||| 4.12699 |||| 236.23 
0.0863806  3.29639  3.61381  1.2521  2.21829  3.82302  |||| 6.78931 |||| 458.369 
