2.73394  2.09698  2.73394  2.09698  |||| 54.502 |||| 54.502 
1.4651  3.74498  1.4651  3.74498  |||| 5567.91 |||| 5567.91 
1.75937  3.19255  1.75937  3.19255  |||| 215.799 |||| 215.799 
2.50556  2.91666  2.50556  2.91666  |||| 53.9085 |||| 53.9085 
2.12887  3.5497  2.12887  3.5497  |||| 57.1604 |||| 57.1604 
1.59112  3.78178  1.59112  3.78178  |||| 47.3269 |||| 47.3269 
2.18164  3.20352  2.18164  3.20352  |||| 24.2167 |||| 24.2167 
1.54952  4.00255  1.54952  4.00255  |||| 34.051 |||| 34.051 
1.76425  3.68407  1.76425  3.68407  |||| 24.0106 |||| 24.0106 
1.83439  3.88641  1.83439  3.88641  |||| 23.4531 |||| 23.4531 
1.9324  3.91198  1.9324  3.91198  |||| 20.9888 |||| 20.9888 
1.69401  3.93336  1.69401  3.93336  |||| 18.9999 |||| 18.9999 
1.14119  4.2151  1.14119  4.2151  |||| 19.82 |||| 19.82 
2.54081  3.00617  2.54081  3.00617  |||| 7.79429 |||| 7.79429 
2.51642  3.09965  2.51642  3.09965  |||| 7.90364 |||| 7.90364 
2.23797  2.76206  2.23797  2.76206  |||| 4.86758 |||| 4.86758 
2.62592  2.16162  2.62592  2.16162  |||| 2.01587 |||| 2.01587 
1.02997  4.407  1.02997  4.407  |||| 14.6398 |||| 14.6398 
2.48495  2.91334  2.48495  2.91334  |||| 4.88107 |||| 4.88107 
1.4536  3.99002  1.4536  3.99002  |||| 10.6315 |||| 10.6315 
2.27437  3.0861  2.27437  3.0861  |||| 5.26851 |||| 5.26851 
2.22594  3.70759  2.22594  3.70759  |||| 8.12174 |||| 8.12174 
1.83068  3.68429  1.83068  3.68429  |||| 7.61417 |||| 7.61417 
2.46889  2.86123  2.46889  2.86123  |||| 3.5084 |||| 3.5084 
1.36021  4.00584  1.36021  4.00584  |||| 8.33787 |||| 8.33787 
2.83564  2.09153  2.83564  2.09153  |||| 2.53528 |||| 2.53528 
2.71352  2.59261  2.71352  2.59261  |||| 2.40694 |||| 2.40694 
2.47702  3.05004  2.47702  3.05004  |||| 3.68369 |||| 3.68369 
2.68832  2.23326  2.68832  2.23326  |||| 2.43973 |||| 2.43973 
1.20343  4.11799  1.20343  4.11799  |||| 7.22157 |||| 7.22157 
1.43167  4.14293  1.43167  4.14293  |||| 7.05393 |||| 7.05393 
1.05141  4.28098  1.05141  4.28098  |||| 7.27345 |||| 7.27345 
1.94114  3.67114  1.94114  3.67114  |||| 5.07549 |||| 5.07549 
2.30764  2.79086  2.30764  2.79086  |||| 2.17569 |||| 2.17569 
2.77  2.41874  2.77  2.41874  |||| 2.78543 |||| 2.78543 
1.99182  3.87778  1.99182  3.87778  |||| 5.22544 |||| 5.22544 
1.74237  3.59937  1.74237  3.59937  |||| 4.28313 |||| 4.28313 
2.16995  3.35374  2.16995  3.35374  |||| 3.4844 |||| 3.4844 
1.91942  3.25559  1.91942  3.25559  |||| 3.12542 |||| 3.12542 
1.65451  4.05611  1.65451  4.05611  |||| 5.13411 |||| 5.13411 
1.71201  3.68457  1.71201  3.68457  |||| 4.05502 |||| 4.05502 
1.95041  3.14598  1.95041  3.14598  |||| 2.61609 |||| 2.61609 
1.35547  4.13328  1.35547  4.13328  |||| 4.94054 |||| 4.94054 
2.25717  2.89354  2.25717  2.89354  |||| 2.33961 |||| 2.33961 
1.71922  3.92338  1.71922  3.92338  |||| 4.22403 |||| 4.22403 
2.20458  2.96252  2.20458  2.96252  |||| 2.3309 |||| 2.3309 
1.91196  3.73861  1.91196  3.73861  |||| 3.62728 |||| 3.62728 
1.74298  3.64117  1.74298  3.64117  |||| 3.33768 |||| 3.33768 
1.7774  4.03509  1.7774  4.03509  |||| 4.09611 |||| 4.09611 
1.54984  4.09776  1.54984  4.09776  |||| 4.13918 |||| 4.13918 
2.07813  3.87794  2.07813  3.87794  |||| 3.60966 |||| 3.60966 
1.66887  4.11296  1.66887  4.11296  |||| 4.00202 |||| 4.00202 
1.40853  4.11894  1.40853  4.11894  |||| 3.93437 |||| 3.93437 
2.34702  3.33999  2.34702  3.33999  |||| 3.03212 |||| 3.03212 
1.00121  4.30561  1.00121  4.30561  |||| 4.13295 |||| 4.13295 
1.66428  4.11012  1.66428  4.11012  |||| 3.69761 |||| 3.69761 
2.17811  3.22234  2.17811  3.22234  |||| 2.8607 |||| 2.8607 
1.9734  3.36703  1.9734  3.36703  |||| 2.45596 |||| 2.45596 
1.2111  4.30107  1.2111  4.30107  |||| 3.83247 |||| 3.83247 
1.28171  3.91873  1.28171  3.91873  |||| 3.11418 |||| 3.11418 
1.61806  3.80464  1.61806  3.80464  |||| 2.86982 |||| 2.86982 
2.08284  3.59704  2.08284  3.59704  |||| 2.9897 |||| 2.9897 
1.56998  3.53442  1.56998  3.53442  |||| 2.33725 |||| 2.33725 
1.35592  4.13113  1.35592  4.13113  |||| 3.2501 |||| 3.2501 
2.46696  2.96114  2.46696  2.96114  |||| 4.30276 |||| 4.30276 
2.61512  2.35661  2.61512  2.35661  |||| 4.84832 |||| 4.84832 
2.21665  3.44593  2.21665  3.44593  |||| 3.82736 |||| 3.82736 
1.89462  3.57457  1.89462  3.57457  |||| 2.97409 |||| 2.97409 
2.33969  2.44847  2.33969  2.44847  |||| 4.45318 |||| 4.45318 
2.43975  3.27678  2.43975  3.27678  |||| 4.9207 |||| 4.9207 
2.51241  2.40925  2.51241  2.40925  |||| 5.32886 |||| 5.32886 
1.39811  3.88658  1.39811  3.88658  |||| 2.53115 |||| 2.53115 
0.908311  4.52074  0.908311  4.52074  |||| 3.37677 |||| 3.37677 
1.9442  4.05316  1.9442  4.05316  |||| 3.83084 |||| 3.83084 
2.17361  3.3025  2.17361  3.3025  |||| 4.86272 |||| 4.86272 
2.25985  3.40714  2.25985  3.40714  |||| 5.40617 |||| 5.40617 
2.45921  2.95166  2.45921  2.95166  |||| 6.46756 |||| 6.46756 
2.22882  3.50862  2.22882  3.50862  |||| 5.75156 |||| 5.75156 
2.15792  3.48266  2.15792  3.48266  |||| 5.69587 |||| 5.69587 
1.89999  3.48999  1.89999  3.48999  |||| 4.74069 |||| 4.74069 
2.3707  3.14516  2.3707  3.14516  |||| 7.34941 |||| 7.34941 
2.30521  2.99246  2.30521  2.99246  |||| 7.39977 |||| 7.39977 
2.28954  3.1996  2.28954  3.1996  |||| 7.73491 |||| 7.73491 
1.65668  3.54085  1.65668  3.54085  |||| 4.44484 |||| 4.44484 
1.822  3.91428  1.822  3.91428  |||| 5.7769 |||| 5.7769 
2.10846  3.46343  2.10846  3.46343  |||| 8.11139 |||| 8.11139 
2.01394  3.19754  2.01394  3.19754  |||| 8.02609 |||| 8.02609 
1.53759  3.94344  1.53759  3.94344  |||| 4.93358 |||| 4.93358 
2.4768  3.31332  2.4768  3.31332  |||| 13.3662 |||| 13.3662 
1.64609  3.96091  1.64609  3.96091  |||| 6.88592 |||| 6.88592 
1.82717  3.50739  1.82717  3.50739  |||| 9.47876 |||| 9.47876 
1.75489  3.57862  1.75489  3.57862  |||| 9.76058 |||| 9.76058 
1.98561  3.64211  1.98561  3.64211  |||| 14.0767 |||| 14.0767 
2.13307  3.22469  2.13307  3.22469  |||| 18.4656 |||| 18.4656 
2.44211  3.03737  2.44211  3.03737  |||| 27.3296 |||| 27.3296 
2.2741  3.44995  2.2741  3.44995  |||| 29.7439 |||| 29.7439 
2.02107  3.11757  2.02107  3.11757  |||| 31.1573 |||| 31.1573 
1.83571  3.4564  1.83571  3.4564  |||| 36.3539 |||| 36.3539 
2.30006  3.20677  2.30006  3.20677  |||| 90.9279 |||| 90.9279 
1.95587  4.06322  1.95587  4.06322  |||| 205.321 |||| 205.321 
2.00103  0.00108547  1.61482  3.53985  |||| 1.90487 |||| 35387.6 
0.0963384  4.09575  2.20513  0.29939  |||| 4.09466 |||| 21089.6 
2.00079  0.00835145  2.32706  2.68943  |||| 1.91439 |||| 526.915 
2.00064  0.0264239  1.65836  3.70327  |||| 1.93408 |||| 241.876 
2.00053  0.0478347  1.19069  4.44121  |||| 1.95422 |||| 174.053 
2.00036  0.0687446  2.85313  1.46292  |||| 1.97472 |||| 40.9313 
2.00003  0.0925076  1.56204  3.91385  |||| 1.99549 |||| 85.2112 
1.99974  0.113512  2.12127  3.68616  |||| 2.01676 |||| 65.6615 
1.99938  0.135859  2.02567  0.0869663  |||| 2.03842 |||| 2.06657 
1.99915  0.158383  1.20001  4.3608  |||| 2.06069 |||| 56.967 
1.99872  0.181309  2.03969  0.216551  |||| 2.08325 |||| 2.48419 
1.9983  0.203617  1.47357  3.54652  |||| 2.10631 |||| 36.5739 
1.99764  0.229236  1.99172  1.34529  |||| 2.12965 |||| 12.5459 
1.99692  0.25317  1.74827  3.38844  |||| 2.15346 |||| 28.8661 
1.99611  0.278394  2.3791  3.40651  |||| 2.17771 |||| 26.6985 
1.99518  0.303656  2.10301  0.45018  |||| 2.2024 |||| 3.2601 
1.99433  0.330598  2.10021  0.665733  |||| 2.22779 |||| 4.4921 
1.99329  0.349785  1.86085  2.4039  |||| 2.25355 |||| 15.192 
1.99163  0.384258  2.13764  0.588984  |||| 2.2792 |||| 3.49177 
1.99032  0.411712  1.36365  4.53565  |||| 2.30592 |||| 25.3936 
1.98878  0.440297  2.03424  0.906666  |||| 2.33303 |||| 4.79712 
1.98712  0.47044  1.60358  2.75934  |||| 2.36069 |||| 13.862 
1.98553  0.500818  2.05546  0.750108  |||| 2.38912 |||| 3.58069 
1.98357  0.531278  2.01312  1.64977  |||| 2.41785 |||| 7.51494 
1.98159  0.562355  2.82353  1.58422  |||| 2.44731 |||| 6.89543 
1.97917  0.594334  2.38393  2.75406  |||| 2.47697 |||| 11.4805 
1.97698  0.628011  2.46565  0.652962  |||| 2.50775 |||| 3.15931 
1.97389  0.661114  2.12027  0.886113  |||| 2.53816 |||| 3.40128 
1.97104  0.695728  2.0024  0.472374  |||| 2.56976 |||| 2.61274 
1.96788  0.73093  1.29763  4.15651  |||| 2.60181 |||| 14.8084 
1.96465  0.766988  1.98472  0.68146  |||| 2.63469 |||| 2.66299 
1.96093  0.804193  1.98849  0.7926  |||| 2.66795 |||| 2.70727 
1.95717  0.841887  2.05925  0.196565  |||| 2.7019 |||| 2.85011 
1.95271  0.880474  1.76169  2.37729  |||| 2.73596 |||| 7.39262 
1.94818  0.919605  1.98978  0.690108  |||| 2.77096 |||| 2.83319 
1.94354  0.958841  1.99816  1.13254  |||| 2.80686 |||| 3.30992 
1.93821  1.00092  2.23563  3.51903  |||| 2.84283 |||| 9.99301 
1.93266  1.04394  2.7447  2.17255  |||| 2.87963 |||| 5.99445 
1.92689  1.08618  2.0044  0.53006  |||| 2.91724 |||| 3.04076 
1.92083  1.13202  1.9786  1.07105  |||| 2.95566 |||| 3.04923 
1.91366  1.17675  2.02617  1.09024  |||| 2.99351 |||| 3.17882 
1.90642  1.22295  2.11912  0.604538  |||| 3.03255 |||| 3.38887 
1.89925  1.27075  2.53101  1.6262  |||| 3.07308 |||| 4.14981 
1.89073  1.31915  1.98491  1.28457  |||| 3.11269 |||| 3.27605 
1.882  1.36838  2.15922  3.22935  |||| 3.15336 |||| 7.444 
1.87301  1.41913  2.09611  0.822691  |||| 3.19505 |||| 3.59623 
1.86333  1.47107  1.92953  1.26136  |||| 3.23727 |||| 3.35832 
1.85365  1.52371  2.8157  1.41857  |||| 3.28063 |||| 5.07646 
1.84217  1.57617  1.76395  2.28095  |||| 3.3225 |||| 4.80487 
1.83108  1.63276  2.0423  0.86576  |||| 3.36677 |||| 3.77665 
1.81743  1.68716  1.1915  3.65132  |||| 3.40775 |||| 7.37572 
1.80416  1.74427  0.886869  4.30906  |||| 3.45119 |||| 8.52891 
1.79036  1.80232  1.72883  2.27683  |||| 3.49547 |||| 4.4163 
1.77559  1.85892  2.11121  1.10184  |||| 3.53943 |||| 4.24676 
1.75926  1.91901  2.1883  0.702701  |||| 3.58204 |||| 4.50612 
1.74351  1.98074  2.10552  0.620155  |||| 3.62785 |||| 4.42509 
1.72425  2.04103  1.74142  2.06293  |||| 3.66815 |||| 3.70753 
1.70668  2.1041  0.84562  4.27054  |||| 3.71365 |||| 7.53885 
1.68784  2.16854  2.08523  0.749693  |||| 3.75948 |||| 4.69707 
1.666  2.22955  2.776  1.76929  |||| 3.79861 |||| 6.48454 
1.64654  2.29726  2.05712  0.458219  |||| 3.84658 |||| 4.86516 
1.62465  2.36334  1.5752  4.49518  |||| 3.89077 |||| 7.40203 
1.59944  2.42671  1.48607  2.79139  |||| 3.92911 |||| 4.51983 
1.57449  2.4903  1.86309  1.90695  |||| 3.96919 |||| 4.74407 
1.54766  2.55722  2.0773  2.87967  |||| 4.00801 |||| 5.46905 
1.52145  2.62376  1.97043  1.25429  |||| 4.04862 |||| 5.32398 
1.49797  2.69954  1.9387  1.81157  |||| 4.1008 |||| 5.3901 
1.4795  2.78233  1.23202  4.31147  |||| 4.17126 |||| 6.44912 
1.42761  2.81222  2.53974  2.40271  |||| 4.14272 |||| 7.60221 
1.39442  2.87406  2.00986  2.74256  |||| 4.17146 |||| 6.14894 
1.36234  2.94255  2.2291  1.37419  |||| 4.20823 |||| 7.0857 
1.32628  3.00079  1.95418  2.1903  |||| 4.22985 |||| 6.38896 
1.29022  3.06314  2.62107  1.8818  |||| 4.25648 |||| 8.99784 
1.25388  3.12501  2.16556  1.91481  |||| 4.28174 |||| 7.65286 
1.21555  3.18362  2.43238  2.58424  |||| 4.30194 |||| 8.97839 
1.17617  3.24408  1.87893  3.15624  |||| 4.32399 |||| 7.13106 
1.13775  3.3029  1.66457  2.92229  |||| 4.34363 |||| 6.54059 
1.09488  3.35299  2.03121  2.93976  |||| 4.35081 |||| 8.42819 
1.05301  3.40895  2.13882  1.42794  |||| 4.36563 |||| 9.31068 
1.01016  3.45775  1.73773  4.53794  |||| 4.37101 |||| 7.84746 
0.968249  3.51248  2.59786  1.8891  |||| 4.38365 |||| 12.5726 
0.927325  3.57312  1.16662  3.43872  |||| 4.40326 |||| 5.6705 
0.883276  3.6229  0.486809  4.07191  |||| 4.40917 |||| 4.95578 
0.839091  3.6724  2.23886  2.11427  |||| 4.41459 |||| 12.7263 
0.795926  3.72563  1.35873  3.30239  |||| 4.42431 |||| 7.98264 
0.750372  3.76971  2.25039  2.40932  |||| 4.42305 |||| 14.5596 
0.704496  3.80925  1.00846  4.11321  |||| 4.41656 |||| 6.62256 
0.658343  3.84676  2.05951  2.82789  |||| 4.4079 |||| 15.3926 
0.611783  3.8802  0.571506  4.05716  |||| 4.39483 |||| 4.59533 
0.565223  3.91061  1.7352  2.85285  |||| 4.37867 |||| 15.2976 
0.518613  3.93854  2.24467  3.34441  |||| 4.36012 |||| 22.1635 
0.47169  3.96152  2.50306  2.65142  |||| 4.33656 |||| 27.7501 
0.426194  3.98745  2.12767  1.15156  |||| 4.31672 |||| 26.545 
0.380193  4.00642  2.13895  1.60353  |||| 4.28987 |||| 30.7989 
0.33411  4.0176  2.17443  2.0811  |||| 4.25533 |||| 37.0308 
0.290142  4.03487  0.299747  4.03389  |||| 4.22792 |||| 4.43352 
0.245833  4.05153  2.80933  1.40603  |||| 4.20046 |||| 75.9685 
0.20252  4.07065  0.748168  3.82737  |||| 4.17609 |||| 25.5584 
0.159301  4.08799  2.40341  2.45311  |||| 4.15043 |||| 150.74 
0.111274  4.09527  1.55469  4.30384  |||| 4.11518 |||| 285.87 
