2.12526  3.08669  2.12526  3.08669  |||| 10958.8 |||| 10958.8 
1.64725  3.81645  1.64725  3.81645  |||| 6853.18 |||| 6853.18 
2.2214  2.92997  2.2214  2.92997  |||| 184.077 |||| 184.077 
1.23708  4.23376  1.23708  4.23376  |||| 146.54 |||| 146.54 
1.36104  4.17824  1.36104  4.17824  |||| 85.7476 |||| 85.7476 
2.04238  2.83756  2.04238  2.83756  |||| 23.7092 |||| 23.7092 
2.09636  3.00205  2.09636  3.00205  |||| 22.0226 |||| 22.0226 
2.16  2.70476  2.16  2.70476  |||| 12.7213 |||| 12.7213 
1.98115  3.26033  1.98115  3.26033  |||| 19.1406 |||| 19.1406 
2.007  3.49595  2.007  3.49595  |||| 19.6672 |||| 19.6672 
2.25866  2.33754  2.25866  2.33754  |||| 3.99771 |||| 3.99771 
1.67767  4.11008  1.67767  4.11008  |||| 21.862 |||| 21.862 
2.22662  2.57859  2.22662  2.57859  |||| 5.486 |||| 5.486 
2.17056  3.0783  2.17056  3.0783  |||| 9.26737 |||| 9.26737 
2.10363  3.30716  2.10363  3.30716  |||| 10.3203 |||| 10.3203 
2.04181  3.19668  2.04181  3.19668  |||| 8.7538 |||| 8.7538 
2.05532  3.37128  2.05532  3.37128  |||| 9.33014 |||| 9.33014 
2.02062  3.34691  2.02062  3.34691  |||| 8.57413 |||| 8.57413 
1.90182  3.40914  1.90182  3.40914  |||| 8.42409 |||| 8.42409 
2.14345  2.62203  2.14345  2.62203  |||| 3.53485 |||| 3.53485 
2.29846  2.7206  2.29846  2.7206  |||| 3.86594 |||| 3.86594 
1.58631  3.79062  1.58631  3.79062  |||| 9.04523 |||| 9.04523 
1.76684  3.70687  1.76684  3.70687  |||| 8.2036 |||| 8.2036 
2.29907  2.47381  2.29907  2.47381  |||| 2.20161 |||| 2.20161 
2.2518  2.81908  2.2518  2.81908  |||| 3.60758 |||| 3.60758 
1.91795  3.50382  1.91795  3.50382  |||| 6.30962 |||| 6.30962 
2.27273  2.54985  2.27273  2.54985  |||| 2.23619 |||| 2.23619 
2.185  2.51478  2.185  2.51478  |||| 2.01369 |||| 2.01369 
1.95615  2.88183  1.95615  2.88183  |||| 3.2951 |||| 3.2951 
2.20158  2.51171  2.20158  2.51171  |||| 1.85631 |||| 1.85631 
1.84202  3.52371  1.84202  3.52371  |||| 5.27104 |||| 5.27104 
2.25337  2.86664  2.25337  2.86664  |||| 2.90957 |||| 2.90957 
1.87549  3.39213  1.87549  3.39213  |||| 4.50261 |||| 4.50261 
2.00577  3.51917  2.00577  3.51917  |||| 4.75491 |||| 4.75491 
1.39667  3.95965  1.39667  3.95965  |||| 5.93683 |||| 5.93683 
2.24328  2.33489  2.24328  2.33489  |||| 1.94685 |||| 1.94685 
1.97748  3.25197  1.97748  3.25197  |||| 3.58243 |||| 3.58243 
1.7864  3.7523  1.7864  3.7523  |||| 4.86271 |||| 4.86271 
2.40987  2.24661  2.40987  2.24661  |||| 2.30728 |||| 2.30728 
2.07172  2.86579  2.07172  2.86579  |||| 2.28662 |||| 2.28662 
2.12622  3.07025  2.12622  3.07025  |||| 2.74767 |||| 2.74767 
1.77255  3.68858  1.77255  3.68858  |||| 4.21222 |||| 4.21222 
2.26524  2.68538  2.26524  2.68538  |||| 2.22128 |||| 2.22128 
1.90416  3.31243  1.90416  3.31243  |||| 3.12094 |||| 3.12094 
1.53861  3.96645  1.53861  3.96645  |||| 4.55562 |||| 4.55562 
1.86069  3.47717  1.86069  3.47717  |||| 3.34859 |||| 3.34859 
1.97559  3.27015  1.97559  3.27015  |||| 2.81742 |||| 2.81742 
1.82272  3.86318  1.82272  3.86318  |||| 4.03282 |||| 4.03282 
1.54895  3.78291  1.54895  3.78291  |||| 3.77691 |||| 3.77691 
2.04045  3.1352  2.04045  3.1352  |||| 2.36107 |||| 2.36107 
2.35287  2.58855  2.35287  2.58855  |||| 2.75377 |||| 2.75377 
2.0465  2.92838  2.0465  2.92838  |||| 2.19149 |||| 2.19149 
1.77293  3.59946  1.77293  3.59946  |||| 3.12175 |||| 3.12175 
2.16508  2.78696  2.16508  2.78696  |||| 2.53567 |||| 2.53567 
2.1866  2.57934  2.1866  2.57934  |||| 2.63775 |||| 2.63775 
1.76435  3.39322  1.76435  3.39322  |||| 2.56891 |||| 2.56891 
2.00324  3.43792  2.00324  3.43792  |||| 2.60215 |||| 2.60215 
2.20806  2.41676  2.20806  2.41676  |||| 2.87343 |||| 2.87343 
2.18407  2.91305  2.18407  2.91305  |||| 2.88601 |||| 2.88601 
2.32988  1.9908  2.32988  1.9908  |||| 3.3101 |||| 3.3101 
2.10314  3.03958  2.10314  3.03958  |||| 2.83134 |||| 2.83134 
2.05403  2.8922  2.05403  2.8922  |||| 2.77989 |||| 2.77989 
1.53404  3.87823  1.53404  3.87823  |||| 3.05731 |||| 3.05731 
1.98521  3.21301  1.98521  3.21301  |||| 2.74743 |||| 2.74743 
2.31375  2.5689  2.31375  2.5689  |||| 3.73178 |||| 3.73178 
1.71992  3.74194  1.71992  3.74194  |||| 2.70255 |||| 2.70255 
1.87147  3.28076  1.87147  3.28076  |||| 2.66074 |||| 2.66074 
2.35936  2.38155  2.35936  2.38155  |||| 4.21376 |||| 4.21376 
0.961934  4.33591  0.961934  4.33591  |||| 3.45595 |||| 3.45595 
1.92683  3.13234  1.92683  3.13234  |||| 3.10033 |||| 3.10033 
1.70261  3.80162  1.70261  3.80162  |||| 2.59065 |||| 2.59065 
1.8685  3.48983  1.8685  3.48983  |||| 3.1173 |||| 3.1173 
1.96858  3.42889  1.96858  3.42889  |||| 3.58732 |||| 3.58732 
2.04139  2.93395  2.04139  2.93395  |||| 3.99197 |||| 3.99197 
1.58074  4.06655  1.58074  4.06655  |||| 2.80583 |||| 2.80583 
1.77313  3.82198  1.77313  3.82198  |||| 3.2448 |||| 3.2448 
1.38765  4.19416  1.38765  4.19416  |||| 2.89837 |||| 2.89837 
2.01595  3.36699  2.01595  3.36699  |||| 4.59082 |||| 4.59082 
2.31913  2.3907  2.31913  2.3907  |||| 6.18628 |||| 6.18628 
2.04303  3.03814  2.04303  3.03814  |||| 5.16818 |||| 5.16818 
1.76093  3.82286  1.76093  3.82286  |||| 4.01546 |||| 4.01546 
1.7085  3.73355  1.7085  3.73355  |||| 3.95476 |||| 3.95476 
1.46136  3.8391  1.46136  3.8391  |||| 2.7968 |||| 2.7968 
2.18039  2.81062  2.18039  2.81062  |||| 7.23689 |||| 7.23689 
1.6074  3.99161  1.6074  3.99161  |||| 4.08104 |||| 4.08104 
2.08154  3.10452  2.08154  3.10452  |||| 7.56697 |||| 7.56697 
1.85378  3.656  1.85378  3.656  |||| 6.47418 |||| 6.47418 
1.25877  4.21764  1.25877  4.21764  |||| 2.55239 |||| 2.55239 
1.63357  3.76943  1.63357  3.76943  |||| 5.72351 |||| 5.72351 
2.07045  2.84411  2.07045  2.84411  |||| 10.3461 |||| 10.3461 
1.90988  3.37917  1.90988  3.37917  |||| 9.77885 |||| 9.77885 
1.81315  3.61013  1.81315  3.61013  |||| 9.81401 |||| 9.81401 
1.48269  3.89019  1.48269  3.89019  |||| 6.8046 |||| 6.8046 
2.02777  3.04895  2.02777  3.04895  |||| 16.0695 |||| 16.0695 
1.90205  3.49779  1.90205  3.49779  |||| 16.7511 |||| 16.7511 
1.87766  3.22987  1.87766  3.22987  |||| 19.9426 |||| 19.9426 
1.86438  3.63926  1.86438  3.63926  |||| 25.2684 |||| 25.2684 
2.33261  2.29566  2.33261  2.29566  |||| 53.7306 |||| 53.7306 
2.35445  2.31544  2.35445  2.31544  |||| 90.9778 |||| 90.9778 
2.00602  3.17547  2.00602  3.17547  |||| 204.641 |||| 204.641 
2.05  0.0504513  1.78985  2.04143  |||| 1.95991 |||| 19911.7 
0.09038  4.04918  2.01059  0.840196  |||| 3.99893 |||| 19205 
2.04999  0.0602913  2.0404  0.441458  |||| 1.96996 |||| 76.6751 
2.04994  0.0807224  1.06938  3.49143  |||| 1.99032 |||| 224.824 
2.04983  0.101561  2.04869  0.194713  |||| 2.01105 |||| 5.66259 
2.04967  0.122836  1.96319  1.25248  |||| 2.03216 |||| 33.6622 
2.04944  0.144559  1.91043  1.52114  |||| 2.05366 |||| 32.0325 
2.04915  0.166743  2.01948  0.758248  |||| 2.07555 |||| 12.6151 
2.04879  0.189401  2.04852  0.20363  |||| 2.09784 |||| 2.31237 
2.04835  0.212544  1.99833  0.97312  |||| 2.12055 |||| 12.0587 
2.04783  0.23619  1.76222  2.11719  |||| 2.14368 |||| 23.8305 
2.04723  0.260348  1.61745  2.53444  |||| 2.16724 |||| 25.6263 
2.04654  0.285034  1.43111  2.94312  |||| 2.19123 |||| 27 
2.04576  0.310262  2.03674  0.509903  |||| 2.21568 |||| 3.91697 
2.04488  0.336047  2.0344  0.548646  |||| 2.24058 |||| 3.90736 
2.04389  0.362405  1.94696  1.31824  |||| 2.26595 |||| 9.20464 
2.04279  0.38935  1.36876  3.05724  |||| 2.2918 |||| 20.3231 
2.04157  0.4169  1.87295  1.69541  |||| 2.31813 |||| 10.4016 
2.04022  0.44507  0.841761  3.72321  |||| 2.34495 |||| 21.8151 
2.03874  0.473877  1.90201  1.56004  |||| 2.37227 |||| 8.45479 
2.03711  0.503342  1.37775  3.04137  |||| 2.40011 |||| 15.8448 
2.03534  0.533475  1.97974  1.1021  |||| 2.42847 |||| 5.28618 
2.0334  0.564298  1.92196  1.46776  |||| 2.45735 |||| 6.77632 
2.03129  0.595827  1.90465  1.54701  |||| 2.48678 |||| 6.82239 
2.029  0.628082  2.01554  0.789359  |||| 2.51674 |||| 3.21919 
2.02652  0.661082  1.74556  2.1714  |||| 2.54726 |||| 8.84562 
2.02384  0.694843  1.97405  1.14182  |||| 2.57834 |||| 4.36624 
2.02094  0.729386  1.06001  3.51375  |||| 2.60998 |||| 13.3107 
2.01781  0.76473  2.03548  0.531128  |||| 2.6422 |||| 2.66641 
2.01444  0.800894  1.42868  2.94776  |||| 2.67499 |||| 10.3256 
2.01082  0.837896  1.96249  1.22025  |||| 2.70837 |||| 4.02314 
2.00692  0.875753  1.80609  1.9643  |||| 2.74233 |||| 6.35851 
2.00273  0.91449  0.903626  3.66736  |||| 2.77688 |||| 11.6222 
1.99824  0.954123  1.99841  0.965599  |||| 2.81202 |||| 2.84772 
1.99343  0.994666  2.02365  0.716457  |||| 2.84775 |||| 2.89296 
1.98827  1.03614  2.04039  0.45283  |||| 2.88406 |||| 2.96325 
1.98275  1.07856  1.809  1.95358  |||| 2.92096 |||| 5.40654 
1.97685  1.12194  1.98711  1.0452  |||| 2.95844 |||| 2.97453 
1.97054  1.1663  2.01701  0.774334  |||| 2.99649 |||| 3.07055 
1.9638  1.21165  2.04355  0.375305  |||| 3.03511 |||| 3.16429 
1.95661  1.25801  2.01317  0.814125  |||| 3.07428 |||| 3.16743 
1.94895  1.30539  1.95551  1.26494  |||| 3.11399 |||| 3.12499 
1.94078  1.35379  1.96642  1.22434  |||| 3.15422 |||| 3.19793 
1.93207  1.40322  1.67548  2.38051  |||| 3.19495 |||| 5.50276 
1.92281  1.45369  1.71755  2.25842  |||| 3.23616 |||| 5.09176 
1.91295  1.50521  1.95094  1.29329  |||| 3.27782 |||| 3.34612 
1.90247  1.55776  1.90834  1.5286  |||| 3.31989 |||| 3.33064 
1.89134  1.61135  1.57915  2.62814  |||| 3.36235 |||| 5.55236 
1.87953  1.66597  2.04967  0.14967  |||| 3.40515 |||| 3.72892 
1.86699  1.7216  1.45033  2.90592  |||| 3.44824 |||| 5.89168 
1.85369  1.77823  1.5379  2.72295  |||| 3.49158 |||| 5.40049 
1.8396  1.83585  1.86411  1.73405  |||| 3.53511 |||| 3.58462 
1.82469  1.89442  1.91494  1.49676  |||| 3.57877 |||| 3.76496 
1.80892  1.95391  1.92134  1.46233  |||| 3.62248 |||| 3.85942 
1.79224  2.01428  1.59364  2.59336  |||| 3.66618 |||| 4.74713 
1.77463  2.07549  1.72461  2.23693  |||| 3.70978 |||| 4.0055 
1.75605  2.13749  0.842683  3.72277  |||| 3.7532 |||| 6.60378 
1.73645  2.20023  1.84595  1.81017  |||| 3.79634 |||| 4.04883 
1.71582  2.26362  1.78635  2.03505  |||| 3.8391 |||| 4.00563 
1.69412  2.3276  1.79914  1.98961  |||| 3.88138 |||| 4.13549 
1.67132  2.39208  1.79656  2.02325  |||| 3.92305 |||| 4.2338 
1.64738  2.45698  1.91341  1.50691  |||| 3.96401 |||| 4.6412 
1.62228  2.5222  1.61388  2.54341  |||| 4.00413 |||| 4.03849 
1.596  2.58762  1.57144  2.64633  |||| 4.04328 |||| 4.13683 
1.56852  2.65314  2.04975  0.113561  |||| 4.08132 |||| 5.40977 
1.53983  2.71863  1.79131  2.02107  |||| 4.11812 |||| 4.83246 
1.50992  2.78396  0.649588  3.8679  |||| 4.15354 |||| 5.80046 
1.47878  2.849  1.93982  1.35932  |||| 4.18743 |||| 5.57765 
1.44641  2.9136  1.7956  2.00232  |||| 4.21966 |||| 5.30603 
1.41281  2.97762  1.41325  2.97805  |||| 4.25009 |||| 4.25148 
1.37802  3.04089  1.7978  1.99566  |||| 4.27857 |||| 5.67311 
1.34204  3.10328  0.734414  3.80929  |||| 4.30498 |||| 5.3005 
1.30491  3.16462  1.34564  3.09838  |||| 4.32918 |||| 4.47434 
1.26665  3.22476  1.49794  2.80933  |||| 4.35106 |||| 5.2064 
1.22731  3.28354  1.78222  2.05537  |||| 4.3705 |||| 6.50312 
1.18694  3.34082  1.03419  3.53217  |||| 4.38741 |||| 4.64255 
1.14559  3.39645  1.87961  1.66558  |||| 4.4017 |||| 7.4627 
1.10334  3.45028  0.692732  3.83792  |||| 4.41328 |||| 4.91644 
1.06024  3.5022  1.9342  1.39135  |||| 4.42209 |||| 8.40571 
1.01637  3.55207  1.49091  2.82402  |||| 4.4281 |||| 6.6966 
0.971818  3.59979  1.86869  1.71419  |||| 4.43126 |||| 8.93859 
0.92666  3.64526  1.41043  2.98415  |||| 4.43157 |||| 6.99425 
0.880981  3.68839  2.01387  0.815099  |||| 4.42903 |||| 10.7732 
0.834881  3.72911  1.60163  2.57385  |||| 4.42365 |||| 8.97765 
0.788448  3.76736  1.92062  1.46533  |||| 4.41547 |||| 11.5737 
0.741776  3.8031  1.828  1.88162  |||| 4.40454 |||| 11.7459 
0.694956  3.83631  1.54822  2.70185  |||| 4.39092 |||| 10.585 
0.648082  3.86696  1.78705  2.05884  |||| 4.3747 |||| 13.3042 
0.601244  3.89506  0.743475  3.80185  |||| 4.35597 |||| 5.56801 
0.55453  3.92063  1.25  3.25  |||| 4.33482 |||| 10.8258 
0.508023  3.94369  1.91726  1.48296  |||| 4.31138 |||| 18.8487 
0.461807  3.96429  1.77527  2.07331  |||| 4.28576 |||| 19.4292 
0.415959  3.98247  1.53534  2.73465  |||| 4.25808 |||| 18.8846 
0.370546  3.99829  2.04909  0.423116  |||| 4.2285 |||| 29.5358 
0.325637  4.01183  1.87419  1.6899  |||| 4.19712 |||| 31.7896 
0.281282  4.02316  0.353888  4.00356  |||| 4.16411 |||| 5.74504 
0.237566  4.03237  1.41446  2.97456  |||| 4.1296 |||| 37.0824 
0.194514  4.03954  1.74425  2.17787  |||| 4.09372 |||| 64.8431 
0.152124  4.04478  1.47056  2.86567  |||| 4.05661 |||| 90.1914 
0.110447  4.04817  0.704633  3.82966  |||| 4.01842 |||| 120.451 
