0.191184  2.96619  2.56449  4.77054  0.744321  2.55511  8.54882  11.4261  16.255  10.574  1.52229  13.453  12.9218  10.7143  25.4431  19.7214  23.0295  1.81455  18.4801  15.1539  10.8464  32.187  35.4094  14.966  0.0955919  0.741547  0.427415  0.596318  0.0744321  0.212926  0.61063  0.714129  0.903057  0.528699  0.0691949  0.560543  0.496991  0.382655  0.848102  0.616294  0.67734  0.0504043  0.486318  0.378847  0.258248  0.731523  0.76977  0.311791  
0.041  3.93061  2.74559  5.51555  3.32528  9.90045  9.98756  4.57194  3.47103  18.1652  7.79942  11.6428  14.0363  1.65248  19.4644  11.1962  17.5149  2.57878  4.78102  34.8304  35.6321  29.5751  12.3283  37.0751  0.0205  0.982651  0.457598  0.689444  0.332528  0.825038  0.713397  0.285746  0.192835  0.90826  0.354519  0.485115  0.539856  0.0590172  0.648813  0.34988  0.515144  0.0716327  0.125816  0.870759  0.848384  0.67216  0.268006  0.772397  
1.55572  0.829684  2.04341  5.82851  7.62631  5.51718  11.6549  14.1603  6.16045  10.4775  7.33435  14.8461  2.65293  22.0058  16.2938  23.699  10.8965  19.7907  17.8992  6.17195  13.9994  28.6367  6.26886  43.5336  0.777861  0.207421  0.340568  0.728563  0.762631  0.459765  0.832491  0.885016  0.342247  0.523877  0.33338  0.618587  0.102036  0.78592  0.543127  0.740593  0.320484  0.549742  0.471032  0.154299  0.333319  0.650834  0.13628  0.90695  
1.50931  0.198147  5.59355  7.14589  9.88426  8.47216  0.826246  5.95063  1.42138  9.63068  18.2188  20.6697  20.7436  19.5612  5.48524  7.35028  24.7067  24.3749  17.7673  30.6521  13.7197  43.1847  9.25821  15.8176  0.754654  0.0495369  0.932258  0.893236  0.988426  0.706014  0.0590176  0.371915  0.0789658  0.481534  0.828127  0.861236  0.797829  0.698614  0.182841  0.229696  0.726666  0.677081  0.467559  0.766303  0.326659  0.981471  0.201266  0.329533  
1.88659  3.77023  0.475386  1.47295  6.34984  8.37239  11.2351  8.77299  8.66979  1.03684  18.376  23.4659  9.27256  25.0621  2.64597  7.16017  19.5357  5.93972  16.7412  31.6356  20.4947  23.1169  17.302  44.5813  0.943293  0.942558  0.079231  0.184119  0.634984  0.697699  0.802505  0.548312  0.481655  0.0518421  0.835272  0.977748  0.356637  0.895077  0.088199  0.223755  0.57458  0.164992  0.440559  0.790889  0.48797  0.525384  0.376131  0.928777  
1.01478  1.9924  4.94459  1.32512  5.44843  10.3338  11.1077  0.0353796  15.7771  15.5949  20.2363  22.5009  0.428628  20.1639  13.8153  10.4268  24.6102  9.96523  10.3206  29.7504  39.2444  40.1621  22.7098  29.5305  0.507388  0.4981  0.824098  0.16564  0.544843  0.861152  0.793406  0.00221122  0.876506  0.779745  0.919831  0.937539  0.0164857  0.720139  0.460508  0.325838  0.72383  0.276812  0.271595  0.743761  0.934389  0.912774  0.493692  0.615219  
0.630957  0.0838941  2.51553  6.17407  2.36751  5.15332  2.99933  2.66635  7.94602  17.0652  10.8657  10.6308  24.8307  17.9626  29.8747  30.0428  30.313  21.443  19.5925  39.9492  3.92087  25.9351  25.7937  13.4594  0.315478  0.0209735  0.419255  0.771758  0.236751  0.429443  0.214238  0.166647  0.441445  0.85326  0.493896  0.442952  0.955028  0.641522  0.995823  0.938836  0.891559  0.595639  0.515593  0.99873  0.093354  0.589434  0.560734  0.280404  
1.7109  2.41908  1.74073  4.01849  5.72873  8.13147  9.19058  14.6559  13.0882  4.0639  4.87124  7.72841  9.48031  13.0401  0.538023  2.56117  13.5693  30.5979  6.95166  0.0689404  3.45043  3.08745  41.2987  10.0261  0.85545  0.604769  0.290121  0.502312  0.572873  0.677623  0.65647  0.915993  0.727125  0.203195  0.22142  0.322017  0.364627  0.465718  0.0179341  0.0800367  0.399096  0.849942  0.182938  0.00172351  0.0821531  0.0701692  0.897798  0.208878  
1.44963  2.14829  0.324134  1.91957  5.80975  11.9631  1.24049  13.7055  11.58  11.7388  3.0987  5.48755  0.3612  16.9458  16.9421  18.9145  4.10363  27.7372  26.7449  10.6066  9.90982  17.6959  25.7506  34.1288  0.724817  0.537074  0.0540223  0.239946  0.580975  0.996927  0.0886065  0.856595  0.643334  0.586941  0.14085  0.228648  0.0138923  0.605207  0.564737  0.591079  0.120695  0.770477  0.703812  0.265164  0.235948  0.40218  0.559796  0.711017  
0.449559  0.795893  0.894808  6.93115  8.44966  1.14412  2.8722  3.76916  7.46904  5.69642  6.82136  22.6347  21.4219  12.0133  16.2269  10.1668  9.54564  12.1584  34.2316  19.5453  27.6293  40.7704  25.2205  11.2421  0.224779  0.198973  0.149135  0.866393  0.844966  0.0953434  0.205157  0.235573  0.414946  0.284821  0.310062  0.943113  0.82392  0.429045  0.540897  0.317712  0.280754  0.337733  0.900832  0.488631  0.65784  0.926599  0.548273  0.234211  
0.75627  2.11771  4.44692  1.75284  9.78622  3.14952  0.275122  8.6521  14.6723  1.31774  20.4005  13.5604  13.2505  14.4985  12.0591  16.2984  20.1958  0.337712  24.6668  27.5541  30.2811  4.35634  43.906  24.9812  0.378135  0.529427  0.741153  0.219105  0.978622  0.26246  0.0196516  0.540756  0.81513  0.065887  0.927297  0.565015  0.509634  0.517802  0.401969  0.509324  0.593993  0.0093809  0.649127  0.688851  0.720978  0.0990077  0.954478  0.520441  
0.0559187  0.282723  0.0437575  3.26414  2.02666  7.94377  1.03375  5.91257  7.28178  7.77396  4.89773  5.07746  9.6958  13.615  10.25  9.19995  28.7563  18.5631  9.20539  17.506  28.2166  39.7827  29.1249  3.25404  0.0279594  0.0706806  0.00729291  0.408017  0.202666  0.661981  0.0738393  0.369536  0.404543  0.388698  0.222624  0.211561  0.372915  0.486252  0.341667  0.287499  0.845775  0.515641  0.242247  0.43765  0.671824  0.904153  0.63315  0.0677925  
1.86071  2.21901  1.89414  2.36788  3.69692  3.05367  8.8743  5.24494  12.4883  18.2778  11.4672  5.28329  19.0485  24.1524  0.779461  9.59978  6.28288  27.5122  19.3931  25.9274  40.2499  29.6076  41.5016  44.2713  0.930356  0.554752  0.315689  0.295985  0.369692  0.254472  0.633879  0.327808  0.693795  0.913892  0.521238  0.220137  0.732635  0.862584  0.025982  0.299993  0.184791  0.764227  0.510344  0.648185  0.958331  0.672901  0.902209  0.922318  
1.37038  3.34359  2.98101  1.94347  6.42123  6.61921  8.61761  10.1468  11.5461  13.5219  10.1722  10.0555  22.6287  9.38095  17.5624  1.45502  15.051  7.67653  19.8142  23.8726  38.5284  38.4488  20.9612  8.34221  0.685192  0.835898  0.496834  0.242934  0.642123  0.551601  0.615543  0.634177  0.641449  0.676095  0.462373  0.418981  0.870336  0.335034  0.585412  0.0454692  0.442678  0.213237  0.521427  0.596814  0.917344  0.873837  0.455678  0.173796  
0.606457  3.1427  3.53646  0.544649  3.90679  5.00595  9.75574  12.4224  3.08602  9.40395  18.3433  12.5106  4.80605  10.7514  15.608  12.7249  2.33237  35.8979  9.40258  22.1155  23.1208  34.4612  36.4776  17.14  0.303228  0.785675  0.589411  0.0680811  0.390679  0.417162  0.696839  0.7764  0.171446  0.470198  0.833789  0.521277  0.184848  0.383978  0.520266  0.397654  0.068599  0.997163  0.247436  0.552888  0.550495  0.783208  0.792991  0.357083  
1.81797  1.66038  3.6478  1.14895  6.28209  3.3373  12.7434  15.6469  16.1551  10.777  6.62371  6.35757  18.5239  16.3285  1.05062  12.8197  1.21563  8.75148  1.03521  35.8118  14.7445  24.4858  24.1298  22.5451  0.908985  0.415095  0.607967  0.143619  0.628209  0.278109  0.910243  0.977932  0.897504  0.538851  0.301078  0.264899  0.712458  0.58316  0.0350207  0.400616  0.0357538  0.243097  0.0272423  0.895296  0.35106  0.556495  0.524561  0.46969  
0.260975  2.10573  4.41967  5.6783  8.8462  4.5589  3.87076  13.2217  12.2225  5.12428  21.5115  2.66132  7.79856  18.1991  15.6122  13.3647  15.5684  19.6541  5.42821  7.36404  24.8373  24.4464  11.84  34.5072  0.130488  0.526434  0.736612  0.709788  0.88462  0.379908  0.276483  0.826358  0.679028  0.256214  0.977796  0.110888  0.299945  0.649966  0.520408  0.417646  0.457895  0.545947  0.142848  0.184101  0.591364  0.555599  0.257391  0.718899  
0.530727  0.751999  1.09797  7.34205  3.68102  6.82977  0.261546  2.86093  16.5769  8.23944  21.3234  13.2145  9.04838  16.7347  11.349  31.6869  22.1895  17.9272  16.6252  32.1709  1.61151  32.1531  10.146  15.2486  0.265363  0.188  0.182994  0.917756  0.368102  0.569148  0.0186819  0.178808  0.920938  0.411972  0.969247  0.550604  0.348015  0.597669  0.378301  0.990215  0.652631  0.497978  0.437506  0.804273  0.0383693  0.730752  0.220565  0.317679  
1.49353  3.07934  1.01723  4.85849  0.0776248  1.72539  0.193684  4.22777  13.0159  13.1213  13.8044  1.73995  21.9817  18.7222  25.35  14.5341  13.4459  23.8223  30.8217  15.0009  33.6321  14.505  14.4171  41.0967  0.746766  0.769835  0.169539  0.607312  0.00776248  0.143782  0.0138346  0.264235  0.723104  0.656064  0.627473  0.0724981  0.845448  0.668652  0.844999  0.454189  0.395469  0.66173  0.811099  0.375023  0.800765  0.329659  0.313416  0.856182  
1.12135  1.95754  3.19828  6.512  4.30183  9.28442  3.40679  11.434  17.3319  2.67444  19.1803  15.0024  1.51369  3.72685  1.59855  18.9961  2.79379  20.9971  28.1073  25.9855  41.8356  13.6897  11.1055  37.7238  0.560674  0.489384  0.533046  0.814  0.430183  0.773702  0.243342  0.714623  0.962882  0.133722  0.87183  0.6251  0.0582187  0.133102  0.053285  0.593629  0.0821703  0.583253  0.739665  0.649638  0.996085  0.31113  0.241423  0.785912  
0.340681  2.32943  1.95589  1.22331  2.93117  4.86511  6.80102  15.6655  10.5897  6.5861  19.336  17.9646  12.7893  4.68003  15.8965  20.9382  1.13239  6.71257  36.1714  23.2772  18.7013  26.0951  16.4123  9.20184  0.17034  0.582356  0.325981  0.152913  0.293117  0.405426  0.485787  0.979096  0.588319  0.329305  0.878909  0.748524  0.491896  0.167144  0.529882  0.654319  0.0333056  0.18646  0.951879  0.58193  0.445269  0.593071  0.35679  0.191705  
0.146219  3.7543  2.35893  7.29166  9.01465  8.87365  6.62819  4.04507  15.8587  10.0005  12.5088  5.08263  25.3324  0.609258  16.6469  9.87871  14.9601  5.59175  19.8495  7.6386  41.3237  42.8222  3.07344  0.369402  0.0731094  0.938575  0.393154  0.911457  0.901465  0.739471  0.473442  0.252817  0.881037  0.500027  0.568582  0.211776  0.974324  0.0217592  0.554898  0.30871  0.440003  0.155326  0.522356  0.190965  0.983898  0.973232  0.066814  0.00769587  
1.29274  0.0835663  3.10023  6.93561  6.76905  3.93052  11.3159  3.97384  0.684339  14.1613  18.2452  10.0953  15.9987  10.5509  5.49349  29.092  30.6553  7.68856  28.7605  14.8498  31.2337  33.7689  29.4159  29.6422  0.646372  0.0208916  0.516705  0.866951  0.676905  0.327543  0.80828  0.248365  0.0380188  0.708065  0.829328  0.420637  0.615334  0.376819  0.183116  0.909126  0.901625  0.213571  0.756854  0.371245  0.743661  0.767475  0.639477  0.617545  
0.556038  1.46601  0.82404  5.47579  5.33893  7.465  4.85107  6.94879  7.15832  16.0987  5.85691  22.782  9.37057  13.4002  3.29484  24.5144  32.5481  34.9361  30.0729  11.2998  38.4108  29.0704  33.8037  34.0023  0.278019  0.366502  0.13734  0.684473  0.533893  0.622083  0.346505  0.434299  0.397684  0.804937  0.266223  0.949248  0.360406  0.478577  0.109828  0.766075  0.957296  0.970448  0.791392  0.282495  0.914543  0.660692  0.734864  0.708382  
1.39965  3.33316  1.72414  2.43878  3.96122  3.45561  5.15151  11.0814  10.874  16.7596  15.9241  17.1135  13.8494  7.41573  9.16759  31.2095  22.6007  10.3045  19.2838  2.71985  36.0739  15.6091  3.73736  5.49956  0.699823  0.833289  0.287356  0.304848  0.396122  0.287968  0.367965  0.692586  0.604111  0.837982  0.723822  0.713064  0.532671  0.264848  0.305586  0.975298  0.664728  0.286235  0.50747  0.0679961  0.858904  0.354752  0.0812469  0.114574  
0.586007  3.58503  0.361443  1.71289  8.63887  7.17332  8.82716  3.93873  8.59183  13.4435  11.387  18.2178  9.72582  20.2223  25.2303  1.82499  17.5866  4.20468  15.5025  23.4268  8.57391  37.9626  7.81236  30.935  0.293004  0.896259  0.0602405  0.214112  0.863887  0.597776  0.630512  0.246171  0.477324  0.672174  0.517593  0.759077  0.37407  0.722226  0.841009  0.0570309  0.517254  0.116797  0.407959  0.58567  0.204141  0.862785  0.169834  0.644479  
0.721173  0.876363  3.08998  6.80231  0.0739846  4.80578  12.1894  2.37096  0.716638  18.8399  14.6653  18.9394  13.5777  1.61885  17.1094  6.10366  8.6016  11.8273  5.445  22.8144  22.6221  13.8082  17.7255  36.907  0.360587  0.219091  0.514997  0.850288  0.00739846  0.400482  0.870672  0.148185  0.0398132  0.941997  0.666606  0.789141  0.522218  0.057816  0.570313  0.190739  0.252988  0.328535  0.143289  0.570361  0.538621  0.313823  0.385336  0.768896  
0.813398  1.42088  0.859801  0.673079  2.08588  0.90216  11.8588  9.20252  15.4636  5.68736  14.7311  23.9839  4.44185  5.05313  24.1305  11.0952  22.627  7.52878  2.83208  21.5339  38.7965  24.2043  45.8254  36.3096  0.406699  0.35522  0.1433  0.0841348  0.208588  0.07518  0.847056  0.575157  0.859091  0.284368  0.669595  0.99933  0.170841  0.180469  0.80435  0.346724  0.665501  0.209133  0.0745285  0.538348  0.923725  0.550097  0.996203  0.75645  
1.77822  1.63441  0.43308  3.27845  7.69401  1.39975  4.36188  0.751071  17.1198  0.28745  3.5896  16.6857  6.15424  1.97288  13.3928  30.3013  19.7161  25.5756  32.1464  39.9556  29.7405  31.8934  39.2663  2.77058  0.889109  0.408602  0.0721801  0.409806  0.769401  0.116646  0.311563  0.0469419  0.9511  0.0143725  0.163164  0.695238  0.236701  0.0704601  0.446428  0.946916  0.579887  0.710433  0.845958  0.998889  0.708108  0.72485  0.853614  0.0577204  
1.55328  1.13844  3.15659  4.46272  6.52013  1.08994  13.7734  11.9199  1.12275  12.9968  0.787952  17.1302  4.39676  9.40186  11.0758  21.6558  28.2351  24.8997  29.0962  27.5766  23.0403  28.3918  7.47718  36.9093  0.776641  0.28461  0.526098  0.557841  0.652013  0.0908285  0.983813  0.744991  0.0623751  0.649842  0.035816  0.713757  0.169106  0.335781  0.369193  0.676745  0.830445  0.691659  0.76569  0.689414  0.548577  0.645269  0.162547  0.768943  
0.260557  2.05288  1.21018  0.0629721  0.898323  2.98041  4.17457  4.59286  10.3103  1.1711  1.47379  17.8806  6.29127  18.4851  2.14855  26.2307  12.1765  30.8918  11.8008  37.4439  19.2148  6.44234  0.794562  10.955  0.130279  0.51322  0.201696  0.00787151  0.0898323  0.248368  0.298183  0.287054  0.572795  0.0585552  0.0669906  0.745023  0.241972  0.660183  0.0716183  0.819711  0.358131  0.858106  0.310548  0.936098  0.457496  0.146417  0.0172731  0.228229  
1.80737  2.48946  1.48199  2.65361  3.77216  6.64854  0.941329  9.48669  11.7964  19.428  17.9615  4.64825  17.3088  5.10128  8.7404  11.9189  8.199  16.0113  28.0882  38.3544  11.4335  16.7364  8.47082  27.0636  0.903683  0.622365  0.246998  0.331702  0.377216  0.554045  0.0672378  0.592918  0.655358  0.9714  0.816434  0.193677  0.665722  0.182189  0.291347  0.372465  0.241147  0.444758  0.739164  0.95886  0.272227  0.380372  0.184148  0.563826  
1.96244  2.64572  3.56386  4.60687  9.47413  11.8251  4.14269  13.9176  17.4283  10.1436  1.27558  3.79754  8.82171  22.8091  10.3704  16.5905  16.5005  10.1255  20.2118  33.075  1.62428  29.1069  44.3174  31.0787  0.98122  0.661429  0.593977  0.575859  0.947413  0.985428  0.295906  0.869849  0.968237  0.507181  0.057981  0.158231  0.339297  0.81461  0.345681  0.518452  0.48531  0.281265  0.531891  0.826876  0.0386734  0.66152  0.963423  0.647472  
0.52512  3.34273  1.59358  7.66099  3.43474  7.02932  12.8489  10.242  9.05454  4.22679  16.6779  14.6546  6.24047  14.7499  17.5481  8.65658  5.90606  33.0739  33.5334  22.7256  14.9042  15.2261  9.0273  10.2449  0.26256  0.835684  0.265596  0.957624  0.343474  0.585776  0.917776  0.640127  0.50303  0.21134  0.758085  0.610607  0.240018  0.526781  0.584936  0.270518  0.173708  0.918721  0.882458  0.568141  0.354861  0.346047  0.196246  0.213435  
1.12718  3.79383  5.03758  7.36492  6.94441  6.15499  4.14162  2.83442  10.7861  7.0178  18.7466  19.1751  5.96986  25.4236  27.9444  22.6979  1.53678  8.00598  33.8644  36.5475  3.64492  12.1079  41.9467  1.19278  0.563591  0.948458  0.839597  0.920615  0.694441  0.512916  0.29583  0.177151  0.599228  0.35089  0.852117  0.798962  0.22961  0.907986  0.931479  0.709308  0.0451995  0.222388  0.891168  0.913687  0.0867838  0.27518  0.911885  0.0248496  
0.960082  2.97959  3.35082  3.70251  1.14125  8.23195  6.39515  7.23832  11.4661  15.9122  20.2763  5.93191  22.3933  0.988614  13.5275  22.9015  23.182  30.1307  14.6706  3.11493  39.713  31.6711  31.5248  41.6789  0.480041  0.744897  0.55847  0.462814  0.114125  0.685996  0.456796  0.452395  0.637004  0.795609  0.92165  0.247163  0.861281  0.0353076  0.450917  0.715672  0.681825  0.836963  0.386068  0.0778732  0.945547  0.719799  0.685321  0.868311  
0.112186  2.44418  3.11966  5.49316  2.0063  7.09393  8.97362  8.31118  13.8914  2.83857  15.7472  20.0879  8.01956  6.70566  24.918  2.02004  24.4407  20.508  35.2048  5.88727  26.7303  29.9498  27.3624  29.9099  0.0560928  0.611045  0.519943  0.686645  0.20063  0.59116  0.640973  0.519449  0.771744  0.141929  0.715782  0.836994  0.308444  0.239488  0.830601  0.0631263  0.718843  0.569666  0.926442  0.147182  0.636435  0.680677  0.594835  0.623123  
0.0994958  3.06125  1.51758  6.39931  3.05749  6.37458  5.52428  0.965062  8.67381  13.9927  15.4656  19.9238  12.778  23.8872  24.9042  19.7258  18.8101  5.75677  7.79131  22.2253  41.2318  27.8802  22.0176  27.9059  0.0497479  0.765311  0.25293  0.799914  0.305749  0.531215  0.394592  0.0603164  0.481878  0.699637  0.702982  0.830159  0.491462  0.853114  0.830141  0.616432  0.553238  0.15991  0.205035  0.555633  0.981711  0.633642  0.478644  0.581373  
1.13982  1.60487  4.71952  2.62702  1.01588  9.26998  0.458443  4.69475  5.58331  9.76287  8.46454  17.0054  25.1912  13.5876  5.23631  11.6853  3.82234  11.4078  26.8093  8.80765  41.9799  32.4065  24.5238  18.4653  0.569908  0.401217  0.786586  0.328378  0.101588  0.772498  0.0327459  0.293422  0.310184  0.488144  0.384752  0.708558  0.968891  0.485273  0.174544  0.365167  0.112422  0.316883  0.705508  0.220191  0.999521  0.736511  0.533125  0.384693  
1.71663  3.07408  3.24912  2.82212  2.52476  6.52594  0.977454  7.76573  16.5943  13.3855  12.3067  0.837655  16.5151  3.26879  22.2713  4.63952  31.3668  20.9652  32.9886  2.79424  13.6673  20.4179  42.5596  4.48104  0.858314  0.768521  0.54152  0.352765  0.252476  0.543828  0.0698181  0.485358  0.921908  0.669277  0.559396  0.0349023  0.635197  0.116742  0.742376  0.144985  0.922553  0.582367  0.868122  0.069856  0.325413  0.464043  0.925208  0.093355  
1.38835  3.77568  2.50616  4.19842  1.36891  5.35705  5.54412  12.0733  15.4724  9.59589  3.52545  6.98766  4.51088  8.66966  21.9288  27.3671  30.2719  0.41944  17.3722  7.97095  17.5565  8.33817  39.4417  25.6713  0.694175  0.94392  0.417694  0.524802  0.136891  0.446421  0.396008  0.754579  0.859576  0.479795  0.160248  0.291153  0.173496  0.309631  0.730961  0.855222  0.89035  0.0116511  0.457164  0.199274  0.418012  0.189504  0.857429  0.534819  
0.202431  3.9487  1.38518  1.67264  9.3787  3.84632  1.48839  4.9461  11.4649  17.4266  21.9181  12.5067  23.9496  18.3131  13.4839  19.8587  8.61666  1.47829  10.6253  21.087  32.3649  28.4526  18.4588  38.1631  0.101216  0.987175  0.230863  0.20908  0.93787  0.320526  0.106313  0.309131  0.636938  0.871332  0.996278  0.521114  0.921137  0.654038  0.449464  0.620585  0.253431  0.0410637  0.279614  0.527176  0.770594  0.64665  0.401279  0.795065  
0.252587  1.46062  3.33378  5.50664  3.46051  6.8214  0.529186  3.70066  1.57911  14.999  1.76699  11.5472  15.0618  10.4631  26.4569  13.1669  24.5534  32.768  13.5906  16.5817  30.5246  30.2868  10.4218  1.80007  0.126294  0.365155  0.555629  0.68833  0.346051  0.56845  0.037799  0.231291  0.0877285  0.749949  0.0803179  0.481133  0.579301  0.373681  0.881895  0.411465  0.72216  0.910222  0.357647  0.414543  0.726776  0.688337  0.226561  0.0375015  
0.38937  1.02153  1.07678  0.264349  2.65506  11.6325  0.701578  6.94917  6.75732  8.8416  2.73068  16.6758  4.03494  21.1599  1.54532  29.2881  30.7281  15.3706  7.56948  10.7677  1.91972  9.88409  5.60423  43.2343  0.194685  0.255382  0.179463  0.0330437  0.265506  0.969374  0.0501127  0.434323  0.375407  0.44208  0.124122  0.694827  0.15519  0.755711  0.0515106  0.915252  0.903768  0.42696  0.199197  0.269192  0.0457076  0.224638  0.121831  0.900714  
0.0264335  0.443348  0.737996  1.42686  2.51096  5.96551  9.1782  0.187621  0.247584  17.3575  11.4299  8.78327  3.42338  21.0182  20.8712  30.4026  13.1544  21.6135  18.8309  36.3948  37.7135  28.3259  23.8546  26.701  0.0132167  0.110837  0.122999  0.178358  0.251096  0.497126  0.655585  0.0117263  0.0137547  0.867877  0.51954  0.36597  0.131668  0.750652  0.695708  0.950081  0.386894  0.600375  0.495549  0.909871  0.89794  0.64377  0.518579  0.556271  
0.377132  3.22044  4.23965  5.54316  2.05895  1.4589  11.5865  14.7103  9.19573  1.59002  3.7133  15.0372  22.7546  19.9196  25.7912  15.5098  20.3774  31.4704  16.8537  31.5275  21.616  18.8101  8.83582  28.6558  0.188566  0.805109  0.706609  0.692896  0.205895  0.121575  0.827606  0.919395  0.510874  0.0795008  0.168787  0.62655  0.875179  0.711414  0.859705  0.48468  0.599335  0.874178  0.443518  0.788188  0.514666  0.427503  0.192083  0.596996  
0.103376  2.45487  3.18612  1.40737  0.363411  1.04085  10.0717  8.55667  8.0453  3.49523  11.6389  23.9266  3.40523  18.3861  18.871  23.7031  10.9738  16.5564  1.29177  18.9219  9.86505  37.2767  41.7753  12.8127  0.0516879  0.613717  0.53102  0.175921  0.0363411  0.0867373  0.719406  0.534792  0.446961  0.174761  0.529039  0.99694  0.130971  0.656645  0.629035  0.740722  0.32276  0.459899  0.0339938  0.473049  0.234882  0.847199  0.908158  0.266932  
1.96324  1.93614  4.25789  6.87604  7.08617  1.2359  11.3662  7.70317  8.11642  12.002  16.114  8.17641  25.7783  8.7994  9.30186  17.6002  18.7349  22.5822  11.696  17.3309  15.0118  20.4424  38.4655  43.8708  0.981619  0.484036  0.709649  0.859505  0.708617  0.102992  0.811869  0.481448  0.450912  0.600102  0.732456  0.340684  0.991473  0.314264  0.310062  0.550007  0.551025  0.627284  0.307791  0.433274  0.357424  0.464599  0.836206  0.913974  
1.82423  1.82247  4.97431  7.38982  7.89604  8.79718  12.1832  7.73926  12.281  14.5231  20.4375  22.0039  14.7544  12.6665  29.4975  2.02257  10.2979  6.2802  0.533542  38.3828  25.1668  5.7554  18.2002  5.81744  0.912113  0.455619  0.829052  0.923727  0.789604  0.733099  0.870232  0.483704  0.682276  0.726157  0.928979  0.916829  0.567475  0.452373  0.983248  0.0632053  0.30288  0.17445  0.0140406  0.95957  0.599209  0.130805  0.395658  0.121197  
1.07847  1.25926  0.932582  7.80834  6.33514  6.32089  13.214  0.422962  3.85577  3.96263  13.2488  7.20395  8.34308  21.6998  17.8509  15.6035  4.00118  25.2972  0.0084097  32.6061  19.2204  41.3007  12.3511  34.6402  0.539237  0.314816  0.15543  0.976042  0.633514  0.526741  0.943858  0.0264351  0.21421  0.198131  0.602217  0.300165  0.320888  0.774994  0.59503  0.487609  0.117682  0.702699  0.000221308  0.815151  0.457628  0.938653  0.268502  0.72167  
0.769155  1.38667  1.38699  7.93812  6.87145  3.5021  13.2305  8.94601  0.0632532  5.27484  11.7707  4.35144  7.62591  5.73936  7.69382  6.85304  19.6245  18.3264  17.2994  8.0254  20.8848  30.6495  1.1242  20.854  0.384577  0.346668  0.231165  0.992266  0.687145  0.291841  0.945033  0.559125  0.00351407  0.263742  0.535031  0.18131  0.293304  0.204977  0.256461  0.214158  0.577191  0.509067  0.455248  0.200635  0.497258  0.696579  0.0244392  0.434457  
0.575496  2.61311  1.53369  7.30444  1.13334  10.9924  4.35248  0.515588  11.1939  17.0156  12.6389  18.4833  10.6322  3.12193  6.95964  27.6669  22.589  8.0042  25.9669  4.88357  29.5975  0.837506  30.3443  7.28801  0.287748  0.653278  0.255614  0.913056  0.113334  0.916037  0.310891  0.0322242  0.621882  0.850781  0.574497  0.770136  0.40893  0.111498  0.231988  0.864589  0.664383  0.222339  0.68334  0.122089  0.704702  0.0190342  0.659659  0.151833  
1.31183  3.2219  0.0789951  4.04477  9.35459  5.51172  3.72973  12.3784  5.23914  13.9053  18.7999  21.7861  3.10701  21.0151  22.6691  5.6825  33.8147  17.9553  7.22705  25.4073  19.4114  24.5615  31.3167  6.22198  0.655914  0.805474  0.0131659  0.505596  0.935459  0.45931  0.266409  0.773653  0.291064  0.695264  0.854543  0.907752  0.1195  0.750539  0.755636  0.177578  0.994549  0.498759  0.190186  0.635183  0.462175  0.558217  0.680798  0.129625  
1.06932  2.69053  1.94308  6.78571  9.61582  2.15653  5.08799  14.0228  9.70214  15.7329  21.2261  4.67919  18.5789  18.8888  5.05106  2.28367  8.60038  32.049  9.6094  21.1908  18.3135  34.8089  21.9964  8.1926  0.534658  0.672631  0.323846  0.848213  0.961582  0.179711  0.363428  0.876426  0.539008  0.786647  0.964822  0.194966  0.714572  0.6746  0.168369  0.0713647  0.252952  0.890251  0.252879  0.52977  0.436035  0.791111  0.478182  0.170679  
0.577134  0.699403  0.488568  2.68124  7.59755  11.0407  0.00218751  0.227111  4.15174  7.55786  12.5485  20.9083  23.2389  11.6005  15.5578  7.31575  23.4669  18.6142  2.06158  4.51654  15.4324  39.3503  39.7298  9.96503  0.288567  0.174851  0.0814281  0.335155  0.759755  0.92006  0.000156251  0.0141944  0.230652  0.377893  0.570384  0.871181  0.893805  0.414304  0.518594  0.228617  0.690204  0.517062  0.054252  0.112914  0.367438  0.894324  0.863692  0.207605  
1.98933  0.632816  2.50425  1.113  0.102895  7.97395  12.4218  14.1458  12.5367  2.80343  20.5672  17.2135  24.4224  26.3372  4.7126  17.1711  23.007  17.7341  28.725  8.7789  27.7005  34.3208  42.2245  15.8916  0.994665  0.158204  0.417374  0.139126  0.0102895  0.664496  0.887271  0.884113  0.696482  0.140171  0.934874  0.717228  0.939322  0.940613  0.157087  0.536596  0.676677  0.492613  0.755922  0.219472  0.659536  0.780019  0.917923  0.331075  
0.653653  0.363402  4.3022  0.695229  5.69045  1.74471  4.31934  1.99203  5.95999  11.102  6.90508  18.1285  6.83156  14.4937  21.268  18.172  3.33384  34.3712  31.8969  22.0364  35.9073  18.4669  33.4993  22.36  0.326826  0.0908505  0.717033  0.0869036  0.569045  0.145393  0.308525  0.124502  0.33111  0.555099  0.313867  0.755356  0.262752  0.517632  0.708932  0.567875  0.0980543  0.954755  0.839391  0.550909  0.854936  0.419702  0.728245  0.465834  
1.06422  0.981463  2.27704  6.69169  9.09883  10.2858  12.6578  11.0084  0.012227  15.4131  17.5578  1.57506  22.6289  9.3974  4.08059  23.9282  29.0165  9.89306  5.35286  7.15316  36.2228  13.056  17.9112  16.3914  0.532109  0.245366  0.379507  0.836461  0.909883  0.857151  0.904132  0.688028  0.000679276  0.770655  0.798082  0.0656276  0.870341  0.335621  0.13602  0.747757  0.853427  0.274807  0.140865  0.178829  0.862447  0.296728  0.389374  0.341487  
0.597368  2.00209  0.155603  4.78849  4.00981  10.3004  3.89413  3.36256  10.6596  9.00769  8.50729  13.4809  4.7728  5.36993  16.8047  26.1492  9.92145  30.5817  28.4425  13.1997  1.08494  34.7049  39.9738  2.80414  0.298684  0.500521  0.0259339  0.598561  0.400981  0.858366  0.278152  0.21016  0.592198  0.450384  0.386695  0.561706  0.183569  0.191783  0.560158  0.817163  0.291807  0.849491  0.748487  0.329993  0.0258319  0.788748  0.868996  0.0584196  
0.674695  1.95318  2.82209  1.08736  1.14878  0.72595  3.20861  13.1044  6.11501  15.7151  16.865  7.80454  0.210724  9.51918  24.1005  23.2816  4.7932  34.7343  0.238584  17.5594  33.969  31.2645  24.364  33.697  0.337348  0.488295  0.470348  0.13592  0.114878  0.0604958  0.229186  0.819027  0.339723  0.785755  0.766589  0.325189  0.00810479  0.339971  0.80335  0.72755  0.140977  0.964841  0.00627853  0.438986  0.808786  0.710557  0.529652  0.702021  
0.596647  2.75346  1.13424  0.879731  6.75837  0.43045  13.9428  11.8406  4.54461  15.9418  4.73613  12.0355  19.2449  14.5403  2.11873  1.50445  6.1825  11.0983  5.22662  17.9471  21.7397  17.0539  31.1447  29.2805  0.298323  0.688365  0.18904  0.109966  0.675837  0.0358709  0.995913  0.740036  0.252479  0.797088  0.215279  0.501478  0.740187  0.519296  0.0706243  0.047014  0.181838  0.308285  0.137543  0.448679  0.517611  0.387589  0.677059  0.61001  
0.406959  2.72394  4.89004  3.36774  9.41884  8.85471  3.04003  3.66279  4.67058  17.7282  3.62202  20.3424  24.6344  1.83998  1.84417  10.2289  31.8342  23.3535  23.3277  11.7319  26.4879  43.6037  27.0742  26.9094  0.203479  0.680984  0.815006  0.420967  0.941884  0.737893  0.217145  0.228925  0.259477  0.886409  0.164637  0.847601  0.947477  0.0657136  0.0614725  0.319653  0.9363  0.648708  0.613886  0.293298  0.630663  0.990994  0.588569  0.560612  
0.0284764  3.59789  1.11411  5.14188  6.1821  5.00093  6.57483  14.0813  4.91677  14.2931  5.56251  2.14069  19.6458  23.8875  25.0056  5.79475  8.89679  1.334  8.72957  15.4117  1.89035  43.9397  39.7329  42.7186  0.0142382  0.899471  0.185684  0.642735  0.61821  0.416744  0.469631  0.880084  0.273154  0.714657  0.252841  0.0891954  0.755608  0.853125  0.833519  0.181086  0.26167  0.0370556  0.229726  0.385293  0.0450082  0.99863  0.863758  0.88997  
0.625155  3.94497  2.23375  7.33713  9.3554  10.7936  2.67461  13.2288  7.18751  9.74772  8.60829  6.59796  12.205  1.95302  24.6533  6.26433  29.8655  23.7041  17.5027  3.04161  32.3422  8.54112  38.1199  35.5891  0.312577  0.986242  0.372292  0.917141  0.93554  0.899466  0.191043  0.826801  0.399306  0.487386  0.391286  0.274915  0.469424  0.0697507  0.821777  0.19576  0.878398  0.658447  0.460598  0.0760403  0.770052  0.194116  0.828694  0.741439  
0.640574  3.3715  1.232  2.38995  3.27667  9.27263  12.5622  7.85041  8.39113  12.8618  4.72523  12.107  22.572  3.8091  22.3577  19.2004  11.8581  15.521  33.9144  2.4803  11.0022  23.696  43.6387  23.4446  0.320287  0.842875  0.205333  0.298744  0.327667  0.772719  0.897301  0.490651  0.466174  0.643091  0.214783  0.504456  0.868155  0.136039  0.745258  0.600012  0.348766  0.431138  0.892484  0.0620075  0.261957  0.538546  0.948668  0.48843  
0.5505  0.467204  5.87467  6.21364  8.55843  0.995033  5.54894  2.75169  5.34784  3.95433  6.90441  22.2891  20.03  2.1841  14.6928  16.4842  25.498  7.68647  27.1634  23.335  8.2003  32.5947  6.93777  3.17582  0.27525  0.116801  0.979112  0.776705  0.855843  0.0829194  0.396353  0.171981  0.297102  0.197716  0.313837  0.928713  0.770384  0.0780035  0.489759  0.515132  0.749941  0.213513  0.714827  0.583374  0.195245  0.740788  0.150821  0.0661628  
1.16497  0.998175  5.22843  6.22766  8.71416  9.66163  12.5511  9.60965  13.0214  7.01668  16.1654  12.5485  23.5998  24.0259  0.964363  11.5027  33.6935  23.1214  12.8973  22.5264  35.08  4.38616  8.93371  44.1274  0.582485  0.249544  0.871405  0.778458  0.871416  0.805136  0.896504  0.600603  0.723413  0.350834  0.73479  0.522855  0.907686  0.858069  0.0321454  0.359459  0.990986  0.642261  0.339403  0.563159  0.835238  0.0996854  0.194211  0.91932  
0.264746  1.40823  0.964165  2.52895  6.0849  5.19244  13.6554  10.6449  7.74434  6.85873  13.9016  19.2179  6.79483  19.39  7.04141  1.24613  15.6651  24.5607  0.167822  8.06719  19.6705  14.5145  28.8172  0.474772  0.132373  0.352057  0.160694  0.316119  0.60849  0.432703  0.975388  0.665305  0.430241  0.342937  0.631889  0.800746  0.26134  0.692499  0.234714  0.0389416  0.460738  0.682241  0.00441636  0.20168  0.468345  0.329875  0.62646  0.00989108  
0.0904954  0.306518  0.141714  7.74569  3.61385  9.4434  3.01554  6.14493  17.5677  11.916  12.7905  2.74838  21.9791  22.3756  1.3339  0.910255  15.0801  8.46031  25.5318  35.9867  39.9222  19.9043  36.8471  47.9891  0.0452477  0.0766295  0.0236189  0.968211  0.361385  0.78695  0.215396  0.384058  0.975981  0.5958  0.581387  0.114516  0.845348  0.799129  0.0444632  0.0284455  0.443534  0.235009  0.671889  0.899667  0.950528  0.45237  0.801024  0.999772  
1.33495  2.40193  4.72625  5.03782  6.76798  10.5157  8.94803  3.87236  10.947  8.5393  13.501  22.1462  20.8069  2.62831  19.205  26.0415  13.402  35.3101  10.4662  2.40329  0.512266  1.84281  40.6191  32.2585  0.667476  0.600483  0.787708  0.629727  0.676798  0.876305  0.639145  0.242022  0.608164  0.426965  0.613683  0.92276  0.800266  0.0938682  0.640168  0.813796  0.394177  0.980836  0.275427  0.0600822  0.0121968  0.0418821  0.883024  0.672052  
1.50745  0.630565  1.26226  0.0381154  8.38428  1.30102  4.41996  7.12986  5.18111  9.53431  20.733  8.89863  8.23681  0.197774  4.71308  31.0156  7.37726  5.27192  33.1287  24.0928  28.748  22.0959  45.3584  22.5838  0.753727  0.157641  0.210377  0.00476443  0.838428  0.108419  0.315711  0.445616  0.28784  0.476716  0.942409  0.370776  0.3168  0.00706337  0.157103  0.969236  0.216978  0.146442  0.871808  0.602319  0.684475  0.502178  0.986053  0.470495  
0.235991  2.70704  1.17508  6.10273  6.77684  9.92308  6.21256  10.408  12.5111  5.19351  13.4988  10.3661  18.3614  14.464  1.02002  19.2792  7.61978  22.5758  10.5016  0.982673  9.35855  1.03435  40.116  39.2823  0.117996  0.676759  0.195847  0.762842  0.677684  0.826923  0.443754  0.650498  0.695059  0.259676  0.613583  0.431921  0.706208  0.516572  0.0340007  0.602475  0.224111  0.627106  0.276358  0.0245668  0.222823  0.0235081  0.872086  0.818381  
1.48912  1.39133  0.210332  6.05368  9.40027  10.3323  12.6236  13.2102  7.58413  19.073  11.5653  7.50642  0.80119  9.13625  10.6148  28.6811  19.4448  17.348  36.9797  28.029  16.093  12.3579  16.8965  24.3832  0.74456  0.347832  0.0350553  0.75671  0.940027  0.861022  0.901684  0.82564  0.421341  0.953649  0.525693  0.312767  0.030815  0.326295  0.353825  0.896285  0.571905  0.481888  0.973149  0.700724  0.383166  0.280862  0.367316  0.507983  
0.764857  2.34176  0.405286  1.21371  9.26924  0.809871  13.7267  6.12593  5.85733  2.42942  2.05425  1.89435  13.7604  7.19151  9.98709  2.13469  26.4217  1.73736  15.4667  29.0874  34.8203  37.7394  34.8401  7.37366  0.382429  0.58544  0.0675476  0.151713  0.926924  0.0674893  0.980481  0.382871  0.325407  0.121471  0.0933751  0.0789313  0.529247  0.25684  0.332903  0.0667091  0.777108  0.04826  0.407019  0.727185  0.829054  0.857715  0.757393  0.153618  
1.59949  2.99862  4.26547  0.105061  3.40811  3.41927  11.4831  5.67427  0.265429  13.5821  2.46674  2.31484  4.27633  8.16469  21.5732  16.9899  21.5896  28.9831  16.9277  13.6703  32.8388  8.53415  31.9734  11.1745  0.799747  0.749656  0.710912  0.0131327  0.340811  0.284939  0.82022  0.354642  0.0147461  0.679105  0.112124  0.0964515  0.164474  0.291596  0.719107  0.530936  0.634989  0.805086  0.445466  0.341757  0.781877  0.193958  0.695074  0.232802  
1.09876  2.44856  5.78281  7.30521  8.38258  10.2402  5.57189  5.39649  6.42869  4.69061  13.8334  2.35344  21.2515  18.3227  3.56387  25.1182  6.70636  28.6066  25.0036  24.4172  14.1705  13.0863  36.7376  19.3585  0.549381  0.612141  0.963802  0.913151  0.838258  0.85335  0.397992  0.337281  0.357149  0.234531  0.628792  0.0980599  0.817364  0.654384  0.118796  0.784944  0.197246  0.794627  0.65799  0.61043  0.337393  0.297415  0.798643  0.403302  
0.111297  3.12477  0.731032  7.51708  7.74553  3.86293  12.3651  0.421047  15.0112  10.818  6.31484  18.1811  10.8518  10.2534  22.2382  30.3293  6.33327  28.4119  27.4185  22.586  21.1192  2.03352  15.4421  23.0707  0.0556483  0.781193  0.121839  0.939635  0.774553  0.321911  0.883222  0.0263155  0.833957  0.540902  0.287038  0.757545  0.417378  0.366195  0.741274  0.947792  0.186273  0.789219  0.721539  0.564651  0.502837  0.0462163  0.335698  0.480639  
0.835052  2.7709  0.254197  5.70406  5.04913  5.02334  13.1075  13.8508  17.6192  11.8417  5.81162  5.29216  16.5263  15.9126  29.7076  15.1109  10.1061  27.2828  13.9291  13.02  7.555  39.2152  22.6467  32.1365  0.417526  0.692724  0.0423662  0.713008  0.504913  0.418611  0.936251  0.865675  0.978845  0.592086  0.264165  0.220507  0.635626  0.568307  0.990254  0.472215  0.297237  0.757854  0.366556  0.325499  0.179881  0.891255  0.492319  0.669511  
0.898085  1.89132  2.93492  0.742534  4.81357  10.1794  2.49576  10.1511  5.24666  11.567  2.93564  1.67956  19.8642  20.7027  28.5441  11.9096  15.9884  28.3177  25.1359  35.9378  41.3981  22.3286  17.7416  14.8167  0.449043  0.47283  0.489154  0.0928168  0.481357  0.848284  0.178268  0.634442  0.291481  0.578348  0.133438  0.0699816  0.764007  0.739381  0.95147  0.372174  0.470248  0.786602  0.66147  0.898445  0.98567  0.507469  0.385688  0.308681  
0.107336  2.78844  1.61986  4.04546  6.60556  7.43962  9.58546  9.5102  15.8126  19.7391  6.72611  15.2385  22.9357  18.975  7.53863  29.3396  14.6556  8.27814  3.51179  24.0746  2.135  6.26897  23.4007  5.29769  0.0536678  0.69711  0.269976  0.505682  0.660556  0.619968  0.684675  0.594388  0.87848  0.986954  0.305732  0.634938  0.882143  0.67768  0.251288  0.916862  0.431046  0.229948  0.0924156  0.601866  0.0508332  0.142477  0.508711  0.110369  
0.980488  0.178681  4.93341  6.51837  4.85549  1.35743  0.0667782  14.1  7.97154  6.77986  15.0157  1.70929  8.34165  11.6643  7.09188  20.3638  32.2746  21.8956  12.5246  19.0751  27.9164  30.8965  33.9079  30.0012  0.490244  0.0446701  0.822235  0.814796  0.485549  0.113119  0.00476987  0.881251  0.442864  0.338993  0.682531  0.0712206  0.320833  0.416582  0.236396  0.636369  0.949252  0.608212  0.329594  0.476878  0.664675  0.702194  0.737128  0.625024  
0.586858  3.93704  4.59366  0.757724  7.10101  11.3442  10.2474  5.59567  5.55711  9.31462  11.9713  3.69077  13.8427  8.58444  27.5765  26.5394  9.9653  24.6831  23.9088  19.0567  25.2751  40.7043  3.88437  42.4734  0.293429  0.98426  0.76561  0.0947155  0.710101  0.945349  0.731958  0.349729  0.308728  0.465731  0.54415  0.153782  0.532411  0.306587  0.919215  0.829356  0.293097  0.685641  0.62918  0.476417  0.601789  0.925097  0.0844428  0.884863  
1.32832  0.342418  4.1529  7.90941  1.42042  9.41918  7.98244  3.57195  1.30261  15.675  1.91067  11.3658  25.7794  0.0686677  7.02621  17.2866  26.8248  34.9931  37.4946  9.56387  36.6548  42.602  26.1197  22.9871  0.66416  0.0856046  0.692149  0.988676  0.142042  0.784931  0.570174  0.223247  0.0723673  0.783749  0.0868484  0.473576  0.991514  0.00245242  0.234207  0.540205  0.788965  0.97203  0.9867  0.239097  0.872733  0.968228  0.567819  0.478897  
1.92584  2.92034  2.33127  3.00012  7.56684  7.673  8.07527  2.86517  7.19978  5.88215  17.6508  20.7077  3.94706  19.525  1.83093  9.32131  6.58552  7.8177  31.2038  33.2926  24.3993  32.2414  39.3335  18.7821  0.962918  0.730084  0.388545  0.375015  0.756684  0.639416  0.576805  0.179073  0.399988  0.294107  0.802311  0.86282  0.15181  0.697323  0.0610309  0.291291  0.193692  0.217158  0.821154  0.832315  0.580937  0.732759  0.855077  0.391295  
1.62544  0.44051  4.07958  0.426263  5.56716  9.29945  13.3394  5.65083  2.97521  9.24596  21.4607  16.8547  6.55161  12.3504  12.0674  12.9486  26.9539  27.2452  23.0657  3.24355  34.6413  38.4375  18.9381  12.428  0.812718  0.110128  0.679929  0.0532829  0.556716  0.774954  0.952811  0.353177  0.165289  0.462298  0.975485  0.702279  0.251985  0.441086  0.402247  0.404644  0.792763  0.756812  0.606991  0.0810889  0.824793  0.873581  0.411698  0.258916  
1.241  2.40925  3.18563  6.86661  4.30191  6.65141  5.66469  2.19355  7.43039  13.1929  19.5141  22.9816  6.73562  9.2587  10.7128  14.9995  7.10168  35.2015  8.24733  4.29329  30.2308  38.188  42.8249  45.8648  0.620502  0.602312  0.530938  0.858326  0.430191  0.554284  0.404621  0.137097  0.4128  0.659645  0.887003  0.957568  0.259062  0.330668  0.357094  0.468735  0.208873  0.977819  0.217035  0.107332  0.719782  0.867909  0.930975  0.955516  
1.78789  3.63224  3.42887  4.46936  5.67193  5.57504  8.04027  8.85036  8.50117  10.3313  0.652297  11.9395  5.03429  10.9627  11.3413  25.3911  19.5908  34.259  32.8514  11.9809  39.0829  42.0929  21.8584  38.763  0.893946  0.908059  0.571478  0.55867  0.567193  0.464586  0.574305  0.553147  0.472287  0.516564  0.0296499  0.497481  0.193627  0.391525  0.378044  0.793473  0.576199  0.95164  0.864512  0.299523  0.930545  0.956656  0.475183  0.807563  
1.41938  3.66704  0.202973  0.409664  6.15457  9.40906  3.08888  5.85049  4.23118  15.2214  9.6712  20.1688  0.795207  13.4699  27.257  17.188  23.9647  21.744  31.7975  35.836  5.32645  4.91433  27.0311  34.1585  0.709688  0.916761  0.0338289  0.051208  0.615457  0.784088  0.220634  0.365656  0.235066  0.76107  0.4396  0.840365  0.0305849  0.481068  0.908565  0.537126  0.704844  0.603999  0.836777  0.895899  0.12682  0.111689  0.587632  0.711635  
0.0912107  0.238957  5.2008  3.24699  7.72791  5.28189  6.92966  10.1473  16.8139  16.6597  18.7879  17.6449  24.2722  0.152979  11.8433  8.84508  14.6539  18.8181  23.8636  0.735766  8.91178  3.69851  6.96877  37.5937  0.0456053  0.0597393  0.8668  0.405873  0.772791  0.440157  0.494976  0.634209  0.934106  0.832984  0.853994  0.735202  0.933548  0.00546352  0.394776  0.276409  0.430996  0.522724  0.62799  0.0183941  0.212185  0.084057  0.151495  0.783203  
0.0815607  2.06518  2.71876  1.63705  9.75725  11.0456  4.64331  12.2817  15.2294  17.5091  21.8635  6.02055  14.0119  1.29275  19.5189  26.9319  14.3529  34.574  13.8698  7.66061  40.2294  26.6759  17.0865  5.55203  0.0407803  0.516296  0.453127  0.204632  0.975725  0.920466  0.331665  0.767603  0.846076  0.875454  0.993794  0.250856  0.538918  0.0461698  0.65063  0.841623  0.422145  0.960389  0.364995  0.191515  0.957843  0.606271  0.371445  0.115667  
0.930564  2.69388  4.92826  6.66255  2.15306  8.45772  1.48596  6.07258  11.7455  13.8551  0.683535  10.8375  4.83784  2.51746  5.68198  28.3663  13.4696  24.0476  4.57957  18.0195  1.2078  37.2295  39.4932  22.5269  0.465282  0.673471  0.821377  0.832819  0.215306  0.70481  0.10614  0.379536  0.652526  0.692755  0.0310698  0.451564  0.186071  0.0899091  0.189399  0.886447  0.396166  0.66799  0.120515  0.450487  0.0287571  0.846124  0.858547  0.469311  
0.687313  2.69952  5.4971  7.8234  5.79066  8.69769  7.84711  5.32422  2.68157  2.02  8.76023  18.016  8.33248  19.985  1.73396  27.0895  17.0617  28.8896  30.7651  5.72472  19.2846  10.3508  2.2254  4.77792  0.343656  0.67488  0.916184  0.977925  0.579066  0.724807  0.560508  0.332764  0.148976  0.101  0.398192  0.750668  0.32048  0.713751  0.0577987  0.846547  0.501815  0.80249  0.809609  0.143118  0.459158  0.235246  0.0483783  0.0995401  
1.23677  3.75716  4.90745  6.59131  6.60714  10.0105  12.6377  7.46111  0.657224  19.7086  13.1889  20.121  12.5072  11.5044  23.9519  24.4748  3.67911  35.9764  21.3797  18.6938  37.8206  37.4404  22.2193  33.9179  0.618386  0.93929  0.817908  0.823914  0.660714  0.834206  0.902694  0.466319  0.0365125  0.985429  0.599498  0.838376  0.481047  0.410873  0.798396  0.764838  0.108209  0.999343  0.562623  0.467346  0.90049  0.850918  0.483029  0.706623  
1.50757  2.42158  0.610841  2.40269  2.30611  8.82877  11.1224  10.5607  6.45111  15.4269  1.52235  15.139  2.49611  14.4216  0.547895  0.911185  30.1542  20.4562  28.2631  19.6585  0.0998295  24.7575  22.7239  28.6647  0.753784  0.605396  0.101807  0.300337  0.230611  0.73573  0.794455  0.660042  0.358395  0.771344  0.0691979  0.630793  0.0960044  0.515058  0.0182632  0.0284745  0.886888  0.568229  0.743767  0.491462  0.00237689  0.56267  0.493998  0.597181  
1.38002  0.345327  1.75133  0.608131  4.56354  1.28791  5.53785  0.0446258  10.2854  19.3604  7.51301  9.12828  24.798  14.1971  25.1846  14.0864  1.29452  18.9181  18.4268  37.0212  40.451  11.9342  26.5085  28.5409  0.690009  0.0863316  0.291888  0.0760164  0.456354  0.107325  0.395561  0.00278911  0.571413  0.96802  0.341501  0.380345  0.953771  0.50704  0.839487  0.440199  0.038074  0.525502  0.484917  0.925531  0.96312  0.271232  0.576271  0.594602  
1.17888  0.705509  0.706104  5.61876  5.44809  7.40595  12.0945  0.106062  4.05918  18.8466  13.3671  0.45797  22.5209  3.18182  4.00136  24.3797  30.0792  31.2327  3.87695  26.4271  22.781  19.4897  16.4711  5.50656  0.589442  0.176377  0.117684  0.702345  0.544809  0.617162  0.863896  0.00662886  0.22551  0.942328  0.607593  0.0190821  0.866188  0.113637  0.133379  0.761867  0.884682  0.867575  0.102025  0.660678  0.542406  0.442948  0.358066  0.11472  
1.42735  1.01126  4.69258  0.452087  2.29334  11.9599  4.34009  12.8126  16.6803  5.64303  18.7734  12.3854  6.87873  15.5663  22.5952  12.0742  20.8167  21.4274  10.1862  28.3391  21.7854  20.115  5.10667  40.6411  0.713673  0.252814  0.782097  0.0565109  0.229334  0.996658  0.310007  0.80079  0.926681  0.282152  0.853335  0.516056  0.264567  0.555939  0.753172  0.37732  0.612256  0.595206  0.268057  0.708478  0.5187  0.45716  0.111015  0.846689  
0.927368  3.08637  1.99608  4.63668  5.365  2.12253  0.297219  5.41245  13.0512  13.5047  18.5602  12.9396  25.4095  12.3499  5.61059  17.7558  8.03028  35.5611  28.9486  20.8629  6.22109  23.2542  22.5702  39.8682  0.463684  0.771593  0.332681  0.579585  0.5365  0.176878  0.0212299  0.338278  0.725065  0.675233  0.843646  0.539152  0.977287  0.441068  0.18702  0.55487  0.236185  0.987808  0.761806  0.521573  0.148121  0.528505  0.490657  0.830588  
0.7073  2.96802  1.62456  1.70679  6.93064  9.73881  9.50864  8.47346  6.51128  16.0112  8.57532  13.349  21.4303  9.45691  17.1015  3.5743  19.7543  4.24437  4.80879  16.7499  3.44385  23.5199  44.7675  5.66963  0.35365  0.742006  0.27076  0.213349  0.693064  0.811568  0.679189  0.529591  0.361738  0.800558  0.389787  0.556206  0.824243  0.337747  0.570051  0.111697  0.581009  0.117899  0.126547  0.418748  0.0819965  0.534544  0.973207  0.118117  
1.18699  0.128535  2.20524  6.15651  7.77305  1.91533  10.1904  1.97069  3.14824  7.62175  5.92303  13.5968  1.83888  12.5391  27.1898  5.33239  25.895  31.6152  2.60815  37.7556  19.2293  26.1324  31.2355  22.5225  0.593497  0.0321337  0.36754  0.769564  0.777305  0.159611  0.727885  0.123168  0.174902  0.381088  0.269229  0.566535  0.070726  0.447823  0.906325  0.166637  0.761618  0.8782  0.0686355  0.943889  0.457841  0.593919  0.679033  0.469218  
2  4  6  7.99998  9.79157  11.7505  13.7072  15.6619  17.62  19.5757  21.5282  23.4878  25.4435  27.3996  29.3577  31.3139  33.2713  35.2271  37.1831  39.1385  41.1038  43.0547  45.0097  46.9657  1  1  1  0.999997  0.979157  0.979205  0.979086  0.978871  0.978887  0.978783  0.978556  0.978657  0.978595  0.978556  0.97859  0.978559  0.978567  0.97853  0.978504  0.978464  0.978662  0.978516  0.978471  0.978453  
2  4  0.00161924  1.42243e-07  3.64642  3.97903  4.36845  4.73679  5.09224  5.39422  5.68788  5.95669  6.22635  6.44295  6.66169  6.84364  7.02693  7.17783  7.34247  7.4716  7.58355  7.69364  7.80297  7.8777  1  0.999999  0.000269873  1.77804e-08  0.364642  0.331586  0.312032  0.296049  0.282902  0.269711  0.25854  0.248195  0.239475  0.230105  0.222056  0.213864  0.206674  0.199384  0.193223  0.18679  0.180561  0.174856  0.16963  0.164119  
3.90397e-14  3.94479e-11  6  7.99993  3.60531  3.96317  4.35967  4.72447  5.07286  5.38445  5.69585  5.94901  6.19726  6.43328  6.64202  6.83214  7.00798  7.16698  7.32874  7.44481  7.57076  7.68142  7.78614  7.86607  1.95198e-14  9.86198e-12  1  0.999991  0.360531  0.330264  0.311405  0.295279  0.281825  0.269223  0.258902  0.247875  0.238356  0.22976  0.221401  0.213504  0.206117  0.199083  0.192862  0.18612  0.180256  0.174578  0.169264  0.163876  
1.99799  3.98911  5.98263  7.91044  9.79222  11.7463  13.7047  15.6598  17.618  19.5732  21.5268  23.4855  25.4431  27.4003  29.3563  31.3132  33.2694  35.2267  37.1815  39.1384  41.0976  43.0589  45.0095  46.9635  0.998994  0.997279  0.997105  0.988805  0.979222  0.978858  0.978906  0.978738  0.978778  0.978661  0.978493  0.978564  0.978581  0.978581  0.978544  0.978538  0.978511  0.97852  0.978461  0.978461  0.978515  0.978611  0.978466  0.978406  
1.97719  3.99935  5.87394  7.62925  9.78379  11.742  13.6992  15.6548  17.6109  19.5671  21.5207  23.4791  25.4381  27.3992  29.3524  31.3066  33.265  35.2234  37.1752  39.1367  41.094  43.0483  45.0033  46.9606  0.988593  0.999838  0.978989  0.953657  0.978379  0.9785  0.978515  0.978423  0.978384  0.978355  0.978212  0.978294  0.978389  0.978544  0.978412  0.978333  0.978383  0.978428  0.978295  0.978418  0.978429  0.97837  0.978333  0.978346  
1.88498  3.99003  5.91579  7.92593  9.78335  11.742  13.6967  15.6531  17.6116  19.5675  21.5247  23.479  25.4392  27.3953  29.3513  31.3061  33.2637  35.2211  37.1773  39.1346  41.0928  43.0499  45.0034  46.9588  0.942489  0.997508  0.985964  0.990741  0.978335  0.978502  0.978334  0.978316  0.978423  0.978377  0.978397  0.978293  0.978432  0.978402  0.978375  0.978316  0.978344  0.978364  0.97835  0.978364  0.9784  0.978408  0.978336  0.978308  
1.99665  3.96583  5.71052  7.35778  9.777  11.7363  13.6925  15.6468  17.6046  19.5626  21.521  23.4735  25.431  27.3851  29.346  31.3015  33.2584  35.2192  37.1737  39.1293  41.0863  43.0471  44.9998  46.9534  0.998325  0.991459  0.951753  0.919723  0.9777  0.978021  0.978036  0.977922  0.978034  0.978128  0.978227  0.978061  0.978116  0.978041  0.978199  0.978171  0.978187  0.978311  0.978254  0.978232  0.978244  0.978342  0.978256  0.978196  
1.86662  3.99965  5.74402  7.84216  9.77827  11.7371  13.6914  15.6493  17.6061  19.5623  21.5215  23.4742  25.4328  27.387  29.3467  31.3016  33.26  35.2172  37.1727  39.131  41.0851  43.0406  44.9988  46.9553  0.93331  0.999912  0.957337  0.98027  0.977827  0.978089  0.97796  0.978083  0.978119  0.978116  0.978251  0.978093  0.978185  0.978106  0.978223  0.978176  0.978237  0.978256  0.978228  0.978275  0.978215  0.978194  0.978235  0.978236  
1.92309  3.96979  5.36517  7.86081  9.77251  11.7309  13.6875  15.6427  17.601  19.5592  21.5159  23.4702  25.4306  27.3886  29.3422  31.298  33.2532  35.2086  37.1688  39.1232  41.0842  43.0389  44.9945  46.9508  0.961544  0.992448  0.894196  0.982602  0.977251  0.977575  0.977677  0.977669  0.977831  0.977959  0.977998  0.977923  0.978099  0.978165  0.978073  0.978063  0.978036  0.978018  0.978126  0.97808  0.978195  0.978157  0.978141  0.978142  
1.76669  3.95162  5.97412  7.88818  9.77638  11.7355  13.6895  15.6491  17.603  19.5604  21.517  23.4743  25.4299  27.3909  29.3437  31.2986  33.2565  35.2148  37.1711  39.1288  41.0812  43.0441  44.9969  46.9536  0.883347  0.987906  0.995687  0.986022  0.977638  0.977959  0.977825  0.978068  0.977947  0.978021  0.978045  0.978094  0.978072  0.978247  0.978125  0.978081  0.978132  0.978188  0.978188  0.97822  0.978125  0.978276  0.978193  0.9782  
1.99019  3.98296  5.13643  7.33596  9.7659  11.7223  13.6822  15.6372  17.593  19.5514  21.5065  23.4627  25.4254  27.3811  29.3369  31.2938  33.246  35.2101  37.1631  39.117  41.0734  43.0351  44.9891  46.9461  0.995095  0.995739  0.856071  0.916995  0.97659  0.976858  0.9773  0.977325  0.977391  0.977572  0.977567  0.977614  0.977901  0.977897  0.977895  0.977932  0.977824  0.978059  0.977976  0.977925  0.977939  0.97807  0.978023  0.978044  
1.82801  3.9702  5.52315  7.71263  9.76785  11.7269  13.6825  15.6403  17.5974  19.5533  21.5135  23.4669  25.423  27.3786  29.338  31.2934  33.2515  35.2076  37.1642  39.1217  41.0759  43.0374  44.9897  46.9463  0.914007  0.992549  0.920525  0.964078  0.976785  0.977243  0.977319  0.977516  0.977631  0.977666  0.977885  0.977786  0.977807  0.977807  0.977933  0.977919  0.977986  0.977989  0.978006  0.978041  0.977998  0.978124  0.978037  0.978048  
1.88858  3.98787  5.0423  7.70336  9.76303  11.7216  13.6781  15.6357  17.5907  19.5494  21.5099  23.4611  25.4185  27.3723  29.3336  31.2905  33.2463  35.2014  37.1629  39.1155  41.0697  43.0233  44.9885  46.9421  0.94429  0.996966  0.840383  0.96292  0.976303  0.976798  0.977008  0.977233  0.97726  0.977468  0.977724  0.977548  0.977635  0.977581  0.977787  0.977828  0.977834  0.977816  0.977971  0.977886  0.97785  0.977803  0.978012  0.977961  
1.68146  3.96614  5.86097  7.74439  9.76728  11.7265  13.6845  15.6381  17.5966  19.5512  21.5139  23.4655  25.4241  27.3812  29.3375  31.2928  33.2517  35.2087  37.1632  39.12  41.0719  43.0322  44.9868  46.9457  0.840732  0.991536  0.976829  0.968049  0.976728  0.977205  0.977462  0.977382  0.977589  0.977561  0.977905  0.977729  0.97785  0.977901  0.977915  0.977899  0.97799  0.97802  0.977979  0.978  0.977903  0.978004  0.977974  0.978036  
1.94502  3.99478  5.04791  7.13185  9.75879  11.7149  13.6725  15.629  17.5878  19.5443  21.5025  23.4606  25.4132  27.3688  29.3267  31.2843  33.2428  35.1976  37.1546  39.1119  41.0676  43.0273  44.9807  46.9379  0.97251  0.998694  0.841319  0.891482  0.975879  0.976238  0.976605  0.976815  0.977098  0.977214  0.977389  0.977525  0.97743  0.977459  0.977556  0.977635  0.977729  0.977711  0.977752  0.977797  0.9778  0.977893  0.977842  0.977872  
1.69251  3.9767  5.4246  7.8911  9.7608  11.7201  13.6779  15.6333  17.59  19.5461  21.5044  23.4618  25.4242  27.3811  29.3361  31.2839  33.2424  35.2011  37.1576  39.1149  41.0751  43.0265  44.9821  46.9429  0.846255  0.994174  0.9041  0.986387  0.97608  0.976674  0.976994  0.977081  0.977222  0.977306  0.977475  0.977576  0.977852  0.977898  0.977871  0.977623  0.977717  0.977809  0.97783  0.977871  0.977978  0.977876  0.977871  0.977978  
1.80834  3.95332  5.28523  7.28229  9.75494  11.7133  13.6714  15.6291  17.587  19.5418  21.5005  23.456  25.4156  27.372  29.3287  31.2824  33.2442  35.1994  37.1553  39.1128  41.0658  43.0286  44.9817  46.9382  0.90417  0.988331  0.880872  0.910286  0.975494  0.976111  0.976531  0.976816  0.977058  0.97709  0.977296  0.977333  0.977522  0.97757  0.977623  0.977576  0.977769  0.977762  0.97777  0.97782  0.977757  0.977923  0.977863  0.977878  
1.5489  3.9187  5.98374  7.90545  9.7632  11.7214  13.6764  15.6376  17.5918  19.548  21.5041  23.4604  25.4193  27.3781  29.3332  31.2882  33.247  35.1997  37.1589  39.1195  41.0707  43.0319  44.9856  46.9434  0.774452  0.979674  0.997289  0.988181  0.97632  0.976781  0.976887  0.977348  0.977321  0.977402  0.977461  0.977517  0.977664  0.97779  0.977774  0.977755  0.977853  0.977771  0.977865  0.977986  0.977874  0.977997  0.977947  0.977987  
1.99993  3.98181  4.14404  7.31014  9.743  11.7  13.6582  15.6157  17.5744  19.532  21.4879  23.449  25.4059  27.36  29.3179  31.2735  33.2278  35.1895  37.1442  39.0991  41.0568  43.0146  44.9711  46.9244  0.999964  0.995452  0.690674  0.913768  0.9743  0.974997  0.975584  0.975981  0.976354  0.9766  0.976724  0.97704  0.977149  0.977142  0.977263  0.977296  0.977288  0.977486  0.97748  0.977478  0.977543  0.977605  0.977633  0.977591  
1.75109  3.8879  5.14977  7.47668  9.7472  11.7068  13.6673  15.6216  17.5788  19.5364  21.4968  23.4535  25.4051  27.3662  29.321  31.2777  33.2341  35.1877  37.1482  39.109  41.0611  43.0168  44.9747  46.9338  0.875544  0.971974  0.858296  0.934585  0.97472  0.975569  0.976233  0.976348  0.976602  0.976818  0.977127  0.977228  0.977119  0.977366  0.977367  0.977427  0.977475  0.977436  0.977583  0.977726  0.977644  0.977654  0.977712  0.977788  
1.84657  3.98233  4.96424  6.74905  9.74054  11.699  13.6596  15.6167  17.5734  19.5317  21.4889  23.4435  25.3998  27.3584  29.3188  31.2767  33.2272  35.1884  37.142  39.1008  41.056  43.0123  44.9663  46.9234  0.923285  0.995582  0.827373  0.843631  0.974054  0.974919  0.975682  0.976041  0.9763  0.976583  0.976767  0.976814  0.976917  0.977087  0.977294  0.977398  0.97727  0.977456  0.977422  0.97752  0.977524  0.977553  0.977528  0.977571  
1.51346  3.96293  5.89216  7.29456  9.7483  11.7062  13.6654  15.6228  17.5819  19.537  21.4949  23.4513  25.4076  27.3671  29.3206  31.2761  33.2384  35.1899  37.1479  39.1037  41.0612  43.0276  44.977  46.9302  0.756729  0.990732  0.982027  0.91182  0.97483  0.975519  0.976099  0.976427  0.976773  0.976852  0.977041  0.977137  0.977214  0.977396  0.977352  0.977379  0.977599  0.977497  0.977578  0.977592  0.977647  0.9779  0.97776  0.977712  
1.94799  3.90938  4.01491  7.29081  9.73021  11.6908  13.6536  15.6074  17.5661  19.525  21.4784  23.4411  25.3952  27.3513  29.31  31.2663  33.2216  35.1736  37.136  39.0966  41.0476  43.0054  44.9624  46.919  0.973997  0.977346  0.669151  0.911352  0.973021  0.974236  0.975254  0.975464  0.975896  0.976251  0.976291  0.976713  0.976739  0.976833  0.977  0.97707  0.977107  0.977045  0.977264  0.977416  0.977324  0.977396  0.977443  0.977479  
1.59486  3.89249  5.18716  7.60963  9.74035  11.6986  13.6571  15.6192  17.573  19.5287  21.4898  23.4445  25.4014  27.3615  29.3147  31.2731  33.2303  35.1819  37.1415  39.0975  41.0531  43.0103  44.9694  46.9302  0.797429  0.973122  0.864526  0.951203  0.974035  0.974881  0.975508  0.976199  0.97628  0.976435  0.97681  0.976855  0.976978  0.977195  0.977155  0.977284  0.977361  0.977275  0.977409  0.977438  0.977455  0.977507  0.977595  0.977713  
1.76028  3.8961  4.68957  7.1192  9.72882  11.6914  13.6484  15.6079  17.5666  19.5221  21.4819  23.4439  25.3941  27.3599  29.3092  31.2633  33.2243  35.1777  37.1346  39.0942  41.0491  43.0053  44.9629  46.9186  0.880141  0.974025  0.781596  0.8899  0.972882  0.974282  0.974883  0.975495  0.975922  0.976104  0.97645  0.976827  0.976698  0.97714  0.976975  0.976978  0.977185  0.977159  0.977227  0.977355  0.977359  0.977394  0.977454  0.97747  
1.34089  3.92827  5.71291  7.95873  9.74336  11.7023  13.6625  15.6182  17.574  19.5322  21.4892  23.4429  25.4029  27.363  29.3155  31.2755  33.2291  35.1868  37.1443  39.102  41.0569  43.0162  44.9706  46.9261  0.670447  0.982067  0.952151  0.994841  0.974336  0.975194  0.975893  0.976136  0.976336  0.976609  0.976784  0.976788  0.977035  0.977249  0.977183  0.977358  0.977325  0.97741  0.977482  0.97755  0.977545  0.97764  0.977622  0.977626  
1.96683  3.93498  3.34482  7.33716  9.7148  11.6793  13.6366  15.5981  17.5542  19.5127  21.4696  23.4263  25.3859  27.3408  29.2977  31.2562  33.2125  35.1676  37.125  39.0824  41.0386  42.9975  44.9557  46.9118  0.983417  0.983745  0.55747  0.917145  0.97148  0.973275  0.974041  0.974881  0.975231  0.975635  0.97589  0.976095  0.976382  0.976456  0.976592  0.976755  0.976838  0.976878  0.976974  0.97706  0.977109  0.977215  0.977298  0.977329  
1.53991  3.9431  5.24519  6.95818  9.72687  11.6866  13.6458  15.6025  17.5628  19.5224  21.4771  23.4345  25.3914  27.3498  29.3049  31.2607  33.2188  35.1809  37.1333  39.0884  41.0433  43.0028  44.9612  46.917  0.769956  0.985774  0.874199  0.869773  0.972687  0.97388  0.974701  0.975156  0.975712  0.976122  0.976233  0.976437  0.976592  0.976778  0.976832  0.976896  0.977023  0.977248  0.977191  0.97721  0.977221  0.977336  0.977418  0.977438  
1.76151  3.90517  4.54906  6.55577  9.71591  11.6776  13.6366  15.5964  17.5519  19.51  21.4703  23.4248  25.3835  27.3424  29.2972  31.254  33.2132  35.1728  37.1268  39.0852  41.0395  42.9957  44.9523  46.9118  0.880757  0.976292  0.758177  0.819471  0.971591  0.973137  0.974041  0.974777  0.975107  0.975501  0.975925  0.976032  0.976287  0.976516  0.976574  0.976686  0.97686  0.977023  0.97702  0.97713  0.977132  0.977175  0.977224  0.977329  
1.25481  3.97467  5.57238  7.77354  9.72801  11.6917  13.6509  15.6071  17.565  19.5226  21.4828  23.4402  25.3969  27.3501  29.3066  31.2651  33.2229  35.1805  37.1368  39.0906  41.0498  43.007  44.969  46.9186  0.627403  0.993666  0.928729  0.971692  0.972801  0.974306  0.975063  0.975445  0.975831  0.976132  0.97649  0.976676  0.976804  0.976791  0.976886  0.977034  0.977146  0.977236  0.977284  0.977266  0.977376  0.977432  0.977588  0.977471  
1.88608  3.88006  4.43687  5.82281  9.70374  11.6675  13.6276  15.5872  17.5448  19.5021  21.4633  23.4172  25.3779  27.3367  29.2919  31.2475  33.2064  35.1649  37.1208  39.0786  41.0336  42.9893  44.9474  46.9061  0.943041  0.970014  0.739478  0.727851  0.970374  0.972292  0.9734  0.974201  0.974711  0.975103  0.975603  0.975717  0.976073  0.976309  0.976398  0.976483  0.97666  0.976803  0.976864  0.976964  0.976991  0.97703  0.977118  0.977211  
1.31778  3.97744  5.06241  7.57982  9.71713  11.6772  13.6371  15.5981  17.5542  19.5153  21.4707  23.4287  25.3831  27.3385  29.2986  31.2542  33.2116  35.1701  37.1257  39.0859  41.0367  42.9969  44.953  46.9095  0.658888  0.99436  0.843735  0.947478  0.971713  0.973097  0.974075  0.974884  0.975234  0.975764  0.97594  0.976196  0.976273  0.976374  0.976619  0.976695  0.976811  0.976946  0.976991  0.977146  0.977064  0.977202  0.97724  0.977281  
1.56746  3.94943  4.89443  6.26672  9.70072  11.6653  13.6263  15.5867  17.5455  19.5032  21.4625  23.4179  25.3775  27.3356  29.2888  31.2465  33.2023  35.1624  37.115  39.0737  41.0326  42.9896  44.9395  46.9038  0.783729  0.987358  0.815738  0.78334  0.970072  0.972105  0.973305  0.974172  0.974752  0.975159  0.975568  0.975747  0.976058  0.97627  0.976292  0.976453  0.976538  0.976733  0.97671  0.976844  0.976967  0.977035  0.976945  0.977162  
1.17572  3.65877  5.99744  7.96085  9.72432  11.6868  13.6461  15.6058  17.5616  19.5205  21.4758  23.4351  25.3937  27.3466  29.3039  31.2618  33.2202  35.1769  37.1328  39.0905  41.0457  43.0016  44.9554  46.9157  0.58786  0.914693  0.999574  0.995107  0.972432  0.973902  0.974723  0.975366  0.975645  0.976023  0.976174  0.976464  0.976679  0.976666  0.976797  0.976932  0.977063  0.977137  0.97718  0.977263  0.977278  0.977309  0.977292  0.977409  
1.99642  3.99991  5.99997  2.11455  9.67912  11.6468  13.6062  15.5688  17.528  19.4884  21.4464  23.402  25.36  27.3169  29.2748  31.2351  33.1936  35.1474  37.107  39.0625  41.0189  42.9783  44.9295  46.8894  0.998211  0.999976  0.999995  0.264318  0.967912  0.970566  0.971874  0.973049  0.973776  0.97442  0.974839  0.975085  0.975385  0.975602  0.975826  0.976097  0.976284  0.976318  0.9765  0.976564  0.976639  0.97678  0.976729  0.976862  
1.4662  3.95341  5.29732  5.68844  9.69321  11.653  13.6181  15.5774  17.5389  19.4938  21.4514  23.4135  25.3718  27.3264  29.2904  31.2386  33.1969  35.1528  37.1105  39.0695  41.0219  42.983  44.9413  46.8956  0.733098  0.988353  0.882886  0.711055  0.969321  0.971083  0.972718  0.973588  0.974382  0.974692  0.975066  0.975564  0.975838  0.975945  0.976348  0.976208  0.976379  0.976466  0.976593  0.976737  0.976711  0.976886  0.976985  0.976992  
1.77464  3.88535  4.65094  4.89166  9.6725  11.64  13.6057  15.5643  17.528  19.4861  21.4447  23.401  25.3627  27.3173  29.2752  31.2304  33.1867  35.1429  37.104  39.0615  41.015  42.9736  44.9351  46.8886  0.887318  0.971337  0.775157  0.611457  0.96725  0.969999  0.971835  0.97277  0.973779  0.974304  0.974761  0.97504  0.97549  0.975617  0.975838  0.975951  0.976078  0.976192  0.97642  0.976538  0.976549  0.976673  0.976851  0.976846  
1.10777  3.97215  5.19481  7.34878  9.69534  11.6636  13.6208  15.5814  17.5391  19.5037  21.4554  23.4124  25.3699  27.3313  29.2832  31.2507  33.1942  35.1546  37.1151  39.0706  41.0273  42.9816  44.9408  46.892  0.553884  0.993037  0.865802  0.918598  0.969534  0.971969  0.972913  0.973837  0.974392  0.975183  0.975247  0.975516  0.975765  0.976116  0.976106  0.976584  0.976301  0.976515  0.976714  0.976766  0.97684  0.976855  0.976974  0.976916  
1.87642  3.95969  1.71784  7.77679  9.65707  11.6291  13.5937  15.5556  17.5199  19.477  21.4358  23.3953  25.3521  27.3078  29.2641  31.224  33.1781  35.1389  37.0952  39.0527  41.0086  42.9653  44.9249  46.8803  0.938208  0.989922  0.286306  0.972099  0.965707  0.96909  0.970976  0.972227  0.97333  0.973849  0.974357  0.974804  0.975082  0.975278  0.97547  0.97575  0.975826  0.97608  0.976189  0.976317  0.976396  0.976483  0.976629  0.976674  
1.99713  2.40507  4.95321  6.57435  9.6733  11.6406  13.608  15.5685  17.5287  19.4831  21.4438  23.3999  25.3566  27.315  29.2741  31.2324  33.1866  35.1462  37.1075  39.0591  41.0135  42.973  44.9306  46.8858  0.998565  0.601268  0.825535  0.821794  0.96733  0.970053  0.972001  0.973033  0.973819  0.974156  0.974717  0.974997  0.975252  0.975537  0.975803  0.976013  0.976076  0.976284  0.976513  0.976478  0.976511  0.976659  0.976752  0.976786  
1.53552  3.97287  2.4848  7.95776  9.65287  11.6276  13.5954  15.5534  17.5175  19.4744  21.4329  23.3926  25.35  27.3025  29.2677  31.2225  33.1773  35.1372  37.0937  39.0588  41.0048  42.9635  44.9212  46.88  0.767762  0.993218  0.414133  0.99472  0.965287  0.968964  0.971099  0.972089  0.973197  0.973719  0.974224  0.974693  0.974999  0.975088  0.975591  0.975703  0.975803  0.976033  0.97615  0.976469  0.976306  0.976443  0.976548  0.976666  
0.82045  3.98434  5.71606  7.47864  9.6841  11.6497  13.6134  15.5728  17.5329  19.4896  21.4502  23.4061  25.3638  27.3227  29.2825  31.237  33.1982  35.1523  37.1091  39.0635  41.0218  42.9815  44.9351  46.8929  0.410225  0.996085  0.952676  0.93483  0.96841  0.970807  0.972383  0.973299  0.974049  0.974479  0.975009  0.975253  0.975531  0.97581  0.976083  0.976157  0.976418  0.976452  0.976557  0.976589  0.976709  0.976853  0.97685  0.976935  
1.97868  3.86677  4.6867  2.80723  9.62722  11.6066  13.5786  15.5381  17.5033  19.4592  21.4189  23.3818  25.3371  27.295  29.2529  31.2098  33.1706  35.1281  37.0838  39.0384  40.9992  42.9544  44.9131  46.8677  0.98934  0.966694  0.781117  0.350904  0.962722  0.967218  0.969901  0.971133  0.972403  0.972962  0.973587  0.974243  0.974505  0.974822  0.975096  0.975305  0.975607  0.97578  0.975889  0.97596  0.976173  0.976236  0.976373  0.97641  
1.58653  3.21002  4.02135  6.88942  9.63925  11.6176  13.5832  15.5498  17.5065  19.4658  21.4269  23.3852  25.3408  27.3003  29.2571  31.224  33.1766  35.1327  37.0924  39.052  41.001  42.9644  44.9206  46.8723  0.793265  0.802504  0.670225  0.861178  0.963925  0.968136  0.970226  0.97186  0.972582  0.973289  0.973949  0.974383  0.974645  0.975012  0.975238  0.975751  0.975784  0.975908  0.976116  0.9763  0.976213  0.976464  0.976535  0.976506  
1.81189  3.51133  2.39052  7.0462  9.62175  11.6008  13.5684  15.5341  17.4979  19.456  21.4157  23.3727  25.3332  27.2924  29.2566  31.209  33.1655  35.1242  37.0827  39.0342  40.9937  42.9583  44.9077  46.8564  0.905945  0.877833  0.398421  0.880774  0.962175  0.966733  0.969169  0.970883  0.972103  0.972801  0.973442  0.973863  0.974355  0.974728  0.97522  0.975281  0.975455  0.975672  0.975859  0.975856  0.976041  0.976325  0.976254  0.976175  
1.72562  2.05408  5.2786  7.27656  9.65331  11.6298  13.5897  15.5502  17.5145  19.4717  21.432  23.3939  25.3471  27.3052  29.2646  31.2206  33.1803  35.1364  37.093  39.0475  41.004  42.9568  44.9206  46.8795  0.862808  0.51352  0.879766  0.90957  0.965331  0.969151  0.970695  0.97189  0.973028  0.973585  0.97418  0.974744  0.97489  0.975186  0.975488  0.975645  0.975891  0.97601  0.976132  0.976189  0.976286  0.976291  0.976536  0.976656  
1.96477  3.55218  2.81551  5.32793  9.60165  11.5854  13.5581  15.5254  17.4845  19.4486  21.4083  23.3666  25.3244  27.2833  29.2378  31.1997  33.1546  35.1133  37.0716  39.0332  40.9834  42.9432  44.9032  46.8608  0.982387  0.888046  0.469252  0.665992  0.960165  0.965451  0.968439  0.970335  0.971358  0.97243  0.973105  0.973607  0.974016  0.974405  0.974593  0.97499  0.975135  0.97537  0.975567  0.975829  0.975796  0.975982  0.976156  0.976266  
1.98486  1.80037  5.71774  5.32398  9.62104  11.5976  13.5693  15.5317  17.4965  19.4559  21.4172  23.3737  25.3328  27.2922  29.2463  31.2072  33.1629  35.1237  37.0805  39.0363  40.9954  42.9511  44.904  46.8677  0.992432  0.450093  0.952956  0.665498  0.962104  0.966469  0.969235  0.970734  0.972029  0.972795  0.973509  0.973905  0.974337  0.97472  0.974878  0.975224  0.975379  0.975658  0.975802  0.975906  0.976081  0.976162  0.976175  0.976411  
1.45473  3.69371  2.02092  7.85515  9.58606  11.5736  13.5479  15.5122  17.479  19.4373  21.4011  23.3654  25.3191  27.2802  29.2371  31.1931  33.1496  35.1092  37.0689  39.0299  40.9741  42.9389  44.8959  46.8553  0.727366  0.923427  0.336819  0.981894  0.958606  0.964467  0.967707  0.969514  0.971058  0.971864  0.972777  0.97356  0.973811  0.974293  0.97457  0.974784  0.974988  0.975256  0.975498  0.975747  0.975574  0.975883  0.975999  0.976153  
0.431674  3.97694  5.98089  7.65229  9.65185  11.6257  13.5888  15.5521  17.513  19.4709  21.4331  23.3888  25.349  27.309  29.2625  31.2218  33.1827  35.1365  37.0954  39.053  41.0087  42.9644  44.9257  46.8791  0.215837  0.994235  0.996816  0.956536  0.965185  0.968807  0.970631  0.972003  0.972942  0.973546  0.974232  0.974532  0.974961  0.97532  0.975417  0.975683  0.975962  0.976015  0.976195  0.976324  0.976398  0.976464  0.976646  0.976647  
1.99818  3.9859  5.36626  0.311908  9.57006  11.5613  13.5349  15.5017  17.4693  19.4319  21.3934  23.3524  25.3106  27.2703  29.2278  31.1865  33.149  35.1016  37.0603  39.0193  40.9728  42.9326  44.889  46.8493  0.999091  0.996476  0.894377  0.0389886  0.957006  0.96344  0.96678  0.968854  0.970518  0.971596  0.97243  0.973016  0.973485  0.973941  0.97426  0.974579  0.97497  0.975044  0.975272  0.975482  0.975543  0.97574  0.975848  0.976027  
1.54484  3.03694  2.5031  7.57302  9.55179  11.5455  13.5286  15.4943  17.4632  19.4305  21.3875  23.3502  25.3085  27.2665  29.2268  31.1827  33.1452  35.099  37.0547  39.0125  40.9745  42.9282  44.8857  46.8452  0.77242  0.759235  0.417184  0.946628  0.955179  0.962123  0.966332  0.968396  0.970177  0.971523  0.972159  0.972924  0.973404  0.973803  0.974225  0.974458  0.974859  0.974973  0.975124  0.975312  0.975584  0.975642  0.975777  0.975942  
1.55112  3.96665  5.97422  0.687754  9.53004  11.5343  13.5204  15.4868  17.4554  19.4191  21.3776  23.3406  25.2986  27.2586  29.2158  31.1757  33.1349  35.0986  37.0472  39.0101  40.9607  42.9254  44.8762  46.8398  0.775562  0.991662  0.995704  0.0859693  0.953004  0.961191  0.96574  0.967926  0.969743  0.970954  0.971707  0.972526  0.973022  0.973523  0.973858  0.974242  0.974556  0.97496  0.974926  0.975252  0.975256  0.975576  0.975569  0.975829  
1.34946  2.31091  4.43439  7.4722  9.56612  11.5615  13.5358  15.5075  17.4702  19.4321  21.3926  23.3525  25.3113  27.275  29.2294  31.1879  33.148  35.1052  37.0596  39.0267  40.9771  42.939  44.8855  46.8482  0.674729  0.577728  0.739065  0.934024  0.956612  0.963454  0.966845  0.969217  0.970567  0.971603  0.972393  0.973022  0.973511  0.974107  0.974312  0.974622  0.974941  0.975144  0.975252  0.975667  0.975644  0.975887  0.975772  0.976004  
1.95573  3.57451  0.289208  7.0768  9.50401  11.5217  13.5038  15.4801  17.447  19.4071  21.3737  23.331  25.2917  27.252  29.2118  31.1719  33.1226  35.0832  37.0389  39.0031  40.9597  42.9186  44.8692  46.833  0.977867  0.893628  0.0482013  0.8846  0.950401  0.960142  0.964559  0.967506  0.96928  0.970356  0.971532  0.972124  0.972756  0.973285  0.973726  0.974122  0.974195  0.974534  0.974707  0.975077  0.975231  0.975422  0.975417  0.975687  
1.3032  2.76553  3.97394  6.34256  9.5047  11.5158  13.5019  15.4755  17.4466  19.4116  21.3664  23.3307  25.2964  27.2472  29.2097  31.17  33.1241  35.0809  37.0494  39.005  40.9617  42.9154  44.8803  46.8304  0.651599  0.691383  0.662324  0.79282  0.95047  0.959647  0.964424  0.96722  0.969255  0.970579  0.9712  0.972111  0.972937  0.973113  0.973655  0.974061  0.974238  0.974469  0.974985  0.975126  0.975279  0.97535  0.97566  0.975633  
1.898  2.67038  2.93539  5.00053  9.46019  11.4925  13.4829  15.46  17.4263  19.3938  21.359  23.3168  25.2818  27.2391  29.199  31.1566  33.1168  35.0851  37.0315  38.9894  40.9457  42.9081  44.8648  46.8217  0.948999  0.667595  0.489232  0.625067  0.946019  0.957706  0.963067  0.96625  0.968125  0.969692  0.970864  0.971534  0.972377  0.972824  0.973299  0.973645  0.974024  0.974586  0.974514  0.974734  0.974898  0.975183  0.975322  0.975452  
1.29963  1.625  5.78042  7.21302  9.56751  11.5646  13.5332  15.5023  17.4715  19.4339  21.394  23.3543  25.3135  27.2704  29.2309  31.1872  33.1459  35.1013  37.067  39.0212  40.9735  42.9322  44.8848  46.8468  0.649813  0.40625  0.963404  0.901627  0.956751  0.96372  0.966654  0.968893  0.97064  0.971696  0.972457  0.973094  0.973595  0.973943  0.974364  0.9746  0.974881  0.975036  0.975446  0.97553  0.97556  0.975733  0.975756  0.975974  
1.88764  3.89821  2.57227  2.94188  9.44722  11.4818  13.4752  15.454  17.4263  19.3878  21.3523  23.3148  25.2771  27.2351  29.1935  31.153  33.1128  35.0712  37.0287  38.9818  40.9526  42.8986  44.8588  46.8162  0.943819  0.974552  0.428712  0.367735  0.944722  0.956818  0.962515  0.965877  0.968126  0.969392  0.970559  0.971452  0.972197  0.972682  0.973116  0.973532  0.973906  0.974201  0.974441  0.974546  0.975062  0.974967  0.975191  0.975338  
1.90244  1.61338  3.70567  5.36976  9.39457  11.4479  13.4513  15.4348  17.407  19.3695  21.3499  23.3018  25.2588  27.2177  29.1834  31.1428  33.1036  35.0572  37.0153  38.9751  40.9316  42.892  44.8511  46.8114  0.951221  0.403346  0.617611  0.671221  0.939457  0.953991  0.960808  0.964675  0.967056  0.968475  0.97045  0.970907  0.971491  0.972062  0.972781  0.973213  0.973634  0.973811  0.974086  0.974377  0.974563  0.974818  0.975024  0.975238  
1.65048  3.34354  2.80485  3.89779  9.37042  11.4313  13.4319  15.4206  17.3931  19.3665  21.3369  23.2927  25.2553  27.2162  29.1744  31.1353  33.096  35.0541  37.0125  38.977  40.9323  42.8888  44.8432  46.8071  0.82524  0.835884  0.467475  0.487224  0.937042  0.952605  0.959424  0.963788  0.966285  0.968324  0.969858  0.97053  0.971358  0.972008  0.97248  0.972979  0.973411  0.973726  0.974014  0.974424  0.974579  0.974745  0.974853  0.975149  
1.98341  0.115134  5.81241  5.82105  9.45165  11.4807  13.4683  15.4536  17.4219  19.3893  21.3592  23.3181  25.276  27.236  29.1927  31.1545  33.1129  35.0777  37.0294  38.9859  40.9452  42.9033  44.8577  46.8235  0.991703  0.0287835  0.968735  0.727631  0.945165  0.956724  0.962022  0.965848  0.967881  0.969465  0.970873  0.971588  0.972154  0.972715  0.97309  0.973578  0.97391  0.974381  0.974458  0.974648  0.974886  0.975075  0.975168  0.97549  
1.81421  3.55013  0.396417  5.84041  9.3413  11.4163  13.4243  15.4242  17.391  19.3576  21.3277  23.2924  25.2534  27.2152  29.173  31.1293  33.089  35.0589  37.0092  38.9704  40.9284  42.8832  44.8459  46.7991  0.907104  0.887532  0.0660695  0.730052  0.93413  0.951361  0.958881  0.964015  0.966168  0.96788  0.969443  0.970516  0.971284  0.971972  0.972432  0.972791  0.973205  0.97386  0.973927  0.974261  0.974487  0.974618  0.974911  0.974982  
1.21488  2.0585  2.53258  7.94406  9.29242  11.3935  13.4175  15.4004  17.3722  19.3468  21.3111  23.279  25.2435  27.2051  29.1665  31.1255  33.0849  35.0409  37.002  38.9671  40.9193  42.8738  44.8291  46.7955  0.607441  0.514624  0.422097  0.993007  0.929242  0.949461  0.958396  0.962528  0.965122  0.96734  0.968687  0.969956  0.970903  0.971612  0.972217  0.972671  0.973085  0.973357  0.973736  0.974177  0.97427  0.974403  0.974545  0.974907  
1.57153  2.72529  0.646663  7.09833  9.1788  11.3299  13.3631  15.3741  17.3479  19.3201  21.2912  23.2583  25.2257  27.1835  29.1552  31.1089  33.067  35.0352  36.9815  38.9445  40.9007  42.8604  44.8187  46.78  0.785766  0.681323  0.107777  0.887291  0.91788  0.944155  0.954509  0.960884  0.963772  0.966007  0.967783  0.969098  0.97022  0.970838  0.971842  0.972153  0.97256  0.973201  0.973196  0.973614  0.973827  0.974101  0.974319  0.974583  
1.4594  0.355511  5.93509  7.95148  9.50367  11.5198  13.5027  15.4736  17.4429  19.4023  21.3743  23.3302  25.2896  27.2526  29.2097  31.1707  33.1262  35.0845  37.0482  39.0022  40.9597  42.914  44.8746  46.8327  0.729699  0.0888777  0.989182  0.993935  0.950367  0.95998  0.964481  0.9671  0.96905  0.970115  0.971558  0.972092  0.972677  0.973306  0.973658  0.974083  0.974299  0.974569  0.974952  0.975054  0.975231  0.975317  0.975534  0.97568  
1.99832  3.99996  2.61206  0.992301  9.30505  11.4001  13.4172  15.3999  17.3875  19.346  21.3248  23.2818  25.2466  27.2115  29.167  31.1249  33.0858  35.046  37.0107  38.9628  40.9192  42.8767  44.8302  46.799  0.99916  0.999989  0.435344  0.124038  0.930505  0.950011  0.958373  0.962493  0.965974  0.967302  0.96931  0.970073  0.971024  0.97184  0.972233  0.972653  0.97311  0.973501  0.973965  0.974069  0.974266  0.97447  0.974569  0.974979  
1.43204  2.74801  4.13771  2.04265  8.96574  11.2183  13.2975  15.3324  17.3069  19.2883  21.2555  23.2346  25.1888  27.1599  29.119  31.0837  33.0426  34.9963  36.9623  38.9177  40.8779  42.837  44.7988  46.7536  0.716022  0.687003  0.689619  0.255331  0.896574  0.934855  0.949819  0.958273  0.961494  0.964417  0.966157  0.968108  0.968799  0.969996  0.970633  0.971364  0.971842  0.972119  0.972692  0.972943  0.973284  0.973569  0.973886  0.974034  
1.6452  3.70789  0.587137  4.58246  9.12118  11.2953  13.3541  15.3656  17.3377  19.3121  21.2907  23.2534  25.2182  27.1762  29.1368  31.1017  33.0651  35.0243  36.9788  38.9363  40.8949  42.8536  44.8052  46.7694  0.8226  0.926973  0.0978562  0.572807  0.912118  0.941272  0.953861  0.960348  0.963207  0.965605  0.967759  0.968891  0.96993  0.970579  0.971225  0.971928  0.972502  0.972897  0.973126  0.973408  0.973689  0.973945  0.974027  0.974363  
1.19558  1.47116  4.88524  4.15461  8.83911  11.1571  13.2698  15.2757  17.2802  19.2634  21.2418  23.2185  25.1711  27.1487  29.102  31.0695  33.0285  35.0056  36.9483  38.9043  40.8688  42.8266  44.7799  46.7557  0.597788  0.367791  0.814206  0.519326  0.883911  0.929758  0.947841  0.95473  0.960008  0.96317  0.965534  0.967436  0.96812  0.969597  0.970067  0.970923  0.971427  0.972379  0.972324  0.972608  0.973065  0.973331  0.973475  0.974076  
1.87505  3.79206  1.45929  2.38669  9.14417  11.3236  13.3534  15.3488  17.3391  19.3108  21.2884  23.2483  25.221  27.1752  29.1481  31.1035  33.0579  35.0251  36.9851  38.9392  40.9059  42.8546  44.8131  46.772  0.937525  0.948015  0.243215  0.298336  0.914417  0.943634  0.953818  0.959298  0.963285  0.96554  0.967657  0.968678  0.970037  0.970543  0.971605  0.971983  0.972291  0.972919  0.973293  0.973479  0.973951  0.973968  0.974199  0.974416  
1.26352  2.02544  0.809251  7.05138  8.1823  10.848  13.1033  15.1571  17.2014  19.1873  21.1943  23.1485  25.1245  27.087  29.059  31.0142  32.9728  34.9368  36.8954  38.8583  40.814  42.7825  44.7391  46.7354  0.631761  0.506361  0.134875  0.881422  0.81823  0.903998  0.935949  0.947317  0.955634  0.959365  0.963376  0.964521  0.966328  0.967393  0.968634  0.969194  0.969788  0.970466  0.970931  0.971456  0.971761  0.97233  0.972589  0.973654  
1.73725  2.78608  1.47021  3.42438  8.54142  11.044  13.178  15.2301  17.2415  19.2341  21.2117  23.191  25.1457  27.1299  29.0901  31.0588  33.0121  34.9717  36.9422  38.8925  40.8574  42.8092  44.7759  46.7347  0.868626  0.696519  0.245035  0.428047  0.854142  0.920333  0.941283  0.951883  0.957864  0.961704  0.964167  0.966292  0.967142  0.968926  0.969671  0.970589  0.970945  0.971437  0.972162  0.972312  0.972795  0.972936  0.973389  0.973639  
0.760931  1.27839  4.42213  6.95535  8.87938  11.1804  13.2606  15.2887  17.2896  19.2903  21.2565  23.2093  25.1826  27.1468  29.1072  31.0736  33.0326  34.9976  36.9518  38.9144  40.8709  42.8336  44.7914  46.7536  0.380465  0.319597  0.737022  0.869418  0.887938  0.931701  0.947186  0.955546  0.960531  0.964516  0.966204  0.967054  0.96856  0.969528  0.970239  0.971049  0.971548  0.972154  0.972415  0.97286  0.973118  0.97349  0.973726  0.974034  
1.92383  3.93778  2.13725  0.598774  9.03232  11.2687  13.3279  15.3375  17.3105  19.3019  21.2711  23.2461  25.2011  27.1653  29.1279  31.0925  33.0473  35.0059  36.9686  38.9258  40.8854  42.8451  44.8034  46.7629  0.961915  0.984445  0.356208  0.0748468  0.903232  0.93906  0.951995  0.958596  0.961695  0.965097  0.966868  0.968588  0.969272  0.97019  0.97093  0.971641  0.971979  0.972387  0.972858  0.973146  0.973463  0.973753  0.973986  0.974227  
1.2365  2.35968  1.95886  3.75694  3.84411  4.00072  4.42532  4.77182  5.12959  5.45503  5.75295  6.03415  6.28627  6.51357  6.74243  6.93388  7.12659  7.30879  7.46575  7.57464  7.74645  7.84381  7.94247  8.02493  0.618248  0.589919  0.326476  0.469617  0.384411  0.333394  0.316094  0.298239  0.284977  0.272751  0.261498  0.251423  0.241779  0.232628  0.224748  0.216684  0.209606  0.203022  0.196467  0.189366  0.184439  0.178268  0.172662  0.167186  
1.92939  2.73018  0.619318  3.33533  8.21914  10.8816  13.1341  15.1874  17.1976  19.2056  21.2047  23.1691  25.1252  27.1198  29.0668  31.0319  32.986  34.9554  36.9119  38.8742  40.8417  42.7806  44.7457  46.7221  0.964693  0.682546  0.10322  0.416916  0.821914  0.906798  0.938151  0.949214  0.955421  0.960282  0.963851  0.96538  0.966352  0.968566  0.968892  0.969746  0.970175  0.970984  0.971366  0.971855  0.972422  0.972286  0.972732  0.973377  
1.28053  0.223578  1.99745  7.61258  3.55133  3.95219  4.33935  4.707  5.01051  5.33514  5.59854  5.86393  6.13756  6.35471  6.58571  6.76694  6.94067  7.08199  7.23949  7.37734  7.45284  7.58432  7.60223  7.75082  0.640266  0.0558945  0.332908  0.951573  0.355133  0.329349  0.309954  0.294188  0.278362  0.266757  0.254479  0.24433  0.23606  0.226954  0.219524  0.211467  0.204137  0.196722  0.190513  0.184434  0.177449  0.172371  0.165266  0.161475  
1.92908  3.38464  0.389412  2.70189  8.52361  11.0302  13.2165  15.2168  17.2247  19.2173  21.2012  23.1785  25.1331  27.1148  29.0875  31.0402  33.0009  34.9642  36.9166  38.8866  40.842  42.8068  44.753  46.7247  0.964541  0.84616  0.064902  0.337736  0.852361  0.919187  0.944035  0.951049  0.956929  0.960867  0.96369  0.965771  0.966658  0.968384  0.969583  0.970007  0.970614  0.971227  0.971491  0.972165  0.972429  0.972881  0.972892  0.973432  
0.256162  3.07129  3.23333  2.69271  3.11161  3.37036  3.65976  3.91567  4.22137  4.42439  4.60914  4.79872  4.81907  5.02298  5.10481  5.24556  5.33952  5.47598  5.43259  5.2427  5.33248  5.28613  5.35864  5.53818  0.128081  0.767822  0.538888  0.336589  0.311161  0.280863  0.261411  0.244729  0.23452  0.22122  0.209507  0.199947  0.185349  0.179392  0.17016  0.163924  0.157045  0.15211  0.142963  0.131067  0.126964  0.120139  0.116492  0.115379  
1.12165  3.4284  1.17367  2.51764  4.23778  3.97156  4.35176  4.71455  5.05151  5.39646  5.6596  5.9283  6.1664  6.40482  6.60676  6.79523  6.99886  7.15968  7.28241  7.44046  7.53394  7.6374  7.75209  7.81001  0.560825  0.8571  0.195612  0.314706  0.423778  0.330964  0.31084  0.294659  0.280639  0.269823  0.257254  0.247012  0.237169  0.228743  0.220225  0.212351  0.205849  0.19888  0.191642  0.186012  0.17938  0.173577  0.168524  0.162708  
0.785125  0.156017  5.98251  7.07385  8.86948  11.1789  13.2767  15.2891  17.2862  19.2847  21.2556  23.2089  25.188  27.1496  29.111  31.0745  33.0318  34.9978  36.9542  38.9074  40.8709  42.8287  44.7845  46.752  0.392563  0.0390044  0.997085  0.884232  0.886948  0.931572  0.948339  0.955568  0.960344  0.964234  0.966161  0.967036  0.968769  0.969629  0.970367  0.971077  0.971522  0.97216  0.97248  0.972686  0.973116  0.973379  0.973576  0.973999  
2  4  0.030561  2.11562  8.709  11.1438  13.2268  15.2621  17.2657  19.2547  21.2341  23.1911  25.1661  27.1375  29.0948  31.0594  33.0303  34.9787  36.9381  38.8939  40.8606  42.8161  44.7774  46.7386  1  1  0.0050935  0.264452  0.8709  0.928652  0.944773  0.95388  0.959204  0.962734  0.965184  0.966296  0.967927  0.969197  0.969826  0.970606  0.971479  0.971631  0.972056  0.972347  0.972872  0.973094  0.973422  0.973721  
0.562935  3.69637  1.15008  2.51626  3.2014  3.32013  3.61975  3.88984  4.14303  4.3034  4.58521  4.59345  4.78581  4.98778  5.06825  5.19704  5.10509  4.92133  5.4113  5.25074  5.20435  5.15535  5.3235  5.60894  0.281468  0.924093  0.19168  0.314532  0.32014  0.276678  0.258553  0.243115  0.230169  0.21517  0.208419  0.191394  0.18407  0.178135  0.168942  0.162408  0.15015  0.136704  0.142403  0.131268  0.123913  0.117167  0.115728  0.116853  
1.40256  3.89053  1.87434  0.0496331  3.64752  3.95003  4.35466  4.71895  5.05655  5.37499  5.66469  5.93275  6.17184  6.42823  6.62407  6.80898  7.0035  7.15724  7.28775  7.42934  7.5491  7.64827  7.75162  7.8148  0.701278  0.972632  0.31239  0.00620414  0.364752  0.329169  0.311047  0.294934  0.280919  0.268749  0.257486  0.247198  0.237379  0.22958  0.220802  0.212781  0.205985  0.198812  0.191783  0.185733  0.17974  0.173824  0.168514  0.162808  
1.06144  0.24287  2.60007  3.31518  3.95488  3.12841  3.30194  3.37692  3.60489  3.68344  3.7849  3.89385  3.91  3.97363  3.972  4.07933  4.05041  4.31111  3.91147  3.83394  3.8594  4.23656  3.85758  4.12757  0.530719  0.0607176  0.433345  0.414397  0.395488  0.260701  0.235853  0.211058  0.200272  0.184172  0.172041  0.162244  0.150384  0.141915  0.1324  0.127479  0.11913  0.119753  0.102934  0.0958485  0.0918905  0.0962855  0.0838604  0.0859911  
1.71763  3.9255  0.0102539  1.29235  3.79994  3.99658  4.40444  4.7791  5.12468  5.4487  5.74238  6.0318  6.27962  6.5182  6.75222  6.92681  7.1187  7.29025  7.42612  7.58651  7.69563  7.82325  7.91697  8.03408  0.858815  0.981375  0.00170899  0.161544  0.379994  0.333048  0.314603  0.298694  0.284704  0.272435  0.261017  0.251325  0.241524  0.232793  0.225074  0.216463  0.209374  0.202507  0.195424  0.189663  0.183229  0.177801  0.172108  0.167377  
0.931038  1.62505  0.272858  3.61598  2.55761  2.62031  3.02953  2.83021  2.80909  2.89782  2.92808  2.95916  2.88684  2.81762  2.84691  2.77572  2.61454  2.45986  2.51561  2.41494  2.33231  2.34982  2.44449  1.96498  0.465519  0.406263  0.0454764  0.451997  0.255761  0.218359  0.216395  0.176888  0.156061  0.144891  0.133095  0.123298  0.111032  0.100629  0.094897  0.0867413  0.0768981  0.0683295  0.0662004  0.0603736  0.0555312  0.053405  0.053141  0.040937  
1.47681  2.85197  0.848771  1.04406  3.82508  3.46439  3.7835  4.05315  4.35396  4.60462  4.69679  4.89172  5.03175  5.22784  5.30539  5.45608  5.47424  5.62083  5.84125  5.78112  5.74162  5.64339  5.81876  5.77814  0.738403  0.712993  0.141462  0.130507  0.382508  0.288699  0.27025  0.253322  0.241887  0.230231  0.213491  0.203822  0.193529  0.186709  0.176846  0.170502  0.161007  0.156134  0.153717  0.144528  0.136705  0.128259  0.126495  0.120378  
0.413317  0.318139  3.28711  5.18161  3.7788  3.11016  3.35973  3.35362  3.63028  3.67859  3.8463  3.95176  3.9529  4.01978  4.01171  4.0109  4.03332  4.29591  3.96184  3.87766  3.85078  4.28647  3.89021  4.20156  0.206658  0.0795348  0.547852  0.647702  0.37788  0.25918  0.239981  0.209601  0.201682  0.183929  0.174832  0.164657  0.152035  0.143564  0.133724  0.12534  0.118627  0.119331  0.104259  0.0969415  0.0916852  0.0974198  0.0845697  0.0875324  
2  3.62919  0.254521  0.425655  3.79167  3.99197  4.40582  4.77805  5.12148  5.44431  5.74658  6.01806  6.26943  6.52162  6.73161  6.92245  7.10118  7.27725  7.43519  7.52748  7.69796  7.81178  7.91531  8.02205  1  0.907298  0.0424202  0.0532069  0.379167  0.332664  0.314702  0.298628  0.284526  0.272215  0.261208  0.250753  0.241132  0.232915  0.224387  0.216327  0.208858  0.202146  0.195663  0.188187  0.183285  0.177541  0.172072  0.167126  
1.30985  1.41332  0.117605  1.94654  1.56677  1.86289  1.97912  1.98492  1.88676  1.89125  1.82663  1.69482  1.51757  1.58  1.37364  1.42465  1.17939  1.11267  0.995708  0.993994  0.820498  0.748686  0.749956  0.622296  0.654927  0.35333  0.0196008  0.243317  0.156677  0.155241  0.141365  0.124058  0.10482  0.0945626  0.0830286  0.0706177  0.0583683  0.0564286  0.0457879  0.0445204  0.034688  0.0309076  0.0262028  0.0248498  0.0195357  0.0170156  0.0163034  0.0129645  
1.5052  3.24278  0.0876997  1.1088  3.60566  3.41266  3.75049  4.02009  4.26635  4.58614  4.66785  4.93912  5.2572  5.15304  5.27885  5.33493  5.43172  5.52152  5.55691  5.60118  5.68731  6.01086  5.62804  5.99449  0.752599  0.810694  0.0146166  0.138599  0.360566  0.284388  0.267892  0.251256  0.237019  0.229307  0.212175  0.205796  0.2022  0.184037  0.175962  0.166717  0.159756  0.153376  0.146235  0.140029  0.135412  0.13661  0.122349  0.124885  
0.3453  0.667319  0.633514  3.08661  5.55734  1.80651  1.82349  1.87932  1.81924  1.75028  1.70934  1.58674  1.42045  1.38059  1.42663  1.13125  1.04234  0.984537  0.83001  0.756458  0.683338  0.605181  0.547707  0.479952  0.17265  0.16683  0.105586  0.385826  0.555734  0.150542  0.130249  0.117458  0.101069  0.0875138  0.0776975  0.0661143  0.0546327  0.0493066  0.0475544  0.0353517  0.0306571  0.0273483  0.0218424  0.0189114  0.0162699  0.0137541  0.0119067  0.009999  
1.88401  3.25642  0.296807  0.325431  3.68559  3.67314  4.04876  4.36363  4.65282  4.97334  5.15988  5.42145  5.71118  5.77624  5.92713  6.05327  6.18007  6.31151  6.41459  6.44348  6.60141  6.8222  6.66553  6.90841  0.942005  0.814104  0.0494679  0.0406789  0.368559  0.306095  0.289197  0.272727  0.25849  0.248667  0.23454  0.225894  0.219661  0.206294  0.197571  0.189165  0.181767  0.17532  0.168805  0.161087  0.157176  0.15505  0.144903  0.143925  
0.965928  0.675534  0.783353  0.255668  5.58932  1.80498  1.85113  1.87722  1.81665  1.77528  1.70737  1.58462  1.41845  1.37751  1.45129  1.15416  1.03992  0.98199  0.828873  0.780953  0.706758  0.603507  0.544776  0.478109  0.482964  0.168883  0.130559  0.0319585  0.558932  0.150415  0.132224  0.117326  0.100925  0.0887639  0.0776076  0.0660257  0.0545558  0.0491967  0.0483765  0.0360676  0.0305859  0.0272775  0.0218125  0.0195238  0.0168276  0.0137161  0.0118429  0.00996059  
1.38803  2.45207  0.231703  0.320307  2.55047  2.57163  2.69235  2.71878  2.78894  2.87031  2.85461  2.85922  2.93219  2.72819  2.75174  2.60973  2.49706  2.44698  2.44725  2.28438  2.3192  1.97576  2.26646  1.92667  0.694014  0.613016  0.0386172  0.0400384  0.255047  0.214302  0.192311  0.169923  0.154941  0.143515  0.129755  0.119134  0.112777  0.0974354  0.0917247  0.081554  0.0734431  0.0679718  0.0644013  0.0571096  0.0552189  0.0449036  0.0492708  0.040139  
0.0858981  0.0311642  5.94455  7.68263  3.66919  3.98132  4.37263  4.74313  5.0947  5.40362  5.70439  5.97235  6.22183  6.44764  6.67931  6.86462  7.0377  7.18742  7.34792  7.46251  7.58964  7.71028  7.82081  7.89691  0.042949  0.00779105  0.990758  0.960328  0.366919  0.331776  0.31233  0.296446  0.283039  0.270181  0.25929  0.248848  0.239301  0.230273  0.222644  0.214519  0.206991  0.19965  0.193366  0.186563  0.180706  0.175234  0.170018  0.164519  
1.96844  3.99699  0.0746241  0.0495576  3.67572  3.9838  4.3767  4.74531  5.08371  5.40527  5.70635  5.974  6.22387  6.45983  6.6692  6.86683  7.03782  7.17735  7.34755  7.46571  7.59422  7.70873  7.80687  7.8813  0.984218  0.999247  0.0124373  0.00619471  0.367572  0.331983  0.312621  0.296582  0.282428  0.270264  0.25938  0.248917  0.23938  0.230708  0.222307  0.214588  0.206995  0.199371  0.193357  0.186643  0.180815  0.175198  0.169714  0.164194  
1.23889  2.74  0.000490076  6.81532e-10  2.68569  3.03068  2.64404  2.83374  2.71905  2.8574  2.93013  2.81249  2.91797  2.72301  2.70791  2.68478  2.48377  2.26926  2.29474  2.21087  2.20893  1.95913  2.08107  1.96907  0.619447  0.685  8.16794e-05  8.51915e-11  0.268569  0.252556  0.18886  0.177109  0.151058  0.14287  0.133188  0.117187  0.11223  0.0972504  0.0902636  0.0838992  0.073052  0.0630351  0.060388  0.0552717  0.0525935  0.0445256  0.0452407  0.0410222  
