0.831473  1.0247  5.08499  0.831473  1.0247  5.08499  |||| 43775.5 |||| 43775.5 
1.50982  1.56641  2.48786  1.50982  1.56641  2.48786  |||| 17804.2 |||| 17804.2 
0.901536  1.19112  4.83734  0.901536  1.19112  4.83734  |||| 5188.42 |||| 5188.42 
0.89191  0.994114  4.83669  0.89191  0.994114  4.83669  |||| 115.028 |||| 115.028 
1.05581  1.34434  3.51238  1.05581  1.34434  3.51238  |||| 90.2241 |||| 90.2241 
0.846112  0.960472  4.84845  0.846112  0.960472  4.84845  |||| 34.3923 |||| 34.3923 
0.89566  1.35718  4.3779  0.89566  1.35718  4.3779  |||| 154.583 |||| 154.583 
1.17681  1.80514  3.24317  1.17681  1.80514  3.24317  |||| 18.8366 |||| 18.8366 
1.39366  2.09836  2.07493  1.39366  2.09836  2.07493  |||| 15.3143 |||| 15.3143 
1.23719  1.7194  3.36851  1.23719  1.7194  3.36851  |||| 32.3605 |||| 32.3605 
1.21655  1.40569  2.96652  1.21655  1.40569  2.96652  |||| 129.989 |||| 129.989 
0.980005  1.51311  3.69121  0.980005  1.51311  3.69121  |||| 17.9192 |||| 17.9192 
0.757091  1.41902  4.45902  0.757091  1.41902  4.45902  |||| 38.3608 |||| 38.3608 
1.28254  1.48334  3.31146  1.28254  1.48334  3.31146  |||| 13.1476 |||| 13.1476 
0.729285  0.912457  5.579  0.729285  0.912457  5.579  |||| 75.4578 |||| 75.4578 
1.07004  1.75991  3.14795  1.07004  1.75991  3.14795  |||| 9.88867 |||| 9.88867 
0.904629  1.51484  3.81391  0.904629  1.51484  3.81391  |||| 19.033 |||| 19.033 
0.688457  0.759701  5.36624  0.688457  0.759701  5.36624  |||| 12.853 |||| 12.853 
1.09167  1.32808  3.93131  1.09167  1.32808  3.93131  |||| 258.076 |||| 258.076 
1.1142  1.46132  3.52886  1.1142  1.46132  3.52886  |||| 12.8769 |||| 12.8769 
0.992963  1.46833  3.28226  0.992963  1.46833  3.28226  |||| 21.5536 |||| 21.5536 
1.01376  2.46031  2.27182  1.01376  2.46031  2.27182  |||| 18.7166 |||| 18.7166 
1.17925  1.5213  2.6982  1.17925  1.5213  2.6982  |||| 28.4162 |||| 28.4162 
1.03015  1.0666  4.1161  1.03015  1.0666  4.1161  |||| 11.2985 |||| 11.2985 
0.667315  0.870337  5.55495  0.667315  0.870337  5.55495  |||| 25.345 |||| 25.345 
0.959387  0.991553  4.85719  0.959387  0.991553  4.85719  |||| 9.50755 |||| 9.50755 
0.578935  0.672277  5.7437  0.578935  0.672277  5.7437  |||| 109.141 |||| 109.141 
1.5025  1.81196  2.1152  1.5025  1.81196  2.1152  |||| 5.58208 |||| 5.58208 
0.882498  1.76212  3.26284  0.882498  1.76212  3.26284  |||| 14.4988 |||| 14.4988 
0.943398  0.879871  4.82145  0.943398  0.879871  4.82145  |||| 9.32856 |||| 9.32856 
1.10475  1.79497  2.84107  1.10475  1.79497  2.84107  |||| 18.3185 |||| 18.3185 
0.984626  2.44625  2.22619  0.984626  2.44625  2.22619  |||| 11.6363 |||| 11.6363 
1.18359  1.14305  4.455  1.18359  1.14305  4.455  |||| 14.4972 |||| 14.4972 
0.582027  0.703762  6.17807  0.582027  0.703762  6.17807  |||| 10.0707 |||| 10.0707 
1.42654  2.35572  1.34393  1.42654  2.35572  1.34393  |||| 71.4822 |||| 71.4822 
0.817213  1.96954  3.60865  0.817213  1.96954  3.60865  |||| 9.7205 |||| 9.7205 
0.95506  1.24412  4.1468  0.95506  1.24412  4.1468  |||| 22.0329 |||| 22.0329 
1.08482  1.92223  2.60434  1.08482  1.92223  2.60434  |||| 8.94247 |||| 8.94247 
1.2225  1.54505  3.47474  1.2225  1.54505  3.47474  |||| 32.5286 |||| 32.5286 
1.08262  1.26867  4.33331  1.08262  1.26867  4.33331  |||| 9.22672 |||| 9.22672 
1.37982  3.1462  0.707442  1.37982  3.1462  0.707442  |||| 6.52938 |||| 6.52938 
0.889854  1.58539  3.91669  0.889854  1.58539  3.91669  |||| 13.2514 |||| 13.2514 
0.819953  0.958523  4.93798  0.819953  0.958523  4.93798  |||| 84.8581 |||| 84.8581 
0.751061  0.734561  5.88501  0.751061  0.734561  5.88501  |||| 13.86 |||| 13.86 
1.4937  1.44479  2.41409  1.4937  1.44479  2.41409  |||| 7.95181 |||| 7.95181 
0.871845  1.3254  4.27685  0.871845  1.3254  4.27685  |||| 6.51166 |||| 6.51166 
0.831015  1.81821  3.54897  0.831015  1.81821  3.54897  |||| 20.8896 |||| 20.8896 
1.03032  1.78458  3.56706  1.03032  1.78458  3.56706  |||| 6.00456 |||| 6.00456 
0.847931  1.26324  4.72678  0.847931  1.26324  4.72678  |||| 12.9514 |||| 12.9514 
0.949149  2.00292  3.15302  0.949149  2.00292  3.15302  |||| 40.9995 |||| 40.9995 
0.963709  2.04385  2.70274  0.963709  2.04385  2.70274  |||| 60.8284 |||| 60.8284 
1.42874  1.87009  2.31779  1.42874  1.87009  2.31779  |||| 4.16434 |||| 4.16434 
0.817269  1.2535  4.56016  0.817269  1.2535  4.56016  |||| 18.1668 |||| 18.1668 
1.18848  1.70671  2.82244  1.18848  1.70671  2.82244  |||| 7.05797 |||| 7.05797 
1.01042  1.60879  3.42536  1.01042  1.60879  3.42536  |||| 21.7023 |||| 21.7023 
0.686793  1.10282  4.9655  0.686793  1.10282  4.9655  |||| 8.61447 |||| 8.61447 
0.746762  1.28015  4.67568  0.746762  1.28015  4.67568  |||| 12.6655 |||| 12.6655 
0.923875  2.21104  2.87934  0.923875  2.21104  2.87934  |||| 26.2765 |||| 26.2765 
0.82335  1.4416  3.97815  0.82335  1.4416  3.97815  |||| 39.5333 |||| 39.5333 
1.32485  2.34127  1.58793  1.32485  2.34127  1.58793  |||| 5.5983 |||| 5.5983 
1.24558  1.8314  2.35114  1.24558  1.8314  2.35114  |||| 5.94054 |||| 5.94054 
0.87139  1.27399  4.87642  0.87139  1.27399  4.87642  |||| 6.24677 |||| 6.24677 
1.60767  1.43168  2.41928  1.60767  1.43168  2.41928  |||| 9.32565 |||| 9.32565 
1.0004  2.72903  1.7765  1.0004  2.72903  1.7765  |||| 9.80442 |||| 9.80442 
1.52659  2.23159  1.78051  1.52659  2.23159  1.78051  |||| 4.65117 |||| 4.65117 
1.35544  1.20854  3.19054  1.35544  1.20854  3.19054  |||| 42.7565 |||| 42.7565 
0.740157  0.869716  5.25252  0.740157  0.869716  5.25252  |||| 719.035 |||| 719.035 
1.0797  1.46393  3.10151  1.0797  1.46393  3.10151  |||| 5.78146 |||| 5.78146 
0.996585  1.64087  3.43454  0.996585  1.64087  3.43454  |||| 12.8725 |||| 12.8725 
0.740614  1.63794  4.13854  0.740614  1.63794  4.13854  |||| 5.46823 |||| 5.46823 
1.06522  1.49055  3.85997  1.06522  1.49055  3.85997  |||| 28.4547 |||| 28.4547 
1.41908  1.91871  1.72778  1.41908  1.91871  1.72778  |||| 5.26237 |||| 5.26237 
0.669318  0.932235  5.27892  0.669318  0.932235  5.27892  |||| 14.1079 |||| 14.1079 
1.33494  1.88254  2.68858  1.33494  1.88254  2.68858  |||| 12.1141 |||| 12.1141 
1.11167  1.09308  3.65157  1.11167  1.09308  3.65157  |||| 48.7704 |||| 48.7704 
1.08335  2.13777  2.69559  1.08335  2.13777  2.69559  |||| 4.0323 |||| 4.0323 
0.883148  1.04765  4.91478  0.883148  1.04765  4.91478  |||| 15.0895 |||| 15.0895 
1.2331  1.66112  3.17451  1.2331  1.66112  3.17451  |||| 6.27938 |||| 6.27938 
0.806243  1.27417  4.46419  0.806243  1.27417  4.46419  |||| 21.8019 |||| 21.8019 
0.883582  1.20056  4.39303  0.883582  1.20056  4.39303  |||| 5.96872 |||| 5.96872 
1.367  2.18372  1.09299  1.367  2.18372  1.09299  |||| 7.42412 |||| 7.42412 
1.14137  1.19799  3.68873  1.14137  1.19799  3.68873  |||| 10.6859 |||| 10.6859 
1.80704  2.05182  0.721566  1.80704  2.05182  0.721566  |||| 12.9699 |||| 12.9699 
1.15414  1.35399  3.47584  1.15414  1.35399  3.47584  |||| 6.46198 |||| 6.46198 
1.21405  1.50275  3.4492  1.21405  1.50275  3.4492  |||| 10.3477 |||| 10.3477 
1.59922  2.01373  1.73924  1.59922  2.01373  1.73924  |||| 13.1199 |||| 13.1199 
1.16492  1.60107  3.83572  1.16492  1.60107  3.83572  |||| 20.5513 |||| 20.5513 
1.08266  1.95502  2.47678  1.08266  1.95502  2.47678  |||| 7.55733 |||| 7.55733 
1.16924  1.20088  3.99737  1.16924  1.20088  3.99737  |||| 9.6538 |||| 9.6538 
1.00696  1.35451  4.57024  1.00696  1.35451  4.57024  |||| 8.4067 |||| 8.4067 
1.40831  1.98916  1.79306  1.40831  1.98916  1.79306  |||| 16.5113 |||| 16.5113 
0.778461  1.16802  4.78356  0.778461  1.16802  4.78356  |||| 7.09383 |||| 7.09383 
1.21609  1.11418  4.28278  1.21609  1.11418  4.28278  |||| 16.156 |||| 16.156 
1.11398  1.72845  3.39974  1.11398  1.72845  3.39974  |||| 15.6968 |||| 15.6968 
1.49215  1.71206  2.39843  1.49215  1.71206  2.39843  |||| 31.7485 |||| 31.7485 
1.28949  2.04495  2.27793  1.28949  2.04495  2.27793  |||| 30.2732 |||| 30.2732 
1.09922  1.18856  3.50854  1.09922  1.18856  3.50854  |||| 28.5759 |||| 28.5759 
0.84941  1.16476  4.40717  0.84941  1.16476  4.40717  |||| 21.2888 |||| 21.2888 
1.17357  2.18147  1.71091  1.17357  2.18147  1.71091  |||| 76.6077 |||| 76.6077 
0.887045  1.5823  4.21494  0.887045  1.5823  4.21494  |||| 119.393 |||| 119.393 
3  1  1  2.8125  1.09375  0.906252  |||| 10000 |||| 10937.5 
0.857143  1.71429  0.85714  0.419107  0.841171  3.50672  |||| 8571.43 |||| 35067.2 
0.000293453  0.000586907  5.99824  0.118629  0.237259  5.28822  |||| 5.99824 |||| 2372.59 
3  1  1  2.70625  1.14688  0.853123  |||| 27.8568 |||| 31.9483 
2  1.5  0.5  2.21639  1.35386  0.774164  |||| 16.0831 |||| 24.9019 
2.34471  1  2.96588  1.97527  1.51236  0.487636  |||| 24.9158 |||| 37.6818 
1.5  1.75  0.249999  1.22432  1.88784  0.112162  |||| 10.5289 |||| 11.3582 
2.8986  1  1.30421  0.777383  2.04247  3.85126  |||| 12.3808 |||| 28.609 
2.5  1.25  0.749999  2.2202  1.3899  0.610098  |||| 8.39913 |||| 9.33917 
0.299999  0.599997  4.20001  1.18167  2.1624  0.311388  |||| 18.5426 |||| 66.8275 
1.25  1.875  0.125  2.32964  1.00079  2.99683  |||| 7.19259 |||| 172.44 
2.9255  1  1.22349  2.51054  1.25792  0.759665  |||| 7.72141 |||| 9.71293 
2.25  1.375  0.624999  1.43409  1.0558  3.17914  |||| 6.39077 |||| 32.5075 
0.409092  0.818184  3.54545  0.714336  1.55625  4.48972  |||| 13.263 |||| 25.2272 
1.75  1.625  0.374999  1.94854  1.52573  0.474272  |||| 5.80853 |||| 7.34621 
2.66125  1  2.01626  1.59152  1.74736  1.55223  |||| 8.91417 |||| 15.5763 
2.75  1.125  0.875002  0.398319  0.816109  4.48449  |||| 5.36104 |||| 27.476 
0.166665  0.33333  5.00001  1.24136  1.85639  2.61179  |||| 13.7944 |||| 76.823 
1.125  1.9375  0.0624998  1.33571  1.83214  0.167856  |||| 5.00323 |||| 13.4372 
2.97438  1  1.07686  1.73048  1.23841  1.96542  |||| 5.17253 |||| 8.97019 
2.125  1.4375  0.5625  1.69465  1.65268  0.347324  |||| 4.70865 |||| 5.41348 
0.456521  0.913042  3.26087  1.86737  1.41579  1.0132  |||| 9.55749 |||| 14.8201 
1.625  1.6875  0.3125  1.68524  1.65738  0.34262  |||| 4.46065 |||| 4.89059 
2.82282  1  1.53155  1.46387  2.23627  2.04105  |||| 6.32799 |||| 14.1511 
2.39772  1.26654  0.86595  2.14693  1.42653  0.573466  |||| 4.53088 |||| 5.10322 
0.23684  0.47368  4.57896  0.494164  0.584378  6.2509  |||| 10.4909 |||| 14.3215 
1.375  1.8125  0.1875  1.51185  1.65943  0.526595  |||| 4.06333 |||| 11.4119 
2.60942  1.07107  1.56489  0.926751  1.58628  2.27019  |||| 5.246 |||| 7.76946 
2.05483  1.4193  0.743416  1.46179  1.53405  0.997178  |||| 4.21812 |||| 5.65778 
0.357143  0.714287  3.85714  0.536911  0.786454  5.4898  |||| 8.74612 |||| 12.4482 
1.78819  1.59131  0.445555  2.00605  1.45702  0.660139  |||| 3.82546 |||| 5.66769 
2.55003  1  2.34991  1.56239  1.4246  3.38793  |||| 6.55948 |||| 9.34465 
2.03332  1.32827  1.17133  1.60272  1.32879  1.66156  |||| 4.53379 |||| 6.42761 
0.0882328  0.176466  5.4706  0.0262244  0.0450758  5.89584  |||| 10.0707 |||| 10.8535 
1.0625  1.96875  0.0312499  1.95176  1.42402  0.873106  |||| 3.50962 |||| 98.0567 
1.95859  1.30384  1.38741  1.63355  1.89303  0.386709  |||| 4.65043 |||| 6.75181 
1.55506  1.62774  0.58681  1.89315  1.4693  0.765588  |||| 3.77164 |||| 4.90444 
0.478727  0.957454  3.12764  1.06654  1.60473  3.28947  |||| 6.84987 |||| 11.4807 
1.35564  1.78409  0.291083  1.24332  1.75433  0.480884  |||| 3.43167 |||| 5.65262 
2.0306  1.15944  2.06681  1.60619  1.55769  2.78287  |||| 5.25943 |||| 7.08155 
1.52167  1.52432  0.976401  1.16468  1.78593  2.20868  |||| 4.02313 |||| 9.09374 
0.269229  0.538458  4.38463  0.367442  0.521086  5.83563  |||| 7.81436 |||| 10.4004 
1.16156  1.89049  0.160128  1.73871  1.63065  0.369353  |||| 3.21359 |||| 7.40865 
1.67492  1.29037  1.76764  1.42388  2.13956  2.40265  |||| 4.73359 |||| 7.84871 
1.2888  1.63789  0.799583  1.96928  1.4022  0.936146  |||| 3.72699 |||| 5.69305 
0.383721  0.767441  3.69768  0.701654  1.15264  3.49302  |||| 6.74567 |||| 10.1315 
1.1129  1.79834  0.458296  0.951498  1.83324  0.777764  |||| 3.36994 |||| 5.71776 
1.78736  1.11403  2.63852  2.95521  1.01236  1.0465  |||| 5.54029 |||| 9.15833 
1.26571  1.50592  1.24772  0.904902  2.91723  1.84127  |||| 4.02064 |||| 7.78866 
0.12857  0.257139  5.22858  0.431443  0.862379  3.41372  |||| 7.92307 |||| 26.5715 
0.982117  1.96423  0.107299  0.853181  1.66297  1.17375  |||| 3.27131 |||| 35.7829 
1.2657  1.38548  1.67217  2.2048  1.0829  2.34314  |||| 4.32421 |||| 7.52768 
0.98393  1.73336  0.731849  0.940498  2.00577  0.419339  |||| 3.45096 |||| 3.99331 
0.433334  0.866667  3.4  0.461089  0.68999  5.04051  |||| 5.91329 |||| 8.76647 
0.928574  1.85715  0.428557  0.994476  2.10993  0.663719  |||| 3.42203 |||| 5.29975 
0.594338  1.18868  2.43397  1.14038  2.52141  2.62612  |||| 4.92417 |||| 10.445 
0.953145  1.59061  1.16074  0.621082  1.14143  2.96374  |||| 3.70478 |||| 9.45946 
0.202702  0.405404  4.78379  1.54187e-12  1.54187e-12  6  |||| 6.92289 |||| 8.68294 
0.946425  1.89285  0.321452  0.990289  1.68959  0.852371  |||| 3.88541 |||| 10.3027 
1.03731  1.30861  2.04139  1.73141  1.46306  1.95936  |||| 4.38946 |||| 7.3117 
0.833033  1.66607  1.0018  0.617031  1.3846  2.72895  |||| 3.62069 |||| 9.86276 
0.329268  0.658537  4.02439  0.350813  0.701623  3.89513  |||| 6.03011 |||| 6.42465 
0.876338  1.75268  0.741974  2.56504  1.07527  1.64197  |||| 4.04215 |||| 11.8314 
0.520415  1.04082  2.87756  0.730665  1.05339  3.38033  |||| 4.96151 |||| 5.8284 
0.760171  1.52034  1.43898  0.331705  0.661883  4.61947  |||| 3.73097 |||| 11.9773 
0.0454453  0.0908906  5.72733  0.337259  0.674518  3.97644  |||| 7.24832 |||| 53.7799 
0.994512  1.98902  0.0329263  0.765385  1.53546  1.41322  |||| 5.20954 |||| 223.573 
0.727828  1.45566  1.63303  1.45171  1.77415  0.225855  |||| 3.94367 |||| 7.86596 
0.834673  1.66935  0.991963  0.567992  1.13921  2.60147  |||| 4.68236 |||| 12.2795 
0.489475  0.978949  3.06315  0.327546  0.655093  4.03472  |||| 4.88183 |||| 6.43023 
0.899798  1.7996  0.601211  0.586137  1.17544  2.49196  |||| 5.42675 |||| 22.4924 
0.635138  1.27027  2.18919  0.567314  0.981537  3.26237  |||| 4.1167 |||| 6.13478 
0.739789  1.47958  1.56127  0.631582  1.34913  2.41274  |||| 4.81822 |||| 7.44589 
0.284811  0.569621  4.29114  0.498104  0.993807  3.0194  |||| 5.70159 |||| 9.94746 
0.933595  1.86719  0.398432  0.65262  1.3872  2.2556  |||| 6.60031 |||| 37.3647 
0.622422  1.24484  2.26547  1.30934  1.97093  2.69528  |||| 4.59475 |||| 9.66558 
0.73595  1.4719  1.5843  0.563537  1.13635  2.64698  |||| 5.68205 |||| 9.49332 
0.396552  0.793104  3.62069  0.0969843  0.193969  5.41809  |||| 5.03641 |||| 7.53659 
0.803937  1.60787  1.17638  0.527413  1.02746  3.02743  |||| 6.82702 |||| 17.5694 
0.520994  1.04199  2.87403  0.527995  1.05586  2.83295  |||| 4.65444 |||| 4.71698 
0.615395  1.23079  2.30763  2.65568  1.1466  1.81306  |||| 5.79746 |||| 25.0184 
0.147881  0.295762  5.11271  0.083533  0.164034  5.52725  |||| 6.01211 |||| 6.49957 
0.941408  1.88282  0.351554  0.820111  1.64716  1.0857  |||| 9.94208 |||| 30.7009 
0.520971  1.04194  2.87417  0.500129  1.00026  2.99923  |||| 5.85277 |||| 6.10742 
0.653733  1.30747  2.0776  0.780833  1.52037  1.60223  |||| 7.84113 |||| 9.3656 
0.390684  0.781367  3.6559  0.355717  0.701369  3.92734  |||| 5.02391 |||| 5.39693 
0.739967  1.47993  1.5602  0.874777  1.74955  0.751336  |||| 10.2498 |||| 12.1171 
0.392189  0.784379  3.64686  0.423246  0.846492  3.46052  |||| 5.88394 |||| 6.34986 
0.485538  0.971076  3.08677  0.474403  0.950739  3.16306  |||| 7.94039 |||| 8.13662 
0.22  0.44  4.68  0.283652  0.56843  4.35664  |||| 5.42186 |||| 7.00442 
0.757545  1.51509  1.45473  1.16446  2.13834  0.824543  |||| 15.0813 |||| 23.1822 
0.3188  0.6376  4.0872  0.587739  1.17548  2.47357  |||| 7.11311 |||| 13.1137 
0.412005  0.82401  3.52797  0.639687  1.20577  2.66431  |||| 10.4471 |||| 16.2203 
0.199125  0.398249  4.80525  0.214891  0.424094  4.82438  |||| 5.842 |||| 6.30435 
0.43956  0.879121  3.36264  0.495656  1.01335  3.12484  |||| 15.2815 |||| 17.2317 
0.165611  0.331221  5.00634  0.540889  1.08178  2.75468  |||| 7.05606 |||| 23.0447 
0.189283  0.378566  4.8643  0.394049  0.788273  3.6412  |||| 10.3963 |||| 21.6427 
0.0671626  0.134325  5.59702  0.386682  0.770523  3.69957  |||| 5.80667 |||| 33.3076 
0.666959  1.33392  1.99825  0.792148  1.58447  1.24729  |||| 85.9254 |||| 102.054 
0.0287957  0.0575914  5.82723  0.268129  0.535403  4.50578  |||| 11.1614 |||| 103.9 
