237.435  81.5155  19.2924  237.435  81.5155  19.2924  |||| 814341 |||| 814341 
46.9974  0.394717  198.827  46.9974  0.394717  198.827  |||| 1.96413e+06 |||| 1.96413e+06 
53.2653  128.09  7.39054  53.2653  128.09  7.39054  |||| 1.28009e+06 |||| 1.28009e+06 
115.835  114.928  24.3498  115.835  114.928  24.3498  |||| 3199.25 |||| 3199.25 
7.19674  40.3196  249.772  7.19674  40.3196  249.772  |||| 7956.57 |||| 7956.57 
145.394  20.7839  2.41463  145.394  20.7839  2.41463  |||| 515.819 |||| 515.819 
68.3213  52.8006  203.7  68.3213  52.8006  203.7  |||| 8477.26 |||| 8477.26 
1.40235  7.89806  149.544  1.40235  7.89806  149.544  |||| 1092.95 |||| 1092.95 
30.4958  78.1988  170.226  30.4958  78.1988  170.226  |||| 1879.29 |||| 1879.29 
23.4098  80.0731  218.497  23.4098  80.0731  218.497  |||| 2472.09 |||| 2472.09 
90.0775  27.6505  259.881  90.0775  27.6505  259.881  |||| 14814.8 |||| 14814.8 
43.2187  47.7176  23.8186  43.2187  47.7176  23.8186  |||| 367.819 |||| 367.819 
55.2487  188.347  80.9323  55.2487  188.347  80.9323  |||| 875.026 |||| 875.026 
8.22525  4.68495  323.524  8.22525  4.68495  323.524  |||| 1201.22 |||| 1201.22 
41.687  101.716  67.3917  41.687  101.716  67.3917  |||| 1006.46 |||| 1006.46 
76.7467  219.361  53.771  76.7467  219.361  53.771  |||| 1954.7 |||| 1954.7 
11.2693  23.884  212.595  11.2693  23.884  212.595  |||| 1287.75 |||| 1287.75 
16.809  33.3595  132.674  16.809  33.3595  132.674  |||| 1377.15 |||| 1377.15 
43.169  17.2193  133.276  43.169  17.2193  133.276  |||| 10475.7 |||| 10475.7 
55.2725  42.0029  191.057  55.2725  42.0029  191.057  |||| 860.964 |||| 860.964 
37.0366  48.2895  338.355  37.0366  48.2895  338.355  |||| 2812.13 |||| 2812.13 
33.7064  132.16  148.193  33.7064  132.16  148.193  |||| 1382.56 |||| 1382.56 
57.5456  9.0742  173.442  57.5456  9.0742  173.442  |||| 2441.27 |||| 2441.27 
122.43  32.8631  126.681  122.43  32.8631  126.681  |||| 411.9 |||| 411.9 
45.0533  48.2845  78.7782  45.0533  48.2845  78.7782  |||| 399.264 |||| 399.264 
90.7577  23.2719  89.2889  90.7577  23.2719  89.2889  |||| 513.609 |||| 513.609 
81.673  90.7781  199.611  81.673  90.7781  199.611  |||| 4273.45 |||| 4273.45 
289.958  39.2113  31.7397  289.958  39.2113  31.7397  |||| 582.816 |||| 582.816 
20.9179  37.7337  245.501  20.9179  37.7337  245.501  |||| 1379.22 |||| 1379.22 
260.795  15.3414  16.8092  260.795  15.3414  16.8092  |||| 546.273 |||| 546.273 
12.2814  30.7029  138.48  12.2814  30.7029  138.48  |||| 1168.2 |||| 1168.2 
181.247  28.5844  53.0633  181.247  28.5844  53.0633  |||| 395.67 |||| 395.67 
121.938  98.1015  159.925  121.938  98.1015  159.925  |||| 609.319 |||| 609.319 
140.947  3.60398  157.316  140.947  3.60398  157.316  |||| 320.766 |||| 320.766 
13.1474  11.4809  169.365  13.1474  11.4809  169.365  |||| 18749.8 |||| 18749.8 
49.9576  37.8057  161.996  49.9576  37.8057  161.996  |||| 534.679 |||| 534.679 
91.0217  42.0429  220.53  91.0217  42.0429  220.53  |||| 1397.27 |||| 1397.27 
6.75136  193.798  188.794  6.75136  193.798  188.794  |||| 1385.9 |||| 1385.9 
17.6475  124.745  184.144  17.6475  124.745  184.144  |||| 2136.16 |||| 2136.16 
1.4056  15.9374  171.865  1.4056  15.9374  171.865  |||| 431.198 |||| 431.198 
31.4305  252.348  13.6882  31.4305  252.348  13.6882  |||| 665.802 |||| 665.802 
74.4712  117.461  120.28  74.4712  117.461  120.28  |||| 1703.46 |||| 1703.46 
73.7253  18.4532  142.775  73.7253  18.4532  142.775  |||| 2815.42 |||| 2815.42 
22.3884  2.12726  328.647  22.3884  2.12726  328.647  |||| 873.299 |||| 873.299 
0.477659  0.872747  239.845  0.477659  0.872747  239.845  |||| 1106.26 |||| 1106.26 
64.0191  206.478  57.9508  64.0191  206.478  57.9508  |||| 1814.19 |||| 1814.19 
0.127593  0.10427  207.265  0.127593  0.10427  207.265  |||| 1505.96 |||| 1505.96 
130.444  58.8719  147.622  130.444  58.8719  147.622  |||| 404.101 |||| 404.101 
41.4474  42.8243  166.019  41.4474  42.8243  166.019  |||| 527.176 |||| 527.176 
102.324  185.887  20.3344  102.324  185.887  20.3344  |||| 5725.04 |||| 5725.04 
17.1288  4.71553  261.144  17.1288  4.71553  261.144  |||| 7887.58 |||| 7887.58 
205.207  0.0813979  6.90098  205.207  0.0813979  6.90098  |||| 700.454 |||| 700.454 
46.6503  52.3672  108.206  46.6503  52.3672  108.206  |||| 498.837 |||| 498.837 
45.0254  177.094  22.1783  45.0254  177.094  22.1783  |||| 1207.76 |||| 1207.76 
2.8142  11.8447  210.907  2.8142  11.8447  210.907  |||| 1664.79 |||| 1664.79 
129.254  94.4713  139.689  129.254  94.4713  139.689  |||| 488.836 |||| 488.836 
25.4066  52.2883  25.9528  25.4066  52.2883  25.9528  |||| 121.595 |||| 121.595 
133.697  76.7357  36.4008  133.697  76.7357  36.4008  |||| 1308.98 |||| 1308.98 
34.6626  5.39808  306.989  34.6626  5.39808  306.989  |||| 3681.41 |||| 3681.41 
29.4886  18.3608  367.439  29.4886  18.3608  367.439  |||| 784.872 |||| 784.872 
2.59761  49.8433  239.742  2.59761  49.8433  239.742  |||| 857.73 |||| 857.73 
58.5954  252.513  34.8016  58.5954  252.513  34.8016  |||| 2311.47 |||| 2311.47 
282.131  19.204  44.8377  282.131  19.204  44.8377  |||| 1301.12 |||| 1301.12 
88.5639  73.7089  80.7433  88.5639  73.7089  80.7433  |||| 421.008 |||| 421.008 
71.2173  74.5109  111.346  71.2173  74.5109  111.346  |||| 349.301 |||| 349.301 
21.9979  157.161  118.767  21.9979  157.161  118.767  |||| 12524.1 |||| 12524.1 
155.127  35.3139  117.63  155.127  35.3139  117.63  |||| 18227.1 |||| 18227.1 
0.0485884  0.725798  47.0003  0.0485884  0.725798  47.0003  |||| 107.671 |||| 107.671 
42.8063  8.40295  256.942  42.8063  8.40295  256.942  |||| 1201.42 |||| 1201.42 
27.575  2.38911  155.803  27.575  2.38911  155.803  |||| 244.459 |||| 244.459 
77.3299  139.667  69.3123  77.3299  139.667  69.3123  |||| 603.819 |||| 603.819 
91.5789  151.641  22.847  91.5789  151.641  22.847  |||| 573.311 |||| 573.311 
86.7811  48.4801  97.4262  86.7811  48.4801  97.4262  |||| 564.885 |||| 564.885 
119.35  67.0049  47.3608  119.35  67.0049  47.3608  |||| 808.974 |||| 808.974 
18.5023  18.5272  232.485  18.5023  18.5272  232.485  |||| 3811.19 |||| 3811.19 
16.6606  186.537  128.543  16.6606  186.537  128.543  |||| 501.927 |||| 501.927 
134.606  194.005  40.4905  134.606  194.005  40.4905  |||| 1038.88 |||| 1038.88 
112.965  70.1325  125.312  112.965  70.1325  125.312  |||| 913.417 |||| 913.417 
94.2642  10.4116  114.556  94.2642  10.4116  114.556  |||| 800.079 |||| 800.079 
44.756  142.831  18.4211  44.756  142.831  18.4211  |||| 527.563 |||| 527.563 
42.9884  14.7023  169.206  42.9884  14.7023  169.206  |||| 419.028 |||| 419.028 
205.567  8.69583  34.0394  205.567  8.69583  34.0394  |||| 2046.97 |||| 2046.97 
64.4859  18.7128  183.41  64.4859  18.7128  183.41  |||| 5118.1 |||| 5118.1 
81.2592  129.123  25.0826  81.2592  129.123  25.0826  |||| 912.344 |||| 912.344 
170.927  81.5056  78.6281  170.927  81.5056  78.6281  |||| 2049.58 |||| 2049.58 
50.7705  89.9363  91.7818  50.7705  89.9363  91.7818  |||| 652.237 |||| 652.237 
81.2212  248.552  32.1978  81.2212  248.552  32.1978  |||| 1124.37 |||| 1124.37 
19.9189  37.5468  209.996  19.9189  37.5468  209.996  |||| 334.917 |||| 334.917 
4.75261  115.016  42.1769  4.75261  115.016  42.1769  |||| 208.931 |||| 208.931 
11.2271  7.00442  327.165  11.2271  7.00442  327.165  |||| 376.229 |||| 376.229 
13.4798  23.212  51.0631  13.4798  23.212  51.0631  |||| 504.333 |||| 504.333 
21.4601  110.283  105.396  21.4601  110.283  105.396  |||| 477.736 |||| 477.736 
108.521  151.562  6.48094  108.521  151.562  6.48094  |||| 2750.48 |||| 2750.48 
62.3699  92.5762  92.5363  62.3699  92.5762  92.5363  |||| 1828.35 |||| 1828.35 
102.756  71.1102  111.917  102.756  71.1102  111.917  |||| 3570.65 |||| 3570.65 
138.751  33.7486  23.4723  138.751  33.7486  23.4723  |||| 5909.45 |||| 5909.45 
9.69032  140.09  113.923  9.69032  140.09  113.923  |||| 529.562 |||| 529.562 
69.5802  109.682  161.916  69.5802  109.682  161.916  |||| 5360.67 |||| 5360.67 
159.755  48.02  20.2023  159.755  48.02  20.2023  |||| 20575.2 |||| 20575.2 
155.509  39.1238  59.7343  155.509  39.1238  59.7343  |||| 60241 |||| 60241 
0.499922  2.87859e-05  4.89444e-05  0.356763  0.0500184  0.0932186  |||| 0.499922 |||| 932.186 
2.42321e-05  0.499927  4.89674e-05  0.0296389  0.454442  0.0159195  |||| 0.499927 |||| 296.389 
4.91198e-05  4.37061e-05  0.499907  0.0378668  0.15519  0.306943  |||| 0.499907 |||| 1551.9 
0.464109  0.0179456  0.0179452  1.30377  0.241253  0.357717  |||| 0.500008 |||| 9.96484 
0.437939  0.0465122  0.0155486  1.96004  0.495012  0.564324  |||| 0.500139 |||| 18.1522 
0.419761  0.0200489  0.0601896  0.340579  0.0860933  0.0733276  |||| 0.500037 |||| 2.14509 
0.405069  0.0830655  0.011865  0.384453  0.0794731  0.0360736  |||| 0.500057 |||| 1.51926 
0.39235  0.0403659  0.067284  0.342858  0.035274  0.121868  |||| 0.500056 |||| 0.905293 
0.380989  0.0743781  0.0446327  0.432794  0.0271347  0.0400714  |||| 0.500065 |||| 0.568061 
0.370637  0.0161493  0.113214  0.286914  0.0998724  0.113214  |||| 0.500092 |||| 3.08649 
0.361  0.130356  0.00864433  0.327134  0.11218  0.0606863  |||| 0.500052 |||| 3.49193 
0.351998  0.0647467  0.0832552  110.795  20.3797  29.8445  |||| 0.500013 |||| 179.233 
0.343539  0.10758  0.0488809  0.390087  0.061032  0.0488809  |||| 0.500021 |||| 0.567772 
0.335522  0.0308333  0.133645  0.351106  0.135135  0.0137593  |||| 0.50004 |||| 2.19058 
0.327864  0.139881  0.0322551  0.331699  0.129079  0.0392225  |||| 0.500037 |||| 0.607535 
0.320534  0.0560789  0.123387  0.335749  0.0408641  0.123387  |||| 0.500037 |||| 0.523772 
0.313476  0.104917  0.0816066  4.57919  0.593645  1.28421  |||| 0.500012 |||| 7.86823 
0.306704  0.0120408  0.181255  46.1121  0  54.4653  |||| 0.500058 |||| 150.262 
0.300163  0.193631  0.00620569  0.175397  0.28037  0.0442325  |||| 0.500057 |||| 3.54089 
0.29378  0.0966659  0.109554  36.5317  0  4.92418  |||| 0.500007 |||| 62.1748 
0.287634  0.152665  0.0597012  55.2062  29.3014  16.0686  |||| 0.500068 |||| 134.51 
0.281644  0.0477635  0.170592  37.0528  3.90592  21.2116  |||| 0.500004 |||| 65.7801 
0.275823  0.189154  0.0350232  0.286458  0.168098  0.0454446  |||| 0.50001 |||| 0.64868 
0.270147  0.0790032  0.15085  0.222935  0.04002  0.237045  |||| 0.500015 |||| 0.785722 
0.264615  0.13975  0.0956355  69.0946  89.4964  25.8136  |||| 0.500026 |||| 320.16 
0.259199  0.0225539  0.218247  5.02067  1.31256  10.9071  |||| 0.500028 |||| 29.0699 
0.253926  0.22303  0.0230441  0.220967  0.194081  0.0849518  |||| 0.500058 |||| 1.841 
0.248748  0.102052  0.1492  0.268154  0.0717709  0.160075  |||| 0.500068 |||| 0.539079 
0.243645  0.168249  0.0881069  0.264778  0.118102  0.11712  |||| 0.500031 |||| 0.664515 
0.238664  0.040802  0.220534  0.236524  0.0404362  0.22304  |||| 0.500063 |||| 0.505745 
0.233784  0.208003  0.0582134  0.227525  0.271585  0.000890705  |||| 0.500033 |||| 0.652882 
0.228934  0.0762196  0.194846  0.182629  0.122525  0.194846  |||| 0.500124 |||| 0.8037 
0.224262  0.146495  0.129243  0.238874  0.0743183  0.186808  |||| 0.500034 |||| 0.722652 
0.219663  0.00865709  0.27168  1.60124  0.0631064  1.18996  |||| 0.50013 |||| 3.64534 
0.215055  0.280521  0.00442426  50.8386  66.3147  32.8505  |||| 0.500075 |||| 3689.37 
0.210593  0.140167  0.14924  0.170108  0.139543  0.190349  |||| 0.500029 |||| 0.637765 
0.206169  0.215782  0.0780488  0.063525  0.260183  0.176292  |||| 0.500015 |||| 1.12935 
0.201798  0.0698683  0.228334  0.240295  0  0.259705  |||| 0.50007 |||| 0.595352 
0.197507  0.259951  0.0425413  0.205179  0.269723  0.0250984  |||| 0.500058 |||| 0.519389 
0.193281  0.110207  0.196512  25.5794  13.606  14.8058  |||| 0.500062 |||| 66.169 
0.189122  0.189455  0.121423  10.8985  0.793069  2.85041  |||| 0.500026 |||| 28.8144 
0.184998  0.0344057  0.280596  6.86508  22.4561  9.31943  |||| 0.500083 |||| 325.89 
0.180935  0.294144  0.0249212  0.197938  0.250907  0.0511542  |||| 0.500007 |||| 1.02607 
0.176898  0.136306  0.186796  4.47415  0.293567  4.10533  |||| 0.500038 |||| 12.6446 
0.172958  0.219738  0.107304  0.798524  0.776225  1.05333  |||| 0.500011 |||| 4.90777 
0.169011  0.0568787  0.27411  28.9833  0  80.4668  |||| 0.500059 |||| 146.795 
0.165183  0.266814  0.0680033  0.560547  1.51964  0.535573  |||| 0.500049 |||| 3.93728 
0.16127  0.100559  0.238171  0.16127  0.100559  0.238171  |||| 0.500107 |||| 0.500107 
0.157468  0.187313  0.15522  0.129857  0.125043  0.2451  |||| 0.50016 |||| 0.789778 
0.153803  0.0161296  0.330067  0.275715  0.80064  4.79389  |||| 0.500163 |||| 24.6692 
0.150067  0.333582  0.0163513  0.0700335  0.429967  0  |||| 0.50014 |||| 0.64465 
0.146436  0.160224  0.193339  12.6298  38.9718  32.533  |||| 0.500064 |||| 121.632 
0.142825  0.25114  0.106035  1.45965  3.19088  2.32631  |||| 0.500015 |||| 10.9693 
0.139234  0.073256  0.28751  0.883793  1.50416  0.358155  |||| 0.500038 |||| 10.2629 
0.135643  0.301728  0.0626297  0.185234  0.253778  0.0609884  |||| 0.500093 |||| 0.682633 
0.132118  0.120706  0.247176  22.1759  5.56144  23.1571  |||| 0.500062 |||| 83.9003 
0.128637  0.214691  0.156672  9.44941  10.2065  15.7643  |||| 0.500055 |||| 50.3154 
0.125207  0.0292569  0.345536  3.0549  2.80917  6.19212  |||| 0.500044 |||| 47.9707 
0.121791  0.336843  0.0413663  0.218736  0.239897  0.0413663  |||| 0.500002 |||| 0.897991 
0.118381  0.149072  0.232547  0.0423419  0.164197  0.293461  |||| 0.50003 |||| 0.630998 
0.115041  0.246592  0.138367  2.35698  2.02731  4.2909  |||| 0.500077 |||| 15.5079 
0.111685  0.0545951  0.33372  0.794416  0.895811  25.0492  |||| 0.500044 |||| 37.5335 
0.108404  0.299817  0.091779  0.109588  0.390412  0  |||| 0.500018 |||| 0.65108 
0.105069  0.104901  0.29003  0  0.630662  1.84762  |||| 0.500072 |||| 3.18568 
0.101787  0.205317  0.192896  0.0878227  0.700206  0.841208  |||| 0.500138 |||| 2.18107 
0.0986007  0.00626431  0.395135  0.0934772  0.0359017  0.370621  |||| 0.50007 |||| 2.86247 
0.0954469  0.401432  0.00312153  4.44219  18.683  2.73213  |||| 0.500054 |||| 432.226 
0.0922862  0.200655  0.207059  0.195401  0.177828  0.126771  |||| 0.500044 |||| 1.05876 
0.0891392  0.304918  0.105943  2.11136  7.70873  0.587452  |||| 0.500072 |||| 12.6396 
0.0860104  0.100267  0.313723  24.4049  1.7108  34.7996  |||| 0.500031 |||| 141.881 
0.0828854  0.361718  0.0553961  0.126329  0.289186  0.084485  |||| 0.500025 |||| 0.762562 
0.0798226  0.154252  0.265926  6.90224  14.5472  72.9863  |||| 0.500064 |||| 137.248 
0.0767444  0.261166  0.162089  0.00903173  0.731853  0.822033  |||| 0.50022 |||| 2.53686 
0.0737395  0.049895  0.376365  0.1505  0.247832  0.101668  |||| 0.500072 |||| 2.48066 
0.0707192  0.399141  0.0301396  0.000536805  0.297191  0.202272  |||| 0.50006 |||| 3.3507 
0.0676756  0.185726  0.246598  2.67541  7.34227  20.9574  |||| 0.500143 |||| 42.5051 
0.0647621  0.295849  0.139389  0.0386538  0.390597  0.0707487  |||| 0.500038 |||| 0.66018 
0.0617711  0.0787228  0.359506  41.6697  12.0335  43.984  |||| 0.500075 |||| 337.079 
0.0588542  0.354994  0.0861522  0.132769  0.35508  0.0121513  |||| 0.500041 |||| 1.12747 
0.0559685  0.135296  0.308735  0.0556773  0.135588  0.308735  |||| 0.50002 |||| 0.501096 
0.0530763  0.247889  0.199035  10.422  46.4674  37.2898  |||| 0.500034 |||| 98.1823 
0.050171  0.0245919  0.425237  1.44356  8.10557  15.8532  |||| 0.500042 |||| 164.758 
0.0473197  0.435016  0.017664  1.93195  0  0.305007  |||| 0.500049 |||| 20.403 
0.0444747  0.209961  0.245564  0.0444747  0.209961  0.245564  |||| 0.50005 |||| 0.50005 
0.0416179  0.32587  0.132512  0  0.368564  0.131436  |||| 0.500115 |||| 0.565572 
0.0388673  0.0972393  0.363893  0.109518  0.0292032  0.361279  |||| 0.50006 |||| 1.4083 
0.0359921  0.387914  0.0760941  0.0127341  0.487266  0  |||| 0.500155 |||| 0.628254 
0.0332964  0.156772  0.309931  2.31372  8.48582  16.2406  |||| 0.500051 |||| 34.7122 
0.030561  0.275058  0.194381  7.89842  13.1975  17.1805  |||| 0.500024 |||| 129.169 
0.0278368  0.0403128  0.43185  0.364335  0.678065  1.87286  |||| 0.500306 |||| 8.35539 
0.0250949  0.426685  0.0482197  0.0243798  0.443951  0.0316695  |||| 0.500037 |||| 0.52027 
0.0223861  0.190299  0.287315  0.0869064  0.0880626  0.325031  |||| 0.500025 |||| 1.93906 
0.0196884  0.311469  0.168843  0.0768708  0.253718  0.169411  |||| 0.500058 |||| 1.94918 
0.0169925  0.0717092  0.411298  0.189292  0.160325  0.653732  |||| 0.500141 |||| 5.55335 
0.014375  0.375637  0.109988  0.167217  0.256242  0.0765413  |||| 0.500056 |||| 5.81336 
0.0116456  0.133503  0.354852  32.8177  9.97208  117.903  |||| 0.500137 |||| 1398.21 
0.0091012  0.256973  0.233926  5.09391  17.0008  19.4252  |||| 0.500037 |||| 279.777 
0.0064856  0.0115177  0.481997  0.00305569  0.00494883  0.491995  |||| 0.500051 |||| 0.510424 
0.00383745  0.484548  0.0116143  0.0669667  0.345055  0.0879783  |||| 0.500059 |||| 8.62742 
0.00123623  0.237642  0.261122  0.0185808  0.289231  0.192189  |||| 0.500151 |||| 7.20004 
