1.27448  3.32664  3.57872  1.27448  3.32664  3.57872  |||| 25038 |||| 25038 
1.69155  3.58318  3.95762  1.69155  3.58318  3.95762  |||| 20136.8 |||| 20136.8 
2.14395  1.6406  4.46447  2.14395  1.6406  4.46447  |||| 14889.9 |||| 14889.9 
1.1706  2.65002  5.29865  1.1706  2.65002  5.29865  |||| 93.4514 |||| 93.4514 
1.52509  2.60316  5.44779  1.52509  2.60316  5.44779  |||| 112.706 |||| 112.706 
1.50873  1.20439  6.07347  1.50873  1.20439  6.07347  |||| 34.297 |||| 34.297 
1.52076  3.03741  5.15715  1.52076  3.03741  5.15715  |||| 135.326 |||| 135.326 
1.08892  2.40927  6.0041  1.08892  2.40927  6.0041  |||| 30.1608 |||| 30.1608 
0.739007  2.59687  5.42919  0.739007  2.59687  5.42919  |||| 39.0308 |||| 39.0308 
2.05908  2.86035  3.73515  2.05908  2.86035  3.73515  |||| 62.9681 |||| 62.9681 
2.32421  2.04013  3.7592  2.32421  2.04013  3.7592  |||| 104.451 |||| 104.451 
1.15626  1.67328  5.89038  1.15626  1.67328  5.89038  |||| 23.7006 |||| 23.7006 
1.481  2.43715  5.20969  1.481  2.43715  5.20969  |||| 33.3931 |||| 33.3931 
2.01179  2.75296  4.47538  2.01179  2.75296  4.47538  |||| 31.2879 |||| 31.2879 
1.55911  3.1256  3.71189  1.55911  3.1256  3.71189  |||| 27.3846 |||| 27.3846 
0.654963  2.9893  5.30266  0.654963  2.9893  5.30266  |||| 19.3122 |||| 19.3122 
1.69493  3.88324  2.41843  1.69493  3.88324  2.41843  |||| 14.584 |||| 14.584 
2.07348  3.41144  2.35106  2.07348  3.41144  2.35106  |||| 107.124 |||| 107.124 
1.51703  2.46155  5.66626  1.51703  2.46155  5.66626  |||| 297.979 |||| 297.979 
0.972847  1.47253  6.18184  0.972847  1.47253  6.18184  |||| 19.3418 |||| 19.3418 
1.7387  2.78102  4.64167  1.7387  2.78102  4.64167  |||| 22.5825 |||| 22.5825 
1.57266  1.24214  5.77818  1.57266  1.24214  5.77818  |||| 11.238 |||| 11.238 
1.47476  2.85899  4.66755  1.47476  2.85899  4.66755  |||| 38.8771 |||| 38.8771 
1.91683  2.47932  4.66097  1.91683  2.47932  4.66097  |||| 10.4822 |||| 10.4822 
2.26392  2.17594  4.68979  2.26392  2.17594  4.68979  |||| 14.3565 |||| 14.3565 
0.682639  2.3085  5.77559  0.682639  2.3085  5.77559  |||| 32.9037 |||| 32.9037 
2.50309  2.53495  3.62239  2.50309  2.53495  3.62239  |||| 36.374 |||| 36.374 
1.08509  3.30075  4.45852  1.08509  3.30075  4.45852  |||| 12.1366 |||| 12.1366 
1.58602  1.661  5.95977  1.58602  1.661  5.95977  |||| 22.785 |||| 22.785 
2.05384  2.7509  3.83775  2.05384  2.7509  3.83775  |||| 23.6084 |||| 23.6084 
2.06926  2.59942  4.2477  2.06926  2.59942  4.2477  |||| 19.7792 |||| 19.7792 
1.56713  1.75873  5.79552  1.56713  1.75873  5.79552  |||| 9.88609 |||| 9.88609 
1.90684  3.00777  4.62509  1.90684  3.00777  4.62509  |||| 10.3718 |||| 10.3718 
1.00123  2.90296  4.45157  1.00123  2.90296  4.45157  |||| 118.707 |||| 118.707 
1.81336  2.77209  4.1679  1.81336  2.77209  4.1679  |||| 249.769 |||| 249.769 
0.709871  1.68409  6.28878  0.709871  1.68409  6.28878  |||| 14.5574 |||| 14.5574 
0.946791  3.86695  3.13254  0.946791  3.86695  3.13254  |||| 7.61431 |||| 7.61431 
2.0961  2.16624  4.37971  2.0961  2.16624  4.37971  |||| 9.61105 |||| 9.61105 
0.760034  1.62723  6.26061  0.760034  1.62723  6.26061  |||| 50.7409 |||| 50.7409 
1.77013  2.96227  3.81171  1.77013  2.96227  3.81171  |||| 9.70492 |||| 9.70492 
1.43714  3.92417  3.08069  1.43714  3.92417  3.08069  |||| 8.18529 |||| 8.18529 
1.11153  1.89638  5.83077  1.11153  1.89638  5.83077  |||| 15.5796 |||| 15.5796 
1.76934  2.92834  4.12971  1.76934  2.92834  4.12971  |||| 43.8431 |||| 43.8431 
2.46512  3.0436  1.9641  2.46512  3.0436  1.9641  |||| 8.14663 |||| 8.14663 
1.40072  2.18591  5.19451  1.40072  2.18591  5.19451  |||| 15.1454 |||| 15.1454 
2.42875  1.29759  4.47554  2.42875  1.29759  4.47554  |||| 5.24673 |||| 5.24673 
1.51815  2.33486  4.93061  1.51815  2.33486  4.93061  |||| 21.9566 |||| 21.9566 
1.00255  1.41283  6.3153  1.00255  1.41283  6.3153  |||| 9.17888 |||| 9.17888 
2.0065  3.30942  3.42601  2.0065  3.30942  3.42601  |||| 6.63891 |||| 6.63891 
2.22703  1.59573  4.68738  2.22703  1.59573  4.68738  |||| 23.8144 |||| 23.8144 
1.41967  2.48336  5.35571  1.41967  2.48336  5.35571  |||| 104.011 |||| 104.011 
1.24591  2.27353  5.92416  1.24591  2.27353  5.92416  |||| 10.2928 |||| 10.2928 
0.969093  0.822832  6.72935  0.969093  0.822832  6.72935  |||| 22.5647 |||| 22.5647 
1.0214  2.90388  4.95732  1.0214  2.90388  4.95732  |||| 14.199 |||| 14.199 
1.42972  2.37335  5.42624  1.42972  2.37335  5.42624  |||| 27.8059 |||| 27.8059 
1.64922  2.90222  4.32842  1.64922  2.90222  4.32842  |||| 8.61394 |||| 8.61394 
2.35159  3.02913  3.65713  2.35159  3.02913  3.65713  |||| 6.593 |||| 6.593 
2.21471  1.47732  5.22289  2.21471  1.47732  5.22289  |||| 11.1764 |||| 11.1764 
1.66671  2.42719  5.28583  1.66671  2.42719  5.28583  |||| 40.3937 |||| 40.3937 
2.10456  1.72663  4.96261  2.10456  1.72663  4.96261  |||| 6.49071 |||| 6.49071 
1.85162  1.17768  5.68611  1.85162  1.17768  5.68611  |||| 13.5247 |||| 13.5247 
1.83023  2.82452  5.17283  1.83023  2.82452  5.17283  |||| 18.3291 |||| 18.3291 
1.40363  2.38055  4.9115  1.40363  2.38055  4.9115  |||| 16.1665 |||| 16.1665 
0.773216  0.84045  6.60792  0.773216  0.84045  6.60792  |||| 8.04168 |||| 8.04168 
2.4242  1.91672  3.03294  2.4242  1.91672  3.03294  |||| 8.68355 |||| 8.68355 
0.860991  2.03331  5.90895  0.860991  2.03331  5.90895  |||| 96.5122 |||| 96.5122 
2.34888  1.14632  4.92006  2.34888  1.14632  4.92006  |||| 470.825 |||| 470.825 
1.61487  2.91381  4.75026  1.61487  2.91381  4.75026  |||| 6.77703 |||| 6.77703 
1.55458  1.78053  5.96955  1.55458  1.78053  5.96955  |||| 19.0017 |||| 19.0017 
1.28409  3.33176  3.68886  1.28409  3.33176  3.68886  |||| 12.5115 |||| 12.5115 
1.6216  3.95237  3.56991  1.6216  3.95237  3.56991  |||| 14.676 |||| 14.676 
1.49883  4.03222  2.80045  1.49883  4.03222  2.80045  |||| 10.401 |||| 10.401 
0.827681  1.08038  6.22763  0.827681  1.08038  6.22763  |||| 13.2198 |||| 13.2198 
0.984241  1.79868  6.22806  0.984241  1.79868  6.22806  |||| 9.76768 |||| 9.76768 
2.05842  2.1377  4.43387  2.05842  2.1377  4.43387  |||| 41.2466 |||| 41.2466 
1.48753  3.48188  4.43102  1.48753  3.48188  4.43102  |||| 7.15799 |||| 7.15799 
1.91034  1.65462  5.90877  1.91034  1.65462  5.90877  |||| 14.2198 |||| 14.2198 
1.51866  2.79087  4.72581  1.51866  2.79087  4.72581  |||| 12.4975 |||| 12.4975 
1.79191  2.22606  5.39031  1.79191  2.22606  5.39031  |||| 20.0007 |||| 20.0007 
2.06378  1.7322  5.16805  2.06378  1.7322  5.16805  |||| 12.5861 |||| 12.5861 
1.82582  3.0677  3.09774  1.82582  3.0677  3.09774  |||| 11.0303 |||| 11.0303 
2.26336  1.38018  5.14873  2.26336  1.38018  5.14873  |||| 16.0198 |||| 16.0198 
1.51839  3.43775  4.01202  1.51839  3.43775  4.01202  |||| 58.4802 |||| 58.4802 
1.37123  1.55272  5.82345  1.37123  1.55272  5.82345  |||| 8.04673 |||| 8.04673 
0.746018  2.014  6.06371  0.746018  2.014  6.06371  |||| 15.5485 |||| 15.5485 
2.00088  3.23188  4.13016  2.00088  3.23188  4.13016  |||| 17.3073 |||| 17.3073 
1.98756  2.4254  4.50752  1.98756  2.4254  4.50752  |||| 18.4587 |||| 18.4587 
1.43223  2.70381  4.24048  1.43223  2.70381  4.24048  |||| 11.6612 |||| 11.6612 
1.20676  2.28522  5.60003  1.20676  2.28522  5.60003  |||| 9.40491 |||| 9.40491 
2.26302  3.1749  1.94394  2.26302  3.1749  1.94394  |||| 28.9831 |||| 28.9831 
1.9333  2.40697  4.0978  1.9333  2.40697  4.0978  |||| 25.4494 |||| 25.4494 
1.50548  3.99733  2.44399  1.50548  3.99733  2.44399  |||| 18.9767 |||| 18.9767 
1.89322  2.58951  5.08556  1.89322  2.58951  5.08556  |||| 31.398 |||| 31.398 
1.96872  2.31698  4.45057  1.96872  2.31698  4.45057  |||| 38.5422 |||| 38.5422 
2.489  2.29594  3.75655  2.489  2.29594  3.75655  |||| 63.761 |||| 63.761 
1.58551  2.86463  4.63826  1.58551  2.86463  4.63826  |||| 39.6461 |||| 39.6461 
1.7615  2.73451  5.07296  1.7615  2.73451  5.07296  |||| 60.7754 |||| 60.7754 
1.8002  2.32621  4.95268  1.8002  2.32621  4.95268  |||| 88.2945 |||| 88.2945 
2.04611  3.45871  2.97236  2.04611  3.45871  2.97236  |||| 179.224 |||| 179.224 
1.09307  1.67822  6.06245  1.09307  1.67822  6.06245  |||| 169.766 |||| 169.766 
2.20024  0.200236  0.200236  2.09336  1.56447  0.211282  |||| 1976.59 |||| 15586 
0.00472022  4.00291  0.00291534  1.70978  3.12114  0.443077  |||| 8.53215 |||| 17059.2 
0.00587474  0.00587474  6.00587  1.09395  0.207331  5.58554  |||| 20.0773 |||| 10900.9 
2.20023  0.200234  0.200234  2.20977  0.210083  0.232402  |||| 5.50609 |||| 6.40221 
2.19925  0.317839  0.200115  2.25414  0.371335  0.296134  |||| 6.35408 |||| 9.44263 
2.19789  0.200126  0.48398  2.21994  0.317791  1.12777  |||| 4.83994 |||| 9.34508 
2.11046  1.3279  0.192698  2.1809  0.839079  0.206096  |||| 8.00709 |||| 8.57134 
2.19922  0.228199  0.378813  2.19178  0.208755  0.988904  |||| 2.79801 |||| 7.32692 
2.197  0.421596  0.258141  2.19803  0.466325  0.316213  |||| 2.87858 |||| 3.51237 
2.19592  0.200123  0.589087  2.14399  1.14632  0.426586  |||| 6.00313 |||| 35.2447 
2.00777  1.63503  0.150592  2.1954  0.48686  0.708127  |||| 8.51692 |||| 40.5979 
2.1948  0.407503  0.514097  2.19112  0.208848  1.00606  |||| 3.11222 |||| 6.02651 
2.18503  0.686778  0.30064  2.19362  0.508952  0.385146  |||| 3.17468 |||| 3.91187 
2.18762  0.200435  0.872246  2.06459  1.35804  0.797449  |||| 3.25453 |||| 21.9189 
2.16683  0.928867  0.200284  2.19667  0.414036  0.486654  |||| 3.29922 |||| 7.49809 
2.18679  0.373726  0.841486  2.19939  0.370992  0.262404  |||| 3.40538 |||| 3.42503 
2.17859  0.730136  0.568776  2.18505  0.203944  1.01988  |||| 3.46904 |||| 6.23288 
2.02831  0.158018  2.28359  1.72914  2.31948  2.19956  |||| 6.29613 |||| 95.744 
1.48106  3.00841  0.105232  1.76309  2.67141  0.352383  |||| 8.21775 |||| 28.0027 
2.17267  0.71864  0.806882  2.30054  0.657605  0.989929  |||| 3.69117 |||| 4.50628 
2.13837  1.13343  0.437113  2.15745  1.06805  0.973294  |||| 3.71057 |||| 8.12581 
2.16393  0.367233  1.30735  1.87084  1.77674  2.15149  |||| 3.83477 |||| 18.537 
2.07831  1.42855  0.258136  1.64464  2.842  0.341818  |||| 3.76063 |||| 7.49687 
2.15603  0.623298  1.20066  2.07868  0.777646  1.65388  |||| 3.98341 |||| 5.4735 
2.11135  1.11198  0.757727  1.90753  2.10993  0.679432  |||| 3.98238 |||| 7.52696 
2.12019  0.196214  1.83476  2.1662  0.849231  0.981871  |||| 4.21552 |||| 18.6782 
1.98623  1.74444  0.151632  2.10944  1.31725  0.545752  |||| 3.90388 |||| 11.7712 
2.09839  0.852449  1.2574  2.15616  0.456928  1.40512  |||| 4.2107 |||| 4.70021 
2.04074  1.41227  0.730966  2.16574  1.02623  0.282256  |||| 4.18014 |||| 4.43667 
2.08467  0.3613  1.92474  2.14033  1.41788  2.06016  |||| 4.35935 |||| 17.2893 
1.98155  1.7631  0.454713  1.68027  2.57646  1.12365  |||| 4.2299 |||| 9.62513 
2.06121  0.68535  1.74752  2.14672  0.609633  1.9171  |||| 4.49247 |||| 4.91412 
2.03455  1.32875  1.17141  1.85551  1.86531  1.88969  |||| 4.52747 |||| 7.30018 
1.64555  0.137618  4.07909  1.52667  0.566117  4.38481  |||| 7.51822 |||| 31.9715 
0.817638  3.75368  0.0554953  1.18416  3.50572  0.11953  |||| 6.68108 |||| 13.1348 
2.02107  1.33196  1.39111  1.92664  1.7345  1.62398  |||| 4.78959 |||| 6.16541 
1.91791  2.00318  0.709313  1.99499  1.68281  1.21468  |||| 4.64205 |||| 7.76488 
2.01015  0.695162  2.2621  1.99976  0.708601  2.53921  |||| 4.97072 |||| 5.55544 
1.81372  2.38777  0.304764  2.12651  1.36968  0.221122  |||| 4.58154 |||| 5.37326 
1.99277  1.13773  2.02067  2.12095  1.25728  1.94377  |||| 5.14491 |||| 5.6766 
1.91606  1.92111  1.22602  1.69599  2.54061  1.47677  |||| 5.05564 |||| 6.68987 
1.92983  0.359842  2.92425  1.73198  1.46621  3.0945  |||| 5.20706 |||| 21.1929 
1.67635  2.7235  0.228831  1.81991  2.2741  1.13074  |||| 4.62184 |||| 22.6292 
1.93209  1.49479  2.0413  1.6311  1.56964  3.43757  |||| 5.46191 |||| 9.19521 
1.78715  2.27717  1.08055  1.90864  1.53277  2.47866  |||| 5.16829 |||| 11.5368 
1.89178  0.627895  3.0528  1.98872  0.332969  2.69036  |||| 5.58431 |||| 5.87104 
1.64227  2.65025  0.671733  1.99991  1.97758  0.851394  |||| 4.95985 |||| 6.24012 
1.86543  1.166  2.74333  1.77237  1.7986  2.39805  |||| 5.76948 |||| 8.91554 
1.76266  2.09225  1.73687  1.5146  2.87988  1.77979  |||| 5.58837 |||| 7.67326 
1.75325  0.183033  3.7559  1.78424  0.19721  3.78386  |||| 5.68755 |||| 5.8954 
1.40973  3.13454  0.104234  1.10363  3.65116  0.196124  |||| 4.69081 |||| 5.90048 
1.75052  1.90486  2.28323  1.7236  1.13942  3.49534  |||| 5.96346 |||| 9.03225 
1.56868  2.75451  1.15881  1.36032  3.24042  0.516753  |||| 5.47824 |||| 6.43968 
1.7151  0.895815  3.52269  1.39613  0.434826  4.84045  |||| 6.14532 |||| 8.41405 
1.40815  3.12647  0.585011  0.885623  3.67529  1.83192  |||| 5.17512 |||| 14.6071 
1.6826  1.53753  3.14598  2.55028  0.975051  0.745679  |||| 6.35943 |||| 9.63413 
1.55868  2.59997  1.88328  1.41386  2.71604  2.49615  |||| 6.04192 |||| 7.95882 
1.54905  0.319007  4.26327  1.36746  1.28838  4.47265  |||| 6.1701 |||| 21.9006 
1.23415  3.40834  0.400475  1.23755  3.41363  0.312345  |||| 5.05077 |||| 5.06471 
1.57055  1.98773  3.08341  1.95665  1.13407  2.50246  |||| 6.64773 |||| 8.24656 
1.39313  2.98699  1.67435  1.13179  3.41883  1.63327  |||| 6.04403 |||| 6.91955 
1.47921  0.68518  4.40631  1.50005  1.75525  3.72517  |||| 6.60374 |||| 16.0188 
1.20652  3.36023  1.02867  2.0504  2.03878  0.491112  |||| 5.59397 |||| 9.43972 
1.43325  1.43736  3.9645  1.94897  1.51711  2.0296  |||| 6.83118 |||| 9.25157 
1.33289  2.69577  2.53119  0.0858763  3.84312  2.03116  |||| 6.55616 |||| 9.34616 
0.930523  0.0927572  5.541  1.89806  0.807823  3.20082  |||| 7.00925 |||| 63.94 
0.00512979  4.00273  0.00273258  0.246583  4.00692  0.776776  |||| 4.97879 |||| 122.479 
1.24746  2.72457  2.79038  1.75351  1.93078  2.51284  |||| 6.77387 |||| 9.4803 
1.01914  3.47799  1.20506  1.02514  3.66276  1.29782  |||| 5.6955 |||| 6.11384 
1.23155  1.40594  4.47859  1.46974  1.80271  3.54602  |||| 7.13725 |||| 8.96046 
0.852214  3.70869  0.560719  0.471285  3.95938  0.773177  |||| 5.11863 |||| 6.95545 
1.15432  2.24266  3.86287  0.657332  2.32452  4.65856  |||| 7.25915 |||| 8.75542 
0.983346  3.34494  2.03364  1.35995  3.17229  2.2384  |||| 6.39148 |||| 8.83213 
1.02555  0.698884  5.22241  0.915921  1.7814  5.56006  |||| 6.93664 |||| 17.772 
0.684488  3.84641  0.272453  0.663558  3.93981  0.186688  |||| 4.81185 |||| 4.92859 
0.958287  2.64446  3.50909  2.14436  1.92287  2.24819  |||| 7.11181 |||| 15.8012 
0.792214  3.60679  1.68788  1.05633  3.54269  1.74482  |||| 6.08658 |||| 8.12576 
0.890009  1.12834  5.15703  0.613999  2.13671  4.90583  |||| 7.16986 |||| 13.5313 
0.635312  3.84203  0.931981  1.01291  3.56868  0.650042  |||| 5.40358 |||| 8.56876 
0.839963  2.00577  4.63008  0.904759  2.04798  4.76351  |||| 7.49415 |||| 8.04835 
0.700245  3.32956  2.67011  1.146  2.80547  3.43457  |||| 6.70358 |||| 10.7597 
0.682834  0.169038  5.75936  0.705069  1.0994  5.75216  |||| 6.76949 |||| 22.2275 
0.431451  3.98008  0.110302  0.444638  4.18851  0.272763  |||| 4.56833 |||| 7.64023 
0.633979  3.0259  3.52869  1.43793  2.86881  2.47852  |||| 7.19211 |||| 16.1106 
0.481908  3.7552  1.52009  0.495712  2.88785  4.38948  |||| 5.75345 |||| 16.5567 
0.579026  1.42908  5.43189  1.01547  2.53542  4.26167  |||| 7.46093 |||| 13.0083 
0.283757  3.93608  0.771344  0.363394  3.57062  3.06851  |||| 5.06738 |||| 20.1417 
0.486649  2.38613  4.71419  1.89869  1.75687  2.91618  |||| 7.60183 |||| 28.4276 
0.387933  3.57393  2.5231  0.325168  2.87445  4.30176  |||| 6.48608 |||| 11.0592 
0.383365  0.186792  5.90348  1.53332  2.00259  3.48166  |||| 6.83629 |||| 27.4718 
0.154662  3.98153  0.443268  0.435857  3.98195  0.897602  |||| 4.65911 |||| 9.27863 
0.309358  2.8362  4.28129  1.34742  2.48838  3.75154  |||| 7.44642 |||| 29.9775 
0.241261  3.76834  2.0394  0.197037  3.68476  2.66363  |||| 6.04057 |||| 7.87998 
0.244352  1.01625  5.88778  1.85321  1.76349  3.74544  |||| 7.15495 |||| 54.255 
0.1417  3.93163  1.14804  0.176319  3.50768  3.09274  |||| 5.22605 |||| 14.0433 
0.145659  2.00445  5.32942  0.74816  1.93097  4.86888  |||| 7.50778 |||| 31.7108 
0.118654  3.45388  3.13265  0.067235  3.30316  3.59424  |||| 6.7094 |||| 7.67638 
0.0822299  0.0148463  6.00269  0.0968779  0.0968779  6.09688  |||| 6.22485 |||| 7.17084 
0.0050525  4.00257  0.00257631  0.374542  3.98227  0.630031  |||| 4.12464 |||| 47.7545 
0.0239126  3.62133  2.64723  0.383168  2.5502  4.88103  |||| 7.76764 |||| 146.979 
