1.00491  1.41156  0.991023  1.00491  1.41156  0.991023  |||| 14114.3 |||| 14114.3 
0.568513  0.802456  1.7182  0.568513  0.802456  1.7182  |||| 16956.4 |||| 16956.4 
1.27089  0.676073  0.815426  1.27089  0.676073  0.815426  |||| 12706.7 |||| 12706.7 
1.5097  0.747575  1.34191  1.5097  0.747575  1.34191  |||| 36.7527 |||| 36.7527 
1.16477  1.01687  1.30815  1.16477  1.01687  1.30815  |||| 41.3523 |||| 41.3523 
1.66451  0.445296  0.259774  1.66451  0.445296  0.259774  |||| 11.0915 |||| 11.0915 
1.41676  1.05905  0.903706  1.41676  1.05905  0.903706  |||| 37.1098 |||| 37.1098 
0.733229  0.207095  1.37874  0.733229  0.207095  1.37874  |||| 10.0743 |||| 10.0743 
1.26399  0.104246  1.24769  1.26399  0.104246  1.24769  |||| 13.72 |||| 13.72 
0.702141  1.7149  0.203986  0.702141  1.7149  0.203986  |||| 52.9936 |||| 52.9936 
0.365393  1.26759  1.09748  0.365393  1.26759  1.09748  |||| 61.8512 |||| 61.8512 
1.47435  1.48078  0.491379  1.47435  1.48078  0.491379  |||| 11.4326 |||| 11.4326 
0.491603  1.35831  1.67231  0.491603  1.35831  1.67231  |||| 16.8691 |||| 16.8691 
0.186825  0.188909  1.69545  0.186825  0.188909  1.69545  |||| 6.25799 |||| 6.25799 
0.250453  0.18451  1.87666  0.250453  0.18451  1.87666  |||| 28.719 |||| 28.719 
0.424267  0.701267  2.15087  0.424267  0.701267  2.15087  |||| 8.62369 |||| 8.62369 
0.578318  0.818523  1.47937  0.578318  0.818523  1.47937  |||| 8.92571 |||| 8.92571 
1.52087  0.386384  0.48396  1.52087  0.386384  0.48396  |||| 15.984 |||| 15.984 
0.199959  0.286591  1.85185  0.199959  0.286591  1.85185  |||| 146.438 |||| 146.438 
1.30648  0.117229  1.35099  1.30648  0.117229  1.35099  |||| 6.06294 |||| 6.06294 
1.75659  0.805313  0.448816  1.75659  0.805313  0.448816  |||| 3.56813 |||| 3.56813 
1.04528  0.894798  0.801042  1.04528  0.894798  0.801042  |||| 9.36505 |||| 9.36505 
0.335255  0.178265  1.83566  0.335255  0.178265  1.83566  |||| 25.8803 |||| 25.8803 
0.672493  0.750255  1.63412  0.672493  0.750255  1.63412  |||| 5.34176 |||| 5.34176 
0.617715  0.520604  1.49332  0.617715  0.520604  1.49332  |||| 7.6898 |||| 7.6898 
0.241535  1.58149  1.06006  0.241535  1.58149  1.06006  |||| 35.0229 |||| 35.0229 
1.31022  0.877504  0.692052  1.31022  0.877504  0.692052  |||| 14.5085 |||| 14.5085 
1.06187  1.1428  0.0225637  1.06187  1.1428  0.0225637  |||| 5.59665 |||| 5.59665 
1.01287  1.38318  0.767527  1.01287  1.38318  0.767527  |||| 4.22677 |||| 4.22677 
0.75691  0.387889  1.50234  0.75691  0.387889  1.50234  |||| 4.74782 |||| 4.74782 
1.21894  0.853751  0.825789  1.21894  0.853751  0.825789  |||| 6.89617 |||| 6.89617 
1.27793  1.17617  0.217115  1.27793  1.17617  0.217115  |||| 7.71415 |||| 7.71415 
0.12296  0.216796  2.20587  0.12296  0.216796  2.20587  |||| 8.44595 |||| 8.44595 
0.0680956  0.0996688  1.60524  0.0680956  0.0996688  1.60524  |||| 5.6799 |||| 5.6799 
0.937681  0.363657  1.60539  0.937681  0.363657  1.60539  |||| 177.764 |||| 177.764 
0.541806  0.346301  1.65419  0.541806  0.346301  1.65419  |||| 5.46678 |||| 5.46678 
0.678201  0.835512  1.60288  0.678201  0.835512  1.60288  |||| 10.1237 |||| 10.1237 
1.23924  1.1019  0.354984  1.23924  1.1019  0.354984  |||| 7.8823 |||| 7.8823 
0.282687  0.417864  1.73681  0.282687  0.417864  1.73681  |||| 20.1503 |||| 20.1503 
0.851866  1.34547  0.988304  0.851866  1.34547  0.988304  |||| 6.10268 |||| 6.10268 
0.000942467  1.89692  0.217406  0.000942467  1.89692  0.217406  |||| 5.00615 |||| 5.00615 
1.44788  0.467645  1.07567  1.44788  0.467645  1.07567  |||| 6.78461 |||| 6.78461 
1.25619  1.32906  0.194259  1.25619  1.32906  0.194259  |||| 3.47083 |||| 3.47083 
0.325846  0.985194  1.51611  0.325846  0.985194  1.51611  |||| 3.99812 |||| 3.99812 
0.805514  0.0767954  1.35021  0.805514  0.0767954  1.35021  |||| 6.1859 |||| 6.1859 
0.913109  0.69661  1.323  0.913109  0.69661  1.323  |||| 6.12185 |||| 6.12185 
1.55421  0.550631  1.47475  1.55421  0.550631  1.47475  |||| 10.6758 |||| 10.6758 
0.476387  1.40683  0.729601  0.476387  1.40683  0.729601  |||| 6.99573 |||| 6.99573 
0.0845121  0.637676  1.57063  0.0845121  0.637676  1.57063  |||| 4.98829 |||| 4.98829 
1.27438  0.506426  1.12553  1.27438  0.506426  1.12553  |||| 15.5997 |||| 15.5997 
0.909378  0.985817  1.58916  0.909378  0.985817  1.58916  |||| 47.7591 |||| 47.7591 
0.0970736  0.0457108  1.88965  0.0970736  0.0457108  1.88965  |||| 4.82826 |||| 4.82826 
1.24798  0.522907  1.2375  1.24798  0.522907  1.2375  |||| 5.72882 |||| 5.72882 
0.0152795  0.0259673  1.8594  0.0152795  0.0259673  1.8594  |||| 3.19462 |||| 3.19462 
0.0329503  2.05375  0.0276977  0.0329503  2.05375  0.0276977  |||| 3.40333 |||| 3.40333 
0.661025  0.957376  0.95348  0.661025  0.957376  0.95348  |||| 3.96539 |||| 3.96539 
0.53922  0.0755582  2.09759  0.53922  0.0755582  2.09759  |||| 6.62291 |||| 6.62291 
0.947118  0.980518  1.04442  0.947118  0.980518  1.04442  |||| 16.7414 |||| 16.7414 
0.000219629  0.000138731  1.97152  0.000219629  0.000138731  1.97152  |||| 23.5572 |||| 23.5572 
0.36467  1.23479  0.655176  0.36467  1.23479  0.655176  |||| 4.14138 |||| 4.14138 
0.0137725  0.0143077  1.79692  0.0137725  0.0143077  1.79692  |||| 6.41277 |||| 6.41277 
0.392177  1.34588  0.377486  0.392177  1.34588  0.377486  |||| 12.3228 |||| 12.3228 
0.496352  0.195387  1.5414  0.496352  0.195387  1.5414  |||| 8.27423 |||| 8.27423 
0.365258  0.316746  1.7016  0.365258  0.316746  1.7016  |||| 2.89502 |||| 2.89502 
0.646271  0.284242  1.38913  0.646271  0.284242  1.38913  |||| 3.54322 |||| 3.54322 
1.8152  0.880001  0.29303  1.8152  0.880001  0.29303  |||| 70.1521 |||| 70.1521 
0.0459006  1.72833  0.166737  0.0459006  1.72833  0.166737  |||| 22.8084 |||| 22.8084 
0.564679  1.29413  0.724213  0.564679  1.29413  0.724213  |||| 3.22409 |||| 3.22409 
1.35792  0.711756  1.37015  1.35792  0.711756  1.37015  |||| 7.61647 |||| 7.61647 
0.268271  0.201041  1.86248  0.268271  0.201041  1.86248  |||| 2.93231 |||| 2.93231 
1.49284  0.641147  1.06817  1.49284  0.641147  1.06817  |||| 9.4376 |||| 9.4376 
0.0823132  0.826123  1.3639  0.0823132  0.826123  1.3639  |||| 2.67686 |||| 2.67686 
0.650503  0.516483  1.66936  0.650503  0.516483  1.66936  |||| 5.08215 |||| 5.08215 
1.22898  0.363444  1.47557  1.22898  0.363444  1.47557  |||| 8.33219 |||| 8.33219 
1.70652  0.0514849  0.0323963  1.70652  0.0514849  0.0323963  |||| 12.0632 |||| 12.0632 
0.409745  1.66882  0.810008  0.409745  1.66882  0.810008  |||| 4.49198 |||| 4.49198 
0.550984  0.648652  1.64893  0.550984  0.648652  1.64893  |||| 5.83294 |||| 5.83294 
0.0891854  0.0453255  1.86658  0.0891854  0.0453255  1.86658  |||| 2.56503 |||| 2.56503 
0.0192031  0.203329  2.00223  0.0192031  0.203329  2.00223  |||| 11.4888 |||| 11.4888 
1.23218  1.37727  0.743563  1.23218  1.37727  0.743563  |||| 11.006 |||| 11.006 
0.832635  1.77121  0.331481  0.832635  1.77121  0.331481  |||| 7.84195 |||| 7.84195 
0.999692  1.52918  0.527014  0.999692  1.52918  0.527014  |||| 31.0801 |||| 31.0801 
1.07812  1.59633  0.106598  1.07812  1.59633  0.106598  |||| 11.3835 |||| 11.3835 
1.71744  0.628206  0.528515  1.71744  0.628206  0.528515  |||| 19.2918 |||| 19.2918 
0.403357  1.83648  0.679448  0.403357  1.83648  0.679448  |||| 4.83539 |||| 4.83539 
1.40161  0.918335  0.104124  1.40161  0.918335  0.104124  |||| 18.0206 |||| 18.0206 
0.0281179  1.60509  0.408777  0.0281179  1.60509  0.408777  |||| 2.53724 |||| 2.53724 
1.54915  0.402706  0.415432  1.54915  0.402706  0.415432  |||| 23.2383 |||| 23.2383 
1.92609  0.72597  0.275557  1.92609  0.72597  0.275557  |||| 31.4953 |||| 31.4953 
1.45245  0.0692563  0.989572  1.45245  0.0692563  0.989572  |||| 26.0848 |||| 26.0848 
1.59241  0.232256  0.835612  1.59241  0.232256  0.835612  |||| 31.6976 |||| 31.6976 
0.818107  0.378313  1.67844  0.818107  0.378313  1.67844  |||| 18.2488 |||| 18.2488 
0.0472859  0.094552  1.20362  0.0472859  0.094552  1.20362  |||| 3.49737 |||| 3.49737 
0.0801819  0.487284  1.65467  0.0801819  0.487284  1.65467  |||| 3.39763 |||| 3.39763 
1.97654  0.302123  0.225777  1.97654  0.302123  0.225777  |||| 68.7077 |||| 68.7077 
0.387855  1.39734  1.29415  0.387855  1.39734  1.29415  |||| 16.5153 |||| 16.5153 
0.184334  0.0338433  2.0306  0.184334  0.0338433  2.0306  |||| 10.1123 |||| 10.1123 
1.81459  0.135024  0.512752  1.81459  0.135024  0.512752  |||| 139.882 |||| 139.882 
1.17084  1.63804  1.35408  1.17084  1.63804  1.35408  |||| 150.813 |||| 150.813 
0.265273  1.04325  1.23622  0.265273  1.04325  1.23622  |||| 102.708 |||| 102.708 
1  9.77011e-05  0  0.838096  0.546971  0  |||| 1 |||| 5469.71 
9.58843e-05  1  3.10913e-05  0.0506333  0.998717  0  |||| 1 |||| 506.333 
8.45323e-05  8.55973e-05  1  0.0463772  0.137887  0.989465  |||| 1 |||| 1378.87 
0.998509  0.0386133  0.0385768  0.997917  0.0385904  0.0516916  |||| 1.07574 |||| 1.43996 
0.99376  0.10584  0.0351848  0.999439  0  0.049225  |||| 1.13489 |||| 1.58338 
0.988772  0.0472352  0.141769  0.901683  0.0430748  0.430251  |||| 1.17787 |||| 3.57336 
0.979189  0.200915  0.0286577  0.97897  0.000508424  0.204004  |||| 1.20881 |||| 8.59172 
0.98057  0.100935  0.168208  0.913315  0.13293  0.385065  |||| 1.24975 |||| 2.86045 
0.975037  0.190464  0.114129  0.977163  0.111351  0.182256  |||| 1.27979 |||| 2.04106 
0.95552  0.0417169  0.291962  0.887446  0.459948  0.030057  |||| 1.28926 |||| 14.2144 
0.940338  0.339499  0.0224663  0.921435  0.390452  0.00985121  |||| 1.30252 |||| 1.49779 
0.957953  0.176169  0.226473  0.832909  0.50587  0.226584  |||| 1.36077 |||| 3.90603 
0.945658  0.296107  0.134355  0.816777  0.577807  0  |||| 1.37641 |||| 2.68555 
0.925638  0.0849595  0.368749  0.971265  0.203036  0.124183  |||| 1.37951 |||| 3.29126 
0.916026  0.390853  0.0901742  0.919773  0.392452  0  |||| 1.3971 |||| 1.40281 
0.92102  0.161177  0.354603  0.210945  0.529231  0.821837  |||| 1.43682 |||| 4.71766 
0.920655  0.30815  0.239662  0.965739  0.19846  0.167216  |||| 1.46849 |||| 1.54041 
0.860424  0.0331893  0.508497  0.533193  0.416369  0.736885  |||| 1.40287 |||| 17.2306 
0.840211  0.541979  0.0174278  0.850798  0.438034  0.29029  |||| 1.39975 |||| 23.2383 
0.895438  0.294443  0.333906  0.949898  0.312351  0.0113874  |||| 1.52398 |||| 1.61667 
0.868814  0.461094  0.180428  0.75587  0.401153  0.517434  |||| 1.51035 |||| 4.3314 
0.846523  0.14355  0.512633  0.942127  0  0.335424  |||| 1.50284 |||| 1.67256 
0.820214  0.562493  0.104169  0.784684  0.61684  0.061478  |||| 1.48692 |||| 1.63052 
0.845979  0.247412  0.472342  0.895607  0.261926  0.364018  |||| 1.56581 |||| 1.65767 
0.842278  0.444909  0.304343  0.803793  0.556577  0.218754  |||| 1.5916 |||| 1.99107 
0.763255  0.0662853  0.642689  0.66913  0.373138  0.642697  |||| 1.47247 |||| 8.26405 
0.749563  0.658444  0.0678723  0.566178  0.785861  0.283118  |||| 1.47612 |||| 6.13549 
0.808893  0.331976  0.485268  0.767176  0.419856  0.485371  |||| 1.62623 |||| 2.05641 
0.788722  0.544557  0.285265  0.828894  0.553362  0.0900134  |||| 1.61864 |||| 1.70108 
0.7288  0.124663  0.673282  0.758068  0.12967  0.639426  |||| 1.52686 |||| 1.58818 
0.734491  0.653497  0.182933  0.460965  0.802319  0.382423  |||| 1.57099 |||| 3.28334 
0.738387  0.245564  0.628079  0.133983  0.702587  0.69927  |||| 1.61236 |||| 4.60861 
0.754042  0.492533  0.434548  0.592112  0.386762  0.706978  |||| 1.68117 |||| 2.73489 
0.628559  0.0228034  0.777428  0.917536  0.0489006  0.394634  |||| 1.43115 |||| 2.79062 
0.608424  0.793513  0.0125309  0.561085  0.731773  0.3869  |||| 1.41457 |||| 43.4519 
0.716994  0.477271  0.508067  0.879965  0.336346  0.336701  |||| 1.70241 |||| 2.08936 
0.668373  0.699477  0.253002  0.301491  0.94982  0.0839427  |||| 1.62098 |||| 2.20083 
0.645547  0.22345  0.730301  0.445359  0.289296  0.847459  |||| 1.59942 |||| 2.0697 
0.599896  0.789583  0.129164  0.390886  0.818876  0.429222  |||| 1.51875 |||| 5.04535 
0.65116  0.371187  0.661975  0.695233  0.608588  0.382525  |||| 1.68452 |||| 2.76068 
0.643396  0.64451  0.413097  0.461097  0.882215  0.0953253  |||| 1.70107 |||| 2.32841 
0.547616  0.101592  0.830539  0.492353  0.262174  0.8318  |||| 1.4802 |||| 3.80476 
0.522563  0.849555  0.0719949  0.557925  0.830039  0.0721911  |||| 1.44413 |||| 1.54181 
0.607683  0.468082  0.641577  0.387856  0.376562  0.841331  |||| 1.71745 |||| 2.25218 
0.577433  0.733647  0.358237  0.201684  0.97718  0.0687074  |||| 1.6694 |||| 2.22356 
0.516946  0.173947  0.838158  0.615588  0.322858  0.719528  |||| 1.52909 |||| 2.83787 
0.514404  0.831098  0.211342  0.431965  0.891685  0.135965  |||| 1.55741 |||| 1.67094 
0.529539  0.329765  0.781565  0.580564  0.36154  0.729547  |||| 1.64111 |||| 1.7992 
0.543712  0.646279  0.535444  0.66698  0.65998  0.351989  |||| 1.72549 |||| 2.11664 
0.422007  0.0444359  0.905503  0.159402  0.971123  0.179648  |||| 1.37214 |||| 29.9221 
0.410018  0.910977  0.044794  0.551363  0.830029  0.0839721  |||| 1.36583 |||| 2.55996 
0.503805  0.550956  0.665303  0.577403  0.189377  0.79487  |||| 1.72047 |||| 2.05553 
0.464  0.816081  0.344552  0.363717  0.925435  0.106204  |||| 1.62474 |||| 1.84245 
0.424704  0.2236  0.877285  0.451816  0.259995  0.853384  |||| 1.52578 |||| 1.77395 
0.402899  0.896154  0.185958  0.288358  0.95796  0  |||| 1.48514 |||| 1.58757 
0.432947  0.395443  0.810051  0.124821  0.113443  0.985673  |||| 1.63881 |||| 1.99411 
0.435671  0.727055  0.530643  0.383395  0.846111  0.376725  |||| 1.69367 |||| 1.97067 
0.339496  0.0789156  0.937291  0.158481  0.207364  0.965742  |||| 1.35641 |||| 3.54103 
0.337745  0.934222  0.114705  0.993881  0  0.114761  |||| 1.38674 |||| 4.08024 
0.393998  0.495889  0.773861  0.616171  0.351324  0.704914  |||| 1.66395 |||| 2.60208 
0.376776  0.807885  0.453169  0.0495566  0.703436  0.709029  |||| 1.63794 |||| 2.56252 
0.313592  0.153337  0.937095  0.37434  0.183041  0.909046  |||| 1.40414 |||| 1.67608 
0.326719  0.903724  0.276654  0.165793  0.98624  0  |||| 1.50714 |||| 1.64473 
0.322654  0.321889  0.890102  0.091438  0.416737  0.908361  |||| 1.53472 |||| 1.98656 
0.340027  0.685408  0.643892  0.25031  0.504562  0.826303  |||| 1.66947 |||| 2.14242 
0.241969  0.0148985  0.97017  0.496783  0.0366252  0.867211  |||| 1.22782 |||| 2.92016 
0.23134  0.972843  0.00764341  5.61273e-17  0.916628  0.406197  |||| 1.21185 |||| 64.2607 
0.304799  0.66287  0.683887  0.374993  0.654134  0.656879  |||| 1.6516 |||| 2.03187 
0.265909  0.910619  0.31633  0.431137  0.845031  0.316334  |||| 1.49315 |||| 2.4186 
0.252324  0.294516  0.921733  0.301193  0.351556  0.886393  |||| 1.46899 |||| 1.75314 
0.220873  0.964062  0.147646  0.423886  0.108281  0.899471  |||| 1.33268 |||| 8.11863 
0.251132  0.485657  0.837299  0.346226  0.49093  0.79945  |||| 1.57451 |||| 2.16863 
0.242235  0.8245  0.511391  0.481244  0.654329  0.583316  |||| 1.57822 |||| 3.13432 
0.190223  0.129096  0.973216  0.146078  0.989273  0  |||| 1.2931 |||| 9.90208 
0.173885  0.981964  0.0742368  0.174218  0.983843  0.0412538  |||| 1.23024 |||| 1.2326 
0.214  0.587619  0.780325  0.321602  0.536343  0.780325  |||| 1.58263 |||| 2.37408 
0.194216  0.887352  0.418193  0.397971  0.91454  0.0723549  |||| 1.49984 |||| 3.07261 
0.165338  0.210881  0.963427  0.84191  0  0.541495  |||| 1.34013 |||| 6.81047 
0.159113  0.959453  0.232665  0.161813  0.975734  0.147509  |||| 1.35148 |||| 1.37441 
0.163701  0.395891  0.903589  0.398799  0.158066  0.904814  |||| 1.46334 |||| 3.56277 
0.164554  0.769191  0.617468  0.15455  0.722427  0.675331  |||| 1.55139 |||| 1.69663 
0.117032  0.0572233  0.991478  0.0182762  0.250843  0.967855  |||| 1.16589 |||| 5.09876 
0.108078  0.993328  0.0402246  0.108193  0.994383  0.0402673  |||| 1.14183 |||| 1.14304 
0.136379  0.643809  0.752935  0.136383  0.643827  0.752956  |||| 1.53323 |||| 1.53327 
0.117445  0.919945  0.374044  0.36735  0.6875  0.626417  |||| 1.41168 |||| 4.40613 
0.102687  0.256886  0.960971  0.370584  0.129169  0.91984  |||| 1.32056 |||| 4.76537 
0.0908193  0.977243  0.191698  0.316065  0.946043  0.0809532  |||| 1.26 |||| 4.37802 
0.0954479  0.449285  0.888275  0.00605327  0.0284935  1.00062  |||| 1.43316 |||| 1.61443 
0.0903893  0.813318  0.574755  0.115531  0.719611  0.684699  |||| 1.4785 |||| 1.88936 
0.0639165  0.0931422  0.993599  2.97496e-17  0.485848  0.874043  |||| 1.1511 |||| 5.9868 
0.0583548  0.99198  0.112115  6.12323e-17  1  0  |||| 1.16251 |||| 1.17191 
0.0648392  0.550967  0.832004  0.20925  0.544144  0.812744  |||| 1.44797 |||| 4.66879 
0.0555694  0.877765  0.475858  0.0722646  0.876746  0.475964  |||| 1.40924 |||| 1.83238 
0.0407623  0.171312  0.984373  0.153282  0.0868336  0.984791  |||| 1.19675 |||| 4.49692 
0.036012  0.959049  0.280943  0.124602  0.958007  0.26356  |||| 1.27675 |||| 4.33184 
0.0305675  0.352061  0.935478  0.0306207  0.352673  0.937104  |||| 1.31849 |||| 1.32078 
0.0234185  0.739223  0.673054  0.200875  0.800374  0.564845  |||| 1.4385 |||| 11.0328 
0.0133876  0.0237451  0.999628  0.205561  0.523074  0.827155  |||| 1.03707 |||| 22.6111 
0.00785028  0.99969  0.0236407  0.00785818  1.0007  0.0236645  |||| 1.03169 |||| 1.03273 
4.12227e-17  0.673218  0.739444  0.109884  0.454164  0.884116  |||| 1.41632 |||| 42.58 
