34.9406  26.3174  45.5765  34.9406  26.3174  45.5765  |||| 430106 |||| 430106 
69.1976  42.782  113.576  69.1976  42.782  113.576  |||| 1.11011e+06 |||| 1.11011e+06 
14.0309  19.2913  140.7  14.0309  19.2913  140.7  |||| 191311 |||| 191311 
65.7049  406  27.348  65.7049  406  27.348  |||| 11305.4 |||| 11305.4 
78.741  27.2297  27.109  78.741  27.2297  27.109  |||| 789.458 |||| 789.458 
4.09915  1.72375  161.895  4.09915  1.72375  161.895  |||| 1323.27 |||| 1323.27 
0.176775  0.160147  368.5  0.176775  0.160147  368.5  |||| 15411.5 |||| 15411.5 
76.5918  7.5016  89.6541  76.5918  7.5016  89.6541  |||| 646.932 |||| 646.932 
43.2435  17.8135  266.221  43.2435  17.8135  266.221  |||| 2952.63 |||| 2952.63 
64.1916  5.04618  147.107  64.1916  5.04618  147.107  |||| 638.134 |||| 638.134 
157.807  11.67  20.0593  157.807  11.67  20.0593  |||| 1006.58 |||| 1006.58 
17.1495  9.72495  114.276  17.1495  9.72495  114.276  |||| 670.882 |||| 670.882 
73.2113  77.9215  62.6607  73.2113  77.9215  62.6607  |||| 614.484 |||| 614.484 
97.1704  13.3885  107.01  97.1704  13.3885  107.01  |||| 390.707 |||| 390.707 
153.096  83.9526  89.7299  153.096  83.9526  89.7299  |||| 1350.12 |||| 1350.12 
57.227  25.2479  226.409  57.227  25.2479  226.409  |||| 906.988 |||| 906.988 
87.456  127.776  6.74266  87.456  127.776  6.74266  |||| 608.14 |||| 608.14 
99.6424  39.9207  197.098  99.6424  39.9207  197.098  |||| 1645.41 |||| 1645.41 
39.7899  6.80736  278.524  39.7899  6.80736  278.524  |||| 22091 |||| 22091 
78.0283  19.9101  119.996  78.0283  19.9101  119.996  |||| 535.95 |||| 535.95 
9.03148  134.39  75.3242  9.03148  134.39  75.3242  |||| 609.054 |||| 609.054 
30.0903  26.0075  98.0414  30.0903  26.0075  98.0414  |||| 279.835 |||| 279.835 
19.4737  49.2189  70.6524  19.4737  49.2189  70.6524  |||| 971.871 |||| 971.871 
11.74  86.2533  64.9829  11.74  86.2533  64.9829  |||| 544.797 |||| 544.797 
181.469  12.7609  2.56597  181.469  12.7609  2.56597  |||| 342.576 |||| 342.576 
42.9161  24.2006  121.376  42.9161  24.2006  121.376  |||| 532.433 |||| 532.433 
23.9515  3.84161  153.222  23.9515  3.84161  153.222  |||| 3264.88 |||| 3264.88 
302.076  59.8929  68.8035  302.076  59.8929  68.8035  |||| 606.919 |||| 606.919 
33.7506  102.095  103.085  33.7506  102.095  103.085  |||| 570.327 |||| 570.327 
37.3131  149.027  36.4719  37.3131  149.027  36.4719  |||| 1822.81 |||| 1822.81 
23.8497  116.602  37.4859  23.8497  116.602  37.4859  |||| 299.809 |||| 299.809 
45.9303  12.3653  230.847  45.9303  12.3653  230.847  |||| 585.944 |||| 585.944 
76.9227  235.49  13.5798  76.9227  235.49  13.5798  |||| 803.253 |||| 803.253 
15.3022  0.182874  378.95  15.3022  0.182874  378.95  |||| 692.877 |||| 692.877 
38.3895  48.6107  217.895  38.3895  48.6107  217.895  |||| 24183.2 |||| 24183.2 
67.7363  81.4282  252.461  67.7363  81.4282  252.461  |||| 837.274 |||| 837.274 
62.868  252.202  73.2641  62.868  252.202  73.2641  |||| 584.007 |||| 584.007 
1.36972  57.2964  164.999  1.36972  57.2964  164.999  |||| 408.767 |||| 408.767 
66.4045  103.091  204.919  66.4045  103.091  204.919  |||| 2378.59 |||| 2378.59 
30.4425  6.97154  110.876  30.4425  6.97154  110.876  |||| 275.615 |||| 275.615 
71.2042  107.48  259.458  71.2042  107.48  259.458  |||| 1057.7 |||| 1057.7 
329.391  22.5038  49.5883  329.391  22.5038  49.5883  |||| 889.781 |||| 889.781 
126.424  10.5052  206.473  126.424  10.5052  206.473  |||| 4090.07 |||| 4090.07 
38.3538  155.122  151.343  38.3538  155.122  151.343  |||| 568.458 |||| 568.458 
61.3779  71.8997  249.208  61.3779  71.8997  249.208  |||| 1149.18 |||| 1149.18 
11.733  137.768  40.6183  11.733  137.768  40.6183  |||| 1209.54 |||| 1209.54 
30.2259  24.0276  95.6368  30.2259  24.0276  95.6368  |||| 684.214 |||| 684.214 
44.0073  167.117  47.0944  44.0073  167.117  47.0944  |||| 830.304 |||| 830.304 
106.084  5.29115  47.0302  106.084  5.29115  47.0302  |||| 336.093 |||| 336.093 
31.4271  86.8899  42.9215  31.4271  86.8899  42.9215  |||| 2672.31 |||| 2672.31 
36.9733  71.6295  139.763  36.9733  71.6295  139.763  |||| 4182.57 |||| 4182.57 
19.2396  3.27522  203.789  19.2396  3.27522  203.789  |||| 520.361 |||| 520.361 
20.4074  99.0897  135.324  20.4074  99.0897  135.324  |||| 625.995 |||| 625.995 
51.5541  94.7075  171.154  51.5541  94.7075  171.154  |||| 645.097 |||| 645.097 
2.83128  87.684  201.586  2.83128  87.684  201.586  |||| 1589.16 |||| 1589.16 
85.2852  14.4654  109.943  85.2852  14.4654  109.943  |||| 322 |||| 322 
143.703  171.847  8.27205  143.703  171.847  8.27205  |||| 557.736 |||| 557.736 
140.525  18.3241  75.7875  140.525  18.3241  75.7875  |||| 560.428 |||| 560.428 
92.2107  25.0589  206.361  92.2107  25.0589  206.361  |||| 2463.29 |||| 2463.29 
84.9976  18.1321  285.573  84.9976  18.1321  285.573  |||| 608.52 |||| 608.52 
1.72147  22.3137  208.317  1.72147  22.3137  208.317  |||| 743.611 |||| 743.611 
67.0144  137.508  109.281  67.0144  137.508  109.281  |||| 1257.67 |||| 1257.67 
188.989  89.159  106.292  188.989  89.159  106.292  |||| 870.905 |||| 870.905 
107.236  24.1539  8.69854  107.236  24.1539  8.69854  |||| 509.209 |||| 509.209 
145.69  135.854  135.031  145.69  135.854  135.031  |||| 714.189 |||| 714.189 
275.506  3.42369  16.6476  275.506  3.42369  16.6476  |||| 1395.5 |||| 1395.5 
32.687  242.825  29.6412  32.687  242.825  29.6412  |||| 4283.32 |||| 4283.32 
85.6717  243.585  19.6122  85.6717  243.585  19.6122  |||| 606.514 |||| 606.514 
150.239  44.5761  212.712  150.239  44.5761  212.712  |||| 991.935 |||| 991.935 
16.9598  194.549  145.885  16.9598  194.549  145.885  |||| 969.38 |||| 969.38 
113.751  148.471  6.66019  113.751  148.471  6.66019  |||| 684.974 |||| 684.974 
24.0875  16.6083  251.22  24.0875  16.6083  251.22  |||| 467.585 |||| 467.585 
2.12957  2.01055  336.406  2.12957  2.01055  336.406  |||| 1030.25 |||| 1030.25 
122.467  76.9684  104.813  122.467  76.9684  104.813  |||| 829.241 |||| 829.241 
23.0443  33.1664  115.286  23.0443  33.1664  115.286  |||| 1867.25 |||| 1867.25 
43.5725  120.384  45.5701  43.5725  120.384  45.5701  |||| 323.635 |||| 323.635 
106.216  34.9493  169.364  106.216  34.9493  169.364  |||| 818.696 |||| 818.696 
65.7338  13.1393  128.604  65.7338  13.1393  128.604  |||| 530.311 |||| 530.311 
49.5697  32.2706  213.544  49.5697  32.2706  213.544  |||| 1224.39 |||| 1224.39 
7.92726  156.62  167.676  7.92726  156.62  167.676  |||| 578.234 |||| 578.234 
151.673  42.8761  116.639  151.673  42.8761  116.639  |||| 1427.2 |||| 1427.2 
93.3396  26.1015  173.282  93.3396  26.1015  173.282  |||| 927.907 |||| 927.907 
95.4038  32.0324  134.544  95.4038  32.0324  134.544  |||| 3732.03 |||| 3732.03 
43.2113  134.838  21.5588  43.2113  134.838  21.5588  |||| 483.462 |||| 483.462 
95.9583  37.3333  130.818  95.9583  37.3333  130.818  |||| 1148.84 |||| 1148.84 
27.803  32.433  243.206  27.803  32.433  243.206  |||| 355.248 |||| 355.248 
30.1958  13.812  114.769  30.1958  13.812  114.769  |||| 737.122 |||| 737.122 
23.6206  11.3246  388.472  23.6206  11.3246  388.472  |||| 622.631 |||| 622.631 
30.8559  14.1334  55.7869  30.8559  14.1334  55.7869  |||| 501.72 |||| 501.72 
2.07391  7.90668  216.338  2.07391  7.90668  216.338  |||| 247.658 |||| 247.658 
2.69002  19.5143  358.508  2.69002  19.5143  358.508  |||| 3690 |||| 3690 
13.9533  165.732  149.18  13.9533  165.732  149.18  |||| 435.052 |||| 435.052 
185.183  54.4247  47.4777  185.183  54.4247  47.4777  |||| 4691.13 |||| 4691.13 
53.1758  57.3261  48.351  53.1758  57.3261  48.351  |||| 1554.86 |||| 1554.86 
90.4057  27.6573  159.438  90.4057  27.6573  159.438  |||| 3136.85 |||| 3136.85 
73.6627  14.4177  90.636  73.6627  14.4177  90.636  |||| 3130.89 |||| 3130.89 
96.5241  35.8586  305.547  96.5241  35.8586  305.547  |||| 5291.77 |||| 5291.77 
129.978  124.413  44.1191  129.978  124.413  44.1191  |||| 10007.3 |||| 10007.3 
106.192  121.425  161.833  106.192  121.425  161.833  |||| 13658 |||| 13658 
97.0533  122.995  27.0369  97.0533  122.995  27.0369  |||| 37539.6 |||| 37539.6 
0.499918  3.91559e-05  4.29986e-05  1.09877  0.0957821  0.000102737  |||| 0.499918 |||| 957.821 
4.98514e-05  0.499915  3.55357e-05  0.0329994  0.38073  0.086271  |||| 0.499915 |||| 862.71 
3.47044e-05  4.98881e-05  0.499915  0  0  12.869  |||| 0.499915 |||| 12.869 
0.464134  0.01794  0.017926  4.7074  0.197342  0.182383  |||| 0.500035 |||| 5.49732 
0.437821  0.0466388  0.0155403  38.995  4.15394  21.3339  |||| 0.500064 |||| 686.233 
0.419756  0.0200437  0.0602  12.3141  1.80729  6.41481  |||| 0.500031 |||| 53.277 
0.405042  0.0830965  0.0118612  11.2845  3.54876  4.20303  |||| 0.500024 |||| 177.013 
0.392348  0.0403541  0.0672979  0.413972  0.0187298  0.0672979  |||| 0.500053 |||| 0.527613 
0.380957  0.0743997  0.044643  85.0734  19.9961  10.2526  |||| 0.500023 |||| 134.36 
0.370585  0.016163  0.113252  116.787  5.09362  5.13977  |||| 0.500023 |||| 157.578 
0.360967  0.130346  0.0086871  63.8808  25.7994  1.58567  |||| 0.500014 |||| 98.9679 
0.352031  0.0647585  0.0832106  0.3746  0.0421898  0.0832106  |||| 0.50006 |||| 0.532118 
0.343566  0.107529  0.0489045  3.12913  0.946497  0.676247  |||| 0.500061 |||| 6.9148 
0.335506  0.0308424  0.133651  38.0197  0.605877  27.5114  |||| 0.500017 |||| 102.915 
0.327857  0.139862  0.0322819  0.3129  0.133481  0.0536189  |||| 0.500028 |||| 0.830527 
0.320509  0.0560908  0.123401  1.19626  0.501382  0.0542243  |||| 0.500006 |||| 4.4694 
0.313479  0.10491  0.0816115  1.32353  0.640201  0.982383  |||| 0.500025 |||| 6.01895 
0.306736  0.0120202  0.181243  16.4579  7.31773  9.13856  |||| 0.500085 |||| 302.83 
0.300141  0.19363  0.0062295  3.98447  2.13627  0.321805  |||| 0.500019 |||| 25.7611 
0.293797  0.0966462  0.109557  0.351193  0.0392494  0.109557  |||| 0.500025 |||| 0.597711 
0.287657  0.152633  0.0597105  0.258622  0.187877  0.0535016  |||| 0.500056 |||| 0.615407 
0.28167  0.0477099  0.17062  0.221136  0.0890105  0.189853  |||| 0.50008 |||| 0.931737 
0.275849  0.18915  0.0350001  0.178883  0.264882  0.0562346  |||| 0.500058 |||| 0.802697 
0.270187  0.0789423  0.150871  0.656975  0.153741  0.617564  |||| 0.500086 |||| 2.04702 
0.264615  0.139752  0.0956333  1.55635  2.31716  0.707431  |||| 0.500025 |||| 8.2893 
0.259234  0.0225681  0.218198  0.170449  0.172553  0.156998  |||| 0.500085 |||| 3.82161 
0.253867  0.223061  0.0230725  17.2654  28.4162  4.39349  |||| 0.500065 |||| 95.2117 
0.248729  0.102085  0.149186  0.240326  0.110488  0.149186  |||| 0.50003 |||| 0.54116 
0.243636  0.168232  0.0881313  80.4793  6.49366  20.3374  |||| 0.500039 |||| 165.162 
0.238651  0.0408351  0.220514  0.255872  0.0129562  0.231172  |||| 0.500019 |||| 0.536061 
0.233782  0.208003  0.0582144  0.264588  0.235412  0  |||| 0.500034 |||| 0.565924 
0.228978  0.0762291  0.194793  15.8128  20.2621  16.0646  |||| 0.500024 |||| 132.909 
0.224264  0.146482  0.129254  0.151763  0.175636  0.172601  |||| 0.500009 |||| 0.667694 
0.219638  0.00871138  0.27165  21.8215  14.9717  43.7701  |||| 0.500074 |||| 854.39 
0.21508  0.280469  0.00445028  0.0834406  0.416559  0  |||| 0.500026 |||| 0.742586 
0.210579  0.14019  0.149231  0.242732  0.161596  0.0956724  |||| 0.500011 |||| 0.576358 
0.20616  0.215806  0.0780346  0.0965998  0.386377  0.0170236  |||| 0.500044 |||| 0.895275 
0.201803  0.0698895  0.228308  19.0358  0.216848  13.1032  |||| 0.500013 |||| 47.1629 
0.197555  0.259935  0.0425099  0.204011  0.26843  0.0275584  |||| 0.500091 |||| 0.516435 
0.19329  0.110219  0.196491  0.178957  0.102046  0.218997  |||| 0.500008 |||| 0.55728 
0.189147  0.189392  0.121462  0.174788  0.203751  0.121462  |||| 0.500091 |||| 0.537755 
0.185011  0.0344513  0.280537  1.16643  1.50296  2.34953  |||| 0.500039 |||| 21.8115 
0.180936  0.294148  0.0249154  0.344896  0.456213  0.276362  |||| 0.500014 |||| 5.54339 
0.176913  0.13631  0.186777  25.1089  32.9535  34.6229  |||| 0.500038 |||| 120.886 
0.172924  0.219772  0.107304  31.343  34.6736  16.7105  |||| 0.500088 |||| 90.6105 
0.169051  0.0568395  0.27411  0.192182  0.0119617  0.295857  |||| 0.500058 |||| 0.568459 
0.165102  0.266866  0.068032  26.6235  43.0337  10.9705  |||| 0.500139 |||| 80.6502 
0.161304  0.100493  0.238203  4.27365  1.36354  2.27339  |||| 0.500174 |||| 13.2442 
0.157554  0.187275  0.155171  0.841673  1.66724  0.425556  |||| 0.500003 |||| 4.45133 
0.153828  0.016172  0.33  0.145845  0.0829568  0.271198  |||| 0.500061 |||| 2.55606 
0.15012  0.333481  0.0163989  0.131335  0.352266  0.0163989  |||| 0.500032 |||| 0.528154 
0.146443  0.160192  0.193364  4.87085  2.16101  11.5309  |||| 0.500038 |||| 29.8187 
0.142835  0.251147  0.106017  0.449325  0.581478  0.451493  |||| 0.500051 |||| 2.12893 
0.139228  0.0732578  0.287515  0.169689  0.0948103  0.235501  |||| 0.500046 |||| 0.646891 
0.135674  0.301711  0.0626151  6.51212  14.5563  4.11165  |||| 0.500008 |||| 32.8312 
0.132153  0.120688  0.247159  0.150797  0.0649818  0.284221  |||| 0.500028 |||| 0.575007 
0.12863  0.214701  0.156669  0.114614  0.161995  0.223391  |||| 0.50006 |||| 0.713002 
0.125209  0.0292359  0.345555  0.034747  0.00945243  0.455801  |||| 0.500073 |||| 0.659615 
0.121762  0.336881  0.0413572  13.5605  37.5182  4.43371  |||| 0.500058 |||| 55.6911 
0.11836  0.149068  0.232572  0.114957  0.182315  0.202729  |||| 0.500074 |||| 0.611538 
0.115088  0.246606  0.138306  2.68036  8.83446  4.6734  |||| 0.500216 |||| 17.9113 
0.111656  0.0545909  0.333753  1.84506  2.506  56.6978  |||| 0.500093 |||| 84.9555 
0.108404  0.299837  0.0917593  0.23945  0.256099  0.00445069  |||| 0.50003 |||| 1.10447 
0.105095  0.104898  0.290008  34.7335  7.12484  57.808  |||| 0.500042 |||| 165.204 
0.101828  0.205301  0.192871  0.0954115  0.192364  0.212224  |||| 0.500074 |||| 0.550251 
0.0986458  0.00624291  0.395111  1.36989  1.80796  10.7664  |||| 0.50004 |||| 144.151 
0.0954668  0.401412  0.00312087  0.196748  0.61574  0.0686513  |||| 0.500083 |||| 10.8607 
0.0922236  0.200698  0.207078  27.1874  31.6315  41.5814  |||| 0.500076 |||| 147.312 
0.0891256  0.304966  0.105909  6.61397  24.6372  10.4716  |||| 0.500037 |||| 49.4283 
0.0860116  0.100232  0.313757  0.0381538  0.147143  0.314703  |||| 0.500042 |||| 0.733776 
0.082902  0.361711  0.0553867  0.024064  0.420549  0.0553867  |||| 0.500015 |||| 0.58135 
0.0798142  0.154298  0.265888  0.0455529  0.141117  0.31333  |||| 0.500049 |||| 0.589206 
0.0767577  0.261202  0.16204  0.163356  0.182313  0.154331  |||| 0.500069 |||| 1.06393 
0.0737332  0.0499182  0.376349  0.06727  0.0414248  0.391305  |||| 0.50005 |||| 0.519923 
0.0706837  0.399156  0.0301601  0.126446  0.319584  0.0539705  |||| 0.500079 |||| 0.89404 
0.0677287  0.185739  0.246532  0.764482  2.73096  3.39979  |||| 0.500008 |||| 7.35158 
0.0647715  0.295884  0.139344  0.068564  0.38518  0.0462561  |||| 0.500098 |||| 0.651023 
0.0618011  0.0787449  0.359454  0.14916  0.00954045  0.341299  |||| 0.50005 |||| 1.2066 
0.0588806  0.354984  0.0861355  0.0289929  0.339021  0.147214  |||| 0.500027 |||| 0.854343 
0.0559338  0.13531  0.308756  10.7258  25.3542  35.7492  |||| 0.50007 |||| 95.8219 
0.0530203  0.247917  0.199063  0.733094  1.15338  1.30436  |||| 0.500104 |||| 6.90627 
0.0501488  0.0245894  0.425262  0.499052  0.0259176  0.573545  |||| 0.500072 |||| 4.97059 
0.0473472  0.434999  0.0176533  0  0.5  0  |||| 0.50003 |||| 0.574748 
0.0444714  0.20996  0.245569  9.5849  37.9891  15.1926  |||| 0.50006 |||| 107.68 
0.0416555  0.325849  0.132495  13.0509  44.742  1.13122  |||| 0.500052 |||| 156.537 
0.0388851  0.0972198  0.363895  0.0855875  0.171644  0.242769  |||| 0.500062 |||| 1.10058 
0.0360259  0.387852  0.0761222  0.0397151  0.1989  0.261385  |||| 0.500087 |||| 1.71718 
0.0333265  0.156763  0.30991  7.45354  32.9655  46.8954  |||| 0.500017 |||| 111.824 
0.030572  0.275028  0.1944  0.0134738  0.242696  0.24383  |||| 0.500073 |||| 0.627227 
0.0277025  0.0404892  0.431808  0.0805267  0.0679028  0.351571  |||| 0.500257 |||| 1.44641 
0.0251178  0.426647  0.0482349  2.01751  32.2112  64.3091  |||| 0.50005 |||| 666.685 
0.0223948  0.190294  0.287312  2.02208  17.182  13.6238  |||| 0.500019 |||| 45.147 
0.019698  0.31146  0.168842  4.31452  6.96379  6.29279  |||| 0.500044 |||| 109.401 
0.0169952  0.0716185  0.411386  15.0159  17.2085  13.9229  |||| 0.500144 |||| 440.528 
0.0143449  0.375592  0.110063  0.0450753  0.344861  0.110063  |||| 0.500184 |||| 1.56706 
0.0116777  0.133443  0.35488  8.23482  3.16683  3.70067  |||| 0.500176 |||| 350.846 
0.00910143  0.256958  0.233941  0.00421948  0.0901173  0.405663  |||| 0.500008 |||| 0.867013 
0.00624599  0.01157  0.482184  0.172262  0.0316952  0.296043  |||| 0.500245 |||| 13.2808 
0.00386508  0.48451  0.0116245  12.0387  19.5849  2.6556  |||| 0.50002 |||| 1550.96 
0.00127256  0.237659  0.261069  0.0535847  0.289598  0.156817  |||| 0.500049 |||| 20.764 
