0.859401 0.708949 3.32296
0.708949 0.859401 3.32296
0.000338012 0.000322467 5.99934
0.859401 0.708949 3.32296
0.859401 0.774811 2.87228
0.859401 0.251412 3.8802
0.859401 0.804162 2.72888
0.859401 0.657088 3.70915
0.859401 0.744947 3.06098
0.859401 0.188554 3.93389
0.859401 0.821615 2.66878
0.859401 0.686079 3.49611
0.859401 0.760288 2.95959
0.859401 0.251412 3.8802
0.859401 0.789154 2.79612
0.859401 0.251412 3.8802
0.859401 0.728123 3.18033
0.859401 0.100696 4.12446
0.859401 0.833063 2.64088
0.859401 0.69809 3.40518
0.859401 0.767613 2.91438
0.859401 0.251412 3.8802
0.859401 0.796502 2.76151
0.859401 0.638861 3.83365
0.859401 0.736768 3.11811
0.859401 0.145364 4.0192
0.859401 0.812376 2.69805
0.859401 0.672574 3.597
0.859401 0.752758 3.00831
0.859401 0.235183 3.88399
0.859401 0.781962 2.83296
0.859401 0.251412 3.8802
0.859401 0.718899 3.24833
0.859401 0.0521373 4.23027
0.838276 0.859401 2.63136
0.859401 0.703647 3.36305
0.780566 0.816865 2.90952
0.859401 0.251412 3.8802
0.791554 0.859401 2.78447
0.859401 0.64838 3.76982
0.775775 0.777115 3.11215
0.859401 0.166915 3.97317
0.805152 0.859401 2.72493
0.859401 0.679539 3.54523
0.742919 0.859401 3.07496
0.819154 0.251412 3.94219
0.765187 0.859401 2.9291
0.857969 0.251412 3.88028
0.711153 0.845286 3.31412
0.794779 0.0838289 4.31896
0.811077 0.859401 2.70263
0.710873 0.777455 3.55188
0.731339 0.859401 3.15699
0.765345 0.251412 4.19432
0.759507 0.859401 2.96454
0.743726 0.679054 4.00423
0.691411 0.859401 3.4558
0.719777 0.16762 4.59956
0.774001 0.859401 2.8769
0.644943 0.811685 3.87965
0.692585 0.859401 3.44692
0.69544 0.251412 4.69146
0.722 0.859401 3.22532
0.679603 0.677866 4.48846
0.640077 0.859401 3.82566
0.665943 0.0419331 5.28052
0.832718 0.859401 2.64158
0.251412 0.859401 3.8802
0.693702 0.859401 3.43845
0.251412 0.686222 4.76122
0.738292 0.859401 3.10733
0.251412 0.803324 3.99846
0.251412 0.859401 3.8802
0.251412 0.251412 5.14639
0.763444 0.859401 2.93983
0.251412 0.859401 3.8802
0.251412 0.859401 3.8802
0.251412 0.251412 5.14639
0.672442 0.859401 3.59798
0.251412 0.746387 4.3173
0.251412 0.859401 3.8802
0.251412 0.153501 5.26737
0.769773 0.859401 2.9015
0.230633 0.859401 3.8864
0.251412 0.859401 3.8802
0.251412 0.648051 5.03826
0.251412 0.859401 3.8802
0.167157 0.786387 4.16864
0.204076 0.859401 3.91141
0.169074 0.246379 5.23546
0.63801 0.859401 3.83922
0.115132 0.859401 4.09006
0.160305 0.859401 3.98668
0.113764 0.251412 5.35952
0.175502 0.859401 3.95661
0.0656829 0.751006 4.60915
0.0621243 0.859401 4.21055
0.0429163 0.0766004 5.81297
0.251412 0.859401 3.8802
0.00832402 0.859401 4.29803
