1 3.00285e-253 3.46173e-05
9.44773e-05 1 2.27247e-05
9.92664e-05 9.87751e-05 1
0.998512 0.0385778 0.0385399
0.993763 0.105824 0.0351728
0.98877 0.0471818 0.1418
0.979209 0.200815 0.0286995
0.980589 0.100934 0.168098
0.975038 0.190463 0.114124
0.955523 0.041668 0.291958
0.940332 0.339535 0.0221935
0.957947 0.176164 0.226503
0.945681 0.295926 0.134597
0.925639 0.0850476 0.368727
0.916114 0.39065 0.090159
0.92104 0.161163 0.354559
0.9207 0.308084 0.239575
0.860415 0.0337512 0.508474
0.840179 0.542034 0.0172524
0.895509 0.294571 0.333605
0.868844 0.461069 0.180351
0.846472 0.14356 0.512714
0.820189 0.562532 0.104149
0.845952 0.247423 0.472385
0.842416 0.444693 0.304274
0.763319 0.0652466 0.642718
0.749579 0.6584 0.0681161
0.808901 0.331987 0.485246
0.788738 0.544559 0.285215
0.728798 0.124262 0.673359
0.734544 0.653513 0.182661
0.738339 0.245736 0.628067
0.754091 0.49249 0.434512
0.628612 0.0223697 0.777398
0.608453 0.793491 0.0125568
0.717021 0.477204 0.508091
0.668236 0.699617 0.252973
0.645633 0.223495 0.730211
0.59992 0.789586 0.129039
0.651159 0.371311 0.661906
0.643307 0.644558 0.41316
0.547655 0.101352 0.830543
0.522446 0.849629 0.0719819
0.607712 0.467937 0.641656
0.577475 0.73362 0.358223
0.516916 0.173818 0.838203
0.514383 0.830989 0.211819
0.529482 0.329966 0.781519
0.543757 0.64625 0.535433
0.422099 0.0434321 0.905509
0.41002 0.910977 0.0447612
0.503745 0.551136 0.665199
0.464072 0.816072 0.344478
0.424841 0.223617 0.877215
0.402932 0.89615 0.185906
0.43308 0.39552 0.809942
0.435846 0.726986 0.530594
0.33963 0.0794162 0.9372
0.337784 0.934222 0.114591
0.393947 0.496057 0.773778
0.376843 0.807926 0.453041
0.313689 0.153282 0.937072
0.326705 0.903779 0.27649
0.322574 0.321917 0.890121
0.340133 0.685435 0.643808
0.242131 0.0120824 0.970168
0.231339 0.972844 0.00760601
0.304317 0.662923 0.68405
0.266118 0.910609 0.316185
0.252472 0.294504 0.921697
0.220955 0.964048 0.147617
0.251331 0.485764 0.837178
0.242124 0.824502 0.511441
0.190673 0.128602 0.973193
0.173952 0.981956 0.0741865
0.214274 0.587701 0.780188
0.194016 0.887418 0.418147
0.165625 0.210737 0.96341
0.158968 0.959458 0.232743
0.163795 0.395927 0.903556
0.164298 0.769161 0.617574
0.116919 0.0572871 0.991488
0.108109 0.99332 0.0403349
0.135713 0.643838 0.75303
0.117618 0.919968 0.373932
0.102639 0.256817 0.960994
0.0909571 0.977213 0.191787
0.0953344 0.449299 0.88828
0.0904097 0.813378 0.574667
0.0639047 0.0932757 0.993587
0.058324 0.99198 0.112132
0.0619243 0.551129 0.832119
0.0553963 0.877842 0.475737
0.0399243 0.171476 0.984379
0.036711 0.959034 0.280903
0.0287983 0.352034 0.935544
0.0260991 0.739211 0.672968
0.0130768 0.0238316 0.99963
0.00800624 0.99968 0.0239911
2.34056e-05 0.673217 0.739445
