2.20002 0.201864 0.200025
0.0194732 4.01315 0.0131803
0.0175338 0.0175337 6.01753
2.20002 0.201863 0.200024
2.20002 0.202385 0.200024
2.19726 0.200026 0.515512
2.11486 1.30605 0.193742
2.1991 0.207383 0.381727
2.19643 0.439601 0.228685
2.19726 0.200027 0.515513
1.98806 1.72857 0.15032
2.19526 0.393594 0.504517
2.1849 0.689293 0.298651
2.18746 0.212489 0.87105
2.16766 0.92138 0.200411
2.18634 0.389851 0.84003
2.17806 0.734596 0.567816
2.0373 0.165035 2.2609
1.54882 2.862 0.101457
2.17221 0.712628 0.80494
2.13572 1.13591 0.448233
2.16283 0.375566 1.30589
2.07605 1.42633 0.265823
2.15294 0.638923 1.20162
2.10789 1.11783 0.764035
2.1258 0.196891 1.78242
1.98504 1.74561 0.150865
2.09053 0.866257 1.24784
2.03991 1.41455 0.708403
2.08073 0.366628 1.91436
1.97929 1.75837 0.468923
2.06407 0.661847 1.74335
2.03404 1.33241 1.16824
1.66748 0.145251 4.03655
0.872452 3.72668 0.0661493
2.01495 1.34212 1.40947
1.91709 2.00605 0.593402
2.00887 0.705845 2.23076
1.81039 2.37841 0.306534
1.99187 1.13428 2.01556
1.91076 1.90813 1.22348
1.92958 0.278773 2.90726
1.6727 2.70893 0.224337
1.9363 1.48953 2.02047
1.78739 2.2658 1.10546
1.89979 0.622549 3.05425
1.63924 2.63814 0.660379
1.8686 1.15134 2.72933
1.76213 2.07007 1.72998
1.76005 0.170172 3.74951
1.4245 3.13939 0.162598
1.75081 1.90923 2.29202
1.57407 2.75291 1.09448
1.71673 0.908846 3.52154
1.41557 3.12281 0.650185
1.69033 1.54225 3.13499
1.56392 2.59747 1.87745
1.55703 0.187527 4.24869
1.24052 3.39982 0.416674
1.57552 1.98458 3.08506
1.395 2.97427 1.64632
1.48145 0.71916 4.39755
1.21878 3.34392 1.02653
1.43986 1.43898 3.9307
1.33743 2.67921 2.50719
0.976296 0.100714 5.49485
0.0361835 4.00738 0.0112324
1.25876 2.71993 2.77422
1.02632 3.47059 1.1855
1.23779 1.44638 4.4828
0.863413 3.71299 0.553074
1.17496 2.24323 3.86019
0.994803 3.3427 2.03183
1.04022 0.649363 5.231
0.69523 3.84503 0.221812
0.976431 2.66601 3.52307
0.802381 3.60593 1.6942
0.888182 1.13694 5.16777
0.649906 3.83431 0.930789
0.843777 2.0197 4.61065
0.722341 3.32414 2.65899
0.687824 0.257484 5.75289
0.447831 3.98078 0.154555
0.645525 3.03638 3.53971
0.495619 3.77252 1.53457
0.581332 1.45591 5.4331
0.295006 3.9325 0.777167
0.512785 2.39031 4.71663
0.404272 3.57607 2.52301
0.389971 0.512434 5.90167
0.184194 3.9812 0.450025
0.337256 2.82866 4.2717
0.250476 3.77545 2.04622
0.245265 1.036 5.88379
0.155693 3.93899 1.15387
0.129143 2.01511 5.33276
0.112682 3.45711 3.12945
0.0412092 0.0151561 6.01317
0.0414326 4.00731 0.026304
0.0348639 3.64715 2.61181
