1 6.8924e-05 9.88603e-05
1.87475e-05 1 8.94038e-05
9.98663e-05 9.07457e-05 1
0.998511 0.0386107 0.0385239
0.993769 0.105781 0.0351104
0.988767 0.0471954 0.141817
0.979195 0.200886 0.0286713
0.980584 0.100903 0.168145
0.975023 0.190448 0.114275
0.955531 0.0414713 0.291962
0.940333 0.339503 0.0226081
0.957956 0.176163 0.226466
0.945636 0.296105 0.134515
0.925675 0.0850236 0.368642
0.916044 0.390827 0.0900962
0.921053 0.161186 0.354513
0.920651 0.308169 0.239654
0.860431 0.0334924 0.508466
0.840187 0.542016 0.0174414
0.895414 0.294529 0.333895
0.868925 0.460892 0.18041
0.846489 0.143559 0.512685
0.820266 0.562416 0.10417
0.846001 0.247161 0.472434
0.842257 0.44491 0.304398
0.763266 0.0660133 0.642703
0.74955 0.65845 0.0679684
0.808948 0.331877 0.485243
0.788729 0.544586 0.285189
0.728706 0.12453 0.67341
0.734511 0.653462 0.182979
0.738352 0.245769 0.62804
0.754045 0.49249 0.434591
0.62857 0.0249044 0.777354
0.608442 0.793499 0.0125561
0.716997 0.477258 0.508074
0.668333 0.699518 0.252993
0.645564 0.2235 0.73027
0.599923 0.789558 0.129195
0.65087 0.371407 0.662137
0.643353 0.644517 0.413153
0.547581 0.101884 0.830527
0.522582 0.849549 0.0719432
0.607601 0.468212 0.641559
0.577456 0.733636 0.358221
0.516978 0.173892 0.83815
0.514384 0.831006 0.21175
0.529506 0.329913 0.781525
0.543764 0.646207 0.535479
0.422098 0.0434286 0.905509
0.410014 0.910994 0.0444872
0.50365 0.551149 0.665261
0.464063 0.816051 0.344538
0.424781 0.223606 0.877247
0.402958 0.896126 0.185966
0.432987 0.395549 0.809977
0.435813 0.727129 0.530425
0.339574 0.0793411 0.937227
0.337785 0.934236 0.114474
0.393811 0.496011 0.773877
0.376841 0.807893 0.453099
0.313674 0.153338 0.937068
0.326684 0.90374 0.276644
0.322625 0.321856 0.890125
0.339978 0.685414 0.643912
0.242112 0.0153509 0.970127
0.231313 0.972852 0.00731097
0.304703 0.66285 0.683949
0.266129 0.910566 0.316299
0.252638 0.294475 0.921661
0.220913 0.96407 0.147536
0.251318 0.485769 0.837179
0.242293 0.824494 0.511375
0.190452 0.129118 0.973168
0.173937 0.981958 0.0741911
0.214183 0.587789 0.780147
0.194256 0.887359 0.41816
0.165468 0.211003 0.963379
0.159129 0.959402 0.232863
0.163751 0.395913 0.90357
0.164485 0.769103 0.617596
0.116843 0.0573055 0.991496
0.108103 0.993321 0.0403462
0.136426 0.643802 0.752932
0.117612 0.919928 0.374033
0.101548 0.256898 0.961089
0.0908873 0.977219 0.191789
0.0954367 0.449262 0.888288
0.0903553 0.81335 0.574715
0.063698 0.0931835 0.993609
0.0583042 0.991986 0.11209
0.0648982 0.551102 0.831911
0.0554729 0.877754 0.475889
0.0407639 0.171364 0.984364
0.0366565 0.959034 0.280908
0.0296917 0.351981 0.935536
0.0232244 0.739226 0.673057
0.0134053 0.02392 0.999624
0.00787849 0.999681 0.0239756
0.00119887 0.67318 0.739478
