1.2757 0.00125557
0.00148533 1.00164
1.00144 0.00259712
0.976229 0.0154484
0.965738 0.0257696
0.938405 0.0360715
0.922275 0.044097
0.900611 0.0542558
0.884996 0.0631711
0.871204 0.0723395
0.853166 0.0817562
0.83553 0.0904228
0.820234 0.0978589
0.804535 0.107172
0.79008 0.115424
0.772752 0.123879
0.758162 0.132416
0.742273 0.140954
0.730574 0.148933
0.718229 0.157079
0.70408 0.165159
0.691288 0.172941
0.678368 0.180937
0.664234 0.187984
0.654874 0.195157
0.641647 0.203272
0.631289 0.210581
0.618763 0.218601
0.608302 0.226248
0.596185 0.232256
0.582707 0.241069
0.574117 0.245882
0.564401 0.255496
0.553813 0.259643
0.540946 0.268984
0.529139 0.276132
0.521717 0.283961
0.509428 0.289812
0.501676 0.29865
0.489458 0.303775
0.480795 0.311411
0.470224 0.31772
0.460176 0.325443
0.450739 0.332603
0.442591 0.339108
0.43441 0.346676
0.425624 0.353759
0.413238 0.360594
0.404569 0.367402
0.397345 0.374204
0.388747 0.381427
0.381061 0.387549
0.370249 0.395391
0.363504 0.402841
0.355537 0.410822
0.347101 0.417016
0.337455 0.424236
0.329021 0.431341
0.320453 0.438682
0.314438 0.44553
0.307749 0.454504
0.297278 0.46005
0.290111 0.466449
0.281683 0.474118
0.274599 0.48338
0.267445 0.49064
0.258403 0.498924
0.249639 0.506615
0.242813 0.512759
0.234846 0.522152
0.22872 0.530059
0.220806 0.534496
0.211708 0.545588
0.205924 0.552129
0.198264 0.562298
0.189676 0.570107
0.183891 0.58043
0.17559 0.588271
0.167741 0.596524
0.161645 0.606627
0.153415 0.614361
0.144788 0.625981
0.138582 0.633459
0.130542 0.645205
0.123101 0.65595
0.116914 0.667061
0.106085 0.679772
0.100259 0.686024
0.0947278 0.700155
0.0847918 0.714264
0.0781199 0.727934
0.0707099 0.739338
0.063218 0.754458
0.0564427 0.775495
0.0481938 0.790035
0.0396168 0.81393
0.03246 0.839598
0.0232357 0.861964
0.0135932 0.894332
0.00517532 0.964894
