2.11932 0.139983
0.32502 3.12198
2.0642 0.148719
2.02998 0.166302
2.00858 0.183875
1.99185 0.201537
1.97765 0.219341
1.96504 0.237317
1.95352 0.25549
1.94282 0.273853
1.93269 0.292485
1.92303 0.311339
1.91373 0.330441
1.9047 0.349819
1.89589 0.369463
1.88723 0.389389
1.8787 0.409602
1.87023 0.430115
1.86181 0.450932
1.85339 0.472056
1.84496 0.493478
1.83647 0.515253
1.82789 0.537337
1.8192 0.559729
1.81036 0.582449
1.80135 0.605463
1.79211 0.628794
1.78258 0.652451
1.77274 0.676367
1.76252 0.700516
1.75184 0.724898
1.74062 0.749403
1.7287 0.77406
1.71598 0.798659
1.70221 0.823115
1.68709 0.84722
1.67021 0.870609
1.6508 0.892829
1.62768 0.912921
1.59856 0.929186
1.55938 0.938511
1.50985 0.939843
1.46658 0.943939
1.43542 0.955392
1.41141 0.971705
1.39158 0.991074
1.37434 1.0126
1.35885 1.0358
1.34459 1.06038
1.33119 1.0862
1.31843 1.11314
1.30613 1.14112
1.29414 1.17013
1.28237 1.20008
1.27071 1.23097
1.25908 1.2628
1.24741 1.29545
1.23562 1.32894
1.22363 1.36321
1.21136 1.39819
1.19872 1.43376
1.18561 1.46978
1.1719 1.50609
1.15743 1.54246
1.14208 1.57833
1.12558 1.61331
1.10761 1.64662
1.08781 1.67716
1.06568 1.70342
1.0406 1.72352
1.01223 1.73558
0.981047 1.73961
0.949177 1.73994
0.919384 1.74347
0.89294 1.75447
0.869615 1.77361
0.848734 1.80007
0.829589 1.8329
0.811646 1.87135
0.794525 1.91476
0.777869 1.96276
0.761384 2.01509
0.744923 2.07106
0.72793 2.13138
0.710783 2.1932
0.692733 2.25736
0.673608 2.32193
0.653155 2.38442
0.630982 2.4416
0.606874 2.48878
0.580653 2.52133
0.552675 2.53691
0.523914 2.5398
0.495634 2.54174
0.468665 2.55634
0.442863 2.59388
0.414341 2.67214
0.39347 2.75577
0.331214 3.08885
0.331214 3.08885
