0.725303  2.58157  5.05099  7.06088  4.62991  6.91974  4.4851  8.27269  3.25101  0.820095  5.42192  7.30872  10.8075  7.64269  10.1189  3.68748  30.7665  31.1762  7.91671  9.22889  23.6537  26.3091  19.2364  14.2024  0.362651  0.645392  0.841832  0.882611  0.462991  0.576645  0.320364  0.517043  0.180612  0.0410048  0.246451  0.30453  0.415673  0.272953  0.337297  0.115234  0.904896  0.866006  0.208335  0.230722  0.563184  0.597934  0.418182  0.295884  
1.94786  3.27848  5.0205  7.40418  4.73508  6.09196  12.6539  6.06036  16.8149  5.15505  16.9544  7.99414  22.6598  13.018  7.46122  13.1931  20.7036  15.1275  37.0439  19.0444  18.7934  3.36499  39.7982  32.8655  0.973931  0.81962  0.83675  0.925522  0.473508  0.507663  0.903849  0.378772  0.934163  0.257753  0.770655  0.333089  0.871532  0.464928  0.248707  0.412283  0.60893  0.420207  0.974839  0.47611  0.447461  0.076477  0.865178  0.684699  
1.64958  2.06367  5.35619  7.35628  0.00614421  6.49551  4.18072  14.1808  11.4848  15.9384  6.19795  3.67179  17.4931  13.399  4.32636  11.1886  9.42209  21.0279  8.12827  29.1289  19.4505  3.26784  41.8411  22.5477  0.824791  0.515919  0.892698  0.919535  0.000614421  0.541292  0.298623  0.886301  0.638046  0.796919  0.281725  0.152991  0.672813  0.478535  0.144212  0.349644  0.27712  0.584108  0.213902  0.728224  0.463106  0.074269  0.909589  0.469743  
1.27409  3.56081  5.003  5.07767  7.98075  2.77304  12.1902  13.6532  13.3618  11.5415  9.23314  19.7022  10.0228  18.9769  27.2554  13.7199  30.0427  30.1077  30.2328  11.6501  4.25345  1.57401  28.3381  38.5451  0.637047  0.890204  0.833834  0.634709  0.798075  0.231087  0.870726  0.853327  0.74232  0.577077  0.419688  0.820926  0.385494  0.677746  0.908512  0.428747  0.883608  0.836324  0.7956  0.291253  0.101273  0.035773  0.616045  0.803022  
0.675241  3.18405  5.44916  6.5675  6.5087  1.19266  12.7915  11.1822  3.03252  16.3262  17.8264  3.07159  11.1989  26.4383  10.2275  17.1721  5.39825  11.9284  19.3209  24.6094  37.5429  41.5751  4.32594  0.773818  0.337621  0.796011  0.908193  0.820938  0.65087  0.0993883  0.913678  0.698887  0.168473  0.816309  0.810289  0.127983  0.430727  0.944225  0.340916  0.536629  0.158772  0.331343  0.508445  0.615234  0.893878  0.94489  0.0940422  0.0161212  
1.94701  2.80976  0.50976  5.21405  1.12591  1.42242  0.997031  8.05145  9.10177  17.1154  15.3075  12.1461  3.53551  22.3587  14.5551  23.0613  31.3863  18.4717  8.60977  19.8653  32.4291  16.1299  15.7826  11.6009  0.973505  0.70244  0.08496  0.651757  0.112591  0.118535  0.0712165  0.503216  0.505654  0.855769  0.695794  0.506086  0.135981  0.798525  0.485168  0.720666  0.923126  0.513103  0.226573  0.496633  0.772121  0.366588  0.343099  0.241685  
1.21202  3.50017  4.40927  7.45194  5.7897  8.65659  11.4702  5.89751  5.86067  12.6849  7.22828  8.26171  7.64176  18.1636  20.1476  16.5861  7.33863  14.506  31.1032  20.4812  22.8106  42.3246  24.4977  19.9062  0.606011  0.875043  0.734879  0.931493  0.57897  0.721382  0.819302  0.368594  0.325593  0.634243  0.328558  0.344238  0.293914  0.6487  0.671587  0.518316  0.215842  0.402945  0.818504  0.512031  0.543109  0.961922  0.53256  0.414712  
0.846367  2.30731  4.98455  3.52056  5.39622  3.6907  3.63422  13.3377  3.3252  15.4477  9.77042  18.6836  11.6269  22.4546  18.3208  20.8543  23.5586  17.6269  17.5817  1.41729  22.0515  10.5617  29.6485  38.0306  0.423184  0.576828  0.830759  0.440071  0.539622  0.307558  0.259587  0.833604  0.184733  0.772386  0.44411  0.778485  0.447189  0.801949  0.610694  0.651696  0.692901  0.489636  0.462677  0.0354322  0.525037  0.240038  0.644532  0.792305  
0.957581  2.25294  4.9975  0.425096  7.36814  8.98974  0.587894  3.32927  3.02812  17.1002  18.8333  3.91286  22.0365  27.7639  21.7907  2.40865  16.6102  22.8361  15.6309  30.6002  31.7026  39.9423  44.5485  25.0398  0.47879  0.563236  0.832917  0.053137  0.736814  0.749145  0.0419924  0.208079  0.168229  0.855011  0.856061  0.163036  0.847558  0.991568  0.726358  0.0752703  0.488535  0.634337  0.41134  0.765004  0.754823  0.907781  0.968446  0.521663  
1.53763  3.48018  0.278316  2.14266  0.0671095  2.73349  7.34089  2.71746  8.59544  13.2441  20.9569  0.930219  17.7497  4.79796  24.5654  3.40097  10.5496  9.4912  13.8272  31.3386  6.25354  36.1484  43.294  1.54311  0.768814  0.870045  0.0463859  0.267832  0.00671095  0.227791  0.524349  0.169841  0.477524  0.662206  0.952587  0.0387591  0.68268  0.171356  0.818848  0.10628  0.310282  0.263644  0.363874  0.783465  0.148894  0.821555  0.941174  0.0321481  
0.0142766  3.31053  1.21285  7.49488  4.17941  3.3096  11.7963  14.453  15.8601  19.1047  7.88812  15.1136  15.6948  26.3352  12.7002  30.257  20.6919  35.3755  2.74693  32.1097  34.1547  22.948  21.1357  23.0698  0.00713828  0.827632  0.202141  0.93686  0.417941  0.2758  0.842591  0.903312  0.881116  0.955234  0.358551  0.629733  0.603645  0.940541  0.42334  0.945531  0.608585  0.982653  0.0722876  0.802742  0.813208  0.521546  0.459472  0.480621  
0.149778  0.530853  0.464044  2.66925  4.73423  8.46073  13.9172  11.7044  4.06756  8.21788  12.6783  13.3788  25.2536  25.8571  18.5252  0.0824789  10.9673  18.0944  16.3107  8.67254  13.2796  41.7628  32.6173  38.7215  0.0748888  0.132713  0.0773407  0.333656  0.473423  0.705061  0.994084  0.731523  0.225976  0.410894  0.576288  0.557449  0.971293  0.92347  0.617506  0.00257747  0.322568  0.502623  0.42923  0.216814  0.316181  0.949155  0.709073  0.806698  
0.975564  0.428781  0.169107  2.08909  0.703355  4.86423  9.08053  15.3466  9.56223  19.3128  13.6835  8.03335  18.3767  14.5696  25.4824  22.1991  29.9528  28.9212  20.7705  10.186  25.6928  12.953  23.7291  18.1323  0.487782  0.107195  0.0281845  0.261136  0.0703355  0.405353  0.648609  0.959165  0.531235  0.965641  0.621977  0.334723  0.706797  0.520344  0.849414  0.693722  0.880966  0.803366  0.546592  0.25465  0.611733  0.294385  0.51585  0.377756  
1.57091  3.10019  5.40255  2.05965  3.39034  11.28  10.2317  0.0913173  3.62938  2.31972  19.9852  9.18785  19.8607  10.6497  18.3355  21.8524  10.2667  14.5535  28.5179  30.4739  26.7595  4.67037  0.563254  29.2663  0.785455  0.775047  0.900424  0.257456  0.339034  0.939996  0.730835  0.00570733  0.201632  0.115986  0.908417  0.382827  0.763874  0.380346  0.611184  0.682889  0.301963  0.404263  0.75047  0.761847  0.63713  0.106145  0.0122446  0.609715  
0.542282  3.34882  0.948889  6.77811  6.37748  8.16037  9.9854  6.29248  10.7864  1.44915  11.8866  15.143  13.8759  12.3405  22.0368  9.18832  9.37681  5.2932  28.3535  30.7966  0.836429  3.31987  28.9835  31.0512  0.271141  0.837205  0.158148  0.847263  0.637748  0.680031  0.713243  0.39328  0.599247  0.0724576  0.540302  0.630959  0.533688  0.440731  0.734559  0.287135  0.275788  0.147033  0.746144  0.769914  0.019915  0.0754515  0.630075  0.646899  
1.54459  3.14514  2.89154  7.01989  2.8275  11.9031  8.24842  14.8464  13.1127  11.6339  10.8265  17.1293  5.64638  17.2084  29.4895  6.33777  25.102  22.3483  33.1183  19.5961  19.5966  33.5608  23.2709  40.4359  0.772296  0.786285  0.481924  0.877486  0.28275  0.991926  0.589173  0.927901  0.728484  0.581695  0.492113  0.713721  0.217168  0.614584  0.982984  0.198055  0.738293  0.620786  0.871535  0.489902  0.466586  0.762746  0.505889  0.842414  
0.188239  2.65612  2.39658  6.04032  6.85101  4.48855  11.4699  5.87459  1.91611  4.73537  12.7938  10.1414  20.2546  2.98022  1.27788  13.1049  7.9659  25.3023  17.1521  29.4203  25.621  30.3275  8.97412  13.0052  0.0941193  0.664031  0.39943  0.75504  0.685101  0.374045  0.819278  0.367162  0.10645  0.236768  0.581538  0.422557  0.779022  0.106437  0.0425961  0.409528  0.234291  0.702842  0.451372  0.735507  0.610025  0.689262  0.19509  0.270942  
0.876548  1.91996  1.41426  0.596834  0.525503  3.17978  5.25572  9.27756  4.8891  16.7422  15.1847  10.1155  18.7609  23.7977  16.0566  7.86794  31.3548  12.5204  8.31735  22.0132  1.71079  11.0051  19.3025  8.58426  0.438274  0.47999  0.23571  0.0746042  0.0525503  0.264981  0.375408  0.579848  0.271617  0.837109  0.690212  0.421477  0.721575  0.849919  0.53522  0.245873  0.9222  0.34779  0.218878  0.55033  0.040733  0.250116  0.41962  0.178839  
1.54436  0.330834  5.55936  7.11563  0.736116  7.8939  6.77386  2.64794  8.75984  15.4662  6.78096  6.76043  2.61716  27.1459  14.3656  11.9696  33.741  1.13386  3.51017  21.9014  31.0254  21.9611  3.38882  46.7027  0.772179  0.0827085  0.92656  0.889454  0.0736116  0.657825  0.483847  0.165496  0.486658  0.773312  0.308225  0.281685  0.10066  0.969496  0.478853  0.374051  0.992382  0.0314961  0.092373  0.547536  0.7387  0.499116  0.0736699  0.972972  
0.161036  0.707504  2.99398  4.69919  1.21312  10.4987  11.1786  10.0134  11.425  8.81925  16.0566  13.9434  16.7142  18.1176  5.8719  8.87251  19.6398  34.9225  13.7007  1.89033  16.179  40.8332  25.2583  43.2063  0.0805179  0.176876  0.498996  0.587398  0.121312  0.874895  0.798472  0.625837  0.63472  0.440963  0.729846  0.580977  0.642855  0.647057  0.19573  0.277266  0.577642  0.970069  0.360544  0.0472583  0.385214  0.928027  0.549093  0.900131  
1.97733  3.4333  0.669582  1.12049  5.21698  0.132215  7.75551  8.41641  4.71081  12.8198  12.9102  21.116  15.4326  9.49966  22.9179  7.75537  6.36539  34.6477  33.9266  37.6503  9.24501  12.4646  30.575  40.7598  0.988665  0.858325  0.111597  0.140061  0.521698  0.0110179  0.553965  0.526025  0.261712  0.640988  0.586827  0.879833  0.593563  0.339274  0.763932  0.242355  0.187217  0.962436  0.892805  0.941258  0.220119  0.283287  0.664673  0.849162  
0.648512  0.566402  4.73249  7.71613  9.77264  1.36073  4.3733  4.79144  2.29708  19.428  11.5295  14.6985  24.1307  22.367  0.32235  29.7699  33.089  9.64324  8.74272  15.442  37.7197  8.00001  4.77168  40.5219  0.324256  0.141601  0.788748  0.964517  0.977264  0.113394  0.312379  0.299465  0.127616  0.971402  0.524066  0.612437  0.928105  0.798823  0.010745  0.930311  0.973205  0.267868  0.230071  0.386051  0.898089  0.181818  0.103732  0.844205  
1.5002  3.26287  5.42728  0.628555  3.23214  10.4252  0.662113  2.50248  6.98508  17.4405  10.0846  0.35897  13.2912  15.6514  20.5968  18.32  18.2245  28.2928  12.6409  34.0677  27.6911  39.7477  0.0705356  35.6507  0.750102  0.815718  0.904547  0.0785694  0.323214  0.868764  0.0472938  0.156405  0.38806  0.872027  0.458392  0.0149571  0.511201  0.558978  0.68656  0.572501  0.536013  0.785912  0.332655  0.851692  0.659312  0.903357  0.00153338  0.742723  
1.69011  0.758568  1.5959  7.13424  3.55013  11.0004  8.00301  2.14258  1.96713  12.0525  6.57177  10.2237  12.8587  21.2324  11.0547  2.33337  6.41135  21.5244  28.2128  21.5362  12.88  10.3252  9.01809  3.93423  0.845055  0.189642  0.265983  0.89178  0.355013  0.916701  0.571644  0.133911  0.109285  0.602626  0.298717  0.425989  0.494567  0.758298  0.368489  0.0729178  0.188569  0.5979  0.742441  0.538405  0.306666  0.234664  0.196045  0.0819632  
0.679677  2.50115  2.98037  1.84468  7.6069  6.78648  2.9662  2.09985  11.5683  4.48201  17.4875  2.59258  7.11892  18.427  28.208  23.2989  33.1868  11.9696  19.8467  34.8234  18.7765  9.43128  20.9198  2.68494  0.339839  0.625287  0.496728  0.230585  0.76069  0.56554  0.211871  0.131241  0.642685  0.224101  0.794886  0.108024  0.273805  0.658109  0.940267  0.72809  0.976082  0.33249  0.522282  0.870585  0.44706  0.214347  0.454778  0.0559362  
0.97392  0.600625  1.2399  1.785  5.27001  4.08373  1.10799  14.6563  14.733  13.4509  13.4795  10.2269  1.81232  10.8219  4.7663  25.0144  19.6862  26.8004  0.609166  16.1346  8.94052  11.7666  16.6022  7.09277  0.48696  0.150156  0.206651  0.223125  0.527001  0.34031  0.0791418  0.916019  0.818498  0.672546  0.612703  0.426123  0.0697044  0.386498  0.158877  0.781701  0.579006  0.744455  0.0160307  0.403364  0.212869  0.267423  0.360917  0.147766  
1.03686  0.554583  0.514943  3.74758  8.18619  1.27304  11.4034  1.38819  3.73122  11.4562  21.2629  13.3087  21.7404  9.26375  22.247  10.1881  9.99379  2.77081  8.70302  27.2085  13.9403  17.7773  9.65516  31.7788  0.518431  0.138646  0.0858238  0.468447  0.818619  0.106087  0.814529  0.086762  0.20729  0.572808  0.966497  0.554531  0.836171  0.330848  0.741567  0.318379  0.293935  0.076967  0.229027  0.680211  0.331912  0.40403  0.209895  0.662058  
0.643275  0.216814  5.31168  4.70751  6.64575  9.85967  10.5313  2.56742  10.0993  16.7545  17.6427  6.88825  25.8698  5.78845  15.2266  7.42788  18.5707  35.841  19.691  33.0727  1.20739  39.4294  22.9881  4.20443  0.321638  0.0542034  0.885279  0.588439  0.664575  0.821639  0.752237  0.160464  0.561072  0.837726  0.80194  0.28701  0.994991  0.20673  0.507554  0.232121  0.546196  0.995584  0.518184  0.826817  0.0287473  0.896122  0.499741  0.0875922  
0.76845  0.71287  3.19523  5.40424  8.03935  4.13214  13.5104  11.1881  9.96123  19.7572  11.4919  14.9348  8.54075  6.74112  21.7526  27.4753  31.1089  3.93853  7.21188  11.9421  31.2094  26.1585  21.9867  27.5112  0.384225  0.178218  0.532538  0.67553  0.803935  0.344345  0.96503  0.699258  0.553402  0.987861  0.522358  0.622285  0.328491  0.240754  0.725088  0.858604  0.914969  0.109404  0.189786  0.298552  0.743081  0.594512  0.477972  0.57315  
0.086202  0.854225  2.31167  2.90775  4.67147  11.4929  13.4749  3.15863  5.40154  14.1364  18.1327  1.87198  7.05035  19.3141  20.9217  16.8617  5.45731  1.93874  29.3536  38.0738  21.1245  12.1479  34.9911  46.102  0.043101  0.213556  0.385279  0.363468  0.467147  0.95774  0.962495  0.197415  0.300086  0.70682  0.824212  0.0779991  0.271167  0.68979  0.69739  0.526928  0.160509  0.0538538  0.772463  0.951845  0.502964  0.276089  0.760675  0.960458  
0.230325  0.408172  2.91753  5.25499  4.49444  3.62687  12.9394  5.69509  14.3707  19.5839  11.6685  19.0124  16.0877  13.4243  6.51516  29.4088  16.1628  22.209  22.134  20.5414  35.214  1.86084  38.9174  45.3551  0.115162  0.102043  0.486256  0.656874  0.449444  0.302239  0.924241  0.355943  0.798373  0.979197  0.530387  0.792182  0.618759  0.47944  0.217172  0.919024  0.475377  0.616917  0.582473  0.513534  0.838427  0.0422917  0.84603  0.944898  
0.613725  2.73689  4.00064  7.51797  2.83409  0.790242  1.61837  6.38259  14.4777  12.0565  12.5042  8.07063  18.0967  21.206  20.5096  6.89496  10.5529  33.7535  11.0535  16.5451  12.1041  41.639  40.8491  5.44508  0.306862  0.684224  0.666774  0.939746  0.283409  0.0658535  0.115598  0.398912  0.804315  0.602826  0.568371  0.336276  0.696026  0.757357  0.683654  0.215468  0.31038  0.937598  0.290882  0.413627  0.288192  0.94634  0.888023  0.113439  
0.85133  2.53228  0.506168  1.03349  8.29678  6.76681  10.5917  4.50028  3.66524  6.44707  19.7249  21.3782  15.9238  15.6671  5.56894  24.6471  13.757  35.8204  15.6204  39.6924  26.3862  22.6258  6.39548  20.6946  0.425665  0.633071  0.0843613  0.129187  0.829678  0.563901  0.756547  0.281267  0.203624  0.322354  0.896584  0.890757  0.612454  0.559539  0.185631  0.77022  0.404618  0.995011  0.411064  0.99231  0.628242  0.514223  0.139032  0.431138  
0.29802  1.63507  5.01787  0.498339  1.99554  2.89999  1.38191  4.86585  12.5208  2.72977  8.53365  3.71514  3.2035  18.0287  8.31759  7.80054  8.17354  7.12977  25.2254  30.6346  24.3955  11.9584  17.3956  27.6435  0.14901  0.408768  0.836311  0.0622923  0.199554  0.241666  0.0987075  0.304116  0.695598  0.136489  0.387893  0.154797  0.123212  0.643882  0.277253  0.243767  0.240398  0.198049  0.663827  0.765865  0.580844  0.271781  0.378166  0.575907  
1.9508  1.16654  5.9437  3.23026  5.42248  0.542468  0.185533  15.9928  13.6982  15.7748  0.863632  5.54955  0.362973  19.2264  14.1172  12.653  12.4917  28.3231  9.10089  7.51363  16.2658  12.2873  3.83692  45.8675  0.975399  0.291635  0.990616  0.403783  0.542248  0.0452057  0.0132524  0.999553  0.761013  0.78874  0.039256  0.231231  0.0139605  0.686656  0.470572  0.395406  0.367404  0.786753  0.239497  0.187841  0.38728  0.279256  0.0834114  0.955573  
1.74705  3.52405  5.38017  3.58984  4.01374  4.06628  5.77398  14.1735  5.68805  13.6448  7.25695  10.0049  4.4187  11.9563  2.29335  12.8251  23.2788  21.0175  25.8739  10.507  11.3554  25.8209  25.8726  14.0245  0.873527  0.881013  0.896695  0.44873  0.401374  0.338857  0.412427  0.885843  0.316003  0.682238  0.329861  0.416873  0.16995  0.427012  0.076445  0.400784  0.684669  0.583819  0.680893  0.262676  0.270366  0.586839  0.562449  0.292176  
1.81515  1.3834  3.84919  4.36632  5.76804  1.79375  5.77091  4.36057  1.64198  19.671  21.2493  17.1082  12.3086  3.96357  23.6453  10.5424  31.6395  16.1605  8.25913  26.4918  16.1195  3.66178  5.46374  5.08397  0.907577  0.345851  0.641531  0.545789  0.576804  0.149479  0.412208  0.272535  0.0912212  0.98355  0.965879  0.712842  0.473409  0.141556  0.788178  0.329451  0.930574  0.448903  0.217346  0.662294  0.383799  0.0832222  0.118777  0.105916  
0.287968  2.22848  0.568472  0.721464  4.50737  5.49135  12.4357  14.2968  9.23847  16.4947  9.40772  14.9997  16.9585  18.6721  4.12213  30.3376  18.5268  34.0781  17.5212  33.2827  22.3854  29.6493  6.82094  12.2107  0.143984  0.55712  0.0947454  0.090183  0.450737  0.457613  0.888263  0.893549  0.513248  0.824735  0.427624  0.624987  0.652248  0.666862  0.137404  0.94805  0.544905  0.946613  0.461084  0.832067  0.532985  0.673848  0.148281  0.254389  
1.36898  0.139821  0.490443  3.74372  9.54197  0.551877  8.03604  9.62082  5.6911  5.71495  0.556647  16.0485  12.7337  23.6505  10.2639  23.0167  13.2012  17.7892  21.5755  4.41311  17.1314  30.6867  45.3913  6.18758  0.684491  0.0349553  0.0817405  0.467965  0.954197  0.0459897  0.574003  0.601301  0.316172  0.285748  0.0253022  0.668687  0.489759  0.844662  0.342131  0.719272  0.38827  0.494144  0.567777  0.110328  0.407892  0.697425  0.986768  0.128908  
0.35457  0.0074384  2.07125  5.58722  2.08202  7.8101  6.85611  7.81633  15.017  2.8022  16.3091  1.18988  5.01141  5.37446  8.63247  6.98889  6.5684  9.26788  36.1346  4.86009  27.5719  14.1965  43.157  23.9224  0.177285  0.0018596  0.345208  0.698403  0.208202  0.650842  0.489722  0.48852  0.83428  0.14011  0.741323  0.0495783  0.192746  0.191945  0.287749  0.218403  0.193188  0.257441  0.95091  0.121502  0.656475  0.322648  0.938196  0.498384  
0.0341434  3.85129  0.70832  6.87789  5.20333  6.7624  3.90208  1.50394  7.85106  1.6005  2.09606  12.5945  21.2355  13.1397  23.6537  27.2465  28.8881  3.33488  8.55224  36.7226  29.3992  3.94705  5.85365  6.13044  0.0170717  0.962822  0.118053  0.859736  0.520333  0.563533  0.27872  0.0939963  0.43617  0.0800249  0.0952756  0.524769  0.816749  0.469276  0.788458  0.851453  0.849649  0.0926355  0.225059  0.918064  0.699982  0.0897056  0.127253  0.127718  
0.894607  2.3031  2.83855  0.842068  0.2548  3.10103  7.90106  5.18226  2.10376  5.10751  6.93326  16.5009  7.82509  1.98238  12.1961  6.27249  27.8908  34.5587  33.0885  17.3436  34.7116  11.1433  0.458721  26.1357  0.447304  0.575776  0.473092  0.105259  0.02548  0.25842  0.564362  0.323891  0.116876  0.255375  0.315148  0.687538  0.300965  0.0707991  0.406537  0.196015  0.820318  0.959964  0.870749  0.43359  0.826468  0.253257  0.00997219  0.544493  
0.154811  1.68044  0.0430492  4.51495  0.591655  0.72235  3.19363  5.2983  8.71451  4.6894  13.7508  20.4606  24.5459  26.594  22.7943  3.40283  8.24615  2.52423  30.7944  33.1653  5.84351  38.5641  18.0462  11.1805  0.0774054  0.42011  0.00717486  0.564369  0.0591655  0.0601958  0.228116  0.331144  0.48414  0.23447  0.625034  0.852526  0.944072  0.949787  0.75981  0.106339  0.242534  0.0701175  0.810378  0.829133  0.139131  0.876456  0.392308  0.232927  
0.760947  1.54353  5.3502  4.40762  0.847039  4.94625  3.56599  10.222  4.26486  14.7865  15.7882  11.6702  20.136  17.4298  18.6601  27.4696  24.6067  34.2375  27.8137  21.9493  7.51014  42.9367  38.1784  17.2795  0.380474  0.385883  0.891699  0.550952  0.0847039  0.412187  0.254714  0.638874  0.236937  0.739326  0.717643  0.48626  0.774463  0.622492  0.622004  0.858426  0.723725  0.951042  0.731941  0.548733  0.178813  0.975835  0.829966  0.359989  
1.5748  2.8472  5.49807  1.69857  7.36319  7.23196  5.41867  9.91648  14.909  2.55884  19.1526  5.2415  7.82525  1.08526  17.8635  22.8262  25.185  26.7445  11.1497  25.3407  36.1022  8.0283  26.4551  6.84366  0.787398  0.711799  0.916344  0.212321  0.736319  0.602663  0.387048  0.61978  0.828277  0.127942  0.870574  0.218396  0.300971  0.0387592  0.595452  0.71332  0.740736  0.742902  0.293414  0.633518  0.859575  0.182461  0.575111  0.142576  
0.334137  1.26631  2.18508  4.45558  9.37765  0.889349  7.26954  4.76374  3.98562  5.5982  16.7804  6.44208  6.74799  11.2841  20.0352  26.0891  30.3688  5.43899  11.3214  31.5697  10.3135  33.2524  32.4651  11.7193  0.167068  0.316579  0.36418  0.556948  0.937765  0.0741124  0.519253  0.297734  0.221423  0.27991  0.762746  0.26842  0.259538  0.403005  0.667842  0.815285  0.893199  0.151083  0.297931  0.789243  0.24556  0.755737  0.705762  0.244153  
1.15453  2.55124  5.21156  7.66361  8.74238  2.29782  8.66463  5.42191  15.7543  13.3278  11.069  21.628  23.8986  26.8335  13.3905  18.5854  26.093  32.8914  13.9412  24.6653  33.3018  40.7218  14.5367  15.0252  0.577267  0.637809  0.868594  0.957951  0.874238  0.191485  0.618902  0.338869  0.875237  0.666389  0.503138  0.901166  0.919179  0.958339  0.44635  0.580793  0.76744  0.913651  0.366873  0.616632  0.792901  0.925496  0.316015  0.313025  
0.13911  2.6873  3.82654  0.0336258  0.208614  1.09706  0.101438  4.3587  9.25857  15.4979  11.8433  4.96001  4.35004  26.1948  1.45446  21.0894  13.569  33.8421  11.712  9.88989  41.4455  23.5132  3.22193  6.49608  0.0695548  0.671825  0.637757  0.00420322  0.0208614  0.091422  0.00724557  0.272419  0.514365  0.774897  0.538333  0.206667  0.167309  0.935529  0.0484819  0.659043  0.399089  0.940058  0.308211  0.247247  0.986798  0.534391  0.0700419  0.135335  
0.263621  1.67072  0.0675957  6.93936  6.251  1.65177  4.72923  9.5409  6.75575  0.740663  15.0373  11.9025  21.49  6.13269  6.39547  14.5788  19.8772  21.7012  29.3535  11.1882  17.4835  7.09005  15.1671  37.7949  0.131811  0.41768  0.011266  0.86742  0.6251  0.137647  0.337802  0.596306  0.37532  0.0370332  0.683514  0.495938  0.82654  0.219025  0.213182  0.455588  0.584623  0.60281  0.772462  0.279704  0.416274  0.161138  0.329719  0.787394  
0.481741  2.88035  4.82615  0.579742  5.28983  8.52148  7.50031  10.5479  12.1735  5.75948  17.553  10.1994  11.9319  25.6152  28.6635  2.01566  8.45089  19.6534  31.8494  21.5129  21.1234  10.4475  25.8152  9.98215  0.24087  0.720086  0.804359  0.0724677  0.528983  0.710123  0.535736  0.659245  0.676305  0.287974  0.797866  0.424975  0.458918  0.914828  0.95545  0.0629893  0.248556  0.545929  0.838142  0.537823  0.502938  0.237442  0.5612  0.207961  
1.62841  2.77586  4.06917  6.81905  2.14768  9.62136  4.44284  0.763579  10.8469  4.40904  18.9758  13.3606  6.05852  0.965179  27.6949  12.4167  5.96585  13.8613  5.98421  11.9089  0.599601  6.67779  40.7899  11.7867  0.814205  0.693964  0.678195  0.852381  0.214768  0.80178  0.317346  0.0477237  0.602608  0.220452  0.862537  0.556693  0.23302  0.0344707  0.923164  0.388021  0.175466  0.385035  0.157479  0.297724  0.0142762  0.151768  0.886736  0.245557  
1.33385  3.98454  4.98747  2.33915  7.42873  4.7404  9.33039  7.80237  13.4862  0.0148317  9.03685  8.22174  2.67505  22.8355  3.44153  12.2304  16.7595  18.9269  14.0766  20.0225  39.6911  22.4563  39.2027  27.3915  0.666925  0.996136  0.831245  0.292394  0.742873  0.395034  0.666456  0.487648  0.749236  0.000741585  0.410766  0.342572  0.102887  0.815554  0.114718  0.3822  0.492927  0.525747  0.370436  0.500562  0.945025  0.51037  0.852232  0.570656  
0.290178  0.842327  0.193991  7.56594  6.27498  10.471  0.266223  3.42192  17.4157  5.26952  12.1334  1.14935  19.234  2.56793  10.1768  29.0993  30.5997  15.5108  3.8755  20.7732  26.3177  4.0074  16.8778  27.4074  0.145089  0.210582  0.0323318  0.945743  0.627498  0.872586  0.0190159  0.21387  0.967541  0.263476  0.551517  0.0478896  0.739769  0.0917119  0.339225  0.909353  0.899992  0.430856  0.101987  0.519331  0.626611  0.0910773  0.36691  0.570987  
0.919049  3.58784  4.11725  5.1404  6.11101  0.914028  8.72453  12.8319  9.56968  11.2472  3.97432  18.495  7.50908  3.366  22.2449  7.15381  3.02429  7.28137  3.0929  27.6892  23.8826  9.04326  26.9181  15.8847  0.459525  0.896959  0.686208  0.64255  0.611101  0.076169  0.623181  0.801994  0.531649  0.562362  0.180651  0.770625  0.288811  0.120214  0.741497  0.223556  0.0889498  0.20226  0.081392  0.692231  0.568633  0.205529  0.585176  0.330931  
1.32042  2.49578  0.128075  0.0956033  1.45487  10.1012  0.892047  12.3171  4.28354  5.12005  12.8885  5.61654  24.4862  22.2343  14.336  14.7821  33.016  21.9447  9.64646  38.6486  17.6582  17.8279  40.5087  20.8884  0.660208  0.623945  0.0213459  0.0119504  0.145487  0.841767  0.0637177  0.769816  0.237975  0.256002  0.585839  0.234023  0.941775  0.794081  0.477867  0.461941  0.97106  0.609576  0.253854  0.966214  0.420434  0.40518  0.880624  0.435175  
0.905164  2.30136  4.9151  5.99144  3.56682  1.8271  2.48418  8.22515  17.798  2.66064  0.354157  14.0638  8.38932  19.0892  11.0605  4.77003  21.7205  20.1923  20.955  4.85237  12.128  29.3964  31.0024  15.3097  0.452582  0.57534  0.819184  0.748931  0.356682  0.152259  0.177441  0.514072  0.988778  0.133032  0.016098  0.585991  0.322666  0.681756  0.368684  0.149063  0.638839  0.560896  0.551447  0.121309  0.288763  0.6681  0.673964  0.318953  
1.15572  1.63271  4.34836  3.05812  4.67649  11.7718  11.2252  15.4334  14.8023  14.8762  10.9419  18.4456  13.9037  19.4101  15.8211  8.14572  0.709827  3.49015  11.7284  29.5761  9.12741  40.4419  19.8891  9.01116  0.577862  0.408177  0.724727  0.382265  0.467649  0.980987  0.801799  0.964587  0.822353  0.743811  0.497361  0.768567  0.534756  0.693218  0.527371  0.254554  0.0208773  0.0969487  0.308641  0.739403  0.217319  0.919134  0.432372  0.187733  
1.54522  0.876766  0.00910284  5.83943  8.36557  11.6492  5.6462  7.07198  17.9776  13.199  0.420165  5.87653  17.4662  17.0343  12.7378  2.64202  6.5696  25.3369  9.85349  19.0431  16.5373  18.9542  40.4667  15.9629  0.772612  0.219191  0.00151714  0.729929  0.836557  0.97077  0.4033  0.441999  0.998754  0.659949  0.0190984  0.244855  0.671775  0.608367  0.424592  0.0825631  0.193224  0.703804  0.259302  0.476076  0.393744  0.430778  0.87971  0.332561  
0.0108347  3.81637  1.43729  3.09603  4.99792  6.55359  9.3182  4.90759  12.6509  8.47401  5.6091  10.6715  14.0708  15.0866  15.002  12.2994  2.0453  19.217  20.0639  15.1785  38.234  37.9457  3.91941  29.1715  0.00541737  0.954093  0.239548  0.387004  0.499792  0.546132  0.665586  0.306724  0.702829  0.4237  0.254959  0.444647  0.541183  0.538806  0.500066  0.384357  0.0601559  0.533805  0.527998  0.379462  0.910334  0.862403  0.0852046  0.607739  
1.56407  0.478614  3.89029  6.44505  8.90551  6.14357  10.2098  1.83687  2.69649  15.8814  17.1863  6.31019  3.76277  22.7224  29.16  22.343  33.3392  9.89218  12.6447  26.9498  30.947  22.418  41.8048  1.68489  0.782035  0.119654  0.648382  0.805631  0.890551  0.511964  0.72927  0.114804  0.149805  0.79407  0.781196  0.262924  0.144722  0.811515  0.972001  0.69822  0.980565  0.274783  0.332756  0.673744  0.736833  0.509501  0.908801  0.0351019  
1.17189  0.374311  0.349025  6.68683  0.826073  3.80482  12.023  12.4283  14.9379  8.53376  1.59201  21.8757  17.8355  25.8322  11.7099  13.1505  24.489  35.7078  21.8138  3.5698  11.0357  18.9525  43.7139  12.6584  0.585947  0.0935776  0.0581708  0.835854  0.0826073  0.317068  0.858786  0.776769  0.829884  0.426688  0.0723642  0.911489  0.685981  0.922577  0.390331  0.410953  0.720266  0.991883  0.574049  0.089245  0.262754  0.430738  0.950302  0.263716  
0.124934  2.82158  1.1245  2.53592  5.1748  6.7985  6.52803  3.82324  14.9968  5.8561  14.1956  21.0363  2.77106  6.96809  24.1958  19.2366  10.4771  17.1059  16.6432  7.98728  30.3187  20.1803  26.7016  27.2075  0.0624669  0.705396  0.187417  0.31699  0.51748  0.566542  0.466288  0.238953  0.833154  0.292805  0.645256  0.876512  0.106579  0.24886  0.806525  0.601143  0.308149  0.475163  0.43798  0.199682  0.721873  0.458644  0.580469  0.566823  
0.350865  0.484391  2.38977  5.30259  2.07288  8.72741  0.715137  13.7314  7.14726  15.0217  2.11076  12.566  22.8618  2.95547  25.983  26.156  24.037  17.6579  3.51426  37.2422  38.6484  9.69893  15.1196  24.7413  0.175433  0.121098  0.398295  0.662824  0.207288  0.727284  0.0510812  0.858212  0.39707  0.751084  0.0959438  0.523584  0.879302  0.105552  0.866101  0.817375  0.706971  0.490498  0.0924806  0.931054  0.920201  0.22043  0.328686  0.515444  
1.82819  2.32394  1.97557  0.777176  3.38296  1.62165  9.14145  2.64494  13.5985  17.6561  7.80974  4.0654  23.1542  4.32807  13.3692  7.1782  25.1404  20.8235  0.994459  0.552175  5.53355  35.8677  0.651297  14.5627  0.914093  0.580986  0.329262  0.097147  0.338296  0.135138  0.652961  0.165309  0.75547  0.882804  0.354988  0.169392  0.890547  0.154574  0.445641  0.224319  0.739425  0.578431  0.02617  0.0138044  0.131751  0.815174  0.0141586  0.303389  
1.34308  0.313267  4.58382  7.55657  4.08908  11.4539  7.1393  12.2269  12.8013  11.5361  18.4068  2.61354  17.5089  14.8148  14.5125  18.6267  6.9536  19.7658  11.1822  11.484  39.6278  17.6225  12.8209  37.7717  0.671542  0.0783167  0.763969  0.944571  0.408908  0.954492  0.50995  0.76418  0.711186  0.576807  0.836672  0.108898  0.673419  0.5291  0.483751  0.582086  0.204518  0.549051  0.294268  0.287099  0.94352  0.400511  0.278715  0.78691  
1.69023  3.42273  3.16477  5.01322  3.08655  2.0375  11.7001  11.2978  2.22756  16.1  6.11062  22.161  10.7393  18.0728  12.4391  26.8311  31.9761  21.7301  30.4699  7.00948  30.8941  39.5015  13.4538  0.148964  0.845116  0.855683  0.527462  0.626653  0.308655  0.169792  0.83572  0.706113  0.123753  0.804999  0.277755  0.923377  0.413048  0.645459  0.414638  0.838471  0.940474  0.603614  0.801839  0.175237  0.735573  0.897761  0.292474  0.00310341  
1.44117  2.56447  0.245499  3.17816  6.78356  3.30726  7.08878  6.35893  7.45124  5.04499  21.0483  5.93615  24.8026  3.27372  15.2524  30.4319  15.8949  9.95189  25.1139  33.8728  3.17406  10.0868  27.7544  31.2411  0.720585  0.641118  0.0409166  0.39727  0.678356  0.275605  0.506342  0.397433  0.413958  0.25225  0.956743  0.24734  0.953946  0.116918  0.508413  0.950998  0.467496  0.276442  0.660893  0.846821  0.0755728  0.229245  0.603355  0.650856  
1.86651  2.61413  3.06611  6.30761  9.41114  2.67803  8.07773  3.99698  17.7872  10.6728  2.42226  19.7741  11.1156  10.4952  14.3157  17.1557  15.6167  34.7003  33.158  38.6283  19.7155  14.8116  5.99923  21.8986  0.933254  0.653533  0.511018  0.788452  0.941114  0.223169  0.576981  0.249811  0.988176  0.533642  0.110103  0.82392  0.427522  0.374829  0.477189  0.536117  0.459316  0.963898  0.872579  0.965708  0.469417  0.336626  0.130418  0.456222  
1.89627  0.729288  2.74645  2.2183  5.74213  1.08032  8.47654  4.4249  16.1747  1.09595  12.6753  11.3296  6.5657  20.5617  23.6213  12.4572  20.3311  3.10658  0.189926  18.3274  2.59443  3.67601  34.9511  7.84414  0.948137  0.182322  0.457742  0.277288  0.574213  0.090027  0.605467  0.276556  0.898594  0.0547977  0.576151  0.472068  0.252527  0.734345  0.787376  0.389287  0.597974  0.0862938  0.00499806  0.458184  0.0617722  0.0835456  0.759805  0.16342  
0.567637  3.41595  4.36589  2.07963  6.30637  7.32248  12.7048  15.2547  6.3595  2.00829  1.77896  1.90342  6.13103  11.6259  3.78204  29.7189  33.0981  12.0711  4.64518  33.0796  18.2608  6.28985  22.3119  22.1058  0.283819  0.853987  0.727649  0.259953  0.630637  0.610207  0.907487  0.95342  0.353306  0.100415  0.0808617  0.0793093  0.235809  0.415211  0.126068  0.928717  0.973475  0.335309  0.122242  0.82699  0.434781  0.142951  0.485042  0.460538  
1.19063  2.38672  1.8837  3.2231  8.877  6.50208  2.75657  1.80994  10.39  14.5277  13.9957  13.1747  22.2217  4.65465  19.6463  24.6229  33.571  27.2063  28.5606  23.7445  2.43286  39.5431  21.8108  12.93  0.595317  0.596681  0.31395  0.402888  0.8877  0.54184  0.196898  0.113121  0.57722  0.726387  0.636169  0.548947  0.854682  0.166238  0.654876  0.769464  0.987383  0.755729  0.751594  0.593612  0.0579252  0.898707  0.474147  0.269374  
0.114377  0.671922  0.266033  4.86341  6.34236  4.76919  4.02345  5.9703  3.21063  0.00733211  19.8398  7.78161  8.3099  2.42983  8.50441  11.8944  5.78295  22.6308  18.7448  29.5258  17.5605  29.4796  33.7185  5.09275  0.0571883  0.167981  0.0443388  0.607926  0.634236  0.397432  0.287389  0.373144  0.178368  0.000366605  0.90181  0.324234  0.319612  0.0867796  0.28348  0.371701  0.170087  0.628634  0.493284  0.738145  0.418107  0.669991  0.73301  0.106099  
1.05393  3.06401  2.89947  3.39571  5.25153  11.2341  12.3761  12.6358  13.3935  17.5268  1.55375  13.8563  18.7863  3.10726  11.2736  14.1643  5.69197  21.0278  5.05993  32.6166  27.4499  9.49181  2.51856  44.1708  0.526967  0.766002  0.483245  0.424464  0.525153  0.936174  0.884005  0.789737  0.744084  0.876338  0.0706249  0.577347  0.72255  0.110974  0.375785  0.442636  0.167411  0.584105  0.133156  0.815415  0.65357  0.215723  0.0547514  0.920225  
0.155471  3.95793  1.49297  6.90701  2.79362  9.23899  4.50673  11.6557  14.6663  4.68561  6.39891  7.71398  5.56628  8.04202  2.15955  3.95288  7.62789  2.72812  3.12311  30.0945  16.2704  23.032  9.22877  31.2781  0.0777357  0.989483  0.248829  0.863376  0.279362  0.769916  0.321909  0.728481  0.814793  0.23428  0.290859  0.321416  0.214088  0.287215  0.0719851  0.123528  0.22435  0.0757812  0.0821872  0.752363  0.387389  0.523455  0.200625  0.651626  
1.59376  2.53241  1.93526  6.30997  0.0391744  9.96657  9.02132  3.55071  16.2749  4.20711  0.126952  17.0963  3.80677  0.814532  10.5057  12.6297  33.5502  8.35628  3.997  22.6021  37.8909  17.7999  44.7881  11.1941  0.796879  0.633102  0.322543  0.788747  0.00391744  0.830548  0.64438  0.221919  0.904162  0.210355  0.00577052  0.712346  0.146414  0.0290904  0.35019  0.394678  0.986772  0.232119  0.105184  0.565054  0.902164  0.404542  0.973654  0.23321  
0.0421383  0.500951  5.28029  7.71026  5.5559  8.4537  9.36007  4.58651  9.41786  2.71079  8.3809  10.9606  22.1623  19.7225  6.61686  11.4704  19.4268  14.3515  31.3306  17.0949  13.9522  8.767  7.83196  14.835  0.0210691  0.125238  0.880048  0.963783  0.55559  0.704475  0.668577  0.286657  0.523214  0.13554  0.38095  0.456692  0.852398  0.704376  0.220562  0.358451  0.571377  0.398653  0.82449  0.427372  0.332196  0.19925  0.17026  0.309063  
0.689886  1.35252  5.57632  0.260195  0.569353  9.31522  10.3843  11.4904  12.41  7.25988  9.75234  13.4832  22.2221  11.4827  22.238  27.1646  19.2315  13.1002  36.1238  7.80573  39.6403  18.0435  10.3715  32.9824  0.344943  0.338131  0.929387  0.0325244  0.0569353  0.776268  0.741732  0.718153  0.689447  0.362994  0.443288  0.561799  0.854694  0.410095  0.741265  0.848895  0.565632  0.363894  0.950627  0.195143  0.943817  0.410079  0.225467  0.687134  
0.0292082  1.30763  2.65733  2.98875  2.37025  8.58988  7.29996  1.36376  17.1626  15.2704  1.31759  3.67398  22.5139  23.2829  18.2978  28.6443  11.5542  31.6878  4.80494  23.8116  7.69839  10.8654  9.12949  37.3935  0.0146041  0.326908  0.442888  0.373594  0.237025  0.715823  0.521426  0.085235  0.953476  0.76352  0.0598903  0.153083  0.86592  0.83153  0.609927  0.895134  0.339831  0.880215  0.126446  0.595289  0.183295  0.24694  0.198467  0.779032  
0.421755  0.010248  1.79227  5.92325  1.26701  7.06437  6.19683  10.1851  14.8278  3.85565  14.3228  18.0356  4.70997  11.1689  14.1734  28.6292  31.7026  20.6969  28.1586  39.7235  20.3934  38.6344  10.1822  32.4327  0.210877  0.00256201  0.298711  0.740406  0.126701  0.588697  0.44263  0.63657  0.823768  0.192783  0.651038  0.751483  0.181153  0.398889  0.472446  0.894662  0.932429  0.574914  0.741016  0.993086  0.485558  0.878054  0.221352  0.675682  
1.54326  1.94457  0.442835  3.47286  0.0319032  1.90538  11.1916  15.5435  17.6915  12.5879  0.413691  17.701  10.2853  4.28685  3.74179  10.9919  19.1505  4.63183  8.97441  1.97234  17.828  16.9319  19.5237  36.6387  0.771632  0.486141  0.0738058  0.434108  0.00319032  0.158781  0.799401  0.971467  0.982864  0.629394  0.0188042  0.737542  0.395588  0.153102  0.124726  0.343495  0.56325  0.128662  0.236169  0.0493085  0.424476  0.384815  0.424429  0.763305  
0.356185  2.76204  5.75362  5.61632  7.60699  1.93614  1.90906  0.644479  14.736  11.7326  0.721489  21.7821  8.40189  26.7748  29.4282  29.5675  12.7001  35.0542  15.0171  5.05687  21.3263  17.0009  37.7064  40.7741  0.178093  0.69051  0.958936  0.70204  0.760699  0.161345  0.136362  0.0402799  0.818664  0.58663  0.032795  0.907588  0.323149  0.956243  0.980941  0.923985  0.373531  0.973727  0.395187  0.126422  0.507768  0.386385  0.819704  0.849461  
1.18128  2.30969  5.84433  7.71145  3.06023  2.17923  5.80085  4.94285  16.7066  8.18359  2.43937  12.885  24.6479  23.3435  10.3161  4.11728  33.9972  16.6572  23.2032  20.1714  19.3788  39.372  37.3943  22.5485  0.590641  0.577422  0.974054  0.963932  0.306023  0.181602  0.414346  0.308928  0.928145  0.40918  0.110881  0.536876  0.947996  0.833696  0.343869  0.128665  0.999918  0.462701  0.610609  0.504285  0.461401  0.894818  0.81292  0.469761  
1.7087  2.11481  3.23908  0.5401  5.96966  8.35293  3.91093  12.1922  14.0794  17.5466  18.9483  2.37336  11.4006  21.7937  18.3697  13.8784  0.469678  34.263  33.0574  0.168395  18.71  24.0274  11.4577  42.5729  0.85435  0.528701  0.539846  0.0675125  0.596966  0.696077  0.279352  0.762011  0.782188  0.877331  0.861285  0.09889  0.438484  0.778346  0.612325  0.433699  0.0138141  0.95175  0.869931  0.00420987  0.445476  0.546077  0.249081  0.886935  
1.09824  3.66371  5.12281  7.56049  1.1746  8.91545  13.6759  1.03239  7.75166  13.2971  10.9368  21.0962  13.9459  6.15107  26.1425  5.67065  21.9057  17.2999  25.0324  7.80808  20.7341  19.4175  20.4992  13.6296  0.549118  0.915927  0.853802  0.945061  0.11746  0.742954  0.976851  0.0645244  0.430648  0.664856  0.497127  0.87901  0.536382  0.219681  0.871416  0.177208  0.644286  0.480552  0.658749  0.195202  0.49367  0.441307  0.445634  0.283951  
1.88926  1.05876  5.71708  2.61649  7.91716  2.14369  13.8425  3.39477  6.84323  14.3244  17.3485  13.0006  7.59021  8.94545  8.77143  1.77534  17.7527  6.31068  14.4465  14.0234  37.1835  12.9755  18.0411  31.4581  0.94463  0.264691  0.952847  0.327061  0.791716  0.178641  0.988749  0.212173  0.380179  0.716221  0.788567  0.541692  0.291931  0.31948  0.292381  0.0554795  0.522138  0.175297  0.380172  0.350586  0.885322  0.294897  0.392199  0.655378  
1.1466  1.356  5.00976  7.25177  1.58268  6.129  6.32921  8.39143  10.7246  11.5809  16.6998  23.7201  3.56592  15.6892  3.95695  6.73316  22.1828  31.4928  35.2703  12.6314  34.3397  5.4943  37.6985  37.5352  0.573302  0.338999  0.834961  0.906471  0.158268  0.51075  0.452086  0.524465  0.595814  0.579043  0.759081  0.988339  0.137151  0.560329  0.131898  0.210411  0.652436  0.8748  0.928165  0.315785  0.817612  0.124871  0.819533  0.781983  
1.80064  1.15369  5.77169  4.12791  1.91218  8.95293  12.1602  3.5093  4.09887  3.56666  16.6201  22.481  21.0901  12.2079  16.2621  15.8258  13.6731  31.9936  37.0569  18.7201  18.3985  11.7314  15.2012  38.0243  0.90032  0.288422  0.961949  0.515989  0.191218  0.746078  0.868586  0.219331  0.227715  0.178333  0.75546  0.936708  0.811157  0.435997  0.542071  0.494557  0.402151  0.888711  0.97518  0.468001  0.438059  0.266623  0.330462  0.792172  
0.643618  2.9501  2.76745  7.73414  0.45862  10.4304  13.9015  12.9135  10.0062  17.3199  3.99551  3.14178  19.6441  23.6017  10.1135  25.3863  17.1276  15.5496  18.3626  21.0083  27.3351  15.0517  43.7256  36.0614  0.321809  0.737525  0.461241  0.966767  0.045862  0.869199  0.992961  0.807093  0.555897  0.865993  0.181614  0.130908  0.755544  0.842918  0.337116  0.793321  0.503753  0.431934  0.483227  0.525207  0.650837  0.342084  0.950556  0.75128  
0.569249  0.233368  3.00015  4.09339  6.69516  7.76898  9.70038  12.0604  17.1822  11.0919  20.321  1.35434  18.5779  21.9663  7.27913  26.2963  18.5133  6.00968  26.0199  14.2627  18.7798  6.16106  27.2738  12.4378  0.284624  0.0583421  0.500025  0.511673  0.669516  0.647415  0.692884  0.753772  0.954568  0.554593  0.923683  0.056431  0.714536  0.784512  0.242638  0.82176  0.54451  0.166936  0.684735  0.356566  0.447138  0.140024  0.59291  0.25912  
0.34582  1.40485  3.06762  7.87893  8.89682  1.2673  13.3583  8.62292  17.5205  14.8912  9.02405  16.3121  0.572178  6.10038  11.3111  28.7994  13.6707  26.4509  8.05587  15.0402  22.4718  36.6604  12.4908  46.3486  0.17291  0.351212  0.51127  0.984866  0.889682  0.105609  0.954167  0.538932  0.973363  0.744561  0.410184  0.679669  0.0220068  0.217871  0.377036  0.899982  0.40208  0.734746  0.211997  0.376005  0.535043  0.83319  0.27154  0.965596  
0.848815  3.43935  5.16654  5.91187  0.283786  0.110567  10.3252  7.65075  12.1861  10.3367  20.2081  15.2373  4.78325  19.0648  10.1471  11.7407  21.9593  14.2206  0.58686  20.7367  19.9931  41.0315  5.46288  27.7344  0.424408  0.859838  0.86109  0.738984  0.0283786  0.00921388  0.737512  0.478172  0.677005  0.516837  0.91855  0.63489  0.183971  0.680884  0.338236  0.366896  0.645861  0.395017  0.0154437  0.518418  0.476027  0.932535  0.118758  0.5778  
0.466256  0.325322  0.898381  0.101001  7.9972  4.09461  11.39  4.23905  10.4667  17.6279  7.98435  16.8139  4.05523  8.52328  15.9512  19.6023  26.4375  8.74557  3.14417  18.6398  0.117215  22.4018  7.24679  22.561  0.233128  0.0813304  0.14973  0.0126252  0.79972  0.341217  0.813573  0.264941  0.581485  0.881394  0.362925  0.700578  0.155971  0.304403  0.531706  0.612571  0.777574  0.242933  0.0827413  0.465995  0.00279084  0.509132  0.157539  0.470021  
1.32848  0.59375  1.05278  5.66355  0.588023  7.61476  5.64612  6.7373  2.5082  16.8033  16.3065  5.38535  19.3145  21.0665  11.0293  26.8555  11.5581  10.393  4.57817  19.9529  5.75823  35.513  10.169  28.3691  0.664242  0.148438  0.175463  0.707944  0.0588023  0.634563  0.403294  0.421081  0.139345  0.840165  0.741203  0.22439  0.742865  0.752375  0.367642  0.839233  0.339943  0.288696  0.120478  0.498823  0.137101  0.807114  0.221065  0.591022  
1.86163  3.00074  1.02288  3.47462  8.2639  8.72462  1.06655  6.48855  7.87316  8.93864  10.788  23.4413  19.1587  13.4677  21.9587  0.415138  20.8152  30.2037  4.44225  11.3338  7.32375  10.2092  16.2811  31.6537  0.930817  0.750186  0.170481  0.434327  0.82639  0.727051  0.0761822  0.405534  0.437398  0.446932  0.490362  0.976722  0.736872  0.48099  0.731956  0.012973  0.612212  0.838993  0.116901  0.283346  0.174375  0.232027  0.353936  0.659452  
0.741637  3.52565  5.89584  2.26216  6.17794  1.4997  11.3572  2.99408  9.68053  12.0274  18.9722  2.863  0.591862  9.76384  28.6994  1.21815  15.3568  29.4215  1.76089  14.9137  18.5152  2.72201  23.0755  18.0064  0.370819  0.881413  0.982639  0.28277  0.617794  0.124975  0.81123  0.18713  0.537807  0.601369  0.862374  0.119292  0.0227639  0.348709  0.956645  0.0380672  0.45167  0.817264  0.0463392  0.372842  0.440838  0.0618639  0.501642  0.375132  
0.464473  3.72788  5.82331  6.18624  5.3929  5.58232  9.52919  2.68365  4.26663  19.973  9.27529  9.30502  25.2958  18.0279  22.7033  15.3529  3.84095  2.34054  24.9473  23.617  36.7702  33.5577  21.4066  21.496  0.232236  0.93197  0.970552  0.77328  0.53929  0.465194  0.680657  0.167728  0.237035  0.998649  0.421604  0.387709  0.972915  0.643854  0.756777  0.479778  0.112969  0.065015  0.656507  0.590425  0.875481  0.762675  0.465361  0.447833  
1.90981  0.515562  2.69549  4.75601  4.935  1.73888  1.10972  10.5734  17.7254  15.3769  17.271  1.39714  6.57492  19.6516  0.335349  25.8863  3.7667  8.66318  36.8448  11.3643  14.6657  18.2394  5.05448  37.5852  0.954904  0.128891  0.449248  0.594501  0.4935  0.144907  0.0792658  0.660839  0.984742  0.768845  0.785044  0.0582141  0.252882  0.701842  0.0111783  0.808948  0.110785  0.240644  0.969601  0.284107  0.349182  0.414532  0.10988  0.783025  
1.38347  2.21435  4.89548  1.23265  3.04918  5.34072  11.1743  12.784  3.2371  1.40313  19.251  19.765  8.38399  22.4798  13.0398  24.2825  29.3346  6.39869  0.628069  1.41924  0.938764  37.9636  43.683  42.5373  0.691734  0.553589  0.815913  0.154081  0.304918  0.44506  0.798164  0.799  0.179839  0.0701565  0.875044  0.823543  0.322461  0.802852  0.434659  0.758827  0.862783  0.177741  0.0165281  0.0354811  0.0223515  0.862809  0.94963  0.886195  
1.43328  1.69441  3.25055  6.07333  7.73864  3.62893  2.94041  10.0447  14.6037  5.28545  2.13766  11.1183  16.6159  23.0643  20.6444  16.1577  17.0651  2.33678  17.5748  1.37908  34.4417  38.0905  27.7949  33.0468  0.716638  0.423602  0.541758  0.759167  0.773864  0.302411  0.21003  0.627794  0.811317  0.264273  0.0971665  0.463262  0.639073  0.823724  0.688146  0.504929  0.501914  0.0649106  0.462495  0.0344771  0.820041  0.865692  0.604237  0.688475  
1.9511  0.105481  2.97135  6.77491  1.9602  3.94596  12.6438  6.83348  16.2023  18.5567  7.46109  10.6356  23.76  25.9106  20.1358  13.0461  33.672  12.1824  19.6681  12.8841  40.2952  12.8527  33.0904  42.3941  0.97555  0.0263702  0.495224  0.846864  0.19602  0.32883  0.903129  0.427093  0.900129  0.927835  0.33914  0.443151  0.913846  0.92538  0.671195  0.40769  0.990352  0.3384  0.517582  0.322101  0.95941  0.292106  0.719356  0.883211  
0.702186  1.40401  2.10609  2.80862  9.9999  8.97727e-05  13.9998  15.9999  17.9987  0.000209639  22  23.9987  1.47098e-05  0.000380157  3.78011e-05  31.998  33.9992  35.999  37.9999  39.9996  41.9997  43.9997  0.00063145  47.9986  0.351093  0.351003  0.351016  0.351077  0.99999  7.48106e-06  0.999987  0.999994  0.999929  1.0482e-05  0.999999  0.999945  5.65762e-07  1.3577e-05  1.26004e-06  0.999939  0.999975  0.999974  0.999996  0.999989  0.999992  0.999993  1.37272e-05  0.99997  
0.697719  1.40443  2.1  2.8  9.99935  11.9986  14  16  5.70971e-05  19.998  21.9996  23.9993  0.000114569  27.9963  0.000441308  31.9997  33.9998  35.999  0.00236841  39.9983  41.9997  43.9995  0.000300582  47.9993  0.34886  0.351107  0.349999  0.350001  0.999935  0.999885  0.999999  0.999999  3.17206e-06  0.999901  0.999981  0.99997  4.40648e-06  0.999868  1.47103e-05  0.999991  0.999995  0.999973  6.23266e-05  0.999958  0.999993  0.999988  6.5344e-06  0.999985  
0.7  1.4  2.1023  2.80625  9.99995  6.82611e-05  13.9999  8.25661e-05  17.9997  19.9996  21.9998  23.9992  4.76479e-05  0.000398327  1.12243e-05  0.000287525  0.000165212  35.9987  0.000137311  40  41.9987  43.9982  0.000312044  0.00110378  0.35  0.35  0.350383  0.350781  0.999995  5.68843e-06  0.999991  5.16038e-06  0.999984  0.999979  0.999991  0.999966  1.83261e-06  1.4226e-05  3.74143e-07  8.98515e-06  4.85917e-06  0.999965  3.61345e-06  1  0.999968  0.999958  6.78356e-06  2.29953e-05  
0.710776  1.43057  2.15939  2.87132  9.99947  0.000116965  13.9999  15.9996  0.000180776  19.9988  21.9997  23.9987  4.95348e-05  0.000618089  1.91467e-05  0.00035343  34  35.9986  37.9997  39.9986  41.9996  43.9982  0.000413012  0.000524864  0.355388  0.357643  0.359898  0.358914  0.999947  9.74705e-06  0.999994  0.999976  1.00431e-05  0.999939  0.999985  0.999944  1.90519e-06  2.20746e-05  6.38222e-07  1.10447e-05  0.999999  0.999961  0.999991  0.999965  0.99999  0.99996  8.97851e-06  1.09347e-05  
0.689059  1.39278  2.13043  3.14561  9.99993  8.20047e-05  13.9999  9.36195e-05  9.23518e-05  19.9999  21.9998  23.999  0.000132699  0.000436886  2.62501e-06  31.9999  33.9999  35.9988  0.0023782  39.9983  41.9986  43.9981  0.000381188  0.00111184  0.34453  0.348196  0.355071  0.393202  0.999993  6.83373e-06  0.999996  5.85122e-06  5.13066e-06  0.999994  0.99999  0.99996  5.10379e-06  1.56031e-05  8.75002e-08  0.999995  0.999996  0.999965  6.25843e-05  0.999958  0.999968  0.999957  8.28669e-06  2.31632e-05  
0.719441  1.32549  2.13287  2.93627  9.99951  0.000252445  13.9999  16  17.9999  19.9995  21.9998  23.9977  0.000170194  27.9991  0.000238218  0.000139773  33.9997  35.9999  38  39.9982  41.9999  43.9992  0.00239819  47.9983  0.35972  0.331372  0.355479  0.367034  0.999951  2.10371e-05  0.999993  0.999998  0.999995  0.999974  0.999991  0.999904  6.54594e-06  0.999968  7.9406e-06  4.36792e-06  0.999991  0.999996  0.999999  0.999955  0.999999  0.999982  5.21346e-05  0.999964  
0.709221  1.42339  2.14553  3.46673  9.99995  0.000251242  14  15.9999  17.9987  19.9999  21.9997  23.9996  1.2623e-05  27.9991  1.88796e-05  7.6681e-05  33.9991  35.9995  38  39.9988  41.9999  43.9992  5.27496e-05  0.000551299  0.35461  0.355846  0.357588  0.433342  0.999995  2.09368e-05  0.999998  0.999995  0.999931  0.999994  0.999986  0.999981  4.85502e-07  0.999966  6.29321e-07  2.39628e-06  0.999974  0.999987  1  0.999971  0.999996  0.999983  1.14673e-06  1.14854e-05  
0.782449  1.44104  2.19816  3.04269  9.99953  9.16293e-05  13.9999  0.000112238  0.000762471  19.9997  21.9997  23.999  0.000533823  27.9991  0.00123373  0.000154027  34  35.9987  0.000395196  39.9986  42  43.9983  0.00118663  0.000721723  0.391225  0.360261  0.36636  0.380337  0.999953  7.63577e-06  0.999992  7.01489e-06  4.23595e-05  0.999984  0.999988  0.999959  2.05316e-05  0.999967  4.11245e-05  4.81333e-06  0.999999  0.999963  1.03999e-05  0.999965  0.999999  0.999962  2.57962e-05  1.50359e-05  
0.70905  1.52498  2.07508  3.43832  9.99967  11.9997  13.9998  15.9998  17.9998  19.9987  21.9995  23.9987  5.26422e-06  0.000194345  0.000430996  0.00012805  33.9994  35.9998  0.000106429  39.9997  41.9994  43.9981  0.000176423  0.000582499  0.354525  0.381246  0.345846  0.42979  0.999967  0.999975  0.999987  0.999986  0.999991  0.999937  0.999978  0.999944  2.0247e-07  6.94091e-06  1.43665e-05  4.00155e-06  0.999981  0.999995  2.80077e-06  0.999992  0.999986  0.999958  3.83529e-06  1.21354e-05  
0.687979  1.71941  2.0708  2.74202  9.99941  11.9998  13.9999  15.9999  0.00079851  19.9997  21.9994  23.9987  3.12015e-05  0.000429666  0.000292508  0.000171516  33.9946  35.9994  0.000417626  39.9989  41.9998  43.9995  0.000412179  0.000457406  0.34399  0.429852  0.345133  0.342753  0.999941  0.999983  0.999993  0.999995  4.43617e-05  0.999985  0.999972  0.999947  1.20006e-06  1.53452e-05  9.75028e-06  5.35986e-06  0.999841  0.999984  1.09902e-05  0.999974  0.999995  0.999988  8.96041e-06  9.52929e-06  
0.704693  1.42294  1.7753  3.26064  9.99996  0.000252445  14  15.9999  17.9987  0.00056937  21.9993  23.9995  1.45087e-05  27.9991  0.00010413  0.000139773  33.9997  35.9986  37.9998  39.9981  41.9996  43.9994  0.000282543  47.9971  0.352347  0.355736  0.295883  0.40758  0.999996  2.10371e-05  0.999999  0.999995  0.999929  2.84685e-05  0.99997  0.999978  5.58026e-07  0.999968  3.47099e-06  4.36792e-06  0.999992  0.999961  0.999996  0.999953  0.99999  0.999987  6.14225e-06  0.99994  
0.753497  1.57343  2.20629  3.31229  9.9997  11.9998  13.9998  15.9999  17.9995  19.9997  21.9997  23.9988  5.29293e-05  2.98775e-05  7.29838e-05  0.000171516  33.998  35.9988  0.000417626  39.9993  41.9997  43.9985  0.000549039  0.000457406  0.376748  0.393358  0.367715  0.414036  0.99997  0.999983  0.999989  0.999995  0.999972  0.999987  0.999987  0.999948  2.03574e-06  1.06705e-06  2.43279e-06  5.35986e-06  0.999941  0.999966  1.09902e-05  0.999982  0.999993  0.999967  1.19356e-05  9.52929e-06  
0.744353  1.48217  1.95359  3.54064  9.99978  11.9984  13.9988  16  0.000116719  0.000209639  21.9994  23.9996  0.000719753  27.9998  0.000604998  31.9972  33.9995  35.9999  0.000191363  40  41.9998  43.9985  0.000738955  47.9969  0.372176  0.370543  0.325598  0.44258  0.999978  0.999865  0.999912  0.999998  6.48437e-06  1.0482e-05  0.999975  0.999982  2.76828e-05  0.999994  2.01666e-05  0.999913  0.999987  0.999996  5.03587e-06  0.999999  0.999995  0.999967  1.60642e-05  0.999936  
0.670495  1.76052  2.28123  2.74577  9.99949  9.44628e-05  13.9999  6.62639e-05  17.9998  19.9982  21.9996  23.9986  4.2117e-05  0.000698276  0.000378259  7.00012e-05  33.9997  35.9998  38  39.9978  41.9984  43.9992  0.000208952  0.00111864  0.335247  0.440129  0.380205  0.343222  0.999949  7.8719e-06  0.999993  4.14149e-06  0.999989  0.99991  0.999984  0.999943  1.61989e-06  2.49384e-05  1.26086e-05  2.18754e-06  0.999992  0.999994  0.999999  0.999946  0.999962  0.999981  4.54244e-06  2.33049e-05  
0.697429  1.33714  3.02236  2.66252  9.99988  7.27292e-05  13.9998  15.9999  17.9987  19.9999  22  23.9999  1.6877e-05  27.9986  5.40062e-05  7.6681e-05  33.9991  35.9998  0.000714495  40  41.9997  43.9997  0.000756006  47.9986  0.348714  0.334284  0.503726  0.332814  0.999988  6.06077e-06  0.999987  0.999994  0.999931  0.999994  0.999999  0.999994  6.49115e-07  0.999951  1.80021e-06  2.39628e-06  0.999974  0.999995  1.88025e-05  1  0.999992  0.999993  1.64349e-05  0.999972  
0.782531  1.24467  1.94638  3.04859  9.99988  0.000106299  14  0.000261101  0.00147557  0.000349895  21.9995  23.9969  0.00031451  27.9982  0.000518921  0.00015297  33.9989  35.9995  37.9988  39.9984  41.9999  43.9995  45.9995  0.00043645  0.391266  0.311168  0.324397  0.381074  0.999988  8.85825e-06  0.999997  1.63188e-05  8.19763e-05  1.74948e-05  0.999979  0.99987  1.20966e-05  0.999936  1.72974e-05  4.78032e-06  0.999969  0.999987  0.999969  0.99996  0.999997  0.999989  0.99999  9.09271e-06  
0.774927  1.315  2.72617  3.13485  9.99977  0.000139161  13.9996  0.000134772  17.9998  19.9993  21.9995  23.9991  7.49516e-05  0.000667562  6.63457e-05  0.000260172  0.00015448  35.9988  0.000115291  39.9996  41.9997  43.9994  0.00191308  0.00049864  0.387464  0.328749  0.454362  0.391857  0.999977  1.15968e-05  0.999972  8.42325e-06  0.999986  0.999963  0.999978  0.999964  2.88275e-06  2.38415e-05  2.21152e-06  8.13037e-06  4.54353e-06  0.999966  3.03397e-06  0.999991  0.999993  0.999987  4.15886e-05  1.03883e-05  
0.709555  1.0403  2.16429  2.76124  9.9998  11.9998  13.9999  15.9996  0.000116772  19.9995  21.9994  23.9992  5.43565e-05  27.9995  0.00026071  0.000342422  34  35.9996  37.9997  39.9984  41.998  43.9985  0.0004348  47.9971  0.354778  0.260075  0.360715  0.345155  0.99998  0.999987  0.999993  0.999975  6.48734e-06  0.999975  0.999975  0.999965  2.09064e-06  0.999983  8.69033e-06  1.07007e-05  0.999999  0.999989  0.999991  0.99996  0.999953  0.999967  9.45217e-06  0.99994  
0.697317  1.4238  3.22002  2.42316  9.99967  6.00983e-05  13.9999  9.1236e-05  0.000229618  19.9997  21.9995  23.9991  5.48231e-05  0.000413927  1.76901e-05  0.000507617  33.9991  35.9988  0.00207965  39.9992  41.9997  43.9982  0.000342843  0.000551138  0.348659  0.35595  0.53667  0.302896  0.999967  5.00819e-06  0.999992  5.70225e-06  1.27566e-05  0.999984  0.999977  0.999961  2.10858e-06  1.47831e-05  5.8967e-07  1.5863e-05  0.999975  0.999966  5.47275e-05  0.999979  0.999993  0.999959  7.45311e-06  1.1482e-05  
0.907341  1.41764  1.80935  2.56144  9.9995  6.3939e-05  14  9.82075e-05  17.9994  19.9996  21.9986  23.9992  5.43565e-05  0.000699213  0.0011852  0.000354799  33.9988  35.9989  37.9997  40  41.9996  43.9995  0.000323439  0.000526591  0.453671  0.35441  0.301558  0.320181  0.99995  5.32825e-06  0.999998  6.13797e-06  0.999964  0.99998  0.999936  0.999968  2.09064e-06  2.49719e-05  3.95067e-05  1.10875e-05  0.999964  0.999969  0.999991  0.999999  0.999989  0.999988  7.03128e-06  1.09707e-05  
0.776818  1.48686  1.43162  2.70481  9.99948  0.000104301  14  16  17.9998  0.000448582  21.9998  23.9977  0.000196229  27.999  0.000118088  0.000909215  33.9985  35.9996  37.9996  39.9982  41.9984  43.9991  0.00099837  0.00107613  0.388409  0.371715  0.238603  0.338101  0.999948  8.69176e-06  0.999997  0.999999  0.99999  2.24291e-05  0.999991  0.999904  7.54725e-06  0.999966  3.93628e-06  2.8413e-05  0.999955  0.99999  0.999989  0.999954  0.999961  0.999979  2.17037e-05  2.24193e-05  
0.726215  1.05064  1.86155  2.82001  9.99942  0.000179256  13.9999  1.89038e-05  7.88071e-05  0.000369852  21.9992  23.9991  4.3194e-05  3.69051e-05  9.04327e-05  0.000110268  33.9986  35.9995  37.9994  39.9997  41.9999  43.9997  0.000135615  47.9997  0.363108  0.26266  0.310258  0.352502  0.999942  1.4938e-05  0.999992  1.18149e-06  4.37817e-06  1.84926e-05  0.999962  0.999962  1.66131e-06  1.31804e-06  3.01442e-06  3.44589e-06  0.99996  0.999987  0.999984  0.999991  0.999997  0.999994  2.94814e-06  0.999995  
0.747451  1.45176  1.41224  3.416  9.99971  0.000477654  13.9999  15.9998  17.9997  19.9997  21.9995  23.9991  5.0316e-05  27.9999  0.000961314  0.000324353  0.000314482  35.9988  8.82464e-05  39.9993  41.9997  43.9986  0.000463982  47.9983  0.373726  0.362941  0.235374  0.427  0.999971  3.98045e-05  0.999994  0.999986  0.999986  0.999985  0.999976  0.999964  1.93523e-06  0.999996  3.20438e-05  1.0136e-05  9.24946e-06  0.999965  2.32227e-06  0.999982  0.999993  0.999968  1.00866e-05  0.999964  
0.702721  1.05601  2.79271  2.74121  9.99963  0.000682397  13.9999  15.9999  17.9987  0.001245  21.9994  23.9996  0.000719753  0.000119209  0.000302175  0.000242407  33.9984  35.9998  7.32846e-05  39.9995  41.9996  43.9996  0.000565085  47.9976  0.351361  0.264004  0.465452  0.342652  0.999963  5.68664e-05  0.999994  0.999992  0.999931  6.22499e-05  0.999974  0.999982  2.76828e-05  4.25745e-06  1.00725e-05  7.57521e-06  0.999954  0.999995  1.92854e-06  0.999987  0.99999  0.999992  1.22844e-05  0.99995  
0.761757  1.24331  3.14809  3.21501  9.99953  0.000321899  13.9996  15.9996  17.9985  19.9992  21.9993  23.9991  0.000753077  27.9996  0.000341694  0.000221097  33.9987  35.9997  4.10513e-05  39.9997  41.9994  43.9994  0.000428064  0.000260252  0.380879  0.310827  0.524681  0.401876  0.999953  2.68249e-05  0.999971  0.999977  0.999915  0.999961  0.999968  0.999961  2.89645e-05  0.999987  1.13898e-05  6.90927e-06  0.999962  0.999993  1.0803e-06  0.999994  0.999987  0.999987  9.30575e-06  5.42192e-06  
0.7633  0.950445  2.20128  2.69779  9.99967  11.9996  13.9986  15.9999  17.9988  0.000327403  21.9994  23.9999  0.00146743  27.9981  0.000353377  0.000132805  33.9987  35.9987  0.000532333  39.9995  41.9998  43.9989  0.00013526  0.000698898  0.38165  0.237611  0.366879  0.337223  0.999967  0.999965  0.999899  0.999996  0.999936  1.63702e-05  0.999972  0.999995  5.64398e-05  0.999931  1.17792e-05  4.15016e-06  0.999962  0.999965  1.40088e-05  0.999988  0.999994  0.999974  2.94043e-06  1.45604e-05  
0.722944  1.36678  1.07976  3.17294  9.99988  0.000321899  14  15.9996  0.00128649  0.000175499  21.9994  23.9991  0.00120974  27.9982  3.80946e-05  31.9955  33.9994  35.9963  0.00347355  39.9984  41.9994  43.9994  0.000174056  47.9993  0.361472  0.341694  0.179961  0.396618  0.999988  2.68249e-05  0.999997  0.999977  7.14717e-05  8.77494e-06  0.999972  0.999961  4.65284e-05  0.999937  1.26982e-06  0.999859  0.999983  0.999897  9.14091e-05  0.999959  0.999987  0.999987  3.78384e-06  0.999985  
0.71746  1.05085  3.14817  2.78191  9.99961  0.000183114  13.9998  0.000209409  6.71911e-05  0.000110205  21.9992  23.9998  0.000103819  0.000546565  0.00027555  0.000470813  33.9991  35.9997  37.9994  39.9996  41.9999  43.9997  0.00013805  0.000634313  0.35873  0.262711  0.524696  0.347739  0.999961  1.52595e-05  0.999987  1.30881e-05  3.73284e-06  5.51025e-06  0.999962  0.999993  3.99303e-06  1.95202e-05  9.185e-06  1.47129e-05  0.999973  0.999991  0.999984  0.999991  0.999997  0.999994  3.00108e-06  1.32148e-05  
0.738694  1.22315  1.31082  3.17934  9.99995  11.9987  13.9999  15.9995  17.9997  0.0012716  21.9995  23.9992  0.00163596  27.9997  0.00115243  0.000252932  33.9991  35.9987  37.9996  39.9984  41.9997  43.9979  0.000308043  47.9996  0.369347  0.305787  0.21847  0.397417  0.999995  0.999892  0.99999  0.999967  0.999981  6.35801e-05  0.999975  0.999966  6.29215e-05  0.999988  3.84143e-05  7.90413e-06  0.999974  0.999963  0.999989  0.999961  0.999992  0.999953  6.69658e-06  0.999992  
0.709424  1.39749  2.16267  2.51613  9.99986  11.9991  13.9999  15.9992  17.9999  19.9996  21.9997  23.9999  0.000524092  5.0868e-05  0.000574423  31.9998  33.9991  35.9987  0.000209056  39.9989  41.9997  43.9986  0.000155291  0.000982509  0.354712  0.349374  0.360445  0.314517  0.999986  0.999923  0.999993  0.999952  0.999993  0.999981  0.999988  0.999996  2.01574e-05  1.81671e-06  1.91474e-05  0.999993  0.999974  0.999964  5.50146e-06  0.999971  0.999993  0.999967  3.37589e-06  2.04689e-05  
0.772578  1.52559  1.17348  3.43816  9.99999  0.00064249  13.9998  16  0.0014363  19.9999  21.9998  23.9971  8.36198e-05  27.9993  2.0158e-05  4.65902e-05  33.9978  35.9992  0.000510941  39.9998  41.9997  43.9982  0.000258338  47.9987  0.386289  0.381398  0.19558  0.42977  0.999999  5.35408e-05  0.999986  0.999998  7.97944e-05  0.999996  0.999989  0.999881  3.21615e-06  0.999976  6.71935e-07  1.45594e-06  0.999936  0.999977  1.34458e-05  0.999995  0.999993  0.99996  5.61604e-06  0.999973  
0.764386  0.952785  1.64537  2.7731  9.99982  8.52977e-05  13.9998  15.9997  17.9973  0.000365553  21.9998  23.9989  0.00166293  0.00034662  0.00115169  0.000111374  34  35.9995  0.00264873  39.9984  41.9975  43.9985  45.9995  47.9957  0.382193  0.238196  0.274228  0.346638  0.999982  7.10814e-06  0.999983  0.999984  0.999848  1.82777e-05  0.999991  0.999954  6.39587e-05  1.23793e-05  3.83896e-05  3.48043e-06  0.999999  0.999987  6.97035e-05  0.999961  0.99994  0.999966  0.999989  0.999911  
0.909888  1.61654  3.17833  3.5745  9.99941  11.9998  13.9999  15.9999  0.000797137  19.9997  21.9994  23.9987  1.84247e-05  27.9999  0.000274792  31.9998  33.9988  35.9994  0.00034656  39.9989  41.9998  43.9995  0.000390219  0.000446893  0.454944  0.404135  0.529721  0.446813  0.999941  0.999983  0.999992  0.999994  4.42854e-05  0.999985  0.999972  0.999947  7.08641e-07  0.999996  9.15972e-06  0.999994  0.999966  0.999985  9.12e-06  0.999974  0.999995  0.999988  8.48301e-06  9.31027e-06  
0.351899  1.47689  2.10814  2.93384  9.99995  0.00010055  13.9999  16  17.9999  19.9999  21.9995  23.9987  4.77601e-05  0.00040349  0.00129777  0.000262818  0.00013886  35.9988  38  39.9992  41.9984  43.9981  0.000260375  47.9996  0.175949  0.369224  0.351357  0.36673  0.999995  8.37914e-06  0.999992  0.999998  0.999992  0.999996  0.999975  0.999945  1.83693e-06  1.44104e-05  4.32589e-05  8.21306e-06  4.08411e-06  0.999965  0.999999  0.99998  0.999962  0.999958  5.66032e-06  0.999992  
0.703794  1.40898  5.03152  2.9281  9.99969  0.000115414  13.9998  7.7186e-05  0.000109713  19.9999  21.9995  23.9993  8.28295e-05  0.000423198  2.10904e-05  0.000307764  0.00013605  35.9988  37.9994  39.9998  41.9997  43.9981  0.000363178  47.9999  0.351897  0.352246  0.838587  0.366012  0.999969  9.6178e-06  0.999983  4.82412e-06  6.09519e-06  0.999995  0.999976  0.999971  3.18575e-06  1.51142e-05  7.03015e-07  9.61762e-06  4.00146e-06  0.999967  0.999984  0.999994  0.999993  0.999958  7.89517e-06  0.999998  
0.714881  0.997306  1.38156  3.27721  9.99976  11.9996  13.9999  15.9991  17.9988  19.9986  21.9994  23.9993  8.60337e-05  27.9998  0.00108083  31.9972  33.9984  35.9986  0.00183304  39.9983  41.9996  43.9983  0.000287382  47.9949  0.357441  0.249326  0.23026  0.409651  0.999976  0.999966  0.999993  0.999945  0.999932  0.99993  0.999975  0.999971  3.30899e-06  0.999994  3.60276e-05  0.999914  0.999953  0.999962  4.82378e-05  0.999958  0.99999  0.999962  6.24743e-06  0.999894  
0.829545  1.5361  0.930427  3.27786  9.99971  0.000311261  13.9999  15.9998  17.9991  19.9996  21.9995  23.9991  4.99371e-05  27.9999  0.000961589  0.000323452  0.000290595  35.9987  37.9998  39.9993  41.9997  43.9986  0.00046362  47.9975  0.414772  0.384026  0.155071  0.409733  0.999971  2.59384e-05  0.999994  0.999986  0.999949  0.999981  0.999976  0.999964  1.92066e-06  0.999996  3.2053e-05  1.01079e-05  8.54691e-06  0.999963  0.999995  0.999982  0.999993  0.999968  1.00787e-05  0.999947  
0.883209  0.925276  2.82611  3.04049  9.99962  8.53068e-05  14  15.9994  17.9993  19.9996  21.9994  23.9996  0.00101302  27.999  0.000279416  0.00389536  33.9992  35.9986  0.00264889  39.9982  41.9952  43.9994  45.999  47.9957  0.441605  0.231319  0.471018  0.380062  0.999962  7.1089e-06  0.999998  0.999962  0.999964  0.99998  0.999974  0.999984  3.89623e-05  0.999965  9.31388e-06  0.00012173  0.999978  0.999961  6.97076e-05  0.999954  0.999885  0.999986  0.999979  0.999911  
0.7823  1.45168  2.14251  6.8092  9.99992  0.000117102  13.9999  0.000181947  5.91232e-05  19.9993  21.9991  23.9993  0.000385813  0.000392901  5.7358e-06  0.000635154  0.000752221  35.9998  37.9994  39.9998  41.9994  43.9996  0.00240019  0.000477823  0.39115  0.36292  0.357085  0.85115  0.999992  9.75847e-06  0.999995  1.13717e-05  3.28462e-06  0.999963  0.999959  0.99997  1.4839e-05  1.40322e-05  1.91193e-07  1.98486e-05  2.21241e-05  0.999995  0.999984  0.999994  0.999986  0.999991  5.21781e-05  9.95465e-06  
0.878065  0.996065  1.3789  2.96772  9.99991  0.000545572  13.9998  15.9998  17.9995  0.00045074  21.9996  23.9991  4.17901e-05  0.000426133  2.27842e-05  0.00070622  6.22767e-05  35.9985  0.000367956  39.9996  41.9999  43.9983  0.000244432  0.00156558  0.439032  0.249016  0.229817  0.370965  0.999991  4.54643e-05  0.999988  0.999987  0.999971  2.2537e-05  0.99998  0.999964  1.60731e-06  1.52191e-05  7.59474e-07  2.20694e-05  1.83167e-06  0.999959  9.68305e-06  0.99999  0.999998  0.999961  5.31375e-06  3.26163e-05  
0.907674  1.6504  4.45519  2.73882  9.99954  0.000105476  13.9999  15.9999  17.9965  19.9999  21.9995  23.9994  4.71676e-05  28  0.000180397  0.000306048  33.9989  35.9987  0.000264734  39.9994  41.9997  43.9993  0.000340329  47.9996  0.453837  0.4126  0.742531  0.342352  0.999954  8.78968e-06  0.999995  0.999994  0.999803  0.999996  0.999978  0.999973  1.81414e-06  1  6.01322e-06  9.56401e-06  0.999969  0.999964  6.96669e-06  0.999985  0.999994  0.999985  7.39845e-06  0.999992  
0.377274  1.83356  2.03191  3.29986  9.99992  0.000216926  13.9998  0.000198758  0.000797137  0.000146388  21.9992  23.9988  5.43354e-05  0.00067099  7.05787e-05  0.000171569  33.9997  35.9992  0.000417626  39.9996  41.9999  43.9997  0.00014457  47.9991  0.188637  0.45839  0.338652  0.412482  0.999992  1.80772e-05  0.999988  1.24224e-05  4.42854e-05  7.31941e-06  0.999964  0.999952  2.08982e-06  2.39639e-05  2.35262e-06  5.36152e-06  0.999992  0.999977  1.09902e-05  0.99999  0.999998  0.999992  3.14282e-06  0.999982  
0.705655  1.51915  5.65534  2.82476  9.9999  11.9991  13.9999  15.9992  17.9999  20  21.9998  24  0.00052346  2.99271e-05  0.000489635  31.9998  33.998  35.9987  38  39.9988  41.9997  43.9986  0.000176277  0.000457358  0.352827  0.379787  0.942556  0.353095  0.99999  0.999923  0.999993  0.999952  0.999996  1  0.999989  0.999998  2.01331e-05  1.06883e-06  1.63212e-05  0.999993  0.999941  0.999965  1  0.999971  0.999994  0.999967  3.8321e-06  9.52828e-06  
0.707472  0.808216  1.59857  4.13813  9.99939  0.000859047  14  16  17.9993  19.9995  21.999  23.999  9.17841e-05  0.000139007  0.00114081  0.000396022  0.0002129  35.9996  0.000142048  39.9999  41.9986  43.9996  0.000238766  0.000545163  0.353736  0.202054  0.266428  0.517267  0.999939  7.15872e-05  0.999999  0.999999  0.999963  0.999977  0.999954  0.999958  3.53016e-06  4.96454e-06  3.8027e-05  1.23757e-05  6.26176e-06  0.999989  3.7381e-06  0.999998  0.999968  0.99999  5.19056e-06  1.13576e-05  
0.701735  1.26743  4.80666  2.61068  9.99976  12  13.9999  16  17.9987  19.9986  21.9995  23.9992  2.82623e-05  0.000119209  0.000482904  0.000242407  33.9984  35.9986  0.00144461  39.9983  41.9996  43.9983  0.000565085  47.9976  0.350868  0.316857  0.80111  0.326335  0.999976  0.999996  0.999994  0.999998  0.999931  0.99993  0.999975  0.999968  1.08701e-06  4.25745e-06  1.60968e-05  7.57521e-06  0.999954  0.999962  3.80159e-05  0.999957  0.99999  0.999961  1.22844e-05  0.99995  
0.930459  0.72563  2.87889  2.72242  9.99956  0.000118111  14  3.98932e-05  17.9999  0.000209639  21.9994  23.9986  0.00014348  27.9997  7.37142e-08  8.14975e-05  33.9995  35.9995  37.9996  39.9988  41.9995  43.9994  0.000369882  0.000455331  0.46523  0.181408  0.479815  0.340302  0.999956  9.84258e-06  0.999999  2.49332e-06  0.999995  1.0482e-05  0.999972  0.999943  5.51847e-06  0.999991  2.45714e-09  2.5468e-06  0.999984  0.999986  0.999989  0.999971  0.999989  0.999986  8.04091e-06  9.48606e-06  
0.834836  1.50848  2.16092  7.46268  9.99962  11.9998  13.9986  0.00110622  17.9991  0.000718956  21.9994  23.9986  7.94986e-05  27.9987  0.00161355  31.998  0.000296988  35.9992  9.54433e-05  39.9999  41.9993  43.999  0.000678082  47.9961  0.417418  0.377119  0.360153  0.932835  0.999962  0.999984  0.999899  6.91388e-05  0.999949  3.59478e-05  0.999974  0.999944  3.05764e-06  0.999954  5.3785e-05  0.999937  8.73494e-06  0.999977  2.51167e-06  0.999998  0.999983  0.999976  1.47409e-05  0.999918  
0.707745  1.39822  1.393  2.59678  9.99974  0.000490103  13.9999  15.9998  17.9988  0.000418875  22  23.9992  3.1242e-05  27.9998  0.000946766  0.000228241  0.000250844  35.9986  0.00159945  39.9994  41.9999  43.9985  0.000391067  47.9982  0.353873  0.349555  0.232166  0.324597  0.999974  4.08419e-05  0.999994  0.999986  0.999932  2.09437e-05  0.999998  0.999966  1.20162e-06  0.999992  3.15589e-05  7.13252e-06  7.37775e-06  0.999961  4.20908e-05  0.999986  0.999997  0.999966  8.50145e-06  0.999963  
0.687459  0.902439  4.81115  2.93247  9.99948  11.9997  14  9.00397e-05  17.997  19.9997  21.9986  23.9993  0.000941512  27.9998  0.000222972  0.000439107  33.9986  35.9993  0.000615221  39.9999  41.9998  43.9997  0.0005492  47.9992  0.34373  0.22561  0.801858  0.366558  0.999948  0.999978  0.999999  5.62748e-06  0.999834  0.999987  0.999934  0.999971  3.6212e-05  0.999992  7.43242e-06  1.37221e-05  0.999959  0.999982  1.619e-05  0.999999  0.999995  0.999993  1.19391e-05  0.999984  
0.701333  1.40218  2.17622  2.64683  9.99996  11.9987  13.9999  0.000347352  17.9998  19.9987  21.9995  23.9992  3.72165e-05  27.9996  0.00117096  0.000260579  0.000151493  35.9988  37.9997  39.9983  41.9996  43.9981  0.000300593  47.9999  0.350667  0.350544  0.362703  0.330854  0.999996  0.999891  0.999992  2.17095e-05  0.999986  0.999935  0.999977  0.999967  1.43141e-06  0.999987  3.90322e-05  8.14309e-06  4.45568e-06  0.999967  0.999992  0.999958  0.999991  0.999956  6.53462e-06  0.999999  
0.682229  1.42666  3.35564  6.972  9.99971  0.000118014  14  15.9999  17.9984  0.00056937  22  23.9999  1.45087e-05  27.9991  4.30218e-05  31.9986  33.9994  35.9991  0.000878877  39.9986  41.9997  43.9994  0.000282543  0.00023063  0.341115  0.356665  0.559273  0.8715  0.999971  9.83451e-06  0.999999  0.999995  0.999913  2.84685e-05  0.999998  0.999995  5.58026e-07  0.999968  1.43406e-06  0.999957  0.999982  0.999974  2.31284e-05  0.999964  0.999993  0.999987  6.14225e-06  4.8048e-06  
0.76709  0.776671  4.40016  2.56402  9.99997  0.000117997  13.9999  15.9998  17.9988  19.9995  21.9995  23.9992  25.9999  27.9979  0.000570982  31.9987  33.9999  35.9968  37.9996  39.9988  41.9987  43.9985  45.9995  47.9999  0.383545  0.194168  0.73336  0.320503  0.999997  9.83305e-06  0.999992  0.99999  0.999932  0.999975  0.999978  0.999968  0.999998  0.999924  1.90327e-05  0.99996  0.999997  0.99991  0.999989  0.999971  0.999968  0.999966  0.999989  0.999997  
0.90065  1.64566  2.15686  7.7588  9.99963  0.000561519  14  15.9984  17.9989  0.000732107  21.9979  23.9992  0.000857004  0.000262279  0.000570976  31.998  33.9999  35.9996  0.00159945  39.9989  41.9959  43.9996  0.00365549  0.00207404  0.450325  0.411415  0.359477  0.96985  0.999963  4.67933e-05  1  0.999903  0.999939  3.66054e-05  0.999905  0.999966  3.29617e-05  9.3671e-06  1.90325e-05  0.999938  0.999998  0.99999  4.20908e-05  0.999974  0.999903  0.99999  7.94672e-05  4.32092e-05  
0.69902  1.04658  3.14166  3.21562  9.99989  11.9998  14  16  17.9988  0.000348866  22  23.9992  0.000888965  27.9982  0.000497117  31.9992  33.9989  35.9995  0.00159494  39.9989  41.9998  43.9995  0.00105543  0.000447156  0.34951  0.261644  0.52361  0.401953  0.999989  0.999984  0.999999  0.999998  0.999931  1.74433e-05  0.999999  0.999968  3.41909e-05  0.999934  1.65706e-05  0.999974  0.999968  0.999986  4.19722e-05  0.999973  0.999996  0.999989  2.29441e-05  9.31575e-06  
0.753907  1.26002  5.02405  1.7473  9.99948  11.9992  13.9999  7.22794e-05  17.9999  19.9997  21.9985  23.9992  5.92959e-05  27.9998  0.000103004  0.000268336  33.9991  35.9989  0.000225204  39.9999  41.9998  43.9996  0.000324362  47.999  0.376954  0.315006  0.837342  0.218413  0.999948  0.99993  0.999996  4.51746e-06  0.999996  0.999983  0.999933  0.999965  2.28061e-06  0.999994  3.43347e-06  8.3855e-06  0.999973  0.999968  5.92642e-06  0.999998  0.999994  0.999992  7.05136e-06  0.999979  
0.748392  0.480752  1.41549  4.1062  9.9997  0.000314748  13.9999  0.000136491  17.9991  19.9997  21.9994  23.9992  7.74417e-05  27.9999  0.000947741  0.000346495  34  35.9987  37.9998  39.9994  41.9997  43.9985  0.00206479  0.00172851  0.374196  0.120188  0.235915  0.513275  0.99997  2.6229e-05  0.999994  8.53071e-06  0.999948  0.999983  0.999974  0.999965  2.97853e-06  0.999995  3.15914e-05  1.0828e-05  0.999999  0.999965  0.999995  0.999986  0.999993  0.999965  4.48867e-05  3.60107e-05  
0.760805  0.894168  5.13098  3.61244  9.99997  11.9991  13.9999  15.9992  17.9998  19.999  21.9998  24  0.000531331  0.000625832  0.00064707  31.9999  33.9999  35.9987  5.60782e-05  39.9987  41.9994  43.9984  0.000176199  0.000503743  0.380403  0.223542  0.855163  0.451555  0.999997  0.999923  0.999992  0.999951  0.99999  0.999951  0.999989  0.999998  2.04358e-05  2.23512e-05  2.1569e-05  0.999997  0.999996  0.999965  1.47574e-06  0.999968  0.999987  0.999964  3.83041e-06  1.04946e-05  
0.707081  1.40024  2.16017  3.54474  9.99968  9.344e-05  13.9999  0.000448516  17.9997  0.000718956  21.9999  23.9985  0.000129459  0.000370361  6.74627e-06  0.000194623  33.9999  35.9992  9.54433e-05  39.999  41.9995  43.9987  0.00035898  0.00125272  0.35354  0.350061  0.360028  0.443093  0.999968  7.78666e-06  0.999994  2.80323e-05  0.999985  3.59478e-05  0.999994  0.999937  4.9792e-06  1.32272e-05  2.24876e-07  6.08197e-06  0.999996  0.999977  2.51167e-06  0.999976  0.999988  0.999971  7.80392e-06  2.60983e-05  
0.7618  1.51488  1.33823  7.50791  9.99982  9.33531e-05  13.9997  0.000136246  0.00131303  19.9999  21.9997  23.9997  0.00017357  0.000409272  29.9938  31.9998  33.9978  35.9996  0.00027804  39.9991  41.9996  43.9982  0.000335098  47.9913  0.3809  0.378719  0.223039  0.938489  0.999982  7.77943e-06  0.999977  8.51536e-06  7.29461e-05  0.999996  0.999985  0.999989  6.67576e-06  1.46168e-05  0.999793  0.999992  0.999936  0.999989  7.31683e-06  0.999977  0.99999  0.99996  7.28474e-06  0.999818  
0.774053  0.526891  4.58314  2.46583  9.99968  0.000242869  13.9999  0.000373175  17.9993  0.000849545  21.9998  23.9996  1.26222e-05  0.000413065  6.0281e-05  7.66747e-05  33.9991  35.9995  37.9996  39.9988  41.9999  43.9992  5.27501e-05  0.00199379  0.387026  0.131723  0.763856  0.308229  0.999968  2.0239e-05  0.99999  2.33234e-05  0.999961  4.24772e-05  0.999989  0.999981  4.85469e-07  1.47523e-05  2.00937e-06  2.39608e-06  0.999974  0.999987  0.999989  0.999971  0.999996  0.999983  1.14674e-06  4.15374e-05  
0.615501  1.06157  2.81304  7.57186  9.99991  0.000278824  13.9999  0.000179772  17.9991  19.9977  21.9991  23.9993  0.000391605  27.9959  0.00138268  31.9997  33.9999  35.9998  8.64965e-05  39.9989  42  43.9996  0.00102382  0.000473997  0.307751  0.265391  0.468841  0.946483  0.999991  2.32354e-05  0.999995  1.12357e-05  0.999952  0.999883  0.999959  0.999969  1.50617e-05  0.999855  4.60895e-05  0.999991  0.999998  0.999995  2.27622e-06  0.999972  0.999999  0.999991  2.2257e-05  9.87493e-06  
0.700083  1.4603  1.72578  3.54814  9.99978  11.9992  14  15.9996  17.9999  0.000209639  21.9999  23.9994  0.000719753  0.000119209  0.000604998  31.9997  33.9991  35.9999  0.0027029  39.999  41.9996  43.9994  0.000738955  47.9969  0.350041  0.365074  0.28763  0.443518  0.999978  0.999931  0.999998  0.999976  0.999995  1.0482e-05  0.999994  0.999977  2.76828e-05  4.25745e-06  2.01666e-05  0.999991  0.999973  0.999998  7.11289e-05  0.999974  0.99999  0.999986  1.60642e-05  0.999936  
0.929347  1.51924  5.6551  1.80154  9.9997  0.000283139  13.9999  0.000402218  17.9994  0.000955386  21.9998  23.9992  4.25799e-05  0.000377529  5.11401e-05  0.000324401  0.000296862  35.9999  37.9989  39.998  42  43.9988  0.00034953  0.00108103  0.464674  0.37981  0.942517  0.225192  0.99997  2.35949e-05  0.999992  2.51387e-05  0.999967  4.77693e-05  0.99999  0.999966  1.63769e-06  1.34832e-05  1.70467e-06  1.01375e-05  8.73124e-06  0.999997  0.99997  0.99995  0.999999  0.999973  7.59848e-06  2.25214e-05  
0.7133  3.77686  1.01693  3.35748  9.99969  9.521e-05  13.9998  4.5238e-05  17.9999  19.9987  21.9998  23.9986  1.62504e-05  0.000359072  0.0004151  0.000154027  33.9995  35.999  4.90713e-05  39.9997  41.9996  43.9981  0.000194594  0.000466135  0.35665  0.944216  0.169488  0.419685  0.999969  7.93416e-06  0.999988  2.82738e-06  0.999992  0.999935  0.999989  0.999944  6.25017e-07  1.2824e-05  1.38367e-05  4.81333e-06  0.999984  0.999972  1.29135e-06  0.999992  0.99999  0.999958  4.23031e-06  9.71114e-06  
0.785738  0.703535  5.43375  3.86246  9.9997  0.000509742  13.9999  0.000105067  17.9987  0.00056937  21.9997  23.9989  1.45087e-05  27.9989  0.000347067  0.000139773  33.9998  35.9995  38  39.998  41.9999  43.9994  0.00239819  47.9983  0.392869  0.175884  0.905624  0.482807  0.99997  4.24785e-05  0.99999  6.56667e-06  0.999929  2.84685e-05  0.999984  0.999956  5.58026e-07  0.99996  1.15689e-05  4.36792e-06  0.999993  0.999985  0.999999  0.999949  0.999998  0.999986  5.21346e-05  0.999964  
0.355865  0.34465  2.24844  2.83597  9.9997  9.2536e-05  13.9999  6.60574e-05  17.9998  19.9982  21.9997  23.9986  5.44537e-05  0.000711962  0.000342116  7.68293e-05  33.9998  35.9994  37.9999  39.998  41.9997  43.9994  0.000214954  0.000525513  0.177933  0.0861625  0.374741  0.354496  0.99997  7.71134e-06  0.999994  4.12859e-06  0.999989  0.99991  0.999984  0.999943  2.09437e-06  2.54272e-05  1.14039e-05  2.40092e-06  0.999993  0.999984  0.999998  0.99995  0.999994  0.999986  4.6729e-06  1.09482e-05  
0.70758  1.39392  4.3355  7.67662  9.99946  0.000323443  13.9996  16  17.9995  19.9977  21.9994  23.9991  0.000752744  0.00130843  0.000347109  0.000219804  33.9987  35.9986  8.64965e-05  39.9997  41.9994  43.9994  0.000431589  47.9976  0.35379  0.348481  0.722583  0.959577  0.999946  2.69535e-05  0.999971  0.999997  0.999973  0.999883  0.999974  0.999962  2.89517e-05  4.67296e-05  1.15703e-05  6.86889e-06  0.999962  0.999961  2.27622e-06  0.999994  0.999987  0.999987  9.38236e-06  0.99995  
0.929481  0.763828  2.85915  7.55981  9.99954  11.9997  13.9999  16  17.999  0.000348312  21.9995  23.9998  4.63252e-05  0.000238022  0.000252106  31.9992  33.999  35.9987  0.0002551  39.9994  41.9997  43.9992  0.000385525  47.9996  0.464741  0.190957  0.476525  0.944976  0.999954  0.999975  0.999995  0.999998  0.999945  1.74156e-05  0.999978  0.99999  1.78174e-06  8.5008e-06  8.40352e-06  0.999974  0.999969  0.999963  6.71314e-06  0.999984  0.999994  0.999983  8.38097e-06  0.999992  
0.794875  1.90475  1.00893  7.36705  9.99995  0.000247524  13.9999  16  0.00115985  0.00192307  21.9994  23.9987  0.00039122  27.9949  0.000102609  0.000307068  34  35.999  4.82394e-05  39.9995  41.9999  43.9985  0.00101902  0.00260591  0.397438  0.476189  0.168155  0.920881  0.999995  2.0627e-05  0.999993  0.999998  6.44359e-05  9.61533e-05  0.999974  0.999944  1.50469e-05  0.999817  3.42029e-06  9.59587e-06  0.999999  0.999971  1.26946e-06  0.999987  0.999998  0.999966  2.21527e-05  5.42898e-05  
0.700046  1.31618  4.68508  3.04019  9.99942  8.21055e-05  13.9999  0.000287361  17.9997  19.9999  21.9995  23.9992  4.3194e-05  27.9982  0.000129824  0.000277826  33.9998  35.9987  0.0015928  39.9992  41.9997  43.999  0.00111174  0.000199161  0.350023  0.329046  0.780846  0.380024  0.999942  6.84213e-06  0.999992  1.79601e-05  0.999983  0.999995  0.999976  0.999968  1.66131e-06  0.999937  4.32748e-06  8.68205e-06  0.999993  0.999965  4.19157e-05  0.999979  0.999993  0.999976  2.41683e-05  4.1492e-06  
0.735618  1.25923  4.26997  7.86222  9.99969  0.000241803  13.9998  0.000376885  17.9995  0.00094408  21.9998  23.9988  5.31116e-05  0.000417387  6.06781e-05  0.00038666  33.9999  35.9998  37.9985  39.998  41.9997  43.9988  0.000231784  0.00110244  0.367809  0.314808  0.711662  0.982777  0.999969  2.01502e-05  0.999989  2.35553e-05  0.99997  4.7204e-05  0.999989  0.999949  2.04276e-06  1.49067e-05  2.0226e-06  1.20831e-05  0.999998  0.999993  0.99996  0.99995  0.999993  0.999973  5.03878e-06  2.29675e-05  
0.905875  3.34055  5.26213  3.94597  9.99944  11.9997  13.9998  0.000205643  0.000846553  19.9999  21.999  23.9985  0.000149277  27.9996  0.00134778  31.9994  33.9999  35.9995  37.9996  39.9988  41.9989  43.9985  0.00127448  0.000548467  0.452938  0.835136  0.877021  0.493246  0.999944  0.999979  0.999983  1.28527e-05  4.70307e-05  0.999995  0.999953  0.999939  5.74141e-06  0.999986  4.49259e-05  0.99998  0.999998  0.999985  0.999989  0.99997  0.999974  0.999965  2.77061e-05  1.14264e-05  
0.61328  0.924706  4.28406  7.13683  9.99996  0.000252445  14  15.9999  17.9987  0.00056937  21.9995  23.9995  1.45087e-05  27.9991  1.41983e-05  0.000139773  33.9997  35.9995  38  39.9989  41.9999  43.9992  0.00239819  47.9983  0.30664  0.231176  0.71401  0.892104  0.999996  2.10371e-05  0.999999  0.999995  0.999929  2.84685e-05  0.999978  0.999978  5.58026e-07  0.999968  4.73276e-07  4.36792e-06  0.999992  0.999986  0.999999  0.999974  0.999998  0.999982  5.21346e-05  0.999964  
0.341056  3.60914  1.25559  3.00137  9.99956  0.00151378  13.9999  15.9998  17.9999  19.9993  21.9991  23.9992  0.000277897  27.9997  0.00111819  0.000502074  0.000752221  35.9993  37.9962  39.9998  41.9987  43.9994  0.000739014  0.000477823  0.170528  0.902285  0.209264  0.375172  0.999956  0.000126149  0.999996  0.999986  0.999995  0.999963  0.999959  0.999968  1.06884e-05  0.999991  3.72729e-05  1.56898e-05  2.21241e-05  0.999981  0.999901  0.999994  0.999968  0.999986  1.60655e-05  9.95465e-06  
0.719371  1.32686  5.7671  6.48689  9.99995  0.000477654  13.9999  15.9998  0.000418095  20  21.9991  23.9996  1.29402e-05  27.9981  0.00062486  31.9984  0.000848253  35.9995  38  39.9988  41.9981  43.9986  0.000846487  0.000545473  0.359685  0.331715  0.961184  0.810862  0.999995  3.98045e-05  0.999994  0.999988  2.32275e-05  0.999999  0.999959  0.999981  4.97699e-07  0.999932  2.08287e-05  0.999951  2.49486e-05  0.999987  1  0.999971  0.999955  0.999968  1.84019e-05  1.1364e-05  
0.704556  3.5584  1.35013  7.5091  9.99997  0.000113597  13.9999  0.000134801  17.9994  19.9997  21.9995  23.999  3.82799e-05  0.00127813  6.63349e-05  0.000260134  0.000154444  35.9988  0.000395196  39.9983  42  43.9981  0.00029553  0.000721723  0.352278  0.8896  0.225021  0.938637  0.999997  9.46645e-06  0.999992  8.42507e-06  0.999965  0.999984  0.999978  0.999959  1.4723e-06  4.56474e-05  2.21116e-06  8.12919e-06  4.54248e-06  0.999966  1.03999e-05  0.999959  0.999999  0.999956  6.42456e-06  1.50359e-05  
0.684598  0.898475  4.84031  7.22107  9.99988  0.00133693  14  16  0.000356739  0.000357159  22  23.9992  0.000888502  27.9985  7.35371e-05  31.9991  33.9989  35.9995  0.00130981  39.9989  41.9979  43.9996  0.00108602  0.000433155  0.342299  0.224619  0.806719  0.902633  0.999988  0.000111411  0.999999  0.999998  1.98188e-05  1.78579e-05  0.999999  0.999968  3.41732e-05  0.999947  2.45124e-06  0.999973  0.999968  0.999986  3.44688e-05  0.999973  0.99995  0.99999  2.3609e-05  9.02406e-06  
0.699858  1.40251  4.68007  3.32272  9.99989  1.99749e-05  13.9998  15.9999  0.00126814  20  22  23.9998  4.34649e-05  27.998  5.24749e-05  7.32671e-05  33.9992  35.9998  0.000713839  40  41.9997  43.9997  0.000741294  47.9986  0.349929  0.350628  0.780012  0.415339  0.999989  1.66458e-06  0.999987  0.999995  7.04522e-05  0.999998  1  0.999991  1.67173e-06  0.999929  1.74916e-06  2.2896e-06  0.999976  0.999994  1.87852e-05  0.999999  0.999992  0.999993  1.61151e-05  0.999972  
0.723994  1.89024  5.34392  7.19226  9.99969  11.9998  13.9999  0.000213911  17.9991  19.9996  21.9997  23.9977  0.000777253  27.9997  0.00150073  0.000469115  33.999  35.9988  0.00264873  39.9997  41.9996  43.9985  0.00236236  0.000124623  0.361997  0.47256  0.890654  0.899033  0.999969  0.999982  0.999993  1.33694e-05  0.999952  0.999979  0.999988  0.999902  2.98943e-05  0.999989  5.00244e-05  1.46598e-05  0.999971  0.999966  6.97035e-05  0.999993  0.999989  0.999965  5.13556e-05  2.59631e-06  
0.700299  1.02739  3.25787  7.38959  9.99996  0.000283139  13.9999  9.89299e-05  0.000156091  0.000192654  21.9995  23.9992  6.07157e-05  0.000377529  3.00846e-07  0.000324401  0.000148053  35.9988  0.000273566  39.9992  41.9996  43.998  0.00034953  0.000589799  0.35015  0.256848  0.542979  0.923699  0.999996  2.35949e-05  0.999992  6.18312e-06  8.67169e-06  9.63269e-06  0.999976  0.999966  2.33522e-06  1.34832e-05  1.00282e-08  1.01375e-05  4.3545e-06  0.999966  7.1991e-06  0.99998  0.99999  0.999955  7.59848e-06  1.22875e-05  
0.942836  0.799558  0.902688  7.96941  9.99947  0.00010055  13.9999  16  17.9998  0.000450182  21.9998  23.9978  0.000173229  27.9982  0.000144691  0.000856831  33.9985  35.9998  37.9996  39.9982  41.9984  43.999  0.00102488  0.000965358  0.471418  0.19989  0.150448  0.996176  0.999947  8.37914e-06  0.999993  0.999998  0.999987  2.25091e-05  0.999991  0.999909  6.66267e-06  0.999935  4.82303e-06  2.6776e-05  0.999955  0.999995  0.999989  0.999956  0.999962  0.999978  2.228e-05  2.01116e-05  
0.700452  3.53749  1.69569  3.48334  9.99969  7.94528e-05  13.9999  0.000244155  17.9991  19.9995  21.9996  23.9975  0.000744383  27.9997  0.0147148  31.9964  33.9988  35.9988  37.9996  39.9993  41.9999  43.9985  0.000312061  0.00246446  0.350226  0.884373  0.282614  0.435417  0.999969  6.62107e-06  0.999993  1.52597e-05  0.999952  0.999976  0.999984  0.999894  2.86301e-05  0.999989  0.000490492  0.999887  0.999965  0.999968  0.999989  0.999983  0.999998  0.999966  6.78394e-06  5.13429e-05  
0.734152  1.42993  5.66751  7.49818  9.99986  0.000338071  13.9999  15.9996  17.9985  19.9997  21.9993  23.9991  0.000695538  5.0868e-05  0.000574423  0.000218512  33.9991  35.9998  0.000209056  39.9997  41.9994  43.9981  0.000430769  0.000212181  0.367076  0.357482  0.944585  0.937273  0.999986  2.81726e-05  0.999993  0.999974  0.999916  0.999985  0.999968  0.999962  2.67515e-05  1.81671e-06  1.91474e-05  6.8285e-06  0.999974  0.999995  5.50146e-06  0.999994  0.999987  0.999957  9.36455e-06  4.42043e-06  
0.703716  3.56669  4.3299  7.98285  9.99972  11.9997  14  0.00022725  17.999  0.000940781  21.9997  23.999  0.000950513  0.000484571  0.000347109  0.000219804  33.9984  35.9995  8.64965e-05  39.999  41.9993  43.9996  0.000576248  0.00118599  0.351858  0.891673  0.721649  0.997857  0.999972  0.999975  1  1.42031e-05  0.999946  4.70391e-05  0.999986  0.999957  3.65582e-05  1.73061e-05  1.15703e-05  6.86889e-06  0.999952  0.999987  2.27622e-06  0.999975  0.999983  0.999991  1.25271e-05  2.47081e-05  
0.624124  1.06325  5.33018  7.69725  9.9998  1.21422e-05  14  15.9999  17.9995  0.000243381  21.9999  23.9995  0.000721342  0.000191267  0.000188533  0.000376841  33.9987  35.9999  2.8205e-05  39.9987  41.9996  43.9995  0.000739395  47.9969  0.312062  0.265814  0.888363  0.962156  0.99998  1.01185e-06  0.999998  0.999992  0.999973  1.21691e-05  0.999995  0.999979  2.77439e-05  6.83098e-06  6.28444e-06  1.17763e-05  0.999961  0.999998  7.42236e-07  0.999968  0.99999  0.999988  1.60738e-05  0.999935  
0.699188  3.5961  1.50551  7.58746  9.99948  5.88414e-05  13.9999  6.20861e-05  17.9965  19.9998  21.9985  23.9992  6.34438e-05  27.9998  6.62495e-05  0.000380647  33.9989  35.9988  0.000280703  39.9999  41.9998  43.9995  0.000364494  47.999  0.349594  0.899026  0.250919  0.948433  0.999948  4.90345e-06  0.999996  3.88038e-06  0.999806  0.999988  0.999933  0.999966  2.44015e-06  0.999993  2.20832e-06  1.18952e-05  0.999968  0.999968  7.38693e-06  0.999997  0.999995  0.999988  7.92379e-06  0.999978  
0.710628  1.83175  5.74418  7.6068  9.99988  0.000212808  13.9999  15.9996  0.00115985  0.000175544  21.9992  23.9987  6.7793e-05  27.9999  0.000102608  0.00030707  33.9999  35.9993  37.9999  39.9994  41.9999  43.9996  1.55984e-05  47.9992  0.355314  0.457938  0.957363  0.95085  0.999988  1.7734e-05  0.999991  0.999972  6.44363e-05  8.77719e-06  0.999966  0.999944  2.60742e-06  0.999998  3.42028e-06  9.59594e-06  0.999996  0.999981  0.999999  0.999985  0.999998  0.999992  3.39096e-07  0.999984  
0.701148  0.372964  4.51351  7.73285  9.99912  8.05986e-05  14  0.000265824  0.00150276  0.000311988  21.9994  23.9969  0.00121355  27.9982  5.29084e-05  31.9984  33.9994  35.9964  8.33493e-05  39.9984  41.9996  43.9996  0.000181213  0.00295186  0.350574  0.093241  0.752252  0.966607  0.999912  6.71655e-06  0.999998  1.6614e-05  8.34864e-05  1.55994e-05  0.999972  0.999871  4.66751e-05  0.999936  1.76361e-06  0.999949  0.999984  0.999899  2.1934e-06  0.999959  0.999991  0.999991  3.93942e-06  6.14971e-05  
0.34619  1.59531  5.51368  7.67288  9.99963  11.9987  13.999  15.9994  17.9997  0.000325343  21.9994  23.9993  0.000932811  27.9989  0.000206833  0.000395973  34  35.9966  0.00215331  39.9989  41.9944  43.9997  0.000607171  47.9987  0.173095  0.398827  0.918946  0.95911  0.999963  0.999895  0.99993  0.99996  0.999981  1.62672e-05  0.999973  0.99997  3.58773e-05  0.999959  6.89445e-06  1.23742e-05  0.999999  0.999906  5.6666e-05  0.999972  0.999867  0.999992  1.31994e-05  0.999974  
0.699564  3.91616  2.04969  7.07541  9.99998  11.9995  13.9999  0.000121987  17.9993  19.9993  21.9997  23.9992  7.1747e-05  0.000657004  0.00110631  0.00389536  0.000147871  35.9991  0.000101381  39.9984  41.9995  43.9981  0.000297324  0.000488068  0.349782  0.97904  0.341615  0.884426  0.999998  0.999962  0.999991  7.6242e-06  0.999964  0.999965  0.999986  0.999965  2.7595e-06  2.34644e-05  3.68769e-05  0.00012173  4.34916e-06  0.999976  2.66791e-06  0.99996  0.999987  0.999956  6.46356e-06  1.01681e-05  
0.772882  1.33291  5.9616  7.78214  9.99969  9.25404e-05  13.9998  15.9993  17.9999  19.9987  21.9996  23.9986  1.42645e-05  0.000361428  0.000415706  7.90331e-05  33.9995  35.999  9.75849e-05  39.9997  41.9996  43.9982  0.00017492  0.000526643  0.386441  0.333227  0.9936  0.972768  0.999969  7.7117e-06  0.999988  0.999958  0.999992  0.999935  0.999983  0.999944  5.48634e-07  1.29081e-05  1.38569e-05  2.46978e-06  0.999984  0.999971  2.56802e-06  0.999994  0.99999  0.999958  3.80262e-06  1.09717e-05  
0.904472  3.69615  5.91105  7.05615  9.99948  11.9995  13.9999  0.000172019  17.9999  0.000365553  21.9994  23.9988  0.000401594  0.000175703  0.00101307  9.92281e-05  34  35.9998  0.000781663  39.9955  41.9988  43.9985  0.000168755  0.000707255  0.452236  0.924036  0.985175  0.882019  0.999948  0.999961  0.999991  1.07512e-05  0.999996  1.82777e-05  0.999973  0.999948  1.54459e-05  6.27512e-06  3.37689e-05  3.10088e-06  0.999999  0.999994  2.05701e-05  0.999888  0.999972  0.999966  3.66858e-06  1.47345e-05  
0.773077  0.82826  5.97449  7.70416  9.99941  11.9998  13.9999  15.9999  17.9998  0.000538785  21.9984  23.9987  6.52374e-05  27.9983  0.000132996  0.000507617  33.9985  35.9995  37.9997  39.9983  41.9982  43.9991  0.000382946  0.000940906  0.386538  0.207065  0.995749  0.96302  0.999941  0.999982  0.999991  0.999996  0.999987  2.69392e-05  0.999929  0.999948  2.50913e-06  0.999939  4.43319e-06  1.5863e-05  0.999955  0.999986  0.999991  0.999957  0.999956  0.99998  8.32492e-06  1.96022e-05  
0.700275  3.5321  4.38145  7.61815  9.99992  11.9983  13.9999  15.9998  17.9991  0.000715576  21.9997  23.9993  0.00039122  27.9992  0.00138039  31.9997  34  35.9998  4.82394e-05  39.9989  41.9994  43.9986  0.00101902  0.000479124  0.350137  0.883026  0.730242  0.952269  0.999992  0.999857  0.999995  0.999987  0.999952  3.57788e-05  0.999986  0.999969  1.50469e-05  0.999971  4.6013e-05  0.999991  0.999999  0.999995  1.26946e-06  0.999972  0.999987  0.999968  2.21527e-05  9.98176e-06  
0.717775  1.05315  2.09988  7.85363  9.99998  7.44731e-05  13.9999  15.9996  0.000180776  19.9987  21.9997  23.9992  4.95348e-05  0.000618089  0.000175048  0.00035343  34  35.9988  37.9997  39.9978  41.9993  43.998  0.000262992  47.998  0.358888  0.263287  0.34998  0.981704  0.999998  6.20609e-06  0.999992  0.999976  1.00431e-05  0.999937  0.999985  0.999965  1.90519e-06  2.20746e-05  5.83494e-06  1.10447e-05  0.999999  0.999967  0.999991  0.999946  0.999984  0.999954  5.71722e-06  0.999958  
0.699254  0.352175  5.65299  7.7985  9.99939  4.85789e-05  14  8.79292e-05  17.9993  19.9996  21.9997  23.9989  0.000112037  27.9997  0.000409299  31.9998  33.9997  35.999  0.000187519  39.9999  41.9998  43.9993  0.000315658  47.9989  0.349627  0.0880438  0.942165  0.974812  0.999939  4.04824e-06  0.999999  5.49557e-06  0.999962  0.999979  0.999984  0.999956  4.30912e-06  0.99999  1.36433e-05  0.999994  0.99999  0.999972  4.93472e-06  0.999998  0.999994  0.999984  6.86213e-06  0.999977  
0.68732  0.398812  2.09994  7.83526  9.99997  0.000478029  14  0.000252987  17.9995  19.9996  21.9997  23.999  4.17901e-05  27.9997  0.00113847  0.000277762  33.9983  35.9995  0.000274149  39.9992  41.9997  43.9997  0.000572742  0.00136334  0.34366  0.099703  0.349991  0.979408  0.999997  3.98358e-05  1  1.58117e-05  0.999971  0.999982  0.999986  0.999959  1.60731e-06  0.999988  3.79489e-05  8.68006e-06  0.99995  0.999986  7.21444e-06  0.999981  0.999993  0.999992  1.24509e-05  2.8403e-05  
0.70003  1.39979  5.55699  3.27463  9.9998  11.9998  13.9999  15.9998  0.000227135  19.9995  21.9994  23.9987  7.37471e-05  0.000515375  0.00118962  0.000879961  33.9999  35.9997  37.9997  39.9984  41.9981  43.9986  0.000332662  0.000719551  0.350015  0.349947  0.926166  0.409329  0.99998  0.999984  0.999991  0.999986  1.26186e-05  0.999976  0.999974  0.999947  2.83643e-06  1.84063e-05  3.9654e-05  2.74988e-05  0.999997  0.999992  0.999992  0.999961  0.999955  0.999968  7.23179e-06  1.49906e-05  
0.712458  1.43597  2.10007  2.79994  9.99995  8.18727e-05  13.9999  8.29957e-05  17.9997  19.9999  21.9995  23.9992  4.56047e-05  0.000409272  1.12629e-05  0.000288486  0.000152576  35.9988  0.00027804  39.9992  41.9997  43.9982  0.000335098  47.9996  0.356229  0.358992  0.350011  0.349992  0.999995  6.82272e-06  0.999992  5.18723e-06  0.999983  0.999996  0.999975  0.999965  1.75403e-06  1.46168e-05  3.75431e-07  9.01517e-06  4.48752e-06  0.999965  7.31683e-06  0.99998  0.999993  0.999958  7.28474e-06  0.999992  
0.722195  3.56264  2.09994  2.80002  9.99947  11.9997  13.9999  16  17.9964  0.00044798  21.9998  23.9978  0.00018877  0.000682203  0.000176593  0.000856003  33.9985  35.9998  37.9996  39.9983  41.9984  43.9991  0.00106832  0.000956183  0.361097  0.890661  0.34999  0.350002  0.999947  0.999975  0.999993  0.999998  0.999802  2.2399e-05  0.999991  0.999908  7.26037e-06  2.43644e-05  5.88642e-06  2.67501e-05  0.999955  0.999995  0.99999  0.999956  0.999961  0.999979  2.32244e-05  1.99205e-05  
