0.362651  0.645392  0.841832  0.882611  0.462991  0.576645  0.320364  0.362651  0.645392  0.841832  0.882611  0.462991  0.576645  0.320364  
0.517043  0.180612  0.0410048  0.246451  0.30453  0.415673  0.272953  0.517043  0.180612  0.0410048  0.246451  0.30453  0.415673  0.272953  
0.337297  0.115234  0.904896  0.866006  0.208335  0.230722  0.563184  0.337297  0.115234  0.904896  0.866006  0.208335  0.230722  0.563184  
0.597934  0.418182  0.295884  0.973931  0.81962  0.83675  0.925522  0.597934  0.418182  0.295884  0.973931  0.81962  0.83675  0.925522  
0.473508  0.507663  0.903849  0.378772  0.934163  0.257753  0.770655  0.473508  0.507663  0.903849  0.378772  0.934163  0.257753  0.770655  
0.333089  0.871532  0.464928  0.248707  0.412283  0.60893  0.420207  0.333089  0.871532  0.464928  0.248707  0.412283  0.60893  0.420207  
0.974839  0.47611  0.447461  0.076477  0.865178  0.684699  0.824791  0.974839  0.47611  0.447461  0.076477  0.865178  0.684699  0.824791  
0.515919  0.892698  0.919535  0.000614421  0.541292  0.298623  0.886301  0.515919  0.892698  0.919535  0.000614421  0.541292  0.298623  0.886301  
0.638046  0.796919  0.281725  0.152991  0.672813  0.478535  0.144212  0.638046  0.796919  0.281725  0.152991  0.672813  0.478535  0.144212  
0.349644  0.27712  0.584108  0.213902  0.728224  0.463106  0.074269  0.349644  0.27712  0.584108  0.213902  0.728224  0.463106  0.074269  
0.909589  0.469743  0.637047  0.890204  0.833834  0.634709  0.798075  0.909589  0.469743  0.637047  0.890204  0.833834  0.634709  0.798075  
0.231087  0.870726  0.853327  0.74232  0.577077  0.419688  0.820926  0.231087  0.870726  0.853327  0.74232  0.577077  0.419688  0.820926  
0.385494  0.677746  0.908512  0.428747  0.883608  0.836324  0.7956  0.385494  0.677746  0.908512  0.428747  0.883608  0.836324  0.7956  
0.291253  0.101273  0.035773  0.616045  0.803022  0.337621  0.796011  0.291253  0.101273  0.035773  0.616045  0.803022  0.337621  0.796011  
0.908193  0.820938  0.65087  0.0993883  0.913678  0.698887  0.168473  0.908193  0.820938  0.65087  0.0993883  0.913678  0.698887  0.168473  
0.816309  0.810289  0.127983  0.430727  0.944225  0.340916  0.536629  0.816309  0.810289  0.127983  0.430727  0.944225  0.340916  0.536629  
0.158772  0.331343  0.508445  0.615234  0.893878  0.94489  0.0940422  0.158772  0.331343  0.508445  0.615234  0.893878  0.94489  0.0940422  
0.0161212  0.973505  0.70244  0.08496  0.651757  0.112591  0.118535  0.0161212  0.973505  0.70244  0.08496  0.651757  0.112591  0.118535  
0.0712165  0.503216  0.505654  0.855769  0.695794  0.506086  0.135981  0.0712165  0.503216  0.505654  0.855769  0.695794  0.506086  0.135981  
0.798525  0.485168  0.720666  0.923126  0.513103  0.226573  0.496633  0.798525  0.485168  0.720666  0.923126  0.513103  0.226573  0.496633  
0.772121  0.366588  0.343099  0.241685  0.606011  0.875043  0.734879  0.772121  0.366588  0.343099  0.241685  0.606011  0.875043  0.734879  
0.931493  0.57897  0.721382  0.819302  0.368594  0.325593  0.634243  0.931493  0.57897  0.721382  0.819302  0.368594  0.325593  0.634243  
0.328558  0.344238  0.293914  0.6487  0.671587  0.518316  0.215842  0.328558  0.344238  0.293914  0.6487  0.671587  0.518316  0.215842  
0.402945  0.818504  0.512031  0.543109  0.961922  0.53256  0.414712  0.402945  0.818504  0.512031  0.543109  0.961922  0.53256  0.414712  
0.423184  0.576828  0.830759  0.440071  0.539622  0.307558  0.259587  0.423184  0.576828  0.830759  0.440071  0.539622  0.307558  0.259587  
0.833604  0.184733  0.772386  0.44411  0.778485  0.447189  0.801949  0.833604  0.184733  0.772386  0.44411  0.778485  0.447189  0.801949  
0.610694  0.651696  0.692901  0.489636  0.462677  0.0354322  0.525037  0.610694  0.651696  0.692901  0.489636  0.462677  0.0354322  0.525037  
0.240038  0.644532  0.792305  0.47879  0.563236  0.832917  0.053137  0.240038  0.644532  0.792305  0.47879  0.563236  0.832917  0.053137  
0.736814  0.749145  0.0419924  0.208079  0.168229  0.855011  0.856061  0.736814  0.749145  0.0419924  0.208079  0.168229  0.855011  0.856061  
0.163036  0.847558  0.991568  0.726358  0.0752703  0.488535  0.634337  0.163036  0.847558  0.991568  0.726358  0.0752703  0.488535  0.634337  
0.41134  0.765004  0.754823  0.907781  0.968446  0.521663  0.768814  0.41134  0.765004  0.754823  0.907781  0.968446  0.521663  0.768814  
0.870045  0.0463859  0.267832  0.00671095  0.227791  0.524349  0.169841  0.870045  0.0463859  0.267832  0.00671095  0.227791  0.524349  0.169841  
0.477524  0.662206  0.952587  0.0387591  0.68268  0.171356  0.818848  0.477524  0.662206  0.952587  0.0387591  0.68268  0.171356  0.818848  
0.10628  0.310282  0.263644  0.363874  0.783465  0.148894  0.821555  0.10628  0.310282  0.263644  0.363874  0.783465  0.148894  0.821555  
0.941174  0.0321481  0.00713828  0.827632  0.202141  0.93686  0.417941  0.941174  0.0321481  0.00713828  0.827632  0.202141  0.93686  0.417941  
0.2758  0.842591  0.903312  0.881116  0.955234  0.358551  0.629733  0.2758  0.842591  0.903312  0.881116  0.955234  0.358551  0.629733  
0.603645  0.940541  0.42334  0.945531  0.608585  0.982653  0.0722876  0.603645  0.940541  0.42334  0.945531  0.608585  0.982653  0.0722876  
0.802742  0.813208  0.521546  0.459472  0.480621  0.0748888  0.132713  0.802742  0.813208  0.521546  0.459472  0.480621  0.0748888  0.132713  
0.0773407  0.333656  0.473423  0.705061  0.994084  0.731523  0.225976  0.0773407  0.333656  0.473423  0.705061  0.994084  0.731523  0.225976  
0.410894  0.576288  0.557449  0.971293  0.92347  0.617506  0.00257747  0.410894  0.576288  0.557449  0.971293  0.92347  0.617506  0.00257747  
0.322568  0.502623  0.42923  0.216814  0.316181  0.949155  0.709073  0.322568  0.502623  0.42923  0.216814  0.316181  0.949155  0.709073  
0.806698  0.487782  0.107195  0.0281845  0.261136  0.0703355  0.405353  0.806698  0.487782  0.107195  0.0281845  0.261136  0.0703355  0.405353  
0.648609  0.959165  0.531235  0.965641  0.621977  0.334723  0.706797  0.648609  0.959165  0.531235  0.965641  0.621977  0.334723  0.706797  
0.520344  0.849414  0.693722  0.880966  0.803366  0.546592  0.25465  0.520344  0.849414  0.693722  0.880966  0.803366  0.546592  0.25465  
0.611733  0.294385  0.51585  0.377756  0.785455  0.775047  0.900424  0.611733  0.294385  0.51585  0.377756  0.785455  0.775047  0.900424  
0.257456  0.339034  0.939996  0.730835  0.00570733  0.201632  0.115986  0.257456  0.339034  0.939996  0.730835  0.00570733  0.201632  0.115986  
0.908417  0.382827  0.763874  0.380346  0.611184  0.682889  0.301963  0.908417  0.382827  0.763874  0.380346  0.611184  0.682889  0.301963  
0.404263  0.75047  0.761847  0.63713  0.106145  0.0122446  0.609715  0.404263  0.75047  0.761847  0.63713  0.106145  0.0122446  0.609715  
0.271141  0.837205  0.158148  0.847263  0.637748  0.680031  0.713243  0.271141  0.837205  0.158148  0.847263  0.637748  0.680031  0.713243  
0.39328  0.599247  0.0724576  0.540302  0.630959  0.533688  0.440731  0.39328  0.599247  0.0724576  0.540302  0.630959  0.533688  0.440731  
0.734559  0.287135  0.275788  0.147033  0.746144  0.769914  0.019915  0.734559  0.287135  0.275788  0.147033  0.746144  0.769914  0.019915  
0.0754515  0.630075  0.646899  0.772296  0.786285  0.481924  0.877486  0.0754515  0.630075  0.646899  0.772296  0.786285  0.481924  0.877486  
0.28275  0.991926  0.589173  0.927901  0.728484  0.581695  0.492113  0.28275  0.991926  0.589173  0.927901  0.728484  0.581695  0.492113  
0.713721  0.217168  0.614584  0.982984  0.198055  0.738293  0.620786  0.713721  0.217168  0.614584  0.982984  0.198055  0.738293  0.620786  
0.871535  0.489902  0.466586  0.762746  0.505889  0.842414  0.0941193  0.871535  0.489902  0.466586  0.762746  0.505889  0.842414  0.0941193  
0.664031  0.39943  0.75504  0.685101  0.374045  0.819278  0.367162  0.664031  0.39943  0.75504  0.685101  0.374045  0.819278  0.367162  
0.10645  0.236768  0.581538  0.422557  0.779022  0.106437  0.0425961  0.10645  0.236768  0.581538  0.422557  0.779022  0.106437  0.0425961  
0.409528  0.234291  0.702842  0.451372  0.735507  0.610025  0.689262  0.409528  0.234291  0.702842  0.451372  0.735507  0.610025  0.689262  
0.19509  0.270942  0.438274  0.47999  0.23571  0.0746042  0.0525503  0.19509  0.270942  0.438274  0.47999  0.23571  0.0746042  0.0525503  
0.264981  0.375408  0.579848  0.271617  0.837109  0.690212  0.421477  0.264981  0.375408  0.579848  0.271617  0.837109  0.690212  0.421477  
0.721575  0.849919  0.53522  0.245873  0.9222  0.34779  0.218878  0.721575  0.849919  0.53522  0.245873  0.9222  0.34779  0.218878  
0.55033  0.040733  0.250116  0.41962  0.178839  0.772179  0.0827085  0.55033  0.040733  0.250116  0.41962  0.178839  0.772179  0.0827085  
0.92656  0.889454  0.0736116  0.657825  0.483847  0.165496  0.486658  0.92656  0.889454  0.0736116  0.657825  0.483847  0.165496  0.486658  
0.773312  0.308225  0.281685  0.10066  0.969496  0.478853  0.374051  0.773312  0.308225  0.281685  0.10066  0.969496  0.478853  0.374051  
0.992382  0.0314961  0.092373  0.547536  0.7387  0.499116  0.0736699  0.992382  0.0314961  0.092373  0.547536  0.7387  0.499116  0.0736699  
0.972972  0.0805179  0.176876  0.498996  0.587398  0.121312  0.874895  0.972972  0.0805179  0.176876  0.498996  0.587398  0.121312  0.874895  
0.798472  0.625837  0.63472  0.440963  0.729846  0.580977  0.642855  0.798472  0.625837  0.63472  0.440963  0.729846  0.580977  0.642855  
0.647057  0.19573  0.277266  0.577642  0.970069  0.360544  0.0472583  0.647057  0.19573  0.277266  0.577642  0.970069  0.360544  0.0472583  
0.385214  0.928027  0.549093  0.900131  0.988665  0.858325  0.111597  0.385214  0.928027  0.549093  0.900131  0.988665  0.858325  0.111597  
0.140061  0.521698  0.0110179  0.553965  0.526025  0.261712  0.640988  0.140061  0.521698  0.0110179  0.553965  0.526025  0.261712  0.640988  
0.586827  0.879833  0.593563  0.339274  0.763932  0.242355  0.187217  0.586827  0.879833  0.593563  0.339274  0.763932  0.242355  0.187217  
0.962436  0.892805  0.941258  0.220119  0.283287  0.664673  0.849162  0.962436  0.892805  0.941258  0.220119  0.283287  0.664673  0.849162  
0.324256  0.141601  0.788748  0.964517  0.977264  0.113394  0.312379  0.324256  0.141601  0.788748  0.964517  0.977264  0.113394  0.312379  
0.299465  0.127616  0.971402  0.524066  0.612437  0.928105  0.798823  0.299465  0.127616  0.971402  0.524066  0.612437  0.928105  0.798823  
0.010745  0.930311  0.973205  0.267868  0.230071  0.386051  0.898089  0.010745  0.930311  0.973205  0.267868  0.230071  0.386051  0.898089  
0.181818  0.103732  0.844205  0.750102  0.815718  0.904547  0.0785694  0.181818  0.103732  0.844205  0.750102  0.815718  0.904547  0.0785694  
0.323214  0.868764  0.0472938  0.156405  0.38806  0.872027  0.458392  0.323214  0.868764  0.0472938  0.156405  0.38806  0.872027  0.458392  
0.0149571  0.511201  0.558978  0.68656  0.572501  0.536013  0.785912  0.0149571  0.511201  0.558978  0.68656  0.572501  0.536013  0.785912  
0.332655  0.851692  0.659312  0.903357  0.00153338  0.742723  0.845055  0.332655  0.851692  0.659312  0.903357  0.00153338  0.742723  0.845055  
0.189642  0.265983  0.89178  0.355013  0.916701  0.571644  0.133911  0.189642  0.265983  0.89178  0.355013  0.916701  0.571644  0.133911  
0.109285  0.602626  0.298717  0.425989  0.494567  0.758298  0.368489  0.109285  0.602626  0.298717  0.425989  0.494567  0.758298  0.368489  
0.0729178  0.188569  0.5979  0.742441  0.538405  0.306666  0.234664  0.0729178  0.188569  0.5979  0.742441  0.538405  0.306666  0.234664  
0.196045  0.0819632  0.339839  0.625287  0.496728  0.230585  0.76069  0.196045  0.0819632  0.339839  0.625287  0.496728  0.230585  0.76069  
0.56554  0.211871  0.131241  0.642685  0.224101  0.794886  0.108024  0.56554  0.211871  0.131241  0.642685  0.224101  0.794886  0.108024  
0.273805  0.658109  0.940267  0.72809  0.976082  0.33249  0.522282  0.273805  0.658109  0.940267  0.72809  0.976082  0.33249  0.522282  
0.870585  0.44706  0.214347  0.454778  0.0559362  0.48696  0.150156  0.870585  0.44706  0.214347  0.454778  0.0559362  0.48696  0.150156  
0.206651  0.223125  0.527001  0.34031  0.0791418  0.916019  0.818498  0.206651  0.223125  0.527001  0.34031  0.0791418  0.916019  0.818498  
0.672546  0.612703  0.426123  0.0697044  0.386498  0.158877  0.781701  0.672546  0.612703  0.426123  0.0697044  0.386498  0.158877  0.781701  
0.579006  0.744455  0.0160307  0.403364  0.212869  0.267423  0.360917  0.579006  0.744455  0.0160307  0.403364  0.212869  0.267423  0.360917  
0.147766  0.518431  0.138646  0.0858238  0.468447  0.818619  0.106087  0.147766  0.518431  0.138646  0.0858238  0.468447  0.818619  0.106087  
0.814529  0.086762  0.20729  0.572808  0.966497  0.554531  0.836171  0.814529  0.086762  0.20729  0.572808  0.966497  0.554531  0.836171  
0.330848  0.741567  0.318379  0.293935  0.076967  0.229027  0.680211  0.330848  0.741567  0.318379  0.293935  0.076967  0.229027  0.680211  
0.331912  0.40403  0.209895  0.662058  0.321638  0.0542034  0.885279  0.331912  0.40403  0.209895  0.662058  0.321638  0.0542034  0.885279  
0.588439  0.664575  0.821639  0.752237  0.160464  0.561072  0.837726  0.588439  0.664575  0.821639  0.752237  0.160464  0.561072  0.837726  
0.80194  0.28701  0.994991  0.20673  0.507554  0.232121  0.546196  0.80194  0.28701  0.994991  0.20673  0.507554  0.232121  0.546196  
0.995584  0.518184  0.826817  0.0287473  0.896122  0.499741  0.0875922  0.995584  0.518184  0.826817  0.0287473  0.896122  0.499741  0.0875922  
0.384225  0.178218  0.532538  0.67553  0.803935  0.344345  0.96503  0.384225  0.178218  0.532538  0.67553  0.803935  0.344345  0.96503  
0.699258  0.553402  0.987861  0.522358  0.622285  0.328491  0.240754  0.699258  0.553402  0.987861  0.522358  0.622285  0.328491  0.240754  
0.725088  0.858604  0.914969  0.109404  0.189786  0.298552  0.743081  0.725088  0.858604  0.914969  0.109404  0.189786  0.298552  0.743081  
0.594512  0.477972  0.57315  0.043101  0.213556  0.385279  0.363468  0.594512  0.477972  0.57315  0.043101  0.213556  0.385279  0.363468  
0.999904  0.999923  0.5  0.5  0.5  0.5  0.5  0.999904  0.999923  0.5  0.5  0.5  0.5  0.5  
0.999901  9.76303e-05  0.5  0.5  0.5  0.5  0.5  0.999901  9.76303e-05  0.5  0.5  0.5  0.5  0.5  
0.000197955  0.501891  0.5  0.5  0.5  0.5  0.5  0.000197955  0.501891  0.5  0.5  0.5  0.5  0.5  
0.964105  0.962767  0.5  0.5  0.5  0.5  0.5  0.964105  0.962767  0.5  0.5  0.5  0.5  0.5  
0.968914  0.903747  0.5  0.5  0.5  0.5  0.5  0.968914  0.903747  0.5  0.5  0.5  0.5  0.5  
0.879603  0.954373  0.5  0.5  0.5  0.5  0.5  0.879603  0.954373  0.5  0.5  0.5  0.5  0.5  
0.976264  0.829748  0.5  0.5  0.5  0.5  0.5  0.976264  0.829748  0.5  0.5  0.5  0.5  0.5  
0.865421  0.906668  0.5  0.5  0.5  0.5  0.5  0.865421  0.906668  0.5  0.5  0.5  0.5  0.5  
0.910738  0.836582  0.5  0.5  0.5  0.5  0.5  0.910738  0.836582  0.5  0.5  0.5  0.5  0.5  
0.773494  0.958168  0.5  0.5  0.5  0.5  0.5  0.773494  0.958168  0.5  0.5  0.5  0.5  0.5  
0.982627  0.734708  0.5  0.5  0.5  0.5  0.5  0.982627  0.734708  0.5  0.5  0.5  0.5  0.5  
0.833487  0.84462  0.5  0.5  0.5  0.5  0.5  0.833487  0.84462  0.5  0.5  0.5  0.5  0.5  
0.902207  0.761528  0.5  0.5  0.5  0.5  0.5  0.902207  0.761528  0.5  0.5  0.5  0.5  0.5  
0.732691  0.915807  0.5  0.5  0.5  0.5  0.5  0.732691  0.915807  0.5  0.5  0.5  0.5  0.5  
0.935441  0.700937  0.5  0.5  0.5  0.5  0.5  0.935441  0.700937  0.5  0.5  0.5  0.5  0.5  
0.7532  0.851065  0.5  0.5  0.5  0.5  0.5  0.7532  0.851065  0.5  0.5  0.5  0.5  0.5  
0.836785  0.749229  0.5  0.5  0.5  0.5  0.5  0.836785  0.749229  0.5  0.5  0.5  0.5  0.5  
0.637528  0.962117  0.5  0.5  0.5  0.5  0.5  0.637528  0.962117  0.5  0.5  0.5  0.5  0.5  
0.987519  0.607853  0.5  0.5  0.5  0.5  0.5  0.987519  0.607853  0.5  0.5  0.5  0.5  0.5  
0.780895  0.752426  0.5  0.5  0.5  0.5  0.5  0.780895  0.752426  0.5  0.5  0.5  0.5  0.5  
0.880541  0.653291  0.5  0.5  0.5  0.5  0.5  0.880541  0.653291  0.5  0.5  0.5  0.5  0.5  
0.658817  0.854994  0.5  0.5  0.5  0.5  0.5  0.658817  0.854994  0.5  0.5  0.5  0.5  0.5  
0.929967  0.59319  0.5  0.5  0.5  0.5  0.5  0.929967  0.59319  0.5  0.5  0.5  0.5  0.5  
0.69831  0.773697  0.5  0.5  0.5  0.5  0.5  0.69831  0.773697  0.5  0.5  0.5  0.5  0.5  
0.808741  0.654357  0.5  0.5  0.5  0.5  0.5  0.808741  0.654357  0.5  0.5  0.5  0.5  0.5  
0.563527  0.919877  0.5  0.5  0.5  0.5  0.5  0.563527  0.919877  0.5  0.5  0.5  0.5  0.5  
0.953861  0.532362  0.5  0.5  0.5  0.5  0.5  0.953861  0.532362  0.5  0.5  0.5  0.5  0.5  
0.701599  0.709003  0.5  0.5  0.5  0.5  0.5  0.701599  0.709003  0.5  0.5  0.5  0.5  0.5  
0.823751  0.591532  0.5  0.5  0.5  0.5  0.5  0.823751  0.591532  0.5  0.5  0.5  0.5  0.5  
0.558987  0.853898  0.5  0.5  0.5  0.5  0.5  0.558987  0.853898  0.5  0.5  0.5  0.5  0.5  
0.883531  0.529187  0.5  0.5  0.5  0.5  0.5  0.883531  0.529187  0.5  0.5  0.5  0.5  0.5  
0.610403  0.750245  0.5  0.5  0.5  0.5  0.5  0.610403  0.750245  0.5  0.5  0.5  0.5  0.5  
0.741503  0.604899  0.5  0.5  0.5  0.5  0.5  0.741503  0.604899  0.5  0.5  0.5  0.5  0.5  
0.456779  0.961639  0.5  0.5  0.5  0.5  0.5  0.456779  0.961639  0.5  0.5  0.5  0.5  0.5  
0.991096  0.434  0.5  0.5  0.5  0.5  0.5  0.991096  0.434  0.5  0.5  0.5  0.5  0.5  
0.701537  0.600343  0.5  0.5  0.5  0.5  0.5  0.701537  0.600343  0.5  0.5  0.5  0.5  0.5  
0.843906  0.488597  0.5  0.5  0.5  0.5  0.5  0.843906  0.488597  0.5  0.5  0.5  0.5  0.5  
0.543399  0.742771  0.5  0.5  0.5  0.5  0.5  0.543399  0.742771  0.5  0.5  0.5  0.5  0.5  
0.914927  0.43177  0.5  0.5  0.5  0.5  0.5  0.914927  0.43177  0.5  0.5  0.5  0.5  0.5  
0.607024  0.636836  0.5  0.5  0.5  0.5  0.5  0.607024  0.636836  0.5  0.5  0.5  0.5  0.5  
0.757124  0.49956  0.5  0.5  0.5  0.5  0.5  0.757124  0.49956  0.5  0.5  0.5  0.5  0.5  
0.438904  0.843008  0.5  0.5  0.5  0.5  0.5  0.438904  0.843008  0.5  0.5  0.5  0.5  0.5  
0.950158  0.380848  0.5  0.5  0.5  0.5  0.5  0.950158  0.380848  0.5  0.5  0.5  0.5  0.5  
0.626435  0.564843  0.5  0.5  0.5  0.5  0.5  0.626435  0.564843  0.5  0.5  0.5  0.5  0.5  
0.785373  0.440426  0.5  0.5  0.5  0.5  0.5  0.785373  0.440426  0.5  0.5  0.5  0.5  0.5  
0.451843  0.748214  0.5  0.5  0.5  0.5  0.5  0.451843  0.748214  0.5  0.5  0.5  0.5  0.5  
0.863978  0.382344  0.5  0.5  0.5  0.5  0.5  0.863978  0.382344  0.5  0.5  0.5  0.5  0.5  
0.523755  0.616084  0.5  0.5  0.5  0.5  0.5  0.523755  0.616084  0.5  0.5  0.5  0.5  0.5  
0.689657  0.456912  0.5  0.5  0.5  0.5  0.5  0.689657  0.456912  0.5  0.5  0.5  0.5  0.5  
0.34008  0.904575  0.5  0.5  0.5  0.5  0.5  0.34008  0.904575  0.5  0.5  0.5  0.5  0.5  
0.967205  0.310402  0.5  0.5  0.5  0.5  0.5  0.967205  0.310402  0.5  0.5  0.5  0.5  0.5  
0.613298  0.477563  0.5  0.5  0.5  0.5  0.5  0.613298  0.477563  0.5  0.5  0.5  0.5  0.5  
0.787928  0.362522  0.5  0.5  0.5  0.5  0.5  0.787928  0.362522  0.5  0.5  0.5  0.5  0.5  
0.425024  0.65517  0.5  0.5  0.5  0.5  0.5  0.425024  0.65517  0.5  0.5  0.5  0.5  0.5  
0.874764  0.310204  0.5  0.5  0.5  0.5  0.5  0.874764  0.310204  0.5  0.5  0.5  0.5  0.5  
0.505698  0.522635  0.5  0.5  0.5  0.5  0.5  0.505698  0.522635  0.5  0.5  0.5  0.5  0.5  
0.686687  0.374755  0.5  0.5  0.5  0.5  0.5  0.686687  0.374755  0.5  0.5  0.5  0.5  0.5  
0.308987  0.810494  0.5  0.5  0.5  0.5  0.5  0.308987  0.810494  0.5  0.5  0.5  0.5  0.5  
0.91727  0.265547  0.5  0.5  0.5  0.5  0.5  0.91727  0.265547  0.5  0.5  0.5  0.5  0.5  
0.534922  0.442686  0.5  0.5  0.5  0.5  0.5  0.534922  0.442686  0.5  0.5  0.5  0.5  0.5  
0.72331  0.318081  0.5  0.5  0.5  0.5  0.5  0.72331  0.318081  0.5  0.5  0.5  0.5  0.5  
0.33261  0.671661  0.5  0.5  0.5  0.5  0.5  0.33261  0.671661  0.5  0.5  0.5  0.5  0.5  
0.816441  0.265543  0.5  0.5  0.5  0.5  0.5  0.816441  0.265543  0.5  0.5  0.5  0.5  0.5  
0.420024  0.500557  0.5  0.5  0.5  0.5  0.5  0.420024  0.500557  0.5  0.5  0.5  0.5  0.5  
0.614314  0.331658  0.5  0.5  0.5  0.5  0.5  0.614314  0.331658  0.5  0.5  0.5  0.5  0.5  
0.209835  0.940259  0.5  0.5  0.5  0.5  0.5  0.209835  0.940259  0.5  0.5  0.5  0.5  0.5  
0.993679  0.192113  0.5  0.5  0.5  0.5  0.5  0.993679  0.192113  0.5  0.5  0.5  0.5  0.5  
0.58591  0.31499  0.5  0.5  0.5  0.5  0.5  0.58591  0.31499  0.5  0.5  0.5  0.5  0.5  
0.788145  0.226174  0.5  0.5  0.5  0.5  0.5  0.788145  0.226174  0.5  0.5  0.5  0.5  0.5  
0.372537  0.461725  0.5  0.5  0.5  0.5  0.5  0.372537  0.461725  0.5  0.5  0.5  0.5  0.5  
0.889209  0.186464  0.5  0.5  0.5  0.5  0.5  0.889209  0.186464  0.5  0.5  0.5  0.5  0.5  
0.468208  0.340963  0.5  0.5  0.5  0.5  0.5  0.468208  0.340963  0.5  0.5  0.5  0.5  0.5  
0.675963  0.227136  0.5  0.5  0.5  0.5  0.5  0.675963  0.227136  0.5  0.5  0.5  0.5  0.5  
0.247376  0.59614  0.5  0.5  0.5  0.5  0.5  0.247376  0.59614  0.5  0.5  0.5  0.5  0.5  
0.93964  0.150531  0.5  0.5  0.5  0.5  0.5  0.93964  0.150531  0.5  0.5  0.5  0.5  0.5  
0.506938  0.267197  0.5  0.5  0.5  0.5  0.5  0.506938  0.267197  0.5  0.5  0.5  0.5  0.5  
0.721178  0.179594  0.5  0.5  0.5  0.5  0.5  0.721178  0.179594  0.5  0.5  0.5  0.5  0.5  
0.281087  0.439788  0.5  0.5  0.5  0.5  0.5  0.281087  0.439788  0.5  0.5  0.5  0.5  0.5  
0.827695  0.142269  0.5  0.5  0.5  0.5  0.5  0.827695  0.142269  0.5  0.5  0.5  0.5  0.5  
0.382511  0.292607  0.5  0.5  0.5  0.5  0.5  0.382511  0.292607  0.5  0.5  0.5  0.5  0.5  
0.601963  0.17634  0.5  0.5  0.5  0.5  0.5  0.601963  0.17634  0.5  0.5  0.5  0.5  0.5  
0.149593  0.671139  0.5  0.5  0.5  0.5  0.5  0.149593  0.671139  0.5  0.5  0.5  0.5  0.5  
0.964639  0.0981573  0.5  0.5  0.5  0.5  0.5  0.964639  0.0981573  0.5  0.5  0.5  0.5  0.5  
0.508916  0.174908  0.5  0.5  0.5  0.5  0.5  0.508916  0.174908  0.5  0.5  0.5  0.5  0.5  
0.735037  0.113425  0.5  0.5  0.5  0.5  0.5  0.735037  0.113425  0.5  0.5  0.5  0.5  0.5  
0.272295  0.285591  0.5  0.5  0.5  0.5  0.5  0.272295  0.285591  0.5  0.5  0.5  0.5  0.5  
0.84778  0.0851487  0.5  0.5  0.5  0.5  0.5  0.84778  0.0851487  0.5  0.5  0.5  0.5  0.5  
0.380199  0.175306  0.5  0.5  0.5  0.5  0.5  0.380199  0.175306  0.5  0.5  0.5  0.5  0.5  
0.611256  0.100025  0.5  0.5  0.5  0.5  0.5  0.611256  0.100025  0.5  0.5  0.5  0.5  0.5  
0.136826  0.406894  0.5  0.5  0.5  0.5  0.5  0.136826  0.406894  0.5  0.5  0.5  0.5  0.5  
0.903542  0.0555916  0.5  0.5  0.5  0.5  0.5  0.903542  0.0555916  0.5  0.5  0.5  0.5  0.5  
0.425398  0.105357  0.5  0.5  0.5  0.5  0.5  0.425398  0.105357  0.5  0.5  0.5  0.5  0.5  
0.662303  0.0595375  0.5  0.5  0.5  0.5  0.5  0.662303  0.0595375  0.5  0.5  0.5  0.5  0.5  
0.177455  0.192046  0.5  0.5  0.5  0.5  0.5  0.177455  0.192046  0.5  0.5  0.5  0.5  0.5  
0.779959  0.0368772  0.5  0.5  0.5  0.5  0.5  0.779959  0.0368772  0.5  0.5  0.5  0.5  0.5  
0.290483  0.0807861  0.5  0.5  0.5  0.5  0.5  0.290483  0.0807861  0.5  0.5  0.5  0.5  0.5  
0.532111  0.034201  0.5  0.5  0.5  0.5  0.5  0.532111  0.034201  0.5  0.5  0.5  0.5  0.5  
0.0361008  0.359278  0.5  0.5  0.5  0.5  0.5  0.0361008  0.359278  0.5  0.5  0.5  0.5  0.5  
0.976755  0.00792711  0.5  0.5  0.5  0.5  0.5  0.976755  0.00792711  0.5  0.5  0.5  0.5  0.5  
0.477912  0.00538832  0.5  0.5  0.5  0.5  0.5  0.477912  0.00538832  0.5  0.5  0.5  0.5  0.5  
