6.50869  8.21346  6.50869  8.21346  |||| 81498.3 |||| 81498.3 
9.37512  4.57458  9.37512  4.57458  |||| 93126.7 |||| 93126.7 
10.1255  2.25151  10.1255  2.25151  |||| 428.824 |||| 428.824 
8.95048  2.95252  8.95048  2.95252  |||| 188.741 |||| 188.741 
6.57464  7.69588  6.57464  7.69588  |||| 299.184 |||| 299.184 
6.63615  7.45216  6.63615  7.45216  |||| 206.879 |||| 206.879 
5.63865  7.8252  5.63865  7.8252  |||| 169.03 |||| 169.03 
9.8874  3.04849  9.8874  3.04849  |||| 53.1848 |||| 53.1848 
10.4357  0.0636326  10.4357  0.0636326  |||| 11.1102 |||| 11.1102 
5.47831  8.81013  5.47831  8.81013  |||| 114.288 |||| 114.288 
10.0686  1.59771  10.0686  1.59771  |||| 17.687 |||| 17.687 
6.47824  7.90711  6.47824  7.90711  |||| 80.9117 |||| 80.9117 
7.22895  7.36694  7.22895  7.36694  |||| 68.1641 |||| 68.1641 
1.23966  10.2808  1.23966  10.2808  |||| 87.0678 |||| 87.0678 
7.01355  6.86029  7.01355  6.86029  |||| 53.2858 |||| 53.2858 
3.24071  9.30398  3.24071  9.30398  |||| 67.0781 |||| 67.0781 
5.39975  8.49169  5.39975  8.49169  |||| 56.9621 |||| 56.9621 
0.376181  10.2705  0.376181  10.2705  |||| 64.5337 |||| 64.5337 
5.88058  7.86903  5.88058  7.86903  |||| 46.3594 |||| 46.3594 
9.47642  3.47967  9.47642  3.47967  |||| 19.1298 |||| 19.1298 
9.90503  0.676831  9.90503  0.676831  |||| 12.133 |||| 12.133 
10.2855  0.635089  10.2855  0.635089  |||| 12.7626 |||| 12.7626 
8.98033  5.10414  8.98033  5.10414  |||| 24.0961 |||| 24.0961 
9.23564  2.99341  9.23564  2.99341  |||| 13.3543 |||| 13.3543 
8.4835  5.85692  8.4835  5.85692  |||| 25.233 |||| 25.233 
10.0446  0.196987  10.0446  0.196987  |||| 13.1309 |||| 13.1309 
9.44018  3.57085  9.44018  3.57085  |||| 14.0289 |||| 14.0289 
0.923391  9.80468  0.923391  9.80468  |||| 37.4362 |||| 37.4362 
8.69364  5.29843  8.69364  5.29843  |||| 19.3589 |||| 19.3589 
10.0116  2.72655  10.0116  2.72655  |||| 13.83 |||| 13.83 
9.84736  3.34462  9.84736  3.34462  |||| 13.7974 |||| 13.7974 
8.31381  6.03385  8.31381  6.03385  |||| 19.8333 |||| 19.8333 
3.624  9.48969  3.624  9.48969  |||| 30.2871 |||| 30.2871 
3.98463  9.44745  3.98463  9.44745  |||| 29.1941 |||| 29.1941 
0.667469  9.79076  0.667469  9.79076  |||| 29.331 |||| 29.331 
7.60542  7.04586  7.60542  7.04586  |||| 20.4256 |||| 20.4256 
6.79474  7.96056  6.79474  7.96056  |||| 22.4318 |||| 22.4318 
3.37336  9.66969  3.37336  9.66969  |||| 26.5181 |||| 26.5181 
5.17026  8.44257  5.17026  8.44257  |||| 22.4969 |||| 22.4969 
6.60156  7.66371  6.60156  7.66371  |||| 19.8615 |||| 19.8615 
6.58658  7.64104  6.58658  7.64104  |||| 19.288 |||| 19.288 
7.76917  6.70365  7.76917  6.70365  |||| 16.474 |||| 16.474 
1.55685  10.1242  1.55685  10.1242  |||| 24.3441 |||| 24.3441 
8.33269  4.98434  8.33269  4.98434  |||| 14.3448 |||| 14.3448 
10.3299  1.30802  10.3299  1.30802  |||| 18.1299 |||| 18.1299 
5.15335  8.07617  5.15335  8.07617  |||| 18.0512 |||| 18.0512 
4.90859  8.30555  4.90859  8.30555  |||| 18.1507 |||| 18.1507 
2.17667  10.0799  2.17667  10.0799  |||| 21.5736 |||| 21.5736 
7.78377  6.24345  7.78377  6.24345  |||| 14.693 |||| 14.693 
8.41872  5.72431  8.41872  5.72431  |||| 16.2161 |||| 16.2161 
0.062446  9.9557  0.062446  9.9557  |||| 19.9881 |||| 19.9881 
3.44461  9.54954  3.44461  9.54954  |||| 18.7802 |||| 18.7802 
8.93968  4.02613  8.93968  4.02613  |||| 18.3151 |||| 18.3151 
10.0031  2.71041  10.0031  2.71041  |||| 20.9502 |||| 20.9502 
3.48569  9.65294  3.48569  9.65294  |||| 17.9001 |||| 17.9001 
7.09518  7.34023  7.09518  7.34023  |||| 15.4878 |||| 15.4878 
7.68759  6.49157  7.68759  6.49157  |||| 17.1785 |||| 17.1785 
8.89255  4.14469  8.89255  4.14469  |||| 20.3612 |||| 20.3612 
10.3307  1.26641  10.3307  1.26641  |||| 24.2479 |||| 24.2479 
6.00515  7.77201  6.00515  7.77201  |||| 14.3799 |||| 14.3799 
9.02852  5.26845  9.02852  5.26845  |||| 22.2449 |||| 22.2449 
6.25264  8.42874  6.25264  8.42874  |||| 15.7569 |||| 15.7569 
0.292909  10.5382  0.292909  10.5382  |||| 16.9671 |||| 16.9671 
1.74676  10.0623  1.74676  10.0623  |||| 15.9328 |||| 15.9328 
7.18599  6.90057  7.18599  6.90057  |||| 19.665 |||| 19.665 
3.34701  9.5899  3.34701  9.5899  |||| 14.702 |||| 14.702 
6.86973  7.79603  6.86973  7.79603  |||| 19.9138 |||| 19.9138 
9.48226  3.23103  9.48226  3.23103  |||| 28.4043 |||| 28.4043 
7.05039  7.32606  7.05039  7.32606  |||| 21.7402 |||| 21.7402 
9.47811  3.01359  9.47811  3.01359  |||| 30.2537 |||| 30.2537 
8.34406  4.49169  8.34406  4.49169  |||| 27.5119 |||| 27.5119 
9.39103  4.13339  9.39103  4.13339  |||| 32.0773 |||| 32.0773 
5.93735  7.8208  5.93735  7.8208  |||| 20.936 |||| 20.936 
9.77036  1.89766  9.77036  1.89766  |||| 35.901 |||| 35.901 
9.51255  2.97649  9.51255  2.97649  |||| 36.318 |||| 36.318 
0.331513  10.3576  0.331513  10.3576  |||| 13.7253 |||| 13.7253 
1.54567  10.4017  1.54567  10.4017  |||| 13.5991 |||| 13.5991 
0.996207  10.304  0.996207  10.304  |||| 13.2921 |||| 13.2921 
8.4226  5.52531  8.4226  5.52531  |||| 38.1067 |||| 38.1067 
9.20275  4.05325  9.20275  4.05325  |||| 43.695 |||| 43.695 
2.29876  10.0059  2.29876  10.0059  |||| 12.412 |||| 12.412 
2.65902  9.83615  2.65902  9.83615  |||| 13.7548 |||| 13.7548 
6.06893  8.03925  6.06893  8.03925  |||| 33.6364 |||| 33.6364 
5.91707  7.9619  5.91707  7.9619  |||| 34.773 |||| 34.773 
0.274922  10.316  0.274922  10.316  |||| 12.1786 |||| 12.1786 
6.21147  7.72429  6.21147  7.72429  |||| 41.559 |||| 41.559 
8.1304  6.32508  8.1304  6.32508  |||| 58.5674 |||| 58.5674 
3.84474  9.40082  3.84474  9.40082  |||| 29.6532 |||| 29.6532 
9.26686  2.50008  9.26686  2.50008  |||| 78.4376 |||| 78.4376 
2.76218  9.77819  2.76218  9.77819  |||| 25.1975 |||| 25.1975 
5.26502  8.91233  5.26502  8.91233  |||| 53.6686 |||| 53.6686 
8.82787  4.6005  8.82787  4.6005  |||| 101.06 |||| 101.06 
6.795  7.51506  6.795  7.51506  |||| 87.9721 |||| 87.9721 
8.84749  5.21775  8.84749  5.21775  |||| 132.452 |||| 132.452 
1.91886  10.4221  1.91886  10.4221  |||| 33.0779 |||| 33.0779 
10.0256  0.703277  10.0256  0.703277  |||| 216.976 |||| 216.976 
8.75736  5.18825  8.75736  5.18825  |||| 243.457 |||| 243.457 
8.32357  5.00673  8.32357  5.00673  |||| 323.836 |||| 323.836 
5.15333  8.46469  5.15333  8.46469  |||| 332.605 |||| 332.605 
4.5576  9.24687  4.5576  9.24687  |||| 881.05 |||| 881.05 
1  9.93883e-05  1  9.93883e-05  |||| 1 |||| 1 
9.91963e-05  1  0.998764  0.0497111  |||| 1 |||| 9987.64 
0.999987  0.00512725  1.7218  0.00882824  |||| 1.00511 |||| 1.73063 
0.999879  0.015541  2.16198  0.0336034  |||| 1.01542 |||| 2.19558 
0.999658  0.026169  1.68506  0.0441114  |||| 1.02583 |||| 1.72917 
0.999315  0.037011  0.687919  1.24945  |||| 1.03633 |||| 34.9845 
0.998844  0.0480723  1.51374  0.0728534  |||| 1.04692 |||| 1.5866 
0.998237  0.0593545  1.59095  0.562315  |||| 1.05759 |||| 10.0194 
0.997486  0.070858  0.687092  0.72657  |||| 1.06835 |||| 10.9545 
0.996584  0.0825895  1.71487  0.142116  |||| 1.07917 |||| 1.85699 
0.99552  0.0945467  1.62713  0.154532  |||| 1.09007 |||| 1.78166 
0.994288  0.10673  0.994288  0.10673  |||| 1.10102 |||| 1.10102 
0.992877  0.119145  0.992877  0.119145  |||| 1.11202 |||| 1.11202 
0.991278  0.131787  1.64476  0.218666  |||| 1.12307 |||| 1.86343 
0.989481  0.144661  0.989481  0.144661  |||| 1.13414 |||| 1.13414 
0.987477  0.157762  1.17758  1.23448  |||| 1.14524 |||| 8.96142 
0.985255  0.171091  1.46785  0.863472  |||| 1.15635 |||| 5.83589 
0.982805  0.184647  0.982805  0.184647  |||| 1.16745 |||| 1.16745 
0.980116  0.198428  0.980116  0.198428  |||| 1.17854 |||| 1.17854 
0.977177  0.212428  2.42893  0.120288  |||| 1.18961 |||| 2.95696 
0.973977  0.226649  0.973977  0.226649  |||| 1.20063 |||| 1.20063 
0.970505  0.24108  1.59082  0.395172  |||| 1.21159 |||| 1.986 
0.966751  0.255721  0.991772  0.128019  |||| 1.22247 |||| 1.25411 
0.962702  0.270564  0.939344  1.21807  |||| 1.23327 |||| 5.55215 
0.958349  0.285601  0.968576  0.248717  |||| 1.24395 |||| 1.25722 
0.95368  0.300824  0.951579  0.307404  |||| 1.2545 |||| 1.28194 
0.948683  0.316228  1.33379  0.780664  |||| 1.26491 |||| 3.12266 
0.94335  0.331798  2.22681  0.723521  |||| 1.27515 |||| 3.01003 
0.93767  0.347527  0.93767  0.347527  |||| 1.2852 |||| 1.2852 
0.931632  0.363402  0.931632  0.363402  |||| 1.29503 |||| 1.29503 
0.925229  0.379409  0.925229  0.379409  |||| 1.30464 |||| 1.30464 
0.91845  0.395536  0.91845  0.395536  |||| 1.31399 |||| 1.31399 
0.91129  0.411766  0.707541  1.54659  |||| 1.32306 |||| 4.96938 
0.903738  0.428087  0.156967  1.44879  |||| 1.33182 |||| 4.50734 
0.895791  0.444476  1.38664  0.688027  |||| 1.34027 |||| 2.07467 
0.887442  0.46092  0.89371  0.448646  |||| 1.34836 |||| 1.35788 
0.878688  0.477397  0.0562437  0.998417  |||| 1.35609 |||| 2.83608 
0.869524  0.49389  0.869524  0.49389  |||| 1.36341 |||| 1.36341 
0.859951  0.510377  0.891801  0.452427  |||| 1.37033 |||| 1.42108 
0.849966  0.526838  1.42783  0.885019  |||| 1.3768 |||| 2.31285 
0.83957  0.543251  0.83957  0.543251  |||| 1.38282 |||| 1.38282 
0.828767  0.559594  0.0733698  1.54686  |||| 1.38836 |||| 3.83779 
0.817559  0.575845  1.43283  1.00921  |||| 1.3934 |||| 2.44205 
0.805952  0.591981  1.34133  0.985224  |||| 1.39793 |||| 2.32656 
0.793952  0.60798  1.29848  1.07004  |||| 1.40193 |||| 2.4674 
0.781568  0.623821  0.781568  0.623821  |||| 1.40539 |||| 1.40539 
0.76881  0.639478  0.668516  0.743697  |||| 1.40829 |||| 1.6378 
0.755689  0.654931  0.756265  1.42264  |||| 1.41062 |||| 3.06414 
0.742218  0.670158  0.742218  0.670158  |||| 1.41238 |||| 1.41238 
0.728411  0.68514  1.01955  1.32551  |||| 1.41355 |||| 2.73473 
0.714285  0.699855  0.714285  0.699855  |||| 1.41414 |||| 1.41414 
0.699855  0.714285  0.699855  0.714285  |||| 1.41414 |||| 1.41414 
0.68514  0.728412  0.564554  0.825396  |||| 1.41355 |||| 1.60176 
0.670158  0.742218  0.310503  1.57393  |||| 1.41238 |||| 2.99505 
0.654931  0.755689  0.663595  0.748092  |||| 1.41062 |||| 1.42928 
0.639478  0.768809  0.858176  0.513355  |||| 1.40829 |||| 1.88992 
0.623821  0.781567  0.623821  0.781567  |||| 1.40539 |||| 1.40539 
0.60798  0.793952  0.60798  0.793952  |||| 1.40193 |||| 1.40193 
0.591981  0.805952  0.81472  0.579855  |||| 1.39793 |||| 1.92392 
0.575845  0.817559  0.417615  1.6397  |||| 1.3934 |||| 2.79462 
0.559594  0.828767  0.559594  0.828767  |||| 1.38836 |||| 1.38836 
0.543251  0.83957  0.74363  0.668592  |||| 1.38282 |||| 1.89288 
0.526838  0.849966  0.847444  1.36721  |||| 1.3768 |||| 2.21466 
0.510377  0.859951  0.824723  1.3896  |||| 1.37033 |||| 2.21432 
0.49389  0.869524  0.302217  0.953239  |||| 1.36341 |||| 1.49468 
0.477398  0.878687  0.477398  0.878687  |||| 1.35609 |||| 1.35609 
0.460919  0.887442  0.460919  0.887442  |||| 1.34836 |||| 1.34836 
0.444476  0.895791  0.444476  0.895791  |||| 1.34027 |||| 1.34027 
0.428087  0.903738  0.545572  0.838064  |||| 1.33182 |||| 1.69733 
0.411766  0.91129  0.295984  0.955193  |||| 1.32306 |||| 1.3868 
0.395536  0.918451  0.658524  1.52912  |||| 1.31399 |||| 2.18764 
0.379409  0.925229  0.453694  0.891158  |||| 1.30464 |||| 1.56007 
0.363402  0.931632  0.363402  0.931632  |||| 1.29503 |||| 1.29503 
0.347528  0.93767  0.347528  0.93767  |||| 1.2852 |||| 1.2852 
0.331798  0.94335  0.307925  0.95141  |||| 1.27515 |||| 1.28604 
0.316228  0.948683  0.316228  0.948683  |||| 1.26491 |||| 1.26491 
0.300825  0.953679  0.936284  0.351243  |||| 1.2545 |||| 3.9045 
0.285599  0.958349  1.78706  0.17702  |||| 1.24395 |||| 7.78365 
0.270564  0.962702  0.687128  0.726536  |||| 1.23327 |||| 3.13202 
0.255721  0.966751  0.451329  1.70625  |||| 1.22247 |||| 2.15758 
0.24108  0.970505  0.24108  0.970505  |||| 1.21159 |||| 1.21159 
0.226649  0.973976  0.226649  0.973976  |||| 1.20063 |||| 1.20063 
0.212429  0.977177  0.212429  0.977177  |||| 1.18961 |||| 1.18961 
0.198428  0.980116  0.235247  0.971936  |||| 1.17854 |||| 1.39723 
0.184648  0.982805  1.48073  0.724157  |||| 1.16745 |||| 9.36202 
0.171092  0.985255  0.292882  1.6866  |||| 1.15635 |||| 1.97948 
0.157762  0.987477  0.297751  1.71266  |||| 1.14524 |||| 2.16145 
0.144661  0.989481  0.144661  0.989481  |||| 1.13414 |||| 1.13414 
0.131788  0.991278  0.131788  0.991278  |||| 1.12307 |||| 1.12307 
0.119143  0.992877  0.191661  1.5972  |||| 1.11202 |||| 1.78886 
0.106731  0.994288  0.769321  0.638863  |||| 1.10102 |||| 7.93615 
0.0945466  0.99552  0.636796  0.771032  |||| 1.09007 |||| 7.34188 
0.0825896  0.996584  0.874434  0.485145  |||| 1.07917 |||| 11.4259 
0.0708592  0.997486  0.921278  0.388905  |||| 1.06835 |||| 13.89 
0.0593539  0.998237  0.982597  0.185751  |||| 1.05759 |||| 17.5081 
0.0480727  0.998844  0.0480727  0.998844  |||| 1.04692 |||| 1.04692 
0.0370116  0.999315  0.0870057  2.34915  |||| 1.03633 |||| 2.43616 
0.0261681  0.999658  0.0795135  1.63884  |||| 1.02583 |||| 3.11693 
0.0155421  0.999879  0.026051  1.67595  |||| 1.01542 |||| 1.70201 
0.00512682  0.999987  0.0129451  0.999916  |||| 1.00511 |||| 2.53723 
