1.99975 0.000328741
0.000435712 3.94913
1.99436 0.0103559
1.98762 0.0310233
1.98263 0.052029
1.97845 0.0734026
1.97473 0.0951668
1.97134 0.11734
1.96818 0.139942
1.96519 0.162986
1.96233 0.186491
1.95959 0.210476
1.95694 0.234956
1.95435 0.259948
1.95183 0.285477
1.94935 0.311557
1.94692 0.338207
1.94452 0.36545
1.94214 0.393312
1.93978 0.42181
1.93744 0.450972
1.93511 0.480817
1.93279 0.511369
1.93047 0.542668
1.92816 0.574733
1.92583 0.607592
1.9235 0.641282
1.92117 0.675834
1.91881 0.711282
1.91645 0.747658
1.91406 0.785013
1.38951 0.794947
1.38951 0.794947
1.38951 0.794947
1.38951 0.794947
1.38951 0.794947
1.38951 0.794947
1.38951 0.794947
1.37421 0.815694
1.36538 0.846411
1.35859 0.879187
1.35276 0.913502
1.34751 0.949215
1.34265 0.98629
1.33805 1.02473
1.33365 1.06457
1.32939 1.10585
1.32524 1.14864
1.32116 1.19299
1.31714 1.23897
1.31314 1.2867
1.30916 1.33622
1.30517 1.38769
1.30117 1.44116
1.29714 1.49677
1.29306 1.55465
0.832974 1.59328
0.832974 1.59328
0.832974 1.59328
0.832974 1.59328
0.832974 1.59328
0.832974 1.59328
0.832974 1.59328
0.832974 1.59328
0.832974 1.59328
0.832974 1.59328
0.828463 1.59515
0.811523 1.63557
0.800466 1.68991
0.791277 1.75122
0.783016 1.81822
0.775277 1.89062
0.767832 1.96846
0.760529 2.05199
0.753253 2.14162
0.745915 2.23775
0.738428 2.34096
0.391236 2.38997
0.391236 2.38997
0.391236 2.38997
0.391236 2.38997
0.391236 2.38997
0.391236 2.38997
0.391236 2.38997
0.391236 2.38997
0.391236 2.38997
0.383087 2.39772
0.362993 2.48273
0.34722 2.61151
0.332651 2.77188
0.318061 2.96273
0.107417 3.18052
0.107417 3.18052
0.107417 3.18052
0.107417 3.18052
0.107417 3.18052
0.107417 3.18052
0.0859099 3.28047
0.0570972 3.67125
0.00426627 3.8951
