2 0.000136401 7.79888e-06
0.000107343 4 0.000396243
0.000221401 0.000599949 6
1.99946 0.0772056 0.0769643
1.99703 0.212668 0.0706981
1.99715 0.0954323 0.286428
1.98947 0.408146 0.0581801
1.99411 0.205252 0.341975
1.98903 0.388496 0.233027
1.98924 0.0868046 0.607863
1.96812 0.710667 0.047336
1.98549 0.365225 0.469579
1.97376 0.618057 0.280896
1.98054 0.182073 0.788996
1.95498 0.834126 0.192373
1.9763 0.345845 0.760884
1.96539 0.657803 0.511551
1.96193 0.0772823 1.15932
1.90338 1.22793 0.039533
1.9588 0.644431 0.730416
1.9288 1.02357 0.400529
1.95371 0.331298 1.18335
1.89036 1.29639 0.240015
1.94623 0.569224 1.08662
1.92071 1.01455 0.694114
1.92391 0.16755 1.61984
1.83055 1.60801 0.166224
1.92264 0.789102 1.15334
1.87836 1.29689 0.6794
1.90506 0.325921 1.76015
1.82212 1.62109 0.453869
1.89993 0.632455 1.6163
1.87024 1.22164 1.07791
1.84879 0.0674481 2.28636
1.67528 2.18478 0.0345444
1.8517 1.23271 1.31222
1.76104 1.84323 0.666639
1.84729 0.639685 2.08979
1.66774 2.19482 0.359147
1.82871 1.04279 1.85896
1.75636 1.75943 1.12783
1.77879 0.331182 2.69749
1.551 2.52145 0.213605
1.77317 1.36604 1.87196
1.66305 2.11277 1.03185
1.74051 0.585621 2.82204
1.54711 2.4993 0.636976
1.72829 1.07705 2.55091
1.65467 1.96673 1.62961
1.62537 0.171478 3.48674
1.33773 2.97195 0.146036
1.6369 1.79065 2.16114
1.47672 2.59672 1.09637
1.61011 0.847413 3.32461
1.33046 2.95838 0.613951
1.58258 1.4454 2.95963
1.46623 2.44631 1.78514
1.46663 0.342944 4.04677
1.1694 3.23422 0.397128
1.48055 1.86395 2.9078
1.31596 2.8213 1.58268
1.39645 0.682486 4.17149
1.15623 3.19795 0.978909
1.38199 1.37885 3.81229
1.28747 2.59432 2.43684
1.19887 0.071962 4.80133
0.858983 3.61223 0.0284389
1.2079 2.62681 2.71021
0.98983 3.38655 1.17632
1.19136 1.38885 4.3458
0.829919 3.62083 0.554299
1.12388 2.17257 3.74422
0.954598 3.24825 2.01474
0.998922 0.676697 5.09798
0.667373 3.76598 0.284686
0.958751 2.62916 3.48958
0.770882 3.52136 1.65937
0.880063 1.12135 5.1192
0.622452 3.75257 0.910802
0.827485 2.00026 4.56476
0.706341 3.29947 2.64861
0.665413 0.326101 5.637
0.425264 3.9071 0.158719
0.634208 2.9918 3.49889
0.479526 3.7481 1.52396
0.569665 1.42711 5.33844
0.362929 3.90035 0.765484
0.497109 2.34225 4.63003
0.393782 3.54793 2.5072
0.375024 0.548651 5.83583
0.233177 3.96149 0.447807
0.326968 2.78132 4.19924
0.234415 3.73597 2.02553
0.236349 1.00466 5.76422
0.149736 3.91485 1.14654
0.15445 1.96063 5.20966
0.120852 3.41321 3.10741
0.080511 0.143787 5.99126
0.0319503 3.99898 0.0959394
0.0122593 3.22724 3.54467
