2.0013 0.00129875 0.00129875
0.00825912 4.00817 0.00816586
0.000296588 0.000296527 6.0003
2.00086 0.00389796 0.0421754
1.99811 0.21225 0.000906485
1.99811 0.0928446 0.285764
1.99069 0.408619 0.00109358
1.99614 0.203628 0.299214
1.99165 0.38843 0.0141619
1.99074 0.00100576 0.608045
1.96957 0.710663 0.00127145
1.98719 0.365807 0.46888
1.97465 0.618041 0.280667
1.98154 0.181348 0.788883
1.95605 0.834306 0.188789
1.97749 0.344797 0.7608
1.96654 0.657745 0.5102
1.96281 0.0619834 1.1592
1.90434 1.22861 0.0131826
1.95988 0.644821 0.730849
1.92968 1.02411 0.400278
1.95612 0.312344 1.18477
1.89181 1.29719 0.240207
1.94753 0.568928 1.08655
1.92149 1.015 0.693605
1.92506 0.166595 1.62041
1.83182 1.60915 0.0861401
1.92388 0.789251 1.15407
1.87928 1.29665 0.679317
1.90601 0.326111 1.76065
1.82334 1.62114 0.454164
1.90075 0.632806 1.61695
1.87154 1.22261 1.07731
1.84959 0.0514403 2.28725
1.67625 2.18611 0.00274746
1.85278 1.2334 1.31238
1.76216 1.84393 0.665083
1.84845 0.639471 2.08886
1.66905 2.19648 0.35857
1.83009 1.0436 1.8602
1.75733 1.76061 1.12769
1.77987 0.331425 2.69845
1.55198 2.52281 0.200185
1.77466 1.36632 1.87321
1.66436 2.1131 1.03253
1.74149 0.583025 2.82376
1.54852 2.50136 0.63689
1.72939 1.07727 2.55229
1.65584 1.96751 1.63024
1.62647 0.171651 3.48802
1.33867 2.97319 0.143969
1.63791 1.79104 2.16226
1.47755 2.59757 1.09666
1.61098 0.847635 3.32644
1.33137 2.96014 0.61295
1.58404 1.44343 2.96197
1.46738 2.44748 1.78571
1.46764 0.331938 4.04972
1.17237 3.2422 0.107794
1.48175 1.86525 2.90863
1.31696 2.82301 1.58334
1.40452 0.574475 4.19541
1.15683 3.20053 0.97923
1.38306 1.3778 3.81499
1.28808 2.59605 2.43764
1.22544 0.0598942 4.90603
0.859461 3.61376 0.000989963
1.20701 2.63161 2.71873
0.990288 3.38838 1.17587
1.19186 1.38958 4.34765
0.830328 3.62258 0.554855
1.12683 2.17578 3.76174
0.955419 3.25015 2.01579
1.00065 0.64948 5.10574
0.667644 3.76822 0.284062
0.95214 2.63486 3.49682
0.770721 3.52891 1.65901
0.881795 1.11594 5.12689
0.622396 3.75412 0.910882
0.831703 2.00593 4.58712
0.707101 3.30191 2.6501
0.676679 0.331771 5.72891
0.425725 3.90904 0.115667
0.636043 2.99939 3.50791
0.479872 3.74852 1.5239
0.57845 1.44547 5.41142
0.285728 3.92758 0.770535
0.499411 2.36742 4.68629
0.395874 3.56361 2.51303
0.379233 0.287614 5.8759
0.157919 3.97815 0.415919
0.332921 2.82635 4.266
0.237568 3.74844 2.03197
0.243139 1.02136 5.86067
0.146462 3.91871 1.14796
0.176022 2.00273 5.32189
0.122155 3.45758 3.14762
0.0796843 0.00599566 5.9955
0.0198632 3.99997 0.000168705
0.021127 3.85006 1.75566
