1 4.82437e-05 2.29503e-06
3.80293e-05 1 8.54611e-05
9.08273e-05 9.51637e-05 1
0.99851 0.0385955 0.0385844
0.993775 0.105723 0.0351401
0.988773 0.0472702 0.141755
0.979191 0.200903 0.0286737
0.98058 0.100872 0.168187
0.975031 0.19041 0.114274
0.955517 0.041613 0.291986
0.940324 0.339534 0.0225415
0.957957 0.17607 0.226532
0.945621 0.296125 0.134574
0.925677 0.0850904 0.368622
0.916094 0.390699 0.0901437
0.92103 0.161103 0.354612
0.920709 0.308061 0.23957
0.860437 0.0336668 0.508443
0.840182 0.542024 0.0174475
0.895423 0.294568 0.333838
0.868846 0.461076 0.180319
0.846562 0.143151 0.51268
0.820243 0.562486 0.103973
0.845963 0.247406 0.472374
0.842284 0.444848 0.304414
0.763366 0.0664226 0.642542
0.749553 0.658435 0.0680746
0.808942 0.331898 0.485238
0.788679 0.544616 0.285271
0.728792 0.124548 0.673313
0.734554 0.65346 0.182811
0.738338 0.245767 0.628057
0.754061 0.49255 0.434495
0.628592 0.0249895 0.777334
0.608458 0.793487 0.0125354
0.716961 0.477293 0.508093
0.668358 0.699538 0.252873
0.645542 0.223473 0.730298
0.599929 0.789571 0.129088
0.651187 0.3713 0.661885
0.643388 0.644494 0.413134
0.547638 0.10178 0.830502
0.52257 0.849561 0.0718798
0.607674 0.468124 0.641554
0.577492 0.733628 0.358181
0.516991 0.173956 0.838128
0.514382 0.83099 0.21182
0.529471 0.329898 0.781555
0.543681 0.646279 0.535476
0.422077 0.0438252 0.9055
0.410042 0.910968 0.0447433
0.503845 0.551169 0.665097
0.464046 0.816063 0.344533
0.424816 0.223311 0.877305
0.402883 0.896156 0.185981
0.432885 0.395531 0.810041
0.43563 0.727105 0.530608
0.339633 0.0789541 0.937238
0.337782 0.934219 0.114618
0.393985 0.495897 0.773861
0.376789 0.807913 0.453107
0.3136 0.153241 0.937108
0.326741 0.903725 0.276625
0.322571 0.321845 0.890148
0.340009 0.68542 0.643889
0.24222 0.0132446 0.970131
0.231293 0.972854 0.00762417
0.304797 0.662858 0.683899
0.266089 0.91062 0.316176
0.252397 0.294453 0.921734
0.220882 0.964063 0.147629
0.251189 0.485751 0.837227
0.242292 0.82449 0.511381
0.190544 0.128862 0.973184
0.173826 0.981978 0.0741904
0.214367 0.587717 0.780151
0.194261 0.887396 0.41808
0.165442 0.210979 0.963388
0.158923 0.959438 0.232856
0.163715 0.395914 0.903576
0.164434 0.769186 0.617506
0.117009 0.0572617 0.991479
0.108056 0.993326 0.0403392
0.136476 0.643776 0.752945
0.117417 0.919957 0.374021
0.102226 0.256859 0.961027
0.0907486 0.977235 0.191774
0.0954764 0.44931 0.88826
0.0901031 0.813364 0.574735
0.064035 0.0932445 0.993582
0.0583509 0.991987 0.112057
0.0631945 0.55101 0.832103
0.0553423 0.877787 0.475843
0.0406294 0.17153 0.984341
0.0364884 0.959048 0.280883
0.0300894 0.351996 0.935518
0.0259797 0.739193 0.672992
0.0133619 0.0239146 0.999625
0.00789904 0.999681 0.0239897
1.9947e-05 0.673216 0.739446
