1.00364 0.00098047
0.000631752 1.00125
0.99334 0.00549319
0.973039 0.0157498
0.953329 0.0255401
0.934162 0.0353857
0.915253 0.0449492
0.897841 0.0542519
0.880132 0.0633629
0.865073 0.0718709
0.847967 0.0808651
0.830851 0.0895129
0.815789 0.098175
0.800554 0.107161
0.785713 0.115735
0.770066 0.123853
0.75633 0.132029
0.742456 0.139698
0.728246 0.148369
0.714847 0.155968
0.701511 0.164101
0.689848 0.172103
0.676758 0.179637
0.663905 0.187623
0.652043 0.194855
0.638859 0.202077
0.627403 0.209761
0.615135 0.217366
0.603856 0.224911
0.59297 0.231866
0.581603 0.239129
0.570817 0.245867
0.559319 0.253569
0.548835 0.26076
0.538336 0.267706
0.528547 0.274932
0.517859 0.281533
0.507551 0.288618
0.497335 0.296198
0.487732 0.303426
0.477763 0.310241
0.468629 0.317063
0.458919 0.323803
0.449477 0.330516
0.440678 0.337711
0.431431 0.34477
0.422225 0.351722
0.413387 0.358621
0.404688 0.365481
0.395963 0.372532
0.38678 0.379492
0.378532 0.386009
0.369805 0.393435
0.361381 0.400404
0.353273 0.40749
0.344946 0.414649
0.3362 0.422487
0.32889 0.429067
0.320539 0.436425
0.311879 0.44378
0.304405 0.450401
0.296062 0.457248
0.287742 0.464797
0.279785 0.472605
0.272499 0.479999
0.264442 0.487641
0.25723 0.49494
0.249587 0.502849
0.241517 0.510117
0.234518 0.517597
0.226556 0.525409
0.219058 0.53385
0.211052 0.542263
0.204264 0.550549
0.19672 0.558027
0.188989 0.566968
0.181988 0.575535
0.174574 0.584623
0.166923 0.593448
0.159783 0.601655
0.152569 0.611388
0.144849 0.621153
0.137525 0.63079
0.129951 0.641624
0.122172 0.651712
0.115169 0.662693
0.107969 0.673284
0.100141 0.685345
0.093216 0.697421
0.0855972 0.709718
0.0776861 0.72245
0.0702982 0.736135
0.0625729 0.751327
0.0550827 0.767853
0.0471156 0.785796
0.0392633 0.805394
0.0312404 0.828531
0.0224561 0.855854
0.014243 0.886325
0.00507184 0.937988
