2.04995 0.0745599 0.0543074
0.076283 4.04916 0.0737232
0.094573 0.0820773 6.0485
2.04878 0.107253 0.119712
2.04635 0.25942 0.083042
2.04637 0.143894 0.332
2.03906 0.457826 0.0976405
2.04368 0.251465 0.370213
2.03813 0.437587 0.266575
2.03848 0.128104 0.655963
2.01795 0.756007 0.0761242
2.03497 0.413861 0.515812
2.02314 0.666295 0.329755
2.03014 0.231631 0.83026
2.00436 0.878899 0.242253
2.02621 0.392375 0.807839
2.01483 0.706272 0.555665
2.01203 0.08939 1.20084
1.95371 1.27127 0.0809559
2.0087 0.689302 0.774307
1.97841 1.07097 0.446625
2.00381 0.377975 1.22702
1.94073 1.34128 0.245344
1.99581 0.617843 1.13199
1.97061 1.05975 0.741976
1.97382 0.209948 1.66483
1.88071 1.65374 0.21439
1.97317 0.83386 1.195
1.92862 1.34436 0.725423
1.95553 0.373739 1.80297
1.87334 1.6655 0.499303
1.95042 0.678922 1.65677
1.92066 1.26778 1.11748
1.89925 0.0870966 2.32892
1.72637 2.22926 0.0829823
1.9022 1.27948 1.35125
1.81218 1.88666 0.714253
1.89836 0.688213 2.13144
1.71952 2.23711 0.402956
1.88006 1.08675 1.89917
1.80733 1.80581 1.16972
1.83001 0.381577 2.74016
1.60332 2.56661 0.227445
1.82315 1.41415 1.91799
1.71465 2.15945 1.07626
1.79288 0.621329 2.86099
1.59914 2.54354 0.674646
1.77947 1.1254 2.59383
1.70593 2.01412 1.672
1.67697 0.218249 3.52752
1.39016 3.01704 0.192592
1.68914 1.83622 2.20099
1.52916 2.64158 1.1417
1.66245 0.895338 3.36221
1.38338 3.00413 0.646859
1.63457 1.4902 3.00427
1.51864 2.49193 1.82521
1.51821 0.390141 4.09095
1.22317 3.27932 0.423839
1.53314 1.90893 2.9531
1.36823 2.86705 1.63037
1.44954 0.730607 4.21219
1.20929 3.24391 1.01654
1.43294 1.42477 3.85875
1.34031 2.64209 2.48421
1.2507 0.0737741 4.84581
0.91362 3.65696 0.0750633
1.26168 2.67369 2.75233
1.044 3.43155 1.22021
1.24637 1.43268 4.38652
0.883069 3.66778 0.588446
1.17903 2.21841 3.7857
1.00866 3.29719 2.04663
1.05291 0.714309 5.1428
0.722189 3.81392 0.270817
1.01132 2.67721 3.53696
0.824366 3.56778 1.70584
0.933418 1.17114 5.1643
0.67711 3.79995 0.956779
0.882301 2.04411 4.61155
0.76084 3.34501 2.69767
0.719582 0.354385 5.68474
0.480324 3.95434 0.201515
0.688423 3.03968 3.54523
0.532997 3.7973 1.564
0.622482 1.47015 5.39051
0.416646 3.94983 0.802907
0.552881 2.38913 4.67729
0.446951 3.59576 2.55622
0.431565 0.598915 5.88268
0.275885 4.01264 0.498358
0.380644 2.82942 4.24736
0.287073 3.78631 2.06764
0.29343 1.04492 5.81646
0.194834 3.96527 1.19628
0.223336 2.00946 5.25732
0.169963 3.46579 3.155
0.129714 0.181659 6.0417
0.0765785 4.0491 0.133852
0.0719136 3.27781 3.59416
