2.019e+00  2.093e-01  
8.871e-02  4.019e+00  
2.019e+00  2.093e-01  
2.019e+00  2.093e-01  
2.018e+00  2.249e-01  
2.017e+00  2.459e-01  
2.017e+00  2.673e-01  
2.016e+00  2.890e-01  
2.015e+00  3.113e-01  
2.014e+00  3.340e-01  
2.013e+00  3.573e-01  
2.012e+00  3.810e-01  
2.011e+00  4.052e-01  
2.010e+00  4.299e-01  
2.009e+00  4.552e-01  
2.007e+00  4.810e-01  
2.006e+00  5.074e-01  
2.004e+00  5.343e-01  
2.002e+00  5.618e-01  
2.000e+00  5.900e-01  
1.998e+00  6.188e-01  
1.996e+00  6.482e-01  
1.993e+00  6.783e-01  
1.991e+00  7.091e-01  
1.988e+00  7.405e-01  
1.985e+00  7.726e-01  
1.981e+00  8.055e-01  
1.978e+00  8.390e-01  
1.974e+00  8.735e-01  
1.970e+00  9.086e-01  
1.966e+00  9.445e-01  
1.962e+00  9.813e-01  
1.957e+00  1.019e+00  
1.952e+00  1.057e+00  
1.947e+00  1.097e+00  
1.941e+00  1.137e+00  
1.935e+00  1.178e+00  
1.928e+00  1.220e+00  
1.922e+00  1.262e+00  
1.914e+00  1.306e+00  
1.907e+00  1.351e+00  
1.898e+00  1.397e+00  
1.890e+00  1.443e+00  
1.880e+00  1.491e+00  
1.871e+00  1.539e+00  
1.860e+00  1.589e+00  
1.849e+00  1.639e+00  
1.838e+00  1.691e+00  
1.825e+00  1.743e+00  
1.812e+00  1.796e+00  
1.799e+00  1.850e+00  
1.784e+00  1.905e+00  
1.769e+00  1.961e+00  
1.753e+00  2.018e+00  
1.736e+00  2.076e+00  
1.718e+00  2.134e+00  
1.700e+00  2.193e+00  
1.680e+00  2.253e+00  
1.659e+00  2.313e+00  
1.638e+00  2.374e+00  
1.615e+00  2.435e+00  
1.591e+00  2.497e+00  
1.566e+00  2.559e+00  
1.540e+00  2.621e+00  
1.513e+00  2.683e+00  
1.485e+00  2.745e+00  
1.455e+00  2.807e+00  
1.425e+00  2.868e+00  
1.393e+00  2.929e+00  
1.360e+00  2.990e+00  
1.327e+00  3.050e+00  
1.292e+00  3.109e+00  
1.255e+00  3.167e+00  
1.218e+00  3.223e+00  
1.180e+00  3.279e+00  
1.141e+00  3.333e+00  
1.101e+00  3.386e+00  
1.061e+00  3.437e+00  
1.019e+00  3.486e+00  
9.768e-01  3.533e+00  
9.340e-01  3.579e+00  
8.906e-01  3.622e+00  
8.467e-01  3.663e+00  
8.025e-01  3.702e+00  
7.579e-01  3.739e+00  
7.132e-01  3.773e+00  
6.684e-01  3.805e+00  
6.235e-01  3.835e+00  
5.786e-01  3.862e+00  
5.338e-01  3.887e+00  
4.893e-01  3.910e+00  
4.450e-01  3.930e+00  
4.011e-01  3.948e+00  
3.575e-01  3.964e+00  
3.145e-01  3.978e+00  
2.719e-01  3.989e+00  
2.300e-01  3.999e+00  
1.887e-01  4.007e+00  
1.480e-01  4.013e+00  
1.080e-01  4.017e+00  
