0.57735 0.57735 0.57735
0.57735 0.57735 0.57735
9.99255e-05 9.99255e-05 1
0.57735 0.57735 0.57735
0.688247 0.688247 0.229415
0.301512 0.301512 0.904534
0.703527 0.703527 0.100503
0.457495 0.457495 0.762494
0.650945 0.650945 0.390567
0.140027 0.140027 0.980196
0.706322 0.706322 0.0470877
0.523207 0.523207 0.672688
0.67319 0.67319 0.305992
0.219382 0.219382 0.950654
0.697877 0.697877 0.161048
0.382358 0.382358 0.841193
0.619585 0.619585 0.481901
0.0663711 0.0663711 0.995585
0.706923 0.706923 0.0228032
0.551785 0.551785 0.625354
0.6815 0.6815 0.266675
0.260333 0.260333 0.92976
0.701122 0.701122 0.129833
0.420903 0.420903 0.803543
0.636525 0.636525 0.435514
0.102358 0.102358 0.989467
0.705223 0.705223 0.0729539
0.491705 0.491705 0.718646
0.663085 0.663085 0.347329
0.179143 0.179143 0.967376
0.693642 0.693642 0.19422
0.342377 0.342377 0.874961
0.599917 0.599917 0.529338
0.0322241 0.0322241 0.998961
0.707031 0.707031 0.0146342
0.564945 0.564945 0.601394
0.683055 0.683055 0.258595
0.280926 0.280926 0.917694
0.699049 0.699049 0.15054
0.439471 0.439471 0.78341
0.643843 0.643843 0.413438
0.120995 0.120995 0.985251
0.703775 0.703775 0.0969593
0.50781 0.50781 0.695887
0.647527 0.647527 0.401767
0.199146 0.199146 0.959522
0.678913 0.678913 0.279563
0.362513 0.362513 0.858586
0.580265 0.580265 0.571477
0.0490612 0.0490612 0.99759
0.705006 0.705006 0.0770262
0.516872 0.516872 0.682412
0.626073 0.626073 0.464828
0.239797 0.239797 0.940742
0.672216 0.672216 0.310245
0.401845 0.401845 0.822825
0.535878 0.535878 0.652433
0.084143 0.084143 0.992895
0.687555 0.687555 0.233527
0.413192 0.413192 0.811508
0.538673 0.538673 0.647814
0.159422 0.159422 0.974253
0.606688 0.606688 0.513673
0.322017 0.322017 0.890286
0.423207 0.423207 0.801119
0.015869 0.015869 0.999748
0.706913 0.706913 0.023407
0.377042 0.377042 0.845978
0.541336 0.541336 0.643359
0.2556 0.2556 0.932383
0.639337 0.639337 0.427196
0.276344 0.276344 0.920472
0.393629 0.393629 0.83073
0.130464 0.130464 0.982832
0.676953 0.676953 0.288911
0.256091 0.256091 0.932113
0.388244 0.388244 0.835783
0.167086 0.167086 0.971681
0.491402 0.491402 0.71906
0.175597 0.175597 0.968675
0.249522 0.249522 0.93567
0.0576573 0.0576573 0.99667
0.683669 0.683669 0.255329
0.175583 0.175583 0.96868
0.287478 0.287478 0.913626
0.105665 0.105665 0.988772
0.393883 0.393883 0.830489
0.106319 0.106319 0.988632
0.153542 0.153542 0.97614
0.0642308 0.0642308 0.995866
0.419301 0.419301 0.805216
0.0775285 0.0775285 0.993971
0.115222 0.115222 0.986635
0.0413685 0.0413685 0.998287
0.128541 0.128541 0.983339
0.0330446 0.0330446 0.998907
0.0388544 0.0388544 0.998489
0.0134539 0.0134539 0.999819
0.301836 0.301836 0.904318
0.004942 0.004942 0.999976
