1.00042 0.000606698
0.000159567 1.00354
1.00005 0.00532663
1.00005 0.0153126
1.00005 0.0190836
1.00005 0.0356057
1.00005 0.0356057
0.993394 0.0579358
0.968788 0.0685423
0.968512 0.0797348
0.968503 0.0889316
0.968502 0.0998228
0.9685 0.116612
0.9685 0.126899
0.9685 0.13791
0.937299 0.150343
0.924896 0.161318
0.915931 0.172074
0.915911 0.181481
0.915905 0.191942
0.907431 0.211637
0.907117 0.225555
0.889228 0.233427
0.88922 0.24477
0.872118 0.260429
0.864512 0.273155
0.85887 0.286393
0.858622 0.298141
0.858604 0.31658
0.833233 0.325544
0.829466 0.336372
0.829392 0.353857
0.827676 0.374588
0.795113 0.37817
0.791435 0.384864
0.791435 0.411074
0.786389 0.425133
0.763195 0.430376
0.763018 0.446921
0.754032 0.467476
0.74903 0.484536
0.724336 0.490983
0.718822 0.506271
0.718393 0.527011
0.718393 0.546009
0.694732 0.555484
0.667755 0.555549
0.666723 0.577759
0.663851 0.601379
0.636775 0.601945
0.635336 0.622639
0.635264 0.641589
0.614397 0.655187
0.594156 0.66085
0.582726 0.672036
0.579271 0.697952
0.563365 0.706221
0.548092 0.722674
0.531305 0.724986
0.525938 0.746945
0.512092 0.76215
0.4973 0.767771
0.486318 0.790705
0.468701 0.79072
0.458535 0.799776
0.447156 0.824403
0.430199 0.827911
0.420463 0.848299
0.402718 0.858637
0.388491 0.859918
0.342863 0.888833
0.342863 0.888833
0.342863 0.888833
0.333392 0.899544
0.317387 0.914722
0.30678 0.924065
0.2934 0.938264
0.276198 0.938285
0.261936 0.938347
0.249921 0.945368
0.221432 0.962878
0.221432 0.962878
0.209251 0.962955
0.155868 0.984616
0.155868 0.984616
0.155868 0.984616
0.155868 0.984616
0.143727 0.984621
0.130857 0.985289
0.11934 0.998283
0.00503949 1
0.00503949 1
0.00503949 1
0.00503949 1
0.00503949 1
0.00503949 1
0.00503949 1
0.00503949 1
0.00503949 1
0.00503949 1
