1.88593  2.9777  4.48195  6.99424  6.39786  4.52937  9.49209  3.07967  17.8501  15.382  6.55728  3.21306  3.4799  22.3141  28.8253  9.39861  1.16451  18.1999  16.0112  7.50039  21.8945  39.8003  23.0904  28.5019  0.942963  0.744426  0.746992  0.87428  0.639786  0.377448  0.678006  0.192479  0.991671  0.769101  0.298058  0.133878  0.133842  0.796933  0.960844  0.293706  0.0342502  0.505552  0.421346  0.18751  0.521298  0.904553  0.501965  0.59379  
0.988912  3.83354  5.87421  7.70468  1.59832  1.8175  9.62737  8.81303  0.414849  15.1408  6.23652  23.6563  22.7482  14.3056  18.4553  19.6202  16.4539  26.6727  14.1697  22.5628  9.51919  27.6508  43.4575  4.09818  0.494456  0.958386  0.979036  0.963085  0.159832  0.151458  0.687669  0.550814  0.0230472  0.757042  0.283478  0.985678  0.87493  0.510915  0.615176  0.61313  0.483938  0.740908  0.372887  0.56407  0.226647  0.628428  0.944729  0.0853787  
0.459589  0.234201  0.904704  7.99143  1.95705  11.8273  9.88247  2.48824  7.01455  5.61128  3.11103  17.5992  25.9407  13.408  20.2594  10.2847  7.69144  24.9685  13.338  2.03677  31.6427  17.4038  14.3415  36.7263  0.229795  0.0585503  0.150784  0.998929  0.195705  0.985608  0.705891  0.155515  0.389697  0.280564  0.14141  0.733299  0.997719  0.478857  0.675315  0.321395  0.226219  0.693571  0.351  0.0509191  0.753398  0.395541  0.311772  0.765132  
1.1838  1.77613  5.75069  7.5496  9.741  9.50927  6.65369  3.24415  14.9146  11.6926  4.62701  19.0946  19.516  6.35054  4.20303  30.9704  16.1433  21.5693  20.5734  1.53495  26.7587  11.9284  26.0338  16.0963  0.5919  0.444032  0.958448  0.943699  0.9741  0.792439  0.475263  0.202759  0.828587  0.584632  0.210318  0.795606  0.750615  0.226805  0.140101  0.967826  0.474802  0.599146  0.541406  0.0383737  0.637113  0.2711  0.565953  0.335339  
1.88218  0.769496  4.08178  2.32558  9.6365  1.30119  1.20771  14.1242  15.8364  16.9263  5.70207  23.2206  8.73165  0.686745  22.5738  2.83753  4.82431  11.5407  19.0441  29.3598  1.41161  17.2392  10.6561  13.1703  0.941088  0.192374  0.680297  0.290698  0.96365  0.108432  0.0862649  0.882761  0.879798  0.846315  0.259185  0.967524  0.335833  0.0245266  0.75246  0.0886729  0.141891  0.320576  0.501161  0.733995  0.0336098  0.3918  0.231654  0.274381  
0.670103  3.15608  0.599188  7.60386  9.14921  8.56385  4.36546  11.4377  4.83131  6.02932  14.7364  19.1097  2.066  9.44643  17.0462  3.65336  19.7322  16.0833  28.5953  3.44528  8.45848  19.0986  42.9508  16.4821  0.335051  0.78902  0.0998647  0.950483  0.914921  0.713654  0.311819  0.714857  0.268406  0.301466  0.669835  0.796236  0.0794617  0.337373  0.568206  0.114168  0.58036  0.446759  0.752509  0.086132  0.201392  0.43406  0.933713  0.343377  
0.520945  2.19495  0.73323  4.2251  2.03214  4.06304  8.51375  8.95266  13.0127  13.3047  6.10523  20.731  23.4932  22.6573  13.8399  30.825  14.2818  19.8265  29.9585  2.16221  30.4186  11.4355  36.3968  29.4529  0.260473  0.548738  0.122205  0.528137  0.203214  0.338586  0.608125  0.559541  0.722929  0.665234  0.277511  0.863791  0.903586  0.80919  0.461329  0.963283  0.420053  0.550736  0.788381  0.0540552  0.724253  0.259898  0.791234  0.613603  
1.08459  1.93076  2.922  0.12583  0.133237  0.849577  4.00073  8.97347  14.3264  16.3983  9.27635  21.3016  7.71381  26.295  13.905  15.1552  31.8289  2.37029  11.1045  2.09969  30.7707  40.1305  40.5204  18.0165  0.542296  0.482691  0.486999  0.0157287  0.0133237  0.070798  0.285767  0.560842  0.795914  0.819916  0.421652  0.887567  0.296685  0.939107  0.463501  0.473601  0.936145  0.0658414  0.292224  0.0524922  0.732636  0.912056  0.880878  0.375344  
0.309457  0.368592  0.366443  6.71351  1.92836  4.27975  7.64611  2.53824  2.09744  2.27105  19.3009  22.6229  24.5555  1.79352  23.4909  1.07875  10.7794  6.28302  9.00124  11.4288  22.2354  29.4648  8.66286  42.7188  0.154728  0.092148  0.0610739  0.839188  0.192836  0.356646  0.54615  0.15864  0.116525  0.113552  0.877315  0.94262  0.944443  0.0640544  0.783029  0.033711  0.31704  0.174528  0.236875  0.285719  0.529414  0.669654  0.188323  0.889975  
0.824421  3.19263  5.18265  1.58276  6.57317  8.36973  12.9483  7.2082  10.4239  11.0833  11.6706  13.3732  23.7439  23.6573  13.1773  15.3235  33.1523  24.78  33.0908  24.4957  10.0432  2.09373  5.83992  25.6239  0.412211  0.798157  0.863774  0.197845  0.657317  0.697478  0.924881  0.450513  0.579105  0.554165  0.53048  0.557217  0.913226  0.844903  0.439244  0.478858  0.975068  0.688335  0.870811  0.612392  0.239124  0.0475847  0.126955  0.533832  
0.169299  0.289132  2.44482  2.66299  9.08151  4.21669  7.96923  5.9993  6.50328  6.081  7.05742  7.9239  9.78431  19.1532  18.9212  0.729644  21.9702  0.373815  1.72724  20.6039  1.4139  35.5126  43.7477  44.8739  0.0846493  0.072283  0.407471  0.332874  0.908151  0.351391  0.569231  0.374956  0.361293  0.30405  0.320792  0.330162  0.37632  0.684042  0.630705  0.0228014  0.646182  0.0103837  0.0454537  0.515097  0.0336643  0.807105  0.951036  0.934873  
0.872305  2.18237  2.61642  0.991482  2.72289  3.87151  7.36061  15.3163  10.2756  1.83323  1.78303  7.55457  11.5669  25.2581  11.2791  3.43969  32.4355  3.98726  8.51829  18.3243  32.4376  17.5336  7.51127  29.508  0.436153  0.545592  0.43607  0.123935  0.272289  0.322626  0.525758  0.957269  0.570869  0.0916614  0.0810469  0.314774  0.444882  0.902075  0.375971  0.10749  0.953984  0.110757  0.224165  0.458107  0.772325  0.39849  0.163288  0.614749  
0.776014  2.20768  1.67111  1.00402  6.43663  1.30288  5.49256  12.797  17.8727  13.4907  7.8163  4.71321  7.08632  1.94369  27.3969  10.2326  25.7224  1.7561  35.6646  16.4183  0.235149  15.5635  10.5273  7.03821  0.388007  0.551919  0.278518  0.125502  0.643663  0.108573  0.392326  0.79981  0.992926  0.674534  0.355286  0.196384  0.272551  0.0694174  0.913229  0.319769  0.756541  0.0487806  0.938541  0.410457  0.00559879  0.353715  0.228854  0.146629  
0.825697  2.47655  4.28637  6.5885  2.36672  5.72791  7.22279  2.11903  6.05822  15.1427  0.0245835  13.2071  4.86071  13.559  6.73843  29.4196  12.5419  20.2274  26.1831  25.8992  6.60649  21.486  3.74788  17.4597  0.412849  0.619137  0.714395  0.823562  0.236672  0.477326  0.515914  0.132439  0.336568  0.757134  0.00111743  0.550294  0.18695  0.48425  0.224614  0.919364  0.36888  0.561872  0.689028  0.64748  0.157297  0.488318  0.0814757  0.363744  
0.673392  1.96732  4.48812  0.566225  0.970226  0.264754  1.29702  14.9455  6.39057  19.9247  15.4939  8.66315  24.671  4.55126  2.31575  25.0922  21.2583  1.61992  37.5759  15.651  31.9738  42.569  45.9818  4.28772  0.336696  0.491831  0.74802  0.0707781  0.0970226  0.0220628  0.0926441  0.934096  0.355031  0.996234  0.70427  0.360964  0.948886  0.162545  0.0771916  0.78413  0.625245  0.0449979  0.98884  0.391275  0.761281  0.967477  0.999603  0.0893275  
1.20686  0.626695  1.95173  5.43846  4.77831  5.65358  3.04888  10.9506  17.2126  9.80833  7.03456  21.8212  5.27042  25.5366  26.7024  27.5921  2.18159  11.3249  2.46952  7.67915  30.1453  43.6553  28.1035  6.78249  0.603429  0.156674  0.325289  0.679807  0.477831  0.471132  0.217777  0.68441  0.956255  0.490417  0.319753  0.909216  0.202708  0.912022  0.890079  0.862255  0.0641645  0.31458  0.0649874  0.191979  0.717746  0.992167  0.610945  0.141302  
0.343499  2.46248  3.46641  1.99032  7.37821  3.97365  6.8976  7.3089  13.4929  6.5401  20.4204  2.55624  13.0122  0.18009  21.1865  27.2809  21.6017  2.48279  11.7234  4.51267  39.1995  23.1349  5.30988  41.5321  0.17175  0.615621  0.577735  0.24879  0.737821  0.331137  0.492686  0.456806  0.749606  0.327005  0.928202  0.10651  0.500468  0.00643177  0.706216  0.852529  0.635343  0.0689665  0.308509  0.112817  0.93332  0.525793  0.115432  0.865253  
0.41291  2.63758  5.64984  3.60257  3.22012  1.38263  8.62791  2.06075  5.95384  6.94119  16.3388  0.7395  4.66648  1.38696  3.68827  20.7799  19.7968  26.9278  22.4414  35.9756  7.91046  12.3227  0.717399  44.7174  0.206455  0.659396  0.94164  0.450322  0.322012  0.11522  0.616279  0.128797  0.330769  0.34706  0.742673  0.0308125  0.17948  0.0495341  0.122942  0.649371  0.582258  0.747994  0.590563  0.899391  0.188344  0.280061  0.0155956  0.931613  
0.0946719  2.1505  5.22286  7.49016  2.31145  11.4321  10.8983  6.11974  10.0604  13.3549  12.007  14.0425  12.9447  6.40291  27.8275  8.38798  19.2737  17.5932  10.2396  8.75182  38.9743  12.1865  40.5527  28.865  0.047336  0.537625  0.870476  0.93627  0.231145  0.952672  0.778453  0.382484  0.558913  0.667745  0.545772  0.585103  0.497875  0.228675  0.927585  0.262124  0.566873  0.488699  0.269464  0.218795  0.927961  0.276966  0.881581  0.601353  
0.245569  3.11257  2.75685  0.347564  2.01289  11.7401  8.65443  13.0331  8.36885  9.81289  8.27587  3.80759  14.7462  0.453856  1.88233  19.3498  10.4237  21.631  27.2606  19.6218  6.97966  36.78  2.62182  10.6965  0.122784  0.778144  0.459475  0.0434455  0.201289  0.97834  0.618173  0.814567  0.464936  0.490644  0.376176  0.15865  0.567163  0.0162092  0.0627444  0.604682  0.306581  0.600861  0.717385  0.490545  0.166182  0.83591  0.0569961  0.222844  
1.26413  0.808156  2.79266  1.29039  9.20268  7.14055  9.28403  6.12421  6.70336  18.1071  16.674  8.55274  3.59487  14.8309  3.24028  11.1494  13.2117  32.9087  14.308  4.95956  22.8214  19.3675  0.453109  33.3997  0.632064  0.202039  0.465443  0.161299  0.920268  0.595046  0.663145  0.382763  0.372409  0.905353  0.757911  0.356364  0.138264  0.529676  0.108009  0.34842  0.388581  0.914131  0.376527  0.123989  0.543367  0.440172  0.00985019  0.695827  
1.1626  2.56633  4.15084  1.9384  5.82409  6.14638  13.541  12.7577  11.528  13.2267  0.188774  15.3129  2.77879  11.6641  4.1218  15.9892  26.3977  4.21493  2.39773  37.3842  8.33763  26.9509  3.77163  46.2753  0.5813  0.641582  0.691806  0.2423  0.582409  0.512198  0.967217  0.797357  0.640444  0.661336  0.00858064  0.638036  0.106876  0.416576  0.137393  0.499664  0.776404  0.117081  0.0630982  0.934606  0.198515  0.61252  0.081992  0.964069  
1.61853  3.34358  5.25689  4.29858  8.903  4.91545  12.9957  11.7352  11.234  18.9918  3.79543  14.2484  16.0411  3.55592  14.4259  17.5365  20.2226  1.8531  18.1437  36.0214  19.0496  18.3095  24.6286  14.7669  0.809263  0.835895  0.876149  0.537323  0.8903  0.409621  0.928267  0.733452  0.624112  0.94959  0.17252  0.593684  0.616967  0.126997  0.480863  0.548016  0.594783  0.0514751  0.477466  0.900535  0.453562  0.416126  0.535404  0.307643  
1.80006  3.64232  1.43153  4.19937  6.93692  4.39622  10.8285  7.79982  4.57668  14.9031  21.772  15.4217  2.14616  6.28641  0.279278  27.6132  32.6201  20.3509  7.30879  0.287248  22.979  36.1153  14.3549  37.204  0.900031  0.910581  0.238588  0.524922  0.693692  0.366352  0.773467  0.487489  0.25426  0.745153  0.989637  0.642572  0.0825444  0.224515  0.00930926  0.862911  0.959415  0.565302  0.192337  0.00718121  0.547119  0.820803  0.312064  0.775083  
0.0283911  1.44199  5.41249  6.54325  9.41764  10.7217  5.40745  9.74589  15.7915  2.11795  5.81202  18.3767  19.8249  18.9593  16.3899  3.57869  32.5492  10.0431  10.2898  24.2088  15.1546  4.3212  18.709  11.4374  0.0141956  0.360497  0.902081  0.817906  0.941764  0.893476  0.386246  0.609118  0.877306  0.105897  0.264183  0.765697  0.762496  0.677119  0.546331  0.111834  0.957328  0.278976  0.270785  0.60522  0.360825  0.0982092  0.406718  0.238278  
0.462077  2.69405  5.46629  1.97035  9.19321  11.3416  13.4686  13.2704  0.362351  4.29712  7.62571  16.8395  19.7102  0.684231  18.1897  30.67  25.1451  1.42854  23.2818  27.6028  3.58273  6.23301  22.6261  2.53364  0.231038  0.673511  0.911049  0.246294  0.919321  0.945135  0.962042  0.829399  0.0201306  0.214856  0.346623  0.701647  0.758086  0.0244368  0.606324  0.958436  0.739562  0.0396815  0.61268  0.69007  0.085303  0.141659  0.491873  0.0527843  
1.23161  2.19932  1.76787  7.47147  3.46725  11.0799  5.85363  5.87808  3.30605  5.92745  6.64322  4.85567  16.2229  15.5554  4.88682  30.4587  23.6804  9.05653  23.1636  8.34498  40.9789  18.3592  2.95953  4.97261  0.615807  0.54983  0.294645  0.933933  0.346725  0.923327  0.418117  0.36738  0.183669  0.296372  0.301965  0.20232  0.623956  0.555551  0.162894  0.951834  0.696482  0.25157  0.609567  0.208625  0.975687  0.417254  0.0643376  0.103596  
1.43608  0.0700374  3.33809  5.00871  4.02526  3.65338  0.353465  7.4845  11.4615  6.31727  13.3844  14.1841  8.33085  10.3862  26.3031  31.4369  15.5775  31.6882  30.5655  12.3142  9.53291  19.1399  42.0876  38.99  0.718039  0.0175094  0.556348  0.626089  0.402526  0.304448  0.0252475  0.467781  0.636748  0.315863  0.608384  0.591005  0.320417  0.370937  0.876769  0.982404  0.458163  0.880226  0.804355  0.307856  0.226974  0.434997  0.914948  0.812293  
1.13598  0.258787  2.96651  6.5184  8.48822  10.0986  12.378  8.40676  6.98664  11.1379  9.74976  0.417455  2.57362  4.36063  27.3415  24.6043  31.4475  28.8001  23.9671  16.4357  15.2652  33.6673  36.7534  47.5925  0.567989  0.0646967  0.494418  0.814801  0.848822  0.841548  0.884145  0.525422  0.388147  0.556893  0.443171  0.0173939  0.0989852  0.155737  0.911385  0.768885  0.924927  0.800003  0.630714  0.410893  0.363457  0.765166  0.798987  0.991509  
1.95439  1.2266  5.82343  2.83342  0.0139568  3.84961  7.76349  1.21033  5.6478  16.7618  20.6977  2.86098  17.6942  26.85  25.8021  7.3882  17.2265  32.5371  6.22534  32.9934  17.9073  16.8437  3.63927  8.4798  0.977194  0.306649  0.970571  0.354177  0.00139568  0.320801  0.554535  0.0756454  0.313766  0.838088  0.940803  0.119207  0.680545  0.958928  0.86007  0.230881  0.506662  0.903809  0.163825  0.824835  0.426364  0.382811  0.0791147  0.176662  
1.89063  0.663455  1.83984  6.77309  2.56802  2.13528  10.7777  11.5638  11.603  5.1906  16.3637  20.0282  1.50354  13.1258  13.665  8.1047  8.56147  8.93242  13.0162  4.84512  17.9962  35.2309  41.4589  23.9896  0.945317  0.165864  0.30664  0.846636  0.256802  0.17794  0.769839  0.722737  0.644612  0.25953  0.743803  0.834508  0.0578284  0.468777  0.455498  0.253272  0.251808  0.248123  0.342531  0.121128  0.42848  0.800703  0.901281  0.499784  
0.749796  1.62333  5.24418  3.43568  2.95798  7.13947  9.82781  0.035927  11.1763  19.3627  7.01253  15.512  1.12289  0.721996  13.5229  1.10707  30.0726  19.0048  34.7998  29.321  20.0626  26.7007  5.18053  37.8054  0.374898  0.405833  0.874031  0.42946  0.295798  0.594956  0.701986  0.00224544  0.620906  0.968134  0.318751  0.646335  0.0431881  0.0257856  0.450762  0.0345958  0.884489  0.527911  0.915786  0.733025  0.47768  0.606835  0.11262  0.787613  
1.36891  1.98725  3.27278  2.28618  5.03356  4.22345  12.0366  4.90351  14.1132  16.8027  4.90191  18.0948  8.89732  2.60352  29.7677  18.4243  8.98674  5.1503  36.1511  25.4034  22.6319  7.33465  1.06154  16.2639  0.684453  0.496812  0.545464  0.285773  0.503356  0.351954  0.859756  0.30647  0.784068  0.840133  0.222814  0.753949  0.342204  0.092983  0.992256  0.575758  0.264316  0.143064  0.951344  0.635084  0.538854  0.166697  0.0230769  0.338832  
1.76198  1.30433  1.6561  0.00322794  8.38019  2.68037  1.13012  13.3466  2.97304  16.2908  14.6726  0.162424  24.8087  11.6913  13.8164  19.6521  31.9908  23.5065  25.88  31.7848  26.0399  16.05  26.526  3.425  0.880989  0.326083  0.276017  0.000403492  0.838019  0.223364  0.0807226  0.834162  0.165169  0.814541  0.666936  0.00676765  0.954181  0.417546  0.460546  0.614129  0.940907  0.652958  0.681053  0.794621  0.619998  0.364773  0.576653  0.0713541  
0.654862  1.2699  0.598083  5.50453  5.93797  6.90199  0.202336  9.30029  4.08227  14.049  7.01982  3.97302  10.4969  2.8576  9.31191  4.14927  8.44908  4.86446  7.35496  8.09322  6.6028  24.5282  37.0368  24.8286  0.327431  0.317474  0.0996805  0.688067  0.593797  0.575166  0.0144526  0.581268  0.226793  0.702448  0.319083  0.165542  0.403728  0.102057  0.310397  0.129665  0.248502  0.135124  0.193552  0.202331  0.15721  0.557458  0.805147  0.517264  
1.13317  3.55545  0.0527894  2.74545  9.82653  6.76853  3.18725  3.03231  7.35325  9.52255  2.73848  9.51445  23.9276  4.06183  8.18751  4.80826  13.1689  15.377  2.67632  23.5671  0.90907  16.4695  24.6992  5.4619  0.566585  0.888864  0.00879823  0.343182  0.982653  0.564044  0.227661  0.18952  0.408514  0.476127  0.124476  0.396435  0.920293  0.145065  0.272917  0.150258  0.38732  0.427139  0.0704293  0.589177  0.0216445  0.374306  0.53694  0.11379  
0.797745  1.10258  1.90316  6.30041  9.62944  2.56283  7.44659  2.0128  10.1291  3.25542  15.3306  22.3673  19.8406  22.6438  11.9801  26.9164  14.6212  0.815874  14.6149  19.0017  16.7038  9.04689  7.19624  43.0282  0.398872  0.275645  0.317194  0.787552  0.962944  0.213569  0.531899  0.1258  0.562729  0.162771  0.696846  0.931971  0.763102  0.808706  0.399336  0.841139  0.430035  0.0226632  0.384604  0.475044  0.39771  0.205611  0.15644  0.896421  
1.32254  2.50112  4.3977  0.637688  3.88898  5.16427  2.23977  0.085995  17.3778  19.2417  19.1047  7.87743  14.1623  23.6923  2.74757  11.8555  2.13434  3.68241  34.0078  15.413  26.2966  35.2932  36.3176  21.4089  0.661269  0.625281  0.73295  0.079711  0.388898  0.430356  0.159984  0.00537469  0.965433  0.962086  0.868397  0.328226  0.544705  0.846152  0.0915858  0.370483  0.0627747  0.102289  0.894943  0.385326  0.62611  0.802117  0.789513  0.446018  
1.7639  2.54206  2.42725  4.47225  7.67962  8.04244  0.637213  2.2596  5.94903  15.5346  0.0114687  15.7123  25.2638  18.8403  2.76261  3.97623  4.35156  15.8789  13.3722  26.1637  5.9092  37.5317  32.6845  3.14134  0.88195  0.635515  0.404542  0.559031  0.767962  0.670203  0.0455152  0.141225  0.330501  0.776732  0.000521303  0.654678  0.971685  0.672868  0.0920869  0.124257  0.127987  0.441082  0.3519  0.654091  0.140695  0.852993  0.710533  0.0654446  
0.567412  1.43545  3.74521  1.78045  5.00101  1.83537  12.5333  14.8902  4.26922  2.43591  20.1857  10.5589  25.0694  15.9883  12.8808  28.9208  8.09931  6.56095  25.3825  2.78608  10.8712  2.14275  38.3388  25.2295  0.283706  0.358863  0.624201  0.222556  0.500101  0.152947  0.895239  0.930636  0.237179  0.121796  0.917533  0.439953  0.964208  0.571011  0.429359  0.903775  0.238215  0.182249  0.66796  0.0696519  0.258839  0.0486989  0.833452  0.525615  
0.693748  2.44635  2.03371  0.968385  1.61254  0.265345  5.23894  9.20633  0.543594  8.75855  9.49453  15.9881  5.21805  22.0198  8.35712  31.5896  12.5126  7.87379  24.4975  16.7219  0.453022  39.7191  39.3548  13.017  0.346874  0.611588  0.338952  0.121048  0.161254  0.0221121  0.37421  0.575396  0.0301997  0.437927  0.431569  0.666172  0.200694  0.786422  0.278571  0.987175  0.368019  0.218716  0.64467  0.418046  0.0107862  0.902706  0.855539  0.271187  
0.65899  2.07509  5.02457  6.70065  4.20762  7.27007  12.3131  7.02063  15.1138  8.30742  17.908  17.3658  4.60367  24.286  3.9617  5.575  13.7839  18.2961  34.4333  12.1079  14.2634  27.7258  9.0342  24.0211  0.329495  0.518774  0.837428  0.837581  0.420762  0.605839  0.879511  0.438789  0.839657  0.415371  0.814001  0.723575  0.177064  0.867356  0.132057  0.174219  0.405409  0.508224  0.906139  0.302698  0.339605  0.630131  0.196396  0.500439  
1.23976  1.95133  4.36948  5.17938  4.77165  2.52659  10.7844  7.52551  14.4618  7.83252  14.6926  23.1603  10.6465  21.6194  10.336  5.93481  6.46764  13.2752  23.2054  14.1984  38.8449  18.4298  13.5692  21.0328  0.61988  0.487833  0.728247  0.647422  0.477165  0.210549  0.770315  0.470344  0.803435  0.391626  0.667846  0.965013  0.409482  0.772122  0.344534  0.185463  0.190225  0.368757  0.610667  0.35496  0.92488  0.418858  0.294982  0.438183  
0.163413  1.49122  1.26423  3.29583  9.0714  2.08582  9.68048  7.6655  0.381152  13.308  2.15561  20.4698  12.2298  18.5054  23.4446  3.37926  5.47527  12.2913  28.189  0.941214  32.6954  32.9978  10.5066  38.2884  0.0817065  0.372805  0.210705  0.411979  0.90714  0.173818  0.691463  0.479094  0.0211751  0.6654  0.0979822  0.852907  0.470378  0.660906  0.781486  0.105602  0.161037  0.341426  0.741817  0.0235303  0.778461  0.749949  0.228404  0.797675  
0.43464  0.111283  3.24311  2.58088  5.11754  11.6295  7.00269  2.78527  11.3578  15.4235  6.95496  0.84015  25.1327  19.791  27.8573  8.02717  19.283  33.1867  13.9414  19.1433  15.2614  18.2837  23.636  8.73003  0.21732  0.0278207  0.540519  0.322611  0.511754  0.969122  0.500192  0.17408  0.630988  0.771175  0.316134  0.0350063  0.966642  0.706821  0.928576  0.250849  0.567148  0.921852  0.366879  0.478582  0.363366  0.415538  0.513825  0.181876  
0.646691  2.5573  1.76793  3.85973  2.8789  8.90933  11.7457  7.06073  12.6392  12.5839  3.36909  21.5279  21.708  22.3  9.45047  17.9244  24.6808  7.99439  37.2532  4.79926  37.3095  41.4658  44.8335  30.0372  0.323345  0.639325  0.294655  0.482467  0.28789  0.742444  0.83898  0.441296  0.702176  0.629193  0.15314  0.896996  0.834923  0.796429  0.315016  0.560139  0.725907  0.222067  0.980347  0.119982  0.888322  0.942405  0.974642  0.625775  
1.46206  3.52625  4.37756  5.14126  1.53034  9.03795  5.92003  8.22146  0.743142  6.40292  17.2134  8.37559  25.6723  2.02921  23.4328  18.4908  28.1846  34.0002  15.421  19.3817  14.5061  8.86252  42.7838  7.9453  0.73103  0.881563  0.729593  0.642657  0.153034  0.753162  0.422859  0.513841  0.0412857  0.320146  0.782427  0.348983  0.987396  0.0724719  0.781095  0.577837  0.828959  0.94445  0.405816  0.484544  0.345383  0.201421  0.930082  0.165527  
0.446981  1.26252  5.00228  0.962802  4.90512  5.34332  4.48875  13.828  6.21579  6.10867  15.762  4.94324  7.73175  4.28332  23.0324  20.9787  21.9374  11.3586  29.4984  11.24  34.8964  7.92384  31.0525  7.89208  0.22349  0.31563  0.833714  0.12035  0.490512  0.445277  0.320625  0.864251  0.345321  0.305434  0.716456  0.205968  0.297375  0.152976  0.767746  0.655586  0.645218  0.315517  0.776273  0.280999  0.830866  0.180087  0.675054  0.164418  
1.64427  1.47008  1.71964  6.382  2.92518  1.73131  13.1948  3.33958  5.98414  7.63397  2.52207  20.9726  22.8357  19.943  9.94768  7.75442  20.1601  30.8165  31.5751  36.1948  18.5098  18.1974  32.3986  38.5153  0.822133  0.367519  0.286607  0.79775  0.292518  0.144276  0.942486  0.208724  0.332452  0.381698  0.114639  0.873857  0.878297  0.71225  0.331589  0.242326  0.592945  0.856015  0.830925  0.90487  0.440708  0.413576  0.704317  0.802403  
0.574823  0.707909  2.14636  7.4228  1.74801  10.7428  5.57867  4.11007  14.0006  10.2498  15.7646  12.8479  15.6963  24.1067  15.9436  10.1756  32.9636  20.1136  30.2748  37.0529  5.9021  27.3481  39.6211  38.4964  0.287411  0.176977  0.357726  0.927849  0.174801  0.895231  0.398476  0.25688  0.777812  0.512491  0.716573  0.53533  0.603703  0.860952  0.531454  0.317987  0.969518  0.55871  0.796704  0.926323  0.140526  0.621549  0.861327  0.802008  
0.518969  2.19385  3.22408  5.97788  4.62646  7.00685  4.52121  5.60953  17.5529  18.8646  7.99382  8.11878  5.90979  23.3745  12.0338  12.6843  27.8017  18.7389  14.2215  14.9922  1.26044  29.4548  27.1526  14.6564  0.259484  0.548462  0.537347  0.747235  0.462646  0.583905  0.322944  0.350595  0.975164  0.943229  0.363356  0.338282  0.2273  0.834803  0.401127  0.396386  0.817698  0.520525  0.37425  0.374804  0.0300106  0.669427  0.590274  0.305341  
1.1122  2.49562  2.26596  3.26246  0.22745  9.13133  11.6232  0.951273  0.755437  5.08258  17.9862  4.42199  11.5372  19.9766  10.7039  0.163971  6.57547  4.49155  16.4901  33.1421  13.526  22.4898  44.445  47.234  0.5561  0.623905  0.377659  0.407808  0.022745  0.760944  0.83023  0.0594546  0.0419687  0.254129  0.817556  0.18425  0.443737  0.713451  0.356795  0.00512411  0.193396  0.124765  0.433951  0.828553  0.322048  0.511131  0.966195  0.984041  
1.46736  3.95463  5.40307  1.5325  0.242748  4.22196  8.7911  6.64236  13.7472  0.62855  0.522761  9.83969  18.8506  16.5623  18.0336  17.2421  4.73958  21.0294  31.7867  4.00325  1.51822  24.4857  38.1364  27.5263  0.733678  0.988657  0.900512  0.191562  0.0242748  0.35183  0.627936  0.415147  0.763734  0.0314275  0.0237619  0.409987  0.725022  0.591509  0.601122  0.538815  0.139399  0.584149  0.836491  0.100081  0.0361482  0.556493  0.829053  0.573465  
0.0175049  0.0604311  4.5733  6.79686  9.52644  7.17828  11.4869  2.74983  4.87779  17.2592  6.65335  20.174  0.970233  5.64271  4.26545  1.13211  2.45401  8.04554  9.82781  15.1475  10.2763  1.47476  13.792  25.0671  0.00875246  0.0151078  0.762217  0.849608  0.952644  0.59819  0.820495  0.171864  0.270989  0.862959  0.302425  0.840582  0.0373167  0.201525  0.142182  0.0353783  0.0721767  0.223487  0.258627  0.378688  0.244673  0.0335174  0.299827  0.522231  
1.84241  2.29935  5.74371  2.19874  6.16971  5.07629  13.7272  12.2588  9.05571  14.2343  2.93129  11.9203  0.0521503  3.18179  13.5714  14.4348  11.4266  12.212  3.38392  36.4667  30.677  16.6802  33.1154  6.96996  0.921207  0.574836  0.957285  0.274843  0.616971  0.423024  0.980515  0.766176  0.503095  0.711713  0.133241  0.496679  0.00200578  0.113636  0.45238  0.451088  0.336076  0.339223  0.0890506  0.911668  0.730404  0.379096  0.7199  0.145208  
0.17793  2.54674  5.66532  6.11844  2.6305  2.42845  8.09552  9.28196  6.65622  19.3314  11.9899  4.85337  8.89872  17.4814  22.6401  28.8255  8.48389  11.9642  4.97783  21.9662  34.3189  16.4776  18.1473  26.7246  0.0889649  0.636685  0.94422  0.764804  0.26305  0.202371  0.578251  0.580123  0.36979  0.966571  0.544995  0.202224  0.342259  0.624335  0.754671  0.900798  0.249526  0.33234  0.130995  0.549155  0.817116  0.37449  0.394507  0.556763  
0.797367  0.495443  4.73427  2.73316  4.93812  5.52549  13.3826  1.80045  13.9318  18.4047  3.92712  6.7238  10.8291  1.23936  2.17114  12.0529  17.0996  31.248  5.93454  38.2116  19.3471  30.3786  9.47356  13.8217  0.398683  0.123861  0.789045  0.341645  0.493812  0.460457  0.955903  0.112528  0.773986  0.920236  0.178505  0.280158  0.416505  0.0442629  0.0723713  0.376654  0.502929  0.868001  0.156172  0.95529  0.460646  0.690424  0.205947  0.287953  
1.0603  2.2682  4.86229  7.7248  6.09714  6.8655  11.7183  1.60783  2.1746  7.54993  18.1831  10.7655  20.1148  19.5075  10.2496  12.8039  27.6492  13.2819  10.5801  7.20493  16.7219  33.712  0.145228  2.19068  0.530152  0.56705  0.810382  0.9656  0.609714  0.572125  0.837019  0.100489  0.120811  0.377496  0.826503  0.448562  0.773645  0.696696  0.341653  0.400121  0.813211  0.368941  0.278423  0.180123  0.39814  0.766181  0.00315714  0.0456391  
0.396662  2.5928  4.64318  4.24151  0.150507  2.90227  12.6365  3.74713  13.3816  12.2625  5.9925  4.2541  25.5  13.4425  15.6057  24.6313  20.2668  33.738  2.00201  20.2438  29.8334  16.6275  15.0608  0.909032  0.198331  0.648201  0.773863  0.530189  0.0150507  0.241856  0.902604  0.234196  0.74342  0.613124  0.272386  0.177254  0.980769  0.480091  0.52019  0.769727  0.596082  0.937167  0.0526845  0.506095  0.710318  0.377898  0.32741  0.0189382  
1.10598  1.19584  3.95101  2.42134  2.82931  7.4802  13.8873  14.0537  12.6002  7.78157  16.6784  17.4868  0.876815  18.8106  26.0234  31.8013  13.9278  20.631  29.744  29.2383  33.9301  42.5864  12.7496  38.7768  0.552988  0.29896  0.658502  0.302668  0.282931  0.62335  0.991948  0.878357  0.700012  0.389079  0.758109  0.728617  0.0337237  0.671806  0.867446  0.99379  0.409642  0.573083  0.782736  0.730957  0.807859  0.967873  0.277166  0.80785  
1.51414  1.07849  4.60003  3.41671  6.68644  5.52481  9.3339  4.34005  15.3485  16.4062  20.8498  21.6994  14.8919  1.22377  19.9876  30.8311  22.7506  32.4012  11.7124  25.7881  23.2593  41.0734  37.8179  3.28963  0.757071  0.269623  0.766671  0.427088  0.668644  0.4604  0.666707  0.271253  0.852697  0.820308  0.947719  0.904141  0.572766  0.0437061  0.666255  0.963472  0.669134  0.900032  0.308221  0.644702  0.553792  0.933486  0.822128  0.068534  
0.219219  0.733893  0.641975  6.70284  3.20399  6.15947  5.65431  7.68493  2.72736  17.1161  4.31471  22.9589  23.4405  15.2422  27.1882  9.44595  4.76053  6.00649  3.80443  33.1502  5.97287  29.5261  40.1201  23.6677  0.109609  0.183473  0.106996  0.837854  0.320399  0.513289  0.40388  0.480308  0.15152  0.855803  0.196123  0.956623  0.901559  0.544364  0.906273  0.295186  0.140016  0.166847  0.100116  0.828754  0.142211  0.671048  0.872177  0.493078  
0.7428  0.10732  4.84857  4.92961  2.00766  9.29478  8.03994  9.39432  15.0332  12.159  6.59634  8.53792  4.38001  27.4218  14.705  10.3461  18.0481  19.6951  27.3328  33.5817  18.5917  20.6581  14.0147  10.2509  0.3714  0.0268301  0.808095  0.616201  0.200766  0.774565  0.574282  0.587145  0.835177  0.607951  0.299834  0.355747  0.168462  0.979352  0.490168  0.323317  0.530826  0.547086  0.719284  0.839541  0.44266  0.469501  0.304667  0.213559  
1.04948  0.382233  3.1678  5.7708  4.00419  3.88162  10.2744  5.50707  8.61524  16.8327  12.0878  4.08457  24.3838  2.92606  9.38661  12.0304  16.7797  28.3231  8.46136  30.1644  36.4426  24.7138  42.5263  16.5607  0.52474  0.0955582  0.527967  0.72135  0.400419  0.323468  0.733883  0.344192  0.478625  0.841634  0.549445  0.17019  0.937839  0.104502  0.312887  0.375949  0.493519  0.786754  0.222667  0.75411  0.867681  0.561677  0.924485  0.345015  
1.73875  2.77176  3.48987  3.22403  8.08109  3.23765  6.03441  8.99068  4.1197  1.06809  18.6298  19.6717  6.78269  18.7518  15.7136  25.1345  19.8214  9.10979  28.3333  24.0255  25.1837  4.131  10.3655  15.7428  0.869376  0.69294  0.581644  0.403003  0.808109  0.269804  0.431029  0.561918  0.228872  0.0534047  0.846808  0.819653  0.260873  0.669707  0.523788  0.785454  0.582981  0.25305  0.745614  0.600637  0.599611  0.0938864  0.225337  0.327974  
1.64373  3.98516  2.92137  2.27468  8.53338  1.83348  9.82778  6.18176  0.646005  13.8429  19.6662  5.71386  5.25817  4.04359  0.34727  14.2438  20.5351  2.85942  32.2085  9.14472  33.8035  24.2492  17.3662  19.549  0.821863  0.99629  0.486895  0.284335  0.853338  0.15279  0.701985  0.38636  0.0358892  0.692144  0.893917  0.238078  0.202237  0.144414  0.0115757  0.445118  0.603974  0.0794285  0.847593  0.228618  0.804845  0.551119  0.377525  0.407271  
1.0003  3.68943  4.28923  2.8143  8.25714  7.53285  9.50194  7.65054  12.523  3.81941  5.41571  3.53563  4.70463  6.14033  17.3093  15.283  13.8386  11.8049  37.7516  17.2174  36.7885  35.4013  3.61061  3.61646  0.50015  0.922358  0.714872  0.351787  0.825714  0.627737  0.67871  0.478158  0.695723  0.19097  0.246169  0.147318  0.180947  0.219298  0.576978  0.477594  0.407016  0.327913  0.993463  0.430435  0.875918  0.804575  0.0784916  0.0753429  
0.621265  3.27502  3.53201  4.60387  8.49263  7.24632  11.275  6.38259  8.93912  18.9585  1.19707  6.14871  14.7476  17.3209  29.1138  12.234  4.35097  24.8753  34.0844  35.3883  26.759  21.023  24.4645  30.0349  0.310632  0.818755  0.588669  0.575484  0.849263  0.60386  0.805356  0.398912  0.496618  0.947923  0.0544123  0.256196  0.567215  0.618602  0.970459  0.382312  0.12797  0.69098  0.896958  0.884708  0.637118  0.477795  0.531838  0.625727  
1.70438  3.46912  4.11051  6.40703  4.13884  6.91731  0.790461  15.2974  17.1974  14.3636  13.6407  23.9925  6.14296  9.31421  6.22297  20.562  27.6155  0.0433259  1.33416  39.6564  24.5519  37.3042  10.7369  33.438  0.852191  0.867281  0.685085  0.800879  0.413884  0.576442  0.0564615  0.956087  0.95541  0.718181  0.62003  0.999689  0.236268  0.33265  0.207432  0.642563  0.812221  0.0012035  0.0351095  0.991409  0.58457  0.847823  0.233412  0.696626  
1.98784  3.66895  2.22223  6.49253  2.29254  3.75244  8.96316  12.8239  0.419702  0.982537  14.091  20.1232  22.5003  23.63  9.14866  23.2413  13.1426  3.45839  15.1225  24.6302  40.0053  37.4164  35.943  46.8711  0.993918  0.917238  0.370372  0.811567  0.229254  0.312703  0.640226  0.801492  0.0233168  0.0491268  0.640502  0.838465  0.865397  0.843929  0.304955  0.726291  0.386546  0.0960664  0.397961  0.615754  0.952508  0.850372  0.78137  0.976481  
1.06083  0.487723  0.320391  6.20982  7.02241  11.4787  9.59945  14.5429  11.339  19.3036  7.40755  13.5562  25.8635  4.0243  10.0192  3.29312  6.17798  17.7524  1.67499  4.62334  28.426  28.5048  43.2347  25.2589  0.530413  0.121931  0.0533986  0.776227  0.702241  0.956558  0.685675  0.908933  0.629946  0.965178  0.336707  0.564842  0.994748  0.143725  0.333975  0.10291  0.181705  0.493121  0.0440788  0.115584  0.676811  0.647837  0.939886  0.526226  
1.56514  2.48894  5.64422  7.25855  9.25227  10.2049  4.61083  9.60183  10.584  19.9262  8.0891  5.95631  7.87588  11.6276  20.2283  12.9774  11.809  34.3582  33.2281  27.0408  2.69036  43.3837  18.9332  34.2127  0.782568  0.622235  0.940703  0.907319  0.925227  0.850405  0.329345  0.600114  0.587998  0.996309  0.367686  0.24818  0.302919  0.415272  0.674277  0.405544  0.347323  0.954394  0.874423  0.676019  0.0640562  0.985993  0.411592  0.712766  
0.00213763  2.92336  1.99225  0.142849  2.91061  0.488102  1.93142  11.1023  8.77187  10.8153  8.91564  8.32901  18.7087  4.57081  2.16097  17.4528  7.44164  21.8693  35.4908  24.5602  23.6094  8.31418  13.0921  23.2658  0.00106882  0.73084  0.332041  0.0178561  0.291061  0.0406751  0.137958  0.693893  0.487326  0.540766  0.405256  0.347042  0.719564  0.163243  0.0720323  0.545399  0.218872  0.60748  0.933969  0.614006  0.56213  0.188959  0.284612  0.484705  
0.958435  1.7457  4.14025  5.86891  6.86902  9.39119  8.50382  8.60066  16.6923  3.93955  5.81256  9.01679  6.52038  13.7506  1.82564  7.44456  1.68793  14.8681  8.96864  37.8666  1.86777  0.794336  40.2595  39.3714  0.479218  0.436425  0.690041  0.733614  0.686902  0.7826  0.607416  0.537541  0.927352  0.196978  0.264207  0.3757  0.250784  0.491091  0.0608547  0.232643  0.0496451  0.413004  0.236017  0.946664  0.0444708  0.0180531  0.875207  0.820237  
1.50203  0.701891  1.82105  0.932985  8.37933  4.10283  6.61383  11.945  7.18002  8.48443  3.07594  15.9501  17.3677  10.9717  9.26356  31.9059  19.3631  7.66542  23.1381  34.744  28.8835  42.6267  10.1305  33.1446  0.751013  0.175473  0.303508  0.116623  0.837933  0.341903  0.472417  0.746561  0.39889  0.424222  0.139816  0.664587  0.66799  0.391845  0.308785  0.997058  0.569503  0.212928  0.608897  0.8686  0.687701  0.968788  0.220227  0.690513  
1.80082  0.581714  5.70243  2.99481  5.55432  0.0439384  0.526969  5.66553  17.6942  1.20483  12.6979  15.0223  4.52802  7.45214  11.6777  17.0025  19.1565  23.3713  35.271  39.8817  1.8553  39.0785  42.5105  1.64308  0.900408  0.145429  0.950405  0.374351  0.555432  0.00366153  0.0376407  0.354096  0.983011  0.0602417  0.577179  0.625929  0.174155  0.266148  0.389257  0.531329  0.563428  0.649204  0.928183  0.997043  0.0441738  0.888147  0.924142  0.0342307  
0.881557  2.90415  5.78366  5.47152  0.357136  11.2496  8.57541  6.08167  0.533505  6.69764  5.16628  5.1565  6.37974  19.2777  29.5009  6.94151  31.4552  17.387  5.1244  7.07625  35.4987  7.69176  33.4316  12.7687  0.440778  0.726037  0.963944  0.68394  0.0357136  0.937471  0.612529  0.380104  0.0296392  0.334882  0.234831  0.214854  0.245375  0.688489  0.983363  0.216922  0.925154  0.482971  0.134853  0.176906  0.845206  0.174813  0.726774  0.266015  
0.29229  0.180036  3.10196  6.50237  9.17562  1.57613  1.22158  2.74254  4.87016  7.14092  15.891  14.2254  14.4547  5.70702  16.4633  12.8306  29.4611  32.3432  29.4383  8.44989  10.565  25.1915  20.3287  10.6671  0.146145  0.045009  0.516993  0.812797  0.917562  0.131345  0.0872555  0.171409  0.270564  0.357046  0.722319  0.592725  0.555949  0.203822  0.548776  0.400955  0.866504  0.898423  0.774693  0.211247  0.251547  0.572533  0.441927  0.222231  
1.26849  1.12716  5.63569  0.675453  9.93081  10.6658  12.2275  14.2474  17.7531  7.24241  15.005  15.9396  17.3532  19.9678  26.584  21.8841  0.221677  20.8439  13.1022  35.8259  35.0881  41.9154  7.00704  2.38305  0.634247  0.28179  0.939282  0.0844316  0.993081  0.888816  0.873392  0.890463  0.986283  0.362121  0.682044  0.664151  0.66743  0.713135  0.886134  0.683879  0.00651992  0.578997  0.344794  0.895648  0.835432  0.952624  0.152327  0.0496469  
0.793853  2.75803  4.81822  3.11621  9.39745  4.1669  10.849  6.03384  8.87825  5.19751  12.1317  8.46353  4.02053  19.685  23.8721  15.482  15.4742  35.5033  1.4044  13.4807  0.488901  1.15663  21.4335  13.2833  0.396926  0.689507  0.803036  0.389526  0.939745  0.347241  0.774929  0.377115  0.493236  0.259875  0.551439  0.352647  0.154636  0.703035  0.795737  0.483814  0.455123  0.986203  0.0369578  0.337016  0.0116405  0.0262871  0.465946  0.276736  
1.51238  1.26864  2.71906  4.47392  4.06656  10.4469  6.3523  3.40612  17.846  17.2618  7.42242  11.0357  7.96295  0.0143071  9.19731  10.3741  6.15424  22.9333  19.7136  1.86798  4.59398  3.15612  36.2762  8.48504  0.756188  0.31716  0.453176  0.559239  0.406656  0.870573  0.453736  0.212882  0.991445  0.863088  0.337383  0.45982  0.306267  0.000510969  0.306577  0.324192  0.181007  0.637037  0.518779  0.0466994  0.10938  0.07173  0.788613  0.176772  
0.820524  2.13923  5.69683  4.51901  0.912518  0.662104  12.1129  13.8487  0.658462  9.28776  6.7758  0.526702  23.6248  5.22858  12.7523  17.6549  14.901  17.9413  1.06358  23.9599  30.9073  14.4615  28.3248  24.7526  0.410262  0.534808  0.949472  0.564876  0.0912518  0.0551753  0.865207  0.865541  0.0365812  0.464388  0.307991  0.0219459  0.908647  0.186735  0.425078  0.551716  0.438264  0.498369  0.0279889  0.598999  0.735889  0.328671  0.615756  0.51568  
1.8736  1.42941  1.52521  5.76339  8.21289  7.41719  4.84219  12.7143  17.3991  17.157  9.57168  10.4284  16.2588  27.2773  16.1423  20.2544  14.2731  12.0142  13.5258  11.6518  24.4465  19.0901  41.1969  14.5274  0.936799  0.357353  0.254202  0.720423  0.821289  0.618099  0.345871  0.794646  0.966616  0.857852  0.435077  0.434515  0.625338  0.974191  0.538077  0.63295  0.419797  0.333727  0.355943  0.291296  0.58206  0.433866  0.895584  0.302654  
0.847708  0.0943808  4.1172  5.57564  9.31049  5.55882  12.1993  9.6525  3.10496  2.09633  12.1919  16.621  22.196  21.5043  5.07708  17.2233  4.29507  33.8218  27.1531  25.1888  3.7387  40.1962  3.84422  25.8213  0.423854  0.0235952  0.686201  0.696955  0.931049  0.463235  0.871375  0.603281  0.172498  0.104817  0.554177  0.69254  0.853691  0.768012  0.169236  0.538228  0.126326  0.939495  0.714554  0.629719  0.0890167  0.913549  0.08357  0.537944  
0.941969  2.77621  2.74534  5.45372  8.06301  10.0924  5.0508  13.2652  14.7657  16.1461  8.14909  13.7544  24.4255  7.68068  24.1441  21.6136  29.9124  16.8734  34.7209  19.3365  27.3632  39.9214  43.6613  44.3196  0.470984  0.694051  0.457556  0.681715  0.806301  0.841037  0.360772  0.829078  0.820317  0.807306  0.370413  0.573101  0.939442  0.27431  0.804803  0.675424  0.879777  0.468704  0.913708  0.483412  0.651506  0.907304  0.949159  0.923326  
1.34791  0.166435  4.25928  7.07964  0.713968  10.5395  9.68926  5.42993  6.75611  11.4873  7.88957  18.4977  21.235  14.7725  26.5658  15.8898  20.0904  8.18757  34.6803  37.3049  6.75664  24.3622  35.6755  42.1026  0.673954  0.0416087  0.709879  0.884955  0.0713968  0.878294  0.69209  0.33937  0.375339  0.574367  0.358617  0.770737  0.816733  0.52759  0.885528  0.496558  0.590895  0.227432  0.912639  0.932622  0.160872  0.553686  0.775555  0.877138  
1.79683  0.171795  3.65351  6.96641  1.77873  8.7424  12.2708  13.2945  7.62157  7.93603  9.76316  10.6467  21.8058  21.1107  16.6796  15.9172  22.1473  17.2282  30.4597  17.0611  8.02722  12.9764  0.124789  13.0797  0.898416  0.0429488  0.608918  0.870801  0.177873  0.728533  0.876486  0.830906  0.42342  0.396801  0.44378  0.443614  0.838684  0.753954  0.555985  0.497413  0.651392  0.478562  0.80157  0.426528  0.191124  0.294919  0.0027128  0.272493  
0.902846  0.640238  0.265083  3.60892  4.1215  7.81118  5.1006  3.99059  3.41604  13.2264  7.2944  17.0149  16.5596  27.5993  16.5172  19.5712  27.2425  21.205  12.5298  5.27096  41.2218  0.636271  21.2104  10.7577  0.451423  0.16006  0.0441806  0.451115  0.41215  0.650931  0.364328  0.249412  0.18978  0.661322  0.331564  0.708952  0.636909  0.985689  0.550573  0.611601  0.80125  0.589027  0.329731  0.131774  0.981472  0.0144607  0.461095  0.224118  
0.962966  1.05073  3.93967  3.63725  3.70381  6.64931  7.42936  11.8585  2.30204  15.8084  20.623  13.8733  2.02717  10.0948  1.80593  16.6067  27.6875  12.8935  25.3624  3.74336  6.25776  14.1444  24.461  14.0342  0.481483  0.262683  0.656612  0.454656  0.370381  0.554109  0.530669  0.741156  0.127891  0.790422  0.93741  0.578056  0.0779681  0.360527  0.0601977  0.518959  0.814337  0.358152  0.667432  0.0935841  0.148994  0.321463  0.531761  0.292379  
0.21603  1.71778  2.40247  2.42101  5.66374  9.83215  5.04414  10.3415  13.9638  2.28679  20.8448  12.3806  1.81322  7.43453  8.58223  20.3569  2.06627  15.3345  18.6045  7.12613  27.9976  15.2262  41.7331  6.57422  0.108015  0.429445  0.400412  0.302626  0.566374  0.819346  0.360296  0.646342  0.775765  0.114339  0.947492  0.515859  0.0697394  0.265519  0.286074  0.636155  0.0607728  0.42596  0.489593  0.178153  0.666608  0.346051  0.907242  0.136963  
1.97247  3.85464  3.61852  0.949238  0.20189  9.56437  0.120756  5.36755  11.1313  0.555208  14.9943  6.97636  23.9879  3.84693  22.9468  12.5629  9.85298  33.0676  18.9812  23.1647  30.2725  10.9034  17.5082  46.4597  0.986235  0.963661  0.603086  0.118655  0.020189  0.79703  0.00862546  0.335472  0.618403  0.0277604  0.681561  0.290682  0.92261  0.13739  0.764892  0.392589  0.289794  0.918544  0.499505  0.579118  0.720774  0.247805  0.380613  0.967911  
1.81588  3.33366  1.18953  4.03953  0.997344  8.36979  8.0063  8.56265  13.5099  2.11479  10.3242  20.4351  19.5521  14.1277  13.1513  30.182  10.5595  30.1751  7.92077  10.9592  40.7894  9.82353  39.4607  3.90564  0.907939  0.833416  0.198254  0.504941  0.0997344  0.697482  0.571879  0.535166  0.750552  0.105739  0.469281  0.851462  0.752004  0.50456  0.438377  0.943189  0.310573  0.838196  0.208441  0.273979  0.971176  0.223262  0.857841  0.0813674  
0.539928  0.89901  3.31744  0.291747  1.89272  9.67972  2.76965  14.805  8.72082  0.1101  4.71689  16.7725  2.4335  0.144805  4.16588  26.4849  14.9113  21.3836  11.6018  35.7658  4.52781  19.4593  33.4406  47.187  0.269964  0.224752  0.552907  0.0364684  0.189272  0.806643  0.197832  0.925313  0.48449  0.00550501  0.214404  0.698853  0.093596  0.00517161  0.138863  0.827654  0.438567  0.593988  0.30531  0.894146  0.107805  0.442256  0.726969  0.983063  
0.164836  0.0225489  3.73761  1.54416  4.25356  7.27777  7.38599  8.8092  16.6366  18.7439  10.5667  7.97253  0.128592  12.534  14.6619  6.90684  28.6333  10.5072  5.77502  12.8498  1.79957  6.21784  3.89611  5.62781  0.0824179  0.00563723  0.622934  0.19302  0.425356  0.606481  0.52757  0.550575  0.924253  0.937195  0.480305  0.332189  0.00494584  0.447645  0.488731  0.215839  0.842155  0.291868  0.151974  0.321245  0.042847  0.141315  0.084698  0.117246  
0.649038  3.37652  2.66223  1.19452  0.416074  9.36173  9.98432  11.1722  12.6161  9.47671  15.4437  7.862  3.70486  23.7429  3.33198  2.50198  8.25364  32.499  36.5276  27.5471  10.9144  23.5523  33.4579  42.9504  0.324519  0.844131  0.443705  0.149315  0.0416074  0.780144  0.713165  0.69826  0.700897  0.473836  0.701985  0.327583  0.142495  0.847961  0.111066  0.0781867  0.242754  0.902751  0.961252  0.688678  0.259866  0.535281  0.727346  0.894801  
1.92842  1.78274  3.04486  6.23399  6.34435  11.7194  13.472  4.12933  9.60641  16.0247  10.9896  10.3907  24.1334  12.8649  6.04798  2.71571  20.5661  34.3271  9.51232  17.8271  8.34194  30.4088  1.03766  12.4702  0.964212  0.445685  0.507477  0.779249  0.634435  0.976618  0.962285  0.258083  0.533689  0.801233  0.499527  0.432948  0.928207  0.459461  0.201599  0.0848658  0.604884  0.953531  0.250324  0.445676  0.198618  0.691109  0.0225577  0.259795  
0.962625  1.64056  2.47218  0.507015  5.13914  9.39893  3.89012  7.35671  10.4362  9.43044  5.05313  17.7959  15.2252  2.26954  5.33229  4.35864  7.33122  16.7514  27.0708  29.5058  26.3251  12.0032  36.7134  17.852  0.481312  0.410141  0.41203  0.0633769  0.513914  0.783244  0.277866  0.459795  0.579791  0.471522  0.229688  0.741495  0.585583  0.081055  0.177743  0.136208  0.215624  0.465316  0.71239  0.737646  0.626789  0.272801  0.798117  0.371916  
0.252274  2.51413  1.25892  6.98488  2.45048  4.79163  7.36882  4.5358  7.10195  7.38046  15.5709  14.3427  2.0831  8.24195  22.6515  0.0862771  30.5287  29.7812  4.39069  24.5863  20.5418  2.37977  13.8934  22.8645  0.126137  0.628533  0.20982  0.87311  0.245048  0.399302  0.526344  0.283487  0.394553  0.369023  0.707768  0.597614  0.0801193  0.294355  0.755051  0.00269616  0.897904  0.827256  0.115544  0.614659  0.48909  0.0540857  0.302031  0.476344  
0.688443  0.928575  3.32931  6.51235  3.33122  4.80736  2.67193  4.3528  0.131032  15.9156  19.0947  11.0962  6.99879  19.6508  5.77389  30.3768  15.2905  17.2012  12.5703  3.57318  30.1252  10.8007  24.1901  27.8739  0.344222  0.232144  0.554885  0.814044  0.333122  0.400613  0.190852  0.27205  0.00727958  0.795782  0.86794  0.462342  0.269184  0.701813  0.192463  0.949277  0.449721  0.477811  0.330796  0.0893296  0.717266  0.24547  0.525871  0.580707  
0.706246  3.43965  3.54961  0.163705  0.187515  2.4434  6.83019  0.583327  1.31741  11.7437  21.3885  6.18791  25.7051  5.03688  24.7578  13.6477  6.77473  32.8574  34.1667  3.96606  21.5985  26.2293  13.3089  46.0458  0.353123  0.859911  0.591601  0.0204631  0.0187515  0.203616  0.48787  0.036458  0.0731895  0.587186  0.972205  0.25783  0.988658  0.179889  0.825259  0.426492  0.199257  0.912706  0.899123  0.0991516  0.51425  0.59612  0.289323  0.959287  
2  4  6  8  0  0.0181037  0  0  6.40393  6.80079  7.16479  7.72052  8.10434  8.44709  9.04713  9.12558  9.73885  9.79877  10.0587  10.3847  10.7724  10.9136  11.1744  11.4953  1  1  1  1  0  0.00150864  0  0  0.355774  0.34004  0.325672  0.321688  0.311705  0.301682  0.301571  0.285174  0.286437  0.272188  0.264704  0.259619  0.256485  0.248036  0.242921  0.239486  
2  4  0  0  3.50643  3.93213  4.33597  4.79838  5.06323  5.43442  5.66301  6.15926  6.53638  6.82666  6.74093  6.91228  7.1666  7.3883  7.47575  7.62183  7.46235  7.87712  8.12521  7.92995  1  1  0  0  0.350643  0.327677  0.309712  0.299899  0.28129  0.271721  0.25741  0.256636  0.251399  0.243809  0.224698  0.216009  0.210782  0.205231  0.19673  0.190546  0.177675  0.179025  0.176635  0.165207  
0  0  6  8  3.4724  3.93213  4.32113  4.77144  5.10057  5.50086  5.81229  6.20462  6.19057  6.82666  7.00031  6.91228  7.10121  7.3883  7.39283  7.62033  7.56982  7.98925  8.1698  8.12853  0  0  1  1  0.34724  0.327677  0.308652  0.298215  0.283365  0.275043  0.264195  0.258526  0.238099  0.243809  0.233344  0.216009  0.208859  0.205231  0.194548  0.190508  0.180234  0.181574  0.177604  0.169344  
2  4  6  8  0  0.0234944  0  0  6.3212  6.80072  7.23211  7.60543  8.09946  8.41083  8.84867  9.29093  9.57141  9.8618  10.094  10.3378  10.7274  10.9485  11.1668  11.5671  1  1  1  1  0  0.00195787  0  0  0.351178  0.340036  0.328732  0.316893  0.311518  0.300387  0.294956  0.290342  0.281512  0.273939  0.265631  0.258446  0.255415  0.248829  0.242757  0.240982  
2  4  6  7.95233  0  0.0313259  0  0  6.25401  6.80066  7.21388  7.64228  8.01488  8.44492  8.79189  9.27906  9.51533  9.74357  10.0897  10.3329  10.7355  10.8621  11.1741  11.5903  1  1  1  0.994042  0  0.00261049  0  0  0.347445  0.340033  0.327903  0.318428  0.308265  0.301604  0.293063  0.28997  0.279863  0.270655  0.265518  0.258322  0.255608  0.246866  0.242915  0.241464  
1.93046  3.90018  6  8  0.247522  0.0244058  0  0  6.24053  6.72611  7.14226  7.64868  7.96114  8.35719  8.72727  9.15567  9.43536  9.74357  9.95283  10.3375  10.5989  10.7808  11.0248  11.394  0.965228  0.975044  1  1  0.0247522  0.00203381  0  0  0.346696  0.336306  0.324648  0.318695  0.306198  0.298471  0.290909  0.286115  0.27751  0.270655  0.261917  0.258438  0.252355  0.245018  0.239669  0.237374  
2  4  3.83548  7.97617  0  0.0122029  0  5.4965  6.30107  6.84647  7.35715  7.96494  7.99852  8.40461  8.86166  9.21982  9.38608  10.0722  10.2288  10.3458  10.7221  11.0616  11.1741  11.6673  1  1  0.639246  0.997021  0  0.00101691  0  0.343531  0.350059  0.342323  0.334416  0.331872  0.307635  0.300165  0.295389  0.288119  0.276061  0.279782  0.269179  0.258646  0.255288  0.2514  0.242915  0.243069  
1.95681  4  6  7.95233  0.169963  0.0244058  0  0  6.25401  6.72859  7.14407  7.6796  7.94329  8.35719  8.67959  9.16955  9.51533  9.74357  10.0897  10.3087  10.4705  10.8621  11.0141  11.3906  0.978405  1  1  0.994042  0.0169963  0.00203381  0  0  0.347445  0.33643  0.324731  0.319983  0.305511  0.298471  0.28932  0.286548  0.279863  0.270655  0.265518  0.257718  0.249299  0.246866  0.239438  0.237305  
1.98737  3.98446  5.98711  7.43629  0  0.015663  0.00583014  1.30267  6.35201  6.80079  7.16382  7.6059  8.07048  8.36787  8.80195  9.12558  9.65483  10.0131  10.0848  10.3186  10.5805  10.9454  11.1595  11.3444  0.993685  0.996116  0.997852  0.929537  0  0.00130525  0.000416439  0.0814171  0.352889  0.34004  0.325628  0.316913  0.310403  0.298853  0.293398  0.285174  0.283966  0.278143  0.265389  0.257966  0.251917  0.248758  0.242598  0.236342  
1.82895  3.56691  6  8  0.0222441  0.0313259  0.162561  2.70714  6.29735  6.75126  7.20098  7.58244  7.99  8.38635  8.74311  9.09193  9.50207  9.69988  9.86684  10.5406  10.5981  10.9454  11.2708  11.4603  0.914477  0.891728  1  1  0.00222441  0.00261049  0.0116115  0.169196  0.349853  0.337563  0.327317  0.315935  0.307308  0.299513  0.291437  0.284123  0.279473  0.269441  0.259654  0.263515  0.252337  0.248758  0.245018  0.238756  
2  4  5.01888  4  0.988822  0  0  5.55202  5.87667  6.34192  6.93726  7.19849  7.55435  7.90454  8.22375  8.58523  9.17752  9.05348  9.304  9.71258  9.68666  10.2117  10.3072  10.4743  1  1  0.83648  0.5  0.0988822  0  0  0.347001  0.326482  0.317096  0.31533  0.299937  0.290552  0.282305  0.274125  0.268288  0.269927  0.251486  0.244842  0.242814  0.230635  0.232084  0.22407  0.218216  
1.94462  3.85227  5.89689  7.66598  0  0.117834  0.25651  0.122917  6.12901  6.77817  7.05397  7.4141  7.89299  8.17408  8.69991  9.16489  9.35976  9.51503  9.94245  10.1383  10.3425  10.7803  10.9067  11.1044  0.972309  0.963067  0.982816  0.958247  0  0.00981952  0.0183221  0.00768234  0.340501  0.338908  0.320635  0.308921  0.303577  0.291932  0.289997  0.286403  0.275287  0.264306  0.261643  0.253457  0.246249  0.245007  0.237102  0.231341  
1.97474  3.96893  5.97422  6.82492  0  0  0.0116603  2.60535  6.2626  6.8187  7.20098  7.56952  8.00976  8.29934  8.6911  9.27043  9.49444  10.0431  10.1253  10.3488  10.6161  11.0237  11.1811  11.4898  0.98737  0.992231  0.995704  0.853115  0  0  0.000832877  0.162834  0.347922  0.340935  0.327317  0.315397  0.308068  0.296405  0.289703  0.289701  0.279248  0.278974  0.266456  0.25872  0.252765  0.250538  0.243068  0.23937  
1.83565  3.76928  6  8  0.495043  0.044638  0.310251  0  6.23565  6.66961  7.05775  7.58233  7.90228  8.18094  8.56187  9.02366  9.3345  9.62435  9.85162  10.3581  10.3429  10.8611  10.8825  11.0972  0.917827  0.942319  1  1  0.0495043  0.00371983  0.0221608  0  0.346425  0.333481  0.320807  0.31593  0.303934  0.292176  0.285396  0.281989  0.274544  0.267343  0.259253  0.258952  0.246259  0.246843  0.236575  0.231192  
2  4  4.62514  7.97617  0  0.0122029  0  3.5988  6.20355  6.69103  7.18847  7.6807  7.62255  8.30724  8.72862  9.04558  9.51533  9.92616  10.1181  10.1076  10.4656  10.9304  11.0964  11.394  1  1  0.770857  0.997021  0  0.00101691  0  0.224925  0.344642  0.334552  0.326748  0.320029  0.293175  0.296687  0.290954  0.282674  0.279863  0.275727  0.266265  0.252689  0.249182  0.248419  0.241226  0.237375  
1.95681  3.53855  6  8  0.381558  0.044638  0.182753  0.819713  6.28586  6.73814  7.11213  7.7121  7.93226  8.23818  8.62728  9.13349  9.41661  9.92257  9.93108  10.375  10.448  10.9079  10.9511  11.2828  0.978405  0.884638  1  1  0.0381558  0.00371983  0.0130538  0.0512321  0.349214  0.336907  0.323278  0.321338  0.305087  0.294221  0.287576  0.285421  0.276959  0.275627  0.261344  0.259376  0.248762  0.247908  0.238068  0.235059  
1.93304  3.8468  6  6.65195  0.0942465  0.0313259  1.17419  1.88086  6.21763  6.80066  7.12735  7.6796  7.90134  8.43607  8.68838  9.10183  9.54266  9.77668  10.0762  10.3087  10.5967  10.7726  11.1741  11.3906  0.96652  0.9617  1  0.831493  0.00942465  0.00261049  0.0838705  0.117553  0.345424  0.340033  0.32397  0.319983  0.303898  0.301288  0.289613  0.284432  0.280666  0.271574  0.265163  0.257718  0.252302  0.244832  0.242915  0.237305  
1.67245  2.79139  6  8  0  0  0  7.44757  6.89161  6.79758  7.34672  7.90368  8.03638  8.54  9.05304  9.35683  9.69639  9.95442  10.3261  10.8788  10.8622  11.2287  11.3129  11.8868  0.836223  0.697847  1  1  0  0  0  0.465473  0.382867  0.339879  0.333942  0.32932  0.309092  0.305  0.301768  0.292401  0.285188  0.276512  0.271741  0.27197  0.258625  0.255198  0.245933  0.247641  
2  4  5.95381  0  0  0  4.89396  5.29588  5.80227  6.22834  6.43574  7.09997  7.1151  7.60198  7.82944  8.34863  8.77276  8.64505  8.64612  9.42984  9.55372  9.59233  9.75485  9.82322  1  1  0.992302  0  0  0  0.349569  0.330993  0.322348  0.311417  0.292534  0.295832  0.273658  0.271499  0.260981  0.260895  0.258022  0.24014  0.22753  0.235746  0.227469  0.218007  0.212062  0.20465  
1.88924  3.70454  6  6.69011  0.0283741  0.0309944  0.239473  1.63341  6.04551  6.45804  6.91566  7.36079  7.67139  8.02084  8.64536  8.68227  9.17786  9.28578  9.46049  9.72713  10.0814  10.4512  10.4308  10.6706  0.944618  0.926134  1  0.836263  0.00283741  0.00258287  0.0171052  0.102088  0.335862  0.322902  0.314348  0.3067  0.295053  0.286459  0.288179  0.271321  0.269937  0.257938  0.24896  0.243178  0.240033  0.237528  0.226756  0.222305  
1.89416  4  4.20361  8  0  0  0  5.68105  6.61743  6.79758  7.21011  7.58897  8.35223  8.54  8.82709  9.6666  9.69639  9.97018  10.3261  10.5043  10.8622  11.1495  11.2183  11.8868  0.947081  1  0.700602  1  0  0  0  0.355065  0.367635  0.339879  0.327732  0.316207  0.321239  0.305  0.294236  0.302081  0.285188  0.27695  0.271741  0.262608  0.258625  0.253398  0.243877  0.247641  
1.78889  3.48087  5.8615  7.75626  0.740872  0.0736129  0.140254  2.22969  6.18763  6.7165  7.13762  7.69936  7.81283  8.14523  8.54951  9.22822  9.34171  9.67416  10.1543  10.3096  10.5411  10.9364  10.9342  11.2585  0.894446  0.870218  0.976916  0.969533  0.0740872  0.00613441  0.0100181  0.139356  0.343757  0.335825  0.324437  0.320806  0.300493  0.290901  0.284984  0.288382  0.274756  0.268727  0.267218  0.25774  0.250978  0.248556  0.237699  0.234551  
2  3.93311  6  4.78801  0.00397247  0  0.0425752  6.69831  6.86323  6.74151  7.19651  7.5678  8.15824  8.51369  8.89477  9.1077  9.59806  9.94797  10.4174  10.5878  10.7242  10.9433  11.2011  11.2484  1  0.983277  1  0.598502  0.000397247  0  0.00304109  0.418645  0.381291  0.337075  0.327114  0.315325  0.313778  0.30406  0.296492  0.284616  0.282296  0.276333  0.274142  0.264695  0.255338  0.24871  0.243503  0.234341  
1.78832  3.57205  5.99678  6.89403  0  0  0  5.66167  6.42303  6.81983  7.30609  7.70104  7.82736  8.48262  8.80178  9.12919  9.51533  9.66897  10.1884  10.4879  10.6258  11.4114  11.0824  10.7365  0.894162  0.893013  0.999463  0.861753  0  0  0  0.353854  0.356835  0.340992  0.332095  0.320877  0.301052  0.302951  0.293393  0.285287  0.279863  0.268583  0.268115  0.262197  0.252996  0.25935  0.240922  0.223678  
1.75238  4  4.20361  7.97181  0  0  0  6.62147  6.56564  6.79754  7.32458  7.62605  8.25317  8.55262  8.77666  9.57204  9.68202  9.92762  10.2433  10.4457  10.7969  11.0616  11.222  11.7985  0.876191  1  0.700602  0.996476  0  0  0  0.413842  0.364758  0.339877  0.332935  0.317752  0.317429  0.305451  0.292555  0.299126  0.284765  0.275767  0.269559  0.261143  0.257068  0.2514  0.243956  0.245803  
1.7323  3.13382  6  8  0  0.00905184  0.125382  5.41429  6.41502  6.86416  7.18836  7.82547  8.02576  8.40835  8.87435  9.1727  9.66372  9.9181  10.0057  10.5078  10.771  11.0273  11.038  11.4249  0.866152  0.783456  1  1  0  0.00075432  0.00895587  0.338393  0.35639  0.343208  0.326744  0.326061  0.308683  0.300298  0.295812  0.286647  0.284227  0.275503  0.263309  0.262696  0.256453  0.25062  0.239957  0.238019  
2  4  5.29424  4.77353  0  0.0935184  0  5.59714  6.09135  6.66193  6.92423  7.31536  7.76915  7.97746  8.9201  8.62348  9.00912  9.14284  9.65846  10.0184  10.2158  10.9131  10.7996  10.8096  1  1  0.882373  0.596691  0  0.0077932  0  0.349821  0.338408  0.333096  0.314738  0.304807  0.298814  0.284909  0.297337  0.269484  0.264974  0.253968  0.25417  0.25046  0.243233  0.248025  0.234774  0.225199  
1.89416  3.27989  6  6.19285  0  0.00186811  0  7.40493  6.41604  7.05178  7.21011  7.86064  7.96768  8.51552  9.26719  9.46028  9.55342  10.1681  10.3261  10.5043  11.582  11.4993  11.6622  11.3038  0.947081  0.819972  1  0.774107  0  0.000155676  0  0.462808  0.356447  0.352589  0.327732  0.327526  0.306449  0.304126  0.308906  0.295634  0.280983  0.282447  0.271741  0.262608  0.275763  0.261347  0.253527  0.235495  
1.83681  3.84993  5.29424  5.6771  0  0.0880584  0.144876  5.61552  6.03628  6.50123  6.77931  7.22676  7.731  8.00427  8.64537  8.55387  8.91389  9.19966  9.44101  9.9257  9.85877  11.08  10.7527  11.106  0.918403  0.962483  0.882373  0.709638  0  0.0073382  0.0103483  0.35097  0.335349  0.325061  0.308151  0.301115  0.297346  0.285867  0.288179  0.267308  0.262173  0.255546  0.248448  0.248142  0.234733  0.251818  0.233754  0.231375  
1.58262  3.33018  5.69003  7.97978  0  0  0  6.84356  6.43536  6.41526  7.30678  7.49807  7.81792  8.34784  8.7394  9.08534  9.49432  9.88382  10.2458  10.8428  10.7079  11.3893  10.9414  11.4576  0.791312  0.832544  0.948339  0.997472  0  0  0  0.427722  0.35752  0.320763  0.332126  0.31242  0.300689  0.298137  0.291313  0.283917  0.279245  0.274551  0.269627  0.271069  0.25495  0.258849  0.237856  0.2387  
1.95677  3.84056  5.14424  4.91463  0.109995  0  0.144876  5.4965  5.99267  6.50123  6.77931  7.13279  8.07552  7.89794  8.4986  8.40821  8.73456  8.86732  9.379  9.66114  9.85877  10.1609  10.4357  10.6449  0.978385  0.960139  0.857374  0.614329  0.0109995  0  0.0103483  0.343531  0.332926  0.325061  0.308151  0.2972  0.310597  0.282069  0.283287  0.262757  0.256899  0.246314  0.246816  0.241529  0.234733  0.230929  0.226863  0.221768  
1.93676  2.77205  6  6.64244  0  0.00948602  0.142526  5.81838  6.15668  6.38848  7.1254  7.3785  7.68481  8.22523  8.46883  8.73247  8.93764  9.95334  9.70523  10.3009  10.0962  11.0753  10.6569  11.1243  0.968382  0.693011  1  0.830305  0  0.000790502  0.0101804  0.363649  0.342038  0.319424  0.323882  0.307438  0.29557  0.293758  0.282294  0.27289  0.262872  0.276482  0.255401  0.257521  0.240385  0.251711  0.231672  0.231757  
1.87532  3.38213  6  4.91463  0.0283741  0  0.294478  5.5587  6.04551  6.35033  6.93191  7.36079  7.59229  7.90389  7.85044  8.5475  8.93829  9.12529  9.46049  10.0798  9.65563  10.2853  10.2792  10.4634  0.937658  0.845532  1  0.614329  0.00283741  0  0.0210341  0.347419  0.335862  0.317516  0.315087  0.3067  0.292011  0.282282  0.261681  0.267109  0.262891  0.25348  0.24896  0.251995  0.229896  0.233757  0.223462  0.217987  
2  0.329752  6  8  0  0  6.16184  7.07167  6.24861  6.84961  7.13452  7.74735  8.00946  8.37659  9.25857  9.35421  9.6331  9.96388  10.0678  10.4107  11.0814  10.9868  10.9485  11.6545  1  0.082438  1  1  0  0  0.440131  0.441979  0.347145  0.342481  0.324296  0.322806  0.308056  0.299164  0.308619  0.292319  0.283327  0.276774  0.264943  0.260268  0.263844  0.2497  0.238011  0.242802  
2  4  1.0848  2.63545  0  4.79927  4.80593  5.36654  5.97165  6.05234  6.37952  7.30615  7.54068  7.63969  7.52945  8.04121  8.29319  8.31616  9.57334  8.80112  9.26484  9.65194  9.21126  10.0084  1  1  0.1808  0.329431  0  0.399939  0.343281  0.335409  0.331758  0.302617  0.289978  0.304423  0.290026  0.272846  0.250982  0.251288  0.243917  0.231004  0.25193  0.220028  0.220592  0.219362  0.200245  0.208508  
1.90453  3.1034  5.40003  5.66299  0  1.35261  0.233611  5.84208  6.16428  6.51595  7.30305  7.37775  7.74071  8.2175  8.60308  8.99586  9.40223  9.56433  9.74309  10.1501  10.3615  11.0186  10.4089  10.8644  0.952264  0.77585  0.900005  0.707874  0  0.112718  0.0166865  0.36513  0.34246  0.325798  0.331957  0.307406  0.29772  0.293482  0.286769  0.281121  0.276536  0.265676  0.256397  0.253753  0.246703  0.250423  0.22628  0.226343  
1.93533  3.65473  4.08495  5.62607  0.724597  0.649397  1.32812  5.85128  6.04549  6.63533  7.02906  7.31684  7.57257  7.68868  8.66338  8.66196  9.05154  9.56357  9.74892  9.69148  10.3503  10.1859  10.7153  10.9855  0.967665  0.913683  0.680824  0.703259  0.0724597  0.0541164  0.0948658  0.365705  0.335861  0.331766  0.319503  0.304868  0.291253  0.274596  0.288779  0.270686  0.266222  0.265655  0.256551  0.242287  0.246436  0.231499  0.232942  0.228865  
1.88924  2.39169  4.89196  8  0.0817955  1.15273  0.310251  5.46198  6.02637  6.53447  7.02759  7.28872  7.74006  8.0973  8.49147  8.54661  9.11716  9.1  9.56778  9.92566  9.9604  10.4518  10.2025  11.0646  0.944618  0.597922  0.815327  1  0.00817955  0.0960612  0.0221608  0.341374  0.334798  0.326723  0.319436  0.303697  0.297695  0.289189  0.283049  0.267082  0.268152  0.252778  0.251784  0.248142  0.237152  0.237541  0.221794  0.230512  
1.94788  4  3.70797  5.03861  0.0381521  1.15819  1.25828  5.39458  6.3228  6.37725  6.71579  7.10396  7.47675  7.84619  8.32747  8.471  9.3017  9.04317  9.69527  9.98417  10.1166  9.96633  10.4357  10.4128  0.973942  1  0.617996  0.629827  0.00381521  0.0965162  0.0898774  0.337161  0.351267  0.318863  0.305263  0.295998  0.287567  0.280221  0.277582  0.264719  0.27358  0.251199  0.255139  0.249604  0.240872  0.226508  0.226863  0.216932  
1.69362  3.00105  5.73681  5.71657  0.418816  0.00157624  0.442235  5.47704  5.85309  6.41891  6.71041  7.0561  7.30341  7.87944  8.6911  8.11129  8.52506  8.88991  8.88799  9.62805  9.28597  9.92429  9.70749  10.2579  0.84681  0.750262  0.956135  0.714571  0.0418816  0.000131353  0.0315882  0.342315  0.325172  0.320946  0.305019  0.294004  0.2809  0.281409  0.289703  0.253478  0.250737  0.246942  0.233895  0.240701  0.221094  0.225552  0.211032  0.213705  
1.84169  3.39814  5.39357  4.08933  0  1.49846  2.58785  5.39512  5.97275  6.5306  6.88221  7.36079  7.58748  8.1786  8.66295  8.54683  9.23252  9.352  9.43349  9.72713  10.3337  10.2723  11.2358  10.6706  0.920847  0.849534  0.898929  0.511167  0  0.124872  0.184846  0.337195  0.331819  0.32653  0.312828  0.3067  0.291826  0.292093  0.288765  0.267088  0.271545  0.259778  0.24825  0.243178  0.24604  0.233461  0.244257  0.222305  
1.24013  3.07711  5.925  7.66186  0.963159  0.153414  0.310251  5.55789  6.04247  6.66193  6.77508  7.24306  7.67108  8.09614  8.91298  8.62348  9.16561  9.23768  9.51342  10.4642  10.1606  11.0257  10.6219  10.8096  0.620063  0.769276  0.987501  0.957733  0.0963159  0.0127845  0.0221608  0.347368  0.335693  0.333096  0.307958  0.301794  0.295042  0.289148  0.297099  0.269484  0.269577  0.256602  0.250353  0.261604  0.241918  0.250585  0.230911  0.225199  
2  4  6  0.864752  0  0.0122029  5.39375  5.31361  6.27879  6.55072  6.92197  7.6644  7.64239  7.9643  8.56398  8.82954  9.01479  9.56019  9.88197  9.81681  10.1861  10.6197  10.5103  11.2106  1  1  1  0.108094  0  0.00101691  0.385268  0.332101  0.348822  0.327536  0.314635  0.31935  0.293938  0.284439  0.285466  0.275923  0.265141  0.265561  0.260052  0.24542  0.242525  0.241357  0.228485  0.233555  
1.18436  4  5.79467  4.62768  0.341966  0.990581  2.89678  5.5587  6.0715  6.47015  6.75607  7.32001  7.57761  8.02807  7.89314  8.61346  8.98991  9.25921  9.40386  9.62235  9.88341  10.0817  10.4016  10.6954  0.592179  1  0.965779  0.57846  0.0341966  0.0825484  0.206913  0.347419  0.337305  0.323508  0.307094  0.305001  0.291446  0.286717  0.263105  0.269171  0.264409  0.2572  0.24747  0.240559  0.235319  0.229129  0.226122  0.222822  
2  3.16648  6  2.16192  0  0  5.98812  5.59313  6.27879  6.64547  6.94873  7.64011  7.81805  8.69011  8.49788  9.3176  9.55783  9.5378  9.64089  10.2577  9.8553  10.6453  10.6523  11.7468  1  0.79162  1  0.27024  0  0  0.427723  0.349571  0.348822  0.332273  0.315851  0.318338  0.300694  0.310361  0.283263  0.291175  0.281113  0.264939  0.253708  0.256441  0.23465  0.241939  0.231571  0.244725  
1.39979  2.6409  4.99181  7.95256  0.830681  0.0146196  2.75602  5.55202  5.90124  6.27885  6.93591  7.41672  7.77622  8.25967  8.06255  9.00157  8.92361  9.24217  9.65658  9.99103  10.0605  10.7212  10.8042  10.9343  0.699895  0.660224  0.831968  0.99407  0.0830681  0.0012183  0.196858  0.347001  0.327847  0.313942  0.315269  0.30903  0.299085  0.294988  0.268752  0.281299  0.262459  0.256727  0.25412  0.249776  0.239535  0.243665  0.234874  0.227798  
1.76298  4  6  0.95747  0  0  5.09899  5.25964  5.89487  6.38557  7.01413  7.54385  7.58997  8.02074  7.64465  8.70378  8.37233  8.76651  9.48097  9.62137  9.88471  9.99044  10.0949  10.0528  0.88149  1  1  0.119684  0  0  0.364214  0.328727  0.327493  0.319279  0.318824  0.314327  0.291922  0.286455  0.254822  0.271993  0.246245  0.243514  0.249499  0.240534  0.23535  0.227055  0.219453  0.209432  
2  1.70762  6  5.06116  0.011122  0.00956153  5.84129  5.39512  5.94118  6.67485  7.09285  7.24136  7.70043  8.28026  8.52995  8.80203  9.15754  9.48207  9.35294  9.61234  10.3295  10.3528  10.7241  10.6706  1  0.426904  1  0.632645  0.0011122  0.000796794  0.417235  0.337195  0.330066  0.333743  0.322402  0.301723  0.29617  0.295724  0.284332  0.275064  0.26934  0.263391  0.24613  0.240308  0.245941  0.23529  0.233132  0.222305  
1.32035  4  3.83548  5.37105  0.316865  0.015663  5.16009  5.4965  6.24862  6.22581  6.91566  7.02595  7.67139  7.7709  8.33767  8.47004  9.36569  9.18411  9.41281  9.65162  10.061  9.97801  10.1307  10.4558  0.660175  1  0.639246  0.671382  0.0316865  0.00130525  0.368578  0.343531  0.347146  0.31129  0.314348  0.292748  0.295053  0.277532  0.277922  0.264689  0.275461  0.255114  0.247706  0.241291  0.239547  0.226773  0.220233  0.217829  
1.10953  2.49558  6  8  2.05681  0.00948602  0.142526  5.81838  5.97856  6.37324  6.85338  7.3785  7.61117  7.90846  8.24065  8.45554  8.56346  9.18191  9.1884  9.37502  9.69477  10.1839  10.1944  10.6204  0.554765  0.623895  1  1  0.205681  0.000790502  0.0101804  0.363649  0.332142  0.318662  0.311517  0.307438  0.292737  0.282445  0.274688  0.264236  0.251867  0.255053  0.2418  0.234376  0.230828  0.231451  0.221618  0.221259  
2  3.97116  5.20415  0.300634  0.105099  0.874589  4.89396  5.3828  5.60381  6.47785  6.26498  6.99716  7.50219  7.63339  7.77019  8.34863  8.77276  8.62611  8.81429  9.38258  9.38025  9.2726  10.0635  10.1626  1  0.99279  0.867358  0.0375793  0.0105099  0.0728824  0.349569  0.336425  0.311323  0.323892  0.284772  0.291548  0.288546  0.272621  0.259006  0.260895  0.258022  0.239614  0.231955  0.234565  0.223339  0.210741  0.218772  0.21172  
1.38183  3.33503  4.11678  5.40193  0.122139  1.29772  5.77072  5.4965  6.1633  6.30116  6.67379  7.26071  7.50955  8.48057  9.01318  8.58853  9.7516  9.98775  9.78632  10.4026  10.1669  10.0286  10.7228  10.8612  0.690915  0.833756  0.68613  0.675241  0.0122139  0.108143  0.412194  0.343531  0.342406  0.315058  0.303354  0.30253  0.288829  0.302878  0.300439  0.268392  0.286812  0.277437  0.257535  0.260065  0.242069  0.227922  0.233104  0.226275  
1.54754  4  5.70662  0.876669  0.112222  1.9053  5.23715  5.45478  5.79277  6.34417  6.64175  7.19183  7.0956  7.69312  7.86618  7.95311  8.56672  8.67887  9.24622  9.43598  9.53739  9.52005  10.2113  10.1264  0.773772  1  0.951104  0.109584  0.0112222  0.158775  0.374082  0.340923  0.32182  0.317209  0.301898  0.299659  0.272908  0.274754  0.262206  0.248535  0.251962  0.24108  0.243322  0.235899  0.227081  0.216365  0.221986  0.210967  
2  0.921557  5.95381  5.60224  0.154373  0.0117472  4.91893  5.29588  5.57799  6.25724  6.79357  7.02817  7.13858  7.60198  7.85427  7.92151  8.74372  8.57221  9.09137  9.78761  9.22754  9.59941  9.70617  10.4496  1  0.230389  0.992302  0.70028  0.0154373  0.000978935  0.351352  0.330993  0.309888  0.312862  0.308799  0.292841  0.274561  0.271499  0.261809  0.247547  0.257168  0.238117  0.239246  0.24469  0.219703  0.218169  0.211004  0.217699  
2  3.54725  5.1729  0.356498  0  1.64141  4.87901  5.36317  5.75674  6.12045  6.58589  7.19183  7.12122  7.54536  8.14557  8.43187  8.9276  8.78464  9.03882  9.43598  9.5643  9.69879  10.2113  9.86286  1  0.886813  0.86215  0.0445623  0  0.136784  0.348501  0.335198  0.319819  0.306022  0.299359  0.299659  0.273893  0.269477  0.271519  0.263496  0.262576  0.244018  0.237864  0.235899  0.227722  0.220427  0.221986  0.205476  
2  1.29326  4.71799  5.37105  0  2.26991  4.95436  5.64882  5.67884  6.33481  6.15527  6.9746  7.43135  7.4674  7.62601  8.14167  8.5935  8.94076  9.18436  8.8246  9.47163  9.74806  10.1204  9.86151  1  0.323314  0.786331  0.671382  0  0.189159  0.353883  0.353052  0.315491  0.316741  0.279785  0.290608  0.285821  0.266693  0.2542  0.254427  0.25275  0.248355  0.241694  0.220615  0.225515  0.221547  0.220008  0.205448  
1.24487  4  5.58934  1.35069  0.839049  1.97699  5.07792  5.38313  5.87063  6.15273  6.28175  6.86315  7.17092  7.41942  6.98896  7.91148  8.28367  8.65562  9.60688  8.98535  9.34142  9.30026  9.6574  9.70679  0.622433  1  0.931557  0.168836  0.0839049  0.164749  0.362709  0.336446  0.326146  0.307637  0.285534  0.285965  0.275804  0.264979  0.232965  0.247234  0.243637  0.240434  0.252813  0.224634  0.222415  0.211369  0.209943  0.202225  
1.59218  0.921557  5.54497  8  0.121254  0.0083969  4.88254  5.44142  5.93165  6.10133  7.02253  7.29818  7.60837  7.69785  7.8625  8.20014  8.41038  8.73038  9.47932  9.71011  9.07969  9.98605  9.87869  10.729  0.79609  0.230389  0.924162  1  0.0121254  0.000699741  0.348753  0.340089  0.329536  0.305066  0.319206  0.304091  0.29263  0.274923  0.262083  0.256254  0.247364  0.242511  0.249456  0.242753  0.216183  0.226956  0.214754  0.223522  
1.95022  3.97116  3.01289  2.08554  0.0939774  1.90087  4.88009  5.3828  5.46861  6.26926  6.28508  6.69422  7.21872  7.36558  7.5173  7.86297  8.31687  8.80407  8.36858  8.84403  9.26173  9.30143  9.76042  9.56007  0.97511  0.99279  0.502148  0.260692  0.00939774  0.158406  0.348578  0.336425  0.303812  0.313463  0.285685  0.278926  0.277643  0.263056  0.250577  0.245718  0.244614  0.244558  0.220226  0.221101  0.220517  0.211396  0.212183  0.199168  
1.60545  2.14185  4.88144  3.66894  0  3.94271  4.74389  5.34493  5.91992  6.05113  6.36773  7.25431  7.15449  7.40701  7.56733  7.81187  8.38754  8.49468  8.87636  8.54652  8.92052  9.42878  9.38149  9.79788  0.802723  0.535462  0.813573  0.458618  0  0.328559  0.338849  0.334058  0.328884  0.302556  0.289442  0.302263  0.275173  0.264536  0.252244  0.244121  0.246692  0.235963  0.233588  0.213663  0.212393  0.214291  0.203946  0.204122  
1.33206  4  1.54717  5.37105  1.9965  1.25045  4.87901  5.36317  5.89487  6.06332  6.64175  7.19183  7.30514  7.69312  7.63525  7.87594  8.47559  8.71597  9.01412  8.97868  9.2031  9.99044  10.1387  9.69956  0.666032  1  0.257862  0.671382  0.19965  0.104204  0.348501  0.335198  0.327493  0.303166  0.301898  0.299659  0.280967  0.274754  0.254508  0.246123  0.249282  0.24211  0.237214  0.224467  0.219121  0.227055  0.220406  0.202074  
1.71552  0.519429  4.32468  8  0.550239  1.49279  4.72714  5.53435  5.55855  6.34173  6.36925  6.91712  7.04355  8.83658  7.72024  7.75428  8.09941  8.22305  8.56503  9.14624  9.20585  9.35905  9.74406  9.60529  0.85776  0.129857  0.720781  1  0.0550239  0.124399  0.337653  0.345897  0.308808  0.317087  0.289511  0.288214  0.270906  0.315592  0.257341  0.242321  0.238218  0.228418  0.225395  0.228656  0.219187  0.212706  0.211827  0.20011  
1.99352  3.21856  2.66392  2.56699  0.175364  3.94035  4.73853  5.12449  5.7744  5.79674  6.25949  7.22059  7.00578  7.47412  7.65551  7.8704  8.19086  8.07393  9.41385  8.63686  9.11409  9.37532  8.92715  9.25734  0.996758  0.80464  0.443986  0.320874  0.0175364  0.328362  0.338467  0.320281  0.3208  0.289837  0.284522  0.300858  0.269453  0.266933  0.255184  0.24595  0.240908  0.224276  0.247733  0.215921  0.217002  0.213075  0.194068  0.192861  
1.19992  2  4.00054  5.92586  0  4.60708  4.97527  5.12296  5.89416  5.9978  6.49236  6.85936  7.38523  7.4627  7.27014  7.91179  8.29491  9.352  9.67643  8.50632  10.426  9.43063  10.579  9.54447  0.599962  0.5  0.666756  0.740733  0  0.383923  0.355376  0.320185  0.327453  0.29989  0.295107  0.285807  0.284047  0.266525  0.242338  0.247243  0.243968  0.259778  0.254643  0.212658  0.248237  0.214333  0.229978  0.198843  
1.2918  3.2566  3.61074  3.06553  0.189943  3.83723  4.58122  4.95325  5.16205  5.74885  6.31355  6.27221  6.43198  7.04958  7.04391  7.20729  7.35785  7.68222  7.80523  7.85873  8.95304  8.61795  8.59655  8.82594  0.645899  0.814151  0.60179  0.383191  0.0189943  0.319769  0.32723  0.309578  0.28678  0.287443  0.286979  0.261342  0.247384  0.251771  0.234797  0.225228  0.216407  0.213395  0.205401  0.196468  0.213168  0.195863  0.186882  0.183874  
1.09881  0.0287026  6  7.97617  0  5.382  5.23341  5.61274  6.02255  6.31176  6.9618  7.31897  7.31796  7.90346  8.88198  9.19333  8.64722  9.41212  10.0069  9.68664  10.7994  10.2596  10.3069  10.5218  0.549407  0.00717564  1  0.997021  0  0.4485  0.373815  0.350796  0.334586  0.315588  0.316445  0.304957  0.28146  0.282266  0.296066  0.287291  0.25433  0.261448  0.26334  0.242166  0.257129  0.233172  0.224064  0.219204  
2  4  0  0  3.50643  3.92943  4.33966  4.79838  5.10459  5.43446  5.62935  6.21681  6.53882  6.84479  6.84016  6.90726  7.25032  7.14985  7.45813  7.64529  7.8236  7.96252  8.20503  7.89405  1  1  0  0  0.350643  0.327453  0.309976  0.299899  0.283588  0.271723  0.25588  0.259034  0.251493  0.244457  0.228005  0.215852  0.213245  0.198607  0.196267  0.191132  0.186276  0.180966  0.17837  0.164459  
1.13875  3.31218  5.58645  0  1.74542  4.40586  4.84725  5.18046  6.24763  5.8038  6.45007  6.42796  7.31731  7.7541  7.82982  7.77585  8.16247  8.4659  8.5699  8.50765  9.3781  9.06596  10.6495  9.76233  0.569373  0.828045  0.931075  0  0.174542  0.367155  0.346232  0.323779  0.34709  0.29019  0.293185  0.267832  0.281435  0.276932  0.260994  0.242995  0.240073  0.235164  0.225524  0.212691  0.223288  0.206045  0.23151  0.203382  
1.51309  4  2.78176  1.4848  0.24546  4.04338  4.35861  4.81607  5.33516  5.76822  5.76732  6.29745  6.34825  6.83495  7.45597  7.50341  7.60963  8.00081  8.01769  7.84611  7.7405  8.87884  8.89392  8.72212  0.756547  1  0.463626  0.185599  0.024546  0.336949  0.311329  0.301004  0.296398  0.288411  0.262151  0.262394  0.244164  0.244106  0.248532  0.234482  0.223813  0.222245  0.210992  0.196153  0.184298  0.201792  0.193346  0.181711  
1.43094  0.910532  1.96224  7.95233  1.8375  4.81419  4.72714  5.53435  6.34037  5.8038  6.06068  6.52651  7.15781  7.70172  7.68821  8.09336  8.09941  8.22305  8.5699  8.50765  9.20585  9.44013  9.6371  9.76233  0.715468  0.227633  0.327041  0.994042  0.18375  0.401183  0.337653  0.345897  0.352243  0.29019  0.275486  0.271938  0.2753  0.275062  0.256274  0.252918  0.238218  0.228418  0.225524  0.212691  0.219187  0.214549  0.209502  0.203382  
1.80107  4  2.30405  1.08369  0.135587  4.2629  4.49185  5.11655  5.38459  5.95438  5.72164  6.39727  6.61925  7.37035  6.93986  7.34392  7.33678  7.70573  8.36169  8.35106  8.79139  8.57187  8.72135  8.04607  0.900533  1  0.384008  0.135462  0.0135587  0.355242  0.320846  0.319785  0.299144  0.297719  0.260075  0.266553  0.254587  0.263227  0.231329  0.229498  0.215788  0.214048  0.220045  0.208777  0.209319  0.194815  0.189595  0.167626  
1.179  2.14185  3.56211  3.31834  3.54999  4.07613  4.57861  5.0023  5.91992  5.67269  6.32029  5.96576  6.73255  7.51613  7.47078  7.53597  8.41451  7.94966  7.65167  8.54652  8.78604  8.54687  8.9172  9.15945  0.589502  0.535462  0.593685  0.414793  0.354999  0.339677  0.327043  0.312644  0.328884  0.283635  0.287286  0.248574  0.258944  0.268433  0.249026  0.235499  0.247486  0.220824  0.20136  0.213663  0.209191  0.194247  0.193852  0.190822  
1.40854  3.44688  2.47228  1.92626  1.84252  3.9845  4.54125  4.86493  5.16205  5.55054  5.83214  6.46873  6.35488  6.99029  7.16854  7.19491  6.97891  7.3883  7.80523  8.13516  8.44592  8.32192  8.90735  8.28587  0.704272  0.86172  0.412047  0.240783  0.184252  0.332042  0.324375  0.304058  0.28678  0.277527  0.265097  0.269531  0.244419  0.249653  0.238951  0.224841  0.205262  0.205231  0.205401  0.203379  0.201093  0.189135  0.193638  0.172622  
0.675211  1.33577  5.83291  5.03821  1.95299  3.86674  4.55415  4.91669  5.32736  6.03396  6.34754  6.70049  7.34874  7.12726  7.28577  7.49912  7.87421  7.72101  8.08075  8.02683  10.2421  8.70742  8.93968  9.13189  0.337605  0.333942  0.972152  0.629777  0.195299  0.322229  0.325296  0.307293  0.295965  0.301698  0.288525  0.279187  0.282644  0.254545  0.242859  0.234347  0.231594  0.214472  0.212651  0.200671  0.243859  0.197896  0.194341  0.190248  
2  3.8558  1.13909  1.71036  0.0757571  4.10768  4.18216  4.82286  5.14481  5.58147  5.72456  6.01875  6.47567  6.60431  6.6997  6.96735  7.26675  7.226  7.66157  8.07009  7.57993  8.50127  8.26882  7.9464  1  0.963949  0.189848  0.213795  0.00757571  0.342306  0.298726  0.301429  0.285823  0.279073  0.260207  0.250781  0.249064  0.235868  0.223323  0.21773  0.213728  0.200722  0.20162  0.201752  0.180475  0.193211  0.179757  0.16555  
1.2305  2.36411  0.00057794  6.34159  3.4998  4.08883  4.66663  4.83948  5.19396  5.44217  5.95416  6.18992  6.54155  6.6102  7.33028  7.60378  7.22196  7.80482  8.88113  7.58425  7.7848  8.13584  7.94261  7.69338  0.615251  0.591029  9.63233e-05  0.792699  0.34998  0.340736  0.333331  0.302468  0.288553  0.272109  0.270643  0.257913  0.251598  0.236079  0.244343  0.237618  0.212411  0.216801  0.233714  0.189606  0.185352  0.184905  0.172665  0.160279  
1.55489  3.47286  2.50952  0.606972  1.595  4.12321  4.12578  4.68829  5.16832  5.58944  5.45786  6.00405  6.10398  6.64987  6.41214  6.80088  7.11087  6.90372  6.87617  7.65323  7.64543  7.74961  8.09352  7.77898  0.777445  0.868214  0.418253  0.0758715  0.1595  0.343601  0.294699  0.293018  0.287129  0.279472  0.248084  0.250169  0.234768  0.237495  0.213738  0.212528  0.209143  0.19177  0.180952  0.191331  0.182034  0.176127  0.175946  0.162062  
1.37039  0.0320183  5.02785  3.54118  3.38274  3.97755  4.07456  4.79838  5.13091  5.4599  5.53661  6.1691  6.10557  6.26387  6.72194  6.79904  7.08109  7.60757  7.39776  7.67757  7.36  8.05321  8.17156  7.95806  0.685193  0.00800457  0.837975  0.442647  0.338274  0.331463  0.29104  0.299899  0.285051  0.272995  0.251664  0.257046  0.23483  0.22371  0.224065  0.21247  0.208267  0.211321  0.194678  0.191939  0.175238  0.183027  0.177643  0.165793  
1.89311  3.47286  2.25153  0  1.65502  4.03787  4.24991  4.74428  5.31116  5.47844  5.49006  5.7337  6.31975  6.9457  6.68197  6.97759  7.23002  6.79919  7.11176  7.34191  6.84767  7.94664  8.46526  8.34831  0.946557  0.868214  0.375255  0  0.165502  0.336489  0.303565  0.296517  0.295065  0.273922  0.249548  0.238904  0.243067  0.248061  0.222732  0.21805  0.212648  0.188866  0.187152  0.183548  0.16304  0.180606  0.184027  0.173923  
1.50083  0.537892  5.2087  0  3.9837  3.91892  4.44723  4.40999  4.6093  4.8754  5.40532  5.54256  5.68441  6.03148  6.09965  6.13189  6.21249  6.91296  6.23642  7.59618  6.70368  6.73438  6.85917  6.60298  0.750415  0.134473  0.868116  0  0.39837  0.326577  0.317659  0.275624  0.256072  0.24377  0.245696  0.23094  0.218631  0.21541  0.203322  0.191621  0.18272  0.192027  0.164116  0.189904  0.159611  0.153054  0.149112  0.137562  
0.833241  4  3.04153  0  3.58283  4.02743  4.28894  4.55804  4.79452  5.60773  5.70639  5.90929  5.88974  6.95045  6.33647  6.76641  6.95519  6.68989  7.05754  6.9602  7.40301  7.83804  7.91563  7.65168  0.41662  1  0.506922  0  0.358283  0.335619  0.306353  0.284878  0.266362  0.280387  0.259381  0.24622  0.226529  0.248231  0.211216  0.21145  0.204564  0.18583  0.185725  0.174005  0.176262  0.178137  0.172079  0.15941  
0.543333  0.538412  5.97286  6.47277  1.77475  4.10768  4.45324  4.79838  5.14481  5.92971  6.10127  6.3011  6.47567  6.51303  7.07091  7.45795  6.94582  7.226  7.66157  7.9565  8.43059  8.49001  8.60881  8.33202  0.271666  0.134603  0.995476  0.809097  0.177475  0.342306  0.318089  0.299899  0.285823  0.296486  0.27733  0.262546  0.249064  0.232608  0.235697  0.233061  0.204289  0.200722  0.20162  0.198912  0.200728  0.192955  0.187148  0.173584  
2  4  0  1.92626  1.84164  4.08768  4.54682  4.86493  5.17298  5.49916  6.05052  6.44019  6.47653  6.91048  6.96441  7.19513  7.06293  7.3883  7.89492  7.99719  8.27725  8.32192  9.02535  8.26103  1  1  0  0.240783  0.184164  0.34064  0.324773  0.304058  0.287388  0.274958  0.275024  0.268341  0.249097  0.246803  0.232147  0.224848  0.207733  0.205231  0.207761  0.19993  0.197077  0.189135  0.196203  0.172105  
0.847429  3.11595  0.157416  3.74535  4.27265  3.91251  3.94515  5.12029  4.64183  4.83539  4.8262  6.05923  5.36646  5.72262  6.14571  6.51891  6.8659  7.06749  6.35355  6.04242  7.7568  6.68767  7.44453  6.96241  0.423714  0.778988  0.0262361  0.468169  0.427265  0.326043  0.281796  0.320018  0.25788  0.241769  0.219373  0.252468  0.206402  0.204379  0.204857  0.203716  0.201938  0.196319  0.167199  0.151061  0.184686  0.151992  0.161838  0.14505  
1.35145  4  1.13909  0.948035  3.44038  4.05056  4.29999  4.88526  5.16683  5.63659  5.48534  5.9453  6.2014  6.58785  6.61634  7.55795  6.93244  7.22141  7.66714  7.56682  7.81961  8.54687  8.50829  8.28048  0.675726  1  0.189848  0.118504  0.344038  0.337547  0.307142  0.305329  0.287046  0.28183  0.249334  0.247721  0.238515  0.23528  0.220545  0.236186  0.203895  0.200595  0.201767  0.18917  0.186181  0.194247  0.184963  0.17251  
0.776906  0.728743  2.77223  2.95361  3.95183  6.1939  3.98067  4.07741  4.31771  4.85734  4.77697  4.57974  4.74358  5.39067  5.835  5.54255  5.59147  5.99373  5.70736  5.41296  5.32684  5.6784  5.26027  7.02132  0.388453  0.182186  0.462039  0.369201  0.395183  0.516158  0.284334  0.254838  0.239873  0.242867  0.217135  0.190822  0.182445  0.192524  0.1945  0.173205  0.164455  0.166493  0.150194  0.135324  0.126829  0.129055  0.114354  0.146277  
1.76154  3.8438  0.565137  0.468059  3.55832  4.13234  4.3296  4.73018  5.09912  5.2709  6.19494  6.13067  6.3595  6.37699  6.63614  6.96778  7.17091  7.2044  7.84097  7.38956  7.32926  7.66858  8.17863  7.80858  0.880769  0.960951  0.0941894  0.0585074  0.355832  0.344361  0.309257  0.295636  0.283285  0.263545  0.281588  0.255445  0.244596  0.22775  0.221205  0.217743  0.210909  0.200122  0.206341  0.184739  0.174506  0.174286  0.177796  0.162679  
0.91447  1.61795  0  3.75919  6.53019  5.28413  4.05275  4.69806  4.77511  4.94991  5.90024  5.84471  6.23134  5.75979  5.90472  6.63782  6.30332  6.39534  7.47291  6.44143  6.47207  6.55008  6.67207  7.37805  0.457235  0.404487  0  0.469899  0.653019  0.440344  0.289482  0.293629  0.265284  0.247496  0.268193  0.24353  0.239667  0.205707  0.196824  0.207432  0.185392  0.177648  0.196656  0.161036  0.154097  0.148866  0.145045  0.153709  
1.39815  3.00868  0.0387623  2.07194  4.3392  4.13783  4.62512  4.56686  4.71429  5.40807  5.75194  5.52129  5.78175  6.32809  6.15512  6.09535  6.34444  6.73366  6.69597  6.48607  6.58994  6.94651  7.03512  7.39754  0.699073  0.752171  0.00646038  0.258993  0.43392  0.344819  0.330366  0.285429  0.261905  0.270404  0.261452  0.230054  0.222375  0.226003  0.205171  0.19048  0.186601  0.187046  0.17621  0.162152  0.156903  0.157875  0.152937  0.154115  
0.219059  0.538412  6  5.6529  3.46069  3.85919  4.33597  4.68047  5.1  5.46633  5.83214  5.67101  6.18039  6.48681  6.98429  6.91228  6.96418  7.3883  7.07046  7.14106  7.46235  7.87712  8.12521  7.58806  0.109529  0.134603  1  0.706613  0.346069  0.321599  0.309712  0.29253  0.283333  0.273316  0.265097  0.236292  0.237707  0.231672  0.23281  0.216009  0.204829  0.205231  0.186065  0.178527  0.177675  0.179025  0.176635  0.158085  
1.89402  3.84134  0.568359  0  3.50643  3.92943  4.25369  4.79838  4.94832  5.4337  5.62935  5.80953  6.02867  6.739  6.49321  6.55117  6.77564  7.14985  7.4955  7.64529  7.8236  7.48888  8.20503  6.94616  0.947012  0.960336  0.0947265  0  0.350643  0.327453  0.303835  0.299899  0.274907  0.271685  0.25588  0.242064  0.231872  0.240679  0.21644  0.204724  0.199284  0.198607  0.19725  0.191132  0.186276  0.170202  0.17837  0.144712  
0.609845  2.78745  0  1.89074  6.11836  5.30571  3.69376  3.98897  4.25219  4.76826  5.09212  4.82058  5.37321  5.47453  5.11505  5.21414  5.33667  5.44733  6.48604  4.96057  5.06875  5.24931  5.65727  5.88987  0.304923  0.696862  0  0.236342  0.611836  0.442142  0.26384  0.249311  0.236233  0.238413  0.23146  0.200857  0.206662  0.195519  0.170502  0.162942  0.156961  0.151315  0.170685  0.124014  0.120684  0.119303  0.122984  0.122706  
1.63011  2.98957  0.732501  0  4.0721  3.73044  3.76787  4.64509  4.6915  4.59261  5.37072  5.41431  5.69502  5.34464  5.51623  5.50354  5.90711  6.60182  5.83059  5.90125  6.70135  6.22585  6.68047  6.05994  0.815055  0.747392  0.122083  0  0.40721  0.31087  0.269134  0.290318  0.260639  0.22963  0.244124  0.225596  0.219039  0.19088  0.183874  0.171986  0.173738  0.183384  0.153437  0.147531  0.159556  0.141497  0.145228  0.126249  
0.622475  0  0  3.40198  10  3.63568  3.51763  3.30054  4.61784  4.02976  3.56843  4.34895  4.25711  3.84065  4.69134  4.19005  4.90496  5.15812  4.55624  3.6141  4.02646  6.80741  4.55729  4.13747  0.311237  0  0  0.425248  1  0.302974  0.251259  0.206284  0.256546  0.201488  0.162201  0.181206  0.163735  0.137166  0.156378  0.130939  0.144263  0.143281  0.119901  0.0903524  0.095868  0.154714  0.0990714  0.0861973  
1.52596  4  0.522414  0  3.48806  4.09876  4.12657  4.70696  4.74959  5.02438  5.75817  6.45134  5.78575  6.19136  6.23988  6.54807  6.85484  6.97698  6.93277  7.14049  7.0621  7.56952  7.35323  7.83958  0.76298  1  0.087069  0  0.348806  0.341563  0.294755  0.294185  0.263866  0.251219  0.261735  0.268806  0.222529  0.22112  0.207996  0.204627  0.201613  0.193805  0.182441  0.178512  0.168145  0.172034  0.159853  0.163325  
1.03984  0.473105  0.205608  0  10  6.01601  3.34228  3.81594  3.92196  4.74406  4.638  4.55201  5.06652  5.21534  4.58487  5.02392  5.25663  5.31031  5.26277  5.29513  5.27659  4.94094  4.91664  5.80601  0.519921  0.118276  0.034268  0  1  0.501334  0.238734  0.238496  0.217887  0.237203  0.210818  0.189667  0.194866  0.186262  0.152829  0.156997  0.154607  0.147509  0.138494  0.132378  0.125633  0.112294  0.106883  0.120958  
0.622475  3.99105  0.102804  0  4.17075  2.70692  3.06743  3.30054  4.09971  3.45118  3.55328  4.09663  4.49283  4.53183  4.58768  4.15338  4.20585  3.90557  5.57998  3.6141  3.3283  4.0085  3.58087  4.14764  0.311237  0.997762  0.017134  0  0.417075  0.225577  0.219102  0.206284  0.227762  0.172559  0.161513  0.170693  0.172801  0.161851  0.152923  0.129793  0.123701  0.108488  0.146842  0.0903524  0.0792452  0.0911022  0.0778449  0.0864091  
0.0828925  0  6  7.33314  3.4751  3.92635  4.29999  4.64644  5.05399  5.25132  5.6772  5.9824  6.00081  6.51329  6.85123  6.61816  6.72579  7.5893  7.29839  7.60513  7.38918  7.96937  7.59487  7.63097  0.0414462  0  1  0.916642  0.34751  0.327195  0.307142  0.290403  0.280777  0.262566  0.258054  0.249267  0.2308  0.232618  0.228374  0.206817  0.197817  0.210814  0.192063  0.190128  0.175933  0.181122  0.165106  0.158979  
2  4  0  0  3.51755  3.92943  4.25538  4.83948  5.07726  5.40969  5.67049  6.06325  6.101  6.68464  6.67855  6.89043  7.14449  7.20727  7.36249  7.67757  7.34259  7.96252  7.94261  7.69338  1  1  0  0  0.351755  0.327453  0.303956  0.302468  0.28207  0.270485  0.257749  0.252635  0.234654  0.238737  0.222618  0.215326  0.210132  0.200202  0.19375  0.191939  0.174823  0.180966  0.172665  0.160279  
1.55489  3.88962  0  0  3.34821  3.91892  3.29971  4.29092  4.56054  4.98392  4.815  5.26362  5.46314  5.71815  5.53367  5.59822  5.91526  5.82897  5.6249  6.16305  6.44895  6.36552  6.82999  5.87056  0.777445  0.972404  0  0  0.334821  0.326577  0.235694  0.268182  0.253363  0.249196  0.218864  0.219318  0.210121  0.204219  0.184456  0.174944  0.173978  0.161916  0.148024  0.154076  0.153546  0.144671  0.148478  0.122303  
