1.0001 7.99986e-05
0.000154292 1
0.99843 0.00507046
0.991419 0.0146943
0.989335 0.0251207
0.988509 0.035996
0.988509 0.0431842
0.988362 0.0516362
0.988362 0.0516362
0.988362 0.0516362
0.946583 0.0904264
0.922756 0.0973535
0.922756 0.10443
0.922756 0.114871
0.922756 0.114871
0.922756 0.114871
0.922756 0.114871
0.876507 0.165156
0.83457 0.168384
0.834211 0.179465
0.8262 0.190258
0.813398 0.199989
0.813398 0.203687
0.806601 0.224963
0.789158 0.234308
0.788913 0.247153
0.785969 0.26123
0.785658 0.265569
0.783546 0.283951
0.783029 0.303053
0.782786 0.317111
0.782089 0.326884
0.781985 0.351693
0.781985 0.351693
0.781985 0.374424
0.781985 0.374424
0.781985 0.374424
0.781985 0.374424
0.781985 0.374424
0.781985 0.374424
0.509502 0.5
0.509502 0.5
0.509502 0.5
0.509502 0.5
0.509502 0.5
0.509502 0.5
0.509502 0.5
0.509502 0.5
0.509502 0.5
0.509502 0.5
0.509502 0.5
0.500258 0.509608
0.487486 0.518126
0.482217 0.533315
0.47719 0.550113
0.466131 0.55968
0.463856 0.579235
0.458028 0.595869
0.458023 0.619717
0.457894 0.648761
0.401311 0.660364
0.401311 0.660364
0.401311 0.660364
0.388112 0.660416
0.375232 0.660534
0.354574 0.660639
0.34345 0.661147
0.332103 0.668723
0.325164 0.684591
0.323292 0.712685
0.323108 0.740456
0.265925 0.756981
0.265925 0.756981
0.265925 0.756981
0.265925 0.756981
0.256279 0.766757
0.256279 0.798201
0.256279 0.854429
0.256279 0.854429
0.256279 0.953933
0.00483002 1
0.00483002 1
0.00483002 1
0.00483002 1
0.00483002 1
0.00483002 1
0.00483002 1
0.00483002 1
0.00483002 1
0.00483002 1
0.00483002 1
0.00483002 1
0.00483002 1
0.00483002 1
0.00483002 1
0.00483002 1
0.00483002 1
0.00483002 1
0.00483002 1
0.00483002 1
