1.50579  2.65034  5.23124  1.50579  2.65034  5.23124  |||| 38552.5 |||| 38552.5 
1.1235  3.34462  4.2043  1.1235  3.34462  4.2043  |||| 28283.2 |||| 28283.2 
1.04476  2.06512  6.02728  1.04476  2.06512  6.02728  |||| 13155.8 |||| 13155.8 
1.35732  3.02112  4.61135  1.35732  3.02112  4.61135  |||| 90.1268 |||| 90.1268 
2.26769  1.62356  1.38423  2.26769  1.62356  1.38423  |||| 9.37134 |||| 9.37134 
1.37459  3.42174  3.81765  1.37459  3.42174  3.81765  |||| 66.5801 |||| 66.5801 
1.03505  1.04269  6.27548  1.03505  1.04269  6.27548  |||| 206.345 |||| 206.345 
2.35994  1.79534  1.48617  2.35994  1.79534  1.48617  |||| 12.9478 |||| 12.9478 
1.86973  3.06658  3.33611  1.86973  3.06658  3.33611  |||| 21.9511 |||| 21.9511 
1.73942  2.31727  4.48992  1.73942  2.31727  4.48992  |||| 48.4497 |||| 48.4497 
1.38051  2.87037  4.41147  1.38051  2.87037  4.41147  |||| 174.664 |||| 174.664 
1.23589  4.06929  2.57514  1.23589  4.06929  2.57514  |||| 25.6332 |||| 25.6332 
0.769991  2.92192  5.37387  0.769991  2.92192  5.37387  |||| 40.8794 |||| 40.8794 
1.61048  1.72821  4.94739  1.61048  1.72821  4.94739  |||| 15.8645 |||| 15.8645 
1.22399  3.41182  4.26003  1.22399  3.41182  4.26003  |||| 44.6723 |||| 44.6723 
1.04141  4.21719  1.37599  1.04141  4.21719  1.37599  |||| 30.9112 |||| 30.9112 
1.25708  1.61547  5.68944  1.25708  1.61547  5.68944  |||| 26.4281 |||| 26.4281 
1.01576  1.903  5.74632  1.01576  1.903  5.74632  |||| 47.7336 |||| 47.7336 
1.94899  3.13394  2.88734  1.94899  3.13394  2.88734  |||| 120.986 |||| 120.986 
1.10331  3.61965  3.77025  1.10331  3.61965  3.77025  |||| 14.8458 |||| 14.8458 
2.04138  1.99621  2.93274  2.04138  1.99621  2.93274  |||| 13.0315 |||| 13.0315 
1.44057  3.75491  1.93811  1.44057  3.75491  1.93811  |||| 31.4594 |||| 31.4594 
0.98124  1.69426  6.05168  0.98124  1.69426  6.05168  |||| 66.7413 |||| 66.7413 
0.947192  1.83026  5.98363  0.947192  1.83026  5.98363  |||| 15.2728 |||| 15.2728 
1.6712  3.16829  3.28043  1.6712  3.16829  3.28043  |||| 9.95729 |||| 9.95729 
1.62048  3.19394  3.73102  1.62048  3.19394  3.73102  |||| 54.1373 |||| 54.1373 
1.49409  2.521  4.86313  1.49409  2.521  4.86313  |||| 75.5703 |||| 75.5703 
1.66184  1.61112  5.11256  1.66184  1.61112  5.11256  |||| 12.522 |||| 12.522 
1.34409  2.04871  5.64747  1.34409  2.04871  5.64747  |||| 24.2355 |||| 24.2355 
1.63519  1.87628  4.94445  1.63519  1.87628  4.94445  |||| 13.7964 |||| 13.7964 
1.78856  2.2936  3.68395  1.78856  2.2936  3.68395  |||| 19.8153 |||| 19.8153 
1.97786  2.9339  2.58555  1.97786  2.9339  2.58555  |||| 14.3283 |||| 14.3283 
2.2058  1.96189  3.37886  2.2058  1.96189  3.37886  |||| 7.74797 |||| 7.74797 
2.49898  1.34142  2.91723  2.49898  1.34142  2.91723  |||| 33.7767 |||| 33.7767 
0.874984  3.76828  3.69328  0.874984  3.76828  3.69328  |||| 260.25 |||| 260.25 
1.6001  2.59969  4.24925  1.6001  2.59969  4.24925  |||| 9.62687 |||| 9.62687 
1.6535  2.40135  4.95719  1.6535  2.40135  4.95719  |||| 22.9416 |||| 22.9416 
1.73867  2.95896  3.52229  1.73867  2.95896  3.52229  |||| 15.8068 |||| 15.8068 
1.64388  2.36182  4.4297  1.64388  2.36182  4.4297  |||| 35.8953 |||| 35.8953 
2.03378  1.60588  4.22041  2.03378  1.60588  4.22041  |||| 7.23818 |||| 7.23818 
1.80756  1.62601  5.25089  1.80756  1.62601  5.25089  |||| 15.954 |||| 15.954 
1.20826  4.16785  1.62486  1.20826  4.16785  1.62486  |||| 49.6077 |||| 49.6077 
1.8618  2.56605  3.81642  1.8618  2.56605  3.81642  |||| 48.9512 |||| 48.9512 
1.0649  1.42368  6.15883  1.0649  1.42368  6.15883  |||| 12.8033 |||| 12.8033 
1.76367  1.55539  4.98176  1.76367  1.55539  4.98176  |||| 16.8004 |||| 16.8004 
0.841656  2.67301  5.50448  0.841656  2.67301  5.50448  |||| 16.9069 |||| 16.9069 
2.31545  2.10147  2.22436  2.31545  2.10147  2.22436  |||| 6.23685 |||| 6.23685 
1.11051  3.34751  4.24455  1.11051  3.34751  4.24455  |||| 12.9201 |||| 12.9201 
0.966267  3.09062  4.88023  0.966267  3.09062  4.88023  |||| 11.2916 |||| 11.2916 
1.12514  3.05024  4.50083  1.12514  3.05024  4.50083  |||| 70.8889 |||| 70.8889 
0.912068  2.66736  5.45866  0.912068  2.66736  5.45866  |||| 124.464 |||| 124.464 
2.4596  1.58033  1.58911  2.4596  1.58033  1.58911  |||| 6.50315 |||| 6.50315 
0.752678  1.91094  6.15596  0.752678  1.91094  6.15596  |||| 22.5391 |||| 22.5391 
0.9149  1.5407  6.28513  0.9149  1.5407  6.28513  |||| 8.538 |||| 8.538 
1.39735  1.00924  5.68519  1.39735  1.00924  5.68519  |||| 34.4086 |||| 34.4086 
0.906972  3.41839  4.6553  0.906972  3.41839  4.6553  |||| 11.0558 |||| 11.0558 
1.74284  2.05272  4.86053  1.74284  2.05272  4.86053  |||| 11.1217 |||| 11.1217 
1.17908  3.60218  3.80383  1.17908  3.60218  3.80383  |||| 48.713 |||| 48.713 
1.67613  1.55467  4.86081  1.67613  1.55467  4.86081  |||| 42.1214 |||| 42.1214 
0.720773  1.25176  6.28749  0.720773  1.25176  6.28749  |||| 10.5607 |||| 10.5607 
1.25543  4.06006  2.86716  1.25543  4.06006  2.86716  |||| 6.71188 |||| 6.71188 
1.75057  1.39277  5.22334  1.75057  1.39277  5.22334  |||| 5.88994 |||| 5.88994 
1.78371  2.44243  4.38139  1.78371  2.44243  4.38139  |||| 16.3727 |||| 16.3727 
0.976106  1.11474  6.14353  0.976106  1.11474  6.14353  |||| 8.22024 |||| 8.22024 
1.1285  2.52756  5.17234  1.1285  2.52756  5.17234  |||| 9.84312 |||| 9.84312 
2.26501  2.39756  2.26896  2.26501  2.39756  2.26896  |||| 131.398 |||| 131.398 
0.890899  3.9705  3.34131  0.890899  3.9705  3.34131  |||| 310.916 |||| 310.916 
1.03728  0.749539  6.30913  1.03728  0.749539  6.30913  |||| 11.9131 |||| 11.9131 
1.84666  2.66405  2.60191  1.84666  2.66405  2.60191  |||| 7.24669 |||| 7.24669 
1.58029  3.05936  4.22898  1.58029  3.05936  4.22898  |||| 11.5186 |||| 11.5186 
1.8473  1.81794  4.84837  1.8473  1.81794  4.84837  |||| 31.3417 |||| 31.3417 
1.54362  1.00121  5.35792  1.54362  1.00121  5.35792  |||| 7.4879 |||| 7.4879 
1.28979  3.03735  4.82125  1.28979  3.03735  4.82125  |||| 10.6323 |||| 10.6323 
1.99278  1.98561  3.63128  1.99278  1.98561  3.63128  |||| 12.3724 |||| 12.3724 
1.64775  2.86814  3.29224  1.64775  2.86814  3.29224  |||| 31.7433 |||| 31.7433 
1.66574  1.47262  4.65895  1.66574  1.47262  4.65895  |||| 8.20048 |||| 8.20048 
1.57714  3.58995  2.67199  1.57714  3.58995  2.67199  |||| 7.8926 |||| 7.8926 
0.554874  1.13279  6.32148  0.554874  1.13279  6.32148  |||| 6.8792 |||| 6.8792 
1.52754  3.76721  1.66237  1.52754  3.76721  1.66237  |||| 8.25987 |||| 8.25987 
1.61372  3.70112  2.26755  1.61372  3.70112  2.26755  |||| 10.9083 |||| 10.9083 
0.939224  3.08911  5.04576  0.939224  3.08911  5.04576  |||| 9.21954 |||| 9.21954 
0.708164  1.65768  6.21615  0.708164  1.65768  6.21615  |||| 18.4593 |||| 18.4593 
2.09577  0.945435  4.38713  2.09577  0.945435  4.38713  |||| 85.1478 |||| 85.1478 
1.5428  2.22936  4.84772  1.5428  2.22936  4.84772  |||| 11.0987 |||| 11.0987 
1.80917  2.85092  2.83598  1.80917  2.85092  2.83598  |||| 15.0445 |||| 15.0445 
2.10544  1.60058  4.17502  2.10544  1.60058  4.17502  |||| 19.9389 |||| 19.9389 
1.39332  1.73604  5.93276  1.39332  1.73604  5.93276  |||| 29.9358 |||| 29.9358 
1.92976  1.30608  4.95573  1.92976  1.30608  4.95573  |||| 20.6271 |||| 20.6271 
1.96428  2.15692  3.35684  1.96428  2.15692  3.35684  |||| 23.0491 |||| 23.0491 
1.22689  1.29741  6.16439  1.22689  1.29741  6.16439  |||| 12.0707 |||| 12.0707 
1.89723  2.48754  3.81395  1.89723  2.48754  3.81395  |||| 26.7239 |||| 26.7239 
1.26052  1.7175  5.64157  1.26052  1.7175  5.64157  |||| 15.7445 |||| 15.7445 
2.10712  2.20133  2.38371  2.10712  2.20133  2.38371  |||| 39.3596 |||| 39.3596 
1.72127  2.43242  4.15513  1.72127  2.43242  4.15513  |||| 34.219 |||| 34.219 
1.40996  2.7363  4.631  1.40996  2.7363  4.631  |||| 29.7276 |||| 29.7276 
2.35311  1.42386  3.00413  2.35311  1.42386  3.00413  |||| 76.614 |||| 76.614 
0.902578  3.89796  3.41541  0.902578  3.89796  3.41541  |||| 19.0973 |||| 19.0973 
1.9235  2.67862  3.25061  1.9235  2.67862  3.25061  |||| 105.517 |||| 105.517 
1.58576  1.17256  5.30937  1.58576  1.17256  5.30937  |||| 169.137 |||| 169.137 
0.784294  3.27523  4.78921  0.784294  3.27523  4.78921  |||| 88.9 |||| 88.9 
