6.54249  4.60343  2.69876  6.54249  4.60343  2.69876  |||| 32820.5 |||| 32820.5 
7.86627  3.58696  6.19211  7.86627  3.58696  6.19211  |||| 62138.2 |||| 62138.2 
2.45759  10.0972  5.40481  2.45759  10.0972  5.40481  |||| 87757.9 |||| 87757.9 
2.34451  2.75743  4.58579  2.34451  2.75743  4.58579  |||| 70.0615 |||| 70.0615 
7.96128  2.83434  4.56008  7.96128  2.83434  4.56008  |||| 80.0731 |||| 80.0731 
9.30448  4.62614  7.14353  9.30448  4.62614  7.14353  |||| 82.3408 |||| 82.3408 
3.23492  5.47663  3.376  3.23492  5.47663  3.376  |||| 54.9721 |||| 54.9721 
3.43514  3.05216  3.37001  3.43514  3.05216  3.37001  |||| 21.4284 |||| 21.4284 
2.74665  4.16686  7.46348  2.74665  4.16686  7.46348  |||| 60.3926 |||| 60.3926 
1.91697  2.67356  3.33249  1.91697  2.67356  3.33249  |||| 41.7882 |||| 41.7882 
2.58979  2.00231  3.06509  2.58979  2.00231  3.06509  |||| 57.216 |||| 57.216 
8.17137  2.96066  4.60577  8.17137  2.96066  4.60577  |||| 15.2243 |||| 15.2243 
1.808  1.74534  5.56601  1.808  1.74534  5.56601  |||| 35.7401 |||| 35.7401 
3.91643  3.15023  4.86267  3.91643  3.15023  4.86267  |||| 29.6462 |||| 29.6462 
3.93903  4.21131  3.17087  3.93903  4.21131  3.17087  |||| 17.0406 |||| 17.0406 
5.46512  6.22468  7.1831  5.46512  6.22468  7.1831  |||| 43.7088 |||| 43.7088 
5.28972  3.70773  7.23354  5.28972  3.70773  7.23354  |||| 31.632 |||| 31.632 
3.63978  3.97526  4.01413  3.63978  3.97526  4.01413  |||| 109.825 |||| 109.825 
4.94416  3.54166  7.03804  4.94416  3.54166  7.03804  |||| 397.643 |||| 397.643 
3.79434  3.49247  4.1113  3.79434  3.49247  4.1113  |||| 11.23 |||| 11.23 
8.29601  7.77191  5.88141  8.29601  7.77191  5.88141  |||| 31.899 |||| 31.899 
4.64572  4.35738  5.39689  4.64572  4.35738  5.39689  |||| 31.78 |||| 31.78 
3.43277  1.73954  3.02006  3.43277  1.73954  3.02006  |||| 13.5509 |||| 13.5509 
5.76164  3.39305  4.30227  5.76164  3.39305  4.30227  |||| 13.1095 |||| 13.1095 
6.00668  7.58039  7.35001  6.00668  7.58039  7.35001  |||| 27.6025 |||| 27.6025 
3.32061  2.88097  4.92849  3.32061  2.88097  4.92849  |||| 34.5408 |||| 34.5408 
2.31836  2.35358  6.22883  2.31836  2.35358  6.22883  |||| 90.1106 |||| 90.1106 
2.24067  6.03818  2.93144  2.24067  6.03818  2.93144  |||| 23.1024 |||| 23.1024 
4.6567  5.88888  5.36634  4.6567  5.88888  5.36634  |||| 18.6986 |||| 18.6986 
6.72221  10.7525  7.87992  6.72221  10.7525  7.87992  |||| 115.479 |||| 115.479 
4.03409  2.7293  5.36038  4.03409  2.7293  5.36038  |||| 28.2437 |||| 28.2437 
4.29073  2.67684  3.83572  4.29073  2.67684  3.83572  |||| 8.89111 |||| 8.89111 
3.05359  4.59729  3.80549  3.05359  4.59729  3.80549  |||| 11.1817 |||| 11.1817 
4.73063  5.0368  4.27693  4.73063  5.0368  4.27693  |||| 212.028 |||| 212.028 
5.72981  4.60382  6.88304  5.72981  4.60382  6.88304  |||| 540.461 |||| 540.461 
6.25739  3.9197  5.35266  6.25739  3.9197  5.35266  |||| 10.9961 |||| 10.9961 
4.48823  3.24116  6.16765  4.48823  3.24116  6.16765  |||| 26.2453 |||| 26.2453 
2.4505  5.5387  4.93878  2.4505  5.5387  4.93878  |||| 30.1718 |||| 30.1718 
2.07038  3.84816  2.68316  2.07038  3.84816  2.68316  |||| 7.19894 |||| 7.19894 
3.08686  3.7351  5.01878  3.08686  3.7351  5.01878  |||| 10.9491 |||| 10.9491 
7.47254  8.56213  4.04793  7.47254  8.56213  4.04793  |||| 19.1104 |||| 19.1104 
4.13782  2.82224  2.65059  4.13782  2.82224  2.65059  |||| 21.7809 |||| 21.7809 
3.37713  4.55952  2.10994  3.37713  4.55952  2.10994  |||| 5.5044 |||| 5.5044 
3.24525  5.07845  4.72233  3.24525  5.07845  4.72233  |||| 13.7823 |||| 13.7823 
4.96403  3.58995  5.6888  4.96403  3.58995  5.6888  |||| 16.8577 |||| 16.8577 
8.12245  10.2594  5.50695  8.12245  10.2594  5.50695  |||| 78.5636 |||| 78.5636 
4.55586  4.36985  5.08136  4.55586  4.36985  5.08136  |||| 22.1327 |||| 22.1327 
4.5855  2.72218  3.08803  4.5855  2.72218  3.08803  |||| 9.08967 |||| 9.08967 
5.28493  1.32138  5.44811  5.28493  1.32138  5.44811  |||| 11.5276 |||| 11.5276 
2.49565  3.77487  4.20221  2.49565  3.77487  4.20221  |||| 75.5966 |||| 75.5966 
5.04152  2.95656  5.69014  5.04152  2.95656  5.69014  |||| 110.341 |||| 110.341 
5.13235  3.75093  4.43961  5.13235  3.75093  4.43961  |||| 11.8812 |||| 11.8812 
3.16815  2.11014  4.64085  3.16815  2.11014  4.64085  |||| 12.1189 |||| 12.1189 
6.00214  3.37341  3.67486  6.00214  3.37341  3.67486  |||| 15.6205 |||| 15.6205 
2.12675  2.72401  2.98027  2.12675  2.72401  2.98027  |||| 7.26258 |||| 7.26258 
4.87199  3.39325  5.00683  4.87199  3.39325  5.00683  |||| 12.1809 |||| 12.1809 
4.11733  5.72107  5.19619  4.11733  5.72107  5.19619  |||| 10.2473 |||| 10.2473 
2.98269  3.6714  3.54051  2.98269  3.6714  3.54051  |||| 40.13 |||| 40.13 
4.10973  2.3355  2.99407  4.10973  2.3355  2.99407  |||| 11.1605 |||| 11.1605 
7.01947  3.96825  6.84755  7.01947  3.96825  6.84755  |||| 22.6648 |||| 22.6648 
1.72366  2.59158  3.5241  1.72366  2.59158  3.5241  |||| 5.25268 |||| 5.25268 
5.84654  6.17432  6.16951  5.84654  6.17432  6.16951  |||| 44.4376 |||| 44.4376 
3.5437  3.11423  3.8257  3.5437  3.11423  3.8257  |||| 9.56066 |||| 9.56066 
4.81989  1.41016  3.49361  4.81989  1.41016  3.49361  |||| 15.0654 |||| 15.0654 
5.28876  8.01933  7.29176  5.28876  8.01933  7.29176  |||| 17.8473 |||| 17.8473 
5.96653  5.06923  5.304  5.96653  5.06923  5.304  |||| 298.819 |||| 298.819 
2.89131  3.17312  5.28498  2.89131  3.17312  5.28498  |||| 508.497 |||| 508.497 
3.42908  5.3139  4.99123  3.42908  5.3139  4.99123  |||| 9.94769 |||| 9.94769 
3.46933  1.93134  5.25845  3.46933  1.93134  5.25845  |||| 15.0467 |||| 15.0467 
1.65245  1.49818  2.13397  1.65245  1.49818  2.13397  |||| 0.881645 |||| 0.881645 
4.5697  4.37208  2.07073  4.5697  4.37208  2.07073  |||| 17.5942 |||| 17.5942 
1.9388  2.46752  3.65214  1.9388  2.46752  3.65214  |||| 3.71442 |||| 3.71442 
8.46944  4.49848  6.96563  8.46944  4.49848  6.96563  |||| 44.3988 |||| 44.3988 
3.39687  2.64038  3.08475  3.39687  2.64038  3.08475  |||| 13.2025 |||| 13.2025 
6.50361  4.17768  5.90893  6.50361  4.17768  5.90893  |||| 63.5812 |||| 63.5812 
5.22242  3.81501  3.72258  5.22242  3.81501  3.72258  |||| 26.3537 |||| 26.3537 
2.955  2.98779  3.64912  2.955  2.98779  3.64912  |||| 10.0566 |||| 10.0566 
8.31307  4.67139  2.12421  8.31307  4.67139  2.12421  |||| 53.8798 |||| 53.8798 
4.59254  4.30509  5.06375  4.59254  4.30509  5.06375  |||| 24.9673 |||| 24.9673 
5.62021  4.50399  4.42574  5.62021  4.50399  4.42574  |||| 35.4471 |||| 35.4471 
5.81449  5.86965  5.22674  5.81449  5.86965  5.22674  |||| 39.2095 |||| 39.2095 
4.06759  4.04275  2.85948  4.06759  4.04275  2.85948  |||| 55.316 |||| 55.316 
5.67925  5.68743  5.37876  5.67925  5.68743  5.37876  |||| 93.5432 |||| 93.5432 
9.48735  9.23506  5.19453  9.48735  9.23506  5.19453  |||| 88.0195 |||| 88.0195 
6.09514  5.26929  4.91068  6.09514  5.26929  4.91068  |||| 53.2874 |||| 53.2874 
6.74891  5.39914  7.43187  6.74891  5.39914  7.43187  |||| 65.5359 |||| 65.5359 
5.3848  4.7438  3.96662  5.3848  4.7438  3.96662  |||| 51.6993 |||| 51.6993 
7.5987  3.94275  6.18695  7.5987  3.94275  6.18695  |||| 89.2102 |||| 89.2102 
2.19413  3.63134  3.87555  2.19413  3.63134  3.87555  |||| 8.85854 |||| 8.85854 
6.10039  4.00606  4.66086  6.10039  4.00606  4.66086  |||| 79.8934 |||| 79.8934 
2.51175  2.25283  5.29322  2.51175  2.25283  5.29322  |||| 33.4071 |||| 33.4071 
5.98664  9.13766  8.3306  5.98664  9.13766  8.3306  |||| 96.7049 |||| 96.7049 
3.55829  2.79197  3.99632  3.55829  2.79197  3.99632  |||| 48.3257 |||| 48.3257 
4.71306  4.44344  7.93392  4.71306  4.44344  7.93392  |||| 89.7907 |||| 89.7907 
5.15788  5.9542  2.30332  5.15788  5.9542  2.30332  |||| 121.868 |||| 121.868 
3.024  7.51114  9.994  3.024  7.51114  9.994  |||| 58.4353 |||| 58.4353 
4.43872  1.76195  2.9723  4.43872  1.76195  2.9723  |||| 153.033 |||| 153.033 
4.73838  10.8436  7.13455  4.73838  10.8436  7.13455  |||| 411.621 |||| 411.621 
5.68155  2.14831  2.53543  5.68155  2.14831  2.53543  |||| 519.075 |||| 519.075 
4.26429  2.24222  3.31773  4.26429  2.24222  3.31773  |||| 1012.09 |||| 1012.09 
1.00444  0.00287728  0.00122912  0.555853  1.40273  0.42038  |||| 26.4892 |||| 14025.1 
0.00224732  2.6464  0.00224502  0.84383  0.622531  0.0134393  |||| 22.3658 |||| 8437.93 
0.000601153  0.000614651  1.19642  0.608544  0.876002  0.136561  |||| 5.64647 |||| 8757.73 
0.999282  0.0283923  0.0380069  1.89049  0.899198  2.08638  |||| 1.07654 |||| 58.1197 
0.995525  0.105419  0.00103475  0.700946  0.738783  1.2614  |||| 1.13686 |||| 40.5743 
0.989927  0.0406205  0.141853  1.86928  1.64699  3.42944  |||| 1.1792 |||| 41.0304 
0.981301  0.201223  0.00490341  0.856529  0.768746  0.0557409  |||| 1.21137 |||| 4.62378 
0.98562  0.0966358  0.169031  0.628993  1.12262  0.761228  |||| 1.25614 |||| 13.8961 
0.982442  0.192169  0.0685461  0.494364  1.09127  0.80822  |||| 1.28971 |||| 9.05104 
0.956433  0.037734  0.292005  0.739177  2.17851  0.102768  |||| 1.29045 |||| 67.3183 
0.944247  0.340691  0.0112402  0.256384  0.0556609  1.09865  |||| 1.30789 |||| 63.2164 
0.973188  0.0396737  0.230113  0.889481  1.76117  0.634611  |||| 1.38236 |||| 13.597 
0.956002  0.29825  0.0868982  1.69642  1.85852  1.66716  |||| 1.39141 |||| 17.0471 
0.929037  0.0502581  0.370011  0.443941  0.336971  1.29803  |||| 1.38452 |||| 5.45868 
0.920955  0.392831  0.0795715  6.59874  6.15459  4.89499  |||| 1.40453 |||| 75.8206 
0.933243  0.070958  0.359296  1.38993  0.711124  0.924035  |||| 1.45581 |||| 6.33704 
0.94929  0.317232  0.0178902  0.656427  0.385381  1.04065  |||| 1.51411 |||| 6.37592 
0.861095  0.0263564  0.508462  2.71899  1.76167  2.06431  |||| 1.40382 |||| 72.8937 
0.843056  0.542228  0.0162999  3.19064  3.32329  2.61432  |||| 1.40443 |||| 209.281 
0.937  0.108168  0.349375  0.445012  0.231126  1.19331  |||| 1.59466 |||| 5.44622 
0.88443  0.469543  0.0571906  2.71539  1.95885  2.03718  |||| 1.53741 |||| 17.0531 
0.855363  0.0866116  0.518071  2.15448  2.63087  2.77989  |||| 1.51847 |||| 27.5368 
0.82568  0.565866  0.0304548  0.396178  1.11799  0.0522983  |||| 1.49672 |||| 2.95462 
0.873129  0.134238  0.487522  1.12976  0.364051  0.765201  |||| 1.61599 |||| 2.53635 
0.885302  0.467949  0.0899153  1.95864  1.4216  0.3407  |||| 1.6732 |||| 5.08474 
0.765015  0.0210781  0.644059  3.07984  2.58015  1.31  |||| 1.47571 |||| 57.1386 
0.752466  0.661018  0.0585264  2.79997  2.13014  2.32946  |||| 1.48177 |||| 50.4818 
0.85757  0.0726025  0.514422  1.27495  0.377462  0.901447  |||| 1.72393 |||| 3.0209 
0.823856  0.568355  0.0999353  2.22551  1.94513  1.08929  |||| 1.69067 |||| 6.18037 
0.734533  0.0777775  0.678596  3.74131  4.0222  3.4757  |||| 1.5388 |||| 49.2473 
0.748382  0.665078  0.0689612  3.28051  3.32842  3.05144  |||| 1.60057 |||| 26.1984 
0.761682  0.027215  0.647966  1.15535  0.485996  1.11383  |||| 1.66315 |||| 3.18639 
0.838576  0.547476  0.0623552  0.976858  0.289399  0.126604  |||| 1.86954 |||| 2.17785 
0.629005  0.0252367  0.77755  2.22614  1.87883  1.16048  |||| 1.43189 |||| 107.206 
0.604795  0.800989  0.00938374  1.7639  1.97898  1.24526  |||| 1.42749 |||| 139.852 
0.815937  0.10329  0.578186  0.0846226  1.96987  1.49632  |||| 1.93725 |||| 7.02505 
0.691334  0.724099  0.105077  1.86508  1.46241  1.14573  |||| 1.67728 |||| 7.33962 
0.662336  0.108317  0.749227  1.85871  2.14449  1.6715  |||| 1.6409 |||| 15.3406 
0.605926  0.797064  0.0285754  0.365037  1.03341  0.097483  |||| 1.53375 |||| 1.9873 
0.662837  0.378404  0.677354  2.12344  1.77697  1.24436  |||| 1.72364 |||| 8.05964 
0.706925  0.708591  0.106849  1.40367  1.51176  2.22535  |||| 1.86957 |||| 9.16235 
0.550551  0.0533305  0.834843  4.43978  2.52514  3.64835  |||| 1.4879 |||| 36.6423 
0.522995  0.853654  0.0702393  1.24586  1.34398  2.64678  |||| 1.45071 |||| 53.0901 
0.640361  0.491448  0.67165  2.0463  2.68581  1.43607  |||| 1.80966 |||| 9.85172 
0.618792  0.786823  0.202786  5.93214  5.49345  5.85696  |||| 1.78988 |||| 27.2894 
0.524975  0.0636702  0.851145  0.852219  0.328272  1.52538  |||| 1.55273 |||| 2.88344 
0.526985  0.851498  0.091005  1  0.255815  0.522966  |||| 1.59521 |||| 3.84454 
0.560972  0.1452  0.827867  0.962849  0.531244  1.06209  |||| 1.73836 |||| 2.9838 
0.643876  0.765883  0.219767  3.98194  3.57164  2.3478  |||| 2.04421 |||| 12.6365 
0.422536  0.0208892  0.906435  1.01741  0.921084  1.71054  |||| 1.37354 |||| 28.3733 
0.407302  0.914321  0.0326708  0.769858  1.16594  0.361513  |||| 1.3705 |||| 11.0208 
0.528531  0.577939  0.700149  2.60483  2.48026  1.03521  |||| 1.81056 |||| 8.89333 
0.494569  0.87044  0.0740939  1.63431  1.95076  0.90582  |||| 1.73251 |||| 5.72143 
0.435905  0.0981143  0.900006  2.43973  1.73539  1.61248  |||| 1.56528 |||| 11.839 
0.409885  0.91297  0.0530263  9.89137  9.21816  7.87232  |||| 1.51263 |||| 62.8598 
0.471588  0.0585301  0.881839  0.605796  0.278537  1.10519  |||| 1.78407 |||| 2.29183 
0.514586  0.858349  0.169579  1.18392  0.867407  0.461836  |||| 1.99951 |||| 4.6005 
0.340759  0.0724638  0.940166  1.30079  1.58671  1.29354  |||| 1.36056 |||| 27.0914 
0.340246  0.941167  0.0530975  6.14362  6.50139  6.11811  |||| 1.39671 |||| 73.95 
0.45376  0.0307928  0.891129  1.45008  1.45729  2.51061  |||| 1.91608 |||| 6.12349 
0.422691  0.907229  0.11411  0.639119  1.15598  0.315419  |||| 1.83889 |||| 2.7777 
0.31746  0.117102  0.94828  0.672742  0.334574  1.00892  |||| 1.42088 |||| 3.06155 
0.340246  0.941167  0.0530975  1.26032  0.485474  0.0620283  |||| 1.56923 |||| 5.81312 
0.340771  0.165315  0.940165  2.18484  2.1356  1.28268  |||| 1.62103 |||| 10.3916 
0.285665  0.734302  0.694706  1.62602  1.23273  2.58489  |||| 1.8012 |||| 7.98046 
0.241792  0.0147608  0.970345  1.13235  0.547678  0.583511  |||| 1.22803 |||| 43.6486 
0.192808  0.988591  0.00759233  5.22361  4.72982  4.99102  |||| 1.23118 |||| 789.582 
0.281227  0.685354  0.712041  3.43724  2.57542  2.91531  |||| 1.7195 |||| 18.6242 
0.280465  0.96037  0.192972  4.00893  5.50285  4.87625  |||| 1.5743 |||| 23.0169 
0.26435  0.0798133  0.964436  1.64753  1.27357  1.23739  |||| 1.53703 |||| 9.5779 
0.223238  0.975321  0.0956545  0.804607  1.6338  0.503579  |||| 1.34793 |||| 4.85242 
0.287569  0.0496738  0.957767  0.36035  0.135106  1.06251  |||| 1.80103 |||| 2.25687 
0.28186  0.960326  0.168349  3.63777  6.84514  2.23621  |||| 1.83777 |||| 23.6924 
0.192271  0.0186493  0.98135  1.31002  0.262473  0.204754  |||| 1.3039 |||| 8.88293 
0.172766  0.985504  0.0249369  0.423103  0.942266  0.104822  |||| 1.23439 |||| 2.99099 
0.162138  0.67433  0.867975  5.66951  9.64927  8.94349  |||| 1.81464 |||| 41.8523 
0.213223  0.977616  0.159445  0.358816  0.953582  0.0284262  |||| 1.65196 |||| 2.77002 
0.169506  0.0931595  0.985547  1.24906  1.10445  1.85212  |||| 1.37089 |||| 10.1037 
0.16307  0.987431  0.0908065  3.47115  3.91009  2.09745  |||| 1.39057 |||| 29.4767 
0.178378  0.113837  0.983972  1.89308  1.59283  1.22687  |||| 1.59351 |||| 16.912 
0.177435  0.817935  0.692669  6.15331  8.62586  2.08345  |||| 1.74016 |||| 57.9683 
0.11728  0.0452664  0.993104  2.77523  3.69223  2.71472  |||| 1.1678 |||| 75.0456 
0.105948  0.995232  0.0355649  0.151494  1.03945  0.0737458  |||| 1.14375 |||| 2.08511 
0.140784  0.686811  0.791342  10.0899  5.38107  8.25731  |||| 1.63508 |||| 113.353 
0.126468  0.992667  0.0542869  0.748464  0.847972  0.16227  |||| 1.52293 |||| 8.97692 
0.106286  0.106878  0.99434  1.07178  0.858694  1.71744  |||| 1.3664 |||| 13.7817 
0.0927391  0.996302  0.108916  15.0372  15.1857  13.5066  |||| 1.28428 |||| 208.29 
0.106949  0.0996484  0.99427  0.574543  1.43148  0.50849  |||| 1.60416 |||| 8.61919 
0.107403  0.791669  0.699287  1.66258  0.053308  2.39695  |||| 1.79882 |||| 27.1889 
0.0642645  0.0753731  0.997938  3.95519  4.86346  4.70592  |||| 1.15612 |||| 71.0419 
0.0562841  0.998806  0.0742655  1.09709  1.95689  1.07027  |||| 1.17024 |||| 21.8403 
0.0777273  0.0569717  0.996976  1.41935  1.24009  0.669339  |||| 1.73506 |||| 31.6677 
0.0627424  0.998391  0.111724  5.25719  5.99619  5.04783  |||| 1.60253 |||| 133.303 
0.0414112  0.11593  0.999145  0.227168  0.0533137  0.973907  |||| 1.2147 |||| 6.66348 
0.0375103  0.99967  0.112522  8.14275  4.79006  5.66544  |||| 1.33048 |||| 283.085 
0.0330848  0.108611  0.999455  0.981411  0.197884  0.0785278  |||| 1.40864 |||| 41.8117 
0.032437  0.999694  0.211849  7.04908  6.56041  8.00007  |||| 1.94484 |||| 387.161 
0.0131881  0.0153866  0.99992  0.340312  0.223512  1.1968  |||| 1.03736 |||| 26.2342 
0.00446138  1.00059  0.0223458  5.65152  4.59242  4.37009  |||| 1.03238 |||| 728.089 
0.00473778  0.0621165  0.99999  1.04345  0.451015  0.0967145  |||| 1.91535 |||| 404.324 
