0.578456  0.672814  6.47074  0.578456  0.672814  6.47074  |||| 54851.1 |||| 54851.1 
1.82055  1.70534  4.37183  1.82055  1.70534  4.37183  |||| 33862 |||| 33862 
0.575594  0.588894  6.57542  0.575594  0.588894  6.57542  |||| 1860.71 |||| 1860.71 
1.05826  2.17236  5.5022  1.05826  2.17236  5.5022  |||| 125.817 |||| 125.817 
1.16333  2.67929  5.04167  1.16333  2.67929  5.04167  |||| 130.468 |||| 130.468 
0.52327  2.93863  5.2646  0.52327  2.93863  5.2646  |||| 63.0751 |||| 63.0751 
1.26818  3.97201  1.88414  1.26818  3.97201  1.88414  |||| 37.8412 |||| 37.8412 
0.561144  0.659972  6.49286  0.561144  0.659972  6.49286  |||| 40.9104 |||| 40.9104 
1.14278  1.44782  6.01386  1.14278  1.44782  6.01386  |||| 56.3104 |||| 56.3104 
2.11784  2.71617  3.14718  2.11784  2.71617  3.14718  |||| 71.3603 |||| 71.3603 
1.73142  3.23006  2.94319  1.73142  3.23006  2.94319  |||| 112.64 |||| 112.64 
1.39485  2.40739  4.78241  1.39485  2.40739  4.78241  |||| 22.8019 |||| 22.8019 
0.54259  0.699551  6.53345  0.54259  0.699551  6.53345  |||| 56.7279 |||| 56.7279 
0.606253  3.03383  5.32717  0.606253  3.03383  5.32717  |||| 42.58 |||| 42.58 
0.518225  0.53856  6.518  0.518225  0.53856  6.518  |||| 85.6934 |||| 85.6934 
0.473836  0.471172  6.46633  0.473836  0.471172  6.46633  |||| 22.2072 |||| 22.2072 
0.788356  1.4794  6.30145  0.788356  1.4794  6.30145  |||| 32.5694 |||| 32.5694 
0.533373  0.554174  6.53313  0.533373  0.554174  6.53313  |||| 15.3048 |||| 15.3048 
1.01128  2.09433  6.15725  1.01128  2.09433  6.15725  |||| 413.998 |||| 413.998 
1.1038  1.51981  5.91808  1.1038  1.51981  5.91808  |||| 22.5117 |||| 22.5117 
1.37419  3.22244  3.94496  1.37419  3.22244  3.94496  |||| 24.7723 |||| 24.7723 
1.32287  2.50812  4.96543  1.32287  2.50812  4.96543  |||| 21.9928 |||| 21.9928 
1.26583  2.26772  5.54567  1.26583  2.26772  5.54567  |||| 65.0905 |||| 65.0905 
1.05715  2.35581  5.27241  1.05715  2.35581  5.27241  |||| 14.2092 |||| 14.2092 
1.51515  3.24475  3.77527  1.51515  3.24475  3.77527  |||| 14.5855 |||| 14.5855 
1.47374  2.71397  3.83162  1.47374  2.71397  3.83162  |||| 51.0911 |||| 51.0911 
0.530209  3.81362  3.51983  0.530209  3.81362  3.51983  |||| 54.919 |||| 54.919 
1.89192  1.74283  4.25356  1.89192  1.74283  4.25356  |||| 10.9515 |||| 10.9515 
0.611202  2.39515  5.86465  0.611202  2.39515  5.86465  |||| 27.6825 |||| 27.6825 
0.553952  0.55406  6.55395  0.553952  0.55406  6.55395  |||| 12.6262 |||| 12.6262 
0.504399  1.04827  6.32182  0.504399  1.04827  6.32182  |||| 45.8145 |||| 45.8145 
0.833588  2.03661  5.96159  0.833588  2.03661  5.96159  |||| 12.7721 |||| 12.7721 
1.38508  2.73957  4.62354  1.38508  2.73957  4.62354  |||| 14.073 |||| 14.073 
0.586041  0.626595  6.57584  0.586041  0.626595  6.57584  |||| 12.5258 |||| 12.5258 
1.67434  3.24356  3.18406  1.67434  3.24356  3.18406  |||| 246.901 |||| 246.901 
1.51833  2.62958  4.23147  1.51833  2.62958  4.23147  |||| 10.8752 |||| 10.8752 
1.23476  1.74989  5.88541  1.23476  1.74989  5.88541  |||| 31.3885 |||| 31.3885 
1.21241  1.08597  6.1786  1.21241  1.08597  6.1786  |||| 11.373 |||| 11.373 
0.9341  1.29052  6.32818  0.9341  1.29052  6.32818  |||| 62.7998 |||| 62.7998 
1.21472  0.687723  6.18511  1.21472  0.687723  6.18511  |||| 13.2311 |||| 13.2311 
1.07261  2.37478  5.60684  1.07261  2.37478  5.60684  |||| 19.0268 |||| 19.0268 
1.99213  1.17194  4.33484  1.99213  1.17194  4.33484  |||| 11.0996 |||| 11.0996 
1.3488  1.14301  5.77154  1.3488  1.14301  5.77154  |||| 95.998 |||| 95.998 
0.556144  0.698358  6.39951  0.556144  0.698358  6.39951  |||| 14.4926 |||| 14.4926 
0.502713  0.544994  6.50231  0.502713  0.544994  6.50231  |||| 25.7039 |||| 25.7039 
0.520975  0.550413  6.52045  0.520975  0.550413  6.52045  |||| 10.0972 |||| 10.0972 
1.56598  2.80781  4.35422  1.56598  2.80781  4.35422  |||| 24.7644 |||| 24.7644 
0.662919  2.94399  5.26101  0.662919  2.94399  5.26101  |||| 12.6164 |||| 12.6164 
0.885914  1.38767  6.15642  0.885914  1.38767  6.15642  |||| 16.6617 |||| 16.6617 
1.93984  2.75852  2.46996  1.93984  2.75852  2.46996  |||| 72.4517 |||| 72.4517 
1.0867  3.11336  4.66722  1.0867  3.11336  4.66722  |||| 112.236 |||| 112.236 
1.18015  1.61403  5.80931  1.18015  1.61403  5.80931  |||| 12.474 |||| 12.474 
1.48103  3.18902  3.67007  1.48103  3.18902  3.67007  |||| 12.658 |||| 12.658 
0.592496  0.7931  6.54572  0.592496  0.7931  6.54572  |||| 9.67013 |||| 9.67013 
1.1699  1.02163  5.95973  1.1699  1.02163  5.95973  |||| 39.7179 |||| 39.7179 
0.899445  0.888476  6.46453  0.899445  0.888476  6.46453  |||| 11.0844 |||| 11.0844 
1.4904  2.28642  4.75112  1.4904  2.28642  4.75112  |||| 12.0184 |||| 12.0184 
0.824148  2.26223  5.83444  0.824148  2.26223  5.83444  |||| 31.6789 |||| 31.6789 
0.583988  2.85972  5.38723  0.583988  2.85972  5.38723  |||| 53.2025 |||| 53.2025 
1.75266  2.44564  4.37253  1.75266  2.44564  4.37253  |||| 7.28248 |||| 7.28248 
1.40535  2.64985  4.68826  1.40535  2.64985  4.68826  |||| 13.3818 |||| 13.3818 
0.613982  0.76901  6.60947  0.613982  0.76901  6.60947  |||| 8.42673 |||| 8.42673 
0.863394  1.76147  6.03087  0.863394  1.76147  6.03087  |||| 27.4852 |||| 27.4852 
0.57816  0.584574  6.56769  0.57816  0.584574  6.56769  |||| 9.62464 |||| 9.62464 
1.67122  2.63227  4.18297  1.67122  2.63227  4.18297  |||| 8.29 |||| 8.29 
1.37337  3.02307  4.10799  1.37337  3.02307  4.10799  |||| 208.573 |||| 208.573 
0.578154  1.59201  6.31808  0.578154  1.59201  6.31808  |||| 843.598 |||| 843.598 
0.464345  3.11533  4.95504  0.464345  3.11533  4.95504  |||| 9.58581 |||| 9.58581 
0.50825  0.536766  6.50507  0.50825  0.536766  6.50507  |||| 26.0529 |||| 26.0529 
0.672128  1.45987  6.35213  0.672128  1.45987  6.35213  |||| 8.55272 |||| 8.55272 
0.763504  3.1731  4.98793  0.763504  3.1731  4.98793  |||| 36.1248 |||| 36.1248 
0.982492  2.40737  5.33019  0.982492  2.40737  5.33019  |||| 8.1698 |||| 8.1698 
1.41228  2.75104  4.33515  1.41228  2.75104  4.33515  |||| 10.3369 |||| 10.3369 
0.65152  1.70909  6.19151  0.65152  1.70909  6.19151  |||| 13.0322 |||| 13.0322 
0.620849  2.08447  6.12085  0.620849  2.08447  6.12085  |||| 85.0667 |||| 85.0667 
0.565442  1.0058  6.45406  0.565442  1.0058  6.45406  |||| 11.0909 |||| 11.0909 
1.99621  2.83463  0.985628  1.99621  2.83463  0.985628  |||| 12.4047 |||| 12.4047 
1.16772  0.901658  6.19005  1.16772  0.901658  6.19005  |||| 7.23938 |||| 7.23938 
0.543449  2.66515  5.62887  0.543449  2.66515  5.62887  |||| 26.9466 |||| 26.9466 
0.494825  2.41884  5.73591  0.494825  2.41884  5.73591  |||| 7.69297 |||| 7.69297 
0.555046  0.555234  6.55504  0.555046  0.555234  6.55504  |||| 13.992 |||| 13.992 
0.509323  0.523331  6.50909  0.509323  0.523331  6.50909  |||| 6.49512 |||| 6.49512 
1.10177  3.52452  4.03395  1.10177  3.52452  4.03395  |||| 86.1992 |||| 86.1992 
1.67164  2.62498  3.65608  1.67164  2.62498  3.65608  |||| 14.4037 |||| 14.4037 
1.90806  3.3669  1.99715  1.90806  3.3669  1.99715  |||| 18.214 |||| 18.214 
1.32869  2.10192  5.70769  1.32869  2.10192  5.70769  |||| 12.0768 |||| 12.0768 
0.688696  0.794545  6.47557  0.688696  0.794545  6.47557  |||| 36.0663 |||| 36.0663 
0.738419  1.00857  6.39546  0.738419  1.00857  6.39546  |||| 8.72836 |||| 8.72836 
0.902626  1.91275  6.001  0.902626  1.91275  6.001  |||| 12.9015 |||| 12.9015 
0.50545  0.644394  6.47273  0.50545  0.644394  6.47273  |||| 6.35689 |||| 6.35689 
0.660015  2.11185  5.91837  0.660015  2.11185  5.91837  |||| 51.1372 |||| 51.1372 
1.64078  2.58957  4.11288  1.64078  2.58957  4.11288  |||| 27.9182 |||| 27.9182 
1.11338  1.43168  5.92943  1.11338  1.43168  5.92943  |||| 18.3545 |||| 18.3545 
1.2829  1.19071  5.97288  1.2829  1.19071  5.97288  |||| 26.2093 |||| 26.2093 
0.477229  0.493619  6.47716  0.477229  0.493619  6.47716  |||| 24.9563 |||| 24.9563 
1.41871  3.22019  3.27035  1.41871  3.22019  3.27035  |||| 43.8485 |||| 43.8485 
1.53776  2.7499  4.68634  1.53776  2.7499  4.68634  |||| 63.0655 |||| 63.0655 
0.536599  0.550726  6.53594  0.536599  0.550726  6.53594  |||| 11.339 |||| 11.339 
1.60923  1.39346  5.31511  1.60923  1.39346  5.31511  |||| 186.17 |||| 186.17 
0.389523  0.407102  6.37678  0.389523  0.407102  6.37678  |||| 10.3262 |||| 10.3262 
2  9.01964e-06  5.38918e-05  1.66153  2.21529  0.527568  |||| 1.99999 |||| 22152.9 
0.000144363  4  4.84517e-05  1.19075  3.20671  0.321335  |||| 4 |||| 11907.4 
0.000282453  0.000584814  6  1.37882  2.85501  0.741871  |||| 6 |||| 28550.1 
1.99947  0.0766345  0.0764838  1.41076  2.33242  2.42313  |||| 2.15412 |||| 67.5004 
1.99704  0.212355  0.0704601  1.98991  0.399239  0.0699243  |||| 2.28064 |||| 4.28066 
1.99715  0.0954291  0.286383  1.94333  0.078152  1.4668  |||| 2.37908 |||| 12.1822 
1.98948  0.407884  0.0581942  1.98268  0.509224  0.36553  |||| 2.456 |||| 15.3943 
1.99411  0.205265  0.342119  1.77681  1.41685  1.75475  |||| 2.54151 |||| 17.5417 
1.98903  0.388445  0.232987  0.313565  0.92977  5.77181  |||| 2.61068 |||| 64.6376 
1.98925  0.0863266  0.607753  1.48142  2.60686  0.979223  |||| 2.68404 |||| 80.5634 
1.96814  0.710435  0.0472127  1.06049  3.42261  0.0546737  |||| 2.72619 |||| 13.1293 
1.98549  0.365195  0.469429  1.98549  0.365195  0.469429  |||| 2.82038 |||| 2.82038 
1.97378  0.617871  0.28094  1.74013  1.96393  0.263418  |||| 2.87282 |||| 9.12801 
1.98055  0.18171  0.788905  1.84201  0.169564  2.32955  |||| 2.95168 |||| 8.71445 
1.955  0.834026  0.191928  1.49336  2.65806  0.178748  |||| 2.98162 |||| 9.50119 
1.9763  0.345829  0.760837  1.97631  0.34583  0.760837  |||| 3.08305 |||| 3.08305 
1.96545  0.657157  0.511128  1.88334  0.63003  1.81097  |||| 3.13499 |||| 11.0956 
1.96195  0.0751964  1.15936  1.99936  0.0772042  0.170366  |||| 3.19864 |||| 3.25963 
1.90341  1.22782  0.0375349  1.88984  1.19511  0.809473  |||| 3.17097 |||| 64.7995 
1.95882  0.644247  0.730318  1.95915  0.644386  0.730473  |||| 3.33379 |||| 3.33436 
1.9288  1.02354  0.40045  1.62005  0.859652  3.27489  |||| 3.35297 |||| 27.4139 
1.95373  0.330918  1.18328  1.96716  0.333265  0.963269  |||| 3.46845 |||| 3.49229 
1.8904  1.29616  0.239909  1.64032  2.28367  0.228404  |||| 3.42688 |||| 6.03654 
1.94626  0.568885  1.08657  1.94254  0.567797  1.14613  |||| 3.60228 |||| 3.79903 
1.92075  1.01438  0.693804  0.777858  2.73855  3.7217  |||| 3.6295 |||| 19.4587 
1.92393  0.167492  1.61993  0.686349  3.7289  0.72162  |||| 3.71144 |||| 82.5854 
1.83053  1.6078  0.161756  1.52952  0.893817  3.63234  |||| 3.60486 |||| 78.7167 
1.92266  0.789154  1.15286  1.26575  3.06012  0.931724  |||| 3.8652 |||| 14.9882 
1.8784  1.29668  0.679351  1.22994  2.01476  3.64035  |||| 3.85489 |||| 20.6545 
1.90512  0.325499  1.75966  1.76812  0.30266  2.77446  |||| 3.99127 |||| 6.2911 
1.82218  1.6212  0.453896  1.48396  2.66006  0.680522  |||| 3.89731 |||| 6.39472 
1.89999  0.632047  1.61638  1.87879  0.861582  1.60082  |||| 4.14885 |||| 5.65153 
1.87029  1.22148  1.07753  1.49136  0.981002  3.73676  |||| 4.16984 |||| 14.4554 
1.84888  0.0562397  2.28639  1.75128  1.90476  0.522592  |||| 4.2091 |||| 108.7 
1.67531  2.18468  0.0336443  1.59023  2.07374  1.88808  |||| 3.89481 |||| 212.046 
1.85172  1.23264  1.3121  1.4066  1.72075  3.39575  |||| 4.39665 |||| 11.3774 
1.76106  1.84322  0.666217  1.20137  3.20209  0.379325  |||| 4.27101 |||| 7.41957 
1.8473  0.639673  2.08969  1.44327  2.56107  1.58123  |||| 4.57682 |||| 18.3226 
1.66776  2.19481  0.358343  1.65285  2.17492  0.940471  |||| 4.22176 |||| 11.0548 
1.82877  1.04276  1.85843  1.29963  2.54031  2.51195  |||| 4.73068 |||| 11.5233 
1.75641  1.75922  1.12769  0.239261  3.97101  0.0692255  |||| 4.64375 |||| 10.4806 
1.77883  0.330902  2.69729  1.17717  0.234564  4.83783  |||| 4.80772 |||| 8.62205 
1.55099  2.5214  0.213594  1.97465  0.616248  0.230851  |||| 4.28608 |||| 5.45686 
1.77329  1.36547  1.87184  1.88638  0.295844  1.94352  |||| 5.01157 |||| 5.33117 
1.66315  2.11248  1.03182  1.61464  2.2668  1.02355  |||| 4.80804 |||| 5.15806 
1.74057  0.585379  2.82182  1.48671  1.92199  2.79266  |||| 5.14846 |||| 16.8939 
1.54711  2.49927  0.635709  1.13057  2.78418  2.66021  |||| 4.68348 |||| 19.5566 
1.72829  1.07704  2.55088  1.49815  0.933618  3.72005  |||| 5.3563 |||| 7.81127 
1.65476  1.96649  1.62947  1.65879  1.87043  1.8343  |||| 5.2513 |||| 5.91059 
1.62539  0.170923  3.4867  1.90381  0.202567  1.83385  |||| 5.28365 |||| 6.24146 
1.33775  2.97192  0.145792  1.55844  2.37563  1.21854  |||| 4.45585 |||| 37.1481 
1.63705  1.79024  2.16086  1.59267  1.74221  2.52003  |||| 5.58923 |||| 6.51676 
1.4768  2.59686  1.09569  1.68565  1.57862  2.20381  |||| 5.17011 |||| 10.3916 
1.61011  0.847288  3.32461  1.55812  1.05663  3.41273  |||| 5.78217 |||| 7.20942 
1.33041  2.95847  0.613779  1.15497  2.5682  3.02614  |||| 4.9029 |||| 24.1635 
1.5826  1.44518  2.95958  0.925611  3.42283  1.42306  |||| 5.9876 |||| 14.1792 
1.46621  2.44637  1.78504  1.22503  2.97539  1.60457  |||| 5.69784 |||| 6.92997 
1.46662  0.34286  4.04684  0.666616  0.542333  5.60293  |||| 5.85641 |||| 9.26112 
1.1694  3.23422  0.397041  1.21387  0.665345  4.66314  |||| 4.8008 |||| 56.3637 
1.48061  1.86363  2.90784  1.43611  1.8631  3.11121  |||| 6.25256 |||| 6.68969 
1.31608  2.82136  1.58162  1.31113  2.82047  1.64887  |||| 5.72017 |||| 5.95921 
1.39645  0.682344  4.17154  1.50255  0.734046  3.80897  |||| 6.2506 |||| 6.7255 
1.15623  3.19794  0.978965  1.7231  1.93969  0.941842  |||| 5.33315 |||| 7.94785 
1.38213  1.37807  3.81267  0.58772  1.99492  4.89366  |||| 6.57385 |||| 9.50967 
1.28747  2.59448  2.43658  0.505085  3.78545  1.21021  |||| 6.31922 |||| 9.22 
1.19898  0.0524379  4.80178  1.76713  0.720316  2.59464  |||| 6.07697 |||| 57.4314 
0.858971  3.61225  0.0283802  1.83824  1.41065  1.05409  |||| 4.49969 |||| 166.758 
1.20792  2.62689  2.71029  1.24241  2.70139  2.39446  |||| 6.54512 |||| 6.73184 
0.989849  3.3866  1.17635  1.94999  0.153309  1.31342  |||| 5.55284 |||| 10.939 
1.19105  1.38918  4.3468  0.678862  3.07761  3.25259  |||| 6.92759 |||| 15.3475 
0.829921  3.62054  0.554418  0.865994  1.85851  4.64492  |||| 5.00527 |||| 41.925 
1.12398  2.17233  3.7436  0.887404  2.62145  3.67275  |||| 7.04016 |||| 8.49563 
0.954285  3.24896  2.01337  1.26615  0.6358  4.54562  |||| 6.219 |||| 14.0281 
0.998947  0.67628  5.09812  1.48798  2.66919  0.508759  |||| 6.7738 |||| 26.7172 
0.667338  3.76598  0.284731  0.655703  3.65606  1.49352  |||| 4.71817 |||| 24.7406 
0.9587  2.6292  3.4892  1.66093  1.39467  2.6068  |||| 7.07763 |||| 12.261 
0.770582  3.52155  1.65917  0.667345  3.61907  1.59745  |||| 5.95206 |||| 6.11688 
0.880048  1.12129  5.11866  1.57666  1.24272  3.18632  |||| 7.12048 |||| 12.754 
0.622284  3.7527  0.91031  1.40833  2.57829  1.80811  |||| 5.28602 |||| 11.9595 
0.827242  2.00068  4.56567  0.704539  1.34979  5.24363  |||| 7.394 |||| 8.49193 
0.706429  3.29959  2.64898  0.781982  3.6522  0.69622  |||| 6.655 |||| 7.36677 
0.665537  0.325819  5.63709  1.36288  1.49861  3.77254  |||| 6.62873 |||| 30.4615 
0.425088  3.90717  0.15874  1.6029  2.34232  0.742864  |||| 4.49128 |||| 21.0063 
0.634149  2.99185  3.49866  0.653281  3.00844  3.48648  |||| 7.12501 |||| 7.33906 
0.479529  3.74808  1.52396  0.485837  3.75073  1.52314  |||| 5.75157 |||| 5.82722 
0.569892  1.42697  5.33811  1.49616  2.56453  1.02862  |||| 7.33559 |||| 19.2391 
0.36287  3.90039  0.765187  0.602645  2.56321  4.24344  |||| 5.02895 |||| 27.8773 
0.496941  2.34227  4.63008  0.503521  2.37075  4.59225  |||| 7.47027 |||| 7.56108 
0.394353  3.5479  2.50566  0.42666  3.80341  1.3698  |||| 6.44944 |||| 6.97738 
0.375992  0.548504  5.8353  1.87322  1.3783  0.570769  |||| 6.76029 |||| 33.6463 
0.233159  3.9615  0.447739  0.612963  3.65612  1.59482  |||| 4.64252 |||| 16.5333 
0.326755  2.7814  4.19938  0.845275  2.55427  3.85897  |||| 7.30832 |||| 18.8597 
0.235161  3.73602  2.02556  0.211723  3.47786  2.90212  |||| 5.99813 |||| 8.59381 
0.238524  1.00454  5.76346  0.628328  2.64618  4.08556  |||| 7.00694 |||| 18.4559 
0.149798  3.91484  1.14659  1.43589  2.65908  1.27634  |||| 5.21151 |||| 49.9192 
0.171958  1.95918  5.20581  1.27575  2.85066  1.75163  |||| 7.3372 |||| 54.3531 
0.120474  3.41332  3.10765  1.88429  0.48926  1.877  |||| 6.6419 |||| 103.492 
0.0806125  0.143766  5.99124  1.59457  1.92367  2.19536  |||| 6.21565 |||| 122.935 
0.0312304  3.99901  0.0953885  1.78869  0.923358  2.29942  |||| 4.12702 |||| 230.438 
0.00443791  3.22729  3.54473  0.00575822  3.925  1.15957  |||| 6.78954 |||| 8.25736 
