6.95806  5.20695  5.64662  6.95806  5.20695  5.64662  |||| 55294.8 |||| 55294.8 
3.91572  4.75474  8.27301  3.91572  4.75474  8.27301  |||| 81558.6 |||| 81558.6 
1.20109  5.82147  8.21431  1.20109  5.82147  8.21431  |||| 55851.7 |||| 55851.7 
6.53967  3.30521  6.64027  6.53967  3.30521  6.64027  |||| 181.713 |||| 181.713 
2.1347  2.62329  9.36954  2.1347  2.62329  9.36954  |||| 297.615 |||| 297.615 
7.67378  6.85143  2.15265  7.67378  6.85143  2.15265  |||| 164.822 |||| 164.822 
6.10443  7.72503  3.30278  6.10443  7.72503  3.30278  |||| 134.165 |||| 134.165 
4.75018  6.87266  5.11926  4.75018  6.87266  5.11926  |||| 82.1634 |||| 82.1634 
9.0034  2.23034  4.6183  9.0034  2.23034  4.6183  |||| 50.4077 |||| 50.4077 
2.43477  0.328404  9.87201  2.43477  0.328404  9.87201  |||| 43.0667 |||| 43.0667 
1.8927  0.654679  9.80319  1.8927  0.654679  9.80319  |||| 557.342 |||| 557.342 
4.27012  5.98101  7.4205  4.27012  5.98101  7.4205  |||| 44.3573 |||| 44.3573 
9.87847  2.41391  0.272841  9.87847  2.41391  0.272841  |||| 14.3252 |||| 14.3252 
6.30052  6.12594  4.44351  6.30052  6.12594  4.44351  |||| 95.4726 |||| 95.4726 
3.76704  8.12379  5.03828  3.76704  8.12379  5.03828  |||| 76.2256 |||| 76.2256 
8.88058  4.38753  2.12165  8.88058  4.38753  2.12165  |||| 37.0048 |||| 37.0048 
3.07076  7.03935  6.72163  3.07076  7.03935  6.72163  |||| 40.4649 |||| 40.4649 
7.55391  3.47649  5.66432  7.55391  3.47649  5.66432  |||| 134.089 |||| 134.089 
0.752045  8.60871  4.62055  0.752045  8.60871  4.62055  |||| 360.506 |||| 360.506 
5.47741  6.19462  6.16769  5.47741  6.19462  6.16769  |||| 30.8196 |||| 30.8196 
3.229  6.62054  7.21753  3.229  6.62054  7.21753  |||| 59.4369 |||| 59.4369 
4.15034  3.18394  8.89299  4.15034  3.18394  8.89299  |||| 30.8551 |||| 30.8551 
8.76647  4.14159  3.4528  8.76647  4.14159  3.4528  |||| 47.6135 |||| 47.6135 
0.0363671  0.282855  9.64563  0.0363671  0.282855  9.64563  |||| 31.5837 |||| 31.5837 
1.46338  3.22006  9.51779  1.46338  3.22006  9.51779  |||| 49.1509 |||| 49.1509 
5.29377  8.51135  0.760562  5.29377  8.51135  0.760562  |||| 183.271 |||| 183.271 
6.48652  2.68317  6.60115  6.48652  2.68317  6.60115  |||| 140.516 |||| 140.516 
2.7825  7.29396  6.7449  2.7825  7.29396  6.7449  |||| 34.5677 |||| 34.5677 
4.83357  2.88254  8.20412  4.83357  2.88254  8.20412  |||| 45.8838 |||| 45.8838 
5.87525  8.02705  1.8956  5.87525  8.02705  1.8956  |||| 95.3942 |||| 95.3942 
3.53121  1.55561  9.4365  3.53121  1.55561  9.4365  |||| 80.0123 |||| 80.0123 
7.36738  5.77853  2.78723  7.36738  5.77853  2.78723  |||| 36.3542 |||| 36.3542 
0.768915  1.669  9.69579  0.768915  1.669  9.69579  |||| 37.0543 |||| 37.0543 
8.72364  5.28122  0.628624  8.72364  5.28122  0.628624  |||| 287.899 |||| 287.899 
7.67596  6.12918  3.57303  7.67596  6.12918  3.57303  |||| 388.123 |||| 388.123 
5.78883  1.05097  7.95446  5.78883  1.05097  7.95446  |||| 26.2589 |||| 26.2589 
5.51625  2.88141  7.83937  5.51625  2.88141  7.83937  |||| 49.4694 |||| 49.4694 
0.945825  4.31724  8.92269  0.945825  4.31724  8.92269  |||| 29.1961 |||| 29.1961 
5.80588  7.91945  3.01259  5.80588  7.91945  3.01259  |||| 34.035 |||| 34.035 
0.310457  4.02517  9.46874  0.310457  4.02517  9.46874  |||| 23.7969 |||| 23.7969 
7.93598  6.95477  1.07003  7.93598  6.95477  1.07003  |||| 20.8857 |||| 20.8857 
3.39138  1.09906  9.5544  3.39138  1.09906  9.5544  |||| 16.8192 |||| 16.8192 
1.78232  9.42814  3.77029  1.78232  9.42814  3.77029  |||| 73.2766 |||| 73.2766 
6.27346  2.73625  6.65738  6.27346  2.73625  6.65738  |||| 17.627 |||| 17.627 
0.431995  1.17111  10.1017  0.431995  1.17111  10.1017  |||| 46.5214 |||| 46.5214 
8.5262  3.58162  3.41354  8.5262  3.58162  3.41354  |||| 29.4048 |||| 29.4048 
1.43193  6.58313  6.62107  1.43193  6.58313  6.62107  |||| 47.8139 |||| 47.8139 
4.0454  1.73297  9.35439  4.0454  1.73297  9.35439  |||| 19.3962 |||| 19.3962 
9.26198  3.50405  1.34634  9.26198  3.50405  1.34634  |||| 29.2772 |||| 29.2772 
9.37692  2.31697  1.823  9.37692  2.31697  1.823  |||| 64.1094 |||| 64.1094 
1.45035  3.98508  9.25926  1.45035  3.98508  9.25926  |||| 278.705 |||| 278.705 
2.00583  8.70411  4.56322  2.00583  8.70411  4.56322  |||| 26.4282 |||| 26.4282 
5.45098  7.30826  4.84807  5.45098  7.30826  4.84807  |||| 22.3078 |||| 22.3078 
1.99144  9.6732  2.51587  1.99144  9.6732  2.51587  |||| 64.388 |||| 64.388 
1.7568  7.29628  7.12396  1.7568  7.29628  7.12396  |||| 55.9489 |||| 55.9489 
0.452663  0.548538  9.65956  0.452663  0.548538  9.65956  |||| 19.3053 |||| 19.3053 
2.19388  5.63012  8.23176  2.19388  5.63012  8.23176  |||| 25.8996 |||| 25.8996 
4.43144  0.580575  9.2247  4.43144  0.580575  9.2247  |||| 17.5501 |||| 17.5501 
2.26221  5.44334  8.57075  2.26221  5.44334  8.57075  |||| 102.179 |||| 102.179 
4.7168  5.41549  7.55615  4.7168  5.41549  7.55615  |||| 19.7653 |||| 19.7653 
9.32086  3.63727  1.48361  9.32086  3.63727  1.48361  |||| 40.354 |||| 40.354 
3.90026  0.790043  9.63654  3.90026  0.790043  9.63654  |||| 17.2951 |||| 17.2951 
6.22578  7.75856  0.891868  6.22578  7.75856  0.891868  |||| 28.549 |||| 28.549 
0.18734  0.868706  10.2594  0.18734  0.868706  10.2594  |||| 17.4874 |||| 17.4874 
3.15516  1.59704  9.50195  3.15516  1.59704  9.50195  |||| 24.3328 |||| 24.3328 
7.39556  3.02861  6.39315  7.39556  3.02861  6.39315  |||| 222.633 |||| 222.633 
3.69246  0.794166  9.51358  3.69246  0.794166  9.51358  |||| 1486.52 |||| 1486.52 
2.13181  7.13036  6.86763  2.13181  7.13036  6.86763  |||| 17.1771 |||| 17.1771 
2.53144  0.364546  9.35893  2.53144  0.364546  9.35893  |||| 43.6232 |||| 43.6232 
4.45486  7.40021  5.31399  4.45486  7.40021  5.31399  |||| 35.7251 |||| 35.7251 
1.71786  3.88491  9.63505  1.71786  3.88491  9.63505  |||| 85.9087 |||| 85.9087 
4.57818  8.84615  0.434283  4.57818  8.84615  0.434283  |||| 28.4482 |||| 28.4482 
1.62138  4.34026  9.1918  1.62138  4.34026  9.1918  |||| 28.0051 |||| 28.0051 
6.73133  4.03854  5.95809  6.73133  4.03854  5.95809  |||| 45.3982 |||| 45.3982 
4.78207  5.60941  6.52612  4.78207  5.60941  6.52612  |||| 106.167 |||| 106.167 
4.81116  4.08518  7.3728  4.81116  4.08518  7.3728  |||| 35.2477 |||| 35.2477 
6.17037  7.69056  2.66503  6.17037  7.69056  2.66503  |||| 47.3587 |||| 47.3587 
1.22638  8.32618  6.03321  1.22638  8.32618  6.03321  |||| 51.3728 |||| 51.3728 
2.29061  9.61658  0.309678  2.29061  9.61658  0.309678  |||| 19.143 |||| 19.143 
3.87442  8.79703  2.21595  3.87442  8.79703  2.21595  |||| 34.2882 |||| 34.2882 
2.97601  9.24222  2.1184  2.97601  9.24222  2.1184  |||| 27.6935 |||| 27.6935 
5.94835  2.64934  8.00008  5.94835  2.64934  8.00008  |||| 58.8837 |||| 58.8837 
3.64862  2.51731  8.39636  3.64862  2.51731  8.39636  |||| 234.116 |||| 234.116 
4.24939  4.36322  8.27055  4.24939  4.36322  8.27055  |||| 47.3303 |||| 47.3303 
6.77512  1.22962  7.18707  6.77512  1.22962  7.18707  |||| 80.8271 |||| 80.8271 
9.17255  3.66255  3.16811  9.17255  3.66255  3.16811  |||| 117.483 |||| 117.483 
3.04826  7.53943  5.92564  3.04826  7.53943  5.92564  |||| 41.7196 |||| 41.7196 
7.74241  6.23048  0.117142  7.74241  6.23048  0.117142  |||| 115.612 |||| 115.612 
8.28479  3.86241  3.61415  8.28479  3.86241  3.61415  |||| 134.893 |||| 134.893 
2.76653  0.890115  8.91558  2.76653  0.890115  8.91558  |||| 49.0389 |||| 49.0389 
6.02772  7.61582  1.08047  6.02772  7.61582  1.08047  |||| 119.277 |||| 119.277 
3.93917  1.95717  8.52466  3.93917  1.95717  8.52466  |||| 87.0797 |||| 87.0797 
4.31659  8.84899  2.34965  4.31659  8.84899  2.34965  |||| 108.532 |||| 108.532 
4.03442  8.93093  3.52904  4.03442  8.93093  3.52904  |||| 117.293 |||| 117.293 
2.07395  0.236299  9.51767  2.07395  0.236299  9.51767  |||| 70.8376 |||| 70.8376 
3.4403  6.37218  7.3063  3.4403  6.37218  7.3063  |||| 145.025 |||| 145.025 
5.98009  7.71424  0.647767  5.98009  7.71424  0.647767  |||| 326.453 |||| 326.453 
0.332618  2.63736  9.75595  0.332618  2.63736  9.75595  |||| 103.792 |||| 103.792 
0.871797  0.437498  9.79587  0.871797  0.437498  9.79587  |||| 416.189 |||| 416.189 
1.06705  0.622317  9.78368  1.06705  0.622317  9.78368  |||| 399.389 |||| 399.389 
0.661299  0.595747  0.595748  0.661299  0.595747  0.595748  |||| 5957.48 |||| 5957.48 
0.595747  0.661299  0.595748  0.652502  0.60537  0.595748  |||| 5957.48 |||| 6525.02 
9.62235e-05  0.000106811  1.07105  0.0231101  0.0379743  1.43593  |||| 1.07105 |||| 379.743 
0.661299  0.595747  0.595748  1.17559  0.626893  0.891738  |||| 16.5956 |||| 24.8409 
0.776663  0.699676  0.233225  0.752329  2.16401  0.511151  |||| 7.50198 |||| 23.2027 
0.354742  0.319578  0.958736  0.354742  0.319578  0.958736  |||| 7.96259 |||| 7.96259 
0.792146  0.713624  0.101944  2.06555  0.765521  0.210626  |||| 4.29351 |||| 8.87061 
0.531163  0.478511  0.797521  0.531163  0.478511  0.797521  |||| 5.92437 |||| 5.92437 
0.738437  0.665239  0.399143  0.738437  0.665239  0.399143  |||| 4.46994 |||| 4.46994 
0.166101  0.149636  1.04746  1.53205  0.73121  0.478467  |||| 4.62441 |||| 22.5976 
0.794968  0.716166  0.0477417  0.794968  0.716166  0.0477417  |||| 2.74725 |||| 2.74725 
0.603167  0.543378  0.698624  1.74431  0.58498  1.58323  |||| 4.19564 |||| 9.50822 
0.761305  0.68584  0.311745  0.761305  0.68584  0.311745  |||| 3.18767 |||| 3.18767 
0.259378  0.233667  1.01256  0.259378  0.233667  1.01256  |||| 3.78781 |||| 3.78781 
0.786433  0.708477  0.163493  1.55643  0.75035  0.266882  |||| 2.53244 |||| 4.13385 
0.447064  0.402748  0.886044  0.447064  0.402748  0.886044  |||| 3.59016 |||| 3.59016 
0.705842  0.635875  0.494568  0.705842  0.635875  0.494568  |||| 3.03018 |||| 3.03018 
0.0788681  0.0710502  1.06578  0.0788681  0.0710502  1.06578  |||| 2.94033 |||| 2.94033 
0.795573  0.716711  0.0231165  0.795573  0.716711  0.0231165  |||| 1.85077 |||| 1.85077 
0.633991  0.571146  0.647297  2.03679  0.736574  0.657153  |||| 2.95427 |||| 3.80995 
0.769795  0.693488  0.271361  0.769795  0.693488  0.271361  |||| 2.27158 |||| 2.27158 
0.307102  0.27666  0.988076  0.307102  0.27666  0.988076  |||| 2.89601 |||| 2.89601 
0.789715  0.711434  0.131746  0.789715  0.711434  0.131746  |||| 1.88057 |||| 1.88057 
0.490427  0.441813  0.843463  0.490427  0.441813  0.843463  |||| 2.79579 |||| 2.79579 
0.723499  0.651782  0.445955  0.723499  0.651782  0.445955  |||| 2.33166 |||| 2.33166 
0.121546  0.109498  1.05848  0.153418  0.15798  1.04817  |||| 2.4251 |||| 3.49884 
0.793858  0.715166  0.0739805  1.43713  0.753428  0.11235  |||| 1.60329 |||| 2.83015 
0.568841  0.512454  0.74897  1.03094  0.539909  1.13843  |||| 2.50995 |||| 3.81512 
0.750944  0.676506  0.354359  0.202672  0.09372  1.79948  |||| 2.01056 |||| 10.2099 
0.212193  0.191159  1.03227  0.212089  0.191274  1.03227  |||| 2.34068 |||| 2.34207 
0.782142  0.704612  0.197287  0.0167458  0.0150858  1.07081  |||| 1.69387 |||| 9.19357 
0.401623  0.361812  0.924628  0.81079  0.383617  1.53425  |||| 2.3733 |||| 3.93804 
0.685188  0.617268  0.54465  0.617268  0.685188  0.54465  |||| 2.10694 |||| 2.33876 
0.0383052  0.0345082  1.06981  1.08738  0.513169  1.3141  |||| 1.96938 |||| 29.2851 
0.71681  0.795682  0.0148358  0.76115  1.65198  0.025197  |||| 1.66646 |||| 2.94492 
0.64808  0.583839  0.621507  0.64808  0.583839  0.621507  |||| 2.08236 |||| 2.08236 
0.71581  0.749224  0.270971  0.732708  0.732708  0.270971  |||| 1.73603 |||| 1.77701 
0.330975  0.298167  0.974012  0.330975  0.298167  0.974012  |||| 2.13316 |||| 2.13316 
0.709546  0.787619  0.152801  0.653718  0.725648  0.439583  |||| 1.79615 |||| 5.16714 
0.511153  0.460485  0.820867  0.919209  0.484917  1.24  |||| 2.08885 |||| 3.15543 
0.689088  0.690292  0.442495  1.10673  1.11907  0.714031  |||| 1.82188 |||| 2.95354 
0.143604  0.129369  1.05346  0.426656  0.206639  1.67558  |||| 1.8775 |||| 2.99882 
0.71385  0.792397  0.098347  0.71385  0.792397  0.098347  |||| 1.9727 |||| 1.9727 
0.586435  0.528304  0.723972  1.29468  1.29468  1.67939  |||| 1.93802 |||| 4.74937 
0.662057  0.734905  0.410781  0.691719  1.17766  0.567195  |||| 1.91396 |||| 2.67975 
0.235681  0.212319  1.023  0.235681  0.212319  1.023  |||| 1.86625 |||| 1.86625 
0.691109  0.767154  0.284585  0.732209  1.52773  0.466927  |||| 2.09216 |||| 3.43263 
0.424562  0.382477  0.905872  0.476466  0.772393  1.43866  |||| 1.90213 |||| 3.84124 
0.598537  0.664396  0.589472  0.532331  0.970491  1.10699  |||| 1.89944 |||| 3.56704 
0.0583128  0.0525325  1.06817  0.0583128  0.0525325  1.06817  |||| 1.61864 |||| 1.61864 
0.714969  0.793639  0.0781171  0.270064  0.29978  0.992141  |||| 2.38148 |||| 30.2463 
0.5396  0.59029  0.712416  0.565585  1.12839  1.12436  |||| 1.84231 |||| 3.52174 
0.64198  0.712619  0.476637  0.64198  0.712619  0.476637  |||| 2.24751 |||| 2.24751 
0.283211  0.255138  1.00092  0.283211  0.255138  1.00092  |||| 1.74081 |||| 1.74081 
0.684943  0.760309  0.316117  0.727133  1.57117  0.534804  |||| 2.52419 |||| 4.27037 
0.46383  0.423634  0.867492  1.05948  0.622706  1.01386  |||| 1.75502 |||| 4.00843 
0.555725  0.616873  0.676598  0.261135  0.289787  0.997486  |||| 2.15952 |||| 3.1837 
0.0999547  0.0900466  1.06257  0.175157  0.124856  1.69891  |||| 1.5377 |||| 2.45858 
0.699043  0.77596  0.237427  0.699043  0.77596  0.237427  |||| 2.86982 |||| 2.86982 
0.43403  0.481788  0.852434  0.458531  0.458531  0.852434  |||| 1.8329 |||| 1.93637 
0.558441  0.619887  0.671588  0.993063  0.978658  1.12229  |||| 2.4272 |||| 4.31624 
0.188981  0.170248  1.04041  0.583183  0.525375  0.728715  |||| 1.55894 |||| 4.81077 
0.623689  0.692315  0.52807  0.661983  1.42566  0.890783  |||| 2.87679 |||| 4.85276 
0.345566  0.344807  0.95333  0.435382  0.434427  0.876848  |||| 1.64374 |||| 2.07089 
0.444135  0.493005  0.840736  0.444135  0.493005  0.840736  |||| 2.17985 |||| 2.17985 
0.0188649  0.0169949  1.07075  0.0362472  0.0182341  1.71106  |||| 1.3551 |||| 2.16547 
0.716702  0.795563  0.0237305  0.716702  0.795563  0.0237305  |||| 3.7543 |||| 3.7543 
0.397326  0.441045  0.891491  0.419756  0.419756  0.891491  |||| 2.15288 |||| 2.27441 
0.561026  0.622758  0.66676  0.561026  0.622758  0.66676  |||| 3.14725 |||| 3.14725 
0.271708  0.301604  0.991139  0.284958  0.509878  1.42613  |||| 1.5796 |||| 2.54267 
0.654413  0.72642  0.43727  1.11002  1.11002  0.702071  |||| 3.94681 |||| 6.69463 
0.293388  0.32567  0.977246  0.528029  0.58613  0.724419  |||| 1.83768 |||| 3.30738 
0.414212  0.459789  0.874168  0.414212  0.459789  0.874168  |||| 2.69775 |||| 2.69775 
0.154799  0.139454  1.05059  0.154799  0.139454  1.05059  |||| 1.3959 |||| 1.3959 
0.689307  0.765153  0.294183  0.689307  0.765153  0.294183  |||| 4.87325 |||| 4.87325 
0.272222  0.302175  0.990824  0.302175  0.272222  0.990824  |||| 2.00956 |||| 2.23067 
0.408738  0.453712  0.879901  0.408738  0.453712  0.879901  |||| 3.15575 |||| 3.15575 
0.17838  0.198008  1.03736  0.17838  0.198008  1.03736  |||| 1.44298 |||| 1.44298 
0.512154  0.568508  0.749428  0.512154  0.568508  0.749428  |||| 4.34923 |||| 4.34923 
0.187404  0.208025  1.0338  0.198607  0.416456  1.70358  |||| 1.67422 |||| 2.75891 
0.265339  0.294535  0.994983  0.281334  0.594751  1.65133  |||| 2.49969 |||| 4.14861 
0.0685219  0.0617297  1.06707  0.0685219  0.0617297  1.06707  |||| 1.25478 |||| 1.25478 
0.695479  0.772004  0.259742  0.648861  0.707383  0.475117  |||| 7.34486 |||| 13.4352 
0.187387  0.208006  1.03381  0.187387  0.208006  1.03381  |||| 2.10518 |||| 2.10518 
0.304989  0.338548  0.969285  0.32212  0.638642  1.52152  |||| 3.65819 |||| 5.74239 
0.113026  0.125463  1.05765  0.272344  0.272344  2.41231  |||| 1.45342 |||| 3.50209 
0.414469  0.460074  0.873896  0.437661  0.865002  1.36809  |||| 5.74108 |||| 8.98772 
0.113722  0.126235  1.05749  0.113722  0.126235  1.05749  |||| 1.70617 |||| 1.70617 
0.164003  0.182048  1.04264  0.349738  0.173401  1.66109  |||| 2.68209 |||| 5.71955 
0.0687621  0.0763282  1.06611  0.0726438  0.0726438  1.06611  |||| 1.23511 |||| 1.30482 
0.440198  0.488634  0.845345  0.465153  0.92949  1.33597  |||| 8.7636 |||| 13.8499 
0.0829777  0.092108  1.06385  0.0877359  0.177063  1.69574  |||| 1.85146 |||| 2.95116 
0.123219  0.136777  1.05511  0.132551  0.386292  2.34068  |||| 3.12442 |||| 6.93129 
0.0442991  0.0491734  1.069  0.0470048  0.100687  1.79475  |||| 1.29964 |||| 2.18198 
0.137409  0.152528  1.05119  0.137409  0.152528  1.05119  |||| 4.77714 |||| 4.77714 
0.0353879  0.0392817  1.06974  0.0372575  0.0375131  1.06974  |||| 1.50772 |||| 1.58736 
0.0416075  0.0461857  1.06924  0.063622  0.0706225  1.06682  |||| 2.28527 |||| 3.49437 
0.0144089  0.0159943  1.07083  0.405188  0.449772  0.883558  |||| 1.11094 |||| 31.2387 
0.319913  0.355114  0.958486  0.319913  0.355114  0.958486  |||| 41.2153 |||| 41.2153 
0.00529358  0.00587605  1.07102  0.00529358  0.00587605  1.07102  |||| 2.05142 |||| 2.05142 
