2.29454  0.905876  4.06475  2.29454  0.905876  4.06475  |||| 26533.3 |||| 26533.3 
2.16162  1.78818  4.2318  2.16162  1.78818  4.2318  |||| 28203.9 |||| 28203.9 
1.40774  1.35854  6.20438  1.40774  1.35854  6.20438  |||| 6680.41 |||| 6680.41 
0.834706  4.47195  2.06293  0.834706  4.47195  2.06293  |||| 102.531 |||| 102.531 
2.61049  1.51667  2.55288  2.61049  1.51667  2.55288  |||| 36.7167 |||| 36.7167 
1.35825  4.1254  3.21705  1.35825  4.1254  3.21705  |||| 83.0718 |||| 83.0718 
1.17778  4.18072  3.3499  1.17778  4.18072  3.3499  |||| 81.6406 |||| 81.6406 
0.84879  1.46213  6.55488  0.84879  1.46213  6.55488  |||| 38.2082 |||| 38.2082 
2.36608  1.43501  3.24507  2.36608  1.43501  3.24507  |||| 20.5348 |||| 20.5348 
1.40882  3.65216  3.76046  1.40882  3.65216  3.76046  |||| 88.413 |||| 88.413 
1.55466  1.53845  5.71205  1.55466  1.53845  5.71205  |||| 247.462 |||| 247.462 
2.46602  1.28521  3.02434  2.46602  1.28521  3.02434  |||| 9.68652 |||| 9.68652 
1.24365  4.11102  3.56955  1.24365  4.11102  3.56955  |||| 22.0675 |||| 22.0675 
1.2602  2.32295  5.75711  1.2602  2.32295  5.75711  |||| 24.8284 |||| 24.8284 
2.20651  1.26466  3.99255  2.20651  1.26466  3.99255  |||| 39.9803 |||| 39.9803 
1.57021  1.91076  5.88564  1.57021  1.91076  5.88564  |||| 18.1291 |||| 18.1291 
0.875623  0.837113  6.59078  0.875623  0.837113  6.59078  |||| 31.7334 |||| 31.7334 
1.57004  2.98116  5.28741  1.57004  2.98116  5.28741  |||| 90.6227 |||| 90.6227 
1.7016  2.54365  4.91273  1.7016  2.54365  4.91273  |||| 280.287 |||| 280.287 
2.34703  2.09655  2.33772  2.34703  2.09655  2.33772  |||| 6.75141 |||| 6.75141 
2.16486  2.26449  3.37058  2.16486  2.26449  3.37058  |||| 16.4 |||| 16.4 
2.00018  1.97528  5.15145  2.00018  1.97528  5.15145  |||| 12.3936 |||| 12.3936 
1.27121  3.87836  3.2435  1.27121  3.87836  3.2435  |||| 26.1514 |||| 26.1514 
2.38236  2.45877  2.03558  2.38236  2.45877  2.03558  |||| 10.5517 |||| 10.5517 
1.33104  4.37046  1.97996  1.33104  4.37046  1.97996  |||| 12.8039 |||| 12.8039 
0.809192  3.95898  3.7303  0.809192  3.95898  3.7303  |||| 70.1557 |||| 70.1557 
0.990736  1.32648  6.70204  0.990736  1.32648  6.70204  |||| 114.654 |||| 114.654 
1.40941  3.4432  3.84503  1.40941  3.4432  3.84503  |||| 12.9887 |||| 12.9887 
1.60199  3.42746  3.65854  1.60199  3.42746  3.65854  |||| 12.7497 |||| 12.7497 
2.16459  0.850316  4.87577  2.16459  0.850316  4.87577  |||| 7.85547 |||| 7.85547 
1.74031  1.18353  5.72813  1.74031  1.18353  5.72813  |||| 37.0616 |||| 37.0616 
2.116  2.91834  2.87077  2.116  2.91834  2.87077  |||| 13.9523 |||| 13.9523 
2.50925  1.87884  2.39535  2.50925  1.87884  2.39535  |||| 3.94526 |||| 3.94526 
1.89782  3.50325  3.03579  1.89782  3.50325  3.03579  |||| 154.763 |||| 154.763 
2.40573  1.38944  3.25276  2.40573  1.38944  3.25276  |||| 206.797 |||| 206.797 
1.94945  3.47897  1.41141  1.94945  3.47897  1.41141  |||| 9.58598 |||| 9.58598 
1.11996  3.10554  5.05602  1.11996  3.10554  5.05602  |||| 23.3477 |||| 23.3477 
1.25304  2.90763  5.17096  1.25304  2.90763  5.17096  |||| 15.1407 |||| 15.1407 
0.785359  0.791305  6.6556  0.785359  0.791305  6.6556  |||| 61.6435 |||| 61.6435 
0.800669  3.09574  5.4359  0.800669  3.09574  5.4359  |||| 10.4534 |||| 10.4534 
1.64342  3.73577  3.59453  1.64342  3.73577  3.59453  |||| 8.98848 |||| 8.98848 
1.55623  2.22155  5.31581  1.55623  2.22155  5.31581  |||| 20.7562 |||| 20.7562 
1.75464  3.17081  3.89037  1.75464  3.17081  3.89037  |||| 49.7241 |||| 49.7241 
1.15613  1.4958  6.21724  1.15613  1.4958  6.21724  |||| 12.8648 |||| 12.8648 
1.93623  2.58171  4.37096  1.93623  2.58171  4.37096  |||| 13.7894 |||| 13.7894 
1.235  1.58037  6.36888  1.235  1.58037  6.36888  |||| 9.0439 |||| 9.0439 
1.25408  1.01319  6.45959  1.25408  1.01319  6.45959  |||| 37.1119 |||| 37.1119 
2.22504  2.84111  2.7133  2.22504  2.84111  2.7133  |||| 10.194 |||| 10.194 
2.1543  1.7081  4.63071  2.1543  1.7081  4.63071  |||| 10.3735 |||| 10.3735 
1.92932  2.27014  4.41574  1.92932  2.27014  4.41574  |||| 45.5658 |||| 45.5658 
1.96608  2.01025  4.64304  1.96608  2.01025  4.64304  |||| 98.519 |||| 98.519 
0.94104  2.41159  5.68561  0.94104  2.41159  5.68561  |||| 11.053 |||| 11.053 
0.902808  4.57006  1.59356  0.902808  4.57006  1.59356  |||| 7.52314 |||| 7.52314 
1.55013  3.29681  3.67772  1.55013  3.29681  3.67772  |||| 17.0951 |||| 17.0951 
2.3263  1.11416  4.01159  2.3263  1.11416  4.01159  |||| 20.7622 |||| 20.7622 
1.08207  1.43875  6.35486  1.08207  1.43875  6.35486  |||| 10.0011 |||| 10.0011 
1.16894  3.13805  5.07421  1.16894  3.13805  5.07421  |||| 11.6906 |||| 11.6906 
1.81039  2.71276  4.75451  1.81039  2.71276  4.75451  |||| 32.8116 |||| 32.8116 
1.79293  1.81039  5.2613  1.79293  1.81039  5.2613  |||| 46.5339 |||| 46.5339 
1.14202  3.13428  5.08335  1.14202  3.13428  5.08335  |||| 7.89536 |||| 7.89536 
1.86219  2.3315  4.94956  1.86219  2.3315  4.94956  |||| 12.7873 |||| 12.7873 
0.877552  2.11314  6.13495  0.877552  2.11314  6.13495  |||| 12.1038 |||| 12.1038 
1.37026  0.823878  6.20184  1.37026  0.823878  6.20184  |||| 26.097 |||| 26.097 
1.66447  2.45514  4.65151  1.66447  2.45514  4.65151  |||| 7.93142 |||| 7.93142 
1.62396  2.29691  5.33384  1.62396  2.29691  5.33384  |||| 10.17 |||| 10.17 
2.31461  2.30887  3.28581  2.31461  2.30887  3.28581  |||| 120.996 |||| 120.996 
2.28675  2.48136  2.8413  2.28675  2.48136  2.8413  |||| 226.21 |||| 226.21 
2.11944  3.06943  3.35394  2.11944  3.06943  3.35394  |||| 7.47602 |||| 7.47602 
1.88911  1.32658  5.13136  1.88911  1.32658  5.13136  |||| 17.559 |||| 17.559 
2.20306  2.07922  4.47243  2.20306  2.07922  4.47243  |||| 8.5074 |||| 8.5074 
1.1074  3.77341  3.78363  1.1074  3.77341  3.78363  |||| 21.4116 |||| 21.4116 
0.865421  3.64315  4.47253  0.865421  3.64315  4.47253  |||| 9.24228 |||| 9.24228 
1.14479  4.26567  2.83611  1.14479  4.26567  2.83611  |||| 6.65045 |||| 6.65045 
0.800273  1.25966  6.46125  0.800273  1.25966  6.46125  |||| 6.70966 |||| 6.70966 
1.85482  2.55259  5.06173  1.85482  2.55259  5.06173  |||| 60.4688 |||| 60.4688 
1.93613  2.12614  5.02296  1.93613  2.12614  5.02296  |||| 8.8321 |||| 8.8321 
2.55654  2.60212  1.68412  2.55654  2.60212  1.68412  |||| 14.0273 |||| 14.0273 
0.739698  2.69881  5.69585  0.739698  2.69881  5.69585  |||| 12.1132 |||| 12.1132 
2.10498  3.14263  1.68927  2.10498  3.14263  1.68927  |||| 11.594 |||| 11.594 
2.24567  2.48918  3.56762  2.24567  2.48918  3.56762  |||| 13.454 |||| 13.454 
2.00485  3.22263  2.95988  2.00485  3.22263  2.95988  |||| 11.9186 |||| 11.9186 
1.878  3.12818  3.75894  1.878  3.12818  3.75894  |||| 47.5005 |||| 47.5005 
1.60995  1.70911  5.88027  1.60995  1.70911  5.88027  |||| 126.368 |||| 126.368 
2.03008  3.04969  3.17644  2.03008  3.04969  3.17644  |||| 14.4965 |||| 14.4965 
1.2094  3.23042  5.22563  1.2094  3.23042  5.22563  |||| 14.3953 |||| 14.3953 
1.3979  3.73425  3.89109  1.3979  3.73425  3.89109  |||| 15.1282 |||| 15.1282 
1.54905  3.65199  3.96676  1.54905  3.65199  3.96676  |||| 16.7874 |||| 16.7874 
1.22922  2.91743  5.51492  1.22922  2.91743  5.51492  |||| 7.34417 |||| 7.34417 
1.20619  2.87225  5.49239  1.20619  2.87225  5.49239  |||| 10.4979 |||| 10.4979 
1.50225  2.01095  5.40974  1.50225  2.01095  5.40974  |||| 15.0289 |||| 15.0289 
1.8427  1.34725  5.31699  1.8427  1.34725  5.31699  |||| 40.4886 |||| 40.4886 
1.39532  3.81211  3.50712  1.39532  3.81211  3.50712  |||| 14.6282 |||| 14.6282 
1.7441  3.71032  2.26509  1.7441  3.71032  2.26509  |||| 25.4682 |||| 25.4682 
1.22328  2.04423  6.02511  1.22328  2.04423  6.02511  |||| 14.1872 |||| 14.1872 
1.75202  3.17764  3.94043  1.75202  3.17764  3.94043  |||| 35.1939 |||| 35.1939 
1.43705  1.43691  6.06026  1.43705  1.43691  6.06026  |||| 29.7108 |||| 29.7108 
1.3997  1.84921  6.05212  1.3997  1.84921  6.05212  |||| 36.2502 |||| 36.2502 
2.36084  1.82611  3.71984  2.36084  1.82611  3.71984  |||| 124.985 |||| 124.985 
2.35807  2.39904  1.75873  2.35807  2.39904  1.75873  |||| 208.498 |||| 208.498 
1.75038  2.32432  4.50202  1.75038  2.32432  4.50202  |||| 391.638 |||| 391.638 
2.05059  0.0505873  0.0505873  1.88425  0.1227  2.9639  |||| 116.62 |||| 29240.7 
0.0505873  4.05059  0.0505876  1.85056  0.461875  3.10121  |||| 116.621 |||| 30613.8 
0.0394732  0.0394702  6.03892  0.0438922  0.0438892  6.04334  |||| 5.9991 |||| 49.6695 
2.03838  0.116244  0.117007  2.01039  0.119356  1.12109  |||| 2.15411 |||| 30.1205 
2.03595  0.251628  0.110411  2.02941  0.251381  0.547817  |||| 2.28063 |||| 16.3402 
2.03607  0.133613  0.326155  2.03607  0.133613  0.326155  |||| 2.37908 |||| 2.37908 
2.02841  0.446581  0.0977842  2.02841  0.446581  0.0977843  |||| 2.45602 |||| 2.45602 
2.03301  0.244198  0.381931  2.05411  0.604125  0.41799  |||| 2.54149 |||| 6.99761 
2.02794  0.427395  0.272913  0.621775  3.87279  0.279555  |||| 2.61067 |||| 25.7609 
2.02814  0.125682  0.647305  2.02925  0.126785  0.648409  |||| 2.68401 |||| 2.71526 
2.00704  0.749588  0.087046  1.98509  0.972176  0.0883257  |||| 2.72616 |||| 3.58 
2.0244  0.403743  0.509437  2.0244  0.403743  0.509437  |||| 2.82037 |||| 2.82037 
2.01269  0.656739  0.320455  2.0067  0.655611  0.620168  |||| 2.87282 |||| 5.93414 
2.01943  0.220954  0.828641  1.73334  2.10148  0.829516  |||| 2.95162 |||| 33.4345 
1.99391  0.872919  0.231883  2.00461  0.890998  0.776144  |||| 2.98162 |||| 11.4052 
2.01519  0.384757  0.800692  0.486243  0.125195  5.90208  |||| 3.08299 |||| 23.7533 
2.00429  0.69673  0.551302  2.00429  0.69673  0.551302  |||| 3.13486 |||| 3.13486 
2.0008  0.11616  1.19905  0.940791  3.54371  1.20858  |||| 3.19853 |||| 145.039 
1.94234  1.26668  0.0787436  1.99338  1.03012  0.0937176  |||| 3.17099 |||| 4.31413 
1.9977  0.683348  0.770051  2.00344  0.689097  0.775799  |||| 3.33371 |||| 3.36303 
1.9677  1.06247  0.440368  1.9717  1.06647  0.444365  |||| 3.35294 |||| 3.38637 
1.99259  0.369841  1.22314  1.99957  0.374142  1.17761  |||| 3.46835 |||| 3.50895 
1.92927  1.33533  0.279567  0.832089  3.51834  1.83654  |||| 3.42684 |||| 25.6464 
1.9851  0.608155  1.12641  1.99568  0.618736  1.137  |||| 3.60214 |||| 3.66904 
1.95961  1.05343  0.733832  2.02915  1.12297  0.803372  |||| 3.62939 |||| 3.99217 
1.96276  0.206424  1.65956  1.91707  0.913763  1.66209  |||| 3.71126 |||| 19.3754 
1.86939  1.64676  0.206157  1.81375  1.8454  0.664693  |||| 3.60475 |||| 13.5416 
1.96151  0.828038  1.19304  1.79636  1.79114  1.19398  |||| 3.86504 |||| 8.58216 
1.91726  1.33574  0.719144  1.92718  1.34566  0.729063  |||| 3.85478 |||| 3.91059 
1.94389  0.364779  1.79989  1.95588  0.370602  1.72977  |||| 3.99097 |||| 4.06123 
1.86104  1.66  0.493272  1.95277  1.14797  0.555891  |||| 3.89716 |||| 4.43073 
1.93879  0.671299  1.656  1.94344  0.675948  1.66065  |||| 4.1486 |||| 4.17854 
1.90916  1.26034  1.11745  0.840254  0.562256  5.47994  |||| 4.16974 |||| 21.0447 
1.8876  0.112453  2.32574  1.82829  0.970788  2.32574  |||| 4.20863 |||| 53.1788 
1.71422  2.22365  0.0740743  1.71422  2.22365  0.0740744  |||| 3.89478 |||| 3.89478 
1.89059  1.27144  1.35194  1.89059  1.27144  1.35194  |||| 4.39654 |||| 4.39654 
1.79994  1.88215  0.706094  1.97866  0.906069  0.706094  |||| 4.27095 |||| 4.70436 
1.88612  0.678544  2.12943  1.6071  2.09933  2.13089  |||| 4.57659 |||| 14.7406 
1.70666  2.2337  0.39885  1.70666  2.2337  0.39885  |||| 4.22171 |||| 4.22171 
1.86755  1.08166  1.89873  1.24857  0.728696  4.70373  |||| 4.73035 |||| 11.8682 
1.79526  1.7983  1.16712  1.74782  1.98971  1.17011  |||| 4.64357 |||| 5.14866 
1.81759  0.370141  2.73711  1.90679  0.614572  2.09639  |||| 4.80729 |||| 8.35398 
1.58991  2.5603  0.253444  1.86508  1.77897  0.275001  |||| 4.28608 |||| 5.04652 
1.81203  1.40489  1.91158  0.463245  3.98044  2.08594  |||| 5.01105 |||| 14.459 
1.70192  2.15173  1.07141  1.19159  1.47737  4.48737  |||| 4.80764 |||| 20.7225 
1.77929  0.624563  2.86175  1.79365  0.638916  2.8761  |||| 5.14803 |||| 5.27381 
1.58596  2.5381  0.676831  1.55308  2.41877  1.65838  |||| 4.68326 |||| 11.8989 
1.76716  1.11574  2.59037  1.78752  1.1361  2.61073  |||| 5.35587 |||| 5.45642 
1.69355  2.0056  1.66907  1.68826  2.07348  1.68079  |||| 5.25091 |||| 5.43202 
1.66417  0.210075  3.52625  1.54849  1.65953  3.60303  |||| 5.28317 |||| 49.9338 
1.37661  3.01092  0.185986  1.3913  3.01901  0.617476  |||| 4.45592 |||| 17.6102 
1.67572  1.82951  2.20089  1.7295  1.88801  1.6928  |||| 5.58848 |||| 5.772 
1.51563  2.63559  1.13578  1.51563  2.63559  1.13578  |||| 5.16979 |||| 5.16979 
1.64905  0.886355  3.36332  1.69152  0.618528  3.37533  |||| 5.78223 |||| 5.93475 
1.36935  2.9973  0.653548  1.36946  2.99756  0.648587  |||| 4.90294 |||| 4.90335 
1.62136  1.48426  2.99912  1.2587  2.69517  3.06019  |||| 5.98735 |||| 11.0036 
1.50516  2.48508  1.82445  1.50807  2.48995  1.7875  |||| 5.6977 |||| 5.70902 
1.50548  0.381811  4.08595  1.93233  1.36918  0.286639  |||| 5.85614 |||| 22.716 
1.20831  3.27308  0.437  1.63015  2.47311  0.444038  |||| 4.80073 |||| 6.53253 
1.51941  1.90276  2.94706  1.52369  1.90704  2.95134  |||| 6.25204 |||| 6.27011 
1.35487  2.86006  1.62237  1.35487  2.86006  1.62237  |||| 5.71967 |||| 5.71967 
1.4352  0.721411  4.21094  1.35021  0.679872  4.46615  |||| 6.24997 |||| 6.63237 
1.19513  3.2368  1.01836  1.28338  3.10631  1.02022  |||| 5.33305 |||| 5.74012 
1.42078  1.4174  3.8519  1.42078  1.4174  3.8519  |||| 6.57281 |||| 6.57281 
1.32631  2.63311  2.47647  1.36935  2.67615  2.5195  |||| 6.31859 |||| 6.52982 
1.23763  0.115018  4.84048  1.2408  0.118186  4.84365  |||| 6.0756 |||| 6.31956 
0.897918  3.65115  0.0679408  0.980715  3.60411  0.0856968  |||| 4.49966 |||| 7.25682 
1.24675  2.66554  2.74953  1.18023  2.51745  3.28952  |||| 6.5445 |||| 7.84774 
1.02864  3.4251  1.2159  0.426698  1.36564  5.57844  |||| 5.55214 |||| 26.1434 
1.23014  1.42759  4.3852  0.792408  1.0116  5.50028  |||| 6.92533 |||| 8.70246 
0.868729  3.65953  0.593968  1.26512  3.17722  0.593968  |||| 5.00497 |||| 7.39524 
1.16279  2.21099  3.78288  1.16279  2.21099  3.78288  |||| 7.03946 |||| 7.03946 
0.9935  3.28695  2.05445  0.9935  3.28695  2.05445  |||| 6.21729 |||| 6.21729 
1.0377  0.715394  5.13721  0.942643  1.21172  5.15774  |||| 6.77283 |||| 11.739 
0.706284  3.80487  0.324226  1.76823  1.94009  1.10556  |||| 4.71813 |||| 17.6542 
0.997485  2.66777  3.52906  0.949868  2.52443  3.89759  |||| 7.07675 |||| 7.82418 
0.80976  3.56005  1.69909  1.54749  2.42705  1.70094  |||| 5.95138 |||| 11.6472 
0.918919  1.15996  5.1578  0.918919  1.15996  5.1578  |||| 7.11912 |||| 7.11912 
0.66129  3.79142  0.950576  0.665806  3.81865  0.603606  |||| 5.28574 |||| 5.32409 
0.866298  2.03876  4.60407  0.700724  2.27177  4.60407  |||| 7.39169 |||| 8.25202 
0.74524  3.33809  2.68845  0.751601  3.3678  2.58758  |||| 6.65412 |||| 6.71404 
0.704325  0.364885  5.67595  0.355674  0.0786753  5.98358  |||| 6.62761 |||| 6.98935 
0.464151  3.94602  0.198644  0.464151  3.94602  0.198644  |||| 4.49119 |||| 4.49119 
0.672936  3.03043  3.53847  0.688223  3.02947  3.545  |||| 7.1244 |||| 7.2944 
0.518356  3.78689  1.56373  0.629772  3.89831  1.67514  |||| 5.75137 |||| 7.08684 
0.608481  1.4658  5.37742  0.608481  1.4658  5.37742  |||| 7.33488 |||| 7.33488 
0.401935  3.93918  0.805136  0.954474  3.55832  0.805136  |||| 5.02877 |||| 12.6819 
0.536604  2.38051  4.66861  0.697196  2.72258  4.44305  |||| 7.46819 |||| 9.87588 
0.433225  3.58623  2.54654  0.440497  3.5935  2.55381  |||| 6.44837 |||| 6.56722 
0.415021  0.584833  5.87471  0.497923  0.184157  5.87471  |||| 6.75981 |||| 8.24446 
0.272087  4.00037  0.487553  0.272087  4.00037  0.487553  |||| 4.64246 |||| 4.64246 
0.365816  2.81988  4.23862  0.472796  3.68882  2.15735  |||| 7.30732 |||| 9.68056 
0.275398  3.77425  2.06456  1.78924  1.42524  2.06456  |||| 5.99701 |||| 44.3821 
0.277725  1.04334  5.80233  1.0357  3.43582  1.08558  |||| 7.00578 |||| 29.2427 
0.188796  3.95364  1.18639  0.188796  3.95364  1.18639  |||| 5.21134 |||| 5.21134 
0.210017  1.99778  5.24498  0.210017  1.99778  5.24498  |||| 7.33627 |||| 7.33627 
0.159837  3.45181  3.14712  0.155157  3.3197  3.45368  |||| 6.64113 |||| 7.29634 
0.119348  0.182676  6.03019  0.121593  0.184921  6.03244  |||| 6.21474 |||| 6.37341 
0.0709167  4.0379  0.135267  0.0771726  4.04415  0.141523  |||| 4.12698 |||| 4.92746 
0.056459  3.2775  3.59608  0.141713  3.36275  3.68134  |||| 6.81327 |||| 39.8302 
