1.55656  2.84004  1.55656  2.84004  |||| 17057.8 |||| 17057.8 
1.96169  1.93173  1.96169  1.93173  |||| 11997.6 |||| 11997.6 
1.5022  2.83941  1.5022  2.83941  |||| 334.21 |||| 334.21 
1.31731  2.99852  1.31731  2.99852  |||| 121.798 |||| 121.798 
1.4499  2.81876  1.4499  2.81876  |||| 66.0323 |||| 66.0323 
1.53663  2.45572  1.53663  2.45572  |||| 37.0007 |||| 37.0007 
1.29833  2.80854  1.29833  2.80854  |||| 36.462 |||| 36.462 
1.18726  3.35009  1.18726  3.35009  |||| 39.482 |||| 39.482 
1.45507  2.55081  1.45507  2.55081  |||| 21.3572 |||| 21.3572 
1.23317  3.30847  1.23317  3.30847  |||| 28.4097 |||| 28.4097 
1.3562  2.93239  1.3562  2.93239  |||| 20.7314 |||| 20.7314 
1.43536  2.68741  1.43536  2.68741  |||| 16.022 |||| 16.022 
1.72923  2.32385  1.72923  2.32385  |||| 11.1028 |||| 11.1028 
1.85827  2.22631  1.85827  2.22631  |||| 9.30613 |||| 9.30613 
1.91843  1.99836  1.91843  1.99836  |||| 6.77454 |||| 6.77454 
1.56822  2.38349  1.56822  2.38349  |||| 9.06849 |||| 9.06849 
0.949234  4.11308  0.949234  4.11308  |||| 20.1327 |||| 20.1327 
1.27796  3.05361  1.27796  3.05361  |||| 12.1352 |||| 12.1352 
1.62061  2.40016  1.62061  2.40016  |||| 7.51868 |||| 7.51868 
0.847953  3.72397  0.847953  3.72397  |||| 14.5024 |||| 14.5024 
1.0692  3.21605  1.0692  3.21605  |||| 11.0278 |||| 11.0278 
1.3745  3.48142  1.3745  3.48142  |||| 11.796 |||| 11.796 
1.69349  2.49825  1.69349  2.49825  |||| 6.52053 |||| 6.52053 
1.40998  2.52039  1.40998  2.52039  |||| 6.31816 |||| 6.31816 
1.27155  3.02491  1.27155  3.02491  |||| 8.23483 |||| 8.23483 
2.04193  1.33666  2.04193  1.33666  |||| 1.68376 |||| 1.68376 
0.919744  3.90459  0.919744  3.90459  |||| 11.0813 |||| 11.0813 
1.57108  2.47351  1.57108  2.47351  |||| 5.1469 |||| 5.1469 
1.6948  2.37202  1.6948  2.37202  |||| 4.57736 |||| 4.57736 
1.2768  3.13839  1.2768  3.13839  |||| 7.142 |||| 7.142 
1.31752  2.73563  1.31752  2.73563  |||| 5.50648 |||| 5.50648 
1.0889  3.40868  1.0889  3.40868  |||| 7.55572 |||| 7.55572 
1.10112  3.14384  1.10112  3.14384  |||| 6.45703 |||| 6.45703 
2.11958  1.2212  2.11958  1.2212  |||| 2.00076 |||| 2.00076 
1.39259  2.91689  1.39259  2.91689  |||| 5.37531 |||| 5.37531 
1.67742  2.58359  1.67742  2.58359  |||| 4.23983 |||| 4.23983 
1.54174  2.89184  1.54174  2.89184  |||| 4.99253 |||| 4.99253 
1.33521  3.05776  1.33521  3.05776  |||| 5.30995 |||| 5.30995 
1.12675  3.08181  1.12675  3.08181  |||| 5.22904 |||| 5.22904 
1.26662  2.87731  1.26662  2.87731  |||| 4.55517 |||| 4.55517 
1.31982  3.10838  1.31982  3.10838  |||| 5.02504 |||| 5.02504 
1.97848  1.58476  1.97848  1.58476  |||| 2.03799 |||| 2.03799 
1.16577  3.24779  1.16577  3.24779  |||| 5.11422 |||| 5.11422 
1.83995  2.02817  1.83995  2.02817  |||| 2.11092 |||| 2.11092 
1.71837  2.24267  1.71837  2.24267  |||| 2.55586 |||| 2.55586 
1.78698  2.03437  1.78698  2.03437  |||| 2.02784 |||| 2.02784 
2.06925  1.95695  2.06925  1.95695  |||| 2.39472 |||| 2.39472 
1.64189  2.63909  1.64189  2.63909  |||| 3.24117 |||| 3.24117 
1.58568  2.49357  1.58568  2.49357  |||| 2.86478 |||| 2.86478 
2.15538  1.47484  2.15538  1.47484  |||| 2.70414 |||| 2.70414 
1.3655  2.87208  1.3655  2.87208  |||| 3.51146 |||| 3.51146 
2.19053  1.13426  2.19053  1.13426  |||| 2.88666 |||| 2.88666 
1.73468  2.10052  1.73468  2.10052  |||| 2.00695 |||| 2.00695 
1.43575  2.91704  1.43575  2.91704  |||| 3.39248 |||| 3.39248 
1.79626  2.05082  1.79626  2.05082  |||| 2.2278 |||| 2.2278 
1.38413  3.04484  1.38413  3.04484  |||| 3.49976 |||| 3.49976 
1.94727  1.51406  1.94727  1.51406  |||| 2.67043 |||| 2.67043 
1.56814  2.676  1.56814  2.676  |||| 2.72235 |||| 2.72235 
1.75654  2.22505  1.75654  2.22505  |||| 2.34874 |||| 2.34874 
1.6062  2.52166  1.6062  2.52166  |||| 2.3646 |||| 2.3646 
1.29648  3.16765  1.29648  3.16765  |||| 3.40636 |||| 3.40636 
2.0629  1.30072  2.0629  1.30072  |||| 3.31157 |||| 3.31157 
1.48544  3.05141  1.48544  3.05141  |||| 3.10546 |||| 3.10546 
1.3002  2.77129  1.3002  2.77129  |||| 2.6086 |||| 2.6086 
1.69971  2.33737  1.69971  2.33737  |||| 2.5888 |||| 2.5888 
1.11376  3.31557  1.11376  3.31557  |||| 3.36643 |||| 3.36643 
1.49851  2.45405  1.49851  2.45405  |||| 2.15479 |||| 2.15479 
1.22521  2.96444  1.22521  2.96444  |||| 2.73829 |||| 2.73829 
1.59973  2.57241  1.59973  2.57241  |||| 2.60649 |||| 2.60649 
1.7921  2.24905  1.7921  2.24905  |||| 3.31009 |||| 3.31009 
1.54775  2.48014  1.54775  2.48014  |||| 2.61053 |||| 2.61053 
1.82255  1.79303  1.82255  1.79303  |||| 3.64705 |||| 3.64705 
1.81929  1.84032  1.81929  1.84032  |||| 3.76808 |||| 3.76808 
1.47249  2.69961  1.47249  2.69961  |||| 2.62776 |||| 2.62776 
2.2161  1.39398  2.2161  1.39398  |||| 5.5886 |||| 5.5886 
1.87606  1.96182  1.87606  1.96182  |||| 4.45656 |||| 4.45656 
1.75403  1.79552  1.75403  1.79552  |||| 4.1373 |||| 4.1373 
1.63702  2.55012  1.63702  2.55012  |||| 3.81153 |||| 3.81153 
1.27129  2.84928  1.27129  2.84928  |||| 2.32177 |||| 2.32177 
1.3083  3.36503  1.3083  3.36503  |||| 2.82085 |||| 2.82085 
1.04712  3.49207  1.04712  3.49207  |||| 2.94351 |||| 2.94351 
0.982303  3.50923  0.982303  3.50923  |||| 2.92763 |||| 2.92763 
1.75297  2.28898  1.75297  2.28898  |||| 5.54989 |||| 5.54989 
1.18453  3.24519  1.18453  3.24519  |||| 2.5383 |||| 2.5383 
1.29016  2.79897  1.29016  2.79897  |||| 3.33982 |||| 3.33982 
2.09898  1.35917  2.09898  1.35917  |||| 9.03663 |||| 9.03663 
1.56383  2.32989  1.56383  2.32989  |||| 5.82122 |||| 5.82122 
1.71064  2.1783  1.71064  2.1783  |||| 7.43796 |||| 7.43796 
1.53289  2.62568  1.53289  2.62568  |||| 6.57 |||| 6.57 
1.55111  2.44023  1.55111  2.44023  |||| 7.36571 |||| 7.36571 
1.52958  2.5826  1.52958  2.5826  |||| 7.91893 |||| 7.91893 
1.44092  3.01188  1.44092  3.01188  |||| 7.82847 |||| 7.82847 
0.761925  4.17498  0.761925  4.17498  |||| 3.29271 |||| 3.29271 
1.82157  2.10654  1.82157  2.10654  |||| 15.9761 |||| 15.9761 
1.94209  1.92608  1.94209  1.92608  |||| 21.0284 |||| 21.0284 
1.62487  2.13674  1.62487  2.13674  |||| 18.7931 |||| 18.7931 
1.98539  1.74204  1.98539  1.74204  |||| 34.2571 |||| 34.2571 
1.61354  2.39631  1.61354  2.39631  |||| 33.3834 |||| 33.3834 
1.8372  2.34344  1.8372  2.34344  |||| 70.2515 |||| 70.2515 
1.67579  2.33969  1.67579  2.33969  |||| 179.118 |||| 179.118 
1.99989  0.000216834  1.76909  0.466211  |||| 1.99978 |||| 4661.94 
0.000508552  3.99898  0.0505566  3.97728  |||| 3.99897 |||| 504.479 
1.99488  0.0102468  1.93701  0.148497  |||| 2.005 |||| 29.102 
1.98457  0.0308637  1.99624  0.042533  |||| 2.01531 |||| 2.7777 
1.97415  0.0516937  1.97726  0.0547999  |||| 2.02572 |||| 2.14748 
1.96363  0.0727398  1.96363  0.0727398  |||| 2.03624 |||| 2.03624 
1.953  0.0940065  1.95757  0.0985781  |||| 2.04688 |||| 2.14643 
1.94225  0.115496  1.51492  0.972192  |||| 2.05762 |||| 17.3224 
1.93139  0.137212  1.91635  0.167305  |||| 2.06848 |||| 2.52219 
1.92042  0.159157  1.55094  0.914927  |||| 2.07946 |||| 11.9548 
1.90933  0.18134  1.82974  0.340524  |||| 2.09054 |||| 3.92584 
1.89812  0.203759  1.90848  0.214113  |||| 2.10175 |||| 2.20857 
1.88679  0.226419  1.88679  0.226419  |||| 2.11308 |||| 2.11308 
1.87534  0.249325  1.92678  0.147535  |||| 2.12454 |||| 2.18282 
1.86376  0.272481  1.87691  0.261438  |||| 2.13611 |||| 2.15119 
1.85205  0.29589  1.42391  1.15217  |||| 2.14782 |||| 8.36379 
1.84022  0.319557  1.58664  0.840652  |||| 2.15965 |||| 5.68154 
1.82826  0.343487  1.83426  0.375112  |||| 2.17162 |||| 2.37157 
1.81616  0.367683  1.34632  1.30735  |||| 2.18372 |||| 7.76478 
1.80392  0.39215  1.80393  0.392149  |||| 2.19595 |||| 2.19595 
1.79155  0.416895  1.38231  1.23721  |||| 2.20832 |||| 6.55379 
1.77904  0.441919  1.54246  0.915076  |||| 2.22083 |||| 4.59875 
1.76639  0.467227  1.0445  1.91967  |||| 2.23349 |||| 9.17688 
1.75359  0.492826  1.75359  0.492826  |||| 2.24629 |||| 2.24629 
1.74064  0.518719  1.47695  1.05078  |||| 2.25923 |||| 4.57664 
1.72754  0.544913  1.72912  0.546493  |||| 2.27233 |||| 2.27892 
1.71429  0.571412  1.58128  0.84734  |||| 2.28558 |||| 3.38929 
1.70089  0.598222  0.952545  2.10526  |||| 2.29899 |||| 8.09076 
1.68733  0.625349  1.47512  1.04977  |||| 2.31255 |||| 3.88209 
1.6736  0.652797  1.27344  1.45442  |||| 2.32627 |||| 5.18296 
1.65971  0.680573  1.65971  0.680573  |||| 2.34016 |||| 2.34016 
1.64566  0.708683  1.64566  0.708683  |||| 2.35422 |||| 2.35422 
1.63143  0.737133  1.67654  0.67241  |||| 2.36844 |||| 2.43393 
1.61703  0.765931  1.37558  1.24884  |||| 2.38284 |||| 3.88524 
1.60246  0.795079  1.60676  0.799381  |||| 2.39741 |||| 2.41039 
1.58771  0.824585  1.58977  0.82665  |||| 2.41217 |||| 2.41821 
1.57277  0.854457  1.02977  1.94047  |||| 2.4271 |||| 5.512 
1.55765  0.884701  1.34976  1.30047  |||| 2.44222 |||| 3.58999 
1.54234  0.915324  1.56087  0.933859  |||| 2.45754 |||| 2.5073 
1.52683  0.946334  1.36402  1.27321  |||| 2.47304 |||| 3.32727 
1.51113  0.977737  1.51113  0.977737  |||| 2.48874 |||| 2.48874 
1.49523  1.00954  1.33425  1.3315  |||| 2.50465 |||| 3.30343 
1.47912  1.04176  1.51704  0.987739  |||| 2.52075 |||| 2.58538 
1.46281  1.07439  1.23493  1.53266  |||| 2.53707 |||| 3.61927 
1.44628  1.10744  1.44628  1.10744  |||| 2.5536 |||| 2.5536 
1.42953  1.14094  1.07136  1.85728  |||| 2.57034 |||| 4.18417 
1.41257  1.17487  1.41257  1.17487  |||| 2.58731 |||| 2.58731 
1.39538  1.20925  1.46926  1.06148  |||| 2.6045 |||| 2.74242 
1.37795  1.24409  1.63755  0.725084  |||| 2.62192 |||| 3.11592 
1.3603  1.2794  1.3603  1.2794  |||| 2.63958 |||| 2.63958 
1.3424  1.31519  1.3424  1.31519  |||| 2.65747 |||| 2.65747 
1.32426  1.35147  1.32426  1.35147  |||| 2.67561 |||| 2.67561 
1.30587  1.38825  1.31065  1.39086  |||| 2.694 |||| 2.70385 
1.28723  1.42554  1.29355  1.43186  |||| 2.71264 |||| 2.72596 
1.26833  1.46334  1.28859  1.42933  |||| 2.73155 |||| 2.77519 
1.24916  1.50168  1.64207  0.720909  |||| 2.75072 |||| 3.61599 
1.22972  1.54056  1.22972  1.54056  |||| 2.77015 |||| 2.77015 
1.21  1.58  1.19564  1.60871  |||| 2.78987 |||| 2.84058 
1.19  1.62  1.19  1.62  |||| 2.80987 |||| 2.80987 
1.16971  1.66057  1.17798  1.66884  |||| 2.83016 |||| 2.85016 
1.14913  1.70174  1.15383  1.70926  |||| 2.85074 |||| 2.86334 
1.12825  1.74351  1.13347  1.74873  |||| 2.87163 |||| 2.88492 
1.10705  1.78589  1.10556  1.81285  |||| 2.89282 |||| 2.93649 
1.08555  1.82891  1.08962  1.83298  |||| 2.91433 |||| 2.92527 
1.06372  1.87257  1.06727  1.87612  |||| 2.93616 |||| 2.94597 
1.04156  1.91689  0.742558  2.51616  |||| 2.95832 |||| 3.88318 
1.01906  1.96188  1.01906  1.96188  |||| 2.98081 |||| 2.98081 
0.99622  2.00756  1.00612  1.98776  |||| 3.00365 |||| 3.03351 
0.973026  2.05395  1.19209  1.61582  |||| 3.02685 |||| 3.70838 
0.949468  2.10106  0.949468  2.10106  |||| 3.05041 |||| 3.05041 
0.925543  2.14891  1.17617  1.64787  |||| 3.07433 |||| 3.90694 
0.901241  2.19752  1.1997  1.6052  |||| 3.09863 |||| 4.12491 
0.87655  2.2469  0.900616  2.27096  |||| 3.12332 |||| 3.20908 
0.851464  2.29707  0.858257  2.30387  |||| 3.14841 |||| 3.17353 
0.825971  2.34806  0.881695  2.23661  |||| 3.1739 |||| 3.38806 
0.800062  2.39988  0.800062  2.39988  |||| 3.19981 |||| 3.19981 
0.773726  2.45255  0.288483  3.42466  |||| 3.22615 |||| 4.50489 
0.746953  2.50609  0.747281  2.50642  |||| 3.25292 |||| 3.25435 
0.719732  2.56054  0.720264  2.56107  |||| 3.28014 |||| 3.28256 
0.692052  2.6159  0.796914  2.40617  |||| 3.30782 |||| 3.80911 
0.6639  2.6722  0.6639  2.6722  |||| 3.33597 |||| 3.33597 
0.635266  2.72947  0.713434  2.58953  |||| 3.36461 |||| 3.77869 
0.606132  2.78774  0.616126  2.79773  |||| 3.39374 |||| 3.44971 
0.576493  2.84701  0.759703  2.489  |||| 3.42338 |||| 4.51154 
0.546331  2.90734  0.549099  2.91011  |||| 3.45354 |||| 3.47104 
0.515633  2.96873  0.517603  2.97071  |||| 3.48424 |||| 3.49755 
0.484385  3.03123  0.900022  2.19996  |||| 3.51549 |||| 6.53271 
0.452571  3.09486  0.936732  2.12654  |||| 3.5473 |||| 7.34313 
0.420175  3.15965  0.539529  2.92094  |||| 3.5797 |||| 4.5968 
0.387183  3.22563  0.792835  2.41433  |||| 3.61269 |||| 7.39877 
0.353574  3.29285  0.659164  2.68186  |||| 3.6463 |||| 6.79868 
0.319339  3.36132  0.319339  3.36132  |||| 3.68054 |||| 3.68054 
0.28445  3.4311  0.459092  3.08182  |||| 3.71543 |||| 5.99738 
0.248898  3.5022  0.252325  3.50563  |||| 3.75098 |||| 3.80265 
0.212656  3.57469  0.655802  2.71791  |||| 3.78722 |||| 11.6833 
0.175708  3.64858  0.173685  3.65263  |||| 3.82416 |||| 3.82841 
0.138032  3.72394  0.138032  3.72394  |||| 3.86184 |||| 3.86184 
0.0996053  3.80079  0.225248  3.55027  |||| 3.90027 |||| 8.82546 
0.0604065  3.87919  0.0604065  3.87919  |||| 3.93947 |||| 3.93947 
0.0204118  3.95918  0.154079  3.70236  |||| 3.97946 |||| 30.1781 
