0.499907 4.99578e-05 4.32944e-05
4.84578e-05 0.499903 4.88369e-05
4.89851e-05 4.97467e-05 0.499901
0.464105 0.0179472 0.0179474
0.437828 0.0466327 0.0155397
0.419742 0.020063 0.0601949
0.405033 0.0831043 0.0118627
0.392307 0.0403845 0.0673084
0.380941 0.0744126 0.0446466
0.370579 0.0161776 0.113243
0.360971 0.130342 0.00868738
0.351999 0.0647562 0.0832453
0.34352 0.10758 0.0488995
0.335498 0.0308434 0.133659
0.327844 0.139878 0.0322781
0.320509 0.0560927 0.123398
0.313471 0.104923 0.0816055
0.306683 0.0120804 0.181237
0.300133 0.193628 0.00623877
0.293787 0.0966573 0.109555
0.287627 0.152644 0.0597284
0.281648 0.0477632 0.170588
0.275817 0.189154 0.0350281
0.270142 0.0790134 0.150845
0.264604 0.139766 0.0956302
0.259198 0.0225759 0.218226
0.253898 0.223031 0.0230711
0.248716 0.102083 0.149201
0.24364 0.168234 0.0881257
0.238646 0.040835 0.220519
0.233775 0.207991 0.0582331
0.228976 0.0762266 0.194797
0.224264 0.146482 0.129253
0.219627 0.00874582 0.271627
0.215075 0.280482 0.00444372
0.210581 0.140187 0.149232
0.206157 0.215791 0.0780519
0.201811 0.0698874 0.228302
0.197519 0.25995 0.0425313
0.193289 0.11022 0.196491
0.189114 0.189449 0.121436
0.184998 0.0344498 0.280552
0.180932 0.294143 0.0249256
0.17692 0.136301 0.186779
0.172952 0.219736 0.107312
0.169039 0.0568834 0.274077
0.165163 0.266824 0.068013
0.161342 0.100521 0.238137
0.157555 0.187275 0.15517
0.153816 0.01621 0.329974
0.150109 0.333492 0.0163988
0.146445 0.160204 0.193351
0.142822 0.251144 0.106035
0.139228 0.073282 0.28749
0.135676 0.301716 0.0626081
0.132153 0.120698 0.247149
0.128663 0.214678 0.156659
0.125211 0.0292786 0.34551
0.121792 0.336841 0.0413663
0.118401 0.149063 0.232536
0.115041 0.246613 0.138346
0.1117 0.0545926 0.333707
0.108395 0.299823 0.0917823
0.105101 0.104895 0.290005
0.101871 0.205285 0.192844
0.0986495 0.00626592 0.395085
0.0954494 0.401395 0.00315565
0.0922773 0.200674 0.207048
0.089128 0.304946 0.105926
0.0860044 0.100261 0.313734
0.082905 0.361705 0.0553905
0.0798253 0.154279 0.265895
0.0767684 0.261208 0.162023
0.0737361 0.0499465 0.376317
0.0707172 0.3991 0.0301829
0.0677288 0.185741 0.24653
0.0647572 0.295832 0.139411
0.0617953 0.0787365 0.359468
0.0588727 0.354972 0.0861549
0.055966 0.135283 0.308751
0.0530743 0.247903 0.199023
0.0502002 0.0245977 0.425202
0.0473371 0.434985 0.0176779
0.0445026 0.209971 0.245526
0.0416841 0.325835 0.132481
0.0388705 0.0972631 0.363866
0.0360969 0.3878 0.0761035
0.0333273 0.156774 0.309899
0.0305674 0.275059 0.194374
0.0278371 0.0405728 0.43159
0.025114 0.426663 0.0482225
0.0224071 0.19029 0.287303
0.0197156 0.311433 0.168851
0.0170402 0.071686 0.411274
0.0143802 0.375599 0.110021
0.0116908 0.133518 0.354791
0.00910357 0.256944 0.233953
0.00647302 0.011552 0.481975
0.00387689 0.484498 0.0116248
0.00128555 0.237668 0.261046
