0.499911 4.77461e-05 4.08353e-05
3.21481e-05 0.499918 4.97462e-05
4.4275e-05 4.43321e-05 0.499911
0.464104 0.0179493 0.0179469
0.437826 0.046633 0.0155412
0.419742 0.0200568 0.0602017
0.405037 0.0830992 0.0118639
0.392308 0.0403852 0.0673064
0.380943 0.0744102 0.0446464
0.370568 0.016179 0.113253
0.360974 0.130345 0.00868116
0.352 0.0647569 0.0832434
0.343529 0.107577 0.0488939
0.335498 0.030842 0.13366
0.32784 0.139881 0.0322798
0.320517 0.056079 0.123404
0.313474 0.104925 0.0816009
0.30669 0.0120798 0.18123
0.30014 0.193625 0.00623501
0.293788 0.0966622 0.10955
0.28763 0.152646 0.0597244
0.281647 0.0477475 0.170605
0.275822 0.189152 0.0350268
0.270149 0.0790095 0.150842
0.264604 0.139766 0.0956306
0.259186 0.0225758 0.218238
0.253895 0.223032 0.0230723
0.248723 0.102086 0.149191
0.243634 0.168242 0.088124
0.238661 0.0408251 0.220514
0.233775 0.207989 0.058236
0.228977 0.0762214 0.194801
0.224264 0.146485 0.129251
0.219633 0.008753 0.271614
0.215068 0.28048 0.00445165
0.210582 0.140187 0.149231
0.206163 0.215787 0.07805
0.20181 0.069888 0.228302
0.197521 0.259948 0.0425315
0.193286 0.110224 0.19649
0.189111 0.189447 0.121442
0.184999 0.0344479 0.280553
0.180932 0.294142 0.0249266
0.176919 0.136299 0.186782
0.172954 0.219734 0.107312
0.169039 0.0568828 0.274078
0.165164 0.266823 0.0680135
0.16134 0.10054 0.238121
0.157558 0.187274 0.155168
0.153814 0.0162252 0.329961
0.150111 0.333488 0.016401
0.146445 0.160205 0.19335
0.142822 0.251145 0.106033
0.139233 0.0732785 0.287489
0.135666 0.301718 0.0626157
0.132145 0.120697 0.247157
0.12866 0.214685 0.156655
0.125212 0.029276 0.345512
0.121791 0.336843 0.0413658
0.118395 0.149064 0.232541
0.115039 0.246618 0.138343
0.11171 0.0546038 0.333687
0.108393 0.299824 0.0917833
0.105123 0.104888 0.289989
0.101867 0.205287 0.192846
0.0986506 0.00626174 0.395088
0.0954483 0.401394 0.00315812
0.0922778 0.200674 0.207048
0.089132 0.304947 0.105921
0.0859953 0.100266 0.313738
0.0829018 0.361702 0.0553961
0.0798262 0.154283 0.265891
0.0767683 0.261212 0.16202
0.0737371 0.0499491 0.376314
0.0707237 0.399095 0.0301817
0.0677321 0.185741 0.246527
0.0647609 0.295827 0.139412
0.0618087 0.0787374 0.359454
0.0588765 0.354969 0.0861543
0.0559668 0.13529 0.308743
0.0530747 0.247903 0.199022
0.0501995 0.0245957 0.425205
0.0473436 0.434975 0.0176814
0.0445032 0.209952 0.245545
0.0416856 0.325826 0.132488
0.0388832 0.0972668 0.36385
0.0360954 0.387797 0.0761076
0.0333187 0.156772 0.309909
0.0305736 0.275054 0.194373
0.0278322 0.0405763 0.431592
0.0251153 0.426655 0.0482297
0.0224005 0.190293 0.287307
0.0197191 0.311437 0.168844
0.0170158 0.0716915 0.411293
0.0143815 0.375595 0.110023
0.0117313 0.133508 0.354761
0.00910249 0.256952 0.233945
0.00647242 0.0115667 0.481961
0.00388095 0.484495 0.0116244
0.00128243 0.237668 0.261049
