1 6.6441e-05
7.00558e-05 1
1 0.00414824
1 0.0110021
1 0.0221696
1 0.036776
1 0.0471059
1 0.0574499
1 0.0680348
1 0.0810491
1 0.0848577
0.927479 0.100001
0.9 0.107625
0.9 0.118972
0.9 0.126163
0.9 0.143749
0.862015 0.150001
0.85 0.157305
0.85 0.166238
0.85 0.184463
0.85 0.1956
0.804353 0.200001
0.8 0.211281
0.8 0.223759
0.8 0.234594
0.8 0.244881
0.778062 0.258579
0.756345 0.265515
0.75604 0.272987
0.75604 0.293388
0.75604 0.304936
0.75604 0.324315
0.75604 0.334098
0.673089 0.350003
0.673089 0.350003
0.673089 0.350003
0.655124 0.355927
0.65 0.361993
0.65 0.379926
0.65 0.400226
0.65 0.419165
0.65 0.428899
0.586243 0.45
0.586243 0.45
0.586243 0.45
0.562004 0.45
0.550002 0.456518
0.550001 0.47608
0.550001 0.484082
0.509342 0.5
0.509342 0.5
0.5 0.506712
0.5 0.527135
0.5 0.54447
0.5 0.574789
0.5 0.593546
0.470881 0.626149
0.470881 0.626149
0.43994 0.626149
0.43994 0.626149
0.423775 0.627673
0.421227 0.649637
0.421227 0.649637
0.314294 0.7
0.314294 0.7
0.314294 0.7
0.314294 0.7
0.314294 0.7
0.314294 0.7
0.314294 0.7
0.301411 0.7
0.300001 0.724964
0.263758 0.75
0.263758 0.75
0.263758 0.75
0.250004 0.750013
0.25 0.789587
0.223322 0.8
0.223322 0.8
0.21159 0.8
0.200001 0.804335
0.163655 0.85
0.163655 0.85
0.163655 0.85
0.159301 0.85
0.150003 0.863391
0.150001 0.936607
0.061117 0.95
0.061117 0.95
0.061117 0.95
0.061117 0.95
0.061117 0.95
0.061117 0.95
0.061117 0.95
0.0557629 0.95
0.00485069 1
0.00485069 1
0.00485069 1
0.00485069 1
0.00485069 1
