1.98015 0.000200025 0.000200317
0.000395785 3.92026 0.000340215
0.000589548 0.000587085 5.8741
1.63238 0.0631358 0.0628129
1.44013 0.153389 0.051101
1.58278 0.0756664 0.227017
1.27883 0.262401 0.0374866
1.43195 0.147411 0.24564
1.28209 0.250443 0.15011
1.58309 0.0690982 0.483317
1.11793 0.403669 0.0269108
1.28899 0.237134 0.304762
1.1494 0.359939 0.163608
1.44018 0.132409 0.573574
1.06033 0.452419 0.104398
1.29331 0.226334 0.497564
1.12344 0.375994 0.29232
1.58006 0.0622506 0.933495
0.937708 0.604943 0.0195053
1.12333 0.369577 0.418896
0.987357 0.523982 0.205033
1.29099 0.218911 0.781863
0.910994 0.624756 0.115687
1.14953 0.336221 0.641402
0.982869 0.519147 0.355191
0.985643 0.119978 1.19242
0.834414 0.732979 0.0758131
1.05094 0.431356 0.630406
0.900131 0.621553 0.325345
1.2767 0.218422 1.17957
0.824346 0.733418 0.205173
1.1039 0.367478 0.939132
0.9115 0.59537 0.525331
1.10905 0.0442394 1.37152
0.713874 0.930975 0.0147763
0.902569 0.600863 0.639497
0.770274 0.806221 0.29151
0.985643 0.119978 1.19242
0.703625 0.926003 0.151467
0.942846 0.537671 0.958184
0.778424 0.779742 0.49973
0.888879 0.165539 1.34797
0.641624 1.04305 0.0883323
0.8513 0.655844 0.898738
0.70635 0.897376 0.438215
0.781316 0.262919 1.26671
0.637824 1.03039 0.262632
0.610177 0.47826 1.19242
0.721053 0.857046 0.710061
0.949149 0.100133 2.0361
0.551274 1.22474 0.0601853
0.741547 0.811211 0.978609
0.608472 1.06998 0.451616
0.678674 0.357217 1.40134
0.545255 1.21251 0.251565
0.585059 0.513105 1.19242
0.618537 1.03202 0.753088
0.810725 0.189569 2.23682
0.487491 1.34831 0.165499
0.585059 0.513105 1.19242
0.54817 1.17516 0.659167
0.673395 0.329174 2.01158
0.482729 1.33514 0.408644
0.537442 0.536242 1.48246
0.559994 1.12842 1.05965
0.626093 0.0397702 2.50737
0.387166 1.6281 0.0127884
0.38911 0.850359 1.19242
0.426922 1.46069 0.50692
0.495773 0.57801 1.80859
0.372834 1.62663 0.248933
0.403877 0.780585 1.34498
0.423817 1.44208 0.89438
0.435032 0.202406 2.38992
0.318782 1.79886 0.135994
0.340406 0.933481 1.23876
0.35652 1.62858 0.767085
0.242937 0.490018 2.38992
0.301561 1.81802 0.441237
0.349003 0.843632 1.92474
0.200149 1.34214 1.19242
0.385809 0.18905 3.26799
0.229752 2.11085 0.0857371
0.24496 1.15558 1.35144
0.250686 1.95955 0.796446
0.242937 0.490018 2.38992
0.202297 2.17332 0.426276
0.23545 1.10753 2.1885
0.129355 1.60813 1.19242
0.122331 0.214119 3.58496
0.144141 2.44867 0.276768
0.160135 1.35975 2.05284
0.129355 1.60813 1.19242
0.143682 0.604399 3.46676
0.100824 2.63306 0.771073
0.0808223 0.919627 2.44359
0.0650493 1.83591 1.6711
0.0132342 0.111616 4.77078
0.0265817 3.31779 0.0795643
0.00567441 1.47183 2.38992
