2.0475 0.047737 0.0477316
0.0657187 4.04732 0.0626842
0.0585581 0.0554807 6.0474
2.04696 0.124773 0.124864
2.04454 0.259911 0.118446
2.04466 0.142877 0.333639
2.037 0.455052 0.105889
2.04162 0.252519 0.389229
2.03656 0.435466 0.280351
2.03676 0.134291 0.654668
2.01573 0.756908 0.0948983
2.03302 0.412225 0.516452
2.02133 0.6647 0.328176
2.0281 0.229359 0.835359
2.00261 0.880404 0.239859
2.02387 0.392837 0.807374
2.01298 0.704385 0.558503
2.00954 0.124631 1.20516
1.95117 1.27363 0.0871899
2.00641 0.691089 0.776944
1.9765 1.06962 0.447449
2.00134 0.37833 1.22912
1.93818 1.34203 0.287389
1.99387 0.615935 1.13273
1.96845 1.06052 0.740773
1.97162 0.214869 1.66512
1.87845 1.65317 0.213738
1.97036 0.835491 1.19916
1.92619 1.34266 0.726
1.95282 0.372974 1.80516
1.87016 1.66621 0.500909
1.94772 0.679092 1.66146
1.91813 1.26735 1.12395
1.89668 0.121189 2.3306
1.7237 2.22943 0.082303
1.89963 1.27845 1.35795
1.80925 1.88813 0.713268
1.89523 0.686333 2.13429
1.71618 2.23949 0.406352
1.8767 1.08881 1.90396
1.80455 1.80454 1.17386
1.82693 0.378329 2.74127
1.59973 2.56584 0.261049
1.82131 1.41168 1.91705
1.71149 2.15757 1.07817
1.78875 0.632436 2.86578
1.5958 2.54372 0.683917
1.77659 1.12301 2.59495
1.70315 2.01165 1.67516
1.67392 0.218562 3.5299
1.38698 3.01629 0.193647
1.68543 1.83581 2.206
1.52564 2.64127 1.14234
1.65872 0.893916 3.36769
1.37966 3.00286 0.660998
1.63125 1.49076 3.00366
1.51514 2.49102 1.83074
1.51553 0.390032 4.08978
1.21896 3.27871 0.444368
1.52942 1.90923 2.95207
1.36527 2.86586 1.62844
1.44552 0.729361 4.21448
1.20579 3.24252 1.02572
1.43108 1.42494 3.85568
1.33668 2.6393 2.48221
1.24832 0.123638 4.84429
0.909035 3.6573 0.0761036
1.25736 2.67171 2.75518
1.03958 3.43117 1.22281
1.24084 1.43507 4.38932
0.879969 3.66572 0.601622
1.17348 2.21784 3.78798
1.00456 3.29327 2.0606
1.04875 0.723714 5.14148
0.717617 3.81151 0.33224
1.00856 2.67459 3.53442
0.821025 3.5666 1.70603
0.930177 1.16791 5.16252
0.67273 3.79824 0.957839
0.877488 2.04646 4.60924
0.756591 3.34503 2.69492
0.715792 0.373439 5.68145
0.475661 3.95333 0.206411
0.684436 3.03781 3.54456
0.529963 3.79415 1.57097
0.620675 1.47345 5.38306
0.413583 3.94668 0.812819
0.548179 2.38843 4.67503
0.44483 3.5939 2.5537
0.42687 0.59582 5.88087
0.283566 4.0083 0.495347
0.377976 2.82788 4.24553
0.287118 3.7822 2.07241
0.288931 1.05155 5.81006
0.200534 3.96181 1.19426
0.222831 2.00633 5.25231
0.171546 3.46031 3.15476
0.131236 0.191297 6.03836
0.0755271 4.04659 0.143644
0.0647786 3.27466 3.59216
