2.00006 0.000290534
0.0919511 4.09187
2.00003 0.000876267
2.00003 0.000876267
2.00003 0.000876267
2.00003 0.000876267
2.00003 0.000876267
2.00003 0.000876267
2.00003 0.000876267
2.00003 0.000876267
2.00003 0.000876267
2.00003 0.000876267
1.99697 0.228576
1.9962 0.253199
1.9959 0.261131
1.9959 0.261131
1.99348 0.3301
1.99226 0.356967
1.99095 0.384507
1.98953 0.412518
1.988 0.441303
1.98634 0.470651
1.98444 0.500665
1.9825 0.53142
1.98035 0.562859
1.97795 0.595018
1.97553 0.627911
1.97273 0.661638
1.96964 0.696009
1.96663 0.731334
1.96316 0.767348
1.95949 0.80416
1.95536 0.842012
1.95127 0.880793
1.94657 0.920289
1.94172 0.960833
1.93654 1.0022
1.93085 1.0446
1.92492 1.08791
1.91845 1.1322
1.91167 1.17756
1.90439 1.22387
1.89668 1.27122
1.88839 1.31964
1.87942 1.36882
1.87017 1.41935
1.86012 1.47084
1.84956 1.52334
1.83825 1.57689
1.82636 1.63145
1.8137 1.6871
1.8003 1.7437
1.78603 1.80119
1.77101 1.85973
1.75503 1.91907
1.73836 1.97964
1.72052 2.04056
1.70176 2.10238
1.68207 2.16501
1.66136 2.22837
1.63945 2.292
1.61655 2.35639
1.59244 2.42104
1.56736 2.48608
1.54106 2.55152
1.51333 2.61656
1.48625 2.68471
1.47319 2.78388
1.42323 2.81071
1.40002 2.89517
1.36708 2.96109
1.3268 3.01171
1.28741 3.06519
1.25023 3.12546
1.21796 3.20169
1.18046 3.26573
1.14298 3.33246
1.09702 3.37281
1.05352 3.42197
1.00681 3.459
0.965143 3.51551
0.923444 3.57354
0.881573 3.6342
0.839122 3.69098
0.794716 3.74114
0.749352 3.78617
0.700421 3.80913
0.654846 3.85094
0.608361 3.88536
0.56136 3.91269
0.514529 3.93885
0.468015 3.9618
0.423025 3.9958
0.377325 4.01824
0.331851 4.03912
0.286509 4.05413
0.241661 4.06749
0.198621 4.08005
0.155321 4.08492
0.111683 4.09106
