0.870534  0.688067  0.682501  0.676234  0.260764  0.220827  0.86321  0.289163  0.650307  0.989982  0.188547  0.544074  0.154148  0.48143  0.271463  0.339595  0.804009  0.102944  0.839013  0.308067  0.349493  0.870534  0.688067  0.682501  0.676234  0.260764  0.220827  0.86321  0.289163  0.650307  0.989982  0.188547  0.544074  0.154148  0.48143  0.271463  0.339595  0.804009  0.102944  0.839013  0.308067  0.349493  
0.977219  0.0874523  0.286584  0.101237  0.41082  0.77618  0.982972  0.359787  0.541043  0.872946  0.607427  0.307689  0.00861077  0.168668  0.4894  0.054156  0.41641  0.999666  0.678215  0.295173  0.434321  0.977219  0.0874523  0.286584  0.101237  0.41082  0.77618  0.982972  0.359787  0.541043  0.872946  0.607427  0.307689  0.00861077  0.168668  0.4894  0.054156  0.41641  0.999666  0.678215  0.295173  0.434321  
0.241081  0.380904  0.855657  0.994679  0.357777  0.608076  0.123011  0.371326  0.940141  0.788781  0.0975525  0.395082  0.806339  0.640959  0.171439  0.209101  0.819587  0.973526  0.780106  0.685818  0.0369767  0.241081  0.380904  0.855657  0.994679  0.357777  0.608076  0.123011  0.371326  0.940141  0.788781  0.0975525  0.395082  0.806339  0.640959  0.171439  0.209101  0.819587  0.973526  0.780106  0.685818  0.0369767  
0.628771  0.763005  0.434281  0.298667  0.531921  0.81627  0.399145  0.146467  0.985165  0.803365  0.389288  0.25866  0.0353023  0.43749  0.916815  0.125788  0.0295569  0.934969  0.34314  0.852413  0.899782  0.628771  0.763005  0.434281  0.298667  0.531921  0.81627  0.399145  0.146467  0.985165  0.803365  0.389288  0.25866  0.0353023  0.43749  0.916815  0.125788  0.0295569  0.934969  0.34314  0.852413  0.899782  
0.768133  0.863924  0.00287341  0.620369  0.322145  0.978637  0.846791  0.199342  0.623873  0.253696  0.831703  0.0769876  0.669269  0.209941  0.477824  0.4651  0.515825  0.535969  0.22365  0.310494  0.536065  0.768133  0.863924  0.00287341  0.620369  0.322145  0.978637  0.846791  0.199342  0.623873  0.253696  0.831703  0.0769876  0.669269  0.209941  0.477824  0.4651  0.515825  0.535969  0.22365  0.310494  0.536065  
0.049381  0.899731  0.514011  0.286208  0.997718  0.595747  0.137425  0.833539  0.428215  0.323798  0.0246397  0.428165  0.694435  0.0155145  0.944641  0.0246038  0.83599  0.321987  0.475932  0.0302876  0.866872  0.049381  0.899731  0.514011  0.286208  0.997718  0.595747  0.137425  0.833539  0.428215  0.323798  0.0246397  0.428165  0.694435  0.0155145  0.944641  0.0246038  0.83599  0.321987  0.475932  0.0302876  0.866872  
0.10417  0.670738  0.612159  0.201325  0.0458141  0.785422  0.96507  0.646308  0.455126  0.853293  0.947729  0.603982  0.578659  0.00470559  0.205374  0.834682  0.794328  0.871829  0.0518623  0.56113  0.619047  0.10417  0.670738  0.612159  0.201325  0.0458141  0.785422  0.96507  0.646308  0.455126  0.853293  0.947729  0.603982  0.578659  0.00470559  0.205374  0.834682  0.794328  0.871829  0.0518623  0.56113  0.619047  
0.606242  0.526403  0.901316  0.80831  0.281486  0.143689  0.964108  0.928331  0.435596  0.743903  0.442041  0.739599  0.184827  0.0307964  0.727726  0.350021  0.820262  0.110368  0.309891  0.832064  0.609228  0.606242  0.526403  0.901316  0.80831  0.281486  0.143689  0.964108  0.928331  0.435596  0.743903  0.442041  0.739599  0.184827  0.0307964  0.727726  0.350021  0.820262  0.110368  0.309891  0.832064  0.609228  
0.265668  0.30227  0.0429819  0.664406  0.51782  0.950895  0.978986  0.476309  0.344607  0.627781  0.691423  0.899446  0.0225401  0.43354  0.310294  0.926943  0.328485  0.702003  0.00620904  0.060366  0.326055  0.265668  0.30227  0.0429819  0.664406  0.51782  0.950895  0.978986  0.476309  0.344607  0.627781  0.691423  0.899446  0.0225401  0.43354  0.310294  0.926943  0.328485  0.702003  0.00620904  0.060366  0.326055  
0.721564  0.627421  0.063551  0.821778  0.794069  0.846374  0.913026  0.726582  0.411474  0.943248  0.664676  0.679255  0.734021  0.401551  0.100362  0.755394  0.450183  0.62107  0.6324  0.00240959  0.784674  0.721564  0.627421  0.063551  0.821778  0.794069  0.846374  0.913026  0.726582  0.411474  0.943248  0.664676  0.679255  0.734021  0.401551  0.100362  0.755394  0.450183  0.62107  0.6324  0.00240959  0.784674  
0.897197  0.172041  0.446725  0.325065  0.606585  0.618906  0.88817  0.220579  0.494428  0.0452593  0.0384093  0.948741  0.90647  0.858912  0.0921176  0.990526  0.324343  0.624533  0.0710563  0.685916  0.573155  0.897197  0.172041  0.446725  0.325065  0.606585  0.618906  0.88817  0.220579  0.494428  0.0452593  0.0384093  0.948741  0.90647  0.858912  0.0921176  0.990526  0.324343  0.624533  0.0710563  0.685916  0.573155  
0.852271  0.322972  0.593163  0.805677  0.8024  0.179425  0.546146  0.511351  0.155671  0.682083  0.298746  0.31998  0.270723  0.862997  0.666214  0.857379  0.703335  0.965929  0.429087  0.994007  0.965086  0.852271  0.322972  0.593163  0.805677  0.8024  0.179425  0.546146  0.511351  0.155671  0.682083  0.298746  0.31998  0.270723  0.862997  0.666214  0.857379  0.703335  0.965929  0.429087  0.994007  0.965086  
0.280935  0.854395  0.320423  0.723297  0.243896  0.576971  0.0525384  0.955205  0.451635  0.812057  0.812935  0.892662  0.374015  0.190136  0.0165339  0.658514  0.668116  0.720569  0.889944  0.497442  0.649269  0.280935  0.854395  0.320423  0.723297  0.243896  0.576971  0.0525384  0.955205  0.451635  0.812057  0.812935  0.892662  0.374015  0.190136  0.0165339  0.658514  0.668116  0.720569  0.889944  0.497442  0.649269  
0.906061  0.7379  0.136452  0.214304  0.772603  0.71803  0.81084  0.5916  0.233972  0.252117  0.0608137  0.554018  0.805695  0.909831  0.709201  0.555211  0.626346  0.960272  0.656081  0.512556  0.502003  0.906061  0.7379  0.136452  0.214304  0.772603  0.71803  0.81084  0.5916  0.233972  0.252117  0.0608137  0.554018  0.805695  0.909831  0.709201  0.555211  0.626346  0.960272  0.656081  0.512556  0.502003  
0.264989  0.469604  0.798025  0.384226  0.535995  0.737159  0.820486  0.551976  0.312518  0.694644  0.898809  0.823961  0.348142  0.618091  0.55326  0.13644  0.107055  0.541425  0.560665  0.913212  0.0853303  0.264989  0.469604  0.798025  0.384226  0.535995  0.737159  0.820486  0.551976  0.312518  0.694644  0.898809  0.823961  0.348142  0.618091  0.55326  0.13644  0.107055  0.541425  0.560665  0.913212  0.0853303  
0.567218  0.141286  0.0816186  0.497713  0.268364  0.294214  0.0581507  0.54863  0.814944  0.819765  0.357969  0.513442  0.607624  0.160066  0.429903  0.506533  0.525185  0.641036  0.439284  0.983327  0.839594  0.567218  0.141286  0.0816186  0.497713  0.268364  0.294214  0.0581507  0.54863  0.814944  0.819765  0.357969  0.513442  0.607624  0.160066  0.429903  0.506533  0.525185  0.641036  0.439284  0.983327  0.839594  
0.568055  0.574497  0.367824  0.222759  0.0428385  0.485065  0.957592  0.81109  0.658092  0.816024  0.525179  0.191223  0.0811637  0.881791  0.436342  0.768668  0.505931  0.995737  0.517912  0.565391  0.300266  0.568055  0.574497  0.367824  0.222759  0.0428385  0.485065  0.957592  0.81109  0.658092  0.816024  0.525179  0.191223  0.0811637  0.881791  0.436342  0.768668  0.505931  0.995737  0.517912  0.565391  0.300266  
0.753997  0.0955281  0.195099  0.841852  0.558023  0.966309  0.602462  0.358737  0.680283  0.176795  0.545713  0.930875  0.730716  0.369763  0.680286  0.172021  0.798825  0.870769  0.103609  0.554634  0.221369  0.753997  0.0955281  0.195099  0.841852  0.558023  0.966309  0.602462  0.358737  0.680283  0.176795  0.545713  0.930875  0.730716  0.369763  0.680286  0.172021  0.798825  0.870769  0.103609  0.554634  0.221369  
0.474461  0.106684  0.996277  0.471769  0.775554  0.400979  0.78441  0.734136  0.562572  0.292609  0.0610243  0.256449  0.965358  0.370502  0.85071  0.695167  0.158255  0.322498  0.392405  0.599535  0.467209  0.474461  0.106684  0.996277  0.471769  0.775554  0.400979  0.78441  0.734136  0.562572  0.292609  0.0610243  0.256449  0.965358  0.370502  0.85071  0.695167  0.158255  0.322498  0.392405  0.599535  0.467209  
0.0761884  0.575027  0.485478  0.775902  0.384274  0.537661  0.976336  0.737809  0.326538  0.779632  0.151095  0.812542  0.026091  0.707765  0.832503  0.325931  0.169825  0.981273  0.622947  0.4906  0.179683  0.0761884  0.575027  0.485478  0.775902  0.384274  0.537661  0.976336  0.737809  0.326538  0.779632  0.151095  0.812542  0.026091  0.707765  0.832503  0.325931  0.169825  0.981273  0.622947  0.4906  0.179683  
0.577953  0.647115  0.194692  0.814915  0.363022  0.443321  0.0354941  0.835177  0.292499  0.345037  0.883347  0.209787  0.281098  0.120681  0.6001  0.371511  0.968388  0.212734  0.923292  0.682665  0.374512  0.577953  0.647115  0.194692  0.814915  0.363022  0.443321  0.0354941  0.835177  0.292499  0.345037  0.883347  0.209787  0.281098  0.120681  0.6001  0.371511  0.968388  0.212734  0.923292  0.682665  0.374512  
0.108836  0.235057  0.715222  0.165865  0.010536  0.128832  0.703094  0.743208  0.322847  0.305957  0.0995885  0.248271  0.767285  0.868307  0.646279  0.410277  0.871261  0.168171  0.129332  0.280115  0.713726  0.108836  0.235057  0.715222  0.165865  0.010536  0.128832  0.703094  0.743208  0.322847  0.305957  0.0995885  0.248271  0.767285  0.868307  0.646279  0.410277  0.871261  0.168171  0.129332  0.280115  0.713726  
0.274361  0.407666  0.692758  0.937941  0.524407  0.135573  0.947086  0.11146  0.50192  0.650599  0.778033  0.312659  0.471106  0.00777911  0.342206  0.174448  0.039628  0.457201  0.913304  0.592614  0.641441  0.274361  0.407666  0.692758  0.937941  0.524407  0.135573  0.947086  0.11146  0.50192  0.650599  0.778033  0.312659  0.471106  0.00777911  0.342206  0.174448  0.039628  0.457201  0.913304  0.592614  0.641441  
0.154367  0.620636  0.434029  0.124012  0.573735  0.256197  0.861411  0.222004  0.0339325  0.177099  0.965481  0.548307  0.411062  0.84969  0.715533  0.207828  0.480875  0.473537  0.180669  0.143058  0.125019  0.154367  0.620636  0.434029  0.124012  0.573735  0.256197  0.861411  0.222004  0.0339325  0.177099  0.965481  0.548307  0.411062  0.84969  0.715533  0.207828  0.480875  0.473537  0.180669  0.143058  0.125019  
0.382542  0.129984  0.447394  0.247579  0.781627  0.0688241  0.171691  0.0657553  0.494647  0.660324  0.915153  0.645504  0.75402  0.960854  0.219945  0.303503  0.260344  0.729795  0.580875  0.436299  0.509427  0.382542  0.129984  0.447394  0.247579  0.781627  0.0688241  0.171691  0.0657553  0.494647  0.660324  0.915153  0.645504  0.75402  0.960854  0.219945  0.303503  0.260344  0.729795  0.580875  0.436299  0.509427  
0.377116  0.907603  0.0770982  0.880605  0.979272  0.479459  0.57246  0.0029659  0.24966  0.655488  0.822177  0.0717565  0.816169  0.0794727  0.11362  0.837637  0.348445  0.0785552  0.957657  0.806409  0.539178  0.377116  0.907603  0.0770982  0.880605  0.979272  0.479459  0.57246  0.0029659  0.24966  0.655488  0.822177  0.0717565  0.816169  0.0794727  0.11362  0.837637  0.348445  0.0785552  0.957657  0.806409  0.539178  
0.178758  0.886839  0.0261182  0.604469  0.65253  0.958934  0.712  0.873666  0.370602  0.41283  0.245419  0.528224  0.394141  0.139214  0.863072  0.157236  0.653365  0.683213  0.276314  0.938451  0.397271  0.178758  0.886839  0.0261182  0.604469  0.65253  0.958934  0.712  0.873666  0.370602  0.41283  0.245419  0.528224  0.394141  0.139214  0.863072  0.157236  0.653365  0.683213  0.276314  0.938451  0.397271  
0.248845  0.393724  0.282109  0.479828  0.872471  0.20711  0.554756  0.0989975  0.570117  0.941474  0.758272  0.270213  0.392849  0.860227  0.601294  0.446811  0.4744  0.47293  0.896918  0.262185  0.984588  0.248845  0.393724  0.282109  0.479828  0.872471  0.20711  0.554756  0.0989975  0.570117  0.941474  0.758272  0.270213  0.392849  0.860227  0.601294  0.446811  0.4744  0.47293  0.896918  0.262185  0.984588  
0.966884  0.687809  0.487387  0.886765  0.700927  0.154988  0.99325  0.725625  0.526055  0.0146356  0.926208  0.743576  0.33897  0.948919  0.220736  0.909957  0.182549  0.797405  0.711343  0.10134  0.651854  0.966884  0.687809  0.487387  0.886765  0.700927  0.154988  0.99325  0.725625  0.526055  0.0146356  0.926208  0.743576  0.33897  0.948919  0.220736  0.909957  0.182549  0.797405  0.711343  0.10134  0.651854  
0.0958577  0.258695  0.859616  0.708656  0.658478  0.866914  0.73122  0.139654  0.994057  0.390568  0.483192  0.692209  0.707894  0.792499  0.936948  0.129775  0.567315  0.552425  0.0549229  0.256827  0.111826  0.0958577  0.258695  0.859616  0.708656  0.658478  0.866914  0.73122  0.139654  0.994057  0.390568  0.483192  0.692209  0.707894  0.792499  0.936948  0.129775  0.567315  0.552425  0.0549229  0.256827  0.111826  
0.033722  0.937578  0.0371055  0.600753  0.83365  0.901793  0.375588  0.76574  0.545942  0.111332  0.688839  0.762751  0.346206  0.464538  0.367635  0.325301  0.815401  0.490663  0.491004  0.277573  0.135106  0.033722  0.937578  0.0371055  0.600753  0.83365  0.901793  0.375588  0.76574  0.545942  0.111332  0.688839  0.762751  0.346206  0.464538  0.367635  0.325301  0.815401  0.490663  0.491004  0.277573  0.135106  
0.688442  0.0453216  0.839788  0.515493  0.775672  0.851646  0.292318  0.362822  0.342654  0.723853  0.632255  0.6161  0.521508  0.747146  0.860467  0.125953  0.860899  0.342463  0.677338  0.515194  0.741005  0.688442  0.0453216  0.839788  0.515493  0.775672  0.851646  0.292318  0.362822  0.342654  0.723853  0.632255  0.6161  0.521508  0.747146  0.860467  0.125953  0.860899  0.342463  0.677338  0.515194  0.741005  
0.203741  0.613817  0.0272995  0.842081  0.0927169  0.596164  0.481463  0.249365  0.509093  0.901573  0.812391  0.133899  0.32253  0.0674716  0.93348  0.212785  0.037747  0.944729  0.216304  0.271816  0.495993  0.203741  0.613817  0.0272995  0.842081  0.0927169  0.596164  0.481463  0.249365  0.509093  0.901573  0.812391  0.133899  0.32253  0.0674716  0.93348  0.212785  0.037747  0.944729  0.216304  0.271816  0.495993  
0.382424  0.290793  0.244857  0.524029  0.955828  0.334118  0.993495  0.349834  0.239143  0.6188  0.311612  0.197485  0.915381  0.2215  0.882662  0.099851  0.926963  0.262221  0.408616  0.613661  0.830497  0.382424  0.290793  0.244857  0.524029  0.955828  0.334118  0.993495  0.349834  0.239143  0.6188  0.311612  0.197485  0.915381  0.2215  0.882662  0.099851  0.926963  0.262221  0.408616  0.613661  0.830497  
0.305901  0.825469  0.730089  0.679284  0.178381  0.31519  0.221259  0.647219  0.208821  0.699202  0.0626316  0.258046  0.669099  0.847142  0.345879  0.512297  0.733539  0.0163095  0.959451  0.35461  0.748184  0.305901  0.825469  0.730089  0.679284  0.178381  0.31519  0.221259  0.647219  0.208821  0.699202  0.0626316  0.258046  0.669099  0.847142  0.345879  0.512297  0.733539  0.0163095  0.959451  0.35461  0.748184  
0.386406  0.942888  0.800793  0.731026  0.757864  0.283804  0.142118  0.688611  0.735266  0.289799  0.719644  0.95338  0.65808  0.943026  0.0332156  0.706556  0.0817661  0.408439  0.392653  0.974133  0.650274  0.386406  0.942888  0.800793  0.731026  0.757864  0.283804  0.142118  0.688611  0.735266  0.289799  0.719644  0.95338  0.65808  0.943026  0.0332156  0.706556  0.0817661  0.408439  0.392653  0.974133  0.650274  
0.107525  0.550734  0.143384  0.299945  0.436934  0.326058  0.603392  0.693588  0.978159  0.0924122  0.10203  0.024007  0.0799871  0.109356  0.440608  0.533549  0.237267  0.676265  0.248446  0.222077  0.191692  0.107525  0.550734  0.143384  0.299945  0.436934  0.326058  0.603392  0.693588  0.978159  0.0924122  0.10203  0.024007  0.0799871  0.109356  0.440608  0.533549  0.237267  0.676265  0.248446  0.222077  0.191692  
0.979001  0.677016  0.100332  0.311967  0.771139  0.729112  0.29221  0.119014  0.0889131  0.504231  0.442258  0.12748  0.358687  0.102617  0.0324286  0.656086  0.364601  0.21324  0.647128  0.569452  0.85966  0.979001  0.677016  0.100332  0.311967  0.771139  0.729112  0.29221  0.119014  0.0889131  0.504231  0.442258  0.12748  0.358687  0.102617  0.0324286  0.656086  0.364601  0.21324  0.647128  0.569452  0.85966  
0.154425  0.0188293  0.877435  0.570502  0.875102  0.717687  0.493842  0.625848  0.358782  0.842632  0.761683  0.452877  0.433211  0.768195  0.700158  0.0958566  0.758657  0.49054  0.943911  0.334538  0.725629  0.154425  0.0188293  0.877435  0.570502  0.875102  0.717687  0.493842  0.625848  0.358782  0.842632  0.761683  0.452877  0.433211  0.768195  0.700158  0.0958566  0.758657  0.49054  0.943911  0.334538  0.725629  
0.644896  0.501161  0.842722  0.142631  0.00487798  0.548273  0.640071  0.0169453  0.456676  0.873642  0.421217  0.949864  0.159794  0.941063  0.0862517  0.35234  0.784596  0.602914  0.910638  0.237384  0.606048  0.644896  0.501161  0.842722  0.142631  0.00487798  0.548273  0.640071  0.0169453  0.456676  0.873642  0.421217  0.949864  0.159794  0.941063  0.0862517  0.35234  0.784596  0.602914  0.910638  0.237384  0.606048  
0.299966  0.98608  0.644313  0.128504  0.869019  0.566346  0.910677  0.838949  0.873692  0.90069  0.11624  0.954768  0.325579  0.0488747  0.949215  0.312469  0.609402  0.61644  0.8726  0.289249  0.262617  0.299966  0.98608  0.644313  0.128504  0.869019  0.566346  0.910677  0.838949  0.873692  0.90069  0.11624  0.954768  0.325579  0.0488747  0.949215  0.312469  0.609402  0.61644  0.8726  0.289249  0.262617  
0.620965  0.180468  0.834931  0.285112  0.768799  0.0435396  0.606395  0.286042  0.819375  0.182061  0.99467  0.585478  0.824337  0.438665  0.151626  0.116635  0.986269  0.255721  0.303168  0.160242  0.701467  0.620965  0.180468  0.834931  0.285112  0.768799  0.0435396  0.606395  0.286042  0.819375  0.182061  0.99467  0.585478  0.824337  0.438665  0.151626  0.116635  0.986269  0.255721  0.303168  0.160242  0.701467  
0.537479  0.8337  0.770118  0.399908  0.313096  0.25689  0.195775  0.866527  0.590089  0.645791  0.283232  0.601593  0.375108  0.191977  0.57189  0.681358  0.177307  0.398278  0.367727  0.564955  0.389831  0.537479  0.8337  0.770118  0.399908  0.313096  0.25689  0.195775  0.866527  0.590089  0.645791  0.283232  0.601593  0.375108  0.191977  0.57189  0.681358  0.177307  0.398278  0.367727  0.564955  0.389831  
0.222664  0.0435345  0.721498  0.172207  0.600173  0.60905  0.537552  0.223153  0.505288  0.313882  0.0349422  0.0394722  0.0879279  0.956311  0.966607  0.679  0.420701  0.923574  0.323223  0.7702  0.375522  0.222664  0.0435345  0.721498  0.172207  0.600173  0.60905  0.537552  0.223153  0.505288  0.313882  0.0349422  0.0394722  0.0879279  0.956311  0.966607  0.679  0.420701  0.923574  0.323223  0.7702  0.375522  
0.658459  0.634277  0.58334  0.905816  0.598791  0.553174  0.250069  0.663333  0.982444  0.250056  0.807028  0.915241  0.378223  0.311482  0.920146  0.00266074  0.198858  0.554243  0.234426  0.300984  0.0755154  0.658459  0.634277  0.58334  0.905816  0.598791  0.553174  0.250069  0.663333  0.982444  0.250056  0.807028  0.915241  0.378223  0.311482  0.920146  0.00266074  0.198858  0.554243  0.234426  0.300984  0.0755154  
0.456027  0.107813  0.731722  0.489023  0.8371  0.837438  0.424082  0.322635  0.42696  0.63411  0.2801  0.352881  0.181863  0.909037  0.794736  0.194574  0.67231  0.229215  0.211882  0.513336  0.00299152  0.456027  0.107813  0.731722  0.489023  0.8371  0.837438  0.424082  0.322635  0.42696  0.63411  0.2801  0.352881  0.181863  0.909037  0.794736  0.194574  0.67231  0.229215  0.211882  0.513336  0.00299152  
0.690671  0.610504  0.991971  0.24745  0.788228  0.414271  0.0842092  0.688397  0.524833  0.0109602  0.658315  0.971827  0.736588  0.81047  0.362404  0.947911  0.732134  0.321235  0.973314  0.925246  0.16946  0.690671  0.610504  0.991971  0.24745  0.788228  0.414271  0.0842092  0.688397  0.524833  0.0109602  0.658315  0.971827  0.736588  0.81047  0.362404  0.947911  0.732134  0.321235  0.973314  0.925246  0.16946  
0.337727  0.903222  0.512119  0.930367  0.885148  0.227369  0.617901  0.301151  0.115652  0.790483  0.687067  0.822823  0.712991  0.016058  0.477238  0.988472  0.660062  0.629862  0.0130506  0.669113  0.0620453  0.337727  0.903222  0.512119  0.930367  0.885148  0.227369  0.617901  0.301151  0.115652  0.790483  0.687067  0.822823  0.712991  0.016058  0.477238  0.988472  0.660062  0.629862  0.0130506  0.669113  0.0620453  
0.878618  0.382251  0.16444  0.378953  0.851806  0.170476  0.348624  0.396821  0.814815  0.172614  0.0890794  0.659353  0.246062  0.899362  0.118236  0.36265  0.752609  0.46232  0.161168  0.0131841  0.787854  0.878618  0.382251  0.16444  0.378953  0.851806  0.170476  0.348624  0.396821  0.814815  0.172614  0.0890794  0.659353  0.246062  0.899362  0.118236  0.36265  0.752609  0.46232  0.161168  0.0131841  0.787854  
0.463831  0.430497  0.00129088  0.834989  0.0839453  0.945069  0.864445  0.573887  0.817775  0.464486  0.454757  0.585782  0.439183  0.0196001  0.320659  0.755616  0.259884  0.962024  0.0590706  0.105721  0.424317  0.463831  0.430497  0.00129088  0.834989  0.0839453  0.945069  0.864445  0.573887  0.817775  0.464486  0.454757  0.585782  0.439183  0.0196001  0.320659  0.755616  0.259884  0.962024  0.0590706  0.105721  0.424317  
0.288427  0.156848  0.774727  0.428029  0.384215  0.933052  0.623275  0.565013  0.158615  0.0700018  0.536885  0.150357  0.00543436  0.516168  0.886783  0.621741  0.712328  0.0927782  0.0683213  0.280461  0.509854  0.288427  0.156848  0.774727  0.428029  0.384215  0.933052  0.623275  0.565013  0.158615  0.0700018  0.536885  0.150357  0.00543436  0.516168  0.886783  0.621741  0.712328  0.0927782  0.0683213  0.280461  0.509854  
0.178249  0.186543  0.748784  0.404983  0.0141896  0.274384  0.698218  0.692668  0.320246  0.294652  0.490883  0.724421  0.241774  0.919316  0.0369329  0.187666  0.559617  0.470821  0.298924  0.591215  0.780112  0.178249  0.186543  0.748784  0.404983  0.0141896  0.274384  0.698218  0.692668  0.320246  0.294652  0.490883  0.724421  0.241774  0.919316  0.0369329  0.187666  0.559617  0.470821  0.298924  0.591215  0.780112  
0.9944  0.335501  0.269902  0.0820718  0.731373  0.552322  0.496853  0.888026  0.805125  0.914328  0.321384  0.299367  0.440684  0.402749  0.461638  0.689056  0.883034  0.869302  0.0476906  0.124225  0.00994281  0.9944  0.335501  0.269902  0.0820718  0.731373  0.552322  0.496853  0.888026  0.805125  0.914328  0.321384  0.299367  0.440684  0.402749  0.461638  0.689056  0.883034  0.869302  0.0476906  0.124225  0.00994281  
0.385437  0.361583  0.857109  0.173689  0.85626  0.173554  0.871038  0.148659  0.932631  0.166689  0.480935  0.0900418  0.325305  0.703354  0.15172  0.00611583  0.61634  0.517328  0.180634  0.171055  0.896497  0.385437  0.361583  0.857109  0.173689  0.85626  0.173554  0.871038  0.148659  0.932631  0.166689  0.480935  0.0900418  0.325305  0.703354  0.15172  0.00611583  0.61634  0.517328  0.180634  0.171055  0.896497  
0.628427  0.363064  0.577282  0.982999  0.509709  0.856831  0.36611  0.327724  0.341858  0.412181  0.238375  0.249373  0.486606  0.934098  0.279495  0.701284  0.487873  0.12925  0.282698  0.829606  0.31549  0.628427  0.363064  0.577282  0.982999  0.509709  0.856831  0.36611  0.327724  0.341858  0.412181  0.238375  0.249373  0.486606  0.934098  0.279495  0.701284  0.487873  0.12925  0.282698  0.829606  0.31549  
0.37709  0.617289  0.427555  0.84364  0.0760184  0.400229  0.0936959  0.185331  0.664283  0.820905  0.367962  0.252843  0.261444  0.565178  0.0210526  0.60027  0.227636  0.802487  0.96711  0.91572  0.419939  0.37709  0.617289  0.427555  0.84364  0.0760184  0.400229  0.0936959  0.185331  0.664283  0.820905  0.367962  0.252843  0.261444  0.565178  0.0210526  0.60027  0.227636  0.802487  0.96711  0.91572  0.419939  
0.635882  0.901825  0.605479  0.235345  0.548108  0.669982  0.504527  0.199718  0.350054  0.357229  0.347098  0.521001  0.770773  0.631349  0.500948  0.265685  0.138213  0.590894  0.0664265  0.15968  0.0713092  0.635882  0.901825  0.605479  0.235345  0.548108  0.669982  0.504527  0.199718  0.350054  0.357229  0.347098  0.521001  0.770773  0.631349  0.500948  0.265685  0.138213  0.590894  0.0664265  0.15968  0.0713092  
0.0374814  0.208053  0.270414  0.891942  0.196952  0.681951  0.678774  0.866467  0.26401  0.686646  0.866659  0.704541  0.021832  0.774966  0.859159  0.34917  0.789734  0.686935  0.500202  0.0496299  0.185233  0.0374814  0.208053  0.270414  0.891942  0.196952  0.681951  0.678774  0.866467  0.26401  0.686646  0.866659  0.704541  0.021832  0.774966  0.859159  0.34917  0.789734  0.686935  0.500202  0.0496299  0.185233  
0.802338  0.0247815  0.830245  0.916081  0.747685  0.194495  0.31945  0.62196  0.219707  0.123539  0.0911591  0.412242  0.0403355  0.218373  0.193725  0.692248  0.635446  0.0676499  0.581299  0.507244  0.587222  0.802338  0.0247815  0.830245  0.916081  0.747685  0.194495  0.31945  0.62196  0.219707  0.123539  0.0911591  0.412242  0.0403355  0.218373  0.193725  0.692248  0.635446  0.0676499  0.581299  0.507244  0.587222  
0.280785  0.440192  0.852913  0.401104  0.323283  0.636265  0.786137  0.18643  0.360608  0.705797  0.797126  0.077939  0.840863  0.0780643  0.264145  0.459411  0.648937  0.543617  0.779225  0.632007  0.667084  0.280785  0.440192  0.852913  0.401104  0.323283  0.636265  0.786137  0.18643  0.360608  0.705797  0.797126  0.077939  0.840863  0.0780643  0.264145  0.459411  0.648937  0.543617  0.779225  0.632007  0.667084  
0.429982  0.876179  0.069257  0.786503  0.908783  0.841173  0.925309  0.825694  0.570899  0.847182  0.280287  0.473519  0.0883116  0.645185  0.636779  0.44374  0.166656  0.387918  0.469718  0.266694  0.460132  0.429982  0.876179  0.069257  0.786503  0.908783  0.841173  0.925309  0.825694  0.570899  0.847182  0.280287  0.473519  0.0883116  0.645185  0.636779  0.44374  0.166656  0.387918  0.469718  0.266694  0.460132  
0.940336  0.892533  0.937951  0.974589  0.836932  0.861511  0.150623  0.73093  0.0896176  0.0482599  0.184576  0.198235  0.187913  0.193259  0.890425  0.394424  0.349868  0.604186  0.00626564  0.556656  0.47373  0.940336  0.892533  0.937951  0.974589  0.836932  0.861511  0.150623  0.73093  0.0896176  0.0482599  0.184576  0.198235  0.187913  0.193259  0.890425  0.394424  0.349868  0.604186  0.00626564  0.556656  0.47373  
0.602945  0.498038  0.720158  0.426688  0.316038  0.398453  0.68615  0.606113  0.661802  0.569099  0.667211  0.172311  0.981478  0.924106  0.261545  0.518456  0.388731  0.0303887  0.253944  0.0466619  0.965958  0.602945  0.498038  0.720158  0.426688  0.316038  0.398453  0.68615  0.606113  0.661802  0.569099  0.667211  0.172311  0.981478  0.924106  0.261545  0.518456  0.388731  0.0303887  0.253944  0.0466619  0.965958  
0.368643  0.829765  0.260987  0.838665  0.528169  0.778809  0.272544  0.657056  0.528599  0.538283  0.192455  0.169912  0.175564  0.0678756  0.756268  0.329203  0.106994  0.364625  0.41561  0.487964  0.213118  0.368643  0.829765  0.260987  0.838665  0.528169  0.778809  0.272544  0.657056  0.528599  0.538283  0.192455  0.169912  0.175564  0.0678756  0.756268  0.329203  0.106994  0.364625  0.41561  0.487964  0.213118  
0.937245  0.393216  0.685495  0.735041  0.736252  0.0404689  0.0162356  0.566983  0.938729  0.600567  0.417507  0.231181  0.96023  0.105363  0.585332  0.0170078  0.405359  0.846773  0.73458  0.415281  0.829528  0.937245  0.393216  0.685495  0.735041  0.736252  0.0404689  0.0162356  0.566983  0.938729  0.600567  0.417507  0.231181  0.96023  0.105363  0.585332  0.0170078  0.405359  0.846773  0.73458  0.415281  0.829528  
0.939666  0.995351  0.957501  0.204539  0.604072  0.314636  0.329715  0.530433  0.731535  0.643864  0.0400959  0.243772  0.136869  0.163387  0.776959  0.402379  0.633334  0.0533505  0.869902  0.653245  0.170392  0.939666  0.995351  0.957501  0.204539  0.604072  0.314636  0.329715  0.530433  0.731535  0.643864  0.0400959  0.243772  0.136869  0.163387  0.776959  0.402379  0.633334  0.0533505  0.869902  0.653245  0.170392  
0.519991  0.743813  0.0122852  0.270763  0.934999  0.0957652  0.828081  0.99769  0.992463  0.0996325  0.440198  0.0538203  0.608034  0.918045  0.214062  0.410407  0.230547  0.404353  0.648816  0.444542  0.85337  0.519991  0.743813  0.0122852  0.270763  0.934999  0.0957652  0.828081  0.99769  0.992463  0.0996325  0.440198  0.0538203  0.608034  0.918045  0.214062  0.410407  0.230547  0.404353  0.648816  0.444542  0.85337  
0.370838  0.344231  0.0521651  0.63589  0.754538  0.408202  0.00873118  0.126521  0.52885  0.90275  0.564199  0.762333  0.710574  0.840677  0.198487  0.899185  0.123431  0.988276  0.999256  0.289688  0.299399  0.370838  0.344231  0.0521651  0.63589  0.754538  0.408202  0.00873118  0.126521  0.52885  0.90275  0.564199  0.762333  0.710574  0.840677  0.198487  0.899185  0.123431  0.988276  0.999256  0.289688  0.299399  
0.674428  0.633182  0.925189  0.0526471  0.510089  0.111696  0.0275513  0.356652  0.943168  0.711719  0.14714  0.873802  0.429311  0.446312  0.300981  0.738954  0.833114  0.699395  0.204357  0.754042  0.490176  0.674428  0.633182  0.925189  0.0526471  0.510089  0.111696  0.0275513  0.356652  0.943168  0.711719  0.14714  0.873802  0.429311  0.446312  0.300981  0.738954  0.833114  0.699395  0.204357  0.754042  0.490176  
0.619593  0.570708  0.992137  0.352117  0.164391  0.230525  0.588332  0.219504  0.835037  0.576905  0.055879  0.0336652  0.840968  0.810856  0.563901  0.285623  0.794378  0.323339  0.309933  0.0312664  0.685851  0.619593  0.570708  0.992137  0.352117  0.164391  0.230525  0.588332  0.219504  0.835037  0.576905  0.055879  0.0336652  0.840968  0.810856  0.563901  0.285623  0.794378  0.323339  0.309933  0.0312664  0.685851  
0.471652  0.663233  0.569843  0.385076  0.819414  0.108677  0.563189  0.0474078  0.0745137  0.369659  0.0350069  0.728155  0.249201  0.426377  0.932874  0.368892  0.0756707  0.41089  0.26642  0.950338  0.766731  0.471652  0.663233  0.569843  0.385076  0.819414  0.108677  0.563189  0.0474078  0.0745137  0.369659  0.0350069  0.728155  0.249201  0.426377  0.932874  0.368892  0.0756707  0.41089  0.26642  0.950338  0.766731  
0.0481593  0.774633  0.508447  0.623123  0.47801  0.912012  0.954008  0.805036  0.417914  0.606534  0.153961  0.344093  0.0723283  0.513273  0.276399  0.396242  0.624342  0.734738  0.4091  0.788666  0.295593  0.0481593  0.774633  0.508447  0.623123  0.47801  0.912012  0.954008  0.805036  0.417914  0.606534  0.153961  0.344093  0.0723283  0.513273  0.276399  0.396242  0.624342  0.734738  0.4091  0.788666  0.295593  
0.204152  0.0310219  0.982401  0.157033  0.0602394  0.329457  0.86891  0.269479  0.361391  0.140019  0.62059  0.386227  0.87288  0.49853  0.605234  0.756768  0.820012  0.170284  0.137738  0.625963  0.2959  0.204152  0.0310219  0.982401  0.157033  0.0602394  0.329457  0.86891  0.269479  0.361391  0.140019  0.62059  0.386227  0.87288  0.49853  0.605234  0.756768  0.820012  0.170284  0.137738  0.625963  0.2959  
0.159019  0.210567  0.93485  0.853908  0.557473  0.782912  0.636035  0.214345  0.0459076  0.726688  0.330735  0.924933  0.308942  0.621994  0.121183  0.0994255  0.796268  0.124426  0.699891  0.860578  0.40704  0.159019  0.210567  0.93485  0.853908  0.557473  0.782912  0.636035  0.214345  0.0459076  0.726688  0.330735  0.924933  0.308942  0.621994  0.121183  0.0994255  0.796268  0.124426  0.699891  0.860578  0.40704  
0.670447  0.553244  0.525877  0.385017  0.151483  0.43042  0.723355  0.0938643  0.915254  0.260802  0.777578  0.868104  0.341428  0.0120964  0.700702  0.814318  0.798656  0.207004  0.0188614  0.991857  0.256641  0.670447  0.553244  0.525877  0.385017  0.151483  0.43042  0.723355  0.0938643  0.915254  0.260802  0.777578  0.868104  0.341428  0.0120964  0.700702  0.814318  0.798656  0.207004  0.0188614  0.991857  0.256641  
0.0336967  0.49345  0.0453203  0.217623  0.189305  0.869837  0.774262  0.579523  0.79607  0.726028  0.73854  0.712293  0.218753  0.17989  0.333266  0.00381164  0.715972  0.778128  0.0223207  0.302147  0.0804447  0.0336967  0.49345  0.0453203  0.217623  0.189305  0.869837  0.774262  0.579523  0.79607  0.726028  0.73854  0.712293  0.218753  0.17989  0.333266  0.00381164  0.715972  0.778128  0.0223207  0.302147  0.0804447  
0.021739  0.821186  0.0112474  0.451412  0.323541  0.257226  0.511024  0.692107  0.0783797  0.450703  0.204054  0.619946  0.818613  0.0626272  0.0030356  0.861807  0.825365  0.839353  0.900974  0.247955  0.339379  0.021739  0.821186  0.0112474  0.451412  0.323541  0.257226  0.511024  0.692107  0.0783797  0.450703  0.204054  0.619946  0.818613  0.0626272  0.0030356  0.861807  0.825365  0.839353  0.900974  0.247955  0.339379  
0.53564  0.817731  0.782408  0.882063  0.761266  0.708322  0.592193  0.691399  0.830909  0.22148  0.117808  0.914299  0.597022  0.338912  0.0325183  0.305757  0.552113  0.899041  0.155438  0.502426  0.660374  0.53564  0.817731  0.782408  0.882063  0.761266  0.708322  0.592193  0.691399  0.830909  0.22148  0.117808  0.914299  0.597022  0.338912  0.0325183  0.305757  0.552113  0.899041  0.155438  0.502426  0.660374  
0.467591  0.935555  0.120499  0.326331  0.698252  0.248466  0.265424  0.819265  0.0554655  0.395138  0.679082  0.825224  0.402134  0.177421  0.493091  0.190623  0.333447  0.717198  0.0833649  0.705329  0.465919  0.467591  0.935555  0.120499  0.326331  0.698252  0.248466  0.265424  0.819265  0.0554655  0.395138  0.679082  0.825224  0.402134  0.177421  0.493091  0.190623  0.333447  0.717198  0.0833649  0.705329  0.465919  
0.408097  0.804994  0.722805  0.711266  0.124513  0.569406  0.0769012  0.44236  0.247742  0.671806  0.78931  0.805867  0.872689  0.0491588  0.898078  0.916858  0.515563  0.170454  0.0211285  0.100592  0.172954  0.408097  0.804994  0.722805  0.711266  0.124513  0.569406  0.0769012  0.44236  0.247742  0.671806  0.78931  0.805867  0.872689  0.0491588  0.898078  0.916858  0.515563  0.170454  0.0211285  0.100592  0.172954  
0.507858  0.283965  0.418581  0.116608  0.00320817  0.431705  0.248825  0.750588  0.631433  0.636567  0.081648  0.664054  0.220001  0.418136  0.59108  0.798039  0.454509  0.0625622  0.812695  0.510258  0.0526507  0.507858  0.283965  0.418581  0.116608  0.00320817  0.431705  0.248825  0.750588  0.631433  0.636567  0.081648  0.664054  0.220001  0.418136  0.59108  0.798039  0.454509  0.0625622  0.812695  0.510258  0.0526507  
0.281064  0.774084  0.822041  0.055156  0.323226  0.294325  0.325095  0.554356  0.217344  0.741642  0.815768  0.569963  0.633404  0.823267  0.327127  0.461977  0.253797  0.403216  0.871801  0.258013  0.862583  0.281064  0.774084  0.822041  0.055156  0.323226  0.294325  0.325095  0.554356  0.217344  0.741642  0.815768  0.569963  0.633404  0.823267  0.327127  0.461977  0.253797  0.403216  0.871801  0.258013  0.862583  
0.595285  0.906462  0.788897  0.608781  0.49983  0.9653  0.555514  0.527671  0.812662  0.522041  0.612512  0.920834  0.999087  0.627176  0.93191  0.265208  0.712202  0.391575  0.141189  0.133035  0.68749  0.595285  0.906462  0.788897  0.608781  0.49983  0.9653  0.555514  0.527671  0.812662  0.522041  0.612512  0.920834  0.999087  0.627176  0.93191  0.265208  0.712202  0.391575  0.141189  0.133035  0.68749  
0.547855  0.677658  0.746209  0.783613  0.706439  0.320128  0.270555  0.329134  0.135306  0.519429  0.539558  0.475839  0.931089  0.64575  0.211067  0.620506  0.0648633  0.517175  0.592175  0.939965  0.576634  0.547855  0.677658  0.746209  0.783613  0.706439  0.320128  0.270555  0.329134  0.135306  0.519429  0.539558  0.475839  0.931089  0.64575  0.211067  0.620506  0.0648633  0.517175  0.592175  0.939965  0.576634  
0.210541  0.690219  0.689915  0.419639  0.397222  0.122191  0.285514  0.810962  0.032891  0.898264  0.0461662  0.0966061  0.186896  0.666814  0.281308  0.454619  0.761931  0.741932  0.639119  0.520882  0.16896  0.210541  0.690219  0.689915  0.419639  0.397222  0.122191  0.285514  0.810962  0.032891  0.898264  0.0461662  0.0966061  0.186896  0.666814  0.281308  0.454619  0.761931  0.741932  0.639119  0.520882  0.16896  
0.603116  0.390892  0.513948  0.151236  0.662553  0.42682  0.290048  0.738158  0.0885561  0.457727  0.861216  0.504283  0.325028  0.986574  0.428599  0.531672  0.539864  0.342072  0.296103  0.803139  0.0520331  0.603116  0.390892  0.513948  0.151236  0.662553  0.42682  0.290048  0.738158  0.0885561  0.457727  0.861216  0.504283  0.325028  0.986574  0.428599  0.531672  0.539864  0.342072  0.296103  0.803139  0.0520331  
0.793128  0.00121391  0.251497  0.118513  0.31325  0.635937  0.879587  0.915132  0.66916  0.561028  0.420729  0.0122321  0.295283  0.00079529  0.517934  0.185418  0.231399  0.0765197  0.131411  0.611771  0.0900164  0.793128  0.00121391  0.251497  0.118513  0.31325  0.635937  0.879587  0.915132  0.66916  0.561028  0.420729  0.0122321  0.295283  0.00079529  0.517934  0.185418  0.231399  0.0765197  0.131411  0.611771  0.0900164  
0.756228  0.408771  0.839038  0.868568  0.985245  0.130878  0.470245  0.0652737  0.653055  0.742059  0.480147  0.973161  0.667016  0.741218  0.766223  0.303135  0.328938  0.201476  0.685181  0.617826  0.255917  0.756228  0.408771  0.839038  0.868568  0.985245  0.130878  0.470245  0.0652737  0.653055  0.742059  0.480147  0.973161  0.667016  0.741218  0.766223  0.303135  0.328938  0.201476  0.685181  0.617826  0.255917  
0.175589  0.898417  0.830239  0.245977  0.941266  0.472871  0.991519  0.650442  0.845018  0.248627  0.799886  0.425507  0.419861  0.546294  0.754362  0.69903  0.48492  0.626626  0.208595  0.0197542  0.22814  0.175589  0.898417  0.830239  0.245977  0.941266  0.472871  0.991519  0.650442  0.845018  0.248627  0.799886  0.425507  0.419861  0.546294  0.754362  0.69903  0.48492  0.626626  0.208595  0.0197542  0.22814  
0.943584  0.782574  0.956258  0.529677  0.697994  0.884812  0.351561  0.358388  0.23527  0.157619  0.822906  0.460115  0.776328  0.320918  0.814705  0.440745  0.181574  0.917094  0.73225  0.245701  0.91542  0.943584  0.782574  0.956258  0.529677  0.697994  0.884812  0.351561  0.358388  0.23527  0.157619  0.822906  0.460115  0.776328  0.320918  0.814705  0.440745  0.181574  0.917094  0.73225  0.245701  0.91542  
0.763322  0.879995  0.75046  0.532379  0.72663  0.904071  0.363095  0.208706  0.989251  0.797015  0.943569  0.420225  0.88779  0.43395  0.459021  0.320262  0.0690737  0.416948  0.196778  0.626771  0.0160728  0.763322  0.879995  0.75046  0.532379  0.72663  0.904071  0.363095  0.208706  0.989251  0.797015  0.943569  0.420225  0.88779  0.43395  0.459021  0.320262  0.0690737  0.416948  0.196778  0.626771  0.0160728  
0.384763  0.682244  0.610815  0.588846  0.0148674  0.0509055  0.60841  0.455396  0.545056  0.527329  0.392254  0.844698  0.270143  0.515485  0.611833  0.485512  0.996564  0.161784  0.299555  0.852116  0.805593  0.384763  0.682244  0.610815  0.588846  0.0148674  0.0509055  0.60841  0.455396  0.545056  0.527329  0.392254  0.844698  0.270143  0.515485  0.611833  0.485512  0.996564  0.161784  0.299555  0.852116  0.805593  
0.138895  0.450875  0.490518  0.898427  0.941512  0.894916  0.808377  0.568819  0.0257874  0.361577  0.912014  0.885001  0.662526  0.269324  0.591893  0.892311  0.987578  0.839813  0.0358023  0.368696  0.912818  0.138895  0.450875  0.490518  0.898427  0.941512  0.894916  0.808377  0.568819  0.0257874  0.361577  0.912014  0.885001  0.662526  0.269324  0.591893  0.892311  0.987578  0.839813  0.0358023  0.368696  0.912818  
0.899865  0.854515  0.850641  0.89645  0.390695  0.569708  0.902166  0.503607  0.853986  0.689295  0.593915  0.0475161  0.780533  0.99718  0.789257  0.627319  0.726759  0.163507  0.0332931  0.194482  0.356301  0.899865  0.854515  0.850641  0.89645  0.390695  0.569708  0.902166  0.503607  0.853986  0.689295  0.593915  0.0475161  0.780533  0.99718  0.789257  0.627319  0.726759  0.163507  0.0332931  0.194482  0.356301  
0.158924  0.669927  0.812207  0.0562012  0.633156  0.0944051  0.938453  0.779594  0.504411  0.956802  0.232766  0.344384  0.224979  0.572818  0.121107  0.0283986  0.748037  0.364336  0.917298  0.687666  0.689131  0.158924  0.669927  0.812207  0.0562012  0.633156  0.0944051  0.938453  0.779594  0.504411  0.956802  0.232766  0.344384  0.224979  0.572818  0.121107  0.0283986  0.748037  0.364336  0.917298  0.687666  0.689131  
0.310338  0.738851  0.624939  0.667596  0.359326  0.284637  0.696646  0.657481  0.452812  0.256435  0.0961959  0.802404  0.266946  0.036335  0.658594  0.52972  0.127665  0.347533  0.602501  0.911081  0.208227  0.310338  0.738851  0.624939  0.667596  0.359326  0.284637  0.696646  0.657481  0.452812  0.256435  0.0961959  0.802404  0.266946  0.036335  0.658594  0.52972  0.127665  0.347533  0.602501  0.911081  0.208227  
0.425689  0.367919  0.809467  0.693814  0.86575  0.543553  0.978878  0.419384  0.452489  0.784141  0.208584  0.794908  0.686956  0.515456  0.372006  0.138746  0.442976  0.402112  0.902621  0.119273  0.193064  0.425689  0.367919  0.809467  0.693814  0.86575  0.543553  0.978878  0.419384  0.452489  0.784141  0.208584  0.794908  0.686956  0.515456  0.372006  0.138746  0.442976  0.402112  0.902621  0.119273  0.193064  
0.290608  0.923128  0.848768  0.602976  0.834874  0.990304  0.836514  0.189591  0.779434  0.204328  0.428608  0.0526678  0.539805  0.573231  0.939671  0.757089  0.936304  0.0844121  0.680987  0.688268  0.662457  0.290608  0.923128  0.848768  0.602976  0.834874  0.990304  0.836514  0.189591  0.779434  0.204328  0.428608  0.0526678  0.539805  0.573231  0.939671  0.757089  0.936304  0.0844121  0.680987  0.688268  0.662457  
0.750187  0.573388  0.5673  0.153824  0.278154  0.345911  0.372134  0.299391  0.972209  0.43294  0.214667  0.3711  0.234188  0.469377  0.756837  0.491663  0.96105  0.212425  0.362911  0.244907  0.794118  0.750187  0.573388  0.5673  0.153824  0.278154  0.345911  0.372134  0.299391  0.972209  0.43294  0.214667  0.3711  0.234188  0.469377  0.756837  0.491663  0.96105  0.212425  0.362911  0.244907  0.794118  
0.500782  0.364288  0.763025  0.581451  0.537562  0.0705976  0.777164  0.330557  0.842519  0.620719  0.713604  0.989259  0.403256  0.0779443  0.333097  0.0633843  0.00741786  0.504422  0.633884  0.407261  0.518004  0.500782  0.364288  0.763025  0.581451  0.537562  0.0705976  0.777164  0.330557  0.842519  0.620719  0.713604  0.989259  0.403256  0.0779443  0.333097  0.0633843  0.00741786  0.504422  0.633884  0.407261  0.518004  
0.857927  3.60339e-08  5.46814e-09  4.94403e-12  8.54157e-11  2.11184e-08  4.90646e-09  0  2.40312e-08  4.19463e-08  1.43719e-08  1.51573e-09  8.32527e-17  3.231e-10  2.91747e-08  2.25839e-09  0  9.55675e-09  1.98056e-08  0  4.65671e-08  0.857927  3.60339e-08  5.46814e-09  4.94403e-12  8.54157e-11  2.11184e-08  4.90646e-09  0  2.40312e-08  4.19463e-08  1.43719e-08  1.51573e-09  8.32527e-17  3.231e-10  2.91747e-08  2.25839e-09  0  9.55675e-09  1.98056e-08  0  4.65671e-08  
0.000169032  4.34942e-18  9.41778e-18  0  0  2.24558e-17  2.34957e-17  0  0  1.63962e-17  3.19045e-18  0  5.95907e-17  0  7.48169e-18  0  0  5.03251e-18  0  0  2.46729e-17  0.000169032  4.34942e-18  9.41778e-18  0  0  2.24558e-17  2.34957e-17  0  0  1.63962e-17  3.19045e-18  0  5.95907e-17  0  7.48169e-18  0  0  5.03251e-18  0  0  2.46729e-17  
0.848855  4.48313e-09  1.00728e-17  8.07564e-11  6.17932e-09  8.7523e-09  1.02112e-10  0  4.56414e-09  1.318e-09  9.22245e-10  6.28004e-09  3.64875e-16  1.05273e-09  3.52847e-09  3.05719e-09  0  1.35984e-09  2.96327e-09  0  4.52075e-08  0.848855  4.48313e-09  1.00728e-17  8.07564e-11  6.17932e-09  8.7523e-09  1.02112e-10  0  4.56414e-09  1.318e-09  9.22245e-10  6.28004e-09  3.64875e-16  1.05273e-09  3.52847e-09  3.05719e-09  0  1.35984e-09  2.96327e-09  0  4.52075e-08  
0.841082  2.25299e-11  3.41685e-09  1.35211e-10  3.24266e-11  5.18162e-17  4.04852e-10  0  2.32372e-10  1.43624e-17  1.81363e-17  0  1.27665e-16  1.35276e-10  2.6533e-17  1.83601e-10  0  4.06348e-09  0  0  2.3437e-17  0.841082  2.25299e-11  3.41685e-09  1.35211e-10  3.24266e-11  5.18162e-17  4.04852e-10  0  2.32372e-10  1.43624e-17  1.81363e-17  0  1.27665e-16  1.35276e-10  2.6533e-17  1.83601e-10  0  4.06348e-09  0  0  2.3437e-17  
0.835661  1.04056e-08  9.61541e-09  1.16669e-10  2.92739e-10  5.20151e-09  3.61461e-08  0  5.18032e-09  4.63938e-09  2.93529e-08  2.08649e-09  1.19734e-16  3.18486e-11  9.17319e-09  3.48586e-10  0  1.38509e-08  2.54543e-08  0  3.98487e-08  0.835661  1.04056e-08  9.61541e-09  1.16669e-10  2.92739e-10  5.20151e-09  3.61461e-08  0  5.18032e-09  4.63938e-09  2.93529e-08  2.08649e-09  1.19734e-16  3.18486e-11  9.17319e-09  3.48586e-10  0  1.38509e-08  2.54543e-08  0  3.98487e-08  
0.831191  9.07975e-09  2.37623e-17  1.04233e-09  4.07278e-09  4.46393e-17  3.58875e-08  0  4.79845e-09  4.39827e-08  2.24572e-08  2.219e-08  1.50949e-16  1.11913e-09  2.52745e-08  7.04445e-09  0  6.31182e-09  4.87992e-09  0  1.17269e-08  0.831191  9.07975e-09  2.37623e-17  1.04233e-09  4.07278e-09  4.46393e-17  3.58875e-08  0  4.79845e-09  4.39827e-08  2.24572e-08  2.219e-08  1.50949e-16  1.11913e-09  2.52745e-08  7.04445e-09  0  6.31182e-09  4.87992e-09  0  1.17269e-08  
0.827267  2.73826e-08  1.43548e-08  6.8523e-10  4.95629e-09  5.45494e-08  3.07864e-09  0  1.05822e-09  1.13564e-07  1.27018e-09  1.64145e-08  3.35267e-18  4.92233e-10  9.95292e-09  1.01192e-09  0  2.92274e-10  7.11308e-09  0  6.71891e-10  0.827267  2.73826e-08  1.43548e-08  6.8523e-10  4.95629e-09  5.45494e-08  3.07864e-09  0  1.05822e-09  1.13564e-07  1.27018e-09  1.64145e-08  3.35267e-18  4.92233e-10  9.95292e-09  1.01192e-09  0  2.92274e-10  7.11308e-09  0  6.71891e-10  
0.823705  1.33727e-08  1.39004e-08  1.41144e-09  1.30984e-09  5.24971e-08  6.74964e-09  0  9.56785e-09  4.94131e-08  1.35391e-08  6.25805e-09  6.15686e-16  5.24462e-10  3.60923e-08  6.72549e-10  0  1.20999e-09  1.4238e-08  0  7.35684e-08  0.823705  1.33727e-08  1.39004e-08  1.41144e-09  1.30984e-09  5.24971e-08  6.74964e-09  0  9.56785e-09  4.94131e-08  1.35391e-08  6.25805e-09  6.15686e-16  5.24462e-10  3.60923e-08  6.72549e-10  0  1.20999e-09  1.4238e-08  0  7.35684e-08  
0.820401  3.93084e-08  1.19382e-08  1.82964e-10  8.87194e-10  4.28715e-08  2.44271e-08  0  7.45437e-09  4.45221e-08  2.38677e-08  1.32967e-08  1.43985e-16  5.85748e-10  3.51398e-08  3.43486e-09  0  8.89382e-09  9.75985e-09  0  6.58363e-08  0.820401  3.93084e-08  1.19382e-08  1.82964e-10  8.87194e-10  4.28715e-08  2.44271e-08  0  7.45437e-09  4.45221e-08  2.38677e-08  1.32967e-08  1.43985e-16  5.85748e-10  3.51398e-08  3.43486e-09  0  8.89382e-09  9.75985e-09  0  6.58363e-08  
0.817293  2.27819e-08  3.92435e-09  2.85668e-10  1.60035e-10  4.16545e-08  5.08932e-09  0  1.19195e-09  2.00656e-09  3.5653e-09  1.24134e-09  1.34783e-16  3.57817e-11  1.17722e-09  7.78911e-11  0  2.94063e-18  2.44082e-09  0  3.3581e-09  0.817293  2.27819e-08  3.92435e-09  2.85668e-10  1.60035e-10  4.16545e-08  5.08932e-09  0  1.19195e-09  2.00656e-09  3.5653e-09  1.24134e-09  1.34783e-16  3.57817e-11  1.17722e-09  7.78911e-11  0  2.94063e-18  2.44082e-09  0  3.3581e-09  
0.814337  1.00967e-17  2.43129e-17  0  0  4.01631e-17  6.02367e-09  0  5.69389e-09  1.75293e-17  1.58441e-17  1.88718e-08  1.49263e-16  0  4.24723e-08  0  0  3.42115e-18  0  0  2.77726e-17  0.814337  1.00967e-17  2.43129e-17  0  0  4.01631e-17  6.02367e-09  0  5.69389e-09  1.75293e-17  1.58441e-17  1.88718e-08  1.49263e-16  0  4.24723e-08  0  0  3.42115e-18  0  0  2.77726e-17  
0.811502  1.47864e-09  1.61775e-17  5.05857e-10  0  5.76698e-08  5.62052e-09  0  0  1.86694e-17  1.4222e-17  0  4.4523e-16  2.52832e-10  2.24585e-17  0  0  5.58713e-18  0  0  2.74969e-17  0.811502  1.47864e-09  1.61775e-17  5.05857e-10  0  5.76698e-08  5.62052e-09  0  0  1.86694e-17  1.4222e-17  0  4.4523e-16  2.52832e-10  2.24585e-17  0  0  5.58713e-18  0  0  2.74969e-17  
0.808765  2.3961e-08  1.85819e-08  3.69243e-10  9.36304e-10  1.77715e-08  1.15415e-08  0  4.84603e-09  5.86241e-08  5.99635e-10  0  3.00173e-17  1.56368e-10  2.12361e-08  4.68762e-10  0  3.55228e-10  6.32002e-09  0  6.59434e-09  0.808765  2.3961e-08  1.85819e-08  3.69243e-10  9.36304e-10  1.77715e-08  1.15415e-08  0  4.84603e-09  5.86241e-08  5.99635e-10  0  3.00173e-17  1.56368e-10  2.12361e-08  4.68762e-10  0  3.55228e-10  6.32002e-09  0  6.59434e-09  
0.806108  3.4282e-08  6.82466e-09  6.24373e-10  1.30375e-09  4.51168e-09  7.17475e-09  0  1.16702e-08  7.91914e-08  4.02633e-09  1.71294e-08  1.06189e-16  0  6.94137e-09  8.94029e-10  0  3.78371e-10  2.27859e-08  0  8.95245e-09  0.806108  3.4282e-08  6.82466e-09  6.24373e-10  1.30375e-09  4.51168e-09  7.17475e-09  0  1.16702e-08  7.91914e-08  4.02633e-09  1.71294e-08  1.06189e-16  0  6.94137e-09  8.94029e-10  0  3.78371e-10  2.27859e-08  0  8.95245e-09  
0.803519  2.98946e-08  4.28063e-08  0  0  1.89759e-17  3.56788e-08  0  8.68346e-09  7.97878e-08  3.04093e-10  3.33473e-09  1.84151e-16  2.46116e-10  3.8155e-08  7.16831e-09  0  6.97195e-09  3.86662e-08  0  3.25372e-17  0.803519  2.98946e-08  4.28063e-08  0  0  1.89759e-17  3.56788e-08  0  8.68346e-09  7.97878e-08  3.04093e-10  3.33473e-09  1.84151e-16  2.46116e-10  3.8155e-08  7.16831e-09  0  6.97195e-09  3.86662e-08  0  3.25372e-17  
0.800984  1.74831e-08  3.24952e-09  4.94403e-12  3.11401e-11  1.37309e-08  1.55725e-09  0  9.87478e-09  3.018e-10  1.30421e-08  2.82661e-10  2.42208e-17  2.75371e-10  2.91747e-08  0  0  5.87542e-09  1.76424e-08  0  2.146e-08  0.800984  1.74831e-08  3.24952e-09  4.94403e-12  3.11401e-11  1.37309e-08  1.55725e-09  0  9.87478e-09  3.018e-10  1.30421e-08  2.82661e-10  2.42208e-17  2.75371e-10  2.91747e-08  0  0  5.87542e-09  1.76424e-08  0  2.146e-08  
0.798496  2.52216e-08  5.03413e-09  0  0  5.34274e-09  3.30663e-09  0  6.33776e-10  1.86953e-08  3.27658e-09  4.25285e-09  6.73473e-18  7.51443e-11  8.10118e-09  1.89892e-11  0  2.92656e-09  8.2837e-09  0  9.09608e-10  0.798496  2.52216e-08  5.03413e-09  0  0  5.34274e-09  3.30663e-09  0  6.33776e-10  1.86953e-08  3.27658e-09  4.25285e-09  6.73473e-18  7.51443e-11  8.10118e-09  1.89892e-11  0  2.92656e-09  8.2837e-09  0  9.09608e-10  
0.796045  1.13629e-08  2.34331e-09  0  0  1.57269e-08  2.82436e-08  0  0  1.49911e-17  5.63815e-09  1.99592e-08  9.49848e-17  4.7889e-10  2.73918e-09  0  0  6.30869e-09  0  0  1.88956e-17  0.796045  1.13629e-08  2.34331e-09  0  0  1.57269e-08  2.82436e-08  0  0  1.49911e-17  5.63815e-09  1.99592e-08  9.49848e-17  4.7889e-10  2.73918e-09  0  0  6.30869e-09  0  0  1.88956e-17  
0.793626  3.05201e-08  9.77574e-09  6.88057e-10  2.9007e-09  7.11248e-08  7.67814e-09  0  1.2234e-08  3.60762e-08  3.04093e-10  1.25284e-08  2.48942e-17  1.99446e-10  9.75378e-09  1.58163e-09  0  1.38853e-08  1.5574e-08  0  1.77052e-08  0.793626  3.05201e-08  9.77574e-09  6.88057e-10  2.9007e-09  7.11248e-08  7.67814e-09  0  1.2234e-08  3.60762e-08  3.04093e-10  1.25284e-08  2.48942e-17  1.99446e-10  9.75378e-09  1.58163e-09  0  1.38853e-08  1.5574e-08  0  1.77052e-08  
0.791232  2.62201e-08  1.07637e-08  7.98262e-10  8.67118e-09  6.6955e-08  1.81716e-08  0  4.79845e-09  2.0435e-08  2.27335e-08  7.11746e-09  1.75e-16  5.99255e-10  4.19127e-10  9.38733e-10  0  1.02101e-08  9.39847e-09  0  8.63474e-08  0.791232  2.62201e-08  1.07637e-08  7.98262e-10  8.67118e-09  6.6955e-08  1.81716e-08  0  4.79845e-09  2.0435e-08  2.27335e-08  7.11746e-09  1.75e-16  5.99255e-10  4.19127e-10  9.38733e-10  0  1.02101e-08  9.39847e-09  0  8.63474e-08  
0.788859  1.36293e-17  4.85607e-08  3.29878e-12  9.65791e-12  1.58501e-08  1.22135e-08  0  7.80483e-09  4.34491e-10  5.19403e-09  5.86853e-10  2.2289e-16  4.45287e-11  4.36747e-08  0  0  8.11068e-10  4.73425e-09  0  6.71891e-10  0.788859  1.36293e-17  4.85607e-08  3.29878e-12  9.65791e-12  1.58501e-08  1.22135e-08  0  7.80483e-09  4.34491e-10  5.19403e-09  5.86853e-10  2.2289e-16  4.45287e-11  4.36747e-08  0  0  8.11068e-10  4.73425e-09  0  6.71891e-10  
0.786501  1.16297e-08  2.0716e-08  6.5122e-10  0  3.67881e-17  2.70381e-08  0  3.694e-09  1.50921e-09  5.54248e-09  7.15337e-09  5.20586e-17  9.36545e-11  3.05203e-08  2.6415e-09  0  1.01544e-08  8.36001e-09  0  3.54145e-08  0.786501  1.16297e-08  2.0716e-08  6.5122e-10  0  3.67881e-17  2.70381e-08  0  3.694e-09  1.50921e-09  5.54248e-09  7.15337e-09  5.20586e-17  9.36545e-11  3.05203e-08  2.6415e-09  0  1.01544e-08  8.36001e-09  0  3.54145e-08  
0.784154  2.66837e-08  4.72307e-09  0  1.15544e-10  1.57269e-08  9.2198e-09  0  1.9031e-08  4.81113e-08  2.83101e-09  1.35435e-09  2.49177e-16  1.01608e-10  9.80175e-18  0  0  7.83694e-09  4.60508e-09  0  5.3449e-08  0.784154  2.66837e-08  4.72307e-09  0  1.15544e-10  1.57269e-08  9.2198e-09  0  1.9031e-08  4.81113e-08  2.83101e-09  1.35435e-09  2.49177e-16  1.01608e-10  9.80175e-18  0  0  7.83694e-09  4.60508e-09  0  5.3449e-08  
0.781816  5.18929e-08  2.97182e-08  8.18813e-10  9.95637e-09  9.23717e-08  9.42509e-09  0  7.07939e-09  3.66231e-08  2.65515e-08  9.04778e-09  5.35638e-17  5.00826e-10  3.24565e-08  1.05057e-09  0  1.14798e-08  2.84826e-08  0  8.58041e-08  0.781816  5.18929e-08  2.97182e-08  8.18813e-10  9.95637e-09  9.23717e-08  9.42509e-09  0  7.07939e-09  3.66231e-08  2.65515e-08  9.04778e-09  5.35638e-17  5.00826e-10  3.24565e-08  1.05057e-09  0  1.14798e-08  2.84826e-08  0  8.58041e-08  
0.779481  3.18838e-09  2.33468e-08  1.34356e-10  3.44997e-09  5.75588e-08  5.69784e-08  0  4.17937e-09  9.05382e-11  1.05133e-08  5.13097e-09  1.31057e-16  2.53426e-09  9.73926e-10  4.0785e-09  0  1.31522e-08  1.88577e-08  0  3.70864e-08  0.779481  3.18838e-09  2.33468e-08  1.34356e-10  3.44997e-09  5.75588e-08  5.69784e-08  0  4.17937e-09  9.05382e-11  1.05133e-08  5.13097e-09  1.31057e-16  2.53426e-09  9.73926e-10  4.0785e-09  0  1.31522e-08  1.88577e-08  0  3.70864e-08  
0.777147  9.96157e-09  2.56496e-10  0  6.17238e-10  6.26279e-18  6.85848e-10  0  4.99768e-11  7.27814e-11  1.12433e-08  2.18079e-09  1.84258e-16  5.29286e-11  7.37619e-09  1.14283e-09  0  1.58959e-09  8.5214e-10  0  6.06784e-09  0.777147  9.96157e-09  2.56496e-10  0  6.17238e-10  6.26279e-18  6.85848e-10  0  4.99768e-11  7.27814e-11  1.12433e-08  2.18079e-09  1.84258e-16  5.29286e-11  7.37619e-09  1.14283e-09  0  1.58959e-09  8.5214e-10  0  6.06784e-09  
0.774811  8.24902e-09  1.38443e-08  3.57198e-10  6.3054e-09  4.00536e-08  1.05474e-08  0  5.35315e-09  1.36655e-09  2.61673e-09  6.90289e-09  1.45715e-16  1.05273e-09  2.90747e-08  4.07597e-09  0  1.35984e-09  5.92966e-09  0  7.26409e-08  0.774811  8.24902e-09  1.38443e-08  3.57198e-10  6.3054e-09  4.00536e-08  1.05474e-08  0  5.35315e-09  1.36655e-09  2.61673e-09  6.90289e-09  1.45715e-16  1.05273e-09  2.90747e-08  4.07597e-09  0  1.35984e-09  5.92966e-09  0  7.26409e-08  
0.77247  7.33715e-09  2.6973e-08  5.38597e-10  2.45635e-10  6.0985e-08  2.03507e-08  0  1.53724e-09  9.45862e-11  3.3014e-09  1.2135e-09  8.13509e-18  0  4.97721e-08  1.98489e-09  0  3.09912e-18  5.77947e-09  0  5.3449e-08  0.77247  7.33715e-09  2.6973e-08  5.38597e-10  2.45635e-10  6.0985e-08  2.03507e-08  0  1.53724e-09  9.45862e-11  3.3014e-09  1.2135e-09  8.13509e-18  0  4.97721e-08  1.98489e-09  0  3.09912e-18  5.77947e-09  0  5.3449e-08  
0.770121  3.89248e-08  2.59849e-08  0  0  9.88328e-08  1.42852e-09  0  3.96072e-09  1.59491e-09  8.16403e-09  1.78521e-08  8.07815e-17  9.30598e-10  9.34187e-09  1.3581e-10  0  2.19556e-09  0  0  2.22654e-17  0.770121  3.89248e-08  2.59849e-08  0  0  9.88328e-08  1.42852e-09  0  3.96072e-09  1.59491e-09  8.16403e-09  1.78521e-08  8.07815e-17  9.30598e-10  9.34187e-09  1.3581e-10  0  2.19556e-09  0  0  2.22654e-17  
0.767761  1.99158e-08  4.11237e-08  7.45947e-10  1.12155e-08  1.06932e-07  9.01581e-09  0  8.57653e-09  6.04051e-08  2.60745e-08  1.25775e-08  2.10177e-16  1.38061e-09  1.1501e-08  9.28783e-10  0  8.7275e-09  2.60709e-08  0  5.64971e-08  0.767761  1.99158e-08  4.11237e-08  7.45947e-10  1.12155e-08  1.06932e-07  9.01581e-09  0  8.57653e-09  6.04051e-08  2.60745e-08  1.25775e-08  2.10177e-16  1.38061e-09  1.1501e-08  9.28783e-10  0  8.7275e-09  2.60709e-08  0  5.64971e-08  
0.765388  2.29447e-08  2.52837e-08  9.24054e-12  0  6.6105e-08  1.02304e-08  0  0  1.91961e-08  9.43788e-10  2.41358e-10  3.39105e-16  1.19851e-09  2.74747e-08  9.89308e-10  0  6.62201e-09  0  0  4.54087e-08  0.765388  2.29447e-08  2.52837e-08  9.24054e-12  0  6.6105e-08  1.02304e-08  0  0  1.91961e-08  9.43788e-10  2.41358e-10  3.39105e-16  1.19851e-09  2.74747e-08  9.89308e-10  0  6.62201e-09  0  0  4.54087e-08  
0.762998  1.54854e-08  4.28063e-08  0  0  7.69486e-09  8.87375e-10  0  3.29294e-09  3.85285e-08  1.28581e-10  4.8777e-10  2.76044e-16  4.89751e-10  2.08289e-17  1.37622e-09  0  7.81087e-10  1.57491e-08  0  1.83695e-08  0.762998  1.54854e-08  4.28063e-08  0  0  7.69486e-09  8.87375e-10  0  3.29294e-09  3.85285e-08  1.28581e-10  4.8777e-10  2.76044e-16  4.89751e-10  2.08289e-17  1.37622e-09  0  7.81087e-10  1.57491e-08  0  1.83695e-08  
0.76059  2.7815e-08  1.45682e-08  1.90377e-10  8.68241e-11  2.6899e-08  1.04999e-08  0  1.17714e-09  1.87288e-08  4.44351e-09  3.13124e-09  5.22546e-18  7.51443e-11  2.5694e-08  7.20584e-10  0  2.92656e-09  1.03266e-08  0  1.98021e-08  0.76059  2.7815e-08  1.45682e-08  1.90377e-10  8.68241e-11  2.6899e-08  1.04999e-08  0  1.17714e-09  1.87288e-08  4.44351e-09  3.13124e-09  5.22546e-18  7.51443e-11  2.5694e-08  7.20584e-10  0  2.92656e-09  1.03266e-08  0  1.98021e-08  
0.758161  2.58247e-08  1.95116e-08  8.14846e-10  9.94476e-09  7.33102e-08  7.3673e-09  0  4.54076e-09  1.51642e-08  2.03051e-08  8.34202e-09  1.49881e-16  2.48537e-11  3.10105e-08  1.05057e-09  0  1.05044e-08  2.27892e-08  0  8.49961e-08  0.758161  2.58247e-08  1.95116e-08  8.14846e-10  9.94476e-09  7.33102e-08  7.3673e-09  0  4.54076e-09  1.51642e-08  2.03051e-08  8.34202e-09  1.49881e-16  2.48537e-11  3.10105e-08  1.05057e-09  0  1.05044e-08  2.27892e-08  0  8.49961e-08  
0.755707  1.753e-08  9.85046e-09  2.85626e-10  0  3.91923e-17  1.10858e-08  0  0  1.56897e-17  7.74789e-09  0  1.88451e-17  0  4.89632e-08  0  0  1.08444e-08  0  0  3.10676e-08  0.755707  1.753e-08  9.85046e-09  2.85626e-10  0  3.91923e-17  1.10858e-08  0  0  1.56897e-17  7.74789e-09  0  1.88451e-17  0  4.89632e-08  0  0  1.08444e-08  0  0  3.10676e-08  
0.753226  7.23833e-09  1.0707e-08  7.43377e-11  5.68818e-09  5.01058e-09  2.3059e-08  0  3.84003e-09  2.128e-09  1.48903e-09  2.60946e-10  1.053e-16  1.17479e-10  5.69696e-09  2.80338e-09  0  2.19556e-09  4.1525e-08  0  4.10957e-08  0.753226  7.23833e-09  1.0707e-08  7.43377e-11  5.68818e-09  5.01058e-09  2.3059e-08  0  3.84003e-09  2.128e-09  1.48903e-09  2.60946e-10  1.053e-16  1.17479e-10  5.69696e-09  2.80338e-09  0  2.19556e-09  4.1525e-08  0  4.10957e-08  
0.750717  1.34093e-09  1.06697e-08  2.05937e-10  3.08907e-10  3.11993e-08  4.6183e-09  0  1.16748e-09  5.40404e-08  1.05323e-08  2.03627e-09  2.69779e-16  6.24248e-10  1.48082e-08  6.21157e-09  0  4.79365e-10  5.50907e-10  0  3.0223e-08  0.750717  1.34093e-09  1.06697e-08  2.05937e-10  3.08907e-10  3.11993e-08  4.6183e-09  0  1.16748e-09  5.40404e-08  1.05323e-08  2.03627e-09  2.69779e-16  6.24248e-10  1.48082e-08  6.21157e-09  0  4.79365e-10  5.50907e-10  0  3.0223e-08  
0.748175  1.22373e-08  1.39004e-08  8.12044e-10  1.63863e-09  1.54561e-08  9.0286e-09  0  3.81525e-09  8.92769e-08  1.50557e-08  1.92508e-09  1.16537e-16  7.54199e-10  5.27198e-09  7.10905e-09  0  2.08687e-09  8.18388e-09  0  6.65373e-08  0.748175  1.22373e-08  1.39004e-08  8.12044e-10  1.63863e-09  1.54561e-08  9.0286e-09  0  3.81525e-09  8.92769e-08  1.50557e-08  1.92508e-09  1.16537e-16  7.54199e-10  5.27198e-09  7.10905e-09  0  2.08687e-09  8.18388e-09  0  6.65373e-08  
0.745597  6.33888e-09  1.33221e-08  0  0  9.24202e-18  8.87375e-10  0  1.83233e-09  2.06592e-08  1.33457e-09  0  3.84749e-17  1.02938e-09  3.0733e-08  4.96454e-12  0  4.67216e-10  2.21978e-08  0  2.23543e-17  0.745597  6.33888e-09  1.33221e-08  0  0  9.24202e-18  8.87375e-10  0  1.83233e-09  2.06592e-08  1.33457e-09  0  3.84749e-17  1.02938e-09  3.0733e-08  4.96454e-12  0  4.67216e-10  2.21978e-08  0  2.23543e-17  
0.742981  8.49549e-18  4.01869e-18  0  0  2.49154e-17  2.34957e-17  0  0  1.34207e-17  4.05423e-18  0  2.67056e-16  0  2.72e-18  0  0  3.07297e-18  0  0  1.69525e-17  0.742981  8.49549e-18  4.01869e-18  0  0  2.49154e-17  2.34957e-17  0  0  1.34207e-17  4.05423e-18  0  2.67056e-16  0  2.72e-18  0  0  3.07297e-18  0  0  1.69525e-17  
0.740324  1.83165e-08  1.95382e-08  0  4.70813e-09  1.55545e-08  2.45745e-08  0  0  2.63385e-08  2.52171e-08  1.96521e-08  7.89827e-17  3.54631e-10  6.32354e-08  3.34682e-09  0  2.10682e-08  1.72673e-08  0  3.02964e-08  0.740324  1.83165e-08  1.95382e-08  0  4.70813e-09  1.55545e-08  2.45745e-08  0  0  2.63385e-08  2.52171e-08  1.96521e-08  7.89827e-17  3.54631e-10  6.32354e-08  3.34682e-09  0  2.10682e-08  1.72673e-08  0  3.02964e-08  
0.737622  9.56777e-10  1.5667e-08  3.8979e-11  2.84359e-09  3.04925e-08  4.88564e-08  0  9.25737e-09  3.33259e-09  1.03899e-08  4.39036e-09  2.53893e-16  2.53426e-09  1.62146e-17  9.4231e-10  0  2.91218e-09  1.52692e-08  0  9.96807e-09  0.737622  9.56777e-10  1.5667e-08  3.8979e-11  2.84359e-09  3.04925e-08  4.88564e-08  0  9.25737e-09  3.33259e-09  1.03899e-08  4.39036e-09  2.53893e-16  2.53426e-09  1.62146e-17  9.4231e-10  0  2.91218e-09  1.52692e-08  0  9.96807e-09  
0.734872  5.24377e-08  3.48432e-08  9.85677e-11  1.70322e-09  1.05303e-07  4.81297e-09  0  5.67667e-09  2.04173e-09  1.44831e-09  1.789e-08  3.44425e-16  1.18652e-09  9.88297e-09  2.42812e-10  0  5.28115e-09  8.5932e-10  0  1.92226e-08  0.734872  5.24377e-08  3.48432e-08  9.85677e-11  1.70322e-09  1.05303e-07  4.81297e-09  0  5.67667e-09  2.04173e-09  1.44831e-09  1.789e-08  3.44425e-16  1.18652e-09  9.88297e-09  2.42812e-10  0  5.28115e-09  8.5932e-10  0  1.92226e-08  
0.732069  2.59818e-08  1.96854e-08  5.05857e-10  0  3.64904e-17  3.32287e-08  0  1.4023e-09  7.49354e-09  1.66349e-08  4.4473e-09  1.43042e-17  5.9163e-11  4.28828e-10  3.51422e-10  0  2.19711e-09  9.81522e-09  0  1.29499e-08  0.732069  2.59818e-08  1.96854e-08  5.05857e-10  0  3.64904e-17  3.32287e-08  0  1.4023e-09  7.49354e-09  1.66349e-08  4.4473e-09  1.43042e-17  5.9163e-11  4.28828e-10  3.51422e-10  0  2.19711e-09  9.81522e-09  0  1.29499e-08  
0.729211  3.83579e-08  6.82466e-09  8.25367e-10  6.9218e-09  1.2469e-08  7.26759e-09  0  1.58198e-08  8.03897e-08  7.74789e-09  2.2839e-08  0  4.53638e-10  6.0099e-08  3.67354e-09  0  5.31292e-09  2.548e-08  0  3.47668e-08  0.729211  3.83579e-08  6.82466e-09  8.25367e-10  6.9218e-09  1.2469e-08  7.26759e-09  0  1.58198e-08  8.03897e-08  7.74789e-09  2.2839e-08  0  4.53638e-10  6.0099e-08  3.67354e-09  0  5.31292e-09  2.548e-08  0  3.47668e-08  
0.726292  1.41905e-08  1.66092e-17  2.04025e-10  6.59492e-09  3.91802e-08  2.99832e-08  0  0  2.17661e-09  1.73264e-08  9.66275e-09  5.86951e-17  7.55824e-12  6.58709e-18  4.67749e-10  0  3.83864e-18  0  0  4.67841e-08  0.726292  1.41905e-08  1.66092e-17  2.04025e-10  6.59492e-09  3.91802e-08  2.99832e-08  0  0  2.17661e-09  1.73264e-08  9.66275e-09  5.86951e-17  7.55824e-12  6.58709e-18  4.67749e-10  0  3.83864e-18  0  0  4.67841e-08  
0.72331  1.84405e-08  1.69798e-08  8.27831e-10  1.81616e-09  6.73992e-08  9.19029e-09  0  3.43301e-09  1.96288e-09  9.18144e-09  9.97391e-09  6.13615e-16  2.58156e-10  1.06181e-08  2.58312e-09  0  1.50259e-09  5.77079e-10  0  3.38554e-08  0.72331  1.84405e-08  1.69798e-08  8.27831e-10  1.81616e-09  6.73992e-08  9.19029e-09  0  3.43301e-09  1.96288e-09  9.18144e-09  9.97391e-09  6.13615e-16  2.58156e-10  1.06181e-08  2.58312e-09  0  1.50259e-09  5.77079e-10  0  3.38554e-08  
0.720257  2.78139e-08  1.3021e-08  8.80453e-10  1.30498e-09  3.5708e-08  2.03689e-08  0  6.72654e-10  2.57151e-09  8.37229e-09  0  1.97545e-17  2.95815e-11  5.21298e-08  8.80774e-10  0  1.57759e-09  7.49093e-09  0  4.03261e-08  0.720257  2.78139e-08  1.3021e-08  8.80453e-10  1.30498e-09  3.5708e-08  2.03689e-08  0  6.72654e-10  2.57151e-09  8.37229e-09  0  1.97545e-17  2.95815e-11  5.21298e-08  8.80774e-10  0  1.57759e-09  7.49093e-09  0  4.03261e-08  
0.71713  1.34306e-08  1.13257e-08  3.16325e-10  1.31594e-09  7.9224e-10  9.4025e-09  0  9.34567e-09  3.26151e-08  3.42345e-09  2.52487e-08  1.86085e-16  3.47456e-10  4.67645e-08  7.36397e-10  0  2.62567e-09  3.03773e-09  0  3.88697e-08  0.71713  1.34306e-08  1.13257e-08  3.16325e-10  1.31594e-09  7.9224e-10  9.4025e-09  0  9.34567e-09  3.26151e-08  3.42345e-09  2.52487e-08  1.86085e-16  3.47456e-10  4.67645e-08  7.36397e-10  0  2.62567e-09  3.03773e-09  0  3.88697e-08  
0.713924  2.06456e-08  3.3693e-08  3.91241e-10  8.64985e-09  7.86947e-08  7.42217e-09  0  8.02875e-09  1.61914e-09  2.5417e-08  4.08058e-09  2.72375e-16  1.1258e-09  2.60804e-09  4.04966e-10  0  8.5762e-09  2.23888e-08  0  5.61493e-08  0.713924  2.06456e-08  3.3693e-08  3.91241e-10  8.64985e-09  7.86947e-08  7.42217e-09  0  8.02875e-09  1.61914e-09  2.5417e-08  4.08058e-09  2.72375e-16  1.1258e-09  2.60804e-09  4.04966e-10  0  8.5762e-09  2.23888e-08  0  5.61493e-08  
0.71063  4.90623e-09  1.816e-08  6.86632e-10  4.24123e-09  4.66812e-08  6.18641e-09  0  1.19005e-08  2.29926e-10  9.38034e-09  2.41358e-10  3.35308e-16  5.80535e-10  5.75317e-08  1.1292e-09  0  5.76386e-09  1.25148e-08  0  2.34728e-08  0.71063  4.90623e-09  1.816e-08  6.86632e-10  4.24123e-09  4.66812e-08  6.18641e-09  0  1.19005e-08  2.29926e-10  9.38034e-09  2.41358e-10  3.35308e-16  5.80535e-10  5.75317e-08  1.1292e-09  0  5.76386e-09  1.25148e-08  0  2.34728e-08  
0.707244  1.3024e-17  2.46103e-17  0  0  1.87514e-17  2.34957e-17  0  0  1.70549e-17  1.20089e-17  0  8.26658e-18  0  1.6785e-18  0  0  2.92603e-18  0  0  2.87491e-17  0.707244  1.3024e-17  2.46103e-17  0  0  1.87514e-17  2.34957e-17  0  0  1.70549e-17  1.20089e-17  0  8.26658e-18  0  1.6785e-18  0  0  2.92603e-18  0  0  2.87491e-17  
0.703757  1.82088e-08  3.51956e-09  4.57832e-11  7.28482e-11  7.05901e-09  2.34957e-17  0  2.86873e-09  2.75123e-11  1.20839e-09  9.5457e-10  1.62107e-16  4.68077e-11  1.79822e-09  1.0571e-10  0  3.04596e-18  6.6138e-10  0  2.56072e-17  0.703757  1.82088e-08  3.51956e-09  4.57832e-11  7.28482e-11  7.05901e-09  2.34957e-17  0  2.86873e-09  2.75123e-11  1.20839e-09  9.5457e-10  1.62107e-16  4.68077e-11  1.79822e-09  1.0571e-10  0  3.04596e-18  6.6138e-10  0  2.56072e-17  
0.700163  2.23493e-08  1.8158e-08  6.29172e-11  1.90335e-11  4.96321e-08  3.55844e-08  0  2.15336e-09  1.59808e-09  1.44643e-08  3.53906e-08  9.7185e-18  4.51625e-10  1.05313e-08  4.37072e-09  0  1.67766e-08  7.45018e-09  0  3.19403e-08  0.700163  2.23493e-08  1.8158e-08  6.29172e-11  1.90335e-11  4.96321e-08  3.55844e-08  0  2.15336e-09  1.59808e-09  1.44643e-08  3.53906e-08  9.7185e-18  4.51625e-10  1.05313e-08  4.37072e-09  0  1.67766e-08  7.45018e-09  0  3.19403e-08  
0.696452  4.89775e-09  2.07791e-09  1.19119e-10  3.87417e-09  9.16897e-08  1.58148e-10  0  1.00933e-08  2.07444e-09  1.30109e-08  7.10813e-09  2.25277e-17  5.39854e-10  5.10922e-08  2.65355e-09  0  4.29945e-09  6.64975e-09  0  4.52453e-08  0.696452  4.89775e-09  2.07791e-09  1.19119e-10  3.87417e-09  9.16897e-08  1.58148e-10  0  1.00933e-08  2.07444e-09  1.30109e-08  7.10813e-09  2.25277e-17  5.39854e-10  5.10922e-08  2.65355e-09  0  4.29945e-09  6.64975e-09  0  4.52453e-08  
0.692613  7.41546e-18  1.44293e-17  0  0  4.02367e-17  2.34957e-17  0  0  2.32208e-17  1.9715e-17  0  3.87544e-16  0  2.93149e-17  0  0  4.94881e-18  0  0  2.68216e-17  0.692613  7.41546e-18  1.44293e-17  0  0  4.02367e-17  2.34957e-17  0  0  2.32208e-17  1.9715e-17  0  3.87544e-16  0  2.93149e-17  0  0  4.94881e-18  0  0  2.68216e-17  
0.688638  2.25299e-11  1.91969e-08  7.46155e-12  3.82214e-09  3.58516e-08  3.87037e-09  0  4.77476e-09  9.82779e-10  1.17484e-08  3.33473e-09  3.58924e-16  8.31688e-10  2.71971e-09  0  0  1.83456e-09  1.07286e-08  0  8.30859e-09  0.688638  2.25299e-11  1.91969e-08  7.46155e-12  3.82214e-09  3.58516e-08  3.87037e-09  0  4.77476e-09  9.82779e-10  1.17484e-08  3.33473e-09  3.58924e-16  8.31688e-10  2.71971e-09  0  0  1.83456e-09  1.07286e-08  0  8.30859e-09  
0.684513  5.8353e-08  2.01296e-17  1.05538e-09  2.28411e-09  7.46677e-08  7.45111e-09  0  1.73576e-08  7.39261e-08  8.99994e-18  3.30606e-08  5.07996e-18  9.69061e-10  1.7093e-09  1.35385e-09  0  5.87542e-09  1.89724e-08  0  3.37384e-08  0.684513  5.8353e-08  2.01296e-17  1.05538e-09  2.28411e-09  7.46677e-08  7.45111e-09  0  1.73576e-08  7.39261e-08  8.99994e-18  3.30606e-08  5.07996e-18  9.69061e-10  1.7093e-09  1.35385e-09  0  5.87542e-09  1.89724e-08  0  3.37384e-08  
0.680224  4.89359e-18  3.90785e-17  0  0  3.3992e-17  2.34957e-17  0  0  2.06908e-17  1.15081e-17  0  1.41736e-16  0  5.22377e-17  0  0  3.03901e-18  0  0  2.7893e-17  0.680224  4.89359e-18  3.90785e-17  0  0  3.3992e-17  2.34957e-17  0  0  2.06908e-17  1.15081e-17  0  1.41736e-16  0  5.22377e-17  0  0  3.03901e-18  0  0  2.7893e-17  
0.675758  2.2274e-08  1.88826e-08  8.23804e-11  9.58847e-09  5.57554e-08  1.01786e-08  0  8.63767e-11  1.56659e-08  9.43788e-10  2.70023e-08  1.09497e-16  6.17992e-10  1.30439e-08  8.01515e-10  0  6.26018e-09  2.47768e-08  0  2.37169e-08  0.675758  2.2274e-08  1.88826e-08  8.23804e-11  9.58847e-09  5.57554e-08  1.01786e-08  0  8.63767e-11  1.56659e-08  9.43788e-10  2.70023e-08  1.09497e-16  6.17992e-10  1.30439e-08  8.01515e-10  0  6.26018e-09  2.47768e-08  0  2.37169e-08  
0.671095  8.50587e-18  1.46793e-17  0  0  2.78049e-17  2.34957e-17  0  0  1.31587e-17  2.6783e-17  0  5.538e-17  0  5.97583e-18  0  0  3.81494e-18  0  0  2.37107e-17  0.671095  8.50587e-18  1.46793e-17  0  0  2.78049e-17  2.34957e-17  0  0  1.31587e-17  2.6783e-17  0  5.538e-17  0  5.97583e-18  0  0  3.81494e-18  0  0  2.37107e-17  
0.666216  1.45426e-08  2.46513e-08  2.65652e-10  4.58518e-09  7.55635e-09  4.73623e-08  0  9.99364e-09  6.60002e-09  1.13891e-08  6.09982e-09  1.64541e-16  1.89903e-10  3.51398e-08  2.2187e-09  0  1.83456e-09  2.2576e-08  0  1.18785e-08  0.666216  1.45426e-08  2.46513e-08  2.65652e-10  4.58518e-09  7.55635e-09  4.73623e-08  0  9.99364e-09  6.60002e-09  1.13891e-08  6.09982e-09  1.64541e-16  1.89903e-10  3.51398e-08  2.2187e-09  0  1.83456e-09  2.2576e-08  0  1.18785e-08  
0.661099  3.03126e-08  1.24018e-08  1.85553e-12  0  2.70775e-09  1.67583e-09  0  1.43768e-10  9.47495e-09  9.40849e-09  2.15538e-09  8.18737e-16  3.80838e-11  5.30689e-08  0  0  1.23276e-08  2.10656e-09  0  5.14863e-09  0.661099  3.03126e-08  1.24018e-08  1.85553e-12  0  2.70775e-09  1.67583e-09  0  1.43768e-10  9.47495e-09  9.40849e-09  2.15538e-09  8.18737e-16  3.80838e-11  5.30689e-08  0  0  1.23276e-08  2.10656e-09  0  5.14863e-09  
0.655716  2.66996e-08  1.75027e-08  1.94755e-10  3.36532e-09  1.27847e-08  6.68717e-09  0  3.39047e-09  1.64167e-17  2.38785e-17  7.49018e-11  5.80512e-16  5.05664e-10  1.06913e-09  2.1142e-10  0  6.09669e-09  1.69789e-09  0  4.93355e-08  0.655716  2.66996e-08  1.75027e-08  1.94755e-10  3.36532e-09  1.27847e-08  6.68717e-09  0  3.39047e-09  1.64167e-17  2.38785e-17  7.49018e-11  5.80512e-16  5.05664e-10  1.06913e-09  2.1142e-10  0  6.09669e-09  1.69789e-09  0  4.93355e-08  
0.650037  1.31695e-08  2.01393e-08  1.99823e-10  3.59123e-10  1.22854e-07  4.4321e-08  0  9.17313e-09  1.23215e-08  2.09578e-08  3.37052e-10  8.8609e-17  9.74548e-10  6.71043e-09  2.08995e-10  0  1.18332e-08  4.18135e-08  0  1.13736e-08  0.650037  1.31695e-08  2.01393e-08  1.99823e-10  3.59123e-10  1.22854e-07  4.4321e-08  0  9.17313e-09  1.23215e-08  2.09578e-08  3.37052e-10  8.8609e-17  9.74548e-10  6.71043e-09  2.08995e-10  0  1.18332e-08  4.18135e-08  0  1.13736e-08  
0.644023  3.50852e-08  2.83997e-08  7.07449e-10  1.17461e-10  7.04087e-08  3.52958e-08  0  8.82619e-09  6.12527e-08  6.54908e-09  6.17472e-09  1.96659e-16  2.32e-10  3.52312e-08  2.04747e-09  0  1.38391e-08  1.53114e-08  0  2.90889e-08  0.644023  3.50852e-08  2.83997e-08  7.07449e-10  1.17461e-10  7.04087e-08  3.52958e-08  0  8.82619e-09  6.12527e-08  6.54908e-09  6.17472e-09  1.96659e-16  2.32e-10  3.52312e-08  2.04747e-09  0  1.38391e-08  1.53114e-08  0  2.90889e-08  
0.637632  2.3212e-08  2.75508e-08  4.00245e-11  1.65325e-09  9.95309e-10  5.13228e-09  0  6.42014e-09  6.16342e-08  5.63552e-09  8.01144e-09  1.88708e-16  1.4659e-09  3.61254e-08  9.30116e-10  0  3.24234e-09  2.95288e-08  0  4.88329e-08  0.637632  2.3212e-08  2.75508e-08  4.00245e-11  1.65325e-09  9.95309e-10  5.13228e-09  0  6.42014e-09  6.16342e-08  5.63552e-09  8.01144e-09  1.88708e-16  1.4659e-09  3.61254e-08  9.30116e-10  0  3.24234e-09  2.95288e-08  0  4.88329e-08  
0.25141  1.26926e-17  1.86536e-17  0  0  3.37886e-17  2.34957e-17  0  0  2.0544e-17  1.45583e-17  0  1.23508e-16  0  7.48169e-18  0  0  3.09912e-18  0  0  2.82286e-17  0.25141  1.26926e-17  1.86536e-17  0  0  3.37886e-17  2.34957e-17  0  0  2.0544e-17  1.45583e-17  0  1.23508e-16  0  7.48169e-18  0  0  3.09912e-18  0  0  2.82286e-17  
0.25141  1.26926e-17  1.86536e-17  0  0  3.37886e-17  2.34957e-17  0  0  2.0544e-17  1.45583e-17  0  1.23508e-16  0  7.48169e-18  0  0  3.09912e-18  0  0  2.82286e-17  0.25141  1.26926e-17  1.86536e-17  0  0  3.37886e-17  2.34957e-17  0  0  2.0544e-17  1.45583e-17  0  1.23508e-16  0  7.48169e-18  0  0  3.09912e-18  0  0  2.82286e-17  
0.25141  1.26926e-17  1.86536e-17  0  0  3.37886e-17  2.34957e-17  0  0  2.0544e-17  1.45583e-17  0  1.23508e-16  0  7.48169e-18  0  0  3.09912e-18  0  0  2.82286e-17  0.25141  1.26926e-17  1.86536e-17  0  0  3.37886e-17  2.34957e-17  0  0  2.0544e-17  1.45583e-17  0  1.23508e-16  0  7.48169e-18  0  0  3.09912e-18  0  0  2.82286e-17  
0.25141  1.26926e-17  1.86536e-17  0  0  3.37886e-17  2.34957e-17  0  0  2.0544e-17  1.45583e-17  0  1.23508e-16  0  7.48169e-18  0  0  3.09912e-18  0  0  2.82286e-17  0.25141  1.26926e-17  1.86536e-17  0  0  3.37886e-17  2.34957e-17  0  0  2.0544e-17  1.45583e-17  0  1.23508e-16  0  7.48169e-18  0  0  3.09912e-18  0  0  2.82286e-17  
0.25141  1.26926e-17  1.86536e-17  0  0  3.37886e-17  2.34957e-17  0  0  2.0544e-17  1.45583e-17  0  1.23508e-16  0  7.48169e-18  0  0  3.09912e-18  0  0  2.82286e-17  0.25141  1.26926e-17  1.86536e-17  0  0  3.37886e-17  2.34957e-17  0  0  2.0544e-17  1.45583e-17  0  1.23508e-16  0  7.48169e-18  0  0  3.09912e-18  0  0  2.82286e-17  
0.25141  1.26926e-17  1.86536e-17  0  0  3.37886e-17  2.34957e-17  0  0  2.0544e-17  1.45583e-17  0  1.23508e-16  0  7.48169e-18  0  0  3.09912e-18  0  0  2.82286e-17  0.25141  1.26926e-17  1.86536e-17  0  0  3.37886e-17  2.34957e-17  0  0  2.0544e-17  1.45583e-17  0  1.23508e-16  0  7.48169e-18  0  0  3.09912e-18  0  0  2.82286e-17  
0.25141  1.26926e-17  1.86536e-17  0  0  3.37886e-17  2.34957e-17  0  0  2.0544e-17  1.45583e-17  0  1.23508e-16  0  7.48169e-18  0  0  3.09912e-18  0  0  2.82286e-17  0.25141  1.26926e-17  1.86536e-17  0  0  3.37886e-17  2.34957e-17  0  0  2.0544e-17  1.45583e-17  0  1.23508e-16  0  7.48169e-18  0  0  3.09912e-18  0  0  2.82286e-17  
0.25141  1.26926e-17  1.86536e-17  0  0  3.37886e-17  2.34957e-17  0  0  2.0544e-17  1.45583e-17  0  1.23508e-16  0  7.48169e-18  0  0  3.09912e-18  0  0  2.82286e-17  0.25141  1.26926e-17  1.86536e-17  0  0  3.37886e-17  2.34957e-17  0  0  2.0544e-17  1.45583e-17  0  1.23508e-16  0  7.48169e-18  0  0  3.09912e-18  0  0  2.82286e-17  
0.25141  1.26926e-17  1.86536e-17  0  0  3.37886e-17  2.34957e-17  0  0  2.0544e-17  1.45583e-17  0  1.23508e-16  0  7.48169e-18  0  0  3.09912e-18  0  0  2.82286e-17  0.25141  1.26926e-17  1.86536e-17  0  0  3.37886e-17  2.34957e-17  0  0  2.0544e-17  1.45583e-17  0  1.23508e-16  0  7.48169e-18  0  0  3.09912e-18  0  0  2.82286e-17  
0.25141  1.26926e-17  1.86536e-17  0  0  3.37886e-17  2.34957e-17  0  0  2.0544e-17  1.45583e-17  0  1.23508e-16  0  7.48169e-18  0  0  3.09912e-18  0  0  2.82286e-17  0.25141  1.26926e-17  1.86536e-17  0  0  3.37886e-17  2.34957e-17  0  0  2.0544e-17  1.45583e-17  0  1.23508e-16  0  7.48169e-18  0  0  3.09912e-18  0  0  2.82286e-17  
0.25141  1.26926e-17  1.86536e-17  0  0  3.37886e-17  2.34957e-17  0  0  2.0544e-17  1.45583e-17  0  1.23508e-16  0  7.48169e-18  0  0  3.09912e-18  0  0  2.82286e-17  0.25141  1.26926e-17  1.86536e-17  0  0  3.37886e-17  2.34957e-17  0  0  2.0544e-17  1.45583e-17  0  1.23508e-16  0  7.48169e-18  0  0  3.09912e-18  0  0  2.82286e-17  
0.25141  1.26926e-17  1.86536e-17  0  0  3.37886e-17  2.34957e-17  0  0  2.0544e-17  1.45583e-17  0  1.23508e-16  0  7.48169e-18  0  0  3.09912e-18  0  0  2.82286e-17  0.25141  1.26926e-17  1.86536e-17  0  0  3.37886e-17  2.34957e-17  0  0  2.0544e-17  1.45583e-17  0  1.23508e-16  0  7.48169e-18  0  0  3.09912e-18  0  0  2.82286e-17  
0.25141  1.26926e-17  1.86536e-17  0  0  3.37886e-17  2.34957e-17  0  0  2.0544e-17  1.45583e-17  0  1.23508e-16  0  7.48169e-18  0  0  3.09912e-18  0  0  2.82286e-17  0.25141  1.26926e-17  1.86536e-17  0  0  3.37886e-17  2.34957e-17  0  0  2.0544e-17  1.45583e-17  0  1.23508e-16  0  7.48169e-18  0  0  3.09912e-18  0  0  2.82286e-17  
0.25141  1.26926e-17  1.86536e-17  0  0  3.37886e-17  2.34957e-17  0  0  2.0544e-17  1.45583e-17  0  1.23508e-16  0  7.48169e-18  0  0  3.09912e-18  0  0  2.82286e-17  0.25141  1.26926e-17  1.86536e-17  0  0  3.37886e-17  2.34957e-17  0  0  2.0544e-17  1.45583e-17  0  1.23508e-16  0  7.48169e-18  0  0  3.09912e-18  0  0  2.82286e-17  
0.25141  1.26926e-17  1.86536e-17  0  0  3.37886e-17  2.34957e-17  0  0  2.0544e-17  1.45583e-17  0  1.23508e-16  0  7.48169e-18  0  0  3.09912e-18  0  0  2.82286e-17  0.25141  1.26926e-17  1.86536e-17  0  0  3.37886e-17  2.34957e-17  0  0  2.0544e-17  1.45583e-17  0  1.23508e-16  0  7.48169e-18  0  0  3.09912e-18  0  0  2.82286e-17  
0.25141  1.26926e-17  1.86536e-17  0  0  3.37886e-17  2.34957e-17  0  0  2.0544e-17  1.45583e-17  0  1.23508e-16  0  7.48169e-18  0  0  3.09912e-18  0  0  2.82286e-17  0.25141  1.26926e-17  1.86536e-17  0  0  3.37886e-17  2.34957e-17  0  0  2.0544e-17  1.45583e-17  0  1.23508e-16  0  7.48169e-18  0  0  3.09912e-18  0  0  2.82286e-17  
0.25141  1.26926e-17  1.86536e-17  0  0  3.37886e-17  2.34957e-17  0  0  2.0544e-17  1.45583e-17  0  1.23508e-16  0  7.48169e-18  0  0  3.09912e-18  0  0  2.82286e-17  0.25141  1.26926e-17  1.86536e-17  0  0  3.37886e-17  2.34957e-17  0  0  2.0544e-17  1.45583e-17  0  1.23508e-16  0  7.48169e-18  0  0  3.09912e-18  0  0  2.82286e-17  
0.238352  9.141e-18  2.75674e-17  0  0  3.49237e-17  2.34957e-17  0  0  2.73651e-17  3.58512e-17  0  2.45236e-17  0  4.44849e-17  0  0  3.41612e-18  0  0  2.74427e-17  0.238352  9.141e-18  2.75674e-17  0  0  3.49237e-17  2.34957e-17  0  0  2.73651e-17  3.58512e-17  0  2.45236e-17  0  4.44849e-17  0  0  3.41612e-18  0  0  2.74427e-17  
0.222014  1.67756e-08  5.03413e-09  1.65309e-10  1.73568e-09  1.94179e-08  3.37705e-09  0  1.53844e-09  2.34962e-08  3.27658e-09  7.77773e-09  3.11962e-16  0  2.62767e-08  3.6099e-10  0  3.54051e-18  8.62743e-09  0  4.34028e-09  0.222014  1.67756e-08  5.03413e-09  1.65309e-10  1.73568e-09  1.94179e-08  3.37705e-09  0  1.53844e-09  2.34962e-08  3.27658e-09  7.77773e-09  3.11962e-16  0  2.62767e-08  3.6099e-10  0  3.54051e-18  8.62743e-09  0  4.34028e-09  
0.206746  2.35349e-08  9.77574e-09  9.24054e-12  0  4.93867e-17  1.02304e-08  0  2.16198e-11  1.91961e-08  5.88595e-09  2.41358e-10  5.68253e-17  6.5476e-10  2.74747e-08  1.05299e-09  0  6.62201e-09  2.50296e-08  0  1.65333e-08  0.206746  2.35349e-08  9.77574e-09  9.24054e-12  0  4.93867e-17  1.02304e-08  0  2.16198e-11  1.91961e-08  5.88595e-09  2.41358e-10  5.68253e-17  6.5476e-10  2.74747e-08  1.05299e-09  0  6.62201e-09  2.50296e-08  0  1.65333e-08  
0.192138  7.85472e-18  3.63214e-17  0  0  4.70444e-17  2.34957e-17  0  0  1.41717e-17  1.46618e-17  0  1.23697e-16  0  3.99566e-17  0  0  6.15235e-18  0  0  2.9236e-17  0.192138  7.85472e-18  3.63214e-17  0  0  4.70444e-17  2.34957e-17  0  0  1.41717e-17  1.46618e-17  0  1.23697e-16  0  3.99566e-17  0  0  6.15235e-18  0  0  2.9236e-17  
0.177908  8.51397e-18  1.06977e-17  0  0  2.54636e-17  2.34957e-17  0  0  1.99882e-17  1.56599e-17  0  8.82394e-17  0  2.40424e-17  0  0  1.88087e-18  0  0  1.94591e-17  0.177908  8.51397e-18  1.06977e-17  0  0  2.54636e-17  2.34957e-17  0  0  1.99882e-17  1.56599e-17  0  8.82394e-17  0  2.40424e-17  0  0  1.88087e-18  0  0  1.94591e-17  
0.163844  1.54865e-17  2.77609e-17  0  0  2.74997e-17  2.34957e-17  0  0  2.35104e-17  9.811e-18  0  1.35047e-17  0  1.32977e-17  0  0  3.03873e-18  0  0  2.9077e-17  0.163844  1.54865e-17  2.77609e-17  0  0  2.74997e-17  2.34957e-17  0  0  2.35104e-17  9.811e-18  0  1.35047e-17  0  1.32977e-17  0  0  3.03873e-18  0  0  2.9077e-17  
0.14978  9.69769e-18  1.86536e-17  0  0  3.91587e-18  2.34957e-17  0  0  1.93363e-17  6.859e-18  0  1.82159e-16  0  3.00695e-17  0  0  3.09912e-18  0  0  2.54524e-17  0.14978  9.69769e-18  1.86536e-17  0  0  3.91587e-18  2.34957e-17  0  0  1.93363e-17  6.859e-18  0  1.82159e-16  0  3.00695e-17  0  0  3.09912e-18  0  0  2.54524e-17  
0.135583  3.9881e-18  2.1947e-17  0  0  7.1957e-18  2.34957e-17  0  0  1.82843e-17  2.13233e-17  0  3.23197e-17  0  2.24585e-17  0  0  4.37937e-18  0  0  2.97181e-17  0.135583  3.9881e-18  2.1947e-17  0  0  7.1957e-18  2.34957e-17  0  0  1.82843e-17  2.13233e-17  0  3.23197e-17  0  2.24585e-17  0  0  4.37937e-18  0  0  2.97181e-17  
0.121135  8.09757e-18  2.66907e-17  0  0  9.2836e-18  2.34957e-17  0  0  1.60386e-17  1.4467e-17  0  3.00423e-17  0  1.73694e-17  0  0  4.59251e-18  0  0  2.7893e-17  0.121135  8.09757e-18  2.66907e-17  0  0  9.2836e-18  2.34957e-17  0  0  1.60386e-17  1.4467e-17  0  3.00423e-17  0  1.73694e-17  0  0  4.59251e-18  0  0  2.7893e-17  
0.106346  1.2038e-17  1.14643e-17  0  0  1.19712e-17  2.34957e-17  0  0  1.2507e-17  2.30004e-17  0  4.35129e-16  0  1.32134e-17  0  0  5.74767e-19  0  0  1.47284e-17  0.106346  1.2038e-17  1.14643e-17  0  0  1.19712e-17  2.34957e-17  0  0  1.2507e-17  2.30004e-17  0  4.35129e-16  0  1.32134e-17  0  0  5.74767e-19  0  0  1.47284e-17  
0.0911417  7.62116e-18  3.44234e-17  0  0  4.79552e-17  2.34957e-17  0  0  2.59258e-17  1.89479e-17  0  0  0  2.46647e-17  0  0  3.60883e-18  0  0  3.14669e-17  0.0911417  7.62116e-18  3.44234e-17  0  0  4.79552e-17  2.34957e-17  0  0  2.59258e-17  1.89479e-17  0  0  0  2.46647e-17  0  0  3.60883e-18  0  0  3.14669e-17  
0.0754769  1.76334e-17  2.94684e-17  0  0  4.95244e-17  2.34957e-17  0  0  2.09331e-17  1.95661e-17  0  1.29785e-16  0  3.74354e-17  0  0  1.78917e-18  0  0  2.98373e-17  0.0754769  1.76334e-17  2.94684e-17  0  0  4.95244e-17  2.34957e-17  0  0  2.09331e-17  1.95661e-17  0  1.29785e-16  0  3.74354e-17  0  0  1.78917e-18  0  0  2.98373e-17  
0.0593397  8.34781e-18  9.40615e-10  2.19945e-10  4.07278e-09  1.77715e-08  1.18414e-08  0  4.96629e-10  2.3833e-17  4.20651e-10  0  0  1.49495e-10  1.43958e-17  4.7044e-10  0  5.13165e-10  5.01792e-10  0  6.59434e-09  0.0593397  8.34781e-18  9.40615e-10  2.19945e-10  4.07278e-09  1.77715e-08  1.18414e-08  0  4.96629e-10  2.3833e-17  4.20651e-10  0  0  1.49495e-10  1.43958e-17  4.7044e-10  0  5.13165e-10  5.01792e-10  0  6.59434e-09  
0.0427604  9.39267e-18  3.03314e-17  0  0  4.46826e-17  2.34957e-17  0  0  2.21885e-17  2.00954e-17  0  3.65339e-16  0  4.22814e-17  0  0  4.38661e-18  0  0  2.95339e-17  0.0427604  9.39267e-18  3.03314e-17  0  0  4.46826e-17  2.34957e-17  0  0  2.21885e-17  2.00954e-17  0  3.65339e-16  0  4.22814e-17  0  0  4.38661e-18  0  0  2.95339e-17  
0.0258166  4.45233e-18  2.53113e-17  0  0  3.01317e-17  2.34957e-17  0  0  1.59216e-17  1.56157e-17  0  1.2405e-17  0  4.30953e-17  0  0  4.93994e-18  0  0  2.3743e-17  0.0258166  4.45233e-18  2.53113e-17  0  0  3.01317e-17  2.34957e-17  0  0  1.59216e-17  1.56157e-17  0  1.2405e-17  0  4.30953e-17  0  0  4.93994e-18  0  0  2.3743e-17  
0.00863375  8.69726e-18  2.5035e-17  0  0  4.59099e-17  2.34957e-17  0  0  1.60394e-17  2.21245e-17  0  0  0  1.2924e-17  0  0  5.5523e-18  0  0  2.59671e-17  0.00863375  8.69726e-18  2.5035e-17  0  0  4.59099e-17  2.34957e-17  0  0  1.60394e-17  2.21245e-17  0  0  0  1.2924e-17  0  0  5.5523e-18  0  0  2.59671e-17  
