1.39688  3.13242  5.44798  6.34977  1.57764  10.6645  4.63249  2.89554  16.8348  8.74745  16.5974  20.6105  8.43039  21.3524  16.9757  4.8403  26.4626  4.14526  22.8237  0.402039  32.3354  25.6395  33.4576  37.4897  0.69844  0.783104  0.907996  0.793721  0.157764  0.888708  0.330892  0.180971  0.935266  0.437372  0.754425  0.858771  0.324246  0.762587  0.565856  0.151259  0.778312  0.115146  0.600623  0.010051  0.76989  0.582715  0.727339  0.781035  
0.299702  3.19608  2.54471  0.672888  7.60055  1.36449  4.36881  0.121235  3.71571  3.34181  7.42714  2.35787  11.4219  8.30309  14.7219  28.6213  23.7993  24.4135  6.01251  11.9562  14.5091  16.7312  13.3345  31.0277  0.149851  0.799019  0.424119  0.084111  0.760055  0.113708  0.312058  0.00757721  0.206428  0.167091  0.337597  0.0982444  0.439302  0.296539  0.490729  0.894416  0.69998  0.678152  0.158224  0.298904  0.345454  0.380255  0.289879  0.64641  
0.693198  1.50446  3.82684  5.02472  2.81479  3.28086  2.59531  12.9685  7.85727  5.52979  4.05043  11.516  18.2395  11.8557  0.893444  5.13505  8.24047  2.92397  21.041  23.7686  19.5048  8.27358  26.0275  15.4177  0.346599  0.376115  0.637806  0.62809  0.281479  0.273405  0.185379  0.810532  0.436515  0.276489  0.184111  0.479835  0.701519  0.423418  0.0297815  0.16047  0.242367  0.0812214  0.55371  0.594215  0.4644  0.188036  0.565816  0.321202  
1.34879  2.05077  3.24415  6.8571  7.74921  8.11755  11.8177  3.72911  6.17809  14.3931  7.12697  3.58004  20.7113  13.7465  9.9872  26.2367  4.26906  15.9614  19.9504  2.09944  0.412605  9.48735  16.9772  4.05534  0.674397  0.512693  0.540691  0.857137  0.774921  0.676463  0.844125  0.23307  0.343227  0.719657  0.323953  0.149168  0.796588  0.490947  0.332907  0.819898  0.125561  0.443373  0.525012  0.0524859  0.00982394  0.215622  0.369069  0.0844863  
0.494681  3.05351  5.73584  0.23468  9.09782  8.26327  1.94505  3.36023  3.22833  12.5511  20.4439  12.5023  12.1744  26.5398  21.9841  16.139  1.37466  27.0129  26.1829  30.4096  0.0836577  11.2146  7.71971  7.83727  0.24734  0.763377  0.955973  0.029335  0.909782  0.688606  0.138932  0.210014  0.179351  0.627553  0.92927  0.52093  0.468247  0.947851  0.732803  0.504344  0.0404312  0.750359  0.689025  0.76024  0.00199185  0.254876  0.16782  0.163276  
0.0655803  2.97823  3.98907  0.588544  4.85009  1.09973  8.26626  6.34647  9.41431  5.21502  11.3064  22.7541  22.2976  18.6699  15.3079  24.3659  28.7254  2.6664  15.5989  31.6037  10.825  18.5598  10.8478  21.8059  0.0327901  0.744556  0.664845  0.0735679  0.485009  0.0916444  0.590447  0.396654  0.523017  0.260751  0.513925  0.948089  0.8576  0.666784  0.510264  0.761436  0.844865  0.0740668  0.410498  0.790093  0.257739  0.421814  0.235821  0.45429  
1.75798  0.128235  5.00209  3.90034  5.63965  6.05281  0.853456  9.95542  3.31077  18.6812  20.3464  4.28155  2.88624  0.569543  22.3394  10.6459  27.9116  16.3317  8.80022  13.4802  31.4871  41.354  12.1417  41.1714  0.878992  0.0320588  0.833682  0.487543  0.563965  0.504401  0.0609612  0.622214  0.183932  0.93406  0.924837  0.178398  0.111009  0.0203408  0.744647  0.332684  0.820929  0.453657  0.231585  0.337006  0.749692  0.939863  0.26395  0.857738  
0.573564  2.05544  2.14149  1.46657  0.0416836  6.13203  5.46219  6.92103  12.9919  19.663  17.8895  1.29208  17.598  1.45932  22.1136  25.0902  16.7857  15.3023  16.3553  8.99307  34.7187  4.32573  24.0456  11.7622  0.286782  0.513859  0.356915  0.183321  0.00416836  0.511003  0.390156  0.432565  0.721774  0.98315  0.813157  0.0538366  0.676846  0.0521187  0.737121  0.784068  0.493696  0.425065  0.430403  0.224827  0.826635  0.0983121  0.522731  0.245045  
1.12807  0.632045  3.86596  2.58466  7.51557  2.12484  12.729  12.41  4.28881  13.4607  16.6682  5.07607  8.41969  11.0382  26.9311  8.1797  17.8935  4.21008  9.52836  16.4676  7.90598  29.2586  25.6667  26.3839  0.564036  0.158011  0.644327  0.323082  0.751557  0.17707  0.909214  0.775625  0.238267  0.673036  0.757647  0.211503  0.323834  0.394222  0.897703  0.255616  0.526279  0.116947  0.250746  0.41169  0.188238  0.664968  0.557972  0.549664  
0.616733  3.31414  0.320732  3.32063  7.05621  1.49667  10.208  10.8818  2.46108  15.7662  11.2111  22.4431  10.2145  13.326  22.9515  13.4425  11.215  31.095  11.5751  15.0448  23.2689  40.5997  45.2517  19.6179  0.308366  0.828535  0.0534553  0.415078  0.705621  0.124722  0.72914  0.68011  0.136726  0.788308  0.509593  0.935128  0.392867  0.475928  0.765051  0.420077  0.329853  0.863749  0.304608  0.376121  0.554021  0.922719  0.983733  0.408707  
0.982179  0.655198  3.60301  3.17001  6.37216  8.58596  11.4977  14.3516  12.9196  9.53879  10.4414  1.41993  25.7497  25.6647  29.3793  30.0086  23.6359  10.1029  36.5489  34.3897  31.8978  25.3286  20.5611  43.0533  0.491089  0.1638  0.600501  0.396251  0.637216  0.715497  0.821266  0.896977  0.717755  0.476939  0.47461  0.0591636  0.990371  0.916598  0.979311  0.93777  0.695174  0.280636  0.961814  0.859742  0.759471  0.57565  0.44698  0.896944  
1.0771  2.52042  1.0943  1.06238  8.94404  10.517  6.22878  7.47093  9.11469  9.26273  11.8578  12.1045  15.8311  20.5321  10.9438  16.911  18.8063  6.77917  17.9191  27.562  27.5643  39.9322  32.0607  11.7131  0.53855  0.630106  0.182384  0.132797  0.894404  0.876414  0.444913  0.466933  0.506372  0.463136  0.53899  0.504355  0.608888  0.73329  0.364793  0.52847  0.553127  0.18831  0.471556  0.68905  0.656293  0.907551  0.696972  0.244023  
0.608461  1.82723  0.633543  0.183219  9.43915  7.28141  6.27281  3.90509  5.77349  17.5379  6.2849  7.47769  21.3116  11.5267  7.14964  18.1735  33.2317  29.0164  15.1778  4.67203  7.02155  40.4838  7.49129  30.5542  0.304231  0.456807  0.10559  0.0229024  0.943915  0.606785  0.448058  0.244068  0.320749  0.876894  0.285677  0.311571  0.819677  0.41167  0.238321  0.567921  0.977404  0.806012  0.399417  0.116801  0.16718  0.920086  0.162854  0.636546  
1.57139  1.37814  3.61609  6.56768  9.90117  10.1223  5.42034  10.8648  7.43693  3.93773  2.64451  23.4921  15.5962  6.75161  7.46718  25.3211  29.3242  28.5271  28.6722  31.6453  0.579032  14.1974  0.477091  15.1167  0.785696  0.344535  0.602682  0.82096  0.990117  0.843529  0.387167  0.679047  0.413163  0.196886  0.120205  0.978838  0.599853  0.241129  0.248906  0.791284  0.862477  0.792419  0.75453  0.791133  0.0137865  0.322668  0.0103715  0.314931  
0.35694  3.69342  3.51068  6.39478  1.91987  8.66697  13.0034  14.1005  1.54597  13.909  21.1223  18.1869  17.1356  9.22916  14.2913  19.5786  26.6526  5.54291  9.05767  16.6727  14.9325  23.4429  18.8654  13.2548  0.17847  0.923355  0.585114  0.799347  0.191987  0.722247  0.928815  0.881282  0.0858871  0.695451  0.960102  0.757786  0.659061  0.329613  0.476376  0.611832  0.783901  0.15397  0.23836  0.416819  0.355535  0.532794  0.410118  0.276142  
1.96841  1.19345  2.59966  6.43502  5.4879  8.38559  7.87831  0.533296  14.8852  0.325869  6.75829  3.35581  6.71035  15.6758  15.6787  8.79175  19.3816  33.6503  8.87452  14.7379  20.2625  15.532  44.8916  42.4172  0.984205  0.298363  0.433276  0.804378  0.54879  0.698799  0.562737  0.033331  0.826954  0.0162935  0.307195  0.139825  0.25809  0.559851  0.522625  0.274742  0.570046  0.934732  0.23354  0.368448  0.482441  0.353  0.975905  0.883692  
1.60147  2.22545  5.50756  6.47329  3.65036  3.90197  6.8822  4.79397  7.91879  8.64897  11.3726  14.1346  19.5145  2.57507  20.1061  18.8383  27.9343  17.6675  1.02094  21.4674  34.1311  15.9358  35.5996  7.88519  0.800735  0.556364  0.917927  0.809161  0.365036  0.325164  0.491585  0.299623  0.439933  0.432448  0.516937  0.588943  0.750558  0.0919669  0.670205  0.588698  0.821598  0.490764  0.0268667  0.536684  0.812645  0.362177  0.773904  0.164275  
0.0315494  1.03104  2.05007  0.197743  0.0609543  5.88487  4.68634  10.4356  5.14942  5.43997  21.3661  22.9892  13.3594  9.88053  20.447  28.9342  8.68856  33.3986  10.2571  22.7683  24.316  27.827  1.24005  6.8545  0.0157747  0.257759  0.341679  0.0247179  0.00609543  0.490406  0.334738  0.652227  0.286079  0.271998  0.971184  0.957883  0.513822  0.352876  0.681565  0.904195  0.255546  0.927739  0.269923  0.569208  0.578953  0.632431  0.0269577  0.142802  
0.951316  3.8266  1.86554  6.65434  1.33171  8.26339  12.6123  9.27648  17.6138  3.03508  21.7328  13.4552  10.8011  22.1995  1.26686  7.10139  27.9126  12.4225  34.1188  4.58711  40.6147  34.7555  27.1152  7.6128  0.475658  0.956651  0.310923  0.831792  0.133171  0.688616  0.900881  0.57978  0.978547  0.151754  0.987855  0.560634  0.415428  0.792839  0.0422287  0.221918  0.820959  0.345069  0.897862  0.114678  0.967016  0.789898  0.589461  0.1586  
0.823394  1.35831  0.842843  3.13537  0.400967  3.03721  12.5194  8.45253  3.65656  15.1536  21.3754  2.75212  12.5315  14.7858  25.0891  4.83409  3.06278  28.0157  13.4291  18.2605  17.1845  25.5563  37.5551  21.7081  0.411697  0.339578  0.140474  0.391921  0.0400967  0.253101  0.894244  0.528283  0.203142  0.75768  0.971609  0.114671  0.481979  0.528064  0.836304  0.151065  0.0900818  0.778214  0.353398  0.456511  0.409156  0.580824  0.816415  0.452253  
0.983249  3.82933  2.03498  4.53145  0.987833  8.78753  10.25  9.33642  17.8924  9.17509  2.08263  0.213783  8.36955  9.97655  18.893  19.2039  25.2193  33.3983  0.143402  11.771  29.1027  2.2117  45.4632  28.0041  0.491624  0.957333  0.339163  0.566431  0.0987833  0.732294  0.732142  0.583526  0.994024  0.458754  0.0946649  0.00890761  0.321906  0.356305  0.629766  0.60012  0.741745  0.927731  0.00377374  0.294274  0.692921  0.0502659  0.988331  0.583418  
1.44294  1.9932  1.19609  4.32236  7.22212  6.79029  12.9516  2.36381  13.0607  11.7653  21.6188  17.5067  16.6124  21.4317  15.8912  3.45475  29.2522  15.0905  24.6329  6.7318  2.44459  2.87771  17.361  23.6207  0.721469  0.4983  0.199348  0.540296  0.722212  0.565857  0.925114  0.147738  0.725596  0.588263  0.982672  0.729447  0.638939  0.765417  0.529708  0.107961  0.860359  0.419179  0.648233  0.168295  0.0582045  0.0654025  0.377413  0.492098  
0.785384  2.61367  3.69409  0.553964  1.76305  11.7646  7.51724  2.23646  16.9607  3.52654  5.98535  1.45076  5.86957  6.85959  22.2142  23.7024  9.11187  8.83355  1.3858  35.1927  0.0307094  43.6654  45.8172  25.8923  0.392692  0.653417  0.615682  0.0692455  0.176305  0.980381  0.536945  0.139779  0.942263  0.176327  0.272061  0.0604482  0.225753  0.244985  0.740475  0.7407  0.267996  0.245376  0.0364683  0.879818  0.000731176  0.992396  0.996025  0.539423  
1.97789  2.90927  1.20001  5.43501  4.99556  1.57782  7.98104  15.8082  10.2607  12.2496  19.9872  2.02962  1.13411  21.1538  14.5696  27.0124  19.1849  16.6865  17.6142  3.6751  10.2254  2.33802  26.4798  21.7993  0.988945  0.727317  0.200002  0.679376  0.499556  0.131485  0.570074  0.988012  0.570039  0.612478  0.908507  0.0845677  0.0436197  0.755493  0.485652  0.844138  0.564263  0.463515  0.46353  0.0918776  0.243461  0.0531369  0.575649  0.454151  
0.313925  1.08761  0.453102  5.62386  9.73691  6.74179  10.4217  7.61601  14.1671  16.3802  3.02984  2.2254  9.88101  9.39173  6.53006  0.00864509  14.5705  16.595  19.2185  13.7124  2.01744  13.1677  7.52952  28.124  0.156963  0.271902  0.0755169  0.702982  0.973691  0.561816  0.744409  0.476001  0.787063  0.819012  0.13772  0.0927251  0.380039  0.335419  0.217669  0.000270159  0.428544  0.460971  0.505751  0.342811  0.0480343  0.299265  0.163685  0.585917  
1.27327  2.98445  5.46738  7.60833  3.42109  8.54725  10.8854  8.045  3.35942  7.4404  4.50374  4.62536  10.4084  0.889499  23.9754  8.66175  31.701  33.9863  10.9178  1.46908  32.7743  43.59  15.23  10.5905  0.636634  0.746112  0.911229  0.951042  0.342109  0.712271  0.777527  0.502813  0.186635  0.37202  0.204715  0.192723  0.400322  0.0317678  0.79918  0.27068  0.932383  0.944064  0.287311  0.0367271  0.780341  0.990683  0.331087  0.220635  
1.53942  2.51835  3.57362  7.14628  8.9913  5.94213  11.8147  14.0559  9.69786  19.8278  3.20437  14.415  15.8145  17.9937  27.3529  10.8269  4.83003  0.91944  15.9892  14.9987  17.5146  18.0933  42.4295  1.3794  0.769712  0.629586  0.595603  0.893285  0.89913  0.495177  0.843909  0.878497  0.53877  0.99139  0.145653  0.600624  0.608249  0.642634  0.911762  0.33834  0.14206  0.02554  0.42077  0.374967  0.417015  0.41121  0.922382  0.0287375  
1.93518  2.09386  0.888164  6.8245  8.88806  7.04983  6.39142  15.8114  5.51471  6.32509  1.61768  19.4961  14.3109  15.781  13.2719  29.9644  11.9285  2.90241  33.3891  4.28117  0.869584  8.07695  6.67837  4.46321  0.967588  0.523466  0.148027  0.853063  0.888806  0.587486  0.45653  0.988209  0.306373  0.316255  0.0735311  0.812339  0.550419  0.563609  0.442398  0.936386  0.35084  0.0806225  0.878661  0.107029  0.0207044  0.183567  0.145182  0.0929836  
1.91264  3.93848  5.04266  2.38012  3.60189  1.44236  12.7508  11.1265  7.34733  5.87805  16.4218  18.0009  4.58588  13.09  17.4534  15.3312  26.102  2.806  23.5573  37.8055  13.7477  33.2812  39.4473  33.0165  0.956319  0.98462  0.840444  0.297515  0.360189  0.120197  0.910772  0.695407  0.408185  0.293903  0.746444  0.750039  0.17638  0.467499  0.581779  0.4791  0.767706  0.0779446  0.619928  0.945137  0.327325  0.756392  0.85755  0.687844  
0.0543267  1.25664  3.64587  0.502079  8.2839  4.16774  2.24996  3.07058  1.96425  11.1959  9.72996  12.4917  11.7229  22.9632  11.1395  18.2663  3.50477  3.86426  12.8321  36.4745  8.29455  21.7409  40.2138  23.6474  0.0271633  0.31416  0.607644  0.0627599  0.82839  0.347312  0.160711  0.191911  0.109125  0.559794  0.442271  0.520487  0.450879  0.820115  0.371317  0.570823  0.103081  0.107341  0.337687  0.911862  0.197489  0.494112  0.874213  0.492653  
0.339632  1.19377  3.02555  1.50544  5.32515  0.868967  11.538  6.21863  0.00832051  18.7012  13.7568  19.3633  24.5827  14.1104  8.10328  18.6837  26.4447  12.5361  9.94481  1.22516  30.3519  3.5563  24.5796  30.8585  0.169816  0.298443  0.504258  0.18818  0.532515  0.0724139  0.824141  0.388665  0.00046225  0.93506  0.625311  0.806803  0.945487  0.503944  0.270109  0.583865  0.777786  0.348224  0.261706  0.0306291  0.722664  0.080825  0.53434  0.642886  
0.66252  1.5303  0.278193  0.034753  1.29133  11.6138  9.21314  6.72714  10.576  10.4737  10.1591  9.55458  9.0069  16.3942  22.2944  18.8216  9.69451  9.15835  26.6803  32.2773  34.4064  21.3017  34.4719  47.9288  0.33126  0.382576  0.0463654  0.00434413  0.129133  0.96782  0.658082  0.420446  0.587557  0.523683  0.461779  0.398107  0.346419  0.585508  0.743145  0.588174  0.285133  0.254399  0.702114  0.806932  0.8192  0.48413  0.749388  0.998517  
1.02075  1.75642  3.31984  2.44063  1.9238  10.7357  3.93689  1.40101  7.6045  13.0525  21.3885  7.12738  0.966457  15.7708  25.4904  3.58421  20.8913  31.4051  36.6031  38.4294  8.50268  0.403368  10.4373  37.9292  0.510375  0.439104  0.553306  0.305079  0.19238  0.894645  0.281207  0.0875628  0.422472  0.652626  0.972206  0.296974  0.0371714  0.563242  0.849681  0.112007  0.614449  0.872363  0.96324  0.960736  0.202445  0.00916745  0.226897  0.790192  
0.988494  3.76411  3.86012  3.72011  3.4526  4.00249  9.17131  13.5064  10.4128  14.4845  5.82642  1.79337  12.7831  3.96975  7.29988  1.51628  5.1451  11.9416  9.04572  27.0095  17.8521  40.1409  10.3663  7.67727  0.494247  0.941027  0.643353  0.465013  0.34526  0.333541  0.655094  0.84415  0.578487  0.724226  0.264837  0.0747238  0.491658  0.141777  0.243329  0.0473839  0.151326  0.331712  0.238045  0.675237  0.42505  0.912292  0.225355  0.159943  
1.03676  3.8132  3.98802  7.06562  8.15872  8.24038  7.52854  11.5014  3.37182  7.27212  7.41117  5.70266  10.94  22.1829  15.8641  15.5195  5.58151  6.32379  34.9192  16.2306  27.8529  9.28018  43.5478  13.4832  0.518378  0.953301  0.664669  0.883202  0.815872  0.686699  0.537753  0.718839  0.187323  0.363606  0.336871  0.237611  0.42077  0.792247  0.528804  0.484984  0.164162  0.175661  0.918925  0.405764  0.663163  0.210913  0.946692  0.280901  
0.223293  3.93706  1.071  3.49083  6.43995  8.50062  6.86357  12.4651  17.7321  13.1998  3.11201  21.8809  10.5539  14.0127  11.8232  11.8662  18.6679  33.1479  35.8283  34.8527  28.3992  13.2109  27.2397  7.43146  0.111647  0.984264  0.1785  0.436353  0.643995  0.708385  0.490255  0.779067  0.985114  0.659991  0.141455  0.911706  0.40592  0.500453  0.394107  0.37082  0.549057  0.920776  0.942849  0.871317  0.67617  0.300247  0.592168  0.154822  
0.237068  1.24213  2.43503  7.15213  9.03279  8.67671  0.646114  9.1955  4.01623  8.59174  6.47866  5.20338  17.5559  6.95203  29.5229  28.7317  3.20236  8.4573  17.8592  18.0327  2.58862  15.0076  2.63642  0.7436  0.118534  0.310531  0.405839  0.894016  0.903279  0.723059  0.046151  0.574719  0.223124  0.429587  0.294485  0.216807  0.675225  0.248287  0.984096  0.897866  0.0941869  0.234925  0.46998  0.450819  0.0616337  0.341083  0.0573135  0.0154917  
0.867072  0.450383  4.61009  6.5813  5.25855  7.2129  11.3392  9.54549  13.0023  6.72837  9.09342  1.46781  17.5038  20.8027  14.5247  2.43481  31.5409  6.92692  28.544  33.771  33.2553  27.5263  26.3512  7.40511  0.433536  0.112596  0.768349  0.822662  0.525855  0.601075  0.809944  0.596593  0.722353  0.336419  0.413337  0.0611589  0.673222  0.742954  0.484157  0.0760878  0.927675  0.192414  0.751158  0.844274  0.791792  0.625598  0.572853  0.154273  
1.28242  2.49151  3.98995  0.940984  0.642913  11.969  9.94829  2.87189  16.6777  1.26304  11.0149  9.01593  14.0405  6.31825  19.184  16.3082  10.4157  12.9806  8.5175  17.0726  22.0392  3.01442  0.351495  25.6387  0.64121  0.622877  0.664991  0.117623  0.0642913  0.997419  0.710592  0.179493  0.926538  0.0631519  0.500678  0.375664  0.540019  0.225652  0.639466  0.509633  0.306344  0.360572  0.224145  0.426814  0.524743  0.0685096  0.0076412  0.534139  
1.7461  1.24059  0.607807  0.729973  7.71352  0.487923  12.4911  13.8788  0.195465  1.79993  7.69162  9.75955  0.324629  4.85495  2.60569  25.1564  32.3483  34.68  32.6993  28.2634  17.5563  14.4426  38.8836  37.1839  0.873052  0.310148  0.101301  0.0912466  0.771352  0.0406602  0.892221  0.867424  0.0108591  0.0899967  0.349619  0.406648  0.0124857  0.173391  0.0868563  0.786139  0.951422  0.963332  0.860509  0.706585  0.418006  0.32824  0.845296  0.774665  
0.301872  3.24498  2.59516  2.09113  0.280866  7.22563  5.09765  1.48606  7.33125  5.28795  20.2332  6.70116  1.4357  1.791  12.5508  22.6251  4.64673  26.5296  26.9791  3.48635  40.8738  17.9437  12.6624  43.9553  0.150936  0.811246  0.432527  0.261391  0.0280866  0.602136  0.364118  0.0928785  0.407292  0.264398  0.91969  0.279215  0.0552194  0.0639641  0.418359  0.707033  0.136668  0.736935  0.709975  0.0871587  0.973187  0.407812  0.27527  0.915735  
0.777768  0.586964  4.06203  7.34044  3.25381  5.83143  7.03005  7.53383  6.95614  14.8676  7.59667  12.2939  4.98708  24.3278  23.776  18.6036  14.9716  14.0102  13.8232  11.2992  29.3412  27.146  38.1358  32.1646  0.388884  0.146741  0.677005  0.917554  0.325381  0.485953  0.502146  0.470864  0.386452  0.74338  0.345303  0.512247  0.191811  0.86885  0.792532  0.581364  0.440341  0.389173  0.363768  0.28248  0.698601  0.616954  0.829039  0.670097  
0.13283  2.69785  1.14232  1.4515  4.50623  11.9315  7.05483  0.26512  6.30848  2.08569  20.22  18.4872  10.4039  7.66261  28.6502  13.1693  8.25402  29.4955  35.4336  23.3448  5.92001  34.7451  23.4847  13.6346  0.0664149  0.674462  0.190387  0.181438  0.450623  0.994293  0.503917  0.01657  0.350471  0.104284  0.919091  0.7703  0.400151  0.273665  0.955007  0.411539  0.242765  0.81932  0.932464  0.583621  0.140953  0.789662  0.510537  0.284054  
0.701505  2.11871  4.02533  7.23537  0.298993  0.364503  9.52719  2.7119  16.0694  15.7845  10.5216  15.1449  0.0667786  24.1748  28.2794  4.16184  11.5265  2.44853  25.659  13.5846  20.2709  32.5842  44.0742  30.8238  0.350753  0.529677  0.670888  0.904421  0.0298993  0.0303753  0.680513  0.169494  0.892743  0.789223  0.478255  0.631036  0.00256841  0.863387  0.942647  0.130058  0.339013  0.0680148  0.675238  0.339616  0.482641  0.74055  0.958135  0.642163  
0.326365  1.4725  3.50169  3.13604  1.6617  10.2074  9.27767  4.63957  12.2337  16.9912  10.2517  2.86194  5.56635  0.217654  21.4951  23.7513  32.3305  23.8107  32.2751  0.351454  3.40367  42.9815  21.0822  7.45983  0.163182  0.368126  0.583615  0.392005  0.16617  0.850614  0.662691  0.289973  0.67965  0.84956  0.465984  0.119247  0.214091  0.00777336  0.716503  0.742228  0.950896  0.661408  0.849346  0.00878635  0.0810398  0.976853  0.458308  0.155413  
1.95469  1.99438  0.632153  6.43485  7.09151  3.72177  7.77207  3.91588  9.22384  15.7256  17.2485  21.7123  3.78644  1.04723  18.493  3.52556  24.527  2.97746  8.95323  13.3935  11.8312  9.58434  39.8836  21.1923  0.977346  0.498596  0.105359  0.804356  0.709151  0.310147  0.555148  0.244743  0.512436  0.786279  0.784024  0.904678  0.145632  0.0374011  0.616434  0.110174  0.721381  0.0827073  0.235611  0.334838  0.281695  0.217826  0.867035  0.441507  
0.310174  2.00735  3.6928  3.80392  3.89764  2.85045  7.85606  14.7221  5.71357  0.825685  19.8023  2.01087  1.61924  25.5713  17.2321  30.4763  16.24  35.058  37.1788  17.6019  7.27597  34.6301  28.5395  15.9815  0.155087  0.501836  0.615466  0.475491  0.389764  0.237537  0.561147  0.920133  0.31742  0.0412843  0.900103  0.0837862  0.0622784  0.91326  0.574404  0.952383  0.477647  0.973832  0.978389  0.440049  0.173237  0.787049  0.620424  0.332947  
0.270615  1.83681  3.04726  4.8055  4.08267  1.1839  6.02308  10.7649  16.0811  3.92196  21.8295  6.13967  9.34327  2.30048  25.795  31.3203  12.149  21.0197  0.748905  34.8383  28.0597  16.0544  28.1701  11.7465  0.135307  0.459204  0.507877  0.600688  0.408267  0.098658  0.43022  0.672807  0.893395  0.196098  0.992251  0.25582  0.359357  0.0821599  0.859833  0.978758  0.357323  0.58388  0.019708  0.870958  0.668087  0.364874  0.612393  0.244719  
0.225122  1.33977  1.26769  6.50373  7.83276  10.2985  1.75571  10.0258  11.3099  13.1686  17.0908  18.753  21.4849  9.77601  6.31143  10.8592  31.4774  24.1424  0.845835  12.2518  40.2443  18.7684  30.9225  32.6811  0.112561  0.334943  0.211282  0.812966  0.783276  0.858208  0.125408  0.62661  0.628328  0.658428  0.776853  0.781376  0.826343  0.349143  0.210381  0.339348  0.925805  0.670621  0.0222588  0.306296  0.958197  0.426556  0.672229  0.680857  
0.778512  0.553944  2.79327  2.25935  3.15252  1.31754  9.75775  14.9404  10.1022  7.6964  20.7616  14.404  16.06  21.2341  21.172  27.1621  15.393  13.6421  18.4946  15.3843  4.90431  11.6404  2.9103  22.2606  0.389256  0.138486  0.465545  0.282418  0.315252  0.109795  0.696982  0.933773  0.561233  0.38482  0.943709  0.600168  0.617694  0.758361  0.705734  0.848815  0.452735  0.378947  0.486699  0.384607  0.116769  0.264555  0.0632674  0.463763  
1.12648  2.05832  3.93463  0.248028  8.98707  9.16747  13.2779  9.88785  12.71  2.17684  18.1901  7.4781  9.89321  27.1604  10.3487  5.5704  19.649  30.0202  24.5487  22.5867  13.1829  7.2516  12.3451  28.4178  0.563242  0.51458  0.655771  0.0310035  0.898707  0.763956  0.948422  0.617991  0.706109  0.108842  0.826821  0.311588  0.380508  0.970014  0.344956  0.174075  0.577912  0.833896  0.646019  0.564668  0.313878  0.164809  0.268372  0.592038  
0.225016  2.97398  0.451829  3.32523  2.29569  6.13263  5.46789  14.8609  5.16014  18.0039  19.3815  5.16047  19.6934  6.89527  2.97846  30.2248  30.7921  34.7414  37.9357  22.9662  2.62909  15.5771  1.85539  21.071  0.112508  0.743496  0.0753049  0.415654  0.229569  0.511052  0.390563  0.928805  0.286675  0.900197  0.880975  0.21502  0.757437  0.24626  0.0992819  0.944525  0.905651  0.96504  0.998307  0.574156  0.0625974  0.354024  0.0403346  0.43898  
0.27549  2.95847  1.21781  0.647809  4.30737  2.73601  12.313  11.7373  5.54143  2.21196  5.68584  9.55218  0.490858  24.5315  2.07053  10.7615  32.2326  16.8238  30.55  28.3753  35.8035  1.3559  21.7629  3.8293  0.137745  0.739617  0.202969  0.0809762  0.430737  0.228001  0.8795  0.733581  0.307857  0.110598  0.258447  0.398008  0.0188792  0.876125  0.0690176  0.336298  0.948018  0.467327  0.803947  0.709382  0.852464  0.0308159  0.473106  0.0797772  
1.39562  2.71037  4.47572  1.02255  4.20541  7.13072  9.95091  13.1732  3.89323  17.9331  10.0024  17.0963  19.4613  26.8708  16.5738  5.13863  13.8549  5.24488  12.9598  9.62107  16.153  24.0709  27.2867  10.1211  0.69781  0.677593  0.745953  0.127819  0.420541  0.594227  0.710779  0.823326  0.216291  0.896657  0.454655  0.712348  0.748512  0.959671  0.55246  0.160582  0.407496  0.145691  0.341047  0.240527  0.384595  0.547066  0.59319  0.210856  
0.433901  0.298397  2.06682  0.529057  8.88438  4.43212  3.14238  11.9737  8.2475  2.1836  21.563  12.2068  7.80141  8.59933  4.78219  5.56586  21.6545  8.36907  6.90689  32.5202  19.3008  38.2482  34.622  44.3737  0.216951  0.0745992  0.34447  0.0661321  0.888438  0.369343  0.224455  0.748354  0.458195  0.10918  0.980135  0.508615  0.300054  0.307119  0.159406  0.173933  0.636898  0.232474  0.18176  0.813006  0.459543  0.869276  0.752653  0.924451  
0.093465  2.51957  3.16158  1.13777  8.50388  11.4194  7.72417  7.9539  4.54693  15.1247  9.76393  18.0431  21.4799  5.58568  11.3017  1.74849  29.1992  24.9882  27.9386  32.7906  24.3203  24.5366  31.6485  34.0576  0.0467325  0.629893  0.526929  0.142221  0.850388  0.95162  0.551727  0.497119  0.252607  0.756235  0.443815  0.751794  0.826149  0.199488  0.376725  0.0546403  0.8588  0.694116  0.735225  0.819765  0.579055  0.55765  0.688012  0.709534  
1.70828  1.97369  2.41576  3.75209  7.95889  1.00072  7.28475  5.36251  16.8617  6.65017  2.23961  2.62025  5.40738  14.5186  25.1714  25.1733  28.0659  22.922  17.0783  7.26307  15.4126  38.4794  6.0207  32.0181  0.85414  0.493422  0.402626  0.469011  0.795889  0.083393  0.520339  0.335157  0.936763  0.332509  0.101801  0.109177  0.207976  0.51852  0.839047  0.786666  0.825467  0.636722  0.449428  0.181577  0.366967  0.874531  0.130885  0.667044  
1.64343  2.14866  1.49337  3.23654  1.75513  0.335466  13.9376  5.11625  13.4171  0.321245  19.0163  4.11165  3.24373  5.41845  8.58521  11.9244  25.7766  2.77478  34.9844  9.85395  9.08574  28.1939  40.0348  34.9187  0.821716  0.537166  0.248895  0.404567  0.175513  0.0279555  0.995546  0.319766  0.745396  0.0160622  0.864377  0.171319  0.124759  0.193516  0.286174  0.372637  0.758136  0.0770773  0.920642  0.246349  0.216327  0.64077  0.870322  0.727474  
0.412448  0.76334  0.659514  2.95948  5.43844  11.6154  2.00064  10.5044  15.6161  12.7959  2.65457  20.6626  1.73007  23.3988  1.64228  11.1202  19.0502  20.089  26.8598  11.9194  29.7933  22.1826  20.4812  7.71379  0.206224  0.190835  0.109919  0.369935  0.543844  0.967946  0.142903  0.656525  0.867561  0.639795  0.120662  0.86094  0.0665412  0.835673  0.0547428  0.347506  0.5603  0.558029  0.706838  0.297985  0.709365  0.504149  0.445243  0.160704  
0.179419  2.90491  1.08296  1.73608  0.753656  6.13404  12.3315  4.66861  8.3986  8.02352  3.83223  10.0182  18.5592  10.2548  10.7237  12.447  13.9484  18.9142  20.4752  12.8138  3.04786  28.1883  26.0647  27.1296  0.0897096  0.726228  0.180493  0.21701  0.0753656  0.51117  0.88082  0.291788  0.466589  0.401176  0.174192  0.417425  0.713815  0.366244  0.357457  0.388968  0.410248  0.525394  0.538821  0.320346  0.0725681  0.640644  0.566624  0.5652  
1.09203  1.64375  0.13605  4.31032  3.40721  11.7987  2.61579  14.9121  7.31343  10.6369  11.55  13.2764  3.57802  13.6929  6.50949  22.8945  30.4333  32.219  28.4943  6.45475  8.8519  14.9653  38.0152  29.2604  0.546017  0.410939  0.0226751  0.538791  0.340721  0.983227  0.186842  0.932009  0.406302  0.531845  0.524998  0.553184  0.137616  0.489033  0.216983  0.715454  0.895098  0.894972  0.74985  0.161369  0.210759  0.34012  0.826417  0.609592  
1.28178  2.33794  3.75095  0.713687  5.95929  10.0417  0.936674  15.4994  12.2531  8.14461  21.0091  7.52764  8.21915  0.644226  21.3207  20.4687  4.08919  7.44336  12.8451  14.834  37.8815  42.2913  17.1654  11.0262  0.64089  0.584485  0.625158  0.0892108  0.595929  0.836806  0.0669053  0.96871  0.680726  0.407231  0.95496  0.313652  0.316121  0.0230081  0.71069  0.639647  0.12027  0.20676  0.338029  0.37085  0.901941  0.961166  0.373161  0.229712  
0.487697  1.06602  5.78621  1.4922  2.10318  0.590155  2.1346  10.6126  9.12438  8.68554  3.88176  11.5605  8.54789  23.2749  25.2182  7.45142  1.41204  8.11779  13.7542  13.4279  9.31887  23.2327  21.4781  15.1843  0.243849  0.266504  0.964369  0.186525  0.210318  0.0491796  0.152472  0.663289  0.50691  0.434277  0.176444  0.481686  0.328765  0.831246  0.840605  0.232857  0.0415307  0.225494  0.361953  0.335698  0.221878  0.528015  0.466916  0.316341  
0.0109315  1.85599  3.1818  0.918575  2.48001  3.25375  12.1708  5.16661  0.442287  10.3411  13.2656  6.09802  18.2542  22.1673  0.378865  12.0144  1.78661  4.12446  9.22111  37.5945  4.22283  32.0548  9.02897  47.2749  0.00546576  0.463997  0.530299  0.114822  0.248001  0.271146  0.869346  0.322913  0.0245715  0.517057  0.602984  0.254084  0.702085  0.791691  0.0126288  0.37545  0.0525475  0.114568  0.242661  0.939862  0.100544  0.728517  0.196282  0.984894  
1.9606  3.57275  3.20507  1.03762  6.94383  7.7049  11.8976  0.775526  11.7126  10.6792  11.9709  20.7332  23.0694  17.8917  10.9515  12.3287  25.4047  29.7784  31.0729  8.83106  34.7248  7.04654  40.4539  44.0184  0.980299  0.893188  0.534178  0.129703  0.694383  0.642075  0.849829  0.0484703  0.650702  0.533962  0.544133  0.863883  0.887283  0.638989  0.365049  0.385272  0.747198  0.827178  0.817708  0.220776  0.826782  0.160149  0.879433  0.917049  
1.92191  3.20634  3.34711  5.16974  7.56483  2.94694  13.7608  5.8203  1.91407  15.8899  5.38411  6.91377  21.8486  4.35601  12.7893  12.8175  9.39519  15.9328  22.1131  17.5076  16.9101  18.765  16.1995  35.0137  0.960955  0.801586  0.557852  0.646217  0.756483  0.245579  0.982917  0.363769  0.106337  0.794494  0.244732  0.288074  0.840329  0.155572  0.426311  0.400546  0.276329  0.442579  0.581925  0.43769  0.402621  0.426477  0.352162  0.729452  
0.57659  0.690301  4.75224  6.85859  8.7027  0.406811  13.7072  12.019  14.055  3.84849  3.57326  10.0647  13.7341  16.5989  20.6753  7.14411  28.2641  14.2748  26.6862  14.1903  39.269  17.7319  35.0572  6.88853  0.288295  0.172575  0.792039  0.857324  0.87027  0.0339009  0.979084  0.751187  0.780835  0.192424  0.162421  0.419361  0.528234  0.592817  0.689177  0.223254  0.831298  0.396522  0.702268  0.354756  0.934977  0.402997  0.762114  0.143511  
0.477256  0.740827  4.51892  5.29362  6.56983  8.47141  9.36979  7.67683  5.71778  8.10857  0.234859  0.864335  0.810418  20.022  10.8479  10.2915  3.84437  17.8569  30.7201  5.61872  16.1772  27.2148  34.5559  10.8479  0.238628  0.185207  0.753154  0.661702  0.656983  0.705951  0.669271  0.479802  0.317654  0.405428  0.0106754  0.0360139  0.0311699  0.715073  0.361596  0.32161  0.11307  0.496024  0.808425  0.140468  0.385171  0.618519  0.751216  0.225998  
1.62373  3.35593  1.55706  6.77623  2.9027  3.98926  2.86193  2.53374  16.0463  2.40515  4.38814  23.0257  12.933  1.02356  10.288  12.454  11.2535  21.4639  25.4689  34.5815  6.4774  28.5213  13.8879  21.1791  0.811867  0.838981  0.25951  0.847029  0.29027  0.332438  0.204424  0.158359  0.891459  0.120257  0.199461  0.959403  0.497423  0.0365556  0.342933  0.389188  0.330984  0.596219  0.670234  0.864536  0.154224  0.648211  0.301911  0.441231  
0.653781  3.9705  5.04001  1.44301  4.73511  8.27345  11.3238  5.47888  11.8537  15.3001  16.1152  6.3555  14.9077  22.4875  10.5924  9.53591  12.5372  23.8864  34.7368  3.80489  25.4386  35.3749  23.7259  19.9576  0.32689  0.992625  0.840002  0.180376  0.473511  0.689454  0.808846  0.34243  0.65854  0.765003  0.732509  0.264812  0.573373  0.803127  0.35308  0.297997  0.368741  0.663512  0.914127  0.0951223  0.60568  0.803976  0.515781  0.415783  
1.2148  3.11661  3.63771  7.08186  0.970439  11.2536  10.9826  11.0141  7.6373  5.50762  2.72683  0.574902  19.7252  25.49  20.7455  6.52694  16.9746  34.1686  35.3077  38.2589  26.7158  39.5552  33.4248  44.4103  0.6074  0.779154  0.606286  0.885232  0.0970439  0.9378  0.784471  0.688384  0.424294  0.275381  0.123947  0.0239542  0.75866  0.910356  0.691516  0.203967  0.499252  0.949128  0.92915  0.956473  0.636091  0.898982  0.726626  0.925214  
1.42905  1.30091  0.551313  1.48028  3.3824  2.82353  4.79754  8.91765  0.587729  9.33292  6.3585  4.65101  9.44881  17.7776  15.1431  17.7067  26.2486  32.3445  28.1701  13.9015  11.3069  2.63603  1.95256  17.0464  0.714524  0.325226  0.0918854  0.185035  0.33824  0.235294  0.342682  0.557353  0.0326516  0.466646  0.289023  0.193792  0.363416  0.634915  0.50477  0.553335  0.772019  0.898458  0.741318  0.347538  0.269212  0.0599097  0.0424469  0.355133  
0.146448  0.719347  0.314625  0.954033  7.42171  1.05387  7.64795  12.8009  1.89971  19.6322  6.88592  3.53231  20.9162  19.9143  16.8417  24.3677  23.3735  33.7971  12.5214  10.4743  3.04597  35.1046  41.0474  40.1281  0.0732239  0.179837  0.0524375  0.119254  0.742171  0.0878221  0.546282  0.800058  0.105539  0.981608  0.312996  0.14718  0.804468  0.711225  0.561391  0.761492  0.687455  0.938808  0.329511  0.261857  0.072523  0.797832  0.892335  0.836002  
0.82758  0.642946  0.908292  6.7432  9.63568  7.79623  12.2513  14.7728  10.9788  0.213078  8.78251  14.935  24.5661  3.4854  20.2851  17.3932  2.0121  35.982  24.4122  1.96973  5.23263  1.13582  35.2407  37.061  0.41379  0.160736  0.151382  0.8429  0.963568  0.649686  0.875094  0.923298  0.609934  0.0106539  0.399205  0.622293  0.944851  0.124478  0.676171  0.543536  0.0591794  0.999501  0.642426  0.0492433  0.124586  0.0258141  0.766102  0.772105  
0.563703  1.68299  5.41721  4.51229  0.583705  3.49261  13.5596  13.0315  12.934  8.9443  19.6329  14.8836  18.8805  8.95227  16.3225  18.84  3.80763  2.07106  5.14975  13.2426  22.5067  23.5249  7.21822  18.6319  0.281851  0.420747  0.902869  0.564036  0.0583705  0.291051  0.96854  0.814468  0.718557  0.447215  0.892404  0.620152  0.726173  0.319724  0.544083  0.58875  0.111989  0.0575295  0.13552  0.331065  0.535873  0.534656  0.156918  0.388165  
0.0505347  2.20042  5.33383  5.55458  7.86  4.76793  10.9254  14.911  11.2855  10.5531  12.0328  15.6345  2.51767  26.1811  11.7337  29.667  10.1841  18.81  3.514  33.5228  41.1234  11.9867  26.2455  7.89649  0.0252674  0.550106  0.888972  0.694323  0.786  0.397328  0.780389  0.931939  0.626971  0.527657  0.546945  0.651438  0.0968333  0.93504  0.391124  0.927095  0.299532  0.522501  0.0924736  0.838071  0.979128  0.272424  0.570555  0.16451  
0.799439  3.56923  2.3291  6.86515  7.60795  3.2821  10.7435  10.9705  8.3705  8.91398  9.72466  12.3538  1.44349  14.3685  11.2971  19.7626  8.96221  1.00305  26.7307  19.4777  10.9015  35.5406  7.55298  29.3193  0.39972  0.892307  0.388183  0.858144  0.760795  0.273509  0.767396  0.685658  0.465028  0.445699  0.44203  0.514741  0.0555188  0.513161  0.376569  0.61758  0.263595  0.0278625  0.703439  0.486943  0.25956  0.807742  0.164195  0.610819  
1.94035  0.21647  1.18854  6.86312  9.65997  10.5267  3.14712  10.6367  0.696551  1.95524  15.6242  23.1174  16.0714  8.06065  20.0372  17.772  29.6  35.0393  20.8877  24.9982  6.15324  21.7756  35.7326  43.2439  0.970174  0.0541176  0.19809  0.85789  0.965997  0.877227  0.224794  0.664793  0.0386973  0.097762  0.71019  0.963226  0.618132  0.28788  0.667908  0.555376  0.870588  0.973313  0.549677  0.624954  0.146506  0.494901  0.776796  0.900915  
1.03155  3.5151  2.01581  2.584  0.724286  10.445  9.18268  3.82359  14.6011  16.7558  14.3201  6.51906  15.9488  14.2898  20.7273  4.51482  3.54478  29.5999  0.932035  11.9428  30.7691  0.85216  24.0572  25.1153  0.515776  0.878774  0.335968  0.323  0.0724286  0.870421  0.655906  0.238974  0.811174  0.83779  0.650914  0.271628  0.613416  0.510349  0.690911  0.141088  0.104258  0.822219  0.0245272  0.298569  0.732598  0.0193673  0.522983  0.523236  
0.785483  1.22883  4.30282  3.81306  3.2402  5.21459  2.23013  4.0074  17.9804  5.51837  20.5378  20.1453  19.8133  20.3108  8.80172  13.5628  29.2985  4.44032  10.7717  16.1567  37.7968  1.67155  26.0131  12.1791  0.392742  0.307207  0.717136  0.476633  0.32402  0.43455  0.159295  0.250463  0.998914  0.275918  0.933539  0.839389  0.76205  0.725387  0.293391  0.423839  0.861721  0.123342  0.283465  0.403917  0.899923  0.0379897  0.565503  0.253731  
0.566089  3.95984  5.82422  1.05923  6.05908  8.92815  8.8015  8.43883  12.3293  4.81547  2.20004  4.34168  10.8706  18.3811  25.478  19.327  6.56482  16.1364  10.1981  0.123719  18.0325  30.5747  0.35329  12.4921  0.283045  0.989959  0.970704  0.132404  0.605908  0.744012  0.628679  0.527427  0.684962  0.240774  0.100002  0.180904  0.4181  0.656467  0.849266  0.603969  0.193083  0.448234  0.268371  0.00309298  0.429346  0.694879  0.00768023  0.260252  
1.36835  2.04203  3.32637  5.41895  1.48955  7.02952  12.6128  7.36424  8.48306  5.32539  1.2985  12.636  12.5675  24.7524  16.8805  14.1488  33.8734  5.59607  27.4768  15.8413  9.75082  34.1704  31.6187  18.395  0.684175  0.510509  0.554395  0.677369  0.148955  0.585793  0.900916  0.460265  0.471281  0.266269  0.0590228  0.5265  0.483364  0.884015  0.562682  0.442151  0.996278  0.155446  0.723074  0.396033  0.232162  0.7766  0.687363  0.38323  
0.390157  1.05849  5.3488  7.57056  8.32791  0.886882  7.23259  5.57466  14.1303  11.7629  20.4064  10.0387  23.1335  14.624  10.0838  15.0716  3.3508  22.3071  9.65899  16.7177  28.1426  22.3061  33.3314  21.5096  0.195079  0.264624  0.891467  0.94632  0.832791  0.0739068  0.516613  0.348416  0.785018  0.588146  0.927565  0.418278  0.889752  0.522284  0.336127  0.470987  0.098553  0.619641  0.254184  0.417942  0.670062  0.506957  0.724596  0.448116  
1.08887  0.72846  2.56469  4.46308  2.11964  7.22647  3.36624  6.63587  16.9406  3.44967  11.0123  1.36585  7.80729  17.3151  13.5694  23.1526  14.1308  21.7892  5.17903  9.05039  29.5541  21.0821  17.1254  43.7679  0.544433  0.182115  0.427449  0.557885  0.211964  0.602206  0.240446  0.414742  0.941143  0.172483  0.500557  0.0569105  0.30028  0.618396  0.452315  0.72352  0.415613  0.605256  0.13629  0.22626  0.703668  0.479139  0.372291  0.911831  
0.329295  2.97818  0.0507798  5.29533  6.60021  4.04799  7.45127  9.0389  11.2069  14.2627  16.1164  14.3442  15.7145  27.5122  27.8646  6.30055  23.3178  23.8741  27.2286  30.2872  32.3234  33.6472  1.82786  8.7791  0.164648  0.744544  0.00846329  0.661916  0.660021  0.337332  0.532233  0.564931  0.622604  0.713136  0.732565  0.597674  0.604405  0.982578  0.928821  0.196892  0.685819  0.66317  0.716543  0.757179  0.769604  0.764709  0.0397361  0.182898  
0.276441  3.27213  5.39877  1.43546  5.85336  10.4089  8.81334  0.70867  14.9661  3.12871  21.6466  5.7209  15.4461  1.15044  29.646  28.1569  5.76041  28.6438  13.2532  20.4896  7.42774  22.2802  29.4501  32.4653  0.13822  0.818033  0.899795  0.179432  0.585336  0.867411  0.629525  0.0442919  0.831448  0.156436  0.983936  0.238371  0.594083  0.041087  0.988201  0.879902  0.169424  0.795662  0.348769  0.51224  0.176851  0.506368  0.640219  0.67636  
1.70222  1.63654  3.9505  1.74875  5.96054  1.94241  8.15471  0.558868  2.87584  2.10447  3.41973  11.4989  19.8481  8.98755  27.4784  7.14168  25.3914  26.8975  17.5475  28.9459  17.8443  23.9378  26.3438  46.4475  0.851109  0.409134  0.658416  0.218593  0.596054  0.161868  0.58248  0.0349292  0.159769  0.105224  0.155442  0.479119  0.763389  0.320984  0.915947  0.223178  0.746806  0.747152  0.461777  0.723649  0.424864  0.544042  0.572691  0.967656  
1.75408  0.636017  1.40117  0.826477  0.452852  8.04777  5.99445  10.0632  15.6308  8.44749  0.518284  12.872  2.59184  19.6914  12.7238  30.023  6.77262  13.9474  28.9785  38.5733  14.3057  0.884228  12.0552  20.13  0.877041  0.159004  0.233528  0.10331  0.0452852  0.670647  0.428175  0.628951  0.868379  0.422374  0.0235584  0.536332  0.0996861  0.703264  0.424126  0.938217  0.199195  0.387429  0.762592  0.964333  0.340611  0.0200961  0.26207  0.419374  
1.88079  0.563567  4.00217  4.73499  9.44938  4.74108  4.60906  11.6709  14.5076  9.29144  12.6626  11.7147  25.9004  2.66894  10.899  25.1595  23.4787  24.4919  37.7414  10.8605  1.81873  21.7445  44.7583  20.0351  0.940393  0.140892  0.667028  0.591874  0.944938  0.39509  0.329219  0.729432  0.80598  0.464572  0.575572  0.488111  0.996169  0.0953194  0.363301  0.786234  0.690551  0.680331  0.993194  0.271513  0.0433032  0.494194  0.973006  0.417399  
1.40092  0.268062  2.66206  1.78202  5.97589  10.4774  4.68964  11.2372  5.22012  18.7222  7.48049  15.3068  19.6845  1.00186  28.83  4.5598  15.6438  4.02892  35.6108  20.4603  31.7028  0.171667  27.8933  29.0634  0.700462  0.0670156  0.443676  0.222753  0.597589  0.873121  0.334974  0.702327  0.290007  0.936108  0.340022  0.637784  0.757097  0.0357806  0.961001  0.142494  0.460113  0.111915  0.937127  0.511508  0.754828  0.00390153  0.606377  0.605487  
1.65604  0.859085  1.3428  4.57548  3.27615  3.15493  0.732599  10.1864  5.35695  1.84354  1.28547  8.8741  18.0344  12.9495  17.8444  0.244289  30.7389  10.7314  29.5015  4.26672  35.4488  26.6  21.5603  0.244049  0.828019  0.214771  0.223799  0.571935  0.327615  0.262911  0.0523285  0.636651  0.297608  0.0921769  0.0584303  0.369754  0.693629  0.46248  0.594814  0.00763402  0.904087  0.298094  0.776354  0.106668  0.844019  0.604545  0.468703  0.00508436  
0.686871  1.90798  4.42863  1.52939  4.26856  0.0912117  0.37689  5.25324  2.73415  8.83431  10.6099  1.46718  6.02036  10.0529  28.4771  15.7168  5.7843  23.0457  29.0444  37.8777  38.8234  15.7532  35.2555  20.7664  0.343436  0.476995  0.738104  0.191173  0.426856  0.00760097  0.0269207  0.328327  0.151897  0.441716  0.482268  0.0611324  0.231552  0.359031  0.949237  0.491151  0.170127  0.640157  0.764326  0.946943  0.924367  0.358027  0.766425  0.432634  
1.39579  3.493  0.994035  0.930115  5.04399  5.70827  13.2792  8.01427  13.7246  9.89895  9.01269  6.071  5.21362  2.48333  27.2273  26.9795  27.7263  32.2987  0.84479  0.427673  19.2183  25.2971  15.9514  44.6922  0.697896  0.873251  0.165672  0.116264  0.504399  0.475689  0.948514  0.500892  0.762477  0.494947  0.409668  0.252958  0.200524  0.0886903  0.907577  0.843111  0.815479  0.897186  0.0222313  0.0106918  0.457579  0.574933  0.34677  0.931088  
1.1967  3.70514  2.22233  2.37107  0.563501  7.35699  4.8325  5.20675  8.97522  10.3297  19.003  15.8355  10.5899  22.2994  6.09404  25.5674  29.4544  13.4161  11.5191  38.7226  14.7481  21.5061  9.22044  34.6625  0.598349  0.926284  0.370389  0.296384  0.0563501  0.613083  0.345179  0.325422  0.498623  0.516485  0.863771  0.659812  0.407304  0.796406  0.203135  0.798981  0.866306  0.372668  0.303135  0.968065  0.351145  0.488776  0.200444  0.722135  
0.13078  2.1098  5.7356  7.44481  2.64132  5.44274  11.4386  12.9215  3.59623  11.4646  0.810919  22.5557  19.2029  19.6665  6.55658  9.52162  28.6521  34.5198  7.9541  7.47193  39.5585  23.4854  44.9072  28.7489  0.0653902  0.52745  0.955934  0.930601  0.264132  0.453562  0.81704  0.807594  0.19979  0.573229  0.03686  0.93982  0.738574  0.702374  0.218553  0.297551  0.84271  0.958883  0.209318  0.186798  0.941869  0.533759  0.976244  0.598935  
1.40156  1.03287  2.0344  6.7501  6.98194  11.7055  12.3  9.1288  3.31901  12.0955  6.61231  3.07252  7.05305  21.0138  25.8596  21.2722  8.2324  20.5982  16.0832  21.9452  7.72511  1.92628  26.4749  44.4582  0.70078  0.258218  0.339066  0.843763  0.698194  0.97546  0.878573  0.57055  0.18439  0.604774  0.300559  0.128022  0.271271  0.750494  0.861987  0.664757  0.242129  0.572172  0.423242  0.54863  0.183931  0.0437791  0.575541  0.926213  
1.17944  3.80224  2.51408  1.83399  7.94747  1.46937  10.1091  3.28598  17.3956  1.24329  9.63299  6.59973  0.410971  19.9406  22.952  4.14746  4.93989  28.5629  20.911  10.9997  13.2227  22.3356  12.4288  7.52923  0.589719  0.95056  0.419014  0.229249  0.794747  0.122448  0.722078  0.205374  0.966422  0.0621643  0.437863  0.274989  0.0158066  0.712164  0.765068  0.129608  0.145291  0.793415  0.550288  0.274993  0.314826  0.507628  0.270192  0.156859  
1.07263  1.75169  1.54797  5.14209  4.28224  10.0796  12.8188  1.03116  12.1488  0.456479  10.2174  1.9792  14.0836  14.7671  27.6029  19.6456  19.4198  2.6401  13.7173  23.0308  21.1138  33.696  24.3074  7.63834  0.536317  0.437922  0.257996  0.642762  0.428224  0.83997  0.915631  0.0644474  0.674933  0.022824  0.464427  0.0824668  0.541676  0.527398  0.920097  0.613924  0.571169  0.0733362  0.360982  0.575769  0.502709  0.765819  0.528421  0.159132  
1.59627  3.79538  1.21284  2.80254  7.49634  2.6958  13.8323  3.75913  2.36173  14.4348  6.12217  22.1179  19.975  5.59492  20.3209  29.0182  11.6902  7.43401  20.6007  21.6992  35.6615  15.9041  41.8233  35.8856  0.798134  0.948846  0.202139  0.350318  0.749634  0.22465  0.988023  0.234946  0.131207  0.721742  0.27828  0.921579  0.768268  0.199819  0.677363  0.906818  0.343829  0.2065  0.542125  0.542479  0.849083  0.361456  0.909203  0.747617  
1.51552  1.45991  0.453419  2.97233  9.55046  9.39352  3.9523  4.38417  15.3496  9.76284  5.2898  23.0067  25.4308  5.33773  6.85677  20.1595  14.0872  31.2329  17.4356  3.32742  8.57328  35.2723  6.8326  12.35  0.757762  0.364976  0.0755698  0.371542  0.955046  0.782793  0.282307  0.274011  0.852755  0.488142  0.240445  0.958613  0.978108  0.190633  0.228559  0.629983  0.414331  0.867581  0.458833  0.0831855  0.204126  0.801643  0.148535  0.257291  
2  4  6  8  9.79231  11.7492  13.7052  15.6619  17.6186  19.575  21.5315  23.4874  25.4447  27.4008  29.358  31.3139  33.2718  35.2284  37.1848  39.1425  41.0964  43.0542  45.0109  46.9675  1  1  1  1  0.979231  0.9791  0.978942  0.978869  0.978813  0.978752  0.978706  0.978641  0.978643  0.978601  0.9786  0.97856  0.978582  0.978566  0.978548  0.978563  0.978486  0.978504  0.978498  0.978489  
2  4  2.22045e-16  4.44089e-16  4.002  4.03033  4.44376  4.82558  5.17714  5.50426  5.80534  6.08594  6.35002  6.58889  6.81592  7.02213  7.20996  7.38538  7.55001  7.69029  7.82423  7.94624  8.05584  8.15845  1  1  3.70074e-17  5.55112e-17  0.4002  0.335861  0.317411  0.301599  0.287619  0.275213  0.263879  0.253581  0.244232  0.235317  0.227197  0.219442  0.212058  0.20515  0.198685  0.192257  0.186291  0.180596  0.175127  0.169968  
0.000286816  2.7736e-05  5.45198  5.35466  2.66244  2.92289  3.13918  3.32009  3.46724  3.58505  3.67552  3.74263  3.79317  3.81535  3.82334  3.814  3.79016  3.75598  3.70559  3.64965  3.58738  3.50928  3.43001  3.33966  0.000143408  6.93401e-06  0.908663  0.669333  0.266244  0.243575  0.224227  0.207506  0.192624  0.179253  0.167069  0.155943  0.145891  0.136262  0.127445  0.119188  0.111475  0.104333  0.0975155  0.0912413  0.0854139  0.0797563  0.0745654  0.0695763  
1.96982  4  5.86123  7.99784  9.78826  11.7452  13.7015  15.6579  17.6148  19.5713  21.5278  23.4844  25.4415  27.3977  29.3544  31.3106  33.2678  35.2243  37.1806  39.1372  41.0938  43.0507  45.007  46.9646  0.984911  1  0.976872  0.999731  0.978826  0.978769  0.97868  0.978617  0.978598  0.978565  0.978537  0.978515  0.978521  0.978488  0.978481  0.978455  0.978463  0.978452  0.978436  0.978431  0.978423  0.978424  0.978413  0.978428  
2  4  5.90055  7.59127  9.78581  11.7419  13.6986  15.6549  17.6118  19.5681  21.5249  23.4815  25.4386  27.3949  29.351  31.3082  33.2647  35.2212  37.1777  39.1352  41.091  43.0472  45.0042  46.9604  1  1  0.983426  0.948908  0.978581  0.978489  0.978473  0.978431  0.978432  0.978407  0.978403  0.978396  0.978408  0.97839  0.978368  0.978381  0.978375  0.978366  0.97836  0.97838  0.978358  0.978345  0.978352  0.978342  
1.94104  3.87539  5.91281  7.91072  9.78338  11.7401  13.6965  15.6533  17.6096  19.5668  21.5229  23.4792  25.4371  27.3928  29.3495  31.306  33.2632  35.2192  37.1766  39.1324  41.0891  43.0458  45.0016  46.9592  0.970521  0.968846  0.985468  0.988839  0.978338  0.978345  0.978321  0.978334  0.978311  0.978341  0.978312  0.9783  0.978351  0.978316  0.978318  0.978312  0.978331  0.978311  0.978331  0.97831  0.978313  0.978314  0.978295  0.978316  
1.99607  3.96126  5.91476  7.07417  9.77693  11.7337  13.6916  15.6471  17.6043  19.5605  21.517  23.4756  25.4307  27.3874  29.3436  31.3006  33.2573  35.2146  37.1704  39.1269  41.084  43.0402  44.9969  46.9539  0.998036  0.990315  0.985793  0.884271  0.977693  0.977812  0.977973  0.977942  0.978014  0.978024  0.978047  0.978151  0.978103  0.978121  0.978121  0.978143  0.978156  0.978182  0.97817  0.978172  0.978192  0.978185  0.978194  0.978207  
1.89  3.92951  5.65452  7.93789  9.77731  11.7343  13.6912  15.6477  17.6044  19.5611  21.5177  23.4741  25.4307  27.3871  29.345  31.3009  33.2581  35.2144  37.1709  39.1278  41.084  43.0406  44.9974  46.9542  0.945001  0.982379  0.94242  0.992236  0.977731  0.977855  0.977946  0.977984  0.97802  0.978056  0.978077  0.978088  0.978106  0.978109  0.978165  0.978153  0.978179  0.978178  0.978183  0.978196  0.978191  0.978196  0.978204  0.978212  
1.90832  3.9915  5.49619  7.68112  9.77351  11.7305  13.688  15.644  17.6005  19.5575  21.5136  23.4711  25.4274  27.3843  29.3415  31.2976  33.254  35.2106  37.1674  39.1245  41.0809  43.0375  44.9939  46.9504  0.954158  0.997876  0.916032  0.960139  0.977351  0.977538  0.977711  0.977748  0.977807  0.977873  0.977889  0.977962  0.977975  0.97801  0.978049  0.978049  0.97806  0.978073  0.97809  0.978112  0.978116  0.978124  0.978127  0.978134  
1.74525  3.99263  6  8  9.77853  11.7351  13.6924  15.6486  17.6055  19.5622  21.5197  23.4753  25.4314  27.3885  29.3449  31.3018  33.2584  35.2152  37.1723  39.1282  41.0851  43.0415  44.9982  46.9548  0.872625  0.998156  1  1  0.977853  0.977925  0.978026  0.97804  0.978085  0.978112  0.978166  0.978138  0.978132  0.97816  0.978162  0.978182  0.978188  0.978199  0.978218  0.978204  0.978216  0.978216  0.978221  0.978225  
1.99975  3.99369  4.69285  7.9247  9.76646  11.7247  13.6807  15.6379  17.5943  19.5514  21.508  23.4648  25.4212  27.3779  29.3347  31.2918  33.2484  35.2047  37.1614  39.1182  41.075  43.0313  44.988  46.9445  0.999874  0.998424  0.782142  0.990587  0.976646  0.97706  0.977191  0.977367  0.977462  0.977568  0.977636  0.9777  0.977739  0.977782  0.977823  0.977867  0.977894  0.977909  0.977932  0.977955  0.977977  0.977984  0.977999  0.978011  
1.80477  3.99265  5.61  7.58908  9.76933  11.7253  13.6825  15.639  17.5961  19.5541  21.5091  23.4663  25.4232  27.3796  29.3361  31.2938  33.2496  35.2063  37.1628  39.1194  41.0769  43.0326  44.9896  46.9464  0.902384  0.998162  0.935  0.948635  0.976933  0.977107  0.97732  0.97744  0.97756  0.977703  0.977686  0.977761  0.977814  0.977845  0.977871  0.977932  0.977931  0.977952  0.977969  0.977985  0.978021  0.978014  0.978034  0.97805  
1.92442  3.91318  5.37275  7.25526  9.76363  11.7202  13.6779  15.6346  17.5916  19.5484  21.5059  23.4615  25.4194  27.375  29.332  31.289  33.2458  35.2018  37.158  39.1152  41.0719  43.0288  44.9852  46.9417  0.962209  0.978295  0.895458  0.906908  0.976363  0.976687  0.976994  0.977164  0.977314  0.97742  0.977542  0.977563  0.97767  0.977678  0.977733  0.977782  0.977817  0.977829  0.977841  0.977881  0.977902  0.977928  0.97794  0.977952  
1.93427  3.46012  5.91895  7.64157  9.76671  11.7244  13.6815  15.6382  17.595  19.5516  21.509  23.4659  25.4215  27.3781  29.335  31.2913  33.2483  35.2053  37.1616  39.119  41.0745  43.0318  44.9887  46.9448  0.967135  0.865029  0.986492  0.955196  0.976671  0.977034  0.97725  0.977385  0.977498  0.977582  0.977683  0.977748  0.977751  0.97779  0.977834  0.977854  0.977892  0.977924  0.977937  0.977974  0.977964  0.977995  0.978015  0.978016  
1.97747  3.88321  5.64368  6.33508  9.7562  11.7138  13.6722  15.6295  17.5855  19.5429  21.4996  23.4568  25.413  27.3697  29.3264  31.2832  33.2398  35.1964  37.1526  39.1098  41.0664  43.0228  44.9808  46.9368  0.988733  0.970802  0.940614  0.791885  0.97562  0.976149  0.976584  0.976841  0.976973  0.977144  0.977255  0.977366  0.977424  0.977491  0.977547  0.977601  0.97764  0.977677  0.977701  0.977744  0.977772  0.977791  0.977843  0.97785  
1.92574  3.50141  5.65726  7.57066  9.76138  11.7185  13.6759  15.6328  17.59  19.5469  21.504  23.4613  25.4167  27.3741  29.3305  31.2874  33.2432  35.1999  37.1576  39.1138  41.0703  43.0264  44.9834  46.9401  0.96287  0.875353  0.942877  0.946332  0.976138  0.976542  0.976847  0.977052  0.97722  0.977344  0.977454  0.977555  0.977566  0.977646  0.977685  0.97773  0.977742  0.977776  0.977832  0.977846  0.977863  0.977872  0.9779  0.977919  
1.96416  3.63699  4.97513  7.67897  9.75425  11.7133  13.6698  15.6272  17.5839  19.5416  21.4989  23.4549  25.412  27.3677  29.325  31.2819  33.2384  35.1956  37.1521  39.1085  41.0652  43.0222  44.9786  46.935  0.982078  0.909249  0.829189  0.959871  0.975425  0.976105  0.976413  0.976697  0.976882  0.977081  0.977224  0.977287  0.977383  0.977419  0.977499  0.977559  0.977601  0.977657  0.977686  0.977713  0.977744  0.977777  0.977795  0.977812  
1.57574  3.85793  5.9985  7.94854  9.76311  11.7205  13.678  15.6342  17.5917  19.5491  21.5058  23.4619  25.4187  27.3758  29.3324  31.2888  33.2454  35.2017  37.1587  39.1165  41.0717  43.0284  44.9861  46.942  0.787871  0.964483  0.99975  0.993568  0.976311  0.976711  0.976999  0.97714  0.977316  0.977457  0.977537  0.977579  0.977642  0.977708  0.977745  0.977776  0.977806  0.977826  0.977861  0.977912  0.977898  0.977918  0.977959  0.977959  
1.98598  3.99982  3.69369  7.89798  9.74159  11.7009  13.6589  15.6166  17.5738  19.5319  21.489  23.4455  25.4026  27.3596  29.3171  31.2727  33.2292  35.1865  37.1425  39.0994  41.0562  43.0125  44.9694  46.9261  0.992992  0.999955  0.615616  0.987248  0.974159  0.975077  0.975635  0.97604  0.976323  0.976596  0.976774  0.976895  0.977024  0.977129  0.977235  0.977273  0.97733  0.977403  0.977435  0.977484  0.977529  0.977557  0.977595  0.977627  
1.9432  3.49222  5.94551  6.41331  9.7478  11.7073  13.6649  15.6224  17.579  19.537  21.493  23.45  25.4064  27.3637  29.3199  31.2771  33.2337  35.1913  37.1467  39.1039  41.0608  43.0181  44.9738  46.9308  0.971599  0.873055  0.990918  0.801664  0.97478  0.975608  0.976067  0.976399  0.97661  0.976848  0.976953  0.977082  0.977171  0.977274  0.977329  0.977408  0.977461  0.977535  0.977544  0.977598  0.977638  0.977684  0.977692  0.977725  
1.88501  3.89013  4.51019  7.34528  9.74041  11.6991  13.657  15.6158  17.5733  19.5297  21.4883  23.4442  25.4021  27.3583  29.3144  31.2713  33.2282  35.1847  37.1417  39.0982  41.0555  43.0118  44.9683  46.9249  0.942505  0.972533  0.751698  0.918159  0.974041  0.974924  0.975498  0.975987  0.976293  0.976486  0.976741  0.976844  0.977004  0.977081  0.977147  0.977229  0.977301  0.977353  0.977413  0.977456  0.977512  0.97754  0.977571  0.977602  
1.75826  3.47233  5.45807  7.86282  9.74826  11.7074  13.6649  15.6219  17.5795  19.5365  21.4943  23.4502  25.4072  27.3642  29.3206  31.2784  33.2351  35.1905  37.1474  39.104  41.0607  43.0181  44.9753  46.9305  0.87913  0.868083  0.909678  0.982853  0.974826  0.975615  0.976063  0.976371  0.97664  0.976824  0.977013  0.977093  0.977199  0.977294  0.977354  0.977449  0.977503  0.977515  0.977563  0.9776  0.977636  0.977683  0.977724  0.977719  
1.97397  3.87065  4.20782  7.02637  9.73218  11.6919  13.6506  15.6087  17.5664  19.5239  21.4818  23.4383  25.395  27.3523  29.3082  31.2659  33.2225  35.1796  37.1359  39.0938  41.0499  43.0065  44.9629  46.9201  0.986986  0.967661  0.701304  0.878296  0.973218  0.974323  0.975042  0.975541  0.975913  0.976194  0.976447  0.976595  0.97673  0.976869  0.976939  0.977061  0.977133  0.977212  0.97726  0.977346  0.977378  0.977421  0.977454  0.977501  
1.73706  3.59898  5.15422  7.64914  9.74025  11.6993  13.6573  15.6153  17.5725  19.5298  21.487  23.4438  25.4007  27.3575  29.3143  31.2713  33.2279  35.185  37.1416  39.0982  41.0546  43.0119  44.9682  46.925  0.868528  0.899744  0.859036  0.956142  0.974025  0.97494  0.975525  0.975953  0.97625  0.97649  0.976683  0.976825  0.976948  0.977052  0.977145  0.977227  0.977292  0.97736  0.977411  0.977456  0.977492  0.977544  0.97757  0.977605  
1.71789  3.97372  4.47014  7.41036  9.72995  11.6901  13.6494  15.6076  17.5655  19.5224  21.4793  23.4367  25.3936  27.351  29.3087  31.2646  33.2219  35.178  37.135  39.0919  41.048  43.0049  44.9627  46.9191  0.858945  0.99343  0.745023  0.926295  0.972995  0.974179  0.974957  0.975476  0.97586  0.976119  0.976332  0.97653  0.976675  0.976822  0.976956  0.977019  0.977115  0.977167  0.977236  0.977298  0.977332  0.977384  0.97745  0.977481  
1.97673  2.65425  5.79897  7.83473  9.74183  11.7013  13.6595  15.617  17.5743  19.5318  21.4886  23.4456  25.4024  27.3592  29.3161  31.2728  33.2296  35.1863  37.1429  39.0994  41.0567  43.0136  44.97  46.9264  0.988366  0.663563  0.966495  0.979342  0.974183  0.97511  0.975679  0.976062  0.97635  0.976591  0.976754  0.976899  0.977017  0.977115  0.977205  0.977276  0.97734  0.977398  0.977445  0.977486  0.97754  0.977581  0.977608  0.977634  
1.94239  3.99992  3.04167  7.72928  9.71553  11.6777  13.638  15.5974  17.5544  19.5123  21.4698  23.4275  25.3843  27.3418  29.2988  31.2554  33.2121  35.169  37.1258  39.0826  41.0392  42.9964  44.9528  46.9104  0.971197  0.999981  0.506945  0.966159  0.971553  0.973146  0.974142  0.974839  0.975246  0.975614  0.975899  0.976145  0.976321  0.976492  0.976626  0.97673  0.976826  0.976918  0.976996  0.977065  0.977124  0.977191  0.977234  0.9773  
1.9712  3.07357  5.15587  7.06482  9.72503  11.6859  13.6464  15.6041  17.5616  19.5189  21.4756  23.4334  25.3907  27.3474  29.3055  31.2614  33.2181  35.1752  37.1321  39.0893  41.0449  43.0025  44.9586  46.9157  0.985598  0.768394  0.859312  0.883102  0.972503  0.973827  0.974742  0.975257  0.975643  0.975947  0.976162  0.976392  0.976564  0.976693  0.97685  0.976919  0.977002  0.97709  0.977162  0.977232  0.977261  0.97733  0.977361  0.97741  
1.74314  3.93615  3.65757  7.73779  9.71446  11.6755  13.6366  15.5947  17.5531  19.511  21.4687  23.4257  25.3828  27.34  29.2966  31.2541  33.2109  35.1677  37.1248  39.0807  41.0378  42.9949  44.9515  46.9083  0.871571  0.984037  0.609594  0.967224  0.971446  0.972962  0.974046  0.974667  0.975173  0.975552  0.975852  0.97607  0.97626  0.976428  0.976554  0.976689  0.976791  0.976879  0.976968  0.977018  0.977091  0.977157  0.977206  0.977257  
1.70476  3.07449  5.4622  7.84884  9.72785  11.6882  13.647  15.6061  17.5645  19.5228  21.4782  23.4355  25.3928  27.3494  29.3063  31.2634  33.2203  35.1775  37.1343  39.0907  41.047  43.0034  44.9603  46.9171  0.85238  0.768623  0.910366  0.981105  0.972785  0.974018  0.974783  0.975383  0.975804  0.976138  0.97628  0.976477  0.976645  0.976763  0.976878  0.976982  0.977067  0.977153  0.977219  0.977267  0.977309  0.97735  0.977397  0.977439  
1.95238  3.70962  2.895  7.87686  9.70112  11.6648  13.6261  15.5859  17.544  19.5027  21.4604  23.4176  25.3752  27.3327  29.2894  31.2465  33.2037  35.1607  37.1168  39.074  41.0309  42.9875  44.9444  46.9011  0.976189  0.927405  0.4825  0.984608  0.970112  0.972067  0.973292  0.974122  0.974666  0.975137  0.975474  0.975734  0.975967  0.976166  0.976315  0.976453  0.976579  0.976686  0.976758  0.97685  0.976926  0.976988  0.977052  0.977107  
1.977  2.65674  4.8606  7.83999  9.71609  11.6776  13.6374  15.5963  17.5544  19.5122  21.4698  23.4274  25.3843  27.3411  29.2984  31.2551  33.2124  35.1694  37.1259  39.0831  41.0391  42.996  44.9527  46.9096  0.988501  0.664184  0.8101  0.979999  0.971609  0.973136  0.974103  0.974768  0.975242  0.97561  0.975899  0.97614  0.976318  0.976468  0.976614  0.976722  0.976836  0.976927  0.976996  0.977078  0.977123  0.977182  0.977233  0.977284  
1.67749  3.72513  5.69396  5.19309  9.70035  11.6647  13.626  15.5852  17.5451  19.5027  21.4606  23.4177  25.3747  27.3321  29.2889  31.2463  33.2031  35.1598  37.1167  39.074  41.0309  42.9864  44.9442  46.9012  0.838746  0.931282  0.948993  0.649136  0.970035  0.972059  0.973283  0.974077  0.974728  0.975136  0.975483  0.975736  0.975949  0.976145  0.976297  0.976446  0.976561  0.976662  0.976756  0.97685  0.976926  0.976963  0.977047  0.977109  
1.97674  2.05495  5.98707  8  9.72576  11.6865  13.6465  15.6042  17.5617  19.5195  21.4766  23.4337  25.3912  27.3477  29.3052  31.2616  33.2186  35.1753  37.1323  39.0888  41.0459  43.0025  44.9591  46.9157  0.98837  0.513736  0.997846  1  0.972576  0.973875  0.974754  0.97526  0.975648  0.975973  0.976211  0.976405  0.976587  0.976703  0.976839  0.976926  0.977016  0.977092  0.977167  0.977221  0.977283  0.977329  0.977371  0.97741  
2  4  1.82099  7.68546  9.67787  11.6449  13.6082  15.5696  17.5289  19.4873  21.4459  23.4041  25.3613  27.319  29.2757  31.2333  33.1904  35.1473  37.1046  39.0614  41.0182  42.9754  44.9319  46.8888  1  1  0.303499  0.960683  0.967787  0.970407  0.972017  0.973099  0.973828  0.974365  0.974814  0.975169  0.975435  0.975679  0.975857  0.976042  0.976188  0.976315  0.976436  0.976535  0.976624  0.976714  0.976781  0.976849  
1.94981  2.97844  5.41848  5.50318  9.68797  11.6553  13.616  15.5763  17.5358  19.4941  21.4523  23.4107  25.368  27.3253  29.2822  31.2391  33.1962  35.1527  37.1105  39.0671  41.0241  42.9811  44.9377  46.8943  0.974907  0.744609  0.90308  0.687897  0.968797  0.971274  0.972575  0.973521  0.974213  0.974705  0.975103  0.975446  0.975693  0.975904  0.976073  0.976221  0.97636  0.976463  0.976593  0.976678  0.976765  0.976842  0.976906  0.976965  
1.79035  3.85311  2.49053  7.76838  9.67254  11.641  13.6036  15.5659  17.5267  19.4856  21.4429  23.4006  25.3586  27.3165  29.2743  31.2312  33.1876  35.1449  37.1023  39.0591  41.0157  42.9728  44.9296  46.8862  0.895176  0.963277  0.415088  0.971048  0.967254  0.970081  0.971683  0.972867  0.973708  0.974282  0.974676  0.975026  0.975333  0.975589  0.975809  0.975976  0.976107  0.976247  0.976377  0.976477  0.976565  0.976655  0.976731  0.976795  
1.99958  2.18891  5.31167  7.17181  9.69231  11.6572  13.6201  15.5792  17.5384  19.4972  21.4546  23.4123  25.3693  27.3273  29.2848  31.2413  33.1985  35.1554  37.1126  39.0698  41.0259  42.9829  44.9396  46.8964  0.99979  0.547228  0.885278  0.896477  0.969231  0.971436  0.972865  0.9737  0.974355  0.974859  0.975209  0.975514  0.975741  0.975974  0.976159  0.97629  0.976426  0.976539  0.976647  0.976744  0.976808  0.976884  0.976947  0.977009  
1.87509  3.9452  4.11448  4.58557  9.65565  11.6279  13.5931  15.5554  17.5165  19.4758  21.4342  23.3923  25.3505  27.308  29.2657  31.2228  33.1801  35.1371  37.0945  39.0513  41.0087  42.9651  44.9228  46.8796  0.937547  0.9863  0.685746  0.573196  0.965565  0.968989  0.970939  0.972211  0.973139  0.973789  0.974281  0.97468  0.975019  0.975285  0.975524  0.975713  0.975885  0.976031  0.97617  0.976282  0.976398  0.976479  0.976582  0.976658  
1.40089  3.59372  5.59359  5.71326  9.67378  11.6425  13.6056  15.5661  17.5259  19.4852  21.4434  23.4014  25.3603  27.3169  29.2742  31.2305  33.1884  35.1442  37.1023  39.0594  41.0165  42.9732  44.9303  46.8867  0.700445  0.898431  0.932265  0.714158  0.967378  0.970209  0.971826  0.97288  0.97366  0.974258  0.9747  0.975056  0.975397  0.975604  0.975805  0.975954  0.976129  0.976227  0.976377  0.976485  0.976583  0.976664  0.976745  0.976806  
1.93922  3.15835  3.92346  6.04087  9.65296  11.6242  13.59  15.5529  17.5137  19.4731  21.4318  23.3912  25.3484  27.3062  29.2637  31.2208  33.1783  35.1354  37.0921  39.0495  41.0067  42.9636  44.9204  46.8769  0.969612  0.789586  0.653911  0.755109  0.965296  0.968687  0.970711  0.972059  0.972982  0.973656  0.974171  0.974632  0.974937  0.97522  0.975457  0.97565  0.975833  0.975984  0.976107  0.976238  0.976349  0.976446  0.976531  0.976603  
1.72583  2.17352  5.54725  7.65953  9.68323  11.6498  13.6124  15.5734  17.5327  19.4908  21.449  23.4068  25.3649  27.3219  29.28  31.2364  33.1934  35.1504  37.1073  39.0651  41.0211  42.9779  44.935  46.8918  0.862913  0.54338  0.924542  0.957441  0.968323  0.970821  0.972311  0.973339  0.974038  0.974542  0.974955  0.975285  0.975571  0.975783  0.976001  0.976138  0.976276  0.976399  0.976509  0.976628  0.976694  0.97677  0.976847  0.976913  
1.99509  3.82865  0.896733  7.85215  9.62697  11.6058  13.5731  15.5372  17.4994  19.4598  21.4193  23.3779  25.3363  27.2944  29.2526  31.2104  33.1676  35.1248  37.0813  39.039  40.9961  42.9539  44.91  46.8678  0.997547  0.957163  0.149455  0.981518  0.962697  0.967151  0.969507  0.971075  0.972192  0.972989  0.973603  0.974081  0.974471  0.974798  0.975086  0.975325  0.975518  0.97569  0.975824  0.975974  0.976097  0.976224  0.976305  0.976413  
1.78303  2.81781  5.80608  4.5135  9.64107  11.6146  13.5822  15.5454  17.5067  19.4674  21.4265  23.3846  25.3424  27.3005  29.2584  31.2156  33.1727  35.1301  37.0883  39.0448  41.0014  42.9585  44.9154  46.8722  0.891516  0.704453  0.967679  0.564188  0.964107  0.967886  0.970157  0.97159  0.972594  0.973368  0.97393  0.974359  0.974706  0.975017  0.975281  0.975488  0.975669  0.975837  0.976007  0.97612  0.976223  0.976329  0.976422  0.976504  
1.92761  3.26456  4.75616  3.89413  9.61811  11.5988  13.5679  15.5313  17.495  19.4554  21.4147  23.3751  25.3324  27.2907  29.2482  31.2066  33.1635  35.1213  37.0795  39.0359  40.9927  42.95  44.9068  46.8637  0.963805  0.816139  0.792693  0.486766  0.961811  0.96657  0.969138  0.970706  0.971947  0.972768  0.973395  0.973962  0.974324  0.974667  0.974941  0.975205  0.975396  0.975592  0.975777  0.975898  0.976018  0.976136  0.976235  0.976328  
1.55364  2.39846  4.92226  7.74385  9.65075  11.6239  13.5896  15.5524  17.5132  19.4724  21.4308  23.3891  25.3477  27.3054  29.2631  31.2205  33.1777  35.1352  37.0921  39.0494  41.0062  42.9627  44.9199  46.8764  0.776821  0.599615  0.820376  0.967982  0.965075  0.968659  0.970688  0.972028  0.972953  0.973619  0.974127  0.974548  0.974913  0.975193  0.975436  0.975639  0.975816  0.975977  0.976107  0.976234  0.976338  0.976425  0.976519  0.976592  
1.82185  3.81504  2.34437  5.95373  9.59751  11.5828  13.5541  15.5204  17.4842  19.445  21.4053  23.3646  25.3238  27.282  29.24  31.1979  33.1555  35.1129  37.0709  39.0277  40.985  42.943  44.8995  46.856  0.910924  0.953759  0.390728  0.744216  0.959751  0.965237  0.968151  0.970026  0.971342  0.972252  0.97297  0.973524  0.973991  0.974356  0.974666  0.974936  0.975162  0.975358  0.975549  0.975692  0.975833  0.975977  0.976075  0.976166  
1.99583  1.77196  5.88459  5.07748  9.61753  11.5978  13.567  15.5321  17.4942  19.4551  21.4147  23.374  25.332  27.2905  29.2481  31.2059  33.163  35.1207  37.0787  39.0352  40.9925  42.9501  44.9063  46.8633  0.997915  0.44299  0.980764  0.634685  0.961753  0.966486  0.969069  0.970757  0.971897  0.972755  0.973393  0.973918  0.974309  0.974659  0.974938  0.975183  0.975382  0.975576  0.975756  0.975879  0.976012  0.976139  0.976223  0.976319  
1.39483  3.80966  3.77329  5.50717  9.58497  11.5728  13.5463  15.5139  17.4777  19.4394  21.4005  23.3593  25.3183  27.2771  29.2353  31.1931  33.1512  35.1085  37.0658  39.0239  40.9806  42.9376  44.8955  46.8522  0.697415  0.952414  0.628882  0.688397  0.958497  0.9644  0.967593  0.96962  0.970981  0.971971  0.97275  0.973306  0.973782  0.974184  0.974511  0.974784  0.975035  0.975236  0.975415  0.975597  0.975729  0.975854  0.975989  0.976087  
1.27063  2.29947  5.83694  7.7412  9.64684  11.6204  13.5884  15.5492  17.5103  19.4702  21.4291  23.3877  25.3455  27.3036  29.2617  31.2185  33.1766  35.133  37.0908  39.047  41.0043  42.9612  44.9182  46.8756  0.635314  0.574867  0.972824  0.96765  0.964684  0.968365  0.970599  0.971825  0.972797  0.973508  0.974052  0.974487  0.974828  0.975129  0.975389  0.975579  0.975781  0.975916  0.976073  0.976175  0.976293  0.976391  0.976483  0.976575  
1.99632  3.95358  5.55386  0.060717  9.56485  11.558  13.5345  15.5033  17.4681  19.4304  21.392  23.3513  25.3108  27.2698  29.2286  31.1869  33.1451  35.1016  37.0604  39.0165  40.974  42.9311  44.8888  46.8455  0.998159  0.988395  0.925644  0.00758963  0.956485  0.963168  0.966749  0.968956  0.97045  0.971522  0.972364  0.972969  0.973492  0.973922  0.974285  0.974591  0.974856  0.975045  0.975274  0.975413  0.975573  0.975706  0.975844  0.975949  
1.35295  3.41731  5.10425  4.0961  9.55308  11.5493  13.5276  15.4981  17.4633  19.4256  21.3866  23.3469  25.3065  27.2654  29.2249  31.1815  33.1418  35.098  37.0573  39.013  40.9705  42.9275  44.8851  46.8421  0.676475  0.854328  0.850709  0.512013  0.955308  0.962444  0.966256  0.968632  0.970182  0.97128  0.972118  0.972787  0.973326  0.973765  0.974164  0.974421  0.974758  0.974944  0.975192  0.975325  0.975488  0.975626  0.975762  0.975878  
1.6094  3.84537  4.22099  3.02518  9.52893  11.5341  13.5156  15.4867  17.4536  19.4165  21.3785  23.3402  25.2987  27.2582  29.2168  31.1763  33.1334  35.0915  37.0493  39.0066  40.9647  42.9217  44.8788  46.836  0.804702  0.961342  0.703499  0.378147  0.952893  0.961172  0.965399  0.96792  0.969644  0.970826  0.971749  0.972508  0.973027  0.973508  0.973895  0.974261  0.974513  0.974764  0.97498  0.975164  0.975351  0.975492  0.975627  0.975749  
0.928091  3.15268  5.90591  5.50474  9.56576  11.5594  13.5361  15.5052  17.4691  19.4312  21.3921  23.3523  25.3122  27.2699  29.229  31.1871  33.1452  35.1024  37.0601  39.0176  40.9743  42.9321  44.889  46.8467  0.464045  0.788169  0.984319  0.688092  0.956576  0.963279  0.966863  0.969074  0.970503  0.971559  0.972367  0.973013  0.973545  0.973925  0.9743  0.974596  0.97486  0.975068  0.975264  0.975441  0.97558  0.97573  0.975847  0.975973  
1.9953  3.48778  4.83402  1.01444  9.50374  11.5166  13.5015  15.4746  17.4424  19.4074  21.3698  23.3318  25.2911  27.2502  29.2097  31.1682  33.1259  35.0844  37.0422  39  40.9572  42.9149  44.872  46.8305  0.997648  0.871946  0.805669  0.126805  0.950374  0.959719  0.964393  0.967165  0.969023  0.970372  0.971356  0.972157  0.972735  0.97322  0.973657  0.974006  0.974292  0.974567  0.974796  0.975  0.975171  0.975338  0.975478  0.975636  
1.83884  1.69463  5.90088  3.77142  9.50237  11.5171  13.5011  15.4744  17.4431  19.4066  21.3691  23.3304  25.2915  27.25  29.2095  31.1682  33.1255  35.0836  37.0422  38.9995  40.9568  42.9145  44.8715  46.8293  0.919419  0.423658  0.98348  0.471428  0.950237  0.959756  0.964365  0.967153  0.969061  0.970331  0.971321  0.972102  0.972751  0.973213  0.97365  0.974006  0.97428  0.974544  0.974795  0.974988  0.975162  0.97533  0.975466  0.97561  
1.98304  2.49527  4.46832  2.9595  9.46034  11.4872  13.4792  15.4561  17.4262  19.392  21.3559  23.3173  25.2783  27.2386  29.1975  31.1564  33.1145  35.0729  37.0312  38.989  40.947  42.9046  44.8618  46.8188  0.991521  0.623817  0.744719  0.369937  0.946034  0.957268  0.962802  0.966008  0.968122  0.969602  0.970722  0.971555  0.972244  0.972808  0.97325  0.973637  0.973957  0.974248  0.974505  0.974724  0.974928  0.975105  0.975257  0.975392  
0.408391  3.41254  5.62084  7.32772  9.55942  11.5552  13.5339  15.5011  17.4656  19.4289  21.3897  23.3502  25.3094  27.2679  29.2264  31.1855  33.1434  35.1005  37.0581  39.0154  40.9728  42.9295  44.8873  46.846  0.204196  0.853135  0.936807  0.915965  0.955942  0.962934  0.96671  0.968817  0.970311  0.971447  0.972261  0.972926  0.973439  0.973855  0.974212  0.974547  0.974807  0.975013  0.975214  0.975384  0.975544  0.975671  0.97581  0.975958  
1.89827  3.86632  3.68528  1.46276  9.44862  11.481  13.4728  15.4514  17.4212  19.3882  21.3519  23.3139  25.2749  27.2349  29.1946  31.1541  33.1121  35.0707  37.029  38.9861  40.9441  42.9022  44.8596  46.8175  0.949133  0.96658  0.614214  0.182845  0.944862  0.956751  0.962343  0.965715  0.967846  0.969409  0.97054  0.971413  0.972113  0.972674  0.973154  0.973567  0.973885  0.974185  0.974449  0.974652  0.974859  0.975051  0.975209  0.975365  
0.912616  3.59767  3.36923  5.78464  9.3903  11.4451  13.447  15.4295  17.4026  19.3704  21.3353  23.2989  25.2608  27.2218  29.1814  31.1405  33.1  35.0578  37.0167  38.9756  40.9341  42.8907  44.8482  46.8061  0.456308  0.899418  0.561539  0.72308  0.93903  0.953755  0.960503  0.964344  0.966813  0.968521  0.969786  0.970788  0.971571  0.972206  0.972714  0.973141  0.97353  0.973828  0.974123  0.974389  0.974621  0.974788  0.974962  0.975127  
1.37924  3.88204  3.34309  3.18823  9.36908  11.4335  13.4379  15.4215  17.3949  19.3647  21.3312  23.2941  25.2569  27.2175  29.177  31.137  33.0958  35.0548  37.0129  38.9708  40.9286  42.8863  44.845  46.8025  0.689621  0.97051  0.557181  0.398529  0.936908  0.952788  0.95985  0.963843  0.966382  0.968236  0.969601  0.970587  0.97142  0.972052  0.972567  0.973031  0.973405  0.973743  0.974022  0.974269  0.974492  0.974689  0.974891  0.975052  
1.86614  0.348815  4.53415  7.56384  9.45324  11.4841  13.4765  15.4548  17.4246  19.3898  21.3539  23.3158  25.2767  27.237  29.196  31.1559  33.114  35.0718  37.03  38.9886  40.9455  42.903  44.8611  46.8174  0.933071  0.0872038  0.755692  0.945479  0.945324  0.957004  0.962607  0.965923  0.968034  0.969489  0.970633  0.971492  0.972179  0.972749  0.9732  0.973622  0.973942  0.974216  0.974474  0.974716  0.974893  0.975068  0.975242  0.975363  
1.95733  3.25081  0.353744  5.90491  9.34189  11.4167  13.4257  15.415  17.3887  19.3582  21.3243  23.289  25.2503  27.2111  29.1716  31.1315  33.0906  35.0489  37.0085  38.9667  40.9242  42.8823  44.84  46.7975  0.978663  0.812703  0.0589574  0.738114  0.934189  0.951396  0.958977  0.963437  0.966038  0.967909  0.969285  0.970373  0.971164  0.971826  0.972387  0.972859  0.973253  0.973582  0.973907  0.974167  0.974385  0.974598  0.974783  0.974948  
0.930331  2.63131  4.35339  5.48563  9.28456  11.3841  13.4023  15.3952  17.3714  19.3439  21.3128  23.2752  25.2396  27.2015  29.1611  31.1206  33.0811  35.0398  36.9984  38.9569  40.9155  42.8739  44.8319  46.7889  0.465165  0.657827  0.725564  0.685704  0.928456  0.948674  0.957305  0.962199  0.965076  0.967194  0.968765  0.969799  0.970755  0.971481  0.972036  0.972519  0.972972  0.973327  0.973641  0.973924  0.974179  0.974406  0.974607  0.974769  
1.8167  2.23603  3.2786  3.59111  9.18497  11.3299  13.3662  15.3649  17.3489  19.3229  21.2923  23.2577  25.2219  27.1845  29.1457  31.1073  33.0662  35.0258  36.9856  38.9443  40.9021  42.8605  44.8186  46.7766  0.908349  0.559009  0.546433  0.448888  0.918497  0.944159  0.954729  0.960307  0.963825  0.966144  0.96783  0.969073  0.970072  0.970876  0.971525  0.972102  0.972534  0.972938  0.973305  0.973608  0.973859  0.974103  0.974318  0.974513  
1.44128  0.391348  5.99852  7.96671  9.51103  11.5214  13.5057  15.478  17.4456  19.4096  21.372  23.3342  25.294  27.2533  29.2117  31.1709  33.128  35.0865  37.0444  39.0019  40.9593  42.9167  44.8741  46.8311  0.720639  0.097837  0.999753  0.995838  0.951103  0.960116  0.964693  0.967376  0.969201  0.970481  0.971456  0.972257  0.972847  0.973333  0.973724  0.97409  0.974353  0.974626  0.974852  0.975047  0.975222  0.97538  0.975523  0.975647  
2  4  2.35011  1.38566  9.31816  11.403  13.4155  15.4039  17.3811  19.3516  21.3197  23.2822  25.2463  27.2068  29.1672  31.127  33.0867  35.0456  37.0042  38.9631  40.9201  42.8784  44.8362  46.7941  1  1  0.391686  0.173208  0.931816  0.95025  0.958252  0.962743  0.965616  0.96758  0.969079  0.970093  0.971011  0.971672  0.97224  0.972718  0.973139  0.97349  0.973796  0.974076  0.974288  0.974509  0.974699  0.974876  
1.84184  1.92898  2.77402  3.87346  8.95925  11.2218  13.2943  15.3102  17.3037  19.282  21.2563  23.2255  25.1919  27.1557  29.1181  31.0801  33.0411  35.0013  36.9622  38.9193  40.88  42.8376  44.7961  46.7554  0.920919  0.482245  0.462337  0.484182  0.895925  0.935147  0.949594  0.956886  0.961315  0.964098  0.966196  0.967729  0.968917  0.969846  0.970604  0.971254  0.971797  0.972259  0.972688  0.972982  0.973333  0.973582  0.973829  0.974071  
1.79632  3.40312  3.25259  1.0507  9.11568  11.296  13.3439  15.3481  17.3332  19.3096  21.2801  23.2473  25.2117  27.1754  29.1368  31.0973  33.0579  35.0178  36.9765  38.9355  40.8945  42.853  44.8114  46.769  0.898158  0.85078  0.542099  0.131337  0.911568  0.941337  0.953132  0.959257  0.962958  0.965481  0.967278  0.968639  0.969681  0.97055  0.971226  0.971792  0.972291  0.972717  0.973065  0.973387  0.973679  0.973932  0.974161  0.974355  
1.15414  1.56047  5.80566  2.91305  8.81864  11.1529  13.2523  15.28  17.2777  19.2634  21.2395  23.2084  25.1758  27.1412  29.105  31.0665  33.0278  34.9893  36.9482  38.9084  40.8681  42.8265  44.785  46.7452  0.577071  0.390117  0.967611  0.364132  0.881864  0.929412  0.946593  0.954998  0.959872  0.96317  0.96543  0.967015  0.9683  0.96933  0.970165  0.970827  0.971406  0.971925  0.97232  0.97271  0.97305  0.97333  0.973587  0.973859  
1.97924  3.57057  0.852194  3.2403  9.12837  11.3032  13.3466  15.3504  17.336  19.3136  21.282  23.2491  25.213  27.1756  29.1382  31.0994  33.0596  35.0188  36.9785  38.9366  40.8966  42.854  44.813  46.7704  0.989619  0.892642  0.142032  0.405038  0.912837  0.941933  0.953328  0.959399  0.963113  0.965679  0.967363  0.968712  0.969732  0.970556  0.971274  0.971856  0.972342  0.972744  0.973118  0.973414  0.973728  0.973954  0.974196  0.974383  
0.671296  3.2242  2.82247  4.4063  8.1031  10.8338  13.0717  15.1555  17.1789  19.1805  21.1666  23.1449  25.1154  27.0865  29.0526  31.0175  32.9803  34.9433  36.9047  38.8663  40.8253  42.787  44.7457  46.7044  0.335648  0.806049  0.470412  0.550787  0.81031  0.90282  0.93369  0.947217  0.954385  0.959025  0.962117  0.964369  0.965976  0.967374  0.96842  0.969296  0.970009  0.970647  0.971176  0.971657  0.97203  0.972433  0.972732  0.973008  
1.27003  3.71446  1.91705  2.84131  8.57644  11.0461  13.1898  15.2347  17.2421  19.2311  21.2118  23.1842  25.1537  27.1199  29.0855  31.0475  33.0108  34.9705  36.9301  38.8913  40.8525  42.8105  44.7702  46.7325  0.635016  0.928615  0.319509  0.355164  0.857644  0.920512  0.942129  0.95217  0.957894  0.961555  0.964172  0.96601  0.967448  0.968569  0.969517  0.970236  0.970905  0.971403  0.971845  0.972281  0.972679  0.972967  0.973264  0.973593  
1.1054  0.611026  4.99086  6.0997  8.81793  11.1542  13.2517  15.2788  17.2781  19.2621  21.2387  23.2085  25.177  27.141  29.1049  31.0673  33.0266  34.9889  36.9485  38.9085  40.8672  42.828  44.7852  46.743  0.552698  0.152756  0.83181  0.762463  0.881793  0.92952  0.946553  0.954928  0.959893  0.963105  0.965394  0.967021  0.968347  0.969323  0.970164  0.970853  0.971371  0.971915  0.97233  0.972712  0.973028  0.973363  0.973592  0.973812  
1.95372  3.922  1.28211  1.75755  9.05571  11.265  13.3241  15.332  17.3223  19.2978  21.2701  23.2388  25.204  27.1664  29.129  31.0898  33.0502  35.011  36.9701  38.9291  40.8884  42.8464  44.806  46.7633  0.976861  0.9805  0.213686  0.219693  0.905571  0.938746  0.951723  0.95825  0.962352  0.964889  0.966821  0.968282  0.969385  0.970229  0.970967  0.971557  0.972064  0.972528  0.972896  0.973228  0.973533  0.973781  0.974043  0.974236  
1.539  1.75385  0.28301  6.00081  3.93021  4.02072  4.43157  4.80826  5.16554  5.48707  5.7912  6.06947  6.33419  6.57132  6.79181  6.99497  7.18876  7.35762  7.51889  7.65784  7.79709  7.90836  8.01357  8.10858  0.7695  0.438464  0.0471684  0.750101  0.393021  0.33506  0.316541  0.300516  0.286975  0.274353  0.263237  0.252895  0.243623  0.23469  0.226394  0.218593  0.211434  0.204378  0.197865  0.191446  0.185645  0.179736  0.174208  0.168929  
1.97012  2.63254  2.8084  0.455224  8.14632  10.8554  13.0843  15.1642  17.1864  19.1849  21.1724  23.1497  25.1198  27.0896  29.0546  31.0199  32.9833  34.9462  36.9074  38.8681  40.8291  42.7886  44.7471  46.7067  0.985059  0.658136  0.468067  0.056903  0.814632  0.90462  0.934593  0.947762  0.954802  0.959245  0.962383  0.964572  0.966146  0.967485  0.968486  0.969373  0.970096  0.970727  0.971247  0.971703  0.972122  0.972468  0.972762  0.973055  
1.3108  0.167814  3.40183  5.68455  3.70191  4.05919  4.35795  4.71925  5.04966  5.36515  5.65719  5.91892  6.1654  6.39855  6.60068  6.78714  6.97125  7.12664  7.26503  7.39811  7.51763  7.62594  7.71743  7.79932  0.655401  0.0419535  0.566972  0.710568  0.370191  0.338266  0.311282  0.294953  0.280536  0.268257  0.257145  0.246622  0.237131  0.22852  0.220023  0.212098  0.205037  0.197962  0.191185  0.184953  0.178991  0.173317  0.16777  0.162486  
1.79035  3.64382  2.35249  0.122779  8.44714  10.9861  13.157  15.2101  17.2243  19.2158  21.1977  23.1719  25.1433  27.1117  29.0758  31.0393  33.0006  34.9637  36.9234  38.8836  40.8434  42.8032  44.7613  46.7207  0.895177  0.910955  0.392081  0.0153473  0.844714  0.915509  0.939787  0.950632  0.956906  0.960788  0.963533  0.965497  0.967049  0.968276  0.969193  0.969978  0.970605  0.971214  0.971668  0.972091  0.972461  0.9728  0.973072  0.973349  
1.58819  0.418734  3.74664  2.04269  3.23035  3.4645  3.77895  4.05626  4.30731  4.52661  4.72393  4.89739  5.04879  5.17938  5.28991  5.38366  5.45904  5.52411  5.56654  5.60434  5.6202  5.63106  5.6294  5.61967  0.794093  0.104683  0.624441  0.255336  0.323035  0.288708  0.269925  0.253516  0.239295  0.22633  0.214724  0.204058  0.194184  0.184978  0.17633  0.168239  0.16056  0.153447  0.146488  0.140109  0.133814  0.127979  0.122378  0.117076  
1.2505  3.16812  1.8167  1.66543  3.10221  3.68355  4.08015  4.40401  4.70455  4.97828  5.21679  5.44509  5.64567  5.82665  5.98912  6.13119  6.26247  6.3734  6.47274  6.56091  6.63695  6.68567  6.73369  6.76489  0.625252  0.792031  0.302784  0.208179  0.310221  0.306963  0.291439  0.27525  0.261364  0.248914  0.237127  0.226879  0.217141  0.208095  0.199637  0.1916  0.18419  0.177039  0.170335  0.164023  0.158023  0.151947  0.146385  0.140935  
0.481441  0.790587  5.45059  7.06554  8.53549  11.0289  13.1782  15.2271  17.2372  19.2272  21.2065  23.18  25.1504  27.1167  29.0816  31.0451  33.0071  34.9699  36.9289  38.8904  40.8493  42.8077  44.7679  46.7264  0.24072  0.197647  0.908431  0.883193  0.853549  0.919075  0.941303  0.951694  0.957623  0.961358  0.96393  0.965833  0.967323  0.968455  0.969385  0.970159  0.970797  0.971387  0.971812  0.972261  0.972602  0.972903  0.973215  0.973467  
1.99712  3.87394  0.714681  1.22787  8.5829  11.0509  13.1916  15.2359  17.2434  19.2365  21.2119  23.1849  25.1546  27.1201  29.0845  31.0483  33.0104  34.9714  36.9329  38.8912  40.8521  42.8122  44.7705  46.7283  0.998561  0.968486  0.119114  0.153484  0.85829  0.920905  0.942256  0.952247  0.957968  0.961825  0.964177  0.966036  0.967486  0.968575  0.969484  0.97026  0.970895  0.971429  0.971918  0.972281  0.97267  0.973006  0.973273  0.973506  
1.71803  1.38844  2.08165  1.27568  3.53199  3.78041  3.83663  4.04422  4.29466  4.51724  4.7083  4.87976  5.03404  5.16006  5.26535  5.35908  5.43405  5.49603  5.53819  5.57113  5.5943  5.59913  5.59544  5.5833  0.859013  0.347111  0.346942  0.15946  0.353199  0.315034  0.274045  0.252764  0.238592  0.225862  0.214014  0.203323  0.193617  0.184288  0.175512  0.167471  0.159825  0.152668  0.145742  0.139278  0.133198  0.127253  0.12164  0.116319  
1.35254  3.98702  0.342171  2.09414  3.48141  3.91299  4.30803  4.66568  5.002  5.30861  5.5876  5.85212  6.08766  6.31088  6.51065  6.69053  6.86252  7.01783  7.15579  7.27585  7.38327  7.48149  7.56521  7.63996  0.676271  0.996756  0.0570285  0.261768  0.348141  0.326083  0.307716  0.291605  0.277889  0.26543  0.253982  0.243838  0.234141  0.225388  0.217022  0.209079  0.201839  0.19494  0.18831  0.181896  0.175792  0.170034  0.164461  0.159166  
1.1303  0.136432  1.92074  4.27767  3.07955  2.88376  3.17266  3.1355  3.25739  3.35207  3.41714  3.45767  3.48079  3.4858  3.47151  3.43776  3.40839  3.33845  3.27081  3.1991  3.11485  3.02767  2.94668  2.83756  0.56515  0.0341081  0.320124  0.534708  0.307955  0.240314  0.226618  0.195969  0.180966  0.167603  0.155325  0.14407  0.133877  0.124493  0.115717  0.10743  0.100247  0.0927347  0.0860739  0.0799774  0.074163  0.0688107  0.0640583  0.0591159  
1.75299  3.84201  0.851714  0.57528  6.26694  9.49281  12.4031  14.7565  16.9032  18.9603  20.9838  22.9855  24.976  26.9554  28.933  30.9048  32.8763  34.8447  36.8071  38.7718  40.7348  42.6972  44.6596  46.6222  0.876495  0.960502  0.141952  0.07191  0.626694  0.791067  0.885939  0.922283  0.939066  0.948013  0.95381  0.957729  0.960615  0.962694  0.964433  0.965775  0.966951  0.967908  0.968608  0.969296  0.969875  0.970392  0.970862  0.971295  
1.18734  1.11899  2.55725  0.598463  3.80811  3.11707  2.97915  3.133  3.25596  3.34542  3.41283  3.45521  3.47299  3.47513  3.46374  3.42981  3.38488  3.33351  3.263  3.18766  3.10626  3.02397  2.924  2.83009  0.593671  0.279748  0.426209  0.0748079  0.380811  0.259756  0.212796  0.195812  0.180886  0.167271  0.155129  0.143967  0.133577  0.124112  0.115458  0.107181  0.0995554  0.0925976  0.0858685  0.0796914  0.0739585  0.0687266  0.0635651  0.0589603  
1.01104  3.78274  1.21289  0.580117  3.55261  3.67771  3.78858  4.05277  4.30588  4.52329  4.71855  4.89017  5.04263  5.17497  5.28654  5.37547  5.45437  5.51146  5.55918  5.59199  5.61173  5.62469  5.61677  5.61029  0.505522  0.945686  0.202149  0.0725147  0.355261  0.306476  0.270613  0.253298  0.239216  0.226164  0.21448  0.203757  0.193947  0.18482  0.176218  0.167983  0.160423  0.153096  0.146294  0.1398  0.133613  0.127834  0.122104  0.116881  
0.484689  0.191711  5.38061  2.66318  3.14102  2.92985  3.12787  3.34384  3.44879  3.5815  3.65465  3.71896  3.75906  3.78486  3.79512  3.78768  3.74988  3.71793  3.66985  3.61381  3.55082  3.46557  3.38437  3.29719  0.242345  0.0479278  0.896768  0.332898  0.314102  0.244154  0.22342  0.20899  0.1916  0.179075  0.16612  0.154957  0.144579  0.135173  0.126504  0.118365  0.110291  0.103276  0.0965751  0.0903452  0.0845434  0.078763  0.0735732  0.0686914  
1.82293  3.9747  0.582319  0.390857  6.27228  9.49955  12.407  14.7573  16.9018  18.964  20.9866  22.9849  24.9765  26.9591  28.934  30.908  32.8745  34.8411  36.8089  38.7729  40.7358  42.6976  44.6591  46.6175  0.911463  0.993676  0.0970532  0.0488572  0.627228  0.791629  0.886217  0.922332  0.938987  0.9482  0.953937  0.957703  0.960633  0.962825  0.964467  0.965875  0.966898  0.967807  0.968655  0.969322  0.969899  0.9704  0.970849  0.971198  
1.83963  0.355758  1.04694  0.801731  5.40437  2.98587  3.16008  3.30219  3.43745  3.54939  3.63573  3.69758  3.74216  3.76303  3.76844  3.75578  3.7282  3.69026  3.64018  3.58066  3.50829  3.43264  3.34977  3.25959  0.919817  0.0889394  0.17449  0.100216  0.540437  0.248823  0.22572  0.206387  0.190969  0.17747  0.16526  0.154066  0.143929  0.134394  0.125615  0.117368  0.109653  0.102507  0.0957942  0.0895164  0.0835307  0.0780146  0.0728211  0.0679081  
1.93223  2.38359  0.254698  0.910354  3.4063  3.83605  3.75561  4.03474  4.27728  4.49863  4.68633  4.85538  5.00308  5.12882  5.23825  5.33012  5.40599  5.45717  5.50351  5.5311  5.5465  5.56833  5.5489  5.5308  0.966114  0.595897  0.0424496  0.113794  0.34063  0.319671  0.268258  0.252171  0.237627  0.224932  0.213015  0.202308  0.192426  0.183172  0.174608  0.166566  0.159  0.151588  0.144829  0.138278  0.132059  0.126553  0.120628  0.115225  
0.572412  0.196837  0.131481  3.6877  9.68301  2.79479  2.98734  3.14341  3.26731  3.36181  3.43034  3.47071  3.49394  3.497  3.48053  3.45133  3.40845  3.35772  3.29096  3.22471  3.13521  3.04901  2.9552  2.85801  0.286206  0.0492093  0.0219134  0.460963  0.968301  0.232899  0.213382  0.196463  0.181517  0.168091  0.155924  0.144613  0.134382  0.124893  0.116018  0.107854  0.100249  0.09327  0.0866043  0.0806178  0.0746478  0.0692957  0.0642435  0.0595419  
1.59761  3.83102  0.332604  0.283325  2.534  3.42642  3.76363  4.04509  4.29165  4.51024  4.70666  4.87535  5.02458  5.15628  5.26313  5.35636  5.43316  5.49083  5.53553  5.56663  5.58827  5.59088  5.58977  5.57847  0.798806  0.957756  0.0554339  0.0354156  0.2534  0.285535  0.26883  0.252818  0.238425  0.225512  0.213939  0.20314  0.193253  0.184153  0.175438  0.167386  0.159799  0.152523  0.145672  0.139166  0.133054  0.127065  0.121517  0.116218  
0.4413  1.71848  0.17306  1.07598  9.7271  2.79362  2.98862  3.14302  3.26735  3.35868  3.42591  3.47212  3.49178  3.49646  3.48257  3.45509  3.40678  3.35736  3.28915  3.21701  3.13376  3.04781  2.95484  2.86324  0.22065  0.42962  0.0288433  0.134498  0.97271  0.232801  0.213473  0.196438  0.181519  0.167934  0.155723  0.144672  0.134299  0.124873  0.116086  0.107972  0.100199  0.09326  0.0865567  0.0804254  0.0746134  0.0692685  0.0642356  0.0596508  
1.66753  1.89174  0.280179  0.235172  3.20574  4.25794  3.15824  3.25812  3.39526  3.5046  3.5884  3.6481  3.69319  3.70382  3.70134  3.68789  3.65573  3.61967  3.56212  3.49977  3.434  3.35232  3.26597  3.17022  0.833766  0.472935  0.0466965  0.0293966  0.320574  0.354828  0.225588  0.203632  0.188626  0.17523  0.163109  0.152004  0.142046  0.132279  0.123378  0.115247  0.107522  0.100546  0.09374  0.0874942  0.081762  0.076189  0.0709993  0.0660463  
0.075414  0.0695638  3.49058  7.56254  2.67255  2.93219  3.15172  3.33359  3.48521  3.60287  3.69639  3.76856  3.81417  3.84209  3.85193  3.84408  3.8259  3.78669  3.74111  3.68891  3.62173  3.54779  3.47031  3.38723  0.037707  0.0173909  0.581763  0.945317  0.267255  0.244349  0.225123  0.208349  0.193623  0.180143  0.168018  0.157023  0.146699  0.137218  0.128398  0.120128  0.112526  0.105186  0.0984503  0.0922227  0.0862317  0.0806315  0.0754416  0.0705673  
2  3.98564  0.0654697  0.00292702  4.13394  4.06175  4.48138  4.87048  5.23125  5.56359  5.87313  6.16541  6.43108  6.6773  6.90738  7.13433  7.31756  7.50133  7.66261  7.8292  7.96946  8.09395  8.19622  8.30539  1  0.99641  0.0109116  0.000365878  0.413394  0.338479  0.320099  0.304405  0.290625  0.27818  0.266961  0.256892  0.247349  0.238475  0.230246  0.222948  0.215222  0.20837  0.201648  0.19573  0.189749  0.183953  0.178179  0.173029  
1.49305  2.51499  0.000340875  2.71428e-06  3.17528  4.24168  3.07739  3.22509  3.39892  3.46724  3.54052  3.59435  3.62642  3.63999  3.63544  3.61876  3.5817  3.5341  3.47982  3.41052  3.33933  3.26187  3.16959  3.07375  0.746526  0.628748  5.68125e-05  3.39285e-07  0.317528  0.353474  0.219814  0.201568  0.188829  0.173362  0.160933  0.149765  0.139478  0.13  0.121181  0.113086  0.105344  0.0981694  0.0915743  0.0852629  0.0795078  0.0741334  0.0689042  0.0640365  
