0.0305286  0.18787  0.983101  0.845204  0.22984  0.127856  0.670049  0.644359  0.529862  0.625637  0.612324  0.341544  0.0887531  0.181267  0.791782  0.840141  0.877839  0.556113  0.874976  0.486135  0.900537  0.0305286  0.18787  0.983101  0.845204  0.22984  0.127856  0.670049  0.644359  0.529862  0.625637  0.612324  0.341544  0.0887531  0.181267  0.791782  0.840141  0.877839  0.556113  0.874976  0.486135  0.900537  
0.682336  0.757521  0.595171  0.122668  0.173765  0.797604  0.342548  0.489541  0.899316  0.465668  0.975276  0.181166  0.990894  0.676835  0.689791  0.121171  0.574201  0.873087  0.638845  0.691586  0.678141  0.682336  0.757521  0.595171  0.122668  0.173765  0.797604  0.342548  0.489541  0.899316  0.465668  0.975276  0.181166  0.990894  0.676835  0.689791  0.121171  0.574201  0.873087  0.638845  0.691586  0.678141  
0.559756  0.138063  0.10732  0.530596  0.118697  0.43567  0.238805  0.0772517  0.964116  0.992684  0.43271  0.591677  0.449332  0.616636  0.325086  0.299145  0.150247  0.949614  0.847642  0.953121  0.70581  0.559756  0.138063  0.10732  0.530596  0.118697  0.43567  0.238805  0.0772517  0.964116  0.992684  0.43271  0.591677  0.449332  0.616636  0.325086  0.299145  0.150247  0.949614  0.847642  0.953121  0.70581  
0.244725  0.350202  0.717993  0.394725  0.474601  0.815301  0.376726  0.7736  0.614079  0.180169  0.173599  0.460563  0.726281  0.106205  0.204596  0.638525  0.922952  0.334015  0.829779  0.970747  0.121263  0.244725  0.350202  0.717993  0.394725  0.474601  0.815301  0.376726  0.7736  0.614079  0.180169  0.173599  0.460563  0.726281  0.106205  0.204596  0.638525  0.922952  0.334015  0.829779  0.970747  0.121263  
0.80652  0.695889  0.805322  0.933774  0.869507  0.669264  0.0938433  0.344003  0.753102  0.623124  0.899107  0.985313  0.399449  0.991564  0.342437  0.402423  0.320987  0.147736  0.441178  0.959653  0.512442  0.80652  0.695889  0.805322  0.933774  0.869507  0.669264  0.0938433  0.344003  0.753102  0.623124  0.899107  0.985313  0.399449  0.991564  0.342437  0.402423  0.320987  0.147736  0.441178  0.959653  0.512442  
0.421303  0.534708  0.614268  0.503904  0.309687  0.755584  0.654842  0.456656  0.438133  0.924625  0.886816  0.437642  0.583327  0.282529  0.487753  0.29751  0.936515  0.706547  0.0951797  0.886959  0.0668352  0.421303  0.534708  0.614268  0.503904  0.309687  0.755584  0.654842  0.456656  0.438133  0.924625  0.886816  0.437642  0.583327  0.282529  0.487753  0.29751  0.936515  0.706547  0.0951797  0.886959  0.0668352  
0.139668  0.334658  0.900704  0.181583  0.186769  0.789204  0.428615  0.599634  0.970686  0.171348  0.769066  0.674339  0.510405  0.903308  0.64551  0.583825  0.43041  0.68768  0.69367  0.995734  0.907737  0.139668  0.334658  0.900704  0.181583  0.186769  0.789204  0.428615  0.599634  0.970686  0.171348  0.769066  0.674339  0.510405  0.903308  0.64551  0.583825  0.43041  0.68768  0.69367  0.995734  0.907737  
0.504478  0.541637  0.378427  0.276295  0.469751  0.588932  0.192061  0.263635  0.466379  0.224285  0.789753  0.0959964  0.825455  0.611772  0.727142  0.829417  0.562375  0.421639  0.357311  0.695792  0.199229  0.504478  0.541637  0.378427  0.276295  0.469751  0.588932  0.192061  0.263635  0.466379  0.224285  0.789753  0.0959964  0.825455  0.611772  0.727142  0.829417  0.562375  0.421639  0.357311  0.695792  0.199229  
0.889419  0.0946454  0.340654  0.842065  0.689926  0.008398  0.998853  0.136187  0.762148  0.344442  0.163928  0.924545  0.638336  0.0246583  0.669742  0.0586233  0.181163  0.510949  0.571106  0.438839  0.94323  0.889419  0.0946454  0.340654  0.842065  0.689926  0.008398  0.998853  0.136187  0.762148  0.344442  0.163928  0.924545  0.638336  0.0246583  0.669742  0.0586233  0.181163  0.510949  0.571106  0.438839  0.94323  
0.930897  0.326962  0.92836  0.934575  0.238618  0.283675  0.0705038  0.654947  0.194709  0.7992  0.111274  0.771161  0.838902  0.084134  0.726854  0.332068  0.26524  0.878371  0.411092  0.275118  0.463751  0.930897  0.326962  0.92836  0.934575  0.238618  0.283675  0.0705038  0.654947  0.194709  0.7992  0.111274  0.771161  0.838902  0.084134  0.726854  0.332068  0.26524  0.878371  0.411092  0.275118  0.463751  
0.573953  0.4254  0.689943  0.388517  0.0628578  0.671422  0.214759  0.4155  0.715188  0.887097  0.955117  0.302224  0.748259  0.257855  0.483649  0.824846  0.541712  0.285446  0.166063  0.8439  0.294686  0.573953  0.4254  0.689943  0.388517  0.0628578  0.671422  0.214759  0.4155  0.715188  0.887097  0.955117  0.302224  0.748259  0.257855  0.483649  0.824846  0.541712  0.285446  0.166063  0.8439  0.294686  
0.773728  0.751894  0.852549  0.298568  0.12095  0.453738  0.384942  0.605546  0.719832  0.410395  0.566923  0.673462  0.728447  0.105072  0.885746  0.322828  0.671033  0.300835  0.0344539  0.616944  0.750987  0.773728  0.751894  0.852549  0.298568  0.12095  0.453738  0.384942  0.605546  0.719832  0.410395  0.566923  0.673462  0.728447  0.105072  0.885746  0.322828  0.671033  0.300835  0.0344539  0.616944  0.750987  
0.987704  0.695737  0.603495  0.281832  0.870664  0.090466  0.182021  0.736726  0.212231  0.966611  0.0659446  0.0286154  0.105774  0.233237  0.533232  0.0652342  0.386442  0.583788  0.162321  0.559209  0.136675  0.987704  0.695737  0.603495  0.281832  0.870664  0.090466  0.182021  0.736726  0.212231  0.966611  0.0659446  0.0286154  0.105774  0.233237  0.533232  0.0652342  0.386442  0.583788  0.162321  0.559209  0.136675  
0.906442  0.640555  0.697056  0.993004  0.402057  0.788635  0.281669  0.699055  0.273205  0.63243  0.963323  0.913351  0.634188  0.345926  0.685944  0.0786705  0.0345077  0.0615879  0.123073  0.320117  0.738765  0.906442  0.640555  0.697056  0.993004  0.402057  0.788635  0.281669  0.699055  0.273205  0.63243  0.963323  0.913351  0.634188  0.345926  0.685944  0.0786705  0.0345077  0.0615879  0.123073  0.320117  0.738765  
0.696802  0.798948  0.362338  0.926446  0.938214  0.967424  0.434429  0.401293  0.899286  0.0869215  0.420992  0.897482  0.0207626  0.524187  0.986553  0.390247  0.164205  0.0192566  0.631168  0.954856  0.397474  0.696802  0.798948  0.362338  0.926446  0.938214  0.967424  0.434429  0.401293  0.899286  0.0869215  0.420992  0.897482  0.0207626  0.524187  0.986553  0.390247  0.164205  0.0192566  0.631168  0.954856  0.397474  
0.0482927  0.559245  0.628441  0.291382  0.817922  0.687928  0.932036  0.0998296  0.0740977  0.545997  0.356391  0.611994  0.313826  0.990265  0.547488  0.753213  0.221107  0.479613  0.730833  0.510907  0.8659  0.0482927  0.559245  0.628441  0.291382  0.817922  0.687928  0.932036  0.0998296  0.0740977  0.545997  0.356391  0.611994  0.313826  0.990265  0.547488  0.753213  0.221107  0.479613  0.730833  0.510907  0.8659  
0.507125  0.673531  0.44025  0.395764  0.987178  0.848832  0.169473  0.755133  0.442722  0.252806  0.221761  0.559493  0.782823  0.247144  0.361751  0.305853  0.259754  0.912861  0.593068  0.680521  0.891478  0.507125  0.673531  0.44025  0.395764  0.987178  0.848832  0.169473  0.755133  0.442722  0.252806  0.221761  0.559493  0.782823  0.247144  0.361751  0.305853  0.259754  0.912861  0.593068  0.680521  0.891478  
0.87417  0.81861  0.732997  0.876459  0.406908  0.234913  0.0207472  0.670876  0.979114  0.561841  0.564535  0.0307939  0.249392  0.386142  0.23915  0.381228  0.595276  0.909853  0.669073  0.62797  0.428698  0.87417  0.81861  0.732997  0.876459  0.406908  0.234913  0.0207472  0.670876  0.979114  0.561841  0.564535  0.0307939  0.249392  0.386142  0.23915  0.381228  0.595276  0.909853  0.669073  0.62797  0.428698  
0.119177  0.546754  0.246058  0.256629  0.216913  0.607365  0.534439  0.302906  0.842092  0.420387  0.329727  0.00463042  0.640113  0.757214  0.803953  0.381525  0.988314  0.886458  0.72028  0.610047  0.980659  0.119177  0.546754  0.246058  0.256629  0.216913  0.607365  0.534439  0.302906  0.842092  0.420387  0.329727  0.00463042  0.640113  0.757214  0.803953  0.381525  0.988314  0.886458  0.72028  0.610047  0.980659  
0.295736  0.608227  0.858011  0.0120581  0.522959  0.45398  0.921836  0.732358  0.210159  0.452078  0.409368  0.0862021  0.503977  0.187917  0.19244  0.643714  0.434548  0.41928  0.852139  0.614314  0.202968  0.295736  0.608227  0.858011  0.0120581  0.522959  0.45398  0.921836  0.732358  0.210159  0.452078  0.409368  0.0862021  0.503977  0.187917  0.19244  0.643714  0.434548  0.41928  0.852139  0.614314  0.202968  
0.532202  0.787151  0.330491  0.27581  0.32466  0.312718  0.226568  0.599444  0.159794  0.631852  0.8316  0.03684  0.719115  0.0488738  0.0574023  0.226868  0.405783  0.600226  0.409547  0.560093  0.708275  0.532202  0.787151  0.330491  0.27581  0.32466  0.312718  0.226568  0.599444  0.159794  0.631852  0.8316  0.03684  0.719115  0.0488738  0.0574023  0.226868  0.405783  0.600226  0.409547  0.560093  0.708275  
0.863839  0.342633  0.785766  0.281013  0.884737  0.0943129  0.112166  0.637893  0.970022  0.5667  0.67246  0.581527  0.370388  0.00228062  0.755488  0.446209  0.13222  0.606002  0.58491  0.408043  0.00670552  0.863839  0.342633  0.785766  0.281013  0.884737  0.0943129  0.112166  0.637893  0.970022  0.5667  0.67246  0.581527  0.370388  0.00228062  0.755488  0.446209  0.13222  0.606002  0.58491  0.408043  0.00670552  
0.183022  0.768312  0.0468514  0.418426  0.339615  0.450772  0.703954  0.208551  0.863954  0.587592  0.434768  0.693356  0.0994188  0.608065  0.267903  0.236601  0.0965205  0.0398313  0.41127  0.608518  0.994485  0.183022  0.768312  0.0468514  0.418426  0.339615  0.450772  0.703954  0.208551  0.863954  0.587592  0.434768  0.693356  0.0994188  0.608065  0.267903  0.236601  0.0965205  0.0398313  0.41127  0.608518  0.994485  
0.0981399  0.198576  0.577899  0.0901474  0.860565  0.899292  0.248798  0.110002  0.44167  0.191251  0.562009  0.15402  0.747692  0.300805  0.515657  0.169606  0.981624  0.207103  0.259562  0.0605179  0.672318  0.0981399  0.198576  0.577899  0.0901474  0.860565  0.899292  0.248798  0.110002  0.44167  0.191251  0.562009  0.15402  0.747692  0.300805  0.515657  0.169606  0.981624  0.207103  0.259562  0.0605179  0.672318  
0.590733  0.842691  0.963456  0.747926  0.277954  0.0802265  0.690073  0.811581  0.622202  0.430592  0.445051  0.364266  0.256272  0.0189856  0.85172  0.995401  0.522287  0.748747  0.192325  0.762279  0.642698  0.590733  0.842691  0.963456  0.747926  0.277954  0.0802265  0.690073  0.811581  0.622202  0.430592  0.445051  0.364266  0.256272  0.0189856  0.85172  0.995401  0.522287  0.748747  0.192325  0.762279  0.642698  
0.642488  0.0393024  0.554558  0.401208  0.154066  0.514537  0.152135  0.166705  0.75942  0.605125  0.294227  0.323403  0.731508  0.657985  0.838916  0.311652  0.553486  0.182564  0.511059  0.489164  0.120297  0.642488  0.0393024  0.554558  0.401208  0.154066  0.514537  0.152135  0.166705  0.75942  0.605125  0.294227  0.323403  0.731508  0.657985  0.838916  0.311652  0.553486  0.182564  0.511059  0.489164  0.120297  
0.784243  0.752255  0.284417  0.0878718  0.854698  0.143132  0.0330144  0.681703  0.754984  0.21372  0.638648  0.326835  0.255266  0.697302  0.701629  0.200499  0.461465  0.491066  0.199925  0.292385  0.319537  0.784243  0.752255  0.284417  0.0878718  0.854698  0.143132  0.0330144  0.681703  0.754984  0.21372  0.638648  0.326835  0.255266  0.697302  0.701629  0.200499  0.461465  0.491066  0.199925  0.292385  0.319537  
0.468051  0.14722  0.217519  0.398934  0.719585  0.943809  0.518698  0.58761  0.514513  0.260451  0.726441  0.871255  0.176453  0.918068  0.652092  0.419842  0.0982025  0.0946839  0.23712  0.875132  0.369703  0.468051  0.14722  0.217519  0.398934  0.719585  0.943809  0.518698  0.58761  0.514513  0.260451  0.726441  0.871255  0.176453  0.918068  0.652092  0.419842  0.0982025  0.0946839  0.23712  0.875132  0.369703  
0.136372  0.244305  0.887295  0.437447  0.670422  0.399809  0.338728  0.263025  0.0172863  0.126105  0.700667  0.837406  0.83271  0.255134  0.470102  0.957252  0.462886  0.66769  0.221531  0.556075  0.162747  0.136372  0.244305  0.887295  0.437447  0.670422  0.399809  0.338728  0.263025  0.0172863  0.126105  0.700667  0.837406  0.83271  0.255134  0.470102  0.957252  0.462886  0.66769  0.221531  0.556075  0.162747  
0.715483  0.0464896  0.12985  0.257003  0.178988  0.204743  0.353626  0.978383  0.602299  0.866346  0.0872089  0.44217  0.934982  0.691012  0.322271  0.0247683  0.384477  0.825698  0.900976  0.558327  0.472476  0.715483  0.0464896  0.12985  0.257003  0.178988  0.204743  0.353626  0.978383  0.602299  0.866346  0.0872089  0.44217  0.934982  0.691012  0.322271  0.0247683  0.384477  0.825698  0.900976  0.558327  0.472476  
0.982551  0.119718  0.62618  0.110417  0.297784  0.575011  0.358761  0.0545105  0.144685  0.798477  0.465829  0.437986  0.163087  0.891581  0.0806754  0.914364  0.330632  0.801868  0.250913  0.690163  0.350742  0.982551  0.119718  0.62618  0.110417  0.297784  0.575011  0.358761  0.0545105  0.144685  0.798477  0.465829  0.437986  0.163087  0.891581  0.0806754  0.914364  0.330632  0.801868  0.250913  0.690163  0.350742  
0.925994  0.18836  0.634764  0.813786  0.168127  0.954672  0.23096  0.30636  0.2349  0.119972  0.999207  0.815291  0.9633  0.211218  0.800212  0.777376  0.883997  0.0925999  0.827356  0.695106  0.0203777  0.925994  0.18836  0.634764  0.813786  0.168127  0.954672  0.23096  0.30636  0.2349  0.119972  0.999207  0.815291  0.9633  0.211218  0.800212  0.777376  0.883997  0.0925999  0.827356  0.695106  0.0203777  
0.735464  0.0340052  0.391067  0.350956  0.977882  0.430195  0.273843  0.249586  0.819163  0.986241  0.837339  0.244511  0.0348448  0.733444  0.290446  0.11343  0.850092  0.679381  0.642817  0.185084  0.563981  0.735464  0.0340052  0.391067  0.350956  0.977882  0.430195  0.273843  0.249586  0.819163  0.986241  0.837339  0.244511  0.0348448  0.733444  0.290446  0.11343  0.850092  0.679381  0.642817  0.185084  0.563981  
0.298128  0.618165  0.236342  0.0727095  0.873554  0.454159  0.505073  0.356637  0.564413  0.651761  0.291636  0.977868  0.688173  0.722198  0.646435  0.754172  0.390303  0.379274  0.696586  0.197419  0.440675  0.298128  0.618165  0.236342  0.0727095  0.873554  0.454159  0.505073  0.356637  0.564413  0.651761  0.291636  0.977868  0.688173  0.722198  0.646435  0.754172  0.390303  0.379274  0.696586  0.197419  0.440675  
0.25588  0.735473  0.717725  0.0845433  0.628849  0.906518  0.107646  0.714263  0.995522  0.934262  0.0801398  0.777975  0.277707  0.856645  0.476871  0.486901  0.124553  0.202742  0.653984  0.468184  0.800606  0.25588  0.735473  0.717725  0.0845433  0.628849  0.906518  0.107646  0.714263  0.995522  0.934262  0.0801398  0.777975  0.277707  0.856645  0.476871  0.486901  0.124553  0.202742  0.653984  0.468184  0.800606  
0.438334  0.980391  0.230043  0.404407  0.607769  0.756757  0.441767  0.392334  0.7911  0.265031  0.558154  0.782235  0.489236  0.36384  0.255418  0.978895  0.198048  0.792176  0.770183  0.852114  0.757835  0.438334  0.980391  0.230043  0.404407  0.607769  0.756757  0.441767  0.392334  0.7911  0.265031  0.558154  0.782235  0.489236  0.36384  0.255418  0.978895  0.198048  0.792176  0.770183  0.852114  0.757835  
0.184618  0.664944  0.946158  0.163045  0.663367  0.932525  0.417901  0.833837  0.698384  0.223594  0.54536  0.223642  0.551575  0.181107  0.298381  0.370696  0.877517  0.104439  0.487923  0.791327  0.329245  0.184618  0.664944  0.946158  0.163045  0.663367  0.932525  0.417901  0.833837  0.698384  0.223594  0.54536  0.223642  0.551575  0.181107  0.298381  0.370696  0.877517  0.104439  0.487923  0.791327  0.329245  
0.068682  0.826091  0.178701  0.594761  0.200598  0.572648  0.794485  0.627643  0.274573  0.179287  0.983987  0.44874  0.529794  0.283656  0.635936  0.25644  0.867438  0.429565  0.738163  0.0280849  0.936861  0.068682  0.826091  0.178701  0.594761  0.200598  0.572648  0.794485  0.627643  0.274573  0.179287  0.983987  0.44874  0.529794  0.283656  0.635936  0.25644  0.867438  0.429565  0.738163  0.0280849  0.936861  
0.848322  0.857007  0.150482  0.547886  0.817078  0.625628  0.562067  0.383389  0.830011  0.872269  0.412879  0.964435  0.0315627  0.567766  0.289292  0.869096  0.181869  0.114144  0.933507  0.969814  0.642473  0.848322  0.857007  0.150482  0.547886  0.817078  0.625628  0.562067  0.383389  0.830011  0.872269  0.412879  0.964435  0.0315627  0.567766  0.289292  0.869096  0.181869  0.114144  0.933507  0.969814  0.642473  
0.849875  0.546084  0.605704  0.610936  0.32728  0.666487  0.707668  0.7184  0.67972  0.825537  0.422696  0.161283  0.773214  0.448026  0.719052  0.840791  0.587799  0.822762  0.435163  0.152597  0.453164  0.849875  0.546084  0.605704  0.610936  0.32728  0.666487  0.707668  0.7184  0.67972  0.825537  0.422696  0.161283  0.773214  0.448026  0.719052  0.840791  0.587799  0.822762  0.435163  0.152597  0.453164  
0.79151  0.990922  0.931895  0.948166  0.86893  0.715503  0.864493  0.324215  0.229065  0.844302  0.767887  0.685414  0.505577  0.836745  0.769109  0.81041  0.00613156  0.760095  0.789813  0.276655  0.09653  0.79151  0.990922  0.931895  0.948166  0.86893  0.715503  0.864493  0.324215  0.229065  0.844302  0.767887  0.685414  0.505577  0.836745  0.769109  0.81041  0.00613156  0.760095  0.789813  0.276655  0.09653  
0.922867  0.328965  0.822449  0.58899  0.836555  0.126663  0.494168  0.346673  0.149151  0.765725  0.181098  0.286339  0.309641  0.439619  0.0142693  0.240321  0.754494  0.425964  0.941021  0.987594  0.143224  0.922867  0.328965  0.822449  0.58899  0.836555  0.126663  0.494168  0.346673  0.149151  0.765725  0.181098  0.286339  0.309641  0.439619  0.0142693  0.240321  0.754494  0.425964  0.941021  0.987594  0.143224  
0.250848  0.09637  0.205175  0.265513  0.009586  0.467212  0.35077  0.908257  0.614895  0.11263  0.784866  0.91554  0.854584  0.0560125  0.577985  0.763491  0.29715  0.730108  0.924102  0.24211  0.826027  0.250848  0.09637  0.205175  0.265513  0.009586  0.467212  0.35077  0.908257  0.614895  0.11263  0.784866  0.91554  0.854584  0.0560125  0.577985  0.763491  0.29715  0.730108  0.924102  0.24211  0.826027  
0.283441  0.55957  0.439266  0.664501  0.430302  0.889793  0.501139  0.191876  0.408248  0.622984  0.628281  0.575772  0.612198  0.842314  0.72885  0.621132  0.623861  0.206454  0.839256  0.750391  0.929095  0.283441  0.55957  0.439266  0.664501  0.430302  0.889793  0.501139  0.191876  0.408248  0.622984  0.628281  0.575772  0.612198  0.842314  0.72885  0.621132  0.623861  0.206454  0.839256  0.750391  0.929095  
0.138944  0.114885  0.510874  0.856178  0.736782  0.11437  0.567627  0.913897  0.855521  0.42414  0.246991  0.791285  0.385815  0.858532  0.335491  0.271142  0.26001  0.866891  0.663415  0.165882  0.534981  0.138944  0.114885  0.510874  0.856178  0.736782  0.11437  0.567627  0.913897  0.855521  0.42414  0.246991  0.791285  0.385815  0.858532  0.335491  0.271142  0.26001  0.866891  0.663415  0.165882  0.534981  
0.829183  0.843388  0.75453  0.704022  0.45393  0.80902  0.556308  0.142847  0.77426  0.619674  0.915033  0.951639  0.32286  0.589125  0.957156  0.261496  0.960202  0.303313  0.647626  0.184369  0.702865  0.829183  0.843388  0.75453  0.704022  0.45393  0.80902  0.556308  0.142847  0.77426  0.619674  0.915033  0.951639  0.32286  0.589125  0.957156  0.261496  0.960202  0.303313  0.647626  0.184369  0.702865  
0.655056  0.15377  0.0823008  0.745717  0.956559  0.760505  0.0983973  0.445546  0.304562  0.0335235  0.682425  0.116895  0.233503  0.465123  0.0229925  0.475748  0.349758  0.296137  0.997121  0.0977671  0.300526  0.655056  0.15377  0.0823008  0.745717  0.956559  0.760505  0.0983973  0.445546  0.304562  0.0335235  0.682425  0.116895  0.233503  0.465123  0.0229925  0.475748  0.349758  0.296137  0.997121  0.0977671  0.300526  
0.934537  0.500182  0.8346  0.495265  0.829092  0.0691072  0.976293  0.528389  0.0635532  0.152944  0.245446  0.576306  0.141901  0.804057  0.758774  0.0606366  0.00591576  0.781516  0.392508  0.627285  0.114744  0.934537  0.500182  0.8346  0.495265  0.829092  0.0691072  0.976293  0.528389  0.0635532  0.152944  0.245446  0.576306  0.141901  0.804057  0.758774  0.0606366  0.00591576  0.781516  0.392508  0.627285  0.114744  
0.197754  0.049877  0.853879  0.572606  0.610026  0.930437  0.167854  0.400774  0.669763  0.581484  0.551827  0.0255704  0.203062  0.305345  0.747202  0.209348  0.0742499  0.390181  0.563267  0.704251  0.350541  0.197754  0.049877  0.853879  0.572606  0.610026  0.930437  0.167854  0.400774  0.669763  0.581484  0.551827  0.0255704  0.203062  0.305345  0.747202  0.209348  0.0742499  0.390181  0.563267  0.704251  0.350541  
0.446054  0.503661  0.889887  0.753577  0.790818  0.680895  0.734337  0.36673  0.380364  0.770036  0.607374  0.809463  0.756602  0.501434  0.372347  0.565241  0.0186312  0.598417  0.94743  0.626959  0.211203  0.446054  0.503661  0.889887  0.753577  0.790818  0.680895  0.734337  0.36673  0.380364  0.770036  0.607374  0.809463  0.756602  0.501434  0.372347  0.565241  0.0186312  0.598417  0.94743  0.626959  0.211203  
0.788438  0.256982  0.153971  0.747243  0.199067  0.930224  0.956621  0.622099  0.961622  0.819118  0.721751  0.886706  0.71507  0.630487  0.473241  0.664947  0.509141  0.370939  0.833628  0.557626  0.768484  0.788438  0.256982  0.153971  0.747243  0.199067  0.930224  0.956621  0.622099  0.961622  0.819118  0.721751  0.886706  0.71507  0.630487  0.473241  0.664947  0.509141  0.370939  0.833628  0.557626  0.768484  
0.921806  0.693105  0.498786  0.374622  0.689696  0.412957  0.659099  0.486628  0.0462817  0.631043  0.43237  0.124662  0.231122  0.962999  0.800466  0.773266  0.846695  0.327677  0.810259  0.844753  0.402174  0.921806  0.693105  0.498786  0.374622  0.689696  0.412957  0.659099  0.486628  0.0462817  0.631043  0.43237  0.124662  0.231122  0.962999  0.800466  0.773266  0.846695  0.327677  0.810259  0.844753  0.402174  
0.608652  0.776133  0.437386  0.921124  0.92643  0.453021  0.0922185  0.689762  0.911259  0.849053  0.895292  0.437456  0.473383  0.819788  0.995833  0.788606  0.372483  0.173188  0.136831  0.978171  0.781771  0.608652  0.776133  0.437386  0.921124  0.92643  0.453021  0.0922185  0.689762  0.911259  0.849053  0.895292  0.437456  0.473383  0.819788  0.995833  0.788606  0.372483  0.173188  0.136831  0.978171  0.781771  
0.732954  0.605982  0.799706  0.910198  0.187624  0.678939  0.082075  0.024586  0.626328  0.17984  0.359714  0.847907  0.177985  0.0267522  0.756357  0.302949  0.612524  0.996442  0.737267  0.213366  0.550109  0.732954  0.605982  0.799706  0.910198  0.187624  0.678939  0.082075  0.024586  0.626328  0.17984  0.359714  0.847907  0.177985  0.0267522  0.756357  0.302949  0.612524  0.996442  0.737267  0.213366  0.550109  
0.592392  0.619793  0.912301  0.897289  0.759426  0.251487  0.399499  0.214776  0.388781  0.0175499  0.200125  0.317215  0.987039  0.788506  0.300977  0.0883804  0.175794  0.42125  0.457246  0.882431  0.311165  0.592392  0.619793  0.912301  0.897289  0.759426  0.251487  0.399499  0.214776  0.388781  0.0175499  0.200125  0.317215  0.987039  0.788506  0.300977  0.0883804  0.175794  0.42125  0.457246  0.882431  0.311165  
0.980361  0.445562  0.214454  0.639567  0.156543  0.230268  0.439372  0.858873  0.138772  0.946309  0.170085  0.0616036  0.481926  0.916844  0.796339  0.0335562  0.464147  0.312935  0.0277001  0.550326  0.266134  0.980361  0.445562  0.214454  0.639567  0.156543  0.230268  0.439372  0.858873  0.138772  0.946309  0.170085  0.0616036  0.481926  0.916844  0.796339  0.0335562  0.464147  0.312935  0.0277001  0.550326  0.266134  
0.265616  0.995698  0.778532  0.763257  0.679216  0.433113  0.648558  0.329341  0.470732  0.256379  0.467525  0.628701  0.589635  0.824602  0.372951  0.537198  0.418885  0.522855  0.716614  0.597818  0.906586  0.265616  0.995698  0.778532  0.763257  0.679216  0.433113  0.648558  0.329341  0.470732  0.256379  0.467525  0.628701  0.589635  0.824602  0.372951  0.537198  0.418885  0.522855  0.716614  0.597818  0.906586  
0.11397  0.371368  0.800587  0.343241  0.411347  0.0793722  0.63208  0.96322  0.643592  0.298558  0.719538  0.510959  0.53106  0.407822  0.89744  0.891847  0.945412  0.528644  0.0671515  0.794618  0.984635  0.11397  0.371368  0.800587  0.343241  0.411347  0.0793722  0.63208  0.96322  0.643592  0.298558  0.719538  0.510959  0.53106  0.407822  0.89744  0.891847  0.945412  0.528644  0.0671515  0.794618  0.984635  
0.238794  0.721842  0.727342  0.721861  0.119659  0.649253  0.666603  0.319442  0.514771  0.242974  0.0952896  0.00391524  0.586993  0.132409  0.276928  0.86924  0.290642  0.364325  0.75831  0.30613  0.903401  0.238794  0.721842  0.727342  0.721861  0.119659  0.649253  0.666603  0.319442  0.514771  0.242974  0.0952896  0.00391524  0.586993  0.132409  0.276928  0.86924  0.290642  0.364325  0.75831  0.30613  0.903401  
0.380817  0.219537  0.30508  0.76534  0.708958  0.868368  0.324647  0.549388  0.999764  0.0565064  0.735098  0.668119  0.929133  0.140361  0.34652  0.122167  0.222259  0.291461  0.508442  0.747686  0.297013  0.380817  0.219537  0.30508  0.76534  0.708958  0.868368  0.324647  0.549388  0.999764  0.0565064  0.735098  0.668119  0.929133  0.140361  0.34652  0.122167  0.222259  0.291461  0.508442  0.747686  0.297013  
0.876461  0.758826  0.374963  0.720495  0.765392  0.40252  0.835858  0.961163  0.926775  0.833561  0.842567  0.856264  0.11274  0.391979  0.539083  0.150659  0.717984  0.118714  0.155779  0.984761  0.98858  0.876461  0.758826  0.374963  0.720495  0.765392  0.40252  0.835858  0.961163  0.926775  0.833561  0.842567  0.856264  0.11274  0.391979  0.539083  0.150659  0.717984  0.118714  0.155779  0.984761  0.98858  
0.46748  0.454326  0.220941  0.705634  0.289387  0.137366  0.369232  0.993333  0.561871  0.0511307  0.509352  0.66383  0.628854  0.69078  0.241606  0.30512  0.980539  0.886379  0.247549  0.38014  0.406796  0.46748  0.454326  0.220941  0.705634  0.289387  0.137366  0.369232  0.993333  0.561871  0.0511307  0.509352  0.66383  0.628854  0.69078  0.241606  0.30512  0.980539  0.886379  0.247549  0.38014  0.406796  
0.179155  0.625798  0.369335  0.728892  0.646928  0.22904  0.454794  0.842273  0.166293  0.918154  0.478616  0.956953  0.58528  0.713725  0.694619  0.270079  0.305685  0.552995  0.294143  0.056444  0.238668  0.179155  0.625798  0.369335  0.728892  0.646928  0.22904  0.454794  0.842273  0.166293  0.918154  0.478616  0.956953  0.58528  0.713725  0.694619  0.270079  0.305685  0.552995  0.294143  0.056444  0.238668  
0.658974  0.106176  0.939584  0.450522  0.914068  0.136949  0.904238  0.774641  0.166926  0.917628  0.924935  0.151227  0.843002  0.641633  0.98319  0.824816  0.42759  0.972546  0.102155  0.17406  0.543989  0.658974  0.106176  0.939584  0.450522  0.914068  0.136949  0.904238  0.774641  0.166926  0.917628  0.924935  0.151227  0.843002  0.641633  0.98319  0.824816  0.42759  0.972546  0.102155  0.17406  0.543989  
0.880458  0.698549  0.464528  0.0585771  0.326359  0.769095  0.397684  0.656061  0.369855  0.80113  0.541787  0.944825  0.03541  0.152187  0.657181  0.149331  0.54909  0.066625  0.834527  0.466467  0.934392  0.880458  0.698549  0.464528  0.0585771  0.326359  0.769095  0.397684  0.656061  0.369855  0.80113  0.541787  0.944825  0.03541  0.152187  0.657181  0.149331  0.54909  0.066625  0.834527  0.466467  0.934392  
0.443563  0.182697  0.383109  0.135056  0.137427  0.900445  0.0307331  0.961571  0.592968  0.474064  0.885966  0.96593  0.374048  0.517216  0.903627  0.0579738  0.648406  0.0455954  0.0751444  0.686899  0.0787794  0.443563  0.182697  0.383109  0.135056  0.137427  0.900445  0.0307331  0.961571  0.592968  0.474064  0.885966  0.96593  0.374048  0.517216  0.903627  0.0579738  0.648406  0.0455954  0.0751444  0.686899  0.0787794  
0.883522  0.238969  0.908307  0.468629  0.64682  0.300939  0.618768  0.874405  0.33303  0.894982  0.991196  0.634983  0.821755  0.347394  0.186398  0.96599  0.763885  0.699272  0.348211  0.158707  0.640723  0.883522  0.238969  0.908307  0.468629  0.64682  0.300939  0.618768  0.874405  0.33303  0.894982  0.991196  0.634983  0.821755  0.347394  0.186398  0.96599  0.763885  0.699272  0.348211  0.158707  0.640723  
0.289902  0.0890613  0.362045  0.677425  0.529318  0.0161584  0.0120883  0.00321639  0.160645  0.426929  0.230547  0.29018  0.714647  0.362491  0.411099  0.528135  0.614126  0.225619  0.392423  0.0151174  0.954413  0.289902  0.0890613  0.362045  0.677425  0.529318  0.0161584  0.0120883  0.00321639  0.160645  0.426929  0.230547  0.29018  0.714647  0.362491  0.411099  0.528135  0.614126  0.225619  0.392423  0.0151174  0.954413  
0.822887  0.775168  0.467918  0.295203  0.463248  0.527536  0.383568  0.162409  0.141514  0.757885  0.32597  0.439944  0.849242  0.533169  0.247739  0.427531  0.993196  0.099909  0.69575  0.495823  0.717381  0.822887  0.775168  0.467918  0.295203  0.463248  0.527536  0.383568  0.162409  0.141514  0.757885  0.32597  0.439944  0.849242  0.533169  0.247739  0.427531  0.993196  0.099909  0.69575  0.495823  0.717381  
0.833869  0.524914  0.396068  0.366803  0.266996  0.273152  0.377762  0.290156  0.609388  0.134221  0.908961  0.187328  0.359793  0.415364  0.00274274  0.573346  0.937238  0.105116  0.48491  0.937612  0.159639  0.833869  0.524914  0.396068  0.366803  0.266996  0.273152  0.377762  0.290156  0.609388  0.134221  0.908961  0.187328  0.359793  0.415364  0.00274274  0.573346  0.937238  0.105116  0.48491  0.937612  0.159639  
0.72007  0.0791538  0.201861  0.981285  0.168909  0.560333  0.806863  0.807672  0.246032  0.76721  0.332176  0.739587  0.762851  0.118942  0.973074  0.78521  0.242604  0.00710224  0.838025  0.99961  0.343688  0.72007  0.0791538  0.201861  0.981285  0.168909  0.560333  0.806863  0.807672  0.246032  0.76721  0.332176  0.739587  0.762851  0.118942  0.973074  0.78521  0.242604  0.00710224  0.838025  0.99961  0.343688  
0.00266429  0.655793  0.981734  0.2965  0.905128  0.227612  0.75733  0.190954  0.773359  0.730309  0.984514  0.993204  0.749725  0.109514  0.457909  0.793048  0.971841  0.329582  0.742268  0.946956  0.805653  0.00266429  0.655793  0.981734  0.2965  0.905128  0.227612  0.75733  0.190954  0.773359  0.730309  0.984514  0.993204  0.749725  0.109514  0.457909  0.793048  0.971841  0.329582  0.742268  0.946956  0.805653  
0.975973  0.707745  0.217151  0.213702  0.340209  0.425661  0.589362  0.903871  0.136656  0.208655  0.767041  0.653096  0.649895  0.331819  0.153947  0.293529  0.385009  0.00325208  0.563319  0.42635  0.725446  0.975973  0.707745  0.217151  0.213702  0.340209  0.425661  0.589362  0.903871  0.136656  0.208655  0.767041  0.653096  0.649895  0.331819  0.153947  0.293529  0.385009  0.00325208  0.563319  0.42635  0.725446  
0.314602  0.825675  0.786139  0.698716  0.441666  0.751977  0.94036  0.0626379  0.398048  0.35321  0.83909  0.466783  0.0205759  0.37408  0.962812  0.995351  0.35133  0.627381  0.424313  0.290035  0.883235  0.314602  0.825675  0.786139  0.698716  0.441666  0.751977  0.94036  0.0626379  0.398048  0.35321  0.83909  0.466783  0.0205759  0.37408  0.962812  0.995351  0.35133  0.627381  0.424313  0.290035  0.883235  
0.71228  0.80605  0.349958  0.518531  0.152085  0.131406  0.274948  0.282038  0.891131  0.986956  0.930134  0.443162  0.206569  0.626314  0.869041  0.57431  0.403732  0.650856  0.512037  0.241005  0.364407  0.71228  0.80605  0.349958  0.518531  0.152085  0.131406  0.274948  0.282038  0.891131  0.986956  0.930134  0.443162  0.206569  0.626314  0.869041  0.57431  0.403732  0.650856  0.512037  0.241005  0.364407  
0.336748  0.0441162  0.166945  0.214058  0.0251566  0.925072  0.312718  0.428333  0.742958  0.580718  0.613583  0.950705  0.0427476  0.98381  0.110221  0.834208  0.887052  0.771792  0.996495  0.0720311  0.409801  0.336748  0.0441162  0.166945  0.214058  0.0251566  0.925072  0.312718  0.428333  0.742958  0.580718  0.613583  0.950705  0.0427476  0.98381  0.110221  0.834208  0.887052  0.771792  0.996495  0.0720311  0.409801  
0.907894  0.444587  0.916665  0.0335296  0.485235  0.858207  0.387177  0.33127  0.705496  0.911799  0.566219  0.835196  0.859171  0.880007  0.591288  0.727905  0.326546  0.914712  0.863312  0.306669  0.267451  0.907894  0.444587  0.916665  0.0335296  0.485235  0.858207  0.387177  0.33127  0.705496  0.911799  0.566219  0.835196  0.859171  0.880007  0.591288  0.727905  0.326546  0.914712  0.863312  0.306669  0.267451  
0.32874  0.733784  0.989914  0.22579  0.661731  0.319834  0.657066  0.824928  0.186857  0.3772  0.573771  0.416429  0.158338  0.0963845  0.179094  0.945629  0.0875251  0.700665  0.014377  0.910719  0.0455856  0.32874  0.733784  0.989914  0.22579  0.661731  0.319834  0.657066  0.824928  0.186857  0.3772  0.573771  0.416429  0.158338  0.0963845  0.179094  0.945629  0.0875251  0.700665  0.014377  0.910719  0.0455856  
0.859917  0.979931  0.919359  0.283721  0.0482609  0.951216  0.792899  0.667479  0.813514  0.995559  0.662486  0.70311  0.98611  0.680927  0.0287341  0.207276  0.0770212  0.552146  0.698099  0.199854  0.495964  0.859917  0.979931  0.919359  0.283721  0.0482609  0.951216  0.792899  0.667479  0.813514  0.995559  0.662486  0.70311  0.98611  0.680927  0.0287341  0.207276  0.0770212  0.552146  0.698099  0.199854  0.495964  
0.0671322  0.0652503  0.133803  0.297365  0.037655  0.0356448  0.745133  0.0898464  0.321116  0.669775  0.048088  0.673081  0.477702  0.533443  0.0156583  0.836936  0.163392  0.682326  0.195076  0.296009  0.359956  0.0671322  0.0652503  0.133803  0.297365  0.037655  0.0356448  0.745133  0.0898464  0.321116  0.669775  0.048088  0.673081  0.477702  0.533443  0.0156583  0.836936  0.163392  0.682326  0.195076  0.296009  0.359956  
0.914789  0.663889  0.514918  0.0149927  0.885971  0.868472  0.480158  0.574219  0.368077  0.581951  0.585487  0.814395  0.720079  0.691677  0.799493  0.421312  0.914685  0.915473  0.799329  0.440505  0.842621  0.914789  0.663889  0.514918  0.0149927  0.885971  0.868472  0.480158  0.574219  0.368077  0.581951  0.585487  0.814395  0.720079  0.691677  0.799493  0.421312  0.914685  0.915473  0.799329  0.440505  0.842621  
0.462832  0.392356  0.297534  0.691364  0.722014  0.0870818  0.872994  0.610964  0.814215  0.108534  0.709988  0.840619  0.869675  0.63482  0.601165  0.138098  0.864358  0.373617  0.317746  0.648782  0.465795  0.462832  0.392356  0.297534  0.691364  0.722014  0.0870818  0.872994  0.610964  0.814215  0.108534  0.709988  0.840619  0.869675  0.63482  0.601165  0.138098  0.864358  0.373617  0.317746  0.648782  0.465795  
0.543068  0.191998  0.477642  0.245973  0.662709  0.402718  0.421057  0.368875  0.026972  0.782004  0.275832  0.975601  0.767393  0.748315  0.293155  0.587396  0.157829  0.520263  0.928459  0.73022  0.221149  0.543068  0.191998  0.477642  0.245973  0.662709  0.402718  0.421057  0.368875  0.026972  0.782004  0.275832  0.975601  0.767393  0.748315  0.293155  0.587396  0.157829  0.520263  0.928459  0.73022  0.221149  
0.611438  0.374154  0.530663  0.259062  0.575951  0.0412545  0.282776  0.510239  0.108825  0.481192  0.60993  0.832069  0.226035  0.899212  0.276276  0.504256  0.571133  0.483827  0.386201  0.154117  0.105427  0.611438  0.374154  0.530663  0.259062  0.575951  0.0412545  0.282776  0.510239  0.108825  0.481192  0.60993  0.832069  0.226035  0.899212  0.276276  0.504256  0.571133  0.483827  0.386201  0.154117  0.105427  
0.638203  0.761717  0.805973  0.841244  0.778774  0.401999  0.671323  0.135485  0.253198  0.00243769  0.0711681  0.164778  0.888836  0.495707  0.932929  0.0632102  0.941557  0.609744  0.615431  0.0476566  0.978854  0.638203  0.761717  0.805973  0.841244  0.778774  0.401999  0.671323  0.135485  0.253198  0.00243769  0.0711681  0.164778  0.888836  0.495707  0.932929  0.0632102  0.941557  0.609744  0.615431  0.0476566  0.978854  
0.302167  0.431999  0.250395  0.657623  0.361274  0.461594  0.80373  0.252534  0.540019  0.500549  0.65145  0.586415  0.702012  0.195025  0.95234  0.96311  0.277824  0.581718  0.0708699  0.690318  0.620195  0.302167  0.431999  0.250395  0.657623  0.361274  0.461594  0.80373  0.252534  0.540019  0.500549  0.65145  0.586415  0.702012  0.195025  0.95234  0.96311  0.277824  0.581718  0.0708699  0.690318  0.620195  
0.428771  0.145875  0.30929  0.0613036  0.249471  0.682726  0.708419  0.561402  0.139155  0.455613  0.30153  0.908545  0.81162  0.235793  0.111488  0.321612  0.669312  0.756737  0.598076  0.276015  0.868986  0.428771  0.145875  0.30929  0.0613036  0.249471  0.682726  0.708419  0.561402  0.139155  0.455613  0.30153  0.908545  0.81162  0.235793  0.111488  0.321612  0.669312  0.756737  0.598076  0.276015  0.868986  
0.855102  0.347578  0.0958839  0.63719  0.642551  0.188713  0.267112  0.583123  0.830622  0.769064  0.836497  0.0249438  0.62895  0.772115  0.891015  0.681165  0.701886  0.133905  0.3516  0.304611  0.0209056  0.855102  0.347578  0.0958839  0.63719  0.642551  0.188713  0.267112  0.583123  0.830622  0.769064  0.836497  0.0249438  0.62895  0.772115  0.891015  0.681165  0.701886  0.133905  0.3516  0.304611  0.0209056  
0.289421  0.730285  0.0693922  0.441815  0.370738  0.9392  0.819485  0.627183  0.559278  0.966541  0.0945593  0.637074  0.882847  0.684378  0.825969  0.861948  0.134394  0.423817  0.373559  0.300506  0.502688  0.289421  0.730285  0.0693922  0.441815  0.370738  0.9392  0.819485  0.627183  0.559278  0.966541  0.0945593  0.637074  0.882847  0.684378  0.825969  0.861948  0.134394  0.423817  0.373559  0.300506  0.502688  
0.708596  0.178921  0.715296  0.910659  0.711342  0.309212  0.600412  0.534815  0.941371  0.724158  0.942838  0.239712  0.568049  0.151514  0.280698  0.0579221  0.758153  0.46296  0.964562  0.394876  0.331515  0.708596  0.178921  0.715296  0.910659  0.711342  0.309212  0.600412  0.534815  0.941371  0.724158  0.942838  0.239712  0.568049  0.151514  0.280698  0.0579221  0.758153  0.46296  0.964562  0.394876  0.331515  
0.381857  0.561138  0.599699  0.535402  0.72014  0.489283  0.345808  0.177552  0.489545  0.772997  0.434625  0.189784  0.401362  0.883821  0.739081  0.144117  0.132005  0.204531  0.115977  0.937623  0.61654  0.381857  0.561138  0.599699  0.535402  0.72014  0.489283  0.345808  0.177552  0.489545  0.772997  0.434625  0.189784  0.401362  0.883821  0.739081  0.144117  0.132005  0.204531  0.115977  0.937623  0.61654  
0.509291  0.875305  0.653646  0.230833  0.899242  0.279334  0.826249  0.0553116  0.548222  0.778693  0.787075  0.833472  0.242503  0.244642  0.40852  0.497034  0.875375  0.798516  0.253198  0.732559  0.981167  0.509291  0.875305  0.653646  0.230833  0.899242  0.279334  0.826249  0.0553116  0.548222  0.778693  0.787075  0.833472  0.242503  0.244642  0.40852  0.497034  0.875375  0.798516  0.253198  0.732559  0.981167  
0.768682  0.281166  0.184984  0.704012  0.126308  0.337183  0.479463  0.150797  0.399759  0.866394  0.054898  0.347923  0.613286  0.842555  0.131114  0.538464  0.580525  0.149384  0.870856  0.864161  0.527436  0.768682  0.281166  0.184984  0.704012  0.126308  0.337183  0.479463  0.150797  0.399759  0.866394  0.054898  0.347923  0.613286  0.842555  0.131114  0.538464  0.580525  0.149384  0.870856  0.864161  0.527436  
0.568617  0.849259  0.464603  0.193541  0.0289708  0.0847361  0.191617  0.937135  0.678701  0.0985134  0.977567  0.84442  0.67257  0.595275  0.641389  0.724176  0.40468  0.315223  0.861662  0.865967  0.550218  0.568617  0.849259  0.464603  0.193541  0.0289708  0.0847361  0.191617  0.937135  0.678701  0.0985134  0.977567  0.84442  0.67257  0.595275  0.641389  0.724176  0.40468  0.315223  0.861662  0.865967  0.550218  
0.0807889  0.0849333  0.147218  0.0776655  0.351859  0.758253  0.949429  0.792947  0.403557  0.345804  0.517676  0.101649  0.949726  0.218516  0.131986  0.814709  0.728795  0.538328  0.945747  0.365697  0.751181  0.0807889  0.0849333  0.147218  0.0776655  0.351859  0.758253  0.949429  0.792947  0.403557  0.345804  0.517676  0.101649  0.949726  0.218516  0.131986  0.814709  0.728795  0.538328  0.945747  0.365697  0.751181  
0.341882  0.591273  0.43187  0.0555774  0.843297  0.75566  0.954578  0.637449  0.976678  0.860026  0.527837  0.303381  0.487427  0.365982  0.803582  0.796072  0.0111131  0.184424  0.261387  0.0286163  0.917955  0.341882  0.591273  0.43187  0.0555774  0.843297  0.75566  0.954578  0.637449  0.976678  0.860026  0.527837  0.303381  0.487427  0.365982  0.803582  0.796072  0.0111131  0.184424  0.261387  0.0286163  0.917955  
0.685437  0.834316  0.248164  0.581566  0.458994  0.910898  0.863904  0.550974  0.373792  0.183689  0.57648  0.561345  0.218763  0.392074  0.427065  0.0409128  0.38697  0.303582  0.758996  0.759478  0.276282  0.685437  0.834316  0.248164  0.581566  0.458994  0.910898  0.863904  0.550974  0.373792  0.183689  0.57648  0.561345  0.218763  0.392074  0.427065  0.0409128  0.38697  0.303582  0.758996  0.759478  0.276282  
0.328024  0.153477  0.631908  0.559116  0.326658  0.548365  0.082057  0.898408  0.306604  0.3319  0.530345  0.56995  0.966739  0.41702  0.534161  0.584936  0.0214662  0.206137  0.43499  0.978709  0.565775  0.328024  0.153477  0.631908  0.559116  0.326658  0.548365  0.082057  0.898408  0.306604  0.3319  0.530345  0.56995  0.966739  0.41702  0.534161  0.584936  0.0214662  0.206137  0.43499  0.978709  0.565775  
0.0136031  0.0498953  0.883595  0.026063  0.570638  0.765758  0.590914  0.474769  0.525729  0.496467  0.60187  0.989531  0.822465  0.724247  0.568457  0.499311  0.339461  0.587447  0.172722  0.642232  0.250135  0.0136031  0.0498953  0.883595  0.026063  0.570638  0.765758  0.590914  0.474769  0.525729  0.496467  0.60187  0.989531  0.822465  0.724247  0.568457  0.499311  0.339461  0.587447  0.172722  0.642232  0.250135  
0.10052  0.0367125  0.55693  0.0128174  0.352661  0.333318  0.349724  0.382475  0.63762  0.68519  0.132202  0.280572  0.54041  0.81646  0.0343281  0.273246  0.89426  0.939892  0.605  0.210877  0.00930201  0.10052  0.0367125  0.55693  0.0128174  0.352661  0.333318  0.349724  0.382475  0.63762  0.68519  0.132202  0.280572  0.54041  0.81646  0.0343281  0.273246  0.89426  0.939892  0.605  0.210877  0.00930201  
0.857923  7.15156e-18  5.71437e-17  2.14817e-11  1.783e-17  6.90944e-17  1.01577e-17  5.45875e-17  1.2442e-16  3.19537e-11  4.44604e-17  3.53544e-17  2.32047e-17  1.90645e-16  2.37448e-17  2.04534e-18  1.19722e-17  1.79325e-17  6.23609e-17  1.9444e-17  4.54718e-17  0.857923  7.15156e-18  5.71437e-17  2.14817e-11  1.783e-17  6.90944e-17  1.01577e-17  5.45875e-17  1.2442e-16  3.19537e-11  4.44604e-17  3.53544e-17  2.32047e-17  1.90645e-16  2.37448e-17  2.04534e-18  1.19722e-17  1.79325e-17  6.23609e-17  1.9444e-17  4.54718e-17  
0.00016913  0  1.31414e-18  0  3.36197e-19  0  0  2.61703e-18  1.26463e-18  0  0  0  6.98036e-19  0  0  8.41128e-18  3.67266e-18  1.79357e-19  1.18608e-18  0  0  0.00016913  0  1.31414e-18  0  3.36197e-19  0  0  2.61703e-18  1.26463e-18  0  0  0  6.98036e-19  0  0  8.41128e-18  3.67266e-18  1.79357e-19  1.18608e-18  0  0  
0.848854  1.54765e-17  1.76302e-17  1.76493e-11  3.35902e-17  2.34863e-17  5.4902e-17  2.56052e-18  8.67577e-17  4.44225e-10  1.61606e-17  4.07652e-18  0  0  6.49053e-17  4.14468e-18  0  4.412e-17  3.33122e-17  3.33314e-17  8.85566e-19  0.848854  1.54765e-17  1.76302e-17  1.76493e-11  3.35902e-17  2.34863e-17  5.4902e-17  2.56052e-18  8.67577e-17  4.44225e-10  1.61606e-17  4.07652e-18  0  0  6.49053e-17  4.14468e-18  0  4.412e-17  3.33122e-17  3.33314e-17  8.85566e-19  
0.841082  9.94408e-18  2.56165e-17  3.31864e-11  6.84744e-17  1.29886e-17  4.50952e-17  3.33078e-17  4.31293e-17  9.78887e-10  4.96068e-17  3.00314e-17  1.87607e-17  6.3513e-16  6.37867e-17  1.37804e-17  6.08714e-17  4.57072e-17  3.35327e-17  1.8733e-17  2.73591e-17  0.841082  9.94408e-18  2.56165e-17  3.31864e-11  6.84744e-17  1.29886e-17  4.50952e-17  3.33078e-17  4.31293e-17  9.78887e-10  4.96068e-17  3.00314e-17  1.87607e-17  6.3513e-16  6.37867e-17  1.37804e-17  6.08714e-17  4.57072e-17  3.35327e-17  1.8733e-17  2.73591e-17  
0.83566  2.04244e-18  1.41632e-16  3.91628e-11  6.19691e-17  2.08639e-17  4.47681e-17  9.25059e-17  8.291e-17  1.5637e-10  1.97559e-16  5.93129e-17  1.2831e-18  7.77539e-16  4.65394e-17  4.28686e-17  7.29217e-17  3.32168e-17  5.81153e-17  3.21777e-17  4.78023e-17  0.83566  2.04244e-18  1.41632e-16  3.91628e-11  6.19691e-17  2.08639e-17  4.47681e-17  9.25059e-17  8.291e-17  1.5637e-10  1.97559e-16  5.93129e-17  1.2831e-18  7.77539e-16  4.65394e-17  4.28686e-17  7.29217e-17  3.32168e-17  5.81153e-17  3.21777e-17  4.78023e-17  
0.83119  2.33327e-17  4.10451e-17  1.14788e-11  8.06882e-18  2.83708e-17  3.02998e-17  5.28154e-17  4.68181e-17  3.86254e-11  3.72237e-17  3.56647e-17  1.88631e-17  0  4.3949e-17  2.23208e-17  3.18804e-17  1.61988e-17  8.26068e-17  5.9533e-17  4.94902e-17  0.83119  2.33327e-17  4.10451e-17  1.14788e-11  8.06882e-18  2.83708e-17  3.02998e-17  5.28154e-17  4.68181e-17  3.86254e-11  3.72237e-17  3.56647e-17  1.88631e-17  0  4.3949e-17  2.23208e-17  3.18804e-17  1.61988e-17  8.26068e-17  5.9533e-17  4.94902e-17  
0.827267  4.89406e-19  1.07625e-18  3.5415e-13  3.08625e-17  8.75561e-19  2.33161e-17  2.77894e-17  3.02507e-18  1.96311e-12  0  1.92128e-17  2.39717e-17  0  0  3.35927e-17  6.21548e-18  6.27606e-18  1.0962e-18  2.73849e-19  3.69148e-17  0.827267  4.89406e-19  1.07625e-18  3.5415e-13  3.08625e-17  8.75561e-19  2.33161e-17  2.77894e-17  3.02507e-18  1.96311e-12  0  1.92128e-17  2.39717e-17  0  0  3.35927e-17  6.21548e-18  6.27606e-18  1.0962e-18  2.73849e-19  3.69148e-17  
0.823704  2.23991e-17  1.49383e-17  2.92017e-12  0  6.23901e-17  3.2516e-19  4.64686e-18  1.90998e-17  1.51432e-11  1.37701e-17  1.85873e-17  1.00788e-17  6.78157e-17  1.68701e-17  4.93722e-18  1.59589e-17  3.53609e-17  8.12712e-18  1.47009e-17  1.69676e-17  0.823704  2.23991e-17  1.49383e-17  2.92017e-12  0  6.23901e-17  3.2516e-19  4.64686e-18  1.90998e-17  1.51432e-11  1.37701e-17  1.85873e-17  1.00788e-17  6.78157e-17  1.68701e-17  4.93722e-18  1.59589e-17  3.53609e-17  8.12712e-18  1.47009e-17  1.69676e-17  
0.820401  4.80012e-18  3.0882e-17  5.25567e-12  2.34186e-17  2.98691e-17  3.14424e-18  1.47523e-17  4.96977e-17  1.86049e-10  0  1.41653e-17  1.71639e-18  6.04458e-16  3.54996e-17  2.46281e-18  5.7367e-17  2.98234e-17  4.83723e-17  2.45996e-18  7.05351e-18  0.820401  4.80012e-18  3.0882e-17  5.25567e-12  2.34186e-17  2.98691e-17  3.14424e-18  1.47523e-17  4.96977e-17  1.86049e-10  0  1.41653e-17  1.71639e-18  6.04458e-16  3.54996e-17  2.46281e-18  5.7367e-17  2.98234e-17  4.83723e-17  2.45996e-18  7.05351e-18  
0.817293  6.29396e-18  1.31116e-17  2.38325e-12  3.19528e-18  3.98676e-17  1.56064e-17  2.58476e-17  2.93289e-17  2.6839e-10  1.83855e-17  2.53822e-17  5.19961e-17  0  1.86439e-17  2.06894e-17  3.01936e-17  1.67984e-17  1.53553e-17  2.68474e-17  4.10801e-17  0.817293  6.29396e-18  1.31116e-17  2.38325e-12  3.19528e-18  3.98676e-17  1.56064e-17  2.58476e-17  2.93289e-17  2.6839e-10  1.83855e-17  2.53822e-17  5.19961e-17  0  1.86439e-17  2.06894e-17  3.01936e-17  1.67984e-17  1.53553e-17  2.68474e-17  4.10801e-17  
0.814337  1.84778e-18  1.61564e-17  1.81813e-10  7.08681e-19  2.51702e-18  0  4.16963e-18  1.44804e-17  2.25059e-11  2.86305e-18  2.93277e-18  3.47516e-17  4.75471e-16  2.91597e-18  2.50635e-18  0  0  3.09145e-17  6.42649e-18  3.43241e-18  0.814337  1.84778e-18  1.61564e-17  1.81813e-10  7.08681e-19  2.51702e-18  0  4.16963e-18  1.44804e-17  2.25059e-11  2.86305e-18  2.93277e-18  3.47516e-17  4.75471e-16  2.91597e-18  2.50635e-18  0  0  3.09145e-17  6.42649e-18  3.43241e-18  
0.811502  3.06727e-17  3.44305e-19  5.70825e-12  0  3.14248e-17  1.33405e-20  1.55941e-17  2.06978e-17  9.66293e-10  0  0  4.88037e-17  2.15581e-16  1.8265e-17  2.17367e-17  0  2.23345e-17  1.77216e-17  4.2054e-18  3.69828e-17  0.811502  3.06727e-17  3.44305e-19  5.70825e-12  0  3.14248e-17  1.33405e-20  1.55941e-17  2.06978e-17  9.66293e-10  0  0  4.88037e-17  2.15581e-16  1.8265e-17  2.17367e-17  0  2.23345e-17  1.77216e-17  4.2054e-18  3.69828e-17  
0.808765  1.36687e-17  1.9428e-17  9.61058e-12  2.87706e-17  2.13252e-17  3.24539e-17  1.76939e-17  3.09196e-20  5.71909e-11  3.65087e-19  2.18614e-17  3.35088e-17  1.50655e-16  1.15979e-17  4.59703e-17  3.93529e-17  3.8691e-17  5.62692e-18  1.8129e-17  3.13245e-17  0.808765  1.36687e-17  1.9428e-17  9.61058e-12  2.87706e-17  2.13252e-17  3.24539e-17  1.76939e-17  3.09196e-20  5.71909e-11  3.65087e-19  2.18614e-17  3.35088e-17  1.50655e-16  1.15979e-17  4.59703e-17  3.93529e-17  3.8691e-17  5.62692e-18  1.8129e-17  3.13245e-17  
0.806108  8.55003e-19  4.89812e-19  0  9.26526e-19  2.45306e-19  3.86861e-20  2.19844e-18  0  0  1.96695e-19  0  7.75389e-19  1.94012e-19  0  0  9.57885e-19  8.0095e-19  2.28826e-19  0  1.22951e-18  0.806108  8.55003e-19  4.89812e-19  0  9.26526e-19  2.45306e-19  3.86861e-20  2.19844e-18  0  0  1.96695e-19  0  7.75389e-19  1.94012e-19  0  0  9.57885e-19  8.0095e-19  2.28826e-19  0  1.22951e-18  
0.803519  1.9121e-17  1.45372e-18  1.14669e-11  4.61934e-17  1.76851e-17  2.78917e-17  1.4635e-17  2.64421e-17  1.00257e-09  3.61452e-17  1.17179e-17  1.50898e-17  2.81483e-17  1.55447e-17  1.31659e-17  3.45357e-18  4.42592e-17  2.34261e-17  2.38458e-17  3.6985e-17  0.803519  1.9121e-17  1.45372e-18  1.14669e-11  4.61934e-17  1.76851e-17  2.78917e-17  1.4635e-17  2.64421e-17  1.00257e-09  3.61452e-17  1.17179e-17  1.50898e-17  2.81483e-17  1.55447e-17  1.31659e-17  3.45357e-18  4.42592e-17  2.34261e-17  2.38458e-17  3.6985e-17  
0.800984  2.38498e-17  7.46457e-17  2.61039e-12  1.63362e-17  2.88353e-17  4.91166e-17  2.53982e-17  4.64544e-17  3.0757e-11  8.29995e-17  1.87439e-17  5.42129e-17  4.22697e-17  3.50725e-17  3.02896e-17  9.47905e-18  5.65904e-17  1.48443e-17  2.63766e-17  2.09683e-17  0.800984  2.38498e-17  7.46457e-17  2.61039e-12  1.63362e-17  2.88353e-17  4.91166e-17  2.53982e-17  4.64544e-17  3.0757e-11  8.29995e-17  1.87439e-17  5.42129e-17  4.22697e-17  3.50725e-17  3.02896e-17  9.47905e-18  5.65904e-17  1.48443e-17  2.63766e-17  2.09683e-17  
0.798496  1.19397e-17  5.45793e-17  1.94842e-13  7.1907e-18  4.74056e-17  3.62045e-17  5.44506e-17  1.53688e-17  6.47651e-10  9.98917e-18  7.09481e-18  3.06356e-18  4.07405e-16  2.42051e-17  4.35165e-17  7.10105e-17  2.38516e-17  5.55729e-17  9.80827e-18  2.33489e-17  0.798496  1.19397e-17  5.45793e-17  1.94842e-13  7.1907e-18  4.74056e-17  3.62045e-17  5.44506e-17  1.53688e-17  6.47651e-10  9.98917e-18  7.09481e-18  3.06356e-18  4.07405e-16  2.42051e-17  4.35165e-17  7.10105e-17  2.38516e-17  5.55729e-17  9.80827e-18  2.33489e-17  
0.796045  4.47089e-17  8.3732e-17  2.37711e-11  8.94384e-17  5.90951e-17  3.82396e-17  4.35771e-17  2.7862e-17  2.84794e-10  7.29774e-17  4.26003e-17  1.16575e-17  4.05096e-16  6.21676e-17  1.53523e-17  1.14788e-17  5.86143e-17  4.97198e-18  1.24759e-17  6.27493e-17  0.796045  4.47089e-17  8.3732e-17  2.37711e-11  8.94384e-17  5.90951e-17  3.82396e-17  4.35771e-17  2.7862e-17  2.84794e-10  7.29774e-17  4.26003e-17  1.16575e-17  4.05096e-16  6.21676e-17  1.53523e-17  1.14788e-17  5.86143e-17  4.97198e-18  1.24759e-17  6.27493e-17  
0.793626  1.0016e-17  0  3.467e-13  4.18027e-17  0  2.64107e-17  6.68052e-17  4.86701e-17  2.26177e-10  6.33823e-17  4.64125e-17  1.74454e-17  5.82898e-16  7.62499e-17  6.1012e-17  0  7.01782e-17  3.53624e-17  7.02627e-17  3.82679e-17  0.793626  1.0016e-17  0  3.467e-13  4.18027e-17  0  2.64107e-17  6.68052e-17  4.86701e-17  2.26177e-10  6.33823e-17  4.64125e-17  1.74454e-17  5.82898e-16  7.62499e-17  6.1012e-17  0  7.01782e-17  3.53624e-17  7.02627e-17  3.82679e-17  
0.791232  1.63969e-17  2.4707e-17  2.80986e-11  4.9389e-18  1.01048e-18  0  2.84948e-17  3.02769e-17  9.40279e-11  1.64951e-18  9.67971e-18  1.36494e-17  4.54751e-16  2.6094e-17  3.16917e-18  5.37396e-17  5.25985e-17  6.04944e-17  4.07339e-17  9.25628e-19  0.791232  1.63969e-17  2.4707e-17  2.80986e-11  4.9389e-18  1.01048e-18  0  2.84948e-17  3.02769e-17  9.40279e-11  1.64951e-18  9.67971e-18  1.36494e-17  4.54751e-16  2.6094e-17  3.16917e-18  5.37396e-17  5.25985e-17  6.04944e-17  4.07339e-17  9.25628e-19  
0.788858  5.51504e-18  7.21934e-17  5.80246e-11  2.75024e-18  5.39853e-19  3.95936e-17  1.06942e-16  5.71131e-17  2.99206e-10  1.35221e-16  7.07753e-17  2.09947e-17  3.32852e-17  5.48471e-17  1.31257e-16  3.41844e-17  1.00515e-16  1.39059e-17  5.43067e-17  4.61154e-17  0.788858  5.51504e-18  7.21934e-17  5.80246e-11  2.75024e-18  5.39853e-19  3.95936e-17  1.06942e-16  5.71131e-17  2.99206e-10  1.35221e-16  7.07753e-17  2.09947e-17  3.32852e-17  5.48471e-17  1.31257e-16  3.41844e-17  1.00515e-16  1.39059e-17  5.43067e-17  4.61154e-17  
0.786501  1.29384e-17  0  0  0  7.71839e-18  2.35037e-17  1.57357e-18  5.37573e-17  5.18014e-10  6.61487e-18  4.73718e-17  1.86056e-17  3.70692e-18  1.35844e-17  3.64804e-18  4.79452e-17  4.51309e-17  4.06948e-18  2.70531e-17  7.91598e-18  0.786501  1.29384e-17  0  0  0  7.71839e-18  2.35037e-17  1.57357e-18  5.37573e-17  5.18014e-10  6.61487e-18  4.73718e-17  1.86056e-17  3.70692e-18  1.35844e-17  3.64804e-18  4.79452e-17  4.51309e-17  4.06948e-18  2.70531e-17  7.91598e-18  
0.784154  1.80288e-17  0  3.73897e-12  1.13572e-18  2.37718e-17  1.68653e-17  4.24261e-18  2.21807e-18  5.7679e-11  1.70902e-17  1.34101e-17  3.3991e-17  4.07759e-16  3.04986e-17  4.44083e-17  0  1.82338e-18  8.31205e-18  2.36471e-17  2.77898e-17  0.784154  1.80288e-17  0  3.73897e-12  1.13572e-18  2.37718e-17  1.68653e-17  4.24261e-18  2.21807e-18  5.7679e-11  1.70902e-17  1.34101e-17  3.3991e-17  4.07759e-16  3.04986e-17  4.44083e-17  0  1.82338e-18  8.31205e-18  2.36471e-17  2.77898e-17  
0.781816  9.46975e-18  3.20308e-17  9.15483e-12  1.32038e-17  3.98431e-17  1.64022e-17  4.55264e-18  7.49923e-18  0  8.12977e-18  6.26466e-18  5.44105e-17  1.12085e-15  7.75507e-18  1.22659e-17  3.40528e-17  2.02178e-17  7.77119e-18  2.56346e-17  1.65201e-17  0.781816  9.46975e-18  3.20308e-17  9.15483e-12  1.32038e-17  3.98431e-17  1.64022e-17  4.55264e-18  7.49923e-18  0  8.12977e-18  6.26466e-18  5.44105e-17  1.12085e-15  7.75507e-18  1.22659e-17  3.40528e-17  2.02178e-17  7.77119e-18  2.56346e-17  1.65201e-17  
0.779481  1.41684e-17  1.95999e-18  1.41628e-11  0  0  0  3.31259e-17  5.94507e-18  0  9.03004e-18  1.15263e-17  2.03937e-17  6.91771e-17  5.21348e-18  2.32341e-17  8.39003e-19  1.16145e-19  2.13526e-17  3.52981e-17  1.28381e-17  0.779481  1.41684e-17  1.95999e-18  1.41628e-11  0  0  0  3.31259e-17  5.94507e-18  0  9.03004e-18  1.15263e-17  2.03937e-17  6.91771e-17  5.21348e-18  2.32341e-17  8.39003e-19  1.16145e-19  2.13526e-17  3.52981e-17  1.28381e-17  
0.777147  3.37973e-17  4.10524e-17  3.16599e-12  2.30367e-17  3.14593e-17  3.52049e-17  5.67241e-17  3.00411e-17  1.63668e-10  0  2.6379e-17  1.08626e-17  0  4.44614e-17  6.1954e-17  3.28844e-17  3.03707e-17  3.75469e-18  1.60376e-17  6.51313e-17  0.777147  3.37973e-17  4.10524e-17  3.16599e-12  2.30367e-17  3.14593e-17  3.52049e-17  5.67241e-17  3.00411e-17  1.63668e-10  0  2.6379e-17  1.08626e-17  0  4.44614e-17  6.1954e-17  3.28844e-17  3.03707e-17  3.75469e-18  1.60376e-17  6.51313e-17  
0.774811  3.98664e-17  4.07257e-17  6.61348e-12  1.38663e-17  1.05586e-17  2.07628e-17  1.00662e-17  9.98393e-18  3.9829e-10  1.52646e-17  1.0504e-17  9.28591e-18  0  5.07418e-18  1.1615e-17  4.74817e-17  4.20005e-17  4.56643e-17  0  3.83018e-17  0.774811  3.98664e-17  4.07257e-17  6.61348e-12  1.38663e-17  1.05586e-17  2.07628e-17  1.00662e-17  9.98393e-18  3.9829e-10  1.52646e-17  1.0504e-17  9.28591e-18  0  5.07418e-18  1.1615e-17  4.74817e-17  4.20005e-17  4.56643e-17  0  3.83018e-17  
0.77247  5.21836e-17  2.86072e-17  3.21811e-12  3.35054e-17  2.07984e-17  2.65784e-17  5.08064e-17  3.95826e-17  3.1182e-10  1.17261e-17  4.25751e-17  3.30783e-18  1.16613e-16  5.13392e-17  5.4513e-17  3.13802e-17  5.33699e-18  4.18175e-17  3.00043e-17  1.38944e-17  0.77247  5.21836e-17  2.86072e-17  3.21811e-12  3.35054e-17  2.07984e-17  2.65784e-17  5.08064e-17  3.95826e-17  3.1182e-10  1.17261e-17  4.25751e-17  3.30783e-18  1.16613e-16  5.13392e-17  5.4513e-17  3.13802e-17  5.33699e-18  4.18175e-17  3.00043e-17  1.38944e-17  
0.770121  1.41437e-17  3.3738e-17  1.68529e-11  1.51866e-17  2.52333e-17  1.50954e-17  1.29596e-17  1.01896e-17  0  2.42536e-17  2.14704e-17  1.52303e-17  3.17513e-16  5.7722e-17  2.3969e-17  3.95164e-17  3.72428e-17  1.3483e-17  8.48343e-19  2.19832e-17  0.770121  1.41437e-17  3.3738e-17  1.68529e-11  1.51866e-17  2.52333e-17  1.50954e-17  1.29596e-17  1.01896e-17  0  2.42536e-17  2.14704e-17  1.52303e-17  3.17513e-16  5.7722e-17  2.3969e-17  3.95164e-17  3.72428e-17  1.3483e-17  8.48343e-19  2.19832e-17  
0.767761  3.76473e-17  1.03256e-17  4.14809e-12  2.16017e-17  0  1.34083e-17  2.13411e-17  8.33658e-18  4.91657e-10  9.81175e-18  4.93802e-17  7.99498e-18  2.68763e-17  3.09132e-17  4.49215e-18  1.74226e-18  4.91504e-18  2.34075e-19  0  0  0.767761  3.76473e-17  1.03256e-17  4.14809e-12  2.16017e-17  0  1.34083e-17  2.13411e-17  8.33658e-18  4.91657e-10  9.81175e-18  4.93802e-17  7.99498e-18  2.68763e-17  3.09132e-17  4.49215e-18  1.74226e-18  4.91504e-18  2.34075e-19  0  0  
0.765388  2.20978e-17  3.95145e-17  1.58111e-11  1.85348e-17  4.49858e-17  2.07184e-17  5.01611e-17  3.56659e-17  4.71871e-10  5.1029e-17  2.31231e-17  1.16468e-18  6.8186e-16  1.37728e-17  1.3487e-17  3.86847e-17  8.08413e-18  3.69264e-17  3.49864e-17  4.53365e-18  0.765388  2.20978e-17  3.95145e-17  1.58111e-11  1.85348e-17  4.49858e-17  2.07184e-17  5.01611e-17  3.56659e-17  4.71871e-10  5.1029e-17  2.31231e-17  1.16468e-18  6.8186e-16  1.37728e-17  1.3487e-17  3.86847e-17  8.08413e-18  3.69264e-17  3.49864e-17  4.53365e-18  
0.762998  0  0  0  3.9997e-18  1.19811e-18  0  0  3.62006e-17  2.42512e-11  1.88877e-17  1.18275e-17  1.21255e-17  1.13835e-17  5.96377e-18  7.27972e-19  2.15143e-18  1.23523e-18  1.55237e-18  4.14263e-18  1.06552e-19  0.762998  0  0  0  3.9997e-18  1.19811e-18  0  0  3.62006e-17  2.42512e-11  1.88877e-17  1.18275e-17  1.21255e-17  1.13835e-17  5.96377e-18  7.27972e-19  2.15143e-18  1.23523e-18  1.55237e-18  4.14263e-18  1.06552e-19  
0.76059  2.57726e-17  2.17986e-18  8.52532e-12  0  3.89785e-17  2.65504e-17  2.25336e-17  0  1.27922e-09  2.5184e-17  0  1.42014e-17  2.63774e-16  0  3.68332e-17  1.43628e-18  8.13783e-18  5.0709e-18  8.33314e-18  1.0786e-19  0.76059  2.57726e-17  2.17986e-18  8.52532e-12  0  3.89785e-17  2.65504e-17  2.25336e-17  0  1.27922e-09  2.5184e-17  0  1.42014e-17  2.63774e-16  0  3.68332e-17  1.43628e-18  8.13783e-18  5.0709e-18  8.33314e-18  1.0786e-19  
0.75816  4.18672e-17  1.44526e-17  8.52039e-12  0  0  0  1.77311e-18  2.99756e-18  6.73042e-11  0  0  5.96974e-17  2.70045e-16  0  1.36156e-18  4.05451e-17  4.81086e-18  9.32218e-18  5.15022e-18  5.01963e-18  0.75816  4.18672e-17  1.44526e-17  8.52039e-12  0  0  0  1.77311e-18  2.99756e-18  6.73042e-11  0  0  5.96974e-17  2.70045e-16  0  1.36156e-18  4.05451e-17  4.81086e-18  9.32218e-18  5.15022e-18  5.01963e-18  
0.755707  5.35566e-17  5.39603e-17  1.21706e-11  1.23631e-17  6.61143e-17  5.88013e-17  1.61606e-18  4.60371e-17  1.5045e-10  3.78551e-17  2.48973e-17  1.3598e-17  4.63215e-16  2.66601e-17  5.82159e-17  4.71384e-17  2.52231e-17  1.28738e-17  2.52865e-17  4.90996e-18  0.755707  5.35566e-17  5.39603e-17  1.21706e-11  1.23631e-17  6.61143e-17  5.88013e-17  1.61606e-18  4.60371e-17  1.5045e-10  3.78551e-17  2.48973e-17  1.3598e-17  4.63215e-16  2.66601e-17  5.82159e-17  4.71384e-17  2.52231e-17  1.28738e-17  2.52865e-17  4.90996e-18  
0.753226  1.32454e-17  1.55755e-17  3.26517e-11  8.34602e-18  2.6966e-17  2.20398e-17  3.10233e-17  4.47199e-17  5.02001e-11  5.71938e-17  6.20316e-18  1.82558e-18  6.59339e-16  1.3295e-17  2.82113e-18  3.39804e-18  2.14684e-17  1.25001e-17  5.61247e-18  3.05687e-17  0.753226  1.32454e-17  1.55755e-17  3.26517e-11  8.34602e-18  2.6966e-17  2.20398e-17  3.10233e-17  4.47199e-17  5.02001e-11  5.71938e-17  6.20316e-18  1.82558e-18  6.59339e-16  1.3295e-17  2.82113e-18  3.39804e-18  2.14684e-17  1.25001e-17  5.61247e-18  3.05687e-17  
0.750717  2.92201e-18  8.58871e-18  7.20804e-12  1.16949e-17  3.08229e-17  6.52532e-18  3.48573e-17  1.03886e-18  1.27299e-10  1.72804e-17  3.57859e-17  6.25068e-17  1.3977e-16  1.99435e-17  5.9919e-17  7.35747e-18  1.18687e-17  1.25727e-17  4.04447e-17  1.61837e-17  0.750717  2.92201e-18  8.58871e-18  7.20804e-12  1.16949e-17  3.08229e-17  6.52532e-18  3.48573e-17  1.03886e-18  1.27299e-10  1.72804e-17  3.57859e-17  6.25068e-17  1.3977e-16  1.99435e-17  5.9919e-17  7.35747e-18  1.18687e-17  1.25727e-17  4.04447e-17  1.61837e-17  
0.748174  0  0  0  0  3.25884e-19  0  0  0  0  0  0  0  0  0  3.09898e-19  0  0  0  0  0  0.748174  0  0  0  0  3.25884e-19  0  0  0  0  0  0  0  0  0  3.09898e-19  0  0  0  0  0  
0.745597  4.94509e-17  1.77029e-17  6.3333e-12  1.90421e-17  5.13478e-17  3.80109e-17  5.82803e-17  4.77499e-17  3.67847e-11  2.79366e-17  1.44196e-17  4.02498e-17  3.6482e-16  2.99557e-17  1.19728e-16  5.09136e-17  4.13311e-17  3.78823e-17  2.15986e-17  3.97238e-17  0.745597  4.94509e-17  1.77029e-17  6.3333e-12  1.90421e-17  5.13478e-17  3.80109e-17  5.82803e-17  4.77499e-17  3.67847e-11  2.79366e-17  1.44196e-17  4.02498e-17  3.6482e-16  2.99557e-17  1.19728e-16  5.09136e-17  4.13311e-17  3.78823e-17  2.15986e-17  3.97238e-17  
0.742981  7.05041e-17  2.92861e-17  2.63735e-11  2.70961e-17  9.34661e-17  2.84778e-17  3.17606e-17  3.06954e-17  3.29121e-11  7.92092e-17  1.80621e-17  5.80774e-17  2.68683e-15  3.48703e-17  3.49859e-17  1.04572e-17  4.12723e-17  1.01939e-17  1.01046e-17  8.31589e-17  0.742981  7.05041e-17  2.92861e-17  2.63735e-11  2.70961e-17  9.34661e-17  2.84778e-17  3.17606e-17  3.06954e-17  3.29121e-11  7.92092e-17  1.80621e-17  5.80774e-17  2.68683e-15  3.48703e-17  3.49859e-17  1.04572e-17  4.12723e-17  1.01939e-17  1.01046e-17  8.31589e-17  
0.740324  0  4.53754e-17  2.78734e-11  1.08479e-16  1.07874e-16  6.0472e-17  4.77357e-17  3.72084e-17  0  2.99805e-17  3.99477e-17  0  1.62814e-15  2.24335e-19  2.10237e-17  1.95333e-18  9.85143e-17  4.23685e-17  2.71904e-17  5.95928e-17  0.740324  0  4.53754e-17  2.78734e-11  1.08479e-16  1.07874e-16  6.0472e-17  4.77357e-17  3.72084e-17  0  2.99805e-17  3.99477e-17  0  1.62814e-15  2.24335e-19  2.10237e-17  1.95333e-18  9.85143e-17  4.23685e-17  2.71904e-17  5.95928e-17  
0.737622  2.30376e-17  4.23156e-17  5.36186e-12  1.01182e-17  3.13024e-17  0  1.09075e-18  3.98665e-17  0  6.81988e-17  2.47985e-17  1.34526e-17  1.09882e-16  5.50159e-18  1.79724e-17  8.59714e-18  9.53863e-18  5.47195e-17  1.42635e-17  2.4279e-17  0.737622  2.30376e-17  4.23156e-17  5.36186e-12  1.01182e-17  3.13024e-17  0  1.09075e-18  3.98665e-17  0  6.81988e-17  2.47985e-17  1.34526e-17  1.09882e-16  5.50159e-18  1.79724e-17  8.59714e-18  9.53863e-18  5.47195e-17  1.42635e-17  2.4279e-17  
0.734872  5.44846e-17  1.82795e-17  1.77254e-12  1.65678e-17  9.37221e-17  4.06716e-17  7.15527e-19  5.35998e-17  6.25269e-10  1.86007e-17  3.59017e-17  3.9709e-17  2.9338e-15  7.09375e-17  3.01939e-17  4.4756e-17  4.12919e-17  5.24347e-17  4.44909e-17  4.47567e-17  0.734872  5.44846e-17  1.82795e-17  1.77254e-12  1.65678e-17  9.37221e-17  4.06716e-17  7.15527e-19  5.35998e-17  6.25269e-10  1.86007e-17  3.59017e-17  3.9709e-17  2.9338e-15  7.09375e-17  3.01939e-17  4.4756e-17  4.12919e-17  5.24347e-17  4.44909e-17  4.47567e-17  
0.732069  0  4.57546e-17  2.08568e-11  3.8119e-17  9.46932e-18  2.29804e-17  1.14041e-18  7.69874e-17  5.94573e-11  1.43132e-16  5.88135e-17  2.25436e-17  1.5136e-16  4.24471e-17  0  1.58192e-17  5.79761e-17  8.60002e-17  6.97587e-17  3.56235e-17  0.732069  0  4.57546e-17  2.08568e-11  3.8119e-17  9.46932e-18  2.29804e-17  1.14041e-18  7.69874e-17  5.94573e-11  1.43132e-16  5.88135e-17  2.25436e-17  1.5136e-16  4.24471e-17  0  1.58192e-17  5.79761e-17  8.60002e-17  6.97587e-17  3.56235e-17  
0.729211  1.62165e-17  5.38959e-18  2.28997e-12  0  4.08624e-18  6.00658e-18  1.83013e-17  6.63348e-18  3.20401e-11  2.29694e-17  4.07523e-18  2.25763e-18  1.10475e-16  3.66158e-17  5.16296e-19  1.54013e-18  5.55304e-18  1.85336e-17  1.05663e-18  4.83024e-18  0.729211  1.62165e-17  5.38959e-18  2.28997e-12  0  4.08624e-18  6.00658e-18  1.83013e-17  6.63348e-18  3.20401e-11  2.29694e-17  4.07523e-18  2.25763e-18  1.10475e-16  3.66158e-17  5.16296e-19  1.54013e-18  5.55304e-18  1.85336e-17  1.05663e-18  4.83024e-18  
0.726292  8.02849e-18  3.87972e-18  1.77333e-11  2.6071e-17  4.43622e-17  1.77248e-17  1.44663e-17  3.13488e-17  3.20162e-10  8.61296e-17  2.62833e-17  2.29798e-17  7.27357e-17  1.13587e-17  2.69126e-17  3.53599e-18  1.77793e-17  2.15168e-17  3.40559e-17  1.7727e-18  0.726292  8.02849e-18  3.87972e-18  1.77333e-11  2.6071e-17  4.43622e-17  1.77248e-17  1.44663e-17  3.13488e-17  3.20162e-10  8.61296e-17  2.62833e-17  2.29798e-17  7.27357e-17  1.13587e-17  2.69126e-17  3.53599e-18  1.77793e-17  2.15168e-17  3.40559e-17  1.7727e-18  
0.723309  3.26166e-17  1.45905e-17  6.51359e-12  2.9767e-17  4.00772e-17  2.42171e-17  8.36396e-18  2.38472e-17  2.94808e-10  4.53373e-17  4.67262e-18  6.13761e-18  0  2.60027e-17  2.48705e-19  2.70844e-17  6.30127e-18  0  1.51067e-18  5.30986e-17  0.723309  3.26166e-17  1.45905e-17  6.51359e-12  2.9767e-17  4.00772e-17  2.42171e-17  8.36396e-18  2.38472e-17  2.94808e-10  4.53373e-17  4.67262e-18  6.13761e-18  0  2.60027e-17  2.48705e-19  2.70844e-17  6.30127e-18  0  1.51067e-18  5.30986e-17  
0.720257  2.45196e-17  4.4015e-17  2.95121e-12  2.80535e-17  3.89851e-17  8.23169e-18  5.93445e-17  4.24137e-17  2.44269e-10  1.97282e-17  5.23602e-18  0  7.95489e-16  3.18107e-17  2.59395e-17  3.6067e-17  1.13725e-17  1.98484e-18  1.86507e-18  9.72342e-18  0.720257  2.45196e-17  4.4015e-17  2.95121e-12  2.80535e-17  3.89851e-17  8.23169e-18  5.93445e-17  4.24137e-17  2.44269e-10  1.97282e-17  5.23602e-18  0  7.95489e-16  3.18107e-17  2.59395e-17  3.6067e-17  1.13725e-17  1.98484e-18  1.86507e-18  9.72342e-18  
0.71713  4.67844e-17  6.38296e-18  1.90393e-11  1.48076e-17  2.54809e-17  1.58808e-17  0  0  0  0  2.92244e-17  2.70517e-17  9.75865e-16  3.60949e-18  0  0  6.23419e-18  2.14749e-17  3.14428e-17  0  0.71713  4.67844e-17  6.38296e-18  1.90393e-11  1.48076e-17  2.54809e-17  1.58808e-17  0  0  0  0  2.92244e-17  2.70517e-17  9.75865e-16  3.60949e-18  0  0  6.23419e-18  2.14749e-17  3.14428e-17  0  
0.713923  4.91086e-18  8.43175e-18  1.94101e-11  5.90834e-18  1.05008e-18  3.86859e-17  3.67408e-17  1.14396e-17  7.32464e-11  2.76135e-17  1.09063e-17  1.20825e-17  3.78017e-17  3.67333e-17  1.77618e-17  1.43158e-17  1.25942e-17  3.74045e-17  1.83171e-17  3.13113e-17  0.713923  4.91086e-18  8.43175e-18  1.94101e-11  5.90834e-18  1.05008e-18  3.86859e-17  3.67408e-17  1.14396e-17  7.32464e-11  2.76135e-17  1.09063e-17  1.20825e-17  3.78017e-17  3.67333e-17  1.77618e-17  1.43158e-17  1.25942e-17  3.74045e-17  1.83171e-17  3.13113e-17  
0.71063  2.92641e-17  1.41251e-17  9.12506e-13  3.45167e-17  1.28985e-17  1.13112e-17  6.88361e-17  1.68194e-18  1.74032e-10  5.78505e-20  5.5036e-17  2.65058e-17  4.57382e-18  4.62037e-18  5.84678e-19  3.99988e-17  4.12375e-17  2.55003e-17  1.00919e-17  1.54421e-19  0.71063  2.92641e-17  1.41251e-17  9.12506e-13  3.45167e-17  1.28985e-17  1.13112e-17  6.88361e-17  1.68194e-18  1.74032e-10  5.78505e-20  5.5036e-17  2.65058e-17  4.57382e-18  4.62037e-18  5.84678e-19  3.99988e-17  4.12375e-17  2.55003e-17  1.00919e-17  1.54421e-19  
0.707244  1.48436e-17  2.62826e-17  2.33471e-12  2.82229e-17  1.86356e-18  5.42084e-19  4.50339e-17  6.69701e-19  1.81757e-10  4.60759e-18  1.40325e-17  4.04535e-19  7.26924e-17  4.24074e-18  2.12428e-17  4.11732e-17  1.1195e-17  2.92776e-17  1.85235e-17  1.55246e-17  0.707244  1.48436e-17  2.62826e-17  2.33471e-12  2.82229e-17  1.86356e-18  5.42084e-19  4.50339e-17  6.69701e-19  1.81757e-10  4.60759e-18  1.40325e-17  4.04535e-19  7.26924e-17  4.24074e-18  2.12428e-17  4.11732e-17  1.1195e-17  2.92776e-17  1.85235e-17  1.55246e-17  
0.703757  1.24561e-17  3.15371e-17  8.64352e-13  2.59641e-17  4.35816e-17  3.31483e-17  3.58555e-17  4.90252e-17  3.28992e-11  7.57081e-18  2.11625e-19  6.5293e-19  0  1.8828e-19  1.04231e-17  2.78952e-17  1.90289e-17  3.58111e-18  9.75163e-18  2.24831e-19  0.703757  1.24561e-17  3.15371e-17  8.64352e-13  2.59641e-17  4.35816e-17  3.31483e-17  3.58555e-17  4.90252e-17  3.28992e-11  7.57081e-18  2.11625e-19  6.5293e-19  0  1.8828e-19  1.04231e-17  2.78952e-17  1.90289e-17  3.58111e-18  9.75163e-18  2.24831e-19  
0.700163  1.44619e-17  1.41588e-17  0  0  3.38165e-17  1.09704e-18  7.33505e-18  6.44339e-17  1.63102e-10  8.22671e-18  1.39616e-17  1.04642e-17  2.10499e-16  0  4.69021e-17  3.8146e-17  2.22319e-19  3.7972e-17  2.14345e-17  8.52011e-18  0.700163  1.44619e-17  1.41588e-17  0  0  3.38165e-17  1.09704e-18  7.33505e-18  6.44339e-17  1.63102e-10  8.22671e-18  1.39616e-17  1.04642e-17  2.10499e-16  0  4.69021e-17  3.8146e-17  2.22319e-19  3.7972e-17  2.14345e-17  8.52011e-18  
0.696452  2.07229e-17  2.36719e-17  1.62948e-12  0  4.47849e-17  2.68132e-18  6.78457e-17  4.59761e-18  4.66586e-10  0  1.30291e-17  1.08739e-17  5.35802e-16  2.93163e-17  2.34194e-17  1.28165e-17  4.11997e-17  2.80774e-17  2.29935e-17  0  0.696452  2.07229e-17  2.36719e-17  1.62948e-12  0  4.47849e-17  2.68132e-18  6.78457e-17  4.59761e-18  4.66586e-10  0  1.30291e-17  1.08739e-17  5.35802e-16  2.93163e-17  2.34194e-17  1.28165e-17  4.11997e-17  2.80774e-17  2.29935e-17  0  
0.692614  0  3.45215e-17  1.29289e-11  3.02617e-17  1.20422e-16  7.39832e-18  2.74316e-17  8.4474e-17  3.31692e-10  5.94826e-17  3.64074e-17  7.12886e-17  4.89599e-16  7.29703e-17  3.94775e-17  4.72823e-17  1.75293e-18  1.05314e-17  2.90728e-17  3.7182e-17  0.692614  0  3.45215e-17  1.29289e-11  3.02617e-17  1.20422e-16  7.39832e-18  2.74316e-17  8.4474e-17  3.31692e-10  5.94826e-17  3.64074e-17  7.12886e-17  4.89599e-16  7.29703e-17  3.94775e-17  4.72823e-17  1.75293e-18  1.05314e-17  2.90728e-17  3.7182e-17  
0.688638  3.57835e-17  5.58873e-18  1.28652e-11  1.30363e-17  1.59515e-18  5.71989e-17  3.11241e-17  0  1.66746e-10  0  1.86308e-17  7.98692e-19  3.63714e-16  2.03827e-17  6.81796e-17  1.52533e-17  2.01892e-17  3.01954e-17  0  4.09931e-17  0.688638  3.57835e-17  5.58873e-18  1.28652e-11  1.30363e-17  1.59515e-18  5.71989e-17  3.11241e-17  0  1.66746e-10  0  1.86308e-17  7.98692e-19  3.63714e-16  2.03827e-17  6.81796e-17  1.52533e-17  2.01892e-17  3.01954e-17  0  4.09931e-17  
0.684513  2.49641e-18  0  3.14841e-12  8.66452e-19  1.80656e-17  1.04866e-17  2.96672e-17  3.38698e-18  1.28902e-10  2.20812e-17  0  1.82783e-17  7.92469e-17  1.56731e-17  3.48171e-18  0  1.54244e-18  3.26821e-18  2.75143e-17  3.92433e-17  0.684513  2.49641e-18  0  3.14841e-12  8.66452e-19  1.80656e-17  1.04866e-17  2.96672e-17  3.38698e-18  1.28902e-10  2.20812e-17  0  1.82783e-17  7.92469e-17  1.56731e-17  3.48171e-18  0  1.54244e-18  3.26821e-18  2.75143e-17  3.92433e-17  
0.680224  1.73338e-17  1.31017e-17  3.88918e-12  1.74872e-17  9.20664e-18  6.51069e-18  1.94947e-17  7.10665e-18  9.29801e-11  1.91716e-17  2.3667e-17  9.18148e-18  5.91819e-17  3.99143e-17  1.59349e-17  3.69413e-18  5.47105e-17  6.57323e-17  2.14087e-17  6.1462e-17  0.680224  1.73338e-17  1.31017e-17  3.88918e-12  1.74872e-17  9.20664e-18  6.51069e-18  1.94947e-17  7.10665e-18  9.29801e-11  1.91716e-17  2.3667e-17  9.18148e-18  5.91819e-17  3.99143e-17  1.59349e-17  3.69413e-18  5.47105e-17  6.57323e-17  2.14087e-17  6.1462e-17  
0.675758  4.47033e-18  1.71551e-17  3.73435e-12  8.8165e-18  2.24713e-17  2.20587e-17  1.39341e-17  1.34983e-17  1.15987e-11  1.07894e-18  8.88716e-18  5.60447e-17  7.12236e-16  2.55071e-17  1.43069e-17  1.17926e-18  1.4039e-18  2.29775e-17  9.20797e-18  4.26455e-17  0.675758  4.47033e-18  1.71551e-17  3.73435e-12  8.8165e-18  2.24713e-17  2.20587e-17  1.39341e-17  1.34983e-17  1.15987e-11  1.07894e-18  8.88716e-18  5.60447e-17  7.12236e-16  2.55071e-17  1.43069e-17  1.17926e-18  1.4039e-18  2.29775e-17  9.20797e-18  4.26455e-17  
0.671095  6.49294e-17  1.85382e-17  7.59857e-12  4.96954e-17  2.29604e-17  5.61924e-17  3.32845e-17  4.88695e-17  5.34246e-10  3.4327e-17  3.89133e-18  2.30142e-17  1.07408e-15  2.89738e-17  6.82737e-17  3.58907e-17  2.55479e-17  1.55963e-17  2.00103e-17  3.83741e-17  0.671095  6.49294e-17  1.85382e-17  7.59857e-12  4.96954e-17  2.29604e-17  5.61924e-17  3.32845e-17  4.88695e-17  5.34246e-10  3.4327e-17  3.89133e-18  2.30142e-17  1.07408e-15  2.89738e-17  6.82737e-17  3.58907e-17  2.55479e-17  1.55963e-17  2.00103e-17  3.83741e-17  
0.666216  5.73016e-19  1.08644e-18  6.23397e-12  7.12474e-18  2.58832e-18  1.32585e-17  4.16303e-17  5.30398e-17  5.66877e-11  5.81615e-20  1.52612e-17  5.78685e-18  1.12238e-16  2.22442e-17  2.53608e-17  2.28092e-18  9.42153e-18  1.0072e-17  5.60821e-17  2.9313e-17  0.666216  5.73016e-19  1.08644e-18  6.23397e-12  7.12474e-18  2.58832e-18  1.32585e-17  4.16303e-17  5.30398e-17  5.66877e-11  5.81615e-20  1.52612e-17  5.78685e-18  1.12238e-16  2.22442e-17  2.53608e-17  2.28092e-18  9.42153e-18  1.0072e-17  5.60821e-17  2.9313e-17  
0.661099  3.73498e-18  0  0  6.12772e-19  0  0  0  0  0  1.51794e-19  4.27319e-18  8.24684e-19  4.11049e-18  1.61497e-20  2.13476e-19  0  0  4.50061e-19  4.37665e-18  0  0.661099  3.73498e-18  0  0  6.12772e-19  0  0  0  0  0  1.51794e-19  4.27319e-18  8.24684e-19  4.11049e-18  1.61497e-20  2.13476e-19  0  0  4.50061e-19  4.37665e-18  0  
0.655716  0  0  1.40623e-12  5.75699e-19  0  7.79818e-18  2.20871e-17  9.96756e-18  0  1.69704e-17  1.97823e-18  4.09799e-18  0  0  5.36132e-18  0  0  0  1.7734e-17  1.00369e-17  0.655716  0  0  1.40623e-12  5.75699e-19  0  7.79818e-18  2.20871e-17  9.96756e-18  0  1.69704e-17  1.97823e-18  4.09799e-18  0  0  5.36132e-18  0  0  0  1.7734e-17  1.00369e-17  
0.650036  2.85604e-17  4.15094e-17  5.79503e-12  1.38493e-17  5.23938e-18  2.96943e-17  7.59978e-17  3.18663e-18  2.65539e-10  8.88559e-18  3.06448e-17  3.75032e-18  4.82667e-17  7.23712e-18  6.36541e-17  3.32404e-17  1.39373e-17  7.46059e-18  1.40463e-17  1.84529e-17  0.650036  2.85604e-17  4.15094e-17  5.79503e-12  1.38493e-17  5.23938e-18  2.96943e-17  7.59978e-17  3.18663e-18  2.65539e-10  8.88559e-18  3.06448e-17  3.75032e-18  4.82667e-17  7.23712e-18  6.36541e-17  3.32404e-17  1.39373e-17  7.46059e-18  1.40463e-17  1.84529e-17  
0.644023  5.63212e-17  3.67376e-17  1.42302e-12  4.15977e-17  2.35932e-17  1.67736e-17  2.41803e-17  4.24758e-17  2.7641e-10  1.51686e-17  3.30873e-17  2.23499e-17  8.55637e-16  1.01251e-17  3.67776e-17  2.2589e-17  1.34653e-17  1.39775e-17  5.92284e-17  1.57499e-17  0.644023  5.63212e-17  3.67376e-17  1.42302e-12  4.15977e-17  2.35932e-17  1.67736e-17  2.41803e-17  4.24758e-17  2.7641e-10  1.51686e-17  3.30873e-17  2.23499e-17  8.55637e-16  1.01251e-17  3.67776e-17  2.2589e-17  1.34653e-17  1.39775e-17  5.92284e-17  1.57499e-17  
0.637632  0  0  0  0  0  0  0  0  0  3.29543e-18  0  0  0  0  0  0  0  0  2.55444e-18  1.07921e-18  0.637632  0  0  0  0  0  0  0  0  0  3.29543e-18  0  0  0  0  0  0  0  0  2.55444e-18  1.07921e-18  
0.251412  0  3.64512e-18  0  0  3.25527e-18  1.14184e-18  0  2.62813e-18  0  0  0  0  6.83194e-18  5.65352e-18  2.22552e-19  2.12936e-18  1.60097e-20  0  0  1.14284e-17  0.251412  0  3.64512e-18  0  0  3.25527e-18  1.14184e-18  0  2.62813e-18  0  0  0  0  6.83194e-18  5.65352e-18  2.22552e-19  2.12936e-18  1.60097e-20  0  0  1.14284e-17  
0.251412  0  1.17242e-18  0  0  3.45955e-18  0  0  2.62813e-18  0  0  0  0  7.45448e-18  5.73956e-18  0  2.12936e-18  0  0  0  1.03575e-17  0.251412  0  1.17242e-18  0  0  3.45955e-18  0  0  2.62813e-18  0  0  0  0  7.45448e-18  5.73956e-18  0  2.12936e-18  0  0  0  1.03575e-17  
0.251412  0  0  0  0  3.45955e-18  0  0  2.62813e-18  0  0  0  0  0  3.40897e-18  0  1.55531e-18  0  0  0  4.60754e-18  0.251412  0  0  0  0  3.45955e-18  0  0  2.62813e-18  0  0  0  0  0  3.40897e-18  0  1.55531e-18  0  0  0  4.60754e-18  
0.251412  0  0  0  0  3.33947e-18  0  0  2.62813e-18  0  0  0  0  7.27706e-19  3.53393e-18  0  1.55531e-18  0  0  2.13694e-19  2.89155e-18  0.251412  0  0  0  0  3.33947e-18  0  0  2.62813e-18  0  0  0  0  7.27706e-19  3.53393e-18  0  1.55531e-18  0  0  2.13694e-19  2.89155e-18  
0.251412  0  2.65907e-18  0  0  3.54946e-18  9.5236e-19  0  2.14757e-18  0  0  0  0  2.51017e-18  4.3698e-18  3.52995e-18  3.30075e-18  5.31364e-19  4.07235e-19  7.66715e-19  1.14754e-17  0.251412  0  2.65907e-18  0  0  3.54946e-18  9.5236e-19  0  2.14757e-18  0  0  0  0  2.51017e-18  4.3698e-18  3.52995e-18  3.30075e-18  5.31364e-19  4.07235e-19  7.66715e-19  1.14754e-17  
0.251412  3.54586e-19  3.70399e-18  0  3.51617e-18  5.07767e-18  3.362e-18  0  2.62813e-18  0  0  1.07714e-22  3.64521e-21  9.09606e-19  5.85984e-18  5.3484e-19  6.14541e-18  4.92568e-18  0  0  1.14955e-17  0.251412  3.54586e-19  3.70399e-18  0  3.51617e-18  5.07767e-18  3.362e-18  0  2.62813e-18  0  0  1.07714e-22  3.64521e-21  9.09606e-19  5.85984e-18  5.3484e-19  6.14541e-18  4.92568e-18  0  0  1.14955e-17  
0.251412  3.55092e-19  3.70399e-18  0  3.51625e-18  6.96767e-18  3.53147e-18  0  2.64194e-18  0  2.19392e-21  1.03717e-19  9.41175e-20  1.04074e-17  6.81964e-18  4.33678e-18  6.37841e-18  5.67036e-18  0  1.1217e-18  1.24008e-17  0.251412  3.55092e-19  3.70399e-18  0  3.51625e-18  6.96767e-18  3.53147e-18  0  2.64194e-18  0  2.19392e-21  1.03717e-19  9.41175e-20  1.04074e-17  6.81964e-18  4.33678e-18  6.37841e-18  5.67036e-18  0  1.1217e-18  1.24008e-17  
0.251412  0  7.62428e-19  0  0  6.96694e-18  3.13406e-18  3.55056e-18  1.90506e-18  0  0  0  0  1.52931e-17  6.48718e-18  0  4.4172e-21  5.6705e-18  0  3.17781e-18  8.69481e-18  0.251412  0  7.62428e-19  0  0  6.96694e-18  3.13406e-18  3.55056e-18  1.90506e-18  0  0  0  0  1.52931e-17  6.48718e-18  0  4.4172e-21  5.6705e-18  0  3.17781e-18  8.69481e-18  
0.251412  0  8.45997e-19  0  0  6.84338e-18  3.13406e-18  3.38839e-18  1.94382e-18  0  0  0  0  1.52931e-17  6.39665e-18  1.61229e-19  1.48689e-19  5.44597e-18  1.86003e-20  3.09747e-18  8.86644e-18  0.251412  0  8.45997e-19  0  0  6.84338e-18  3.13406e-18  3.38839e-18  1.94382e-18  0  0  0  0  1.52931e-17  6.39665e-18  1.61229e-19  1.48689e-19  5.44597e-18  1.86003e-20  3.09747e-18  8.86644e-18  
0.251412  0  8.29417e-19  0  0  6.25484e-18  3.13406e-18  3.55056e-18  1.29907e-18  0  0  0  0  1.55007e-17  6.35199e-18  0  1.4206e-19  5.44737e-18  0  2.52575e-18  7.71759e-18  0.251412  0  8.29417e-19  0  0  6.25484e-18  3.13406e-18  3.55056e-18  1.29907e-18  0  0  0  0  1.55007e-17  6.35199e-18  0  1.4206e-19  5.44737e-18  0  2.52575e-18  7.71759e-18  
0.251412  1.41634e-18  8.78182e-19  0  4.57024e-19  8.40977e-18  4.2174e-18  5.3031e-18  2.65162e-18  0  4.16127e-19  1.684e-19  0  1.1641e-17  7.3002e-18  3.34927e-18  1.37409e-18  6.68907e-18  1.70686e-19  3.55289e-18  8.69481e-18  0.251412  1.41634e-18  8.78182e-19  0  4.57024e-19  8.40977e-18  4.2174e-18  5.3031e-18  2.65162e-18  0  4.16127e-19  1.684e-19  0  1.1641e-17  7.3002e-18  3.34927e-18  1.37409e-18  6.68907e-18  1.70686e-19  3.55289e-18  8.69481e-18  
0.251412  1.41634e-18  1.05874e-18  0  4.57024e-19  8.48685e-18  4.29405e-18  5.50643e-18  2.12677e-18  0  4.32123e-19  0  0  1.25556e-17  7.23025e-18  3.40296e-18  1.33479e-18  6.72293e-18  1.70686e-19  3.68699e-18  8.69481e-18  0.251412  1.41634e-18  1.05874e-18  0  4.57024e-19  8.48685e-18  4.29405e-18  5.50643e-18  2.12677e-18  0  4.32123e-19  0  0  1.25556e-17  7.23025e-18  3.40296e-18  1.33479e-18  6.72293e-18  1.70686e-19  3.68699e-18  8.69481e-18  
0.251412  1.43839e-18  0  0  4.57024e-19  8.40977e-18  4.81915e-18  5.3031e-18  4.27261e-18  0  2.8738e-18  1.75847e-18  0  0  1.00241e-17  5.30925e-18  0  8.69654e-18  1.27357e-18  5.41444e-18  9.98584e-18  0.251412  1.43839e-18  0  0  4.57024e-19  8.40977e-18  4.81915e-18  5.3031e-18  4.27261e-18  0  2.8738e-18  1.75847e-18  0  0  1.00241e-17  5.30925e-18  0  8.69654e-18  1.27357e-18  5.41444e-18  9.98584e-18  
0.251412  8.65707e-19  8.78476e-19  0  0  8.39794e-18  5.58636e-18  1.41726e-18  4.27261e-18  0  0  0  0  0  5.46844e-18  5.30925e-18  1.60086e-18  2.21951e-18  1.41894e-18  0  8.05956e-18  0.251412  8.65707e-19  8.78476e-19  0  0  8.39794e-18  5.58636e-18  1.41726e-18  4.27261e-18  0  0  0  0  0  5.46844e-18  5.30925e-18  1.60086e-18  2.21951e-18  1.41894e-18  0  8.05956e-18  
0.251412  0  7.62428e-19  0  0  6.96653e-18  3.15547e-18  3.23851e-18  1.90526e-18  0  0  0  2.5109e-22  1.50264e-17  6.48718e-18  0  0  5.67056e-18  0  3.17781e-18  8.69766e-18  0.251412  0  7.62428e-19  0  0  6.96653e-18  3.15547e-18  3.23851e-18  1.90526e-18  0  0  0  2.5109e-22  1.50264e-17  6.48718e-18  0  0  5.67056e-18  0  3.17781e-18  8.69766e-18  
0.251412  0  0  0  0  6.05654e-18  8.30256e-19  4.27597e-18  2.88278e-18  0  0  0  0  1.50264e-17  3.5292e-18  8.54361e-19  0  2.74775e-18  0  5.94683e-18  8.69766e-18  0.251412  0  0  0  0  6.05654e-18  8.30256e-19  4.27597e-18  2.88278e-18  0  0  0  0  1.50264e-17  3.5292e-18  8.54361e-19  0  2.74775e-18  0  5.94683e-18  8.69766e-18  
0.251412  9.1838e-19  0  0  0  5.58596e-18  0  6.99169e-18  2.88278e-18  0  0  0  0  1.01591e-17  1.16535e-18  2.16867e-18  1.56867e-18  0  0  2.77687e-18  7.45413e-18  0.251412  9.1838e-19  0  0  0  5.58596e-18  0  6.99169e-18  2.88278e-18  0  0  0  0  1.01591e-17  1.16535e-18  2.16867e-18  1.56867e-18  0  0  2.77687e-18  7.45413e-18  
0.238352  0  0  0  0  0  5.08075e-19  0  0  0  0  0  7.81187e-18  1.74945e-17  0  2.69866e-20  0  0  0  0  0  0.238352  0  0  0  0  0  5.08075e-19  0  0  0  0  0  7.81187e-18  1.74945e-17  0  2.69866e-20  0  0  0  0  0  
0.222014  9.195e-19  0  0  0  0  0  0  0  0  0  0  0  0  0  1.10679e-18  2.44202e-18  0  0  0  0  0.222014  9.195e-19  0  0  0  0  0  0  0  0  0  0  0  0  0  1.10679e-18  2.44202e-18  0  0  0  0  
0.206746  0  5.39885e-18  0  2.37561e-18  4.66115e-19  0  1.07549e-18  0  0  0  1.08381e-18  0  5.18937e-17  0  0  5.36862e-18  2.97623e-18  0  0  0  0.206746  0  5.39885e-18  0  2.37561e-18  4.66115e-19  0  1.07549e-18  0  0  0  1.08381e-18  0  5.18937e-17  0  0  5.36862e-18  2.97623e-18  0  0  0  
0.192138  1.37475e-19  0  0  0  0  0  1.20063e-18  0  0  5.30591e-19  1.38656e-18  6.49841e-19  1.99951e-18  0  8.34478e-19  0  9.12003e-19  2.33083e-18  0  0  0.192138  1.37475e-19  0  0  0  0  0  1.20063e-18  0  0  5.30591e-19  1.38656e-18  6.49841e-19  1.99951e-18  0  8.34478e-19  0  9.12003e-19  2.33083e-18  0  0  
0.177908  0  0  0  0  0  1.3558e-18  0  2.10319e-18  0  8.64858e-19  0  5.27901e-18  0  0  1.46223e-17  3.32191e-19  0  0  7.54641e-19  2.2104e-19  0.177908  0  0  0  0  0  1.3558e-18  0  2.10319e-18  0  8.64858e-19  0  5.27901e-18  0  0  1.46223e-17  3.32191e-19  0  0  7.54641e-19  2.2104e-19  
0.163844  0  4.89424e-18  0  0  0  0  0  8.52215e-18  0  4.37744e-18  2.74786e-18  6.02125e-18  0  2.13346e-19  6.48225e-19  1.53602e-19  2.76956e-19  1.76174e-17  9.63158e-19  7.27398e-19  0.163844  0  4.89424e-18  0  0  0  0  0  8.52215e-18  0  4.37744e-18  2.74786e-18  6.02125e-18  0  2.13346e-19  6.48225e-19  1.53602e-19  2.76956e-19  1.76174e-17  9.63158e-19  7.27398e-19  
0.149781  2.1532e-17  9.97537e-19  1.24353e-11  7.9185e-17  0  7.01064e-17  1.05184e-17  3.21267e-17  1.65249e-09  4.18937e-17  1.41148e-17  6.69953e-17  3.91858e-16  5.48865e-17  2.53332e-17  2.16744e-17  3.81785e-17  9.79313e-18  1.29119e-17  2.83973e-18  0.149781  2.1532e-17  9.97537e-19  1.24353e-11  7.9185e-17  0  7.01064e-17  1.05184e-17  3.21267e-17  1.65249e-09  4.18937e-17  1.41148e-17  6.69953e-17  3.91858e-16  5.48865e-17  2.53332e-17  2.16744e-17  3.81785e-17  9.79313e-18  1.29119e-17  2.83973e-18  
0.135583  3.81461e-17  5.3304e-18  3.64109e-11  4.73843e-17  2.78388e-17  0  4.28501e-17  1.2801e-17  1.47612e-10  8.23423e-17  3.74133e-17  2.5331e-17  1.42607e-16  6.29259e-19  5.75274e-17  2.47647e-17  0  6.62361e-17  2.12971e-17  2.61793e-17  0.135583  3.81461e-17  5.3304e-18  3.64109e-11  4.73843e-17  2.78388e-17  0  4.28501e-17  1.2801e-17  1.47612e-10  8.23423e-17  3.74133e-17  2.5331e-17  1.42607e-16  6.29259e-19  5.75274e-17  2.47647e-17  0  6.62361e-17  2.12971e-17  2.61793e-17  
0.121136  0  5.49058e-21  0  1.12488e-18  0  0  0  3.27065e-19  0  0  2.43546e-18  4.40275e-18  9.33424e-18  0  1.22981e-18  0  2.56365e-19  0  1.16445e-18  8.48178e-19  0.121136  0  5.49058e-21  0  1.12488e-18  0  0  0  3.27065e-19  0  0  2.43546e-18  4.40275e-18  9.33424e-18  0  1.22981e-18  0  2.56365e-19  0  1.16445e-18  8.48178e-19  
0.106346  0  4.83762e-19  0  0  0  0  0  0  0  0  0  0  6.87283e-19  0  2.04974e-19  0  0  0  0  3.94419e-19  0.106346  0  4.83762e-19  0  0  0  0  0  0  0  0  0  0  6.87283e-19  0  2.04974e-19  0  0  0  0  3.94419e-19  
0.0911416  1.18072e-18  0  0  0  7.66695e-18  0  3.10512e-18  1.67046e-19  0  0  0  6.9332e-18  1.11166e-16  0  2.20608e-18  4.02603e-18  0  0  0  5.35957e-18  0.0911416  1.18072e-18  0  0  0  7.66695e-18  0  3.10512e-18  1.67046e-19  0  0  0  6.9332e-18  1.11166e-16  0  2.20608e-18  4.02603e-18  0  0  0  5.35957e-18  
0.0754769  0  1.38129e-18  0  8.07649e-18  2.69648e-18  3.19698e-18  7.45235e-18  6.07071e-19  0  1.06398e-18  5.45097e-19  2.63993e-18  2.57465e-17  8.87841e-19  1.04639e-17  1.05193e-17  9.65538e-19  7.06469e-19  1.63326e-18  5.55098e-18  0.0754769  0  1.38129e-18  0  8.07649e-18  2.69648e-18  3.19698e-18  7.45235e-18  6.07071e-19  0  1.06398e-18  5.45097e-19  2.63993e-18  2.57465e-17  8.87841e-19  1.04639e-17  1.05193e-17  9.65538e-19  7.06469e-19  1.63326e-18  5.55098e-18  
0.0593393  0  9.08605e-18  0  3.63564e-18  5.27247e-18  4.38764e-18  9.60028e-18  1.08675e-17  0  1.96927e-17  1.13473e-18  1.02098e-17  5.04023e-17  2.82149e-18  3.4298e-18  0  3.06346e-18  5.89049e-19  1.15616e-17  4.41229e-18  0.0593393  0  9.08605e-18  0  3.63564e-18  5.27247e-18  4.38764e-18  9.60028e-18  1.08675e-17  0  1.96927e-17  1.13473e-18  1.02098e-17  5.04023e-17  2.82149e-18  3.4298e-18  0  3.06346e-18  5.89049e-19  1.15616e-17  4.41229e-18  
0.0427608  2.42154e-18  0  0  6.05986e-20  4.36273e-19  0  2.20287e-18  0  0  0  0  0  6.69985e-18  3.47918e-18  1.74423e-19  0  0  0  0  0  0.0427608  2.42154e-18  0  0  6.05986e-20  4.36273e-19  0  2.20287e-18  0  0  0  0  0  6.69985e-18  3.47918e-18  1.74423e-19  0  0  0  0  0  
0.0258178  5.12754e-18  2.28137e-18  0  2.35679e-18  4.32036e-18  2.95261e-18  0  0  0  0  2.782e-18  0  1.0507e-17  1.68097e-18  5.67609e-18  4.07352e-18  0  0  5.21752e-18  0  0.0258178  5.12754e-18  2.28137e-18  0  2.35679e-18  4.32036e-18  2.95261e-18  0  0  0  0  2.782e-18  0  1.0507e-17  1.68097e-18  5.67609e-18  4.07352e-18  0  0  5.21752e-18  0  
0.00863388  9.63296e-19  1.1445e-18  0  0  0  0  4.58271e-18  0  0  8.11652e-19  5.03093e-21  8.38357e-24  4.55872e-16  4.88859e-18  1.66384e-18  1.72517e-18  7.48108e-19  0  2.96513e-19  3.13256e-19  0.00863388  9.63296e-19  1.1445e-18  0  0  0  0  4.58271e-18  0  0  8.11652e-19  5.03093e-21  8.38357e-24  4.55872e-16  4.88859e-18  1.66384e-18  1.72517e-18  7.48108e-19  0  2.96513e-19  3.13256e-19  
