1.38655  4.09218  1.38655  4.09218  |||| 24133.3 |||| 24133.3 
2.13333  2.96355  2.13333  2.96355  |||| 15977.2 |||| 15977.2 
1.63937  3.89763  1.63937  3.89763  |||| 434.88 |||| 434.88 
1.61136  4.00895  1.61136  4.00895  |||| 152.233 |||| 152.233 
1.22543  4.09725  1.22543  4.09725  |||| 94.8013 |||| 94.8013 
1.19785  4.20603  1.19785  4.20603  |||| 70.7611 |||| 70.7611 
0.884881  4.37614  0.884881  4.37614  |||| 58.7409 |||| 58.7409 
1.93541  3.19641  1.93541  3.19641  |||| 27.0402 |||| 27.0402 
1.76005  3.50076  1.76005  3.50076  |||| 27.4688 |||| 27.4688 
2.43964  1.75095  2.43964  1.75095  |||| 2.06183 |||| 2.06183 
0.627996  4.47105  0.627996  4.47105  |||| 32.1924 |||| 32.1924 
1.06131  4.39653  1.06131  4.39653  |||| 28.035 |||| 28.035 
2.08267  2.7746  2.08267  2.7746  |||| 10.227 |||| 10.227 
1.78971  3.40551  1.78971  3.40551  |||| 14.7141 |||| 14.7141 
1.54859  3.77335  1.54859  3.77335  |||| 16.4209 |||| 16.4209 
1.80872  3.43657  1.80872  3.43657  |||| 12.7598 |||| 12.7598 
1.26745  4.01326  1.26745  4.01326  |||| 15.7774 |||| 15.7774 
1.35443  3.96824  1.35443  3.96824  |||| 14.4749 |||| 14.4749 
2.02011  2.66109  2.02011  2.66109  |||| 5.83394 |||| 5.83394 
0.839872  4.53863  0.839872  4.53863  |||| 16.0148 |||| 16.0148 
1.47552  4.18286  1.47552  4.18286  |||| 13.2644 |||| 13.2644 
2.27724  2.52611  2.27724  2.52611  |||| 4.25801 |||| 4.25801 
2.16046  2.92396  2.16046  2.92396  |||| 5.95222 |||| 5.95222 
0.74324  4.40773  0.74324  4.40773  |||| 12.4386 |||| 12.4386 
2.37628  1.67885  2.37628  1.67885  |||| 2.38921 |||| 2.38921 
2.42102  1.96531  2.42102  1.96531  |||| 2.48013 |||| 2.48013 
1.96024  3.22769  1.96024  3.22769  |||| 6.19534 |||| 6.19534 
1.8912  3.61974  1.8912  3.61974  |||| 7.45911 |||| 7.45911 
1.98305  3.41642  1.98305  3.41642  |||| 6.42572 |||| 6.42572 
1.5937  3.9234  1.5937  3.9234  |||| 7.99877 |||| 7.99877 
1.64976  3.58645  1.64976  3.58645  |||| 6.55948 |||| 6.55948 
1.06947  4.48044  1.06947  4.48044  |||| 9.30697 |||| 9.30697 
0.749667  4.4183  0.749667  4.4183  |||| 8.80219 |||| 8.80219 
2.10049  2.47763  2.10049  2.47763  |||| 2.48509 |||| 2.48509 
1.31631  4.23406  1.31631  4.23406  |||| 7.70492 |||| 7.70492 
1.82398  3.2446  1.82398  3.2446  |||| 4.5804 |||| 4.5804 
0.535612  4.53561  0.535612  4.53561  |||| 8.11485 |||| 8.11485 
1.55253  3.76638  1.55253  3.76638  |||| 5.76276 |||| 5.76276 
1.42749  3.85082  1.42749  3.85082  |||| 5.83158 |||| 5.83158 
1.98629  3.23053  1.98629  3.23053  |||| 4.05507 |||| 4.05507 
1.15775  4.22747  1.15775  4.22747  |||| 6.48741 |||| 6.48741 
0.813331  4.48194  0.813331  4.48194  |||| 6.95451 |||| 6.95451 
1.94206  3.08303  1.94206  3.08303  |||| 3.39777 |||| 3.39777 
0.619408  4.61821  0.619408  4.61821  |||| 6.94115 |||| 6.94115 
1.71177  3.47231  1.71177  3.47231  |||| 4.1355 |||| 4.1355 
1.37394  4.07811  1.37394  4.07811  |||| 5.40522 |||| 5.40522 
0.993757  4.21228  0.993757  4.21228  |||| 5.57923 |||| 5.57923 
1.11765  4.36803  1.11765  4.36803  |||| 5.79207 |||| 5.79207 
2.19405  2.51045  2.19405  2.51045  |||| 3.15587 |||| 3.15587 
1.86725  3.38246  1.86725  3.38246  |||| 3.51481 |||| 3.51481 
1.41065  4.16949  1.41065  4.16949  |||| 5.03262 |||| 5.03262 
0.658231  4.42167  0.658231  4.42167  |||| 5.43024 |||| 5.43024 
1.99183  3.00032  1.99183  3.00032  |||| 3.00442 |||| 3.00442 
1.44732  3.92631  1.44732  3.92631  |||| 4.27673 |||| 4.27673 
1.64455  3.81106  1.64455  3.81106  |||| 3.98014 |||| 3.98014 
0.559029  4.54368  0.559029  4.54368  |||| 5.24773 |||| 5.24773 
2.35931  2.13623  2.35931  2.13623  |||| 4.10855 |||| 4.10855 
1.8712  3.52883  1.8712  3.52883  |||| 3.26663 |||| 3.26663 
1.72297  3.81444  1.72297  3.81444  |||| 3.70421 |||| 3.70421 
1.42255  4.15891  1.42255  4.15891  |||| 4.22688 |||| 4.22688 
1.83432  3.47375  1.83432  3.47375  |||| 3.2221 |||| 3.2221 
1.46199  4.19824  1.46199  4.19824  |||| 4.14959 |||| 4.14959 
2.14215  2.77858  2.14215  2.77858  |||| 4.19842 |||| 4.19842 
0.610088  4.47549  0.610088  4.47549  |||| 4.45644 |||| 4.45644 
1.44991  3.94422  1.44991  3.94422  |||| 3.5521 |||| 3.5521 
1.39312  4.17864  1.39312  4.17864  |||| 3.85794 |||| 3.85794 
1.67548  3.7383  1.67548  3.7383  |||| 3.33455 |||| 3.33455 
0.805032  4.58512  0.805032  4.58512  |||| 4.34832 |||| 4.34832 
1.43466  4.14847  1.43466  4.14847  |||| 3.63945 |||| 3.63945 
1.56393  4.07762  1.56393  4.07762  |||| 3.48266 |||| 3.48266 
1.77386  3.4089  1.77386  3.4089  |||| 4.11349 |||| 4.11349 
1.35549  3.84113  1.35549  3.84113  |||| 3.04896 |||| 3.04896 
0.941853  4.40683  0.941853  4.40683  |||| 3.79209 |||| 3.79209 
1.72138  3.6129  1.72138  3.6129  |||| 4.3851 |||| 4.3851 
0.577791  4.56061  0.577791  4.56061  |||| 3.89534 |||| 3.89534 
1.47965  4.03488  1.47965  4.03488  |||| 3.77615 |||| 3.77615 
1.79167  3.59985  1.79167  3.59985  |||| 5.23804 |||| 5.23804 
1.76339  3.3534  1.76339  3.3534  |||| 5.34765 |||| 5.34765 
1.1853  4.20258  1.1853  4.20258  |||| 3.23302 |||| 3.23302 
1.97021  2.93204  1.97021  2.93204  |||| 6.85805 |||| 6.85805 
1.25453  4.26332  1.25453  4.26332  |||| 3.613 |||| 3.613 
1.83298  3.52023  1.83298  3.52023  |||| 6.87252 |||| 6.87252 
2.06813  2.84974  2.06813  2.84974  |||| 8.58212 |||| 8.58212 
1.35937  3.97255  1.35937  3.97255  |||| 4.89261 |||| 4.89261 
1.31403  3.94278  1.31403  3.94278  |||| 4.92161 |||| 4.92161 
1.22858  4.19416  1.22858  4.19416  |||| 4.68349 |||| 4.68349 
1.15617  4.45475  1.15617  4.45475  |||| 4.50482 |||| 4.50482 
0.835824  4.45869  0.835824  4.45869  |||| 3.18625 |||| 3.18625 
1.3755  3.8104  1.3755  3.8104  |||| 7.15726 |||| 7.15726 
1.8061  3.73497  1.8061  3.73497  |||| 11.8578 |||| 11.8578 
1.88204  3.27525  1.88204  3.27525  |||| 13.8895 |||| 13.8895 
1.65168  3.75266  1.65168  3.75266  |||| 12.8676 |||| 12.8676 
1.28111  4.20288  1.28111  4.20288  |||| 9.74114 |||| 9.74114 
1.89585  3.71589  1.89585  3.71589  |||| 20.5083 |||| 20.5083 
0.860226  4.49936  0.860226  4.49936  |||| 5.78404 |||| 5.78404 
1.38535  4.40222  1.38535  4.40222  |||| 18.5055 |||| 18.5055 
2.13823  2.93241  2.13823  2.93241  |||| 44.8732 |||| 44.8732 
2.10353  2.75705  2.10353  2.75705  |||| 61.4624 |||| 61.4624 
0.538661  4.49514  0.538661  4.49514  |||| 2.86006 |||| 2.86006 
0.890149  4.45249  0.890149  4.45249  |||| 69.4894 |||| 69.4894 
2  0.000204176  1.88664  1.32756  |||| 1.99985 |||| 13275.6 
0.00055146  4  0.00055146  4  |||| 4 |||| 4 
1.99999  0.0102599  1.90824  1.19768  |||| 2.0101 |||| 234.745 
1.99994  0.0310888  1.97538  0.62566  |||| 2.03087 |||| 40.8763 
1.99983  0.0523517  2.00799  0.0670109  |||| 2.05202 |||| 2.62666 
1.99966  0.0740599  1.92663  1.07352  |||| 2.07356 |||| 30.0584 
1.99942  0.0962258  1.99533  0.273077  |||| 2.09549 |||| 5.94691 
1.99912  0.118861  2.00103  0.120752  |||| 2.11782 |||| 2.15151 
1.99874  0.14198  1.83315  1.6278  |||| 2.14056 |||| 24.5422 
1.99829  0.165595  2.00059  0.167601  |||| 2.16373 |||| 2.18993 
1.99775  0.18972  1.98741  0.531917  |||| 2.18731 |||| 6.13264 
1.99713  0.214369  1.89812  1.2604  |||| 2.21134 |||| 13.002 
1.99641  0.239555  1.99641  0.239555  |||| 2.23581 |||| 2.23581 
1.9956  0.265295  1.97585  0.82273  |||| 2.26073 |||| 7.01105 
1.99468  0.291602  1.99468  0.291602  |||| 2.28612 |||| 2.28612 
1.99365  0.318492  1.93171  1.03644  |||| 2.31199 |||| 7.5238 
1.9925  0.345981  1.99256  0.34602  |||| 2.33833 |||| 2.33859 
1.99123  0.374086  1.99036  0.392162  |||| 2.36516 |||| 2.47946 
1.98983  0.402822  1.99142  0.403952  |||| 2.3925 |||| 2.39921 
1.98829  0.432206  1.98763  0.444279  |||| 2.42034 |||| 2.48795 
1.9866  0.462261  1.99889  0.149597  |||| 2.4487 |||| 2.46385 
1.98475  0.492995  1.87934  1.36858  |||| 2.47759 |||| 6.87794 
1.98274  0.524431  1.89382  1.286  |||| 2.50701 |||| 6.14769 
1.98054  0.556586  1.99361  0.371457  |||| 2.53697 |||| 2.55371 
1.97816  0.589478  1.98102  0.597474  |||| 2.56748 |||| 2.60231 
1.97558  0.623127  1.9757  0.629012  |||| 2.59855 |||| 2.6231 
1.97279  0.657551  1.84688  1.54164  |||| 2.63019 |||| 6.16654 
1.96978  0.692768  1.99505  0.648492  |||| 2.66239 |||| 2.69655 
1.96652  0.728798  1.96652  0.728798  |||| 2.69517 |||| 2.69517 
1.96302  0.76566  1.96283  0.798144  |||| 2.72852 |||| 2.84428 
1.95925  0.803373  1.96249  0.806441  |||| 2.76246 |||| 2.77301 
1.95519  0.841953  1.96247  0.844593  |||| 2.79699 |||| 2.8074 
1.95084  0.881424  1.9522  0.884307  |||| 2.83211 |||| 2.84137 
1.94617  0.921803  1.94617  0.921803  |||| 2.86781 |||| 2.86781 
1.94116  0.963102  1.647  2.27107  |||| 2.90411 |||| 6.84813 
1.9358  1.00534  1.85423  1.49912  |||| 2.94099 |||| 4.38546 
1.93006  1.04854  1.93081  1.05028  |||| 2.97845 |||| 2.9834 
1.92393  1.09271  1.92393  1.09271  |||| 3.01648 |||| 3.01648 
1.91737  1.13787  1.91737  1.13787  |||| 3.05508 |||| 3.05508 
1.91037  1.18402  1.91343  1.19246  |||| 3.09424 |||| 3.11629 
1.9029  1.2312  1.56224  2.49752  |||| 3.13394 |||| 6.35731 
1.89494  1.27939  1.99701  0.218584  |||| 3.17417 |||| 3.34516 
1.88645  1.32861  1.9854  0.485746  |||| 3.21491 |||| 3.38355 
1.87741  1.37887  1.94858  0.912344  |||| 3.25613 |||| 3.37957 
1.86779  1.43018  1.86808  1.43039  |||| 3.29781 |||| 3.29832 
1.85756  1.48253  1.85756  1.48253  |||| 3.33993 |||| 3.33993 
1.84669  1.53591  1.84629  1.54078  |||| 3.38244 |||| 3.39316 
1.83513  1.59032  1.84246  1.56962  |||| 3.4253 |||| 3.43897 
1.82287  1.64576  1.8993  1.27954  |||| 3.46848 |||| 3.61391 
1.80987  1.70221  1.80987  1.70221  |||| 3.51192 |||| 3.51192 
1.79608  1.75965  1.82851  1.64931  |||| 3.55558 |||| 3.61978 
1.78148  1.81806  1.78771  1.82146  |||| 3.59938 |||| 3.61196 
1.76602  1.8774  1.63395  2.3067  |||| 3.64327 |||| 4.47636 
1.74968  1.93765  1.27333  3.08457  |||| 3.68717 |||| 5.86966 
1.73241  1.99876  1.73591  2  |||| 3.73101 |||| 3.73855 
1.71418  2.06068  1.71418  2.06068  |||| 3.7747 |||| 3.7747 
1.69494  2.12336  1.69295  2.12971  |||| 3.81815 |||| 3.82957 
1.67468  2.18674  1.67749  2.19546  |||| 3.86126 |||| 3.87666 
1.65334  2.25074  1.91432  1.16219  |||| 3.90393 |||| 4.5202 
1.63091  2.31528  1.84765  1.53926  |||| 3.94603 |||| 4.47049 
1.60735  2.38028  1.4229  2.81094  |||| 3.98747 |||| 4.70891 
1.58263  2.44565  1.55461  2.51651  |||| 4.02812 |||| 4.14483 
1.55672  2.51127  1.34877  2.95727  |||| 4.06783 |||| 4.79027 
1.52961  2.57704  1.94678  0.917295  |||| 4.1065 |||| 5.22657 
1.50128  2.64284  1.49593  2.6707  |||| 4.14397 |||| 4.18765 
1.47172  2.70854  0.881536  3.59048  |||| 4.1801 |||| 5.54122 
1.44091  2.774  1.68435  2.15683  |||| 4.21476 |||| 4.92689 
1.40886  2.83909  1.409  2.8403  |||| 4.2478 |||| 4.24961 
1.37557  2.90366  1.37889  2.90414  |||| 4.27907 |||| 4.28941 
1.34104  2.96756  1.34104  2.96756  |||| 4.30845 |||| 4.30845 
1.30531  3.03062  1.66308  2.23015  |||| 4.33578 |||| 5.52432 
1.26838  3.09271  1.27097  3.09326  |||| 4.36093 |||| 4.36983 
1.2303  3.15365  1.65441  2.27156  |||| 4.38379 |||| 5.89516 
1.19109  3.21329  1.00109  3.46364  |||| 4.40422 |||| 4.74736 
1.15081  3.27148  1.37099  2.915  |||| 4.42213 |||| 5.26833 
1.1095  3.32806  1.7955  1.76204  |||| 4.43741 |||| 7.18137 
1.06724  3.3829  0.891782  3.58222  |||| 4.44998 |||| 4.71218 
1.02408  3.43585  1.17681  3.23935  |||| 4.45977 |||| 5.12499 
0.980096  3.48678  0.980096  3.48678  |||| 4.46672 |||| 4.46672 
0.93537  3.53558  0.597164  3.82444  |||| 4.47079 |||| 4.83606 
0.889984  3.58214  0.889984  3.58214  |||| 4.47197 |||| 4.47197 
0.844024  3.62636  1.19265  3.21097  |||| 4.47023 |||| 6.31702 
0.797578  3.66817  0.797578  3.66817  |||| 4.46559 |||| 4.46559 
0.750747  3.70749  1.34406  2.96471  |||| 4.45809 |||| 7.98199 
0.703621  3.74429  1.14838  3.27949  |||| 4.44775 |||| 7.25978 
0.656296  3.7785  0.661981  3.78638  |||| 4.43465 |||| 4.47306 
0.60887  3.81013  0.612771  3.81433  |||| 4.41885 |||| 4.44716 
0.561432  3.83916  0.56242  3.84089  |||| 4.40044 |||| 4.40818 
0.514076  3.86561  1.13199  3.30077  |||| 4.37953 |||| 9.64521 
0.466889  3.88948  0.477518  3.89465  |||| 4.35621 |||| 4.45541 
0.419958  3.91082  0.420124  3.91387  |||| 4.33063 |||| 4.33399 
0.373358  3.92968  0.373358  3.92968  |||| 4.30289 |||| 4.30289 
0.327178  3.94611  1.0469  3.40925  |||| 4.27314 |||| 13.6775 
0.281477  3.96019  0.281477  3.96019  |||| 4.24151 |||| 4.24151 
0.236321  3.97198  0.215979  3.97732  |||| 4.20814 |||| 4.2138 
0.191777  3.98157  0.602405  3.82206  |||| 4.17319 |||| 13.1157 
0.147893  3.98905  0.148436  3.99129  |||| 4.13679 |||| 4.15195 
0.10472  3.99451  0.529574  3.85753  |||| 4.09908 |||| 20.7533 
0.0622944  3.99806  0.066374  4.00155  |||| 4.0602 |||| 4.3265 
0.0206633  3.99979  0.0206633  3.99979  |||| 4.02029 |||| 4.02029 
