0.989490540161773
0.989490543050788
0.989490547411854
0.989490544608809
0.98949054580023
0.989490547381123
0.989490545284544
0.989490550027057
0.989490545210366
0.989490549249298
0.989490541718909
0.989490549497358
0.989490547399064
0.989490542473537
0.989490547916208
0.989490548683099
0.989490544660952
0.989490546817995
0.989490543728993
0.989490543127017
0.989490538863653
0.989490545515962
0.989490546346127
0.989490549984079
0.989490544142436
0.989490540229163
0.989490547136097
0.989490547269177
0.989490543406437
0.989490543163056
0.989490546332998
0.989490541432159
0.989490542500399
0.989490546389312
0.98949054959733
