1.74107  2.75227  4.09501  5.40987  2.60764  2.64992  12.0849  4.62661  11.7055  19.7996  4.14804  13.0578  4.00786  13.48  8.14389  10.867  27.3363  3.706  31.8825  12.3227  14.6787  42.9976  4.02281  13.7561  0.870534  0.688067  0.682501  0.676234  0.260764  0.220827  0.86321  0.289163  0.650307  0.989982  0.188547  0.544074  0.154148  0.48143  0.271463  0.339595  0.804009  0.102944  0.839013  0.308067  0.349493  0.977219  0.0874523  0.286584  
0.202475  1.64328  4.65708  7.86377  3.59787  6.49252  12.2212  9.71884  5.5384  0.172215  3.71071  11.7456  1.40806  11.6595  29.99  21.7029  10.0359  15.6355  9.16107  15.2362  35.9376  43.7659  16.4578  29.1877  0.101237  0.41082  0.77618  0.982972  0.359787  0.541043  0.872946  0.607427  0.307689  0.00861077  0.168668  0.4894  0.054156  0.41641  0.999666  0.678215  0.295173  0.434321  0.241081  0.380904  0.855657  0.994679  0.357777  0.608076  
0.246022  1.4853  5.64084  6.31025  0.975525  4.74098  11.2887  10.2553  3.0859  4.18202  18.0309  23.3646  20.2828  19.2029  1.1093  20.1207  25.9422  15.6341  11.3494  21.2768  34.2833  17.5624  6.73746  47.2879  0.123011  0.371326  0.940141  0.788781  0.0975525  0.395082  0.806339  0.640959  0.171439  0.209101  0.819587  0.973526  0.780106  0.685818  0.0369767  0.628771  0.763005  0.434281  0.298667  0.531921  0.81627  0.399145  0.146467  0.985165  
1.60673  1.55715  1.55196  0.282418  4.3749  11.0018  1.76103  0.472911  16.8294  6.8628  18.7531  21.5948  19.9715  24.1899  0.0862022  19.8518  10.9529  35.2309  32.1781  7.97368  26.2027  11.1626  38.2583  3.6954  0.803365  0.389288  0.25866  0.0353023  0.43749  0.916815  0.125788  0.0295569  0.934969  0.34314  0.852413  0.899782  0.768133  0.863924  0.00287341  0.620369  0.322145  0.978637  0.846791  0.199342  0.623873  0.253696  0.831703  0.0769876  
1.33854  0.839763  2.86694  3.7208  5.15825  6.43163  3.1311  4.96791  9.64917  0.987621  19.7941  12.3363  7.4414  27.9361  17.8724  4.3976  28.3403  15.4158  12.3043  0.985588  17.9829  30.5551  0.713665  45.3428  0.669269  0.209941  0.477824  0.4651  0.515825  0.535969  0.22365  0.310494  0.536065  0.049381  0.899731  0.514011  0.286208  0.997718  0.595747  0.137425  0.833539  0.428215  0.323798  0.0246397  0.428165  0.694435  0.0155145  0.944641  
0.0492076  3.34396  1.93192  3.80746  0.302876  10.4025  1.45837  10.7318  11.0189  4.0265  1.00791  18.8501  25.0918  18.0966  13.6538  27.3054  32.2228  21.7434  21.989  0.188224  8.62572  36.726  36.5391  41.8478  0.0246038  0.83599  0.321987  0.475932  0.0302876  0.866872  0.10417  0.670738  0.612159  0.201325  0.0458141  0.785422  0.96507  0.646308  0.455126  0.853293  0.947729  0.603982  0.578659  0.00470559  0.205374  0.834682  0.794328  0.871829  
0.103725  2.24452  3.71428  4.84994  5.26403  10.8158  11.3163  4.50378  2.5864  19.2822  20.4233  10.4543  19.3415  12.3771  22.188  5.91448  1.04708  26.1981  13.3008  32.8105  4.63547  13.6352  38.275  29.2429  0.0518623  0.56113  0.619047  0.606242  0.526403  0.901316  0.80831  0.281486  0.143689  0.964108  0.928331  0.435596  0.743903  0.442041  0.739599  0.184827  0.0307964  0.727726  0.350021  0.820262  0.110368  0.309891  0.832064  0.609228  
0.531336  1.20908  0.257891  5.31524  5.1782  11.4107  13.7058  7.62094  6.20292  12.5556  15.2113  21.5867  0.586043  12.1391  9.30881  29.6622  11.1685  25.2721  0.235944  2.41464  13.6943  31.7488  28.8614  3.05045  0.265668  0.30227  0.0429819  0.664406  0.51782  0.950895  0.978986  0.476309  0.344607  0.627781  0.691423  0.899446  0.0225401  0.43354  0.310294  0.926943  0.328485  0.702003  0.00620904  0.060366  0.326055  0.721564  0.627421  0.063551  
1.64356  3.17628  5.07825  7.30421  7.26582  4.93769  13.2055  10.6348  12.2266  14.6804  8.83412  2.40869  19.6402  12.6051  18.6321  20.2368  0.081926  28.2483  34.0935  6.88165  18.7625  14.3029  27.9029  29.7075  0.821778  0.794069  0.846374  0.913026  0.726582  0.411474  0.943248  0.664676  0.679255  0.734021  0.401551  0.100362  0.755394  0.450183  0.62107  0.6324  0.00240959  0.784674  0.897197  0.172041  0.446725  0.325065  0.606585  0.618906  
1.77634  0.882318  2.96657  0.362074  0.384093  11.3849  12.6906  13.7426  1.65812  19.8105  7.13555  14.9888  1.84746  19.2056  17.1946  27.2727  10.9811  21.3539  30.6157  32.096  7.53584  24.0304  23.5221  7.47223  0.88817  0.220579  0.494428  0.0452593  0.0384093  0.948741  0.90647  0.858912  0.0921176  0.990526  0.324343  0.624533  0.0710563  0.685916  0.573155  0.852271  0.322972  0.593163  0.805677  0.8024  0.179425  0.546146  0.511351  0.155671  
1.36417  1.19498  1.91988  2.16579  8.62997  7.99457  12.0033  11.2534  17.3867  8.58174  21.8681  23.1621  7.30432  23.9231  9.6127  23.1455  8.29246  20.771  1.99646  38.2082  18.9687  35.7305  37.395  42.8478  0.682083  0.298746  0.31998  0.270723  0.862997  0.666214  0.857379  0.703335  0.965929  0.429087  0.994007  0.965086  0.280935  0.854395  0.320423  0.723297  0.243896  0.576971  0.0525384  0.955205  0.451635  0.812057  0.812935  0.892662  
0.74803  0.760543  0.0992034  5.26811  6.68116  8.64683  12.4592  7.95907  11.6868  18.1212  16.2338  3.27484  5.5719  21.6329  21.5409  25.9469  20.1144  8.42298  9.58044  2.43255  23.2688  35.4506  41.8522  34.0416  0.374015  0.190136  0.0165339  0.658514  0.668116  0.720569  0.889944  0.497442  0.649269  0.906061  0.7379  0.136452  0.214304  0.772603  0.71803  0.81084  0.5916  0.233972  0.252117  0.0608137  0.554018  0.805695  0.909831  0.709201  
1.11042  2.50539  5.76163  5.24865  5.12556  6.02403  3.70985  7.51367  14.3645  7.68453  11.7919  17.6918  21.3326  15.4553  9.37553  22.2286  30.5595  29.6626  13.2294  24.7237  23.2369  6.00337  4.92454  25.9884  0.555211  0.626346  0.960272  0.656081  0.512556  0.502003  0.264989  0.469604  0.798025  0.384226  0.535995  0.737159  0.820486  0.551976  0.312518  0.694644  0.898809  0.823961  0.348142  0.618091  0.55326  0.13644  0.107055  0.541425  
1.12133  3.65285  0.511982  4.53774  1.41286  0.979424  6.96799  4.29382  5.29584  1.16301  12.0698  19.5587  21.3139  10.0231  15.4033  19.444  5.44223  15.4765  19.2482  21.0074  26.9235  19.3285  45.2331  40.3005  0.560665  0.913212  0.0853303  0.567218  0.141286  0.0816186  0.497713  0.268364  0.294214  0.0581507  0.54863  0.814944  0.819765  0.357969  0.513442  0.607624  0.160066  0.429903  0.506533  0.525185  0.641036  0.439284  0.983327  0.839594  
1.13611  2.29799  2.20694  1.78208  0.428385  5.82078  13.4063  12.9774  11.8457  16.3205  11.5539  4.58936  2.11026  24.6901  13.0903  24.5974  17.2016  35.8465  19.6807  22.6156  12.6112  33.1759  4.39429  9.36476  0.568055  0.574497  0.367824  0.222759  0.0428385  0.485065  0.957592  0.81109  0.658092  0.816024  0.525179  0.191223  0.0811637  0.881791  0.436342  0.768668  0.505931  0.995737  0.517912  0.565391  0.300266  0.753997  0.0955281  0.195099  
1.6837  2.23209  5.79786  4.8197  3.58737  8.16339  2.47513  8.73141  16.7557  14.6143  8.13478  16.3269  4.47254  22.3671  26.1231  3.31548  18.8576  7.9693  18.0295  4.26736  41.8436  20.7578  35.6755  19.247  0.841852  0.558023  0.966309  0.602462  0.358737  0.680283  0.176795  0.545713  0.930875  0.730716  0.369763  0.680286  0.172021  0.798825  0.870769  0.103609  0.554634  0.221369  0.474461  0.106684  0.996277  0.471769  0.775554  0.400979  
1.56882  2.93655  3.37543  2.34087  0.610243  3.07739  13.515  5.92803  15.3128  13.9033  3.48162  7.73996  10.2025  16.787  14.0163  2.43803  19.5509  17.4772  29.4843  15.371  22.5817  42.9588  33.9392  15.6738  0.78441  0.734136  0.562572  0.292609  0.0610243  0.256449  0.965358  0.370502  0.85071  0.695167  0.158255  0.322498  0.392405  0.599535  0.467209  0.0761884  0.575027  0.485478  0.775902  0.384274  0.537661  0.976336  0.737809  0.326538  
1.55926  0.604378  4.87525  0.208728  7.07765  9.99003  4.56304  2.71721  17.6629  12.4589  10.7932  4.31239  15.0268  18.1192  5.84076  26.0773  12.3428  15.9596  1.34878  33.4071  12.285  15.1816  40.6339  10.0698  0.779632  0.151095  0.812542  0.026091  0.707765  0.832503  0.325931  0.169825  0.981273  0.622947  0.4906  0.179683  0.577953  0.647115  0.194692  0.814915  0.363022  0.443321  0.0354941  0.835177  0.292499  0.345037  0.883347  0.209787  
0.562197  0.482725  3.6006  2.97209  9.68388  2.5528  12.9261  10.9226  6.74122  2.17673  5.17124  17.1653  4.31248  0.295008  3.86496  22.499  25.2691  11.6225  11.6264  3.98354  10.4274  33.7606  39.9421  31.0214  0.281098  0.120681  0.6001  0.371511  0.968388  0.212734  0.923292  0.682665  0.374512  0.108836  0.235057  0.715222  0.165865  0.010536  0.128832  0.703094  0.743208  0.322847  0.305957  0.0995885  0.248271  0.767285  0.868307  0.646279  
0.820554  3.48505  1.00903  1.03466  2.80115  8.56471  3.84105  6.52265  12.4697  18.7588  11.5369  3.25374  24.6242  3.12089  15.0576  20.8192  26.4531  11.2557  17.902  0.311164  14.3726  7.67571  1.82289  21.9456  0.410277  0.871261  0.168171  0.129332  0.280115  0.713726  0.274361  0.407666  0.692758  0.937941  0.524407  0.135573  0.947086  0.11146  0.50192  0.650599  0.778033  0.312659  0.471106  0.00777911  0.342206  0.174448  0.039628  0.457201  
1.82661  2.37045  3.84864  1.23494  6.20636  5.20835  1.73617  9.17976  4.61154  17.2282  4.88409  0.814381  4.60457  27.0335  16.4492  13.154  28.8894  25.7592  7.89745  19.235  19.8886  7.94942  6.58068  6.0009  0.913304  0.592614  0.641441  0.154367  0.620636  0.434029  0.124012  0.573735  0.256197  0.861411  0.222004  0.0339325  0.177099  0.965481  0.548307  0.411062  0.84969  0.715533  0.207828  0.480875  0.473537  0.180669  0.143058  0.125019  
0.765083  0.519937  2.68436  1.98063  7.81627  0.825889  2.40367  1.05208  8.90365  13.2065  20.1334  15.4921  19.6045  26.9039  6.59835  9.71209  8.8517  26.2726  22.0732  17.4519  21.3959  16.5931  41.7497  3.70071  0.382542  0.129984  0.447394  0.247579  0.781627  0.0688241  0.171691  0.0657553  0.494647  0.660324  0.915153  0.645504  0.75402  0.960854  0.219945  0.303503  0.260344  0.729795  0.580875  0.436299  0.509427  0.377116  0.907603  0.0770982  
1.76121  3.91709  2.87675  4.57968  0.029659  2.99592  9.17683  13.1548  1.29162  16.3234  1.7484  2.72688  21.7786  9.75647  2.35666  30.645  27.4179  19.4104  6.7928  35.4736  1.09697  26.5966  30.0164  46.0288  0.880605  0.979272  0.479459  0.57246  0.0029659  0.24966  0.655488  0.822177  0.0717565  0.816169  0.0794727  0.11362  0.837637  0.348445  0.0785552  0.957657  0.806409  0.539178  0.178758  0.886839  0.0261182  0.604469  0.65253  0.958934  
1.424  3.49466  2.22361  3.30264  2.45419  6.33869  5.51798  2.22743  15.5353  3.14472  14.374  16.3971  7.18417  26.2766  11.9181  7.96305  13.3866  10.1559  18.2335  34.8989  8.6986  24.4093  4.55388  27.3656  0.712  0.873666  0.370602  0.41283  0.245419  0.528224  0.394141  0.139214  0.863072  0.157236  0.653365  0.683213  0.276314  0.938451  0.397271  0.248845  0.393724  0.282109  0.479828  0.872471  0.20711  0.554756  0.0989975  0.570117  
1.88295  3.03309  1.62128  3.14279  8.60227  7.21553  6.25535  7.5904  8.51274  17.9384  5.76807  23.6301  25.139  19.2587  14.6216  28.3765  23.8315  5.57958  37.7435  29.025  22.0943  0.643966  42.6056  35.6917  0.941474  0.758272  0.270213  0.392849  0.860227  0.601294  0.446811  0.4744  0.47293  0.896918  0.262185  0.984588  0.966884  0.687809  0.487387  0.886765  0.700927  0.154988  0.99325  0.725625  0.526055  0.0146356  0.926208  0.743576  
0.677941  3.79568  1.32442  7.27966  1.82549  9.56887  9.9588  1.62144  11.7334  1.91715  5.69128  20.6308  18.425  18.4374  26.0074  23.399  4.74824  35.7861  14.8416  19.3277  29.0728  31.1473  36.455  44.9735  0.33897  0.948919  0.220736  0.909957  0.182549  0.797405  0.711343  0.10134  0.651854  0.0958577  0.258695  0.859616  0.708656  0.658478  0.866914  0.73122  0.139654  0.994057  0.390568  0.483192  0.692209  0.707894  0.792499  0.936948  
0.259551  2.26926  3.31455  0.439383  2.56827  1.34191  0.472108  15.0013  0.667899  12.0151  18.3403  21.643  9.76529  21.4407  16.3783  3.56263  23.4205  27.459  13.1558  18.5815  15.4407  14.3133  37.5085  23.5518  0.129775  0.567315  0.552425  0.0549229  0.256827  0.111826  0.033722  0.937578  0.0371055  0.600753  0.83365  0.901793  0.375588  0.76574  0.545942  0.111332  0.688839  0.762751  0.346206  0.464538  0.367635  0.325301  0.815401  0.490663  
0.982009  1.11029  0.810635  5.50754  0.453216  10.0775  7.2169  12.4108  15.3296  5.84636  7.98209  8.2237  18.8202  17.7031  18.483  16.6883  25.403  30.9768  4.78623  34.4359  14.3835  29.8029  23.6989  35.5682  0.491004  0.277573  0.135106  0.688442  0.0453216  0.839788  0.515493  0.775672  0.851646  0.292318  0.362822  0.342654  0.723853  0.632255  0.6161  0.521508  0.747146  0.860467  0.125953  0.860899  0.342463  0.677338  0.515194  0.741005  
0.407482  2.45527  0.163797  6.73665  0.927169  7.15397  6.74049  3.98984  9.16367  18.0315  17.8726  3.21358  8.38578  1.88921  28.0044  6.80913  1.2834  34.0102  8.21954  10.8727  20.8317  16.8266  13.3765  11.7531  0.203741  0.613817  0.0272995  0.842081  0.0927169  0.596164  0.481463  0.249365  0.509093  0.901573  0.812391  0.133899  0.32253  0.0674716  0.93348  0.212785  0.037747  0.944729  0.216304  0.271816  0.495993  0.382424  0.290793  0.244857  
1.04806  3.82331  2.00471  7.94796  3.49834  2.86972  8.6632  4.98578  3.55472  18.3076  4.87299  21.1839  2.59613  25.955  7.86663  13.0757  20.8645  29.8979  11.6243  33.0188  30.6638  29.8885  8.20554  15.1291  0.524029  0.955828  0.334118  0.993495  0.349834  0.239143  0.6188  0.311612  0.197485  0.915381  0.2215  0.882662  0.099851  0.926963  0.262221  0.408616  0.613661  0.830497  0.305901  0.825469  0.730089  0.679284  0.178381  0.31519  
0.442519  2.58887  1.25292  5.59362  0.626316  3.09655  9.36738  13.5543  6.22581  10.2459  16.1379  0.391427  24.9457  9.92907  22.4455  12.365  32.0582  28.8286  27.779  30.3146  11.9198  6.25318  31.6761  35.2927  0.221259  0.647219  0.208821  0.699202  0.0626316  0.258046  0.669099  0.847142  0.345879  0.512297  0.733539  0.0163095  0.959451  0.35461  0.748184  0.386406  0.942888  0.800793  0.731026  0.757864  0.283804  0.142118  0.688611  0.735266  
0.579598  2.87857  5.72028  5.26464  9.43026  0.398588  9.89178  1.30826  7.35191  7.85307  21.4309  15.6066  2.79564  15.4205  4.30153  9.59825  14.8558  11.7381  22.9289  27.7435  41.0827  4.06613  4.69338  1.15233  0.289799  0.719644  0.95338  0.65808  0.943026  0.0332156  0.706556  0.0817661  0.408439  0.392653  0.974133  0.650274  0.107525  0.550734  0.143384  0.299945  0.436934  0.326058  0.603392  0.693588  0.978159  0.0924122  0.10203  0.024007  
0.159974  0.437424  2.64365  4.26839  2.37267  8.11518  3.47825  3.55323  3.45045  19.58  14.8943  2.40797  8.11113  21.5919  21.8733  9.35073  4.04646  3.20087  19.1608  17.6903  5.35417  15.7822  4.7204  1.55657  0.0799871  0.109356  0.440608  0.533549  0.237267  0.676265  0.248446  0.222077  0.191692  0.979001  0.677016  0.100332  0.311967  0.771139  0.729112  0.29221  0.119014  0.0889131  0.504231  0.442258  0.12748  0.358687  0.102617  0.0324286  
1.31217  1.4584  1.27944  5.17702  5.69452  10.3159  2.16195  0.30127  15.7938  11.41  19.2522  17.2245  12.8399  17.5237  10.7635  26.9642  25.8972  16.3036  16.462  30.7278  29.4067  4.21769  34.8982  23.5459  0.656086  0.364601  0.21324  0.647128  0.569452  0.85966  0.154425  0.0188293  0.877435  0.570502  0.875102  0.717687  0.493842  0.625848  0.358782  0.842632  0.761683  0.452877  0.433211  0.768195  0.700158  0.0958566  0.758657  0.49054  
1.88782  1.33815  4.35378  5.15917  5.01161  10.1127  1.99684  0.0780476  9.86892  12.8014  0.372796  10.9602  22.7147  11.7941  28.4959  5.1134  31.9962  3.10506  13.3889  31.3838  25.3224  40.0681  10.9197  29.0903  0.943911  0.334538  0.725629  0.644896  0.501161  0.842722  0.142631  0.00487798  0.548273  0.640071  0.0169453  0.456676  0.873642  0.421217  0.949864  0.159794  0.941063  0.0862517  0.35234  0.784596  0.602914  0.910638  0.237384  0.606048  
0.599931  3.94432  3.86588  1.02803  8.69019  6.79615  12.7495  13.4232  15.7265  18.0138  2.55727  22.9144  8.46505  1.36849  28.4764  9.99901  20.7197  22.1918  33.1588  11.5699  11.0299  27.3225  8.30155  40.0767  0.299966  0.98608  0.644313  0.128504  0.869019  0.566346  0.910677  0.838949  0.873692  0.90069  0.11624  0.954768  0.325579  0.0488747  0.949215  0.312469  0.609402  0.61644  0.8726  0.289249  0.262617  0.620965  0.180468  0.834931  
0.570223  3.07519  0.261238  4.85116  2.86042  9.8325  2.54885  15.9147  10.5386  16.4867  9.65062  3.63902  3.03252  27.6155  7.67164  9.70136  5.44824  25.2528  20.4242  33.348  32.345  17.596  14.4024  12.3307  0.285112  0.768799  0.0435396  0.606395  0.286042  0.819375  0.182061  0.99467  0.585478  0.824337  0.438665  0.151626  0.116635  0.986269  0.255721  0.303168  0.160242  0.701467  0.537479  0.8337  0.770118  0.399908  0.313096  0.25689  
0.391551  3.46611  3.54053  5.16633  2.83232  7.21912  5.25151  3.07163  10.294  13.6272  3.90075  9.55866  9.5609  15.8187  11.6949  7.12526  1.48017  25.9739  6.54385  24.0069  25.5801  23.6523  10.265  24.2538  0.195775  0.866527  0.590089  0.645791  0.283232  0.601593  0.375108  0.191977  0.57189  0.681358  0.177307  0.398278  0.367727  0.564955  0.389831  0.222664  0.0435345  0.721498  0.172207  0.600173  0.60905  0.537552  0.223153  0.505288  
0.627764  0.139769  0.236833  0.703423  9.56311  11.5993  9.506  6.73122  16.6243  6.46446  16.9444  9.01253  17.1199  17.7597  17.5002  28.9861  20.3589  19.9143  9.50263  26.5333  41.2626  11.0025  37.1233  43.9316  0.313882  0.0349422  0.0394722  0.0879279  0.956311  0.966607  0.679  0.420701  0.923574  0.323223  0.7702  0.375522  0.658459  0.634277  0.58334  0.905816  0.598791  0.553174  0.250069  0.663333  0.982444  0.250056  0.807028  0.915241  
0.756446  1.24593  5.52088  0.0212859  1.98858  6.65091  3.28197  4.81575  1.35928  9.12054  2.37189  17.5613  12.7146  23.4388  25.1231  13.5706  10.9696  15.3706  24.0962  11.204  14.821  8.00196  41.8157  38.1473  0.378223  0.311482  0.920146  0.00266074  0.198858  0.554243  0.234426  0.300984  0.0755154  0.456027  0.107813  0.731722  0.489023  0.8371  0.837438  0.424082  0.322635  0.42696  0.63411  0.2801  0.352881  0.181863  0.909037  0.794736  
0.389148  2.68924  1.37529  1.69505  5.13336  0.0358983  9.6694  9.76806  17.8555  4.949  17.341  9.9425  2.18944  19.2751  15.745  0.350726  22.3827  34.9858  27.9903  32.4188  15.221  41.7081  33.6781  15.4193  0.194574  0.67231  0.229215  0.211882  0.513336  0.00299152  0.690671  0.610504  0.991971  0.24745  0.788228  0.414271  0.0842092  0.688397  0.524833  0.0109602  0.658315  0.971827  0.736588  0.81047  0.362404  0.947911  0.732134  0.321235  
1.94663  3.70098  1.01676  2.70182  9.03222  6.14543  13.0251  14.1624  4.09264  12.358  6.62533  2.77565  20.5526  19.2379  24.6847  22.8157  0.545973  17.1806  37.5619  26.4025  26.4542  0.574224  30.7792  2.97817  0.973314  0.925246  0.16946  0.337727  0.903222  0.512119  0.930367  0.885148  0.227369  0.617901  0.301151  0.115652  0.790483  0.687067  0.822823  0.712991  0.016058  0.477238  0.988472  0.660062  0.629862  0.0130506  0.669113  0.0620453  
1.75724  1.529  0.986638  3.03162  8.51806  2.04572  4.88073  6.34914  14.6667  3.45227  1.95975  15.8245  6.39762  25.1821  3.54707  11.6048  25.5887  16.6435  6.12438  0.527364  33.0899  20.4086  19.8028  0.0619625  0.878618  0.382251  0.16444  0.378953  0.851806  0.170476  0.348624  0.396821  0.814815  0.172614  0.0890794  0.659353  0.246062  0.899362  0.118236  0.36265  0.752609  0.46232  0.161168  0.0131841  0.787854  0.463831  0.430497  0.00129088  
1.66998  0.335781  5.67041  6.91556  5.73887  9.81331  6.5028  7.27611  10.5441  8.78365  0.431203  7.69581  19.646  7.27676  28.8607  1.89026  3.59451  15.2754  10.9602  6.27391  32.5385  18.8333  17.6739  44.7865  0.834989  0.0839453  0.945069  0.864445  0.573887  0.817775  0.464486  0.454757  0.585782  0.439183  0.0196001  0.320659  0.755616  0.259884  0.962024  0.0590706  0.105721  0.424317  0.288427  0.156848  0.774727  0.428029  0.384215  0.933052  
1.24655  2.26005  0.951691  0.560014  5.36885  1.80428  0.0760811  8.25868  15.9621  12.4348  15.6712  2.22668  1.77635  7.85291  15.2956  5.70396  6.34248  26.9562  15.3893  0.567585  11.5241  30.7216  31.8627  15.3718  0.623275  0.565013  0.158615  0.0700018  0.536885  0.150357  0.00543436  0.516168  0.886783  0.621741  0.712328  0.0927782  0.0683213  0.280461  0.509854  0.178249  0.186543  0.748784  0.404983  0.0141896  0.274384  0.698218  0.692668  0.320246  
0.589305  1.96353  4.34653  1.93419  9.19316  0.443195  2.62733  8.95387  8.47478  5.97848  13.0067  18.7227  25.8544  9.39404  8.09706  2.6263  24.8667  19.8836  18.8804  35.5211  33.8152  40.2304  14.7837  14.3696  0.294652  0.490883  0.724421  0.241774  0.919316  0.0369329  0.187666  0.559617  0.470821  0.298924  0.591215  0.780112  0.9944  0.335501  0.269902  0.0820718  0.731373  0.552322  0.496853  0.888026  0.805125  0.914328  0.321384  0.299367  
0.881368  1.61099  2.76983  5.51245  8.83034  10.4316  0.667669  1.9876  0.178971  7.70873  7.95484  20.5706  4.51591  23.9753  5.20663  27.8732  5.0544  33.5747  6.33417  19.2374  3.78176  14.3134  32.3543  7.28257  0.440684  0.402749  0.461638  0.689056  0.883034  0.869302  0.0476906  0.124225  0.00994281  0.385437  0.361583  0.857109  0.173689  0.85626  0.173554  0.871038  0.148659  0.932631  0.166689  0.480935  0.0900418  0.325305  0.703354  0.15172  
0.0122317  2.46536  3.10397  1.44507  1.71055  10.758  8.79797  5.80902  10.3911  19.66  11.2136  20.5639  9.51886  9.17627  10.2557  13.1898  8.10476  8.97743  18.491  37.3639  11.7388  30.8565  22.4421  6.20398  0.00611583  0.61634  0.517328  0.180634  0.171055  0.896497  0.628427  0.363064  0.577282  0.982999  0.509709  0.856831  0.36611  0.327724  0.341858  0.412181  0.238375  0.249373  0.486606  0.934098  0.279495  0.701284  0.487873  0.12925  
0.565396  3.31842  1.89294  3.01672  6.17289  5.13066  11.811  1.2163  7.20412  1.87392  4.07728  15.9428  21.3435  10.3029  7.5853  8.36622  19.2161  0.757892  22.8103  9.10546  33.7045  42.5528  42.1231  20.157  0.282698  0.829606  0.31549  0.37709  0.617289  0.427555  0.84364  0.0760184  0.400229  0.0936959  0.185331  0.664283  0.820905  0.367962  0.252843  0.261444  0.565178  0.0210526  0.60027  0.227636  0.802487  0.96711  0.91572  0.419939  
1.27176  3.6073  3.63288  1.88276  5.48108  8.03978  7.06338  3.19549  6.30097  7.14458  7.63616  12.504  20.0401  17.6778  15.0285  8.50194  4.69924  21.2722  2.52421  6.38719  2.99499  1.64918  9.57045  12.9799  0.635882  0.901825  0.605479  0.235345  0.548108  0.669982  0.504527  0.199718  0.350054  0.357229  0.347098  0.521001  0.770773  0.631349  0.500948  0.265685  0.138213  0.590894  0.0664265  0.15968  0.0713092  0.0374814  0.208053  0.270414  
1.78388  0.78781  4.09171  5.43019  8.66467  3.16812  9.61304  13.8665  12.6817  0.436639  17.0492  20.6198  9.07843  22.1126  20.6081  16.0065  1.68742  6.6684  30.4889  0.991261  34.8703  40.3076  34.3935  9.33576  0.891942  0.196952  0.681951  0.678774  0.866467  0.26401  0.686646  0.866659  0.704541  0.021832  0.774966  0.859159  0.34917  0.789734  0.686935  0.500202  0.0496299  0.185233  0.802338  0.0247815  0.830245  0.916081  0.747685  0.194495  
0.6389  2.48784  1.31824  0.988314  0.911591  4.9469  0.564697  3.49396  3.48704  13.845  13.9798  1.6236  15.1138  14.2028  17.6167  8.98512  14.9665  30.7049  15.2419  12.9313  26.7231  34.59  8.5758  17.3092  0.31945  0.62196  0.219707  0.123539  0.0911591  0.412242  0.0403355  0.218373  0.193725  0.692248  0.635446  0.0676499  0.581299  0.507244  0.587222  0.280785  0.440192  0.852913  0.401104  0.323283  0.636265  0.786137  0.18643  0.360608  
1.41159  3.18851  0.467634  6.72691  0.780643  3.16974  6.43175  10.383  9.78511  15.5845  13.9041  16.01  11.1795  24.533  2.07771  25.1681  30.8986  30.2822  35.1617  33.0278  23.9778  37.276  12.8932  22.7289  0.705797  0.797126  0.077939  0.840863  0.0780643  0.264145  0.459411  0.648937  0.543617  0.779225  0.632007  0.667084  0.429982  0.876179  0.069257  0.786503  0.908783  0.841173  0.925309  0.825694  0.570899  0.847182  0.280287  0.473519  
0.176623  2.58074  3.82068  3.54992  1.66656  4.65502  6.57605  4.26711  8.28237  18.8067  19.6357  22.5108  25.3393  23.4341  25.8453  4.81994  24.8516  3.22623  1.83388  7.38305  8.32588  8.26818  8.88993  42.7404  0.0883116  0.645185  0.636779  0.44374  0.166656  0.387918  0.469718  0.266694  0.460132  0.940336  0.892533  0.937951  0.974589  0.836932  0.861511  0.150623  0.73093  0.0896176  0.0482599  0.184576  0.198235  0.187913  0.193259  0.890425  
0.788847  1.39947  3.62511  0.0501252  5.56656  5.68476  8.44123  7.9686  12.9629  8.53377  6.95283  9.56288  17.8399  16.9712  19.8541  18.2112  22.6852  6.20319  37.2962  36.9643  10.9849  22.812  17.8816  1.45866  0.394424  0.349868  0.604186  0.00626564  0.556656  0.47373  0.602945  0.498038  0.720158  0.426688  0.316038  0.398453  0.68615  0.606113  0.661802  0.569099  0.667211  0.172311  0.981478  0.924106  0.261545  0.518456  0.388731  0.0303887  
0.507888  0.186648  5.79575  2.94914  8.29765  3.13185  11.7413  8.4507  14.0186  5.45088  14.4552  12.6864  13.9954  5.38875  5.09736  5.61806  2.30777  27.2257  12.5097  4.27978  15.3143  18.2868  22.4463  10.2297  0.253944  0.0466619  0.965958  0.368643  0.829765  0.260987  0.838665  0.528169  0.778809  0.272544  0.657056  0.528599  0.538283  0.192455  0.169912  0.175564  0.0678756  0.756268  0.329203  0.106994  0.364625  0.41561  0.487964  0.213118  
1.87449  1.57286  4.11297  5.88033  7.36252  0.485627  0.227298  9.07174  16.8971  12.0113  9.18516  5.54834  24.966  2.95017  17.5599  0.544248  13.7822  30.4838  27.914  16.6112  34.8402  41.3453  45.7862  45.9601  0.937245  0.393216  0.685495  0.735041  0.736252  0.0404689  0.0162356  0.566983  0.938729  0.600567  0.417507  0.231181  0.96023  0.105363  0.585332  0.0170078  0.405359  0.846773  0.73458  0.415281  0.829528  0.939666  0.995351  0.957501  
0.409078  2.41629  1.88782  2.63772  5.30433  8.77842  9.0141  0.641534  4.38789  2.73739  3.59451  18.647  10.4618  17.7333  1.60051  27.8368  22.2103  6.13413  19.7597  29.7525  0.515979  11.9136  43.0099  4.59673  0.204539  0.604072  0.314636  0.329715  0.530433  0.731535  0.643864  0.0400959  0.243772  0.136869  0.163387  0.776959  0.402379  0.633334  0.0533505  0.869902  0.653245  0.170392  0.519991  0.743813  0.0122852  0.270763  0.934999  0.0957652  
1.65616  3.99076  5.95478  0.79706  4.40198  0.645843  8.51248  14.6887  3.85311  8.20814  5.07202  9.70447  16.8692  12.4472  25.6011  11.8668  11.7038  1.87794  24.1638  30.1815  17.1445  0.384172  5.81997  25.3848  0.828081  0.99769  0.992463  0.0996325  0.440198  0.0538203  0.608034  0.918045  0.214062  0.410407  0.230547  0.404353  0.648816  0.444542  0.85337  0.370838  0.344231  0.0521651  0.63589  0.754538  0.408202  0.00873118  0.126521  0.52885  
1.8055  2.25679  4.574  5.68459  8.40677  2.38185  12.5886  1.9749  17.789  19.9851  6.37314  7.18557  17.5351  17.7291  27.7557  1.68471  17.343  4.02106  1.04695  14.2661  39.6131  31.3157  6.76845  41.9425  0.90275  0.564199  0.762333  0.710574  0.840677  0.198487  0.899185  0.123431  0.988276  0.999256  0.289688  0.299399  0.674428  0.633182  0.925189  0.0526471  0.510089  0.111696  0.0275513  0.356652  0.943168  0.711719  0.14714  0.873802  
0.858622  1.78525  1.80589  5.91163  8.33114  8.39274  2.861  12.0647  8.82316  12.3919  12.5556  23.8113  9.15504  4.60295  6.91574  18.8266  7.46314  30.0613  21.9224  2.23516  1.41394  37.0026  37.2994  27.0672  0.429311  0.446312  0.300981  0.738954  0.833114  0.699395  0.204357  0.754042  0.490176  0.619593  0.570708  0.992137  0.352117  0.164391  0.230525  0.588332  0.219504  0.835037  0.576905  0.055879  0.0336652  0.840968  0.810856  0.563901  
0.571247  3.17751  1.94004  2.47946  0.312664  8.23022  6.60312  10.6117  10.2572  7.70151  18.0271  2.60825  14.6429  1.32742  2.23541  11.8291  1.19023  26.2136  9.46962  17.0551  39.1807  16.2313  3.48085  19.7227  0.285623  0.794378  0.323339  0.309933  0.0312664  0.685851  0.471652  0.663233  0.569843  0.385076  0.819414  0.108677  0.563189  0.0474078  0.0745137  0.369659  0.0350069  0.728155  0.249201  0.426377  0.932874  0.368892  0.0756707  0.41089  
0.532839  3.80135  4.60038  0.385274  7.74633  6.10136  8.72372  7.64816  16.4162  19.0802  17.7108  10.0299  15.7699  4.3109  10.3228  2.31451  17.4513  9.95035  15.0572  24.9737  30.859  18.0004  36.2787  14.1885  0.26642  0.950338  0.766731  0.0481593  0.774633  0.508447  0.623123  0.47801  0.912012  0.954008  0.805036  0.417914  0.606534  0.153961  0.344093  0.0723283  0.513273  0.276399  0.396242  0.624342  0.734738  0.4091  0.788666  0.295593  
0.408303  0.124088  5.89441  1.25626  0.602394  3.95348  12.1647  4.31167  6.50503  2.80038  13.653  9.26946  22.6949  13.9588  18.157  24.2166  27.8804  6.13021  5.23406  25.0385  12.4278  6.99682  9.68607  44.8728  0.204152  0.0310219  0.982401  0.157033  0.0602394  0.329457  0.86891  0.269479  0.361391  0.140019  0.62059  0.386227  0.87288  0.49853  0.605234  0.756768  0.820012  0.170284  0.137738  0.625963  0.2959  0.159019  0.210567  0.93485  
1.70782  2.22989  4.69747  5.08828  2.14345  0.550891  10.1736  5.29175  16.6488  6.17884  13.6839  2.9084  2.58506  22.2955  3.73279  22.3965  29.2597  14.6534  25.477  22.1297  22.0868  16.9408  6.96823  20.6602  0.853908  0.557473  0.782912  0.636035  0.214345  0.0459076  0.726688  0.330735  0.924933  0.308942  0.621994  0.121183  0.0994255  0.796268  0.124426  0.699891  0.860578  0.40704  0.670447  0.553244  0.525877  0.385017  0.151483  0.43042  
1.44671  0.375457  5.49153  2.08642  7.77578  10.4173  4.77999  0.193543  12.6126  16.2864  17.5704  4.96809  0.490396  27.772  7.69923  1.0783  16.7773  1.63153  8.26967  7.5722  36.5332  34.0675  26.6581  38.2113  0.723355  0.0938643  0.915254  0.260802  0.777578  0.868104  0.341428  0.0120964  0.700702  0.814318  0.798656  0.207004  0.0188614  0.991857  0.256641  0.0336967  0.49345  0.0453203  0.217623  0.189305  0.869837  0.774262  0.579523  0.79607  
1.45206  2.95416  4.27376  1.75002  1.7989  3.99919  0.053363  11.4555  14.0063  0.446414  6.64723  1.93067  0.565214  22.9932  0.337422  14.4452  11.0004  9.26015  19.4189  27.6843  3.29195  19.8309  9.38649  29.7574  0.726028  0.73854  0.712293  0.218753  0.17989  0.333266  0.00381164  0.715972  0.778128  0.0223207  0.302147  0.0804447  0.021739  0.821186  0.0112474  0.451412  0.323541  0.257226  0.511024  0.692107  0.0783797  0.450703  0.204054  0.619946  
1.63723  0.250509  0.0182136  6.89445  8.25365  10.0722  12.6136  3.96727  6.10881  10.7128  17.9901  18.7778  22.9336  21.3154  21.2497  18.9502  23.5076  29.9127  8.41623  4.71233  38.4006  26.269  15.5899  1.56088  0.818613  0.0626272  0.0030356  0.861807  0.825365  0.839353  0.900974  0.247955  0.339379  0.53564  0.817731  0.782408  0.882063  0.761266  0.708322  0.592193  0.691399  0.830909  0.22148  0.117808  0.914299  0.597022  0.338912  0.0325183  
0.611514  2.20845  5.39425  1.24351  5.02426  7.92449  6.54628  14.9689  2.16898  6.52662  15.3615  5.96319  6.90102  22.9394  1.66396  12.6444  23.0888  29.7081  15.2811  7.09685  20.7098  8.38741  15.3386  34.4255  0.305757  0.552113  0.899041  0.155438  0.502426  0.660374  0.467591  0.935555  0.120499  0.326331  0.698252  0.248466  0.265424  0.819265  0.0554655  0.395138  0.679082  0.825224  0.402134  0.177421  0.493091  0.190623  0.333447  0.717198  
0.16673  2.82132  2.79551  3.26478  8.04994  8.67366  9.95772  1.99221  10.2493  1.53802  9.73192  5.9458  17.467  22.1007  24.176  27.926  1.6714  32.3308  34.8406  20.6225  7.15906  0.929653  4.62724  8.30177  0.0833649  0.705329  0.465919  0.408097  0.804994  0.722805  0.711266  0.124513  0.569406  0.0769012  0.44236  0.247742  0.671806  0.78931  0.805867  0.872689  0.0491588  0.898078  0.916858  0.515563  0.170454  0.0211285  0.100592  0.172954  
1.01572  1.13586  2.51149  0.932867  0.0320817  5.18046  3.48354  12.0094  11.3658  12.7313  1.79626  15.9373  5.72003  11.7078  17.7324  25.5373  15.4533  2.25224  30.8824  20.4103  2.21133  12.3668  35.6079  39.458  0.507858  0.283965  0.418581  0.116608  0.00320817  0.431705  0.248825  0.750588  0.631433  0.636567  0.081648  0.664054  0.220001  0.418136  0.59108  0.798039  0.454509  0.0625622  0.812695  0.510258  0.0526507  0.281064  0.774084  0.822041  
0.110312  1.2929  1.76595  2.60076  5.54356  2.60813  10.383  13.0523  10.2593  12.6681  18.1119  7.85106  12.0114  7.10632  12.0965  27.8976  8.77245  31.053  22.6208  36.2585  33.1337  26.7864  22.9922  46.3344  0.055156  0.323226  0.294325  0.325095  0.554356  0.217344  0.741642  0.815768  0.569963  0.633404  0.823267  0.327127  0.461977  0.253797  0.403216  0.871801  0.258013  0.862583  0.595285  0.906462  0.788897  0.608781  0.49983  0.9653  
1.11103  2.11068  4.87597  4.17633  6.12512  11.05  13.9872  10.0348  16.7744  5.30416  15.6684  9.3978  3.67091  3.72498  20.6247  17.5314  23.0404  26.8635  29.7773  28.2576  13.4454  11.9044  15.1402  6.4947  0.555514  0.527671  0.812662  0.522041  0.612512  0.920834  0.999087  0.627176  0.93191  0.265208  0.712202  0.391575  0.141189  0.133035  0.68749  0.547855  0.677658  0.746209  0.783613  0.706439  0.320128  0.270555  0.329134  0.135306  
1.03886  2.15823  2.85503  7.44871  6.4575  2.5328  8.68709  1.03781  9.30915  11.8435  20.6792  13.8392  5.47407  19.3261  20.6975  13.4285  13.5056  4.39887  10.8495  32.4385  1.38142  39.5236  2.12365  4.63709  0.519429  0.539558  0.475839  0.931089  0.64575  0.211067  0.620506  0.0648633  0.517175  0.592175  0.939965  0.576634  0.210541  0.690219  0.689915  0.419639  0.397222  0.122191  0.285514  0.810962  0.032891  0.898264  0.0461662  0.0966061  
0.373793  2.66726  1.68785  3.63695  7.61931  8.90318  8.94766  8.33412  3.04127  12.0623  8.59962  12.3348  3.93214  18.5515  12.8046  9.28155  25.0974  3.18802  17.3936  34.4486  21.1799  14.3012  45.3824  20.5728  0.186896  0.666814  0.281308  0.454619  0.761931  0.741932  0.639119  0.520882  0.16896  0.603116  0.390892  0.513948  0.151236  0.662553  0.42682  0.290048  0.738158  0.0885561  0.457727  0.861216  0.504283  0.325028  0.986574  0.428599  
1.06334  2.15945  2.05243  2.36882  8.03139  0.624398  11.1038  0.0194226  4.52694  2.37025  6.89151  15.2625  22.8693  25.6237  20.0748  17.9529  14.3048  0.440357  11.2207  0.0318116  21.7532  8.15837  10.6444  3.67295  0.531672  0.539864  0.342072  0.296103  0.803139  0.0520331  0.793128  0.00121391  0.251497  0.118513  0.31325  0.635937  0.879587  0.915132  0.66916  0.561028  0.420729  0.0122321  0.295283  0.00079529  0.517934  0.185418  0.231399  0.0765197  
0.262823  2.44708  0.540098  6.04982  4.08771  10.0685  12.1599  15.7639  2.35581  9.4049  1.43602  15.6733  19.2935  13.4441  29.1948  21.3445  25.2014  27.584  11.5191  13.1575  8.46201  30.148  28.42  12.284  0.131411  0.611771  0.0900164  0.756228  0.408771  0.839038  0.868568  0.985245  0.130878  0.470245  0.0652737  0.653055  0.742059  0.480147  0.973161  0.667016  0.741218  0.766223  0.303135  0.328938  0.201476  0.685181  0.617826  0.255917  
0.351179  3.59367  4.98143  1.96781  9.41266  5.67446  13.8813  10.4071  15.2103  4.97254  17.5975  10.2122  10.9164  15.2962  22.6309  22.369  16.4873  22.5585  7.92661  0.79017  9.58186  41.5177  35.9984  45.9004  0.175589  0.898417  0.830239  0.245977  0.941266  0.472871  0.991519  0.650442  0.845018  0.248627  0.799886  0.425507  0.419861  0.546294  0.754362  0.69903  0.48492  0.626626  0.208595  0.0197542  0.22814  0.943584  0.782574  0.956258  
1.05935  2.79198  5.30887  2.81249  3.58388  2.82324  2.20667  13.1665  8.28206  15.5266  7.06019  19.5529  11.4594  5.08407  27.5128  23.432  8.35382  32.9551  29.0062  35.1998  31.5193  23.4247  33.425  43.3954  0.529677  0.697994  0.884812  0.351561  0.358388  0.23527  0.157619  0.822906  0.460115  0.776328  0.320918  0.814705  0.440745  0.181574  0.917094  0.73225  0.245701  0.91542  0.763322  0.879995  0.75046  0.532379  0.72663  0.904071  
0.726189  0.834826  5.9355  6.37612  9.43569  5.0427  12.4291  6.9432  8.26238  6.40524  1.51962  10.0067  5.11622  17.5496  0.482185  12.3124  23.1963  21.9893  22.3761  0.594697  2.13803  26.77  20.9482  26.1627  0.363095  0.208706  0.989251  0.797015  0.943569  0.420225  0.88779  0.43395  0.459021  0.320262  0.0690737  0.416948  0.196778  0.626771  0.0160728  0.384763  0.682244  0.610815  0.588846  0.0148674  0.0509055  0.60841  0.455396  0.545056  
1.05466  1.56902  5.06819  2.16114  5.15485  7.342  6.79716  15.945  2.91211  5.9911  18.7466  19.3342  3.61126  12.6245  14.7155  28.7497  32.0114  32.217  30.7183  22.7527  1.08307  15.9094  41.9526  42.4801  0.527329  0.392254  0.844698  0.270143  0.515485  0.611833  0.485512  0.996564  0.161784  0.299555  0.852116  0.805593  0.138895  0.450875  0.490518  0.898427  0.941512  0.894916  0.808377  0.568819  0.0257874  0.361577  0.912014  0.885001  
1.32505  1.0773  3.55136  7.13849  9.87578  10.0778  0.501232  5.89914  16.4307  17.9973  18.7993  20.4154  23.3077  10.9395  17.0913  28.8693  17.1226  30.7435  26.1932  23.7566  1.99568  34.3434  45.8703  37.8843  0.662526  0.269324  0.591893  0.892311  0.987578  0.839813  0.0358023  0.368696  0.912818  0.899865  0.854515  0.850641  0.89645  0.390695  0.569708  0.902166  0.503607  0.853986  0.689295  0.593915  0.0475161  0.780533  0.99718  0.789257  
1.25464  2.90703  0.981044  0.266345  1.94482  4.27561  2.22494  10.7188  14.6197  1.12402  13.9294  2.26572  24.3998  21.8286  15.1323  30.6177  7.91405  12.3978  8.54919  22.9127  5.0865  1.24954  34.4097  17.4881  0.627319  0.726759  0.163507  0.0332931  0.194482  0.356301  0.158924  0.669927  0.812207  0.0562012  0.633156  0.0944051  0.938453  0.779594  0.504411  0.956802  0.232766  0.344384  0.224979  0.572818  0.121107  0.0283986  0.748037  0.364336  
1.8346  2.75066  4.13478  2.4827  7.38851  7.49927  9.34634  5.74922  5.12347  13.9329  14.4646  10.8675  6.66731  2.69349  24.0721  8.54226  1.23539  23.7094  20.1294  5.10659  14.5964  26.51  41.9097  9.99489  0.917298  0.687666  0.689131  0.310338  0.738851  0.624939  0.667596  0.359326  0.284637  0.696646  0.657481  0.452812  0.256435  0.0961959  0.802404  0.266946  0.036335  0.658594  0.52972  0.127665  0.347533  0.602501  0.911081  0.208227  
0.851377  1.47167  4.8568  5.55051  8.6575  6.52264  13.7043  6.71014  8.14479  15.6828  4.58885  19.0778  17.8609  14.4328  11.1602  4.43987  15.0612  14.476  34.2996  4.77094  8.10868  12.7868  42.4639  40.7409  0.425689  0.367919  0.809467  0.693814  0.86575  0.543553  0.978878  0.419384  0.452489  0.784141  0.208584  0.794908  0.686956  0.515456  0.372006  0.138746  0.442976  0.402112  0.902621  0.119273  0.193064  0.290608  0.923128  0.848768  
1.20595  3.3395  5.94182  6.69211  1.89591  9.35321  2.86059  6.85773  0.94802  10.7961  12.6111  22.5521  19.6843  26.2165  2.53236  21.7916  23.4011  23.8485  28.5071  22.9355  23.8266  6.76824  12.7951  16.6037  0.602976  0.834874  0.990304  0.836514  0.189591  0.779434  0.204328  0.428608  0.0526678  0.539805  0.573231  0.939671  0.757089  0.936304  0.0844121  0.680987  0.688268  0.662457  0.750187  0.573388  0.5673  0.153824  0.278154  0.345911  
0.744267  1.19756  5.83325  3.46352  2.14667  4.4532  3.27864  7.51003  13.6231  9.83325  21.1431  5.09819  9.43568  6.85738  23.8235  16.025  12.3858  27.4689  22.0951  21.5025  2.9651  34.1952  15.2056  40.4409  0.372134  0.299391  0.972209  0.43294  0.214667  0.3711  0.234188  0.469377  0.756837  0.491663  0.96105  0.212425  0.362911  0.244907  0.794118  0.500782  0.364288  0.763025  0.581451  0.537562  0.0705976  0.777164  0.330557  0.842519  
1.24144  2.85442  5.93555  3.22605  0.779443  3.99716  0.887381  0.118686  9.0796  12.6777  8.95974  12.4321  14.6104  3.89963  18.4471  13.6211  2.61305  26.1834  25.3174  17.2869  14.2704  11.9315  17.5549  2.7713  0.620719  0.713604  0.989259  0.403256  0.0779443  0.333097  0.0633843  0.00741786  0.504422  0.633884  0.407261  0.518004  0.561937  0.139272  0.614905  0.425658  0.0768544  0.727317  0.666248  0.432173  0.339771  0.27117  0.381629  0.0577354  
0.911323  2.35033  5.53937  7.77329  9.80881  2.01308  2.15804  9.77995  3.50526  3.03497  9.87048  23.0326  24.0473  17.606  6.7077  18.5806  33.2886  35.9077  24.7355  22.6322  10.0257  5.08616  22.5208  34.8084  0.455661  0.587581  0.923228  0.971662  0.980881  0.167757  0.154145  0.611247  0.194736  0.151749  0.448658  0.95969  0.924897  0.628787  0.22359  0.580642  0.979077  0.997436  0.650934  0.565805  0.238708  0.115594  0.489584  0.725176  
0.0999012  0.482514  1.72379  5.05457  9.51757  11.307  5.78963  8.50278  1.65833  16.9656  10.3607  19.5397  2.45811  26.6479  7.13524  27.017  16.7433  29.9863  13.0826  10.5528  2.69211  9.05544  41.662  45.101  0.0499506  0.120629  0.287299  0.631821  0.951757  0.942248  0.413545  0.531424  0.0921295  0.848281  0.470943  0.814154  0.0945426  0.95171  0.237841  0.844282  0.492451  0.832954  0.344279  0.263821  0.0640979  0.205805  0.905696  0.939604  
0.751794  2.50006  4.41009  0.635428  5.04826  5.43557  11.4372  12.6483  9.69794  19.2382  1.27327  5.86584  22.386  9.3687  1.11052  2.21412  26.3058  31.8427  0.168594  22.4  7.29142  18.2043  14.6602  35.2928  0.375897  0.625016  0.735015  0.0794284  0.504826  0.452964  0.816941  0.790522  0.538775  0.961912  0.057876  0.24441  0.861001  0.334596  0.0370174  0.0691912  0.773701  0.884518  0.0044367  0.560001  0.173605  0.413734  0.318699  0.735267  
1.98716  2.46365  0.307535  1.12646  8.77636  0.745529  3.01032  14.9258  5.6129  3.86209  11.0482  11.3819  15.8128  17.662  16.0574  4.89593  21.257  22.357  23.1336  19.2811  1.64103  12.3774  2.11919  13.962  0.993578  0.615911  0.0512559  0.140807  0.877636  0.0621274  0.215023  0.932862  0.311828  0.193105  0.502189  0.474248  0.608183  0.630786  0.535245  0.152998  0.625205  0.621029  0.608778  0.482028  0.0390722  0.281304  0.0460693  0.290876  
0.705736  1.57919  0.990407  3.06496  4.53389  5.39397  7.17452  15.494  2.07221  9.94644  5.59148  2.21069  4.23486  26.7513  0.686512  16.369  7.92805  13.1385  28.4518  18.6897  37.104  34.6239  44.6036  40.0338  0.352868  0.394797  0.165068  0.38312  0.453389  0.449498  0.512466  0.968377  0.115123  0.497322  0.254158  0.092112  0.162879  0.955404  0.0228837  0.511533  0.233178  0.364959  0.748731  0.467242  0.883428  0.786907  0.969644  0.834037  
1.26756  2.73034  3.63455  1.1272  1.39404  2.34867  9.51226  3.45126  4.51262  1.25429  20.8631  20.4277  10.6285  8.03401  9.60643  11.4479  7.34678  1.74509  30.767  38.6587  12.438  1.61311  18.6921  22.657  0.63378  0.682585  0.605758  0.140901  0.139404  0.195723  0.679447  0.215704  0.250701  0.0627144  0.948324  0.851153  0.408788  0.286929  0.320214  0.357748  0.216082  0.0484748  0.809657  0.966467  0.296144  0.0366617  0.406351  0.472022  
0.898643  3.04955  5.2058  5.03924  0.467762  5.99396  0.485086  12.1326  0.866781  15.9932  12.6802  6.49286  4.07936  13.8741  4.08705  13.8644  26.4917  35.6273  25.9543  29.1552  35.9133  11.688  1.45393  6.91923  0.449321  0.762387  0.867633  0.629905  0.0467762  0.499497  0.034649  0.758286  0.0481545  0.799659  0.576374  0.270536  0.156898  0.495504  0.136235  0.433261  0.779167  0.989648  0.683007  0.728881  0.855079  0.265637  0.0316071  0.144151  
1.21365  0.0144477  4.27549  0.963606  0.0953396  0.731158  4.95771  7.32727  10.8175  14.028  12.5431  5.66572  1.82605  27.3946  14.658  25.3498  18.421  34.3705  4.74058  6.03781  10.0642  9.0653  6.29527  44.264  0.606827  0.00361192  0.712582  0.120451  0.00953396  0.0609298  0.354122  0.457954  0.60097  0.701402  0.57014  0.236072  0.0702326  0.97838  0.488599  0.792183  0.541795  0.954737  0.124752  0.150945  0.239624  0.20603  0.136854  0.922166  
1.17597  0.686647  0.744268  3.77622  4.70358  6.14689  5.2892  2.43742  16.0526  9.51649  13.9291  22.1492  20.2089  11.1561  0.0928842  21.8641  28.6852  15.9655  29.134  24.7765  40.0903  13.7338  32.3836  8.12745  0.587984  0.171662  0.124045  0.472028  0.470358  0.512241  0.3778  0.152339  0.891813  0.475825  0.633142  0.922883  0.777265  0.398431  0.00309614  0.683254  0.843682  0.443486  0.766685  0.619412  0.954531  0.312132  0.703991  0.169322  
0.24647  0.201178  1.76022  0.303576  9.09224  3.58398  6.38566  5.43429  5.86254  18.4624  2.94287  17.3947  13.5694  6.74698  7.42273  19.8905  0.447589  2.7929  8.36643  0.843644  0.908361  43.2921  11.9954  7.45959  0.123235  0.0502946  0.29337  0.037947  0.909224  0.298665  0.456119  0.339643  0.325697  0.923118  0.133767  0.724781  0.521899  0.240964  0.247424  0.621579  0.0131644  0.0775805  0.220169  0.0210911  0.0216276  0.983911  0.260769  0.155408  
0.441879  1.6492  2.84161  1.46871  5.0498  9.58682  1.2819  14.0038  8.54822  13.6528  4.53615  3.65331  17.0258  0.0554582  5.88744  21.1734  24.9378  1.18945  11.7429  22.1101  25.7574  14.9359  7.10213  22.1794  0.220939  0.4123  0.473602  0.183589  0.50498  0.798902  0.0915642  0.875235  0.474901  0.682642  0.206189  0.152221  0.65484  0.00198065  0.196248  0.661669  0.733464  0.0330403  0.309023  0.552751  0.613273  0.339452  0.154394  0.462071  
1.37045  1.22214  3.44157  2.08673  7.50986  6.28474  7.70355  8.57535  0.0053179  16.6952  16.5858  12.5776  0.35254  18.8913  5.68275  29.578  16.2497  7.12475  12.9878  10.8142  27.2429  17.2255  24.0613  20.4537  0.685223  0.305536  0.573595  0.260841  0.750986  0.523728  0.550254  0.53596  0.000295439  0.83476  0.753901  0.524068  0.0135592  0.674688  0.189425  0.924313  0.477933  0.19791  0.341785  0.270356  0.648642  0.391488  0.523071  0.426119  
1.99999  0.633724  0.98472  7.98135  1.93469  2.37439  2.2677  2.73561  2.26951  3.79827  3.62867  4.96839  6.62622  6.71746  6.27357  8.86087  9.22294  8.58775  11.9104  11.9402  14.0535  14.4762  17.4792  20.8159  0.999994  0.158431  0.16412  0.997669  0.193469  0.197866  0.161978  0.170976  0.126084  0.189914  0.16494  0.207016  0.254855  0.239909  0.209119  0.276902  0.271263  0.238549  0.313433  0.298505  0.334606  0.329004  0.379983  0.433665  
1.99968  0.881007  5.99851  7.99808  2.0536  1.83707  3.21736  2.2553  3.79198  5.33869  5.57478  5.50504  6.72291  6.19456  6.99364  9.87781  9.23578  11.7845  12.6071  12.8472  15.2543  15.8842  18.3793  21.8765  0.99984  0.220252  0.999752  0.99976  0.20536  0.153089  0.229811  0.140956  0.210666  0.266934  0.253399  0.229377  0.258573  0.221234  0.233121  0.308681  0.271641  0.327347  0.331767  0.321179  0.363198  0.361006  0.39955  0.45576  
1.99766  3.99484  1.49821  1.21358  2.17693  2.51301  2.32202  3.80619  2.53788  4.36358  4.24907  4.52258  7.22522  5.99851  6.41873  8.75264  10.575  9.26754  12.8581  11.9622  14.4505  17.6153  18.3487  21.8747  0.998831  0.99871  0.249701  0.151698  0.217693  0.209418  0.165859  0.237887  0.140993  0.218179  0.19314  0.188441  0.277893  0.214232  0.213958  0.27352  0.311029  0.257432  0.338371  0.299054  0.34406  0.400347  0.398884  0.455724  
1.99999  0.633724  0.98472  7.98135  1.93469  2.37439  2.2677  2.73561  2.26951  3.79827  3.62867  4.96839  6.62622  6.71746  6.27357  8.86087  9.22294  8.58775  11.9104  11.9402  14.0535  14.4762  17.4792  20.8159  0.999994  0.158431  0.16412  0.997669  0.193469  0.197866  0.161978  0.170976  0.126084  0.189914  0.16494  0.207016  0.254855  0.239909  0.209119  0.276902  0.271263  0.238549  0.313433  0.298505  0.334606  0.329004  0.379983  0.433665  
0.284963  0.585718  0.893169  7.92376  1.69428  1.94453  1.95617  2.38185  3.44103  3.20544  3.25845  5.79895  5.30958  6.65746  6.30368  8.09833  8.72848  9.67677  8.99907  12.0997  14.1059  15.2225  16.2671  20.9033  0.142481  0.14643  0.148861  0.99047  0.169428  0.162044  0.139727  0.148865  0.191168  0.160272  0.148111  0.241623  0.204215  0.237767  0.210123  0.253073  0.25672  0.268799  0.236818  0.302493  0.335854  0.345966  0.353634  0.435485  
1.99826  0.56091  0.879498  1.2367  1.3329  2.44648  2.54769  2.16457  4.24282  4.36259  5.48738  4.76359  6.17506  7.0995  7.64144  8.53792  10.6847  11.9434  12.4948  13.5814  16.1148  15.4346  19.1103  21.8931  0.99913  0.140228  0.146583  0.154587  0.13329  0.203873  0.181978  0.135285  0.235712  0.218129  0.249426  0.198483  0.237502  0.253553  0.254715  0.26681  0.314257  0.331761  0.328812  0.339536  0.383685  0.350786  0.415441  0.456105  
0.284963  0.585718  0.893169  7.20816  1.90666  1.94453  1.95617  3.04716  3.44103  3.20544  3.25845  5.79895  5.30958  6.65746  6.30368  8.09833  8.72848  9.67677  8.99907  12.0997  14.1059  14.9757  16.2671  20.9033  0.142481  0.14643  0.148861  0.90102  0.190666  0.162044  0.139727  0.190447  0.191168  0.160272  0.148111  0.241623  0.204215  0.237767  0.210123  0.253073  0.25672  0.268799  0.236818  0.302493  0.335854  0.340356  0.353634  0.435485  
1.93617  0.626452  0.98472  7.98135  1.29906  2.3224  1.8043  2.8535  3.8877  4.33067  3.94295  4.81216  5.12452  6.50546  6.42113  5.11253  6.43458  10.9462  11.8238  11.0002  14.2452  14.8184  17.6597  20.884  0.968085  0.156613  0.16412  0.997669  0.129906  0.193533  0.128879  0.178343  0.215984  0.216533  0.179225  0.200507  0.197097  0.232338  0.214038  0.159767  0.189252  0.304061  0.311153  0.275006  0.339172  0.336783  0.383907  0.435083  
1.98791  0.633724  0.98472  6.85911  1.99362  1.63734  2.11066  2.73092  4.08552  4.85232  5.40369  5.40271  6.73482  6.71746  6.28524  9.18737  8.84433  8.58775  11.9789  12.5726  14.3997  15.5015  16.8187  20.6859  0.993954  0.158431  0.16412  0.857389  0.199362  0.136445  0.150761  0.170682  0.226973  0.242616  0.245622  0.225113  0.259032  0.239909  0.209508  0.287105  0.260127  0.238549  0.315235  0.314316  0.342851  0.352307  0.365623  0.430957  
1.71865  0.56091  0.879498  1.2367  1.3329  2.63668  2.83089  2.16457  4.24282  4.36259  5.48738  5.04867  6.17506  7.87483  7.07891  8.53792  10.6847  11.9434  12.0328  13.5814  16.1148  15.4346  19.1103  21.8827  0.859325  0.140228  0.146583  0.154587  0.13329  0.219724  0.202207  0.135285  0.235712  0.218129  0.249426  0.210361  0.237502  0.281244  0.235964  0.26681  0.314257  0.331761  0.316651  0.339536  0.383685  0.350786  0.415441  0.45589  
0.284963  0.585718  4.09512  1.05057  1.95543  1.83149  2.10678  2.78199  3.03188  3.20544  3.90291  6.37383  6.94766  6.97707  7.0521  6.50059  10.2948  10.835  10.9908  12.671  14.6711  15.7294  16.3454  21.9213  0.142481  0.14643  0.68252  0.131321  0.195543  0.152624  0.150484  0.173874  0.168438  0.160272  0.177405  0.265576  0.267218  0.249181  0.23507  0.203144  0.302789  0.300973  0.289233  0.316774  0.349313  0.357487  0.355335  0.456694  
1.80743  0.611001  0.98472  7.30024  1.23087  1.70987  1.75791  2.68747  2.66875  3.78747  3.62867  5.41583  5.99086  5.99937  5.91038  7.11113  9.33224  11.1973  12.0196  11.8318  14.3613  15.0949  17.4885  20.7294  0.903713  0.15275  0.16412  0.91253  0.123087  0.142489  0.125565  0.167967  0.148264  0.189373  0.16494  0.22566  0.230418  0.214263  0.197013  0.222223  0.274478  0.311037  0.316305  0.295794  0.341936  0.343067  0.380186  0.431862  
1.99967  0.633724  1.07917  6.85911  1.92427  1.2714  2.3435  2.08464  2.99846  3.80765  4.37193  4.96839  6.07972  7.4254  6.27357  8.6329  8.84433  8.58775  11.9157  12.1951  13.876  15.3834  16.8187  21.8463  0.999837  0.158431  0.179861  0.857389  0.192427  0.10595  0.167393  0.13029  0.166581  0.190382  0.198724  0.207016  0.233835  0.265193  0.209119  0.269778  0.260127  0.238549  0.313572  0.304876  0.330381  0.349623  0.365623  0.455132  
1.88954  0.54868  0.987248  7.99994  1.10464  1.57223  2.30759  2.72288  2.19727  4.20769  3.62867  5.44485  5.46043  7.36747  6.27357  7.14003  8.46795  11.805  12.0453  12.0323  14.0948  14.6714  17.4792  20.7342  0.944769  0.13717  0.164541  0.999992  0.110464  0.131019  0.164828  0.17018  0.122071  0.210384  0.16494  0.226869  0.210016  0.263124  0.209119  0.223126  0.249057  0.327917  0.316982  0.300807  0.33559  0.333441  0.379983  0.431963  
1.99913  0.633724  1.39663  7.98135  1.95542  2.26371  2.26596  2.76203  2.26951  3.79827  3.62867  4.83796  6.62622  6.69898  6.69224  8.21783  8.78125  8.58775  12.0952  12.8952  14.1123  14.5804  17.4083  20.6072  0.999565  0.158431  0.232772  0.997669  0.195542  0.188642  0.161854  0.172627  0.126084  0.189914  0.16494  0.201582  0.254855  0.239249  0.223075  0.256807  0.258272  0.238549  0.318296  0.322379  0.336006  0.331372  0.378441  0.429318  
1.88954  0.542156  0.98472  7.30024  1.7298  1.66542  2.33305  2.12121  2.71846  4.35641  3.00088  4.90467  5.12304  7.1036  6.46879  7.26364  9.74874  11.1878  12.0549  12.1179  14.3687  14.7011  17.4866  20.738  0.944769  0.135539  0.16412  0.91253  0.17298  0.138785  0.166647  0.132576  0.151025  0.217821  0.136404  0.204361  0.19704  0.2537  0.215626  0.226989  0.286728  0.310773  0.317233  0.302948  0.342111  0.334115  0.380143  0.432041  
1.72582  0.596569  0.852515  6.51127  1.95684  2.05906  2.28392  2.27452  2.69041  3.79827  3.45881  4.96928  5.47696  5.76872  7.68745  7.07205  9.73627  10.9869  12.0245  10.0722  13.8524  15.4938  18.4415  21.8833  0.86291  0.149142  0.142086  0.813909  0.195684  0.171589  0.163137  0.142157  0.149467  0.189914  0.157218  0.207053  0.210652  0.206026  0.256248  0.221002  0.286361  0.305193  0.316433  0.251805  0.32982  0.352131  0.400902  0.455902  
1.31778  0.56091  0.879498  1.2367  1.3329  2.48168  2.54769  2.16457  4.24282  4.36259  5.48738  4.76359  6.17506  7.87483  7.07891  8.53792  10.6847  11.9434  12.0328  13.5814  16.1148  15.4346  19.1103  21.8931  0.658889  0.140228  0.146583  0.154587  0.13329  0.206807  0.181978  0.135285  0.235712  0.218129  0.249426  0.198483  0.237502  0.281244  0.235964  0.26681  0.314257  0.331761  0.316651  0.339536  0.383685  0.350786  0.415441  0.456105  
0.284963  0.585718  3.11681  1.05057  1.57577  1.71712  2.10678  2.62931  4.31048  3.20544  3.90291  6.66992  6.75591  6.57083  6.74941  7.35117  10.5111  11.9421  12.6654  11.3473  16.2804  15.7294  18.0535  22.8043  0.142481  0.14643  0.519469  0.131321  0.157577  0.143093  0.150484  0.164332  0.239471  0.160272  0.177405  0.277913  0.259843  0.234673  0.22498  0.229724  0.309151  0.331724  0.333301  0.283681  0.387629  0.357487  0.392467  0.47509  
1.9999  0.741247  1.07917  6.85911  1.93469  1.2714  2.3435  2.08464  2.99846  3.80765  4.31693  4.96839  6.07972  7.32994  6.27357  8.6329  8.84433  8.61045  12.2361  11.9127  13.8845  15.3834  16.8187  21.8463  0.999948  0.185312  0.179861  0.857389  0.193469  0.10595  0.167393  0.13029  0.166581  0.190382  0.196224  0.207016  0.233835  0.261784  0.209119  0.269778  0.260127  0.239179  0.322001  0.297818  0.330584  0.349623  0.365623  0.455132  
1.9488  0.722345  1.69841  7.98476  1.67311  2.27565  3.41007  2.59036  3.20196  4.81406  5.18973  5.00319  7.35836  6.7427  6.67358  9.25972  10.7986  11.7943  12.6492  12.8011  14.8995  15.5505  18.3837  21.8833  0.974402  0.180586  0.283068  0.998096  0.167311  0.189638  0.243577  0.161898  0.177887  0.240703  0.235897  0.208466  0.283014  0.240811  0.222453  0.289366  0.317605  0.32762  0.332874  0.320027  0.354749  0.35342  0.399647  0.455902  
1.88954  0.817484  0.98472  7.30024  1.7298  1.66542  2.33305  2.12121  2.71846  3.78622  3.00088  4.90467  5.49543  7.1036  6.46879  7.26364  9.74874  11.1953  12.0549  12.1179  14.3687  14.7011  17.4866  20.738  0.944769  0.204371  0.16412  0.91253  0.17298  0.138785  0.166647  0.132576  0.151025  0.189311  0.136404  0.204361  0.211363  0.2537  0.215626  0.226989  0.286728  0.31098  0.317233  0.302948  0.342111  0.334115  0.380143  0.432041  
1.95917  0.609575  1.64062  7.98135  1.33602  2.32151  1.99832  3.26473  3.81327  3.868  3.26231  4.81216  5.42664  6.51135  6.38515  5.11253  6.43458  10.8952  11.774  11.0031  14.2399  14.662  17.7275  21.0031  0.979584  0.152394  0.273436  0.997669  0.133602  0.193459  0.142737  0.204046  0.211848  0.1934  0.148287  0.200507  0.208717  0.232548  0.212838  0.159767  0.189252  0.302645  0.309843  0.275077  0.339045  0.333227  0.385379  0.437564  
1.91522  0.951343  4.84409  1.28243  2.46255  3.2028  2.85936  3.27723  3.17109  4.5279  4.39513  5.72265  7.02715  8.00693  7.85197  9.65885  11.6898  10.6545  11.2494  13.6787  14.4425  17.1285  19.4909  21.841  0.95761  0.237836  0.807349  0.160304  0.246255  0.2669  0.20424  0.204827  0.176172  0.226395  0.199779  0.238444  0.270275  0.285962  0.261732  0.301839  0.343817  0.295957  0.296037  0.341967  0.343869  0.389284  0.423716  0.455021  
1.99837  0.898455  1.6982  7.99808  1.89702  2.27512  3.41007  2.61336  3.42932  4.81406  5.18973  5.00319  7.35836  6.25429  7.04657  9.25972  10.7986  11.7845  12.6761  12.8277  14.9127  15.4951  18.3793  21.8765  0.999187  0.224614  0.283033  0.99976  0.189702  0.189593  0.243577  0.163335  0.190518  0.240703  0.235897  0.208466  0.283014  0.223367  0.234886  0.289366  0.317605  0.327347  0.333581  0.320693  0.355063  0.352161  0.39955  0.45576  
1.88954  0.953686  0.987248  7.99994  1.10464  1.57223  2.30759  2.761  2.201  4.20769  3.62867  5.48314  5.46043  7.36747  6.27357  7.14003  8.46795  11.805  12.0453  11.6869  14.2112  14.6714  17.4792  20.7342  0.944769  0.238422  0.164541  0.999992  0.110464  0.131019  0.164828  0.172562  0.122278  0.210384  0.16494  0.228464  0.210016  0.263124  0.209119  0.223126  0.249057  0.327917  0.316982  0.292172  0.338362  0.333441  0.379983  0.431963  
1.99641  0.681932  1.6982  6.13635  1.6135  1.51614  3.27874  3.14653  2.88181  3.86737  5.31117  5.40809  6.83061  6.09357  6.84095  9.85898  8.39187  11.7845  12.7479  13.1371  14.3442  15.5013  18.3793  21.8792  0.998205  0.170483  0.283033  0.767043  0.16135  0.126345  0.234196  0.196658  0.160101  0.193368  0.241417  0.225337  0.262716  0.217628  0.228032  0.308093  0.24682  0.327347  0.335472  0.328427  0.341528  0.352303  0.39955  0.455816  
1.30791  0.627678  1.25785  7.39833  1.36795  1.89299  2.2677  2.70627  2.21123  3.77514  3.62867  5.39054  6.59537  6.02772  6.27348  7.12526  9.35177  11.805  11.6489  11.7051  14.0535  14.6232  17.4792  20.7342  0.653956  0.156919  0.209642  0.924792  0.136795  0.157749  0.161978  0.169142  0.122846  0.188757  0.16494  0.224606  0.253668  0.215276  0.209116  0.222664  0.275052  0.327917  0.306549  0.292627  0.334606  0.332345  0.379983  0.431963  
1.72647  0.596569  1.51883  6.9123  1.95684  2.05906  2.29146  2.27452  2.69041  3.79827  3.45881  4.96839  5.47696  5.76872  7.68745  7.07205  9.73627  10.9869  12.0245  10.0722  13.8524  15.4938  18.4415  21.8833  0.863234  0.149142  0.253139  0.864037  0.195684  0.171589  0.163676  0.142157  0.149467  0.189914  0.157218  0.207016  0.210652  0.206026  0.256248  0.221002  0.286361  0.305193  0.316433  0.251805  0.32982  0.352131  0.400902  0.455902  
1.88927  0.979703  0.98472  7.30024  1.77215  1.71088  1.75791  2.73561  2.66875  3.78747  3.62867  5.41583  5.49543  6.76226  5.91038  8.11561  7.92489  11.1973  12.0759  11.7602  14.389  14.9789  17.4792  20.7342  0.944635  0.244926  0.16412  0.91253  0.177215  0.142573  0.125565  0.170976  0.148264  0.189373  0.16494  0.22566  0.211363  0.241509  0.197013  0.253613  0.233085  0.311037  0.317787  0.294005  0.342594  0.34043  0.379983  0.431963  
1.92134  0.78066  4.65483  0.936256  2.3649  2.93702  2.87577  2.77783  4.05502  4.5279  5.15091  6.21662  6.8692  7.69326  8.54521  9.2112  11.6898  10.9206  12.0045  13.1268  14.5035  17.1458  19.4909  21.8304  0.960672  0.195165  0.775804  0.117032  0.23649  0.244752  0.205412  0.173614  0.225279  0.226395  0.234132  0.259026  0.2642  0.274759  0.28484  0.28785  0.343817  0.30335  0.315907  0.32817  0.345322  0.389678  0.423716  0.454799  
1.64759  0.500115  1.26272  7.95592  1.36552  1.71088  2.33211  2.50584  2.30999  3.4797  4.38724  5.63127  5.49543  6.59953  6.3861  7.12526  9.35177  11.6663  11.9323  11.6818  14.1154  14.6232  17.4792  20.7429  0.823795  0.125029  0.210453  0.99449  0.136552  0.142573  0.166579  0.156615  0.128333  0.173985  0.19942  0.234636  0.211363  0.235698  0.21287  0.222664  0.275052  0.324065  0.314008  0.292045  0.336081  0.332345  0.379983  0.432145  
1.99854  0.887552  1.51883  6.82675  1.64089  2.54471  2.21955  2.64349  4.253  4.34636  3.48795  5.40244  5.64327  6.33722  7.44279  7.14683  8.85465  11.1973  12.0069  11.5727  14.1555  14.5835  18.4428  21.9983  0.999271  0.221888  0.253139  0.853343  0.164089  0.212059  0.158539  0.165218  0.236278  0.217318  0.158543  0.225102  0.217049  0.226329  0.248093  0.223339  0.260431  0.311037  0.315971  0.289318  0.337036  0.331443  0.40093  0.458298  
1.71935  1.03413  0.879498  1.2367  1.83332  2.46052  2.68018  3.39504  3.71982  4.45588  5.0918  5.42187  6.77311  6.19886  5.27832  10.197  10.7134  12.3652  12.276  12.3878  14.8634  15.6313  17.2668  21.996  0.859677  0.258533  0.146583  0.154587  0.183332  0.205043  0.191441  0.21219  0.206657  0.222794  0.231445  0.225911  0.260504  0.221388  0.175944  0.318655  0.315101  0.343478  0.323054  0.309695  0.353889  0.355256  0.375366  0.458249  
0.287818  0.601015  1.80325  4.80811  1.8659  2.05207  2.64234  3.42629  3.31026  3.8264  4.22984  5.92414  7.52633  5.61625  6.64999  5.7829  9.36857  9.19323  11.9826  11.4448  14.2957  14.8186  17.4426  20.8727  0.143909  0.150254  0.300541  0.601014  0.18659  0.171006  0.188738  0.214143  0.183903  0.19132  0.192266  0.246839  0.289474  0.20058  0.221666  0.180716  0.275546  0.255368  0.315333  0.286121  0.340373  0.336787  0.379188  0.434849  
1.30988  0.739604  2.96905  1.30707  2.51128  3.22109  2.89401  2.75405  4.26417  4.95126  5.16252  5.72265  7.0001  8.04048  7.77214  9.16042  11.6983  11.7799  11.96  12.7884  14.5035  16.8986  19.3195  21.8028  0.654942  0.184901  0.494842  0.163384  0.251128  0.268424  0.206715  0.172128  0.236898  0.247563  0.23466  0.238444  0.269235  0.28716  0.259071  0.286263  0.344069  0.327219  0.314737  0.31971  0.345322  0.384059  0.419989  0.454224  
0.445476  3.57615  4.24156  2.32428  1.92819  2.98304  3.51874  4.35863  3.4067  5.19767  3.95822  4.76012  7.11513  8.09891  8.99653  6.21447  9.41444  12.6938  11.6833  14.0347  13.4839  16.8298  19.4151  21.8756  0.222738  0.894039  0.706927  0.290535  0.192819  0.248587  0.251339  0.272414  0.189261  0.259883  0.179919  0.198338  0.273659  0.289247  0.299884  0.194202  0.276895  0.352606  0.307454  0.350868  0.321045  0.382496  0.422068  0.455742  
1.30791  0.500115  1.26193  7.86781  1.38161  1.89379  2.33211  3.02182  2.26951  3.79827  3.62867  5.34076  5.49543  6.61302  6.27357  7.17192  9.1452  11.805  11.7615  11.7008  14.3082  14.7011  17.4792  20.7454  0.653956  0.125029  0.210322  0.983476  0.138161  0.157816  0.166579  0.188864  0.126084  0.189914  0.16494  0.222532  0.211363  0.236179  0.209119  0.224122  0.268976  0.327917  0.309513  0.29252  0.34067  0.334115  0.379983  0.432195  
1.99728  0.681932  1.6982  3.97182  1.6135  2.51693  3.27874  3.14653  2.78269  3.86737  5.27614  5.40809  7.17076  6.04074  6.50065  9.85898  8.39187  11.7845  12.6089  12.8152  15.1147  15.4109  18.3793  21.8792  0.998641  0.170483  0.283033  0.496477  0.16135  0.209744  0.234196  0.196658  0.154594  0.193368  0.239824  0.225337  0.275799  0.215741  0.216688  0.308093  0.24682  0.327347  0.331814  0.32038  0.359873  0.350247  0.39955  0.455816  
0.383788  1.94636  5.23183  1.90172  1.48795  2.68396  3.35676  4.11621  4.19913  4.39496  5.72838  5.51283  6.23054  5.99326  8.24584  8.52753  8.80528  11.323  13.9008  13.1657  15.4243  17.7081  18.6303  21.771  0.191894  0.486591  0.871972  0.237715  0.148795  0.223664  0.239769  0.257263  0.233285  0.219748  0.260381  0.229701  0.239636  0.214045  0.274861  0.266485  0.258979  0.314527  0.365811  0.329143  0.367245  0.402456  0.405006  0.453563  
0.0485395  0.720622  0.722622  6.39808  1.44792  2.59339  3.78986  3.60354  3.09648  4.76895  4.93791  6.0365  6.79931  6.94112  9.59724  7.2624  11.4985  11.5211  13.2719  12.3018  14.1785  15.3326  18.1366  21.8324  0.0242697  0.180156  0.120437  0.79976  0.144792  0.216116  0.270704  0.225221  0.172027  0.238447  0.224451  0.251521  0.261512  0.247897  0.319908  0.22695  0.33819  0.320029  0.34926  0.307545  0.337583  0.348469  0.394275  0.454842  
1.12102  1.11045  5.74651  1.28999  2.51412  2.8372  3.09713  3.13385  3.92343  4.59459  5.49738  6.93005  5.52964  7.53617  8.30843  9.16042  11.6465  11.7971  11.0146  14.2397  15.3904  15.9512  18.5535  21.8672  0.560511  0.277614  0.957752  0.161249  0.251412  0.236433  0.221223  0.195866  0.217968  0.22973  0.249881  0.288752  0.212679  0.269149  0.276948  0.286263  0.342544  0.327697  0.289858  0.355992  0.366438  0.362528  0.403337  0.455567  
1.99813  0.606787  2.12605  5.18596  1.40681  1.89084  1.9234  2.8111  2.53643  4.07197  3.62867  5.44828  6.66019  6.70838  6.26771  7.03145  8.48807  11.0819  12.0151  10.5822  14.0535  14.4762  18.3724  21.8124  0.999063  0.151697  0.354342  0.648245  0.140681  0.15757  0.137386  0.175694  0.140913  0.203598  0.16494  0.227012  0.256161  0.239585  0.208924  0.219733  0.249649  0.307831  0.316186  0.264554  0.334606  0.329004  0.3994  0.454426  
1.77036  1.07069  1.54245  5.71841  2.24587  2.50354  3.12605  3.18268  3.60226  4.61936  5.18991  5.22307  7.0526  6.0236  7.34573  8.72181  8.95618  11.4481  12.5455  11.7407  14.8459  15.3933  18.3912  21.8836  0.885178  0.267672  0.257074  0.714802  0.224587  0.208628  0.223289  0.198917  0.200125  0.230968  0.235905  0.217628  0.271254  0.215129  0.244858  0.272557  0.263417  0.318004  0.330146  0.293518  0.353475  0.349847  0.399808  0.455909  
1.93055  0.881007  1.80111  4.45018  2.16337  1.74741  2.34342  2.53141  3.92669  5.33869  4.0484  5.76011  6.38951  7.46826  8.76586  9.97023  10.0371  11.7845  12.7225  12.51  15.186  15.7597  18.3305  21.8419  0.965277  0.220252  0.300184  0.556273  0.216337  0.145617  0.167387  0.158213  0.218149  0.266934  0.184018  0.240005  0.24575  0.266724  0.292195  0.31157  0.295209  0.327347  0.334803  0.312751  0.361571  0.358174  0.39849  0.45504  
1.30217  0.411019  1.26193  7.99769  1.36795  1.66404  2.33211  2.66439  2.26951  3.79827  3.62867  5.4055  5.49543  6.54158  6.27357  7.17192  9.35294  11.7832  11.7615  11.7008  14.0875  14.7011  17.4792  20.7342  0.651085  0.102755  0.210322  0.999711  0.136795  0.13867  0.166579  0.166524  0.126084  0.189914  0.16494  0.225229  0.211363  0.233628  0.209119  0.224122  0.275086  0.32731  0.309513  0.29252  0.335416  0.334115  0.379983  0.431963  
1.99148  0.6229  2.73814  7.99431  1.57383  2.48801  2.74047  2.6768  2.18362  3.79827  3.13577  5.72332  5.52392  7.07656  7.3697  6.55951  9.22514  10.5753  12.0882  12.018  12.5826  15.538  17.2467  21.8918  0.995739  0.155725  0.456356  0.999288  0.157383  0.207334  0.195748  0.1673  0.121312  0.189914  0.142535  0.238472  0.212458  0.252734  0.245657  0.204985  0.271328  0.293759  0.31811  0.300451  0.299586  0.353137  0.374928  0.45608  
1.30502  0.411019  1.26193  5.90985  1.75056  2.25585  2.33211  2.73905  2.37733  3.79827  3.85471  4.9217  5.01506  7.08893  5.61626  7.17192  9.72978  11.7832  11.783  11.7008  14.0875  14.7011  17.4792  20.738  0.652508  0.102755  0.210322  0.738731  0.175056  0.187987  0.166579  0.17119  0.132074  0.189914  0.175214  0.205071  0.192887  0.253176  0.187209  0.224122  0.28617  0.32731  0.310078  0.29252  0.335416  0.334115  0.379983  0.432041  
1.76941  1.0737  2.45328  7.93403  2.24587  2.50354  3.12605  2.86811  3.64951  4.61936  5.18991  5.22307  7.0526  6.01372  7.32719  8.6671  9.53252  11.4481  12.5455  11.7407  14.8459  15.4423  18.3912  21.9182  0.884705  0.268425  0.408881  0.991753  0.224587  0.208628  0.223289  0.179257  0.202751  0.230968  0.235905  0.217628  0.271254  0.214776  0.24424  0.270847  0.280368  0.318004  0.330146  0.293518  0.353475  0.350962  0.399808  0.45663  
1.64501  1.55185  1.0656  7.87612  2.08908  2.03926  2.48405  2.67868  4.57237  4.30609  5.29854  4.90796  5.45505  6.61039  6.80699  8.11793  7.82957  10.3478  8.39774  13.9184  13.3935  17.4425  18.305  21.7855  0.822507  0.387963  0.1776  0.984515  0.208908  0.169938  0.177432  0.167417  0.25402  0.215305  0.240843  0.204498  0.20981  0.236085  0.2269  0.253685  0.230281  0.287438  0.220993  0.34796  0.318892  0.39642  0.397936  0.453865  
1.99863  0.661973  3.20806  7.98135  1.33602  2.32151  1.8043  3.00192  3.84559  4.30392  3.47237  4.81216  5.5174  6.33492  6.38515  5.11253  6.43458  10.9573  11.9301  10.8655  14.2295  14.7336  17.7275  20.7507  0.999316  0.165493  0.534676  0.997669  0.133602  0.193459  0.128879  0.18762  0.213644  0.215196  0.157835  0.200507  0.212208  0.226247  0.212838  0.159767  0.189252  0.304369  0.31395  0.271638  0.338798  0.334854  0.385379  0.432306  
1.11594  0.828911  1.33105  1.28999  2.47289  2.66087  2.86088  3.1605  3.99353  4.59459  6.2137  5.23106  5.51877  8.07628  8.30843  9.16042  11.6465  11.8385  11.1719  13.5758  14.5035  17.7194  18.5038  21.8611  0.557969  0.207228  0.221842  0.161249  0.247289  0.221739  0.204349  0.197531  0.221863  0.22973  0.282441  0.217961  0.21226  0.288439  0.276948  0.286263  0.342544  0.328848  0.293998  0.339395  0.345322  0.402713  0.402256  0.45544  
1.72647  0.594262  2.66786  6.9123  2.20988  2.43357  2.61016  2.48289  2.42138  3.47825  4.64085  3.48236  4.8264  7.61049  7.8971  7.74136  9.60724  10.7984  10.8526  10.5822  13.7186  15.5327  18.3967  21.8801  0.863234  0.148565  0.444644  0.864037  0.220988  0.202797  0.18644  0.155181  0.134521  0.173912  0.210948  0.145099  0.185631  0.271803  0.263237  0.241917  0.282566  0.299957  0.285595  0.264554  0.326632  0.353015  0.399928  0.455836  
0.324945  0.67318  1.6982  7.99808  1.82605  2.81868  2.52583  2.2553  3.46749  4.8485  5.25874  6.09437  7.39634  5.53395  7.04657  9.25972  11.0341  11.7845  12.5973  12.8277  14.9127  15.5432  18.3793  21.8765  0.162472  0.168295  0.283033  0.99976  0.182605  0.23489  0.180416  0.140956  0.192638  0.242425  0.239034  0.253932  0.284474  0.197641  0.234886  0.289366  0.324532  0.327347  0.331507  0.320693  0.355063  0.353255  0.39955  0.45576  
1.99852  0.609575  3.20806  7.98135  1.33602  2.32151  1.8043  2.99176  3.84559  4.30392  3.49918  5.01974  5.12452  6.85838  6.23089  5.11253  6.43458  10.9462  11.774  11.0031  14.2295  14.7336  17.6946  20.7507  0.999262  0.152394  0.534676  0.997669  0.133602  0.193459  0.128879  0.186985  0.213644  0.215196  0.159054  0.209156  0.197097  0.244942  0.207696  0.159767  0.189252  0.304061  0.309843  0.275077  0.338798  0.334854  0.384665  0.432306  
1.30502  0.411019  1.92334  7.95677  1.36795  1.54615  2.33211  2.72538  2.26951  3.79827  3.43388  5.36305  5.43224  7.00974  6.33707  7.17192  9.35177  11.7832  11.9183  11.653  14.0875  14.7011  17.4792  20.7056  0.652508  0.102755  0.320556  0.994596  0.136795  0.128846  0.166579  0.170336  0.126084  0.189914  0.156085  0.22346  0.208932  0.250348  0.211236  0.224122  0.275052  0.32731  0.313638  0.291325  0.335416  0.334115  0.379983  0.431366  
1.77036  1.07069  2.45328  5.71841  2.24587  2.50354  3.12605  2.86811  3.6655  4.61936  5.18991  5.29018  7.0526  6.0236  7.34573  8.68813  9.53252  11.4481  12.5455  11.7407  14.8459  15.3933  18.3912  21.8725  0.885178  0.267672  0.408881  0.714802  0.224587  0.208628  0.223289  0.179257  0.203639  0.230968  0.235905  0.220424  0.271254  0.215129  0.244858  0.271504  0.280368  0.318004  0.330146  0.293518  0.353475  0.349847  0.399808  0.455678  
1.99728  1.92917  1.14395  7.84155  1.82662  1.95372  2.67636  2.43692  2.6875  3.72631  3.84514  4.91663  5.01469  7.40042  5.83673  7.00954  9.64449  9.56115  12.2468  12.3841  12.9022  16.3522  17.2459  21.8768  0.998641  0.482291  0.190658  0.980194  0.182662  0.16281  0.191169  0.152308  0.149306  0.186316  0.174779  0.20486  0.192873  0.264301  0.194558  0.219048  0.283661  0.265588  0.322285  0.309602  0.307194  0.37164  0.374912  0.455767  
1.99928  0.881007  5.98686  4.80811  2.32778  1.81639  2.34342  3.07735  4.1052  5.31303  5.57478  5.7894  5.66192  6.42076  8.36996  8.41772  10.9438  11.7845  12.5848  12.5634  14.9267  15.5472  18.3865  21.8852  0.999642  0.220252  0.997811  0.601014  0.232778  0.151366  0.167387  0.192334  0.228066  0.265652  0.253399  0.241225  0.217766  0.229313  0.278999  0.263054  0.321877  0.327347  0.33118  0.314085  0.355396  0.353346  0.399706  0.455942  
1.96741  1.2527  0.98472  1.61338  2.05238  1.9668  2.3674  3.13753  3.28726  3.76623  3.31239  5.98563  6.40269  6.97523  5.73562  8.98644  9.3667  10.2065  11.5405  11.4084  14.0121  14.3175  16.3099  21.086  0.983704  0.313175  0.16412  0.201672  0.205238  0.1639  0.1691  0.196096  0.182626  0.188312  0.150563  0.249401  0.246257  0.249115  0.191187  0.280826  0.275491  0.283513  0.303698  0.285211  0.333622  0.325398  0.354563  0.439291  
1.88954  1.00105  3.03708  7.30024  1.9605  1.65504  2.32467  2.71612  3.21612  2.62956  3.94995  4.93767  5.49543  6.04941  6.81419  7.11113  9.33224  10.9954  12.0549  12.1179  14.3279  14.5775  17.4792  20.6997  0.944769  0.250262  0.506179  0.91253  0.19605  0.13792  0.166048  0.169758  0.178673  0.131478  0.179543  0.205736  0.211363  0.21605  0.22714  0.222223  0.274478  0.305429  0.317233  0.302948  0.341142  0.331308  0.379983  0.431244  
1.99728  1.92917  1.04331  5.589  1.20562  2.22577  2.91017  2.92377  2.52511  4.13396  3.54355  5.36071  5.49438  7.30505  5.30636  7.13239  8.5078  9.63951  12.0888  12.7402  12.8853  16.3522  17.2459  21.8472  0.998641  0.482291  0.173885  0.698625  0.120562  0.185481  0.207869  0.182736  0.140284  0.206698  0.16107  0.223363  0.211322  0.260895  0.176879  0.222887  0.250229  0.267764  0.318125  0.318506  0.306793  0.37164  0.374912  0.45515  
1.62294  0.881007  5.98686  4.80811  2.0783  2.12015  2.3575  3.30016  4.08888  5.33869  5.57478  6.17618  5.59208  6.81318  6.32602  8.9822  10.4187  11.9003  12.7225  13.2079  14.9267  15.5471  18.5484  21.8543  0.81147  0.220252  0.997811  0.601014  0.20783  0.176679  0.168393  0.20626  0.22716  0.266934  0.253399  0.257341  0.21508  0.243328  0.210867  0.280694  0.306433  0.330565  0.334803  0.330197  0.355396  0.353344  0.403225  0.455299  
1.99728  0.250079  2.09368  7.96507  2.20903  2.29867  2.90532  2.2939  2.72966  4.04418  3.62476  4.85528  5.49543  6.82577  6.34016  7.11113  9.3324  11.0303  12.0186  12.9829  12.3897  15.4317  17.86  20.9865  0.998641  0.0625197  0.348947  0.995634  0.220903  0.191556  0.207523  0.143369  0.151648  0.202209  0.164762  0.202303  0.211363  0.243777  0.211339  0.222223  0.274482  0.306398  0.316279  0.324573  0.294993  0.350721  0.38826  0.437218  
0.383788  1.94636  3.31667  7.98546  1.74633  2.69216  3.07208  4.13464  3.48765  4.76228  5.34026  5.12416  6.90564  7.61033  8.33986  8.92754  10.3842  10.7152  11.303  12.5947  15.6052  17.6985  18.6303  21.8578  0.191894  0.486591  0.552778  0.998182  0.174633  0.224347  0.219434  0.258415  0.193758  0.238114  0.242739  0.213507  0.265602  0.271797  0.277995  0.278986  0.305417  0.297644  0.297448  0.314867  0.371553  0.402239  0.405006  0.45537  
1.12964  3.21425  1.00473  7.98825  1.86345  1.92902  2.77443  2.47206  2.59265  3.79827  4.79503  5.31633  4.97859  7.39389  4.87262  7.11113  9.17882  9.5462  11.2715  14.2946  13.9718  15.8335  16.8751  21.8079  0.564821  0.803563  0.167454  0.998532  0.186345  0.160752  0.198174  0.154504  0.144036  0.189914  0.217956  0.221514  0.191484  0.264067  0.162421  0.222223  0.269965  0.265172  0.296618  0.357366  0.332662  0.359852  0.36685  0.45433  
0.284963  0.585718  0.12133  7.20816  1.90666  2.20025  2.20993  1.69738  3.44103  3.20544  3.25845  5.79895  5.30958  8.08478  6.30368  8.09833  9.81381  9.22504  9.63085  13.9471  14.2532  15.57  17.3263  20.9033  0.142481  0.14643  0.0202216  0.90102  0.190666  0.183354  0.157852  0.106086  0.191168  0.160272  0.148111  0.241623  0.204215  0.288742  0.210123  0.253073  0.288641  0.256251  0.253443  0.348678  0.339363  0.353863  0.376659  0.435485  
1.30292  1.14341  4.95188  3.75038  1.73099  2.13846  2.54967  3.69912  4.21435  4.27216  3.46425  4.2167  7.0022  7.06102  7.08677  8.93644  8.73053  11.1671  12.0407  12.7174  14.6679  15.5426  16.0853  21.8815  0.651458  0.285853  0.825313  0.468797  0.173099  0.178205  0.182119  0.231195  0.234131  0.213608  0.157466  0.175696  0.269315  0.252179  0.236226  0.279264  0.25678  0.310196  0.316861  0.317936  0.349237  0.35324  0.349681  0.455865  
1.63351  0.701941  3.76035  6.4077  2.49199  2.71046  2.84241  3.13446  3.65531  4.70716  4.59434  5.1933  6.27942  6.97068  8.1826  8.00377  9.3544  10.5753  12.4789  13.3808  14.525  15.7433  16.0134  21.9068  0.816754  0.175485  0.626725  0.800963  0.249199  0.225872  0.203029  0.195904  0.203073  0.235358  0.208833  0.216388  0.241516  0.248953  0.272753  0.250118  0.275129  0.293759  0.328391  0.334521  0.345834  0.357802  0.348118  0.456392  
0.709538  1.51455  3.40573  2.05359  2.03773  1.79769  3.01349  3.30272  3.89795  4.04437  4.56958  5.65621  4.11118  7.03959  7.22609  8.57249  10.5784  9.77316  12.4679  10.9974  15.0409  16.3628  18.7648  21.072  0.354769  0.378637  0.567621  0.256699  0.203773  0.149808  0.215249  0.20642  0.216553  0.202219  0.207708  0.235676  0.158122  0.251414  0.24087  0.26789  0.311129  0.271477  0.328102  0.274936  0.358117  0.371882  0.40793  0.438999  
1.99728  0.770412  5.99967  5.80825  1.89702  2.31183  3.18151  2.61336  3.42932  4.8374  5.2052  5.00319  7.35836  6.22289  6.94369  9.25972  10.79  11.7845  12.6842  12.8277  14.9275  15.4672  18.4993  21.8941  0.998641  0.192603  0.999945  0.726031  0.189702  0.192652  0.227251  0.163335  0.190518  0.24187  0.2366  0.208466  0.283014  0.222246  0.231456  0.289366  0.317353  0.327347  0.333795  0.320693  0.355416  0.351527  0.40216  0.456128  
0.902982  3.55748  3.24303  2.85939  2.08717  2.43411  2.27955  2.47165  3.7491  4.58802  3.41528  5.61629  6.22739  6.95475  5.89435  8.59214  7.72768  10.6562  11.6663  12.8364  14.0127  16.8532  18.4169  21.9165  0.451491  0.889369  0.540506  0.357424  0.208717  0.202843  0.162825  0.154478  0.208283  0.229401  0.15524  0.234012  0.239515  0.248384  0.196478  0.268504  0.227285  0.296005  0.307009  0.320909  0.333636  0.383027  0.400367  0.456594  
1.59206  0.616964  3.7749  6.39808  2.19763  2.5909  3.18976  2.72329  4.0096  4.34703  6.3365  6.09234  7.09946  6.11879  7.78199  8.9598  9.64691  11.4017  12.2274  13.2098  13.6362  13.6235  18.6604  21.9211  0.796029  0.154241  0.62915  0.79976  0.219763  0.215908  0.22784  0.170205  0.222756  0.217352  0.288023  0.253847  0.273056  0.218528  0.2594  0.279994  0.283733  0.316714  0.321774  0.330245  0.324672  0.309624  0.405662  0.45669  
1.99854  2.60682  1.51883  6.6087  1.64089  2.57568  2.42207  2.64957  4.253  4.39871  3.48795  5.40244  5.52614  6.90389  7.00276  7.14683  8.85465  11.3999  12.1834  11.5727  14.1291  14.5835  18.4752  21.9126  0.999271  0.651706  0.253139  0.826087  0.164089  0.21464  0.173005  0.165598  0.236278  0.219936  0.158543  0.225102  0.212544  0.246567  0.233425  0.223339  0.260431  0.316663  0.320615  0.289318  0.336408  0.331443  0.401634  0.456512  
1.9516  0.88242  5.99802  6.34654  2.41246  2.03205  3.54721  2.86517  3.35453  5.43776  6.18429  5.70135  6.26798  8.26003  7.177  9.99682  10.7048  11.6823  12.0698  12.9356  14.9643  15.5432  18.6031  21.8954  0.975802  0.220605  0.99967  0.793318  0.241246  0.169337  0.253372  0.179073  0.186363  0.271888  0.281104  0.237556  0.241076  0.295001  0.239233  0.312401  0.314848  0.324509  0.317627  0.323391  0.356293  0.353255  0.404416  0.456153  
0.801842  2.80793  3.51906  6.90911  1.53893  2.80595  3.28064  2.20097  3.35344  3.88189  5.2043  5.48284  5.70772  8.16238  7.45184  7.75138  8.23953  12.0435  13.0071  13.9132  13.6041  17.0828  19.5413  21.9006  0.400921  0.701983  0.586509  0.863639  0.153893  0.233829  0.234332  0.13756  0.186302  0.194095  0.236559  0.228452  0.219528  0.291514  0.248395  0.242231  0.242339  0.334541  0.342293  0.34783  0.323908  0.388245  0.424811  0.456262  
1.50107  0.628017  4.46045  7.98135  1.99347  2.26209  2.2677  2.91845  2.1685  3.68248  3.94979  4.38166  6.05033  7.44576  6.75603  7.41955  8.45898  10.9489  11.1101  11.7408  14.2593  14.8329  17.5123  20.8911  0.750533  0.157004  0.743409  0.997669  0.199347  0.188508  0.161978  0.182403  0.120472  0.184124  0.179536  0.182569  0.232705  0.26592  0.225201  0.231861  0.248793  0.304137  0.292371  0.293521  0.339508  0.337112  0.380703  0.435231  
1.99088  2.57076  1.49821  0.476997  2.56832  2.62232  1.95278  3.0588  4.2493  4.75229  5.46868  6.11452  7.29607  7.24563  7.54138  8.79975  9.89559  10.787  12.1475  12.9597  14.6522  16.6498  18.4579  21.8541  0.995439  0.642689  0.249701  0.0596246  0.256832  0.218526  0.139484  0.191175  0.236072  0.237614  0.248577  0.254772  0.280618  0.258772  0.251379  0.274992  0.291047  0.29964  0.319672  0.323991  0.348862  0.378404  0.401259  0.455294  
1.99736  0.734873  5.97916  6.40007  2.0711  2.06391  2.53299  2.7974  3.53819  5.33869  5.86374  5.41143  5.5742  6.76912  7.61348  7.90635  10.9757  11.9367  12.2323  13.8011  15.1834  15.5574  18.3793  21.8765  0.99868  0.183718  0.996527  0.800009  0.20711  0.171992  0.180928  0.174837  0.196566  0.266934  0.266533  0.225476  0.214392  0.241754  0.253783  0.247073  0.322816  0.331575  0.321903  0.345027  0.361508  0.353577  0.39955  0.45576  
0.925638  1.91315  3.65576  7.94933  2.44245  2.74528  2.18796  4.64275  4.6174  5.82497  5.43993  5.60566  7.4496  7.36119  7.65804  8.49816  10.5388  11.7721  13.4793  13.2563  14.0113  16.206  18.6473  21.8542  0.462819  0.478286  0.609293  0.993666  0.244245  0.228774  0.156283  0.290172  0.256522  0.291248  0.247269  0.233569  0.286523  0.2629  0.255268  0.265568  0.309966  0.327004  0.354719  0.331407  0.333601  0.368318  0.405376  0.455296  
1.99759  1.4449  4.24752  6.85337  2.04158  1.94992  2.90155  2.2814  2.57519  3.80776  3.44829  5.69447  6.03851  6.07408  5.66345  9.84542  9.48102  10.9203  11.5048  12.7591  13.7109  14.787  16.6297  19.4478  0.998794  0.361226  0.70792  0.856672  0.204158  0.162494  0.207254  0.142588  0.143066  0.190388  0.156741  0.23727  0.23225  0.216932  0.188782  0.307669  0.278853  0.303343  0.302759  0.318977  0.326449  0.336068  0.361516  0.405163  
2  3.11007  1.04331  5.32578  1.22328  2.41817  2.6713  2.59858  2.54373  4.81492  4.44387  4.6964  6.84704  6.73678  5.78293  7.48671  8.2052  9.25895  12.7515  14.0398  14.9362  15.5199  18.3709  21.9041  0.999998  0.777517  0.173885  0.665723  0.122328  0.201514  0.190807  0.162411  0.141318  0.240746  0.201994  0.195683  0.263348  0.240599  0.192764  0.23396  0.241329  0.257193  0.335566  0.350996  0.355624  0.352726  0.399367  0.456335  
1.99838  0.786238  5.2791  7.86608  1.96164  2.51029  2.43533  3.36416  4.46284  3.79827  3.01023  4.88111  6.8782  7.45456  8.02042  5.84944  8.95346  10.0516  12.6458  12.8321  11.3443  14.9154  18.0171  20.973  0.999192  0.196559  0.87985  0.98326  0.196164  0.209191  0.173952  0.21026  0.247935  0.189914  0.136829  0.20338  0.264546  0.266234  0.267347  0.182795  0.263337  0.279211  0.332785  0.320804  0.270102  0.338986  0.391677  0.436937  
1.99999  1.87845  4.31432  6.6811  2.29123  2.41292  3.36971  2.52972  3.62544  4.30097  5.76416  5.27899  7.24653  6.9625  7.40205  8.517  9.73277  10.9441  11.5331  12.7233  14.3997  15.8641  18.3187  21.8281  0.999994  0.469612  0.719053  0.835137  0.229123  0.201077  0.240694  0.158107  0.201413  0.215048  0.262007  0.219958  0.278713  0.248661  0.246735  0.266156  0.286258  0.304002  0.303502  0.318084  0.342849  0.360547  0.398234  0.454752  
1.9516  0.881007  5.99802  6.85269  2.09423  2.57482  2.59758  2.73617  3.59279  5.4983  5.57478  6.68902  6.19897  8.26003  7.177  9.87781  10.9591  11.7197  12.0698  12.8556  14.9643  15.5432  18.6208  21.8954  0.975802  0.220252  0.99967  0.856587  0.209423  0.214568  0.185541  0.17101  0.199599  0.274915  0.253399  0.278709  0.238422  0.295001  0.239233  0.308681  0.322327  0.325547  0.317627  0.32139  0.356293  0.353255  0.4048  0.456153  
1.99999  0.633724  0.98472  6.85911  1.93469  2.04666  3.32873  2.56329  3.39436  3.79827  4.31693  4.96839  6.62622  6.71746  6.27357  9.12774  8.84433  8.58775  11.9104  12.5377  14.4107  15.2477  16.8187  20.667  0.999994  0.158431  0.16412  0.857389  0.193469  0.170555  0.237766  0.160206  0.188576  0.189914  0.196224  0.207016  0.254855  0.239909  0.209119  0.285242  0.260127  0.238549  0.313433  0.313442  0.343113  0.346538  0.365623  0.430563  
1.84453  0.727602  5.50074  6.93382  2.08058  2.09758  2.49551  2.0317  4.24802  4.83252  5.42407  6.49193  5.42227  6.06718  6.24191  8.11793  7.82957  10.2594  8.74262  13.8893  14.0762  16.3711  18.3215  21.8319  0.922267  0.181901  0.91679  0.866728  0.208058  0.174798  0.178251  0.126981  0.236001  0.241626  0.246549  0.270497  0.208549  0.216685  0.208064  0.253685  0.230281  0.284984  0.230069  0.347233  0.335148  0.37207  0.398293  0.454832  
1.09325  1.88927  4.30361  6.6811  1.69408  2.89769  3.39733  3.72844  3.93144  4.82315  5.04239  5.26976  7.07481  7.43621  7.79364  7.78657  9.27979  8.23166  12.2068  13.2856  14.1745  15.5338  19.4322  21.9706  0.546623  0.472318  0.717269  0.835137  0.169408  0.241474  0.242667  0.233028  0.218413  0.241158  0.2292  0.219573  0.272108  0.265579  0.259788  0.24333  0.272935  0.228657  0.321231  0.33214  0.337487  0.35304  0.42244  0.457721  
1.99593  1.4449  5.87673  6.84761  2.0016  1.7268  2.77086  2.04444  2.40346  3.79287  3.92036  4.93988  5.51414  6.72868  6.47055  5.81982  8.89896  10.7827  11.4492  13.6811  13.9476  16.5689  18.2329  21.7633  0.997964  0.361226  0.979454  0.855951  0.20016  0.1439  0.197919  0.127778  0.133525  0.189644  0.178198  0.205828  0.212082  0.24031  0.215685  0.181869  0.261734  0.299518  0.301294  0.342027  0.332085  0.376566  0.396367  0.453402  
1.99995  3.48848  2.07833  2.14733  2.57649  3.07335  3.63637  4.47409  3.35273  5.49778  6.01131  6.3762  7.0573  6.38936  7.06643  9.92961  11.0396  11.6893  12.6744  11.9038  15.2528  15.34  18.7602  22.0222  0.999977  0.872121  0.346389  0.268416  0.257649  0.256112  0.25974  0.279631  0.186263  0.274889  0.273242  0.265675  0.271434  0.228192  0.235548  0.3103  0.324695  0.324702  0.333537  0.297596  0.363163  0.348635  0.407831  0.458796  
1.83099  0.881007  5.99802  7.61835  2.1412  2.3898  3.1137  2.82692  3.5686  5.48008  5.43275  7.07535  6.03682  5.88416  7.1193  9.98819  10.7428  11.5916  12.1517  12.8536  14.9643  15.4499  18.5708  21.8444  0.915493  0.220252  0.99967  0.952293  0.21412  0.19915  0.222407  0.176683  0.198256  0.274004  0.246943  0.294806  0.232186  0.210148  0.23731  0.312131  0.315964  0.321988  0.319782  0.321341  0.356293  0.351134  0.403713  0.455091  
1.93667  2.21501  5.99802  6.94141  1.65917  2.25863  2.80049  2.58354  3.53819  5.33869  5.57478  5.36573  6.28814  6.70991  6.93008  9.2371  10.3035  11.6589  12.7225  13.1417  14.9127  15.5432  18.4696  21.8895  0.968335  0.553753  0.99967  0.867677  0.165917  0.188219  0.200035  0.161471  0.196566  0.266934  0.253399  0.223572  0.241851  0.23964  0.231003  0.28866  0.303043  0.323858  0.334803  0.328543  0.355063  0.353255  0.401513  0.456032  
1.193  1.05134  5.94617  7.56518  2.00015  3.0515  2.88556  3.74523  2.80758  4.55054  5.14736  6.29299  7.61841  8.20126  8.65499  6.03232  10.3006  12.7419  13.6018  11.4874  14.4092  17.9517  19.3195  21.7683  0.596501  0.262835  0.991029  0.945648  0.200015  0.254291  0.206112  0.234077  0.155977  0.227527  0.233971  0.262208  0.293016  0.292902  0.2885  0.18851  0.30296  0.353943  0.357942  0.287185  0.343077  0.407993  0.419989  0.453507  
1.80655  3.23499  3.83785  5.7577  2.34624  2.64768  3.33687  2.89101  4.21226  3.05702  5.12276  5.38014  6.52733  6.95137  7.873  6.76937  5.89448  9.49105  13.037  12.2465  14.6655  14.8533  17.0186  21.9068  0.903275  0.808748  0.639641  0.719712  0.234624  0.22064  0.238348  0.180688  0.234015  0.152851  0.232853  0.224172  0.251051  0.248263  0.262433  0.211543  0.173367  0.26364  0.343078  0.306161  0.349179  0.337574  0.369969  0.456391  
1.99736  0.733247  5.97916  7.85865  2.0711  1.74757  3.23338  2.79104  3.53819  5.33869  5.86374  5.50504  5.5742  6.90925  6.99364  9.2371  10.3355  11.7845  12.7225  12.8277  14.886  15.5432  18.4837  21.8657  0.99868  0.183312  0.996527  0.982331  0.20711  0.145631  0.230956  0.17444  0.196566  0.266934  0.266533  0.229377  0.214392  0.246759  0.233121  0.28866  0.303985  0.327347  0.334803  0.320693  0.35443  0.353255  0.40182  0.455535  
1.99935  2.80225  5.44489  7.94479  1.89417  2.43057  2.64007  3.25587  2.34466  3.37989  3.49982  5.27186  6.34721  7.45456  6.27337  6.92788  8.95346  11.0085  11.8576  12.8321  13.9123  14.8291  16.4697  20.8798  0.999677  0.700562  0.907481  0.993099  0.189417  0.202548  0.188577  0.203492  0.130259  0.168994  0.159083  0.219661  0.244124  0.266234  0.209112  0.216496  0.263337  0.305793  0.312042  0.320804  0.331246  0.337024  0.358037  0.434995  
1.64501  1.55185  5.94381  7.87612  2.08908  2.00523  2.04952  2.65449  4.25922  4.31332  5.29854  4.81239  5.45505  7.09913  6.80699  8.40591  7.82957  10.3478  8.39774  13.7639  14.8579  15.4722  18.3885  21.8125  0.822507  0.387963  0.990636  0.984515  0.208908  0.167102  0.146394  0.165906  0.236623  0.215666  0.240843  0.200516  0.20981  0.25354  0.2269  0.262685  0.230281  0.287438  0.220993  0.344096  0.35376  0.351641  0.39975  0.454426  
1.99977  3.99484  3.66314  2.51655  2.17693  2.51301  2.34655  3.80619  2.53788  4.36358  4.24907  4.51968  7.22522  5.99851  6.41873  8.75264  10.575  9.26754  12.8581  11.9622  14.4505  17.6153  18.3487  21.8747  0.999883  0.99871  0.610523  0.314568  0.217693  0.209418  0.16761  0.237887  0.140993  0.218179  0.19314  0.18832  0.277893  0.214232  0.213958  0.27352  0.311029  0.257432  0.338371  0.299054  0.34406  0.400347  0.398884  0.455724  
1.99577  0.898455  5.99933  7.99808  1.89702  2.27614  3.42358  2.61336  3.42932  4.81406  5.43275  5.00159  7.35836  6.22289  7.04657  9.25972  10.79  11.7845  12.6761  12.8277  14.9127  15.4672  18.3793  21.8528  0.997886  0.224614  0.999889  0.99976  0.189702  0.189678  0.244542  0.163335  0.190518  0.240703  0.246943  0.2084  0.283014  0.222246  0.234886  0.289366  0.317353  0.327347  0.333581  0.320693  0.355063  0.351527  0.39955  0.455266  
1.99318  0.0702277  5.99851  7.99808  2.0145  1.83707  3.21736  2.50612  3.79198  5.33869  6.31545  5.44499  5.59145  6.90171  6.99364  9.96861  9.23578  11.7845  12.7892  13.7082  14.4665  14.4016  18.3793  21.8765  0.996588  0.0175569  0.999752  0.99976  0.20145  0.153089  0.229811  0.156633  0.210666  0.266934  0.287066  0.226875  0.215056  0.246489  0.233121  0.311519  0.271641  0.327347  0.336557  0.342706  0.34444  0.327309  0.39955  0.45576  
