0.441778  0.554052  0.673134  0.976838  0.751555  0.493859  0.0644994  0.595809  0.26003  0.616279  0.304835  0.593714  0.0227626  0.0845922  0.36722  0.207471  0.289744  0.366  0.783479  0.880144  0.759303  0.441778  0.554052  0.673134  0.976838  0.751555  0.493859  0.0644994  0.595809  0.26003  0.616279  0.304835  0.593714  0.0227626  0.0845922  0.36722  0.207471  0.289744  0.366  0.783479  0.880144  0.759303  
0.854938  0.915383  0.0856589  0.995107  0.490935  0.596182  0.429906  0.61965  0.100158  0.837561  0.639007  0.494261  0.858168  0.542372  0.345384  0.84259  0.764065  0.913301  0.112944  0.553492  0.688436  0.854938  0.915383  0.0856589  0.995107  0.490935  0.596182  0.429906  0.61965  0.100158  0.837561  0.639007  0.494261  0.858168  0.542372  0.345384  0.84259  0.764065  0.913301  0.112944  0.553492  0.688436  
0.0952943  0.248345  0.689054  0.0848004  0.924336  0.0695712  0.0322035  0.929077  0.137477  0.354648  0.136993  0.868346  0.435421  0.929977  0.491385  0.659733  0.441293  0.143985  0.726458  0.902367  0.707738  0.0952943  0.248345  0.689054  0.0848004  0.924336  0.0695712  0.0322035  0.929077  0.137477  0.354648  0.136993  0.868346  0.435421  0.929977  0.491385  0.659733  0.441293  0.143985  0.726458  0.902367  0.707738  
0.0116644  0.776779  0.463772  0.0650314  0.508058  0.116204  0.266823  0.433641  0.957472  0.163624  0.913444  0.975827  0.619516  0.639073  0.848951  0.456004  0.635933  0.837073  0.223814  0.232855  0.928892  0.0116644  0.776779  0.463772  0.0650314  0.508058  0.116204  0.266823  0.433641  0.957472  0.163624  0.913444  0.975827  0.619516  0.639073  0.848951  0.456004  0.635933  0.837073  0.223814  0.232855  0.928892  
0.937093  0.100759  0.903914  0.371948  0.00112815  0.842319  0.673842  0.136075  0.78921  0.338528  0.0728994  0.777587  0.848851  0.180345  0.932609  0.127487  0.0137754  0.966086  0.718701  0.622133  0.643898  0.937093  0.100759  0.903914  0.371948  0.00112815  0.842319  0.673842  0.136075  0.78921  0.338528  0.0728994  0.777587  0.848851  0.180345  0.932609  0.127487  0.0137754  0.966086  0.718701  0.622133  0.643898  
0.701593  0.87679  0.790379  0.51609  0.392885  0.90869  0.711081  0.488372  0.430876  0.261393  0.351826  0.770312  0.447946  0.19192  0.302244  0.431151  0.552314  0.589495  0.235674  0.0357076  0.0597073  0.701593  0.87679  0.790379  0.51609  0.392885  0.90869  0.711081  0.488372  0.430876  0.261393  0.351826  0.770312  0.447946  0.19192  0.302244  0.431151  0.552314  0.589495  0.235674  0.0357076  0.0597073  
0.888669  0.0693216  0.118001  0.745317  0.509444  0.626434  0.530364  0.104154  0.564199  0.957435  0.333783  0.597436  0.898164  0.28422  0.714386  0.278236  0.21242  0.735366  0.886024  0.730691  0.0349552  0.888669  0.0693216  0.118001  0.745317  0.509444  0.626434  0.530364  0.104154  0.564199  0.957435  0.333783  0.597436  0.898164  0.28422  0.714386  0.278236  0.21242  0.735366  0.886024  0.730691  0.0349552  
0.81415  0.61209  0.0231715  0.020764  0.9136  0.0785804  0.0677119  0.0513854  0.717894  0.200446  0.396196  0.435393  0.391524  0.737987  0.25021  0.13947  0.792201  0.909707  0.200743  0.801528  0.0664866  0.81415  0.61209  0.0231715  0.020764  0.9136  0.0785804  0.0677119  0.0513854  0.717894  0.200446  0.396196  0.435393  0.391524  0.737987  0.25021  0.13947  0.792201  0.909707  0.200743  0.801528  0.0664866  
0.696791  0.632256  0.221728  0.972988  0.555037  0.598893  0.554445  0.558565  0.577775  0.178263  0.772508  0.292201  0.25333  0.513594  0.11951  0.935142  0.0622489  0.508559  0.832392  0.384962  0.575345  0.696791  0.632256  0.221728  0.972988  0.555037  0.598893  0.554445  0.558565  0.577775  0.178263  0.772508  0.292201  0.25333  0.513594  0.11951  0.935142  0.0622489  0.508559  0.832392  0.384962  0.575345  
0.611042  0.415397  0.122016  0.274406  0.18639  0.817131  0.194658  0.6019  0.293941  0.917242  0.0587371  0.214582  0.58232  0.68953  0.505806  0.692721  0.509774  0.503796  0.258859  0.848897  0.473009  0.611042  0.415397  0.122016  0.274406  0.18639  0.817131  0.194658  0.6019  0.293941  0.917242  0.0587371  0.214582  0.58232  0.68953  0.505806  0.692721  0.509774  0.503796  0.258859  0.848897  0.473009  
0.916303  0.422343  0.506101  0.493351  0.151627  0.943841  0.938171  0.061685  0.259455  0.359139  0.617629  0.265953  0.23721  0.483051  0.612084  0.847273  0.53502  0.949064  0.121017  0.969668  0.520528  0.916303  0.422343  0.506101  0.493351  0.151627  0.943841  0.938171  0.061685  0.259455  0.359139  0.617629  0.265953  0.23721  0.483051  0.612084  0.847273  0.53502  0.949064  0.121017  0.969668  0.520528  
0.401412  0.459778  0.80192  0.426468  0.849981  0.992073  0.763304  0.132647  0.302867  0.675904  0.627366  0.970317  0.589782  0.539617  0.947676  0.181812  0.665944  0.636765  0.234922  0.946962  0.0788529  0.401412  0.459778  0.80192  0.426468  0.849981  0.992073  0.763304  0.132647  0.302867  0.675904  0.627366  0.970317  0.589782  0.539617  0.947676  0.181812  0.665944  0.636765  0.234922  0.946962  0.0788529  
0.157549  0.133241  0.451673  0.121476  0.210142  0.742081  0.738863  0.802216  0.870484  0.804816  0.881408  0.521607  0.58306  0.806301  0.358798  0.179758  0.735359  0.212792  0.857533  0.152607  0.237963  0.157549  0.133241  0.451673  0.121476  0.210142  0.742081  0.738863  0.802216  0.870484  0.804816  0.881408  0.521607  0.58306  0.806301  0.358798  0.179758  0.735359  0.212792  0.857533  0.152607  0.237963  
0.440026  0.856891  0.761794  0.493593  0.446895  0.74021  0.663911  0.164797  0.224943  0.909  0.636981  0.545203  0.31087  0.850952  0.666476  0.538332  0.946472  0.0349484  0.896715  0.939018  0.723515  0.440026  0.856891  0.761794  0.493593  0.446895  0.74021  0.663911  0.164797  0.224943  0.909  0.636981  0.545203  0.31087  0.850952  0.666476  0.538332  0.946472  0.0349484  0.896715  0.939018  0.723515  
0.480845  0.678838  0.711173  0.945209  0.275855  0.213709  0.627659  0.467994  0.839333  0.0759494  0.135156  0.405803  0.194243  0.352664  0.303919  0.172667  0.623024  0.053022  0.685365  0.654008  0.77752  0.480845  0.678838  0.711173  0.945209  0.275855  0.213709  0.627659  0.467994  0.839333  0.0759494  0.135156  0.405803  0.194243  0.352664  0.303919  0.172667  0.623024  0.053022  0.685365  0.654008  0.77752  
0.810123  0.510946  0.415092  0.420849  0.101311  0.682614  0.712724  0.760995  0.318356  0.482511  0.654009  0.507621  0.243555  0.570911  0.537014  0.310405  0.920085  0.638218  0.880052  0.96611  0.624483  0.810123  0.510946  0.415092  0.420849  0.101311  0.682614  0.712724  0.760995  0.318356  0.482511  0.654009  0.507621  0.243555  0.570911  0.537014  0.310405  0.920085  0.638218  0.880052  0.96611  0.624483  
0.581693  0.920417  0.0273889  0.00800451  0.422289  0.126455  0.66693  0.315983  0.424556  0.115328  0.173724  0.297046  0.277956  0.563443  0.0943185  0.905229  0.573765  0.636719  0.729675  0.00727357  0.390864  0.581693  0.920417  0.0273889  0.00800451  0.422289  0.126455  0.66693  0.315983  0.424556  0.115328  0.173724  0.297046  0.277956  0.563443  0.0943185  0.905229  0.573765  0.636719  0.729675  0.00727357  0.390864  
0.882558  0.232061  0.61221  0.876485  0.216875  0.932394  0.14776  0.413486  0.079589  0.446298  0.543977  0.962452  0.681576  0.685554  0.79591  0.98397  0.847835  0.292448  0.468137  0.385462  0.220618  0.882558  0.232061  0.61221  0.876485  0.216875  0.932394  0.14776  0.413486  0.079589  0.446298  0.543977  0.962452  0.681576  0.685554  0.79591  0.98397  0.847835  0.292448  0.468137  0.385462  0.220618  
0.636979  0.474166  0.0921003  0.958586  0.838946  0.162607  0.720878  0.564071  0.333278  0.634856  0.0789423  0.417029  0.411468  0.454773  0.0107562  0.2699  0.353448  0.731108  0.433945  0.856251  0.67582  0.636979  0.474166  0.0921003  0.958586  0.838946  0.162607  0.720878  0.564071  0.333278  0.634856  0.0789423  0.417029  0.411468  0.454773  0.0107562  0.2699  0.353448  0.731108  0.433945  0.856251  0.67582  
0.735505  0.0577835  0.978925  0.916806  0.760294  0.523352  0.786482  0.567014  0.633545  0.334355  0.616988  0.309825  0.595108  0.484252  0.555002  0.483115  0.385713  0.427881  0.50999  0.306239  0.890063  0.735505  0.0577835  0.978925  0.916806  0.760294  0.523352  0.786482  0.567014  0.633545  0.334355  0.616988  0.309825  0.595108  0.484252  0.555002  0.483115  0.385713  0.427881  0.50999  0.306239  0.890063  
0.0841655  0.321743  0.964654  0.325011  0.783526  0.144713  0.852954  0.417028  0.75048  0.498919  0.909493  0.515163  0.364515  0.64266  0.818873  0.450675  0.191109  0.0827805  0.149619  0.0276719  0.721194  0.0841655  0.321743  0.964654  0.325011  0.783526  0.144713  0.852954  0.417028  0.75048  0.498919  0.909493  0.515163  0.364515  0.64266  0.818873  0.450675  0.191109  0.0827805  0.149619  0.0276719  0.721194  
0.162266  0.0555838  0.45875  0.254961  0.503837  0.857431  0.877038  0.872859  0.170576  0.429296  0.735307  0.864114  0.646461  0.38392  0.583343  0.187128  0.0742961  0.921588  0.178223  0.342646  0.57537  0.162266  0.0555838  0.45875  0.254961  0.503837  0.857431  0.877038  0.872859  0.170576  0.429296  0.735307  0.864114  0.646461  0.38392  0.583343  0.187128  0.0742961  0.921588  0.178223  0.342646  0.57537  
0.400034  0.0743166  0.800269  0.294188  0.892479  0.602914  0.773867  0.0534677  0.620874  0.30539  0.727611  0.784264  0.81242  0.6754  0.599327  0.984851  0.895017  0.67256  0.418567  0.574674  0.226841  0.400034  0.0743166  0.800269  0.294188  0.892479  0.602914  0.773867  0.0534677  0.620874  0.30539  0.727611  0.784264  0.81242  0.6754  0.599327  0.984851  0.895017  0.67256  0.418567  0.574674  0.226841  
0.404344  0.444718  0.966116  0.143481  0.400297  0.766013  0.170164  0.957167  0.608472  0.757953  0.877713  0.889415  0.650529  0.0669689  0.504639  0.7124  0.177002  0.826668  0.930629  0.203733  0.931168  0.404344  0.444718  0.966116  0.143481  0.400297  0.766013  0.170164  0.957167  0.608472  0.757953  0.877713  0.889415  0.650529  0.0669689  0.504639  0.7124  0.177002  0.826668  0.930629  0.203733  0.931168  
0.00454161  0.0721505  0.408831  0.368504  0.50449  0.0267789  0.0943874  0.412242  0.304377  0.222202  0.11922  0.382462  0.7764  0.493454  0.0840842  0.266362  0.206266  0.702775  0.272908  0.54283  0.73973  0.00454161  0.0721505  0.408831  0.368504  0.50449  0.0267789  0.0943874  0.412242  0.304377  0.222202  0.11922  0.382462  0.7764  0.493454  0.0840842  0.266362  0.206266  0.702775  0.272908  0.54283  0.73973  
0.625499  0.53095  0.821441  0.448444  0.260785  0.793059  0.898568  0.54985  0.143282  0.212863  0.873947  0.565779  0.402638  0.576037  0.982204  0.105528  0.875977  0.804193  0.0739807  0.648759  0.0650315  0.625499  0.53095  0.821441  0.448444  0.260785  0.793059  0.898568  0.54985  0.143282  0.212863  0.873947  0.565779  0.402638  0.576037  0.982204  0.105528  0.875977  0.804193  0.0739807  0.648759  0.0650315  
0.999614  0.627594  0.0912361  0.937677  0.930126  0.623158  0.991506  0.296156  0.687368  0.237888  0.699009  0.800052  0.229628  0.504129  0.351415  0.83481  0.943396  0.206003  0.607234  0.514923  0.688109  0.999614  0.627594  0.0912361  0.937677  0.930126  0.623158  0.991506  0.296156  0.687368  0.237888  0.699009  0.800052  0.229628  0.504129  0.351415  0.83481  0.943396  0.206003  0.607234  0.514923  0.688109  
0.223767  0.384754  0.795711  0.832592  0.39039  0.415821  0.785805  0.90625  0.0218194  0.175588  0.0412927  0.222591  0.715912  0.329909  0.139023  0.855026  0.913004  0.303552  0.751898  0.558896  0.508469  0.223767  0.384754  0.795711  0.832592  0.39039  0.415821  0.785805  0.90625  0.0218194  0.175588  0.0412927  0.222591  0.715912  0.329909  0.139023  0.855026  0.913004  0.303552  0.751898  0.558896  0.508469  
0.766798  0.982807  0.0358007  0.185669  0.64512  0.892109  0.517223  0.224293  0.57442  0.111175  0.870921  0.506357  0.0732735  0.836058  0.641271  0.0159838  0.301215  0.281453  0.0689043  0.810774  0.563415  0.766798  0.982807  0.0358007  0.185669  0.64512  0.892109  0.517223  0.224293  0.57442  0.111175  0.870921  0.506357  0.0732735  0.836058  0.641271  0.0159838  0.301215  0.281453  0.0689043  0.810774  0.563415  
0.419694  0.0860391  0.575914  0.950186  0.932967  0.194912  0.761026  0.233986  0.891817  0.301446  0.114928  0.260622  0.26918  0.569347  0.518735  0.0506197  0.907364  0.0856926  0.698945  0.35401  0.955443  0.419694  0.0860391  0.575914  0.950186  0.932967  0.194912  0.761026  0.233986  0.891817  0.301446  0.114928  0.260622  0.26918  0.569347  0.518735  0.0506197  0.907364  0.0856926  0.698945  0.35401  0.955443  
0.850966  0.757166  0.314276  0.202954  0.502758  0.980042  0.53023  0.120624  0.869196  0.539495  0.297225  0.757224  0.237509  0.823993  0.905498  0.938117  0.0180611  0.573918  0.982156  0.360219  0.603977  0.850966  0.757166  0.314276  0.202954  0.502758  0.980042  0.53023  0.120624  0.869196  0.539495  0.297225  0.757224  0.237509  0.823993  0.905498  0.938117  0.0180611  0.573918  0.982156  0.360219  0.603977  
0.0857054  0.628934  0.613636  0.310309  0.671513  0.620672  0.544807  0.885748  0.034659  0.96938  0.21585  0.162993  0.121124  0.256535  0.530351  0.75047  0.659017  0.513019  0.858678  0.794375  0.55463  0.0857054  0.628934  0.613636  0.310309  0.671513  0.620672  0.544807  0.885748  0.034659  0.96938  0.21585  0.162993  0.121124  0.256535  0.530351  0.75047  0.659017  0.513019  0.858678  0.794375  0.55463  
0.229026  0.875543  0.390573  0.709751  0.376242  0.291524  0.100209  0.143681  0.32236  0.736547  0.465543  0.239715  0.0692196  0.509955  0.850965  0.521521  0.506161  0.242339  0.836996  0.666956  0.912683  0.229026  0.875543  0.390573  0.709751  0.376242  0.291524  0.100209  0.143681  0.32236  0.736547  0.465543  0.239715  0.0692196  0.509955  0.850965  0.521521  0.506161  0.242339  0.836996  0.666956  0.912683  
0.0395073  0.153829  0.397287  0.470185  0.0233073  0.0276704  0.529052  0.982281  0.69006  0.2249  0.962011  0.606634  0.638053  0.893355  0.891341  0.289215  0.345206  0.247923  0.204999  0.450944  0.627703  0.0395073  0.153829  0.397287  0.470185  0.0233073  0.0276704  0.529052  0.982281  0.69006  0.2249  0.962011  0.606634  0.638053  0.893355  0.891341  0.289215  0.345206  0.247923  0.204999  0.450944  0.627703  
0.191407  0.761906  0.823328  0.240951  0.929847  0.550985  0.446656  0.865024  0.0627732  0.790069  0.644757  0.639455  0.248661  0.211304  0.310545  0.0769264  0.34563  0.553603  0.714878  0.246385  0.465264  0.191407  0.761906  0.823328  0.240951  0.929847  0.550985  0.446656  0.865024  0.0627732  0.790069  0.644757  0.639455  0.248661  0.211304  0.310545  0.0769264  0.34563  0.553603  0.714878  0.246385  0.465264  
0.161965  0.939959  0.776279  0.884633  0.532088  0.90926  0.137815  0.930896  0.0704887  0.156996  0.647282  0.724413  0.979666  0.260397  0.678457  0.590249  0.0868427  0.0274025  0.838411  0.0554223  0.878523  0.161965  0.939959  0.776279  0.884633  0.532088  0.90926  0.137815  0.930896  0.0704887  0.156996  0.647282  0.724413  0.979666  0.260397  0.678457  0.590249  0.0868427  0.0274025  0.838411  0.0554223  0.878523  
0.0627325  0.249201  0.876161  0.907288  0.660407  0.0853899  0.590463  0.0924257  0.748039  0.700801  0.209215  0.785963  0.5358  0.818902  0.224789  0.118938  0.0279143  0.256141  0.60502  0.560518  0.0497452  0.0627325  0.249201  0.876161  0.907288  0.660407  0.0853899  0.590463  0.0924257  0.748039  0.700801  0.209215  0.785963  0.5358  0.818902  0.224789  0.118938  0.0279143  0.256141  0.60502  0.560518  0.0497452  
0.724677  0.499053  0.822782  0.75511  0.411743  0.366414  0.353696  0.614579  0.562811  0.540919  0.686028  0.918308  0.592199  0.432638  0.88398  0.601746  0.580412  0.868928  0.397731  0.585693  0.263926  0.724677  0.499053  0.822782  0.75511  0.411743  0.366414  0.353696  0.614579  0.562811  0.540919  0.686028  0.918308  0.592199  0.432638  0.88398  0.601746  0.580412  0.868928  0.397731  0.585693  0.263926  
0.462117  0.160729  0.0449421  0.181222  0.766855  0.689731  0.668778  0.427518  0.241161  0.223899  0.358118  0.11334  0.558514  0.384051  0.690569  0.362695  0.26159  0.444493  0.529202  0.720727  0.511866  0.462117  0.160729  0.0449421  0.181222  0.766855  0.689731  0.668778  0.427518  0.241161  0.223899  0.358118  0.11334  0.558514  0.384051  0.690569  0.362695  0.26159  0.444493  0.529202  0.720727  0.511866  
0.455775  0.773516  0.0503629  0.67385  0.917887  0.255004  0.463236  0.923358  0.19102  0.140638  0.759346  0.342568  0.581287  0.0550001  0.141533  0.901033  0.955654  0.87195  0.448551  0.610112  0.118414  0.455775  0.773516  0.0503629  0.67385  0.917887  0.255004  0.463236  0.923358  0.19102  0.140638  0.759346  0.342568  0.581287  0.0550001  0.141533  0.901033  0.955654  0.87195  0.448551  0.610112  0.118414  
0.886128  0.735928  0.669768  0.240227  0.855957  0.610666  0.602384  0.316611  0.790607  0.254682  0.108952  0.272798  0.491069  0.95108  0.607564  0.243816  0.705474  0.831392  0.611201  0.0175456  0.822404  0.886128  0.735928  0.669768  0.240227  0.855957  0.610666  0.602384  0.316611  0.790607  0.254682  0.108952  0.272798  0.491069  0.95108  0.607564  0.243816  0.705474  0.831392  0.611201  0.0175456  0.822404  
0.327149  0.347438  0.0293724  0.413841  0.635524  0.256984  0.323717  0.695852  0.680618  0.665259  0.873857  0.596067  0.401184  0.94361  0.920165  0.133235  0.884888  0.168148  0.858949  0.841396  0.389127  0.327149  0.347438  0.0293724  0.413841  0.635524  0.256984  0.323717  0.695852  0.680618  0.665259  0.873857  0.596067  0.401184  0.94361  0.920165  0.133235  0.884888  0.168148  0.858949  0.841396  0.389127  
0.795769  0.789607  0.089171  0.653393  0.617137  0.242481  0.891725  0.13331  0.859074  0.288437  0.863971  0.193687  0.0414257  0.837649  0.968977  0.856356  0.201905  0.0336499  0.397747  0.492301  0.236075  0.795769  0.789607  0.089171  0.653393  0.617137  0.242481  0.891725  0.13331  0.859074  0.288437  0.863971  0.193687  0.0414257  0.837649  0.968977  0.856356  0.201905  0.0336499  0.397747  0.492301  0.236075  
0.214656  0.922266  0.129936  0.754781  0.592694  0.350512  0.0833644  0.360824  0.437507  0.340661  0.141837  0.0769164  0.880194  0.62467  0.908528  0.0648876  0.710159  0.148363  0.359251  0.309275  0.802222  0.214656  0.922266  0.129936  0.754781  0.592694  0.350512  0.0833644  0.360824  0.437507  0.340661  0.141837  0.0769164  0.880194  0.62467  0.908528  0.0648876  0.710159  0.148363  0.359251  0.309275  0.802222  
0.510977  0.552005  0.751567  0.785488  0.355452  0.85772  0.810336  0.282761  0.607989  0.0452433  0.242026  0.613548  0.739217  0.0490282  0.317074  0.100674  0.962637  0.908541  0.906925  0.33262  0.093755  0.510977  0.552005  0.751567  0.785488  0.355452  0.85772  0.810336  0.282761  0.607989  0.0452433  0.242026  0.613548  0.739217  0.0490282  0.317074  0.100674  0.962637  0.908541  0.906925  0.33262  0.093755  
0.585257  0.702715  0.458452  0.0205754  0.763018  0.793106  0.685741  0.829431  0.0686263  0.536511  0.648756  0.873122  0.117514  0.202662  0.664311  0.773675  0.336151  0.747584  0.925282  0.092538  0.115478  0.585257  0.702715  0.458452  0.0205754  0.763018  0.793106  0.685741  0.829431  0.0686263  0.536511  0.648756  0.873122  0.117514  0.202662  0.664311  0.773675  0.336151  0.747584  0.925282  0.092538  0.115478  
0.491926  0.93698  0.320842  0.313237  0.223416  0.396454  0.63733  0.060951  0.242885  0.44104  0.251816  0.0710366  0.856928  0.890176  0.357684  0.267934  0.401772  0.262319  0.24858  0.0351657  0.944679  0.491926  0.93698  0.320842  0.313237  0.223416  0.396454  0.63733  0.060951  0.242885  0.44104  0.251816  0.0710366  0.856928  0.890176  0.357684  0.267934  0.401772  0.262319  0.24858  0.0351657  0.944679  
0.503239  0.5765  0.514296  0.660942  0.649042  0.864894  0.760627  0.494122  0.275825  0.489956  0.0373138  0.457736  0.361226  0.986956  0.592719  0.215355  0.176737  0.235184  0.741092  0.605301  0.512683  0.503239  0.5765  0.514296  0.660942  0.649042  0.864894  0.760627  0.494122  0.275825  0.489956  0.0373138  0.457736  0.361226  0.986956  0.592719  0.215355  0.176737  0.235184  0.741092  0.605301  0.512683  
0.500425  0.566891  0.395214  0.423432  0.317564  0.688424  0.157969  0.0137201  0.171647  0.112864  0.862799  0.481456  0.644613  0.6074  0.690319  0.414704  0.559748  0.9188  0.260791  0.674681  0.393539  0.500425  0.566891  0.395214  0.423432  0.317564  0.688424  0.157969  0.0137201  0.171647  0.112864  0.862799  0.481456  0.644613  0.6074  0.690319  0.414704  0.559748  0.9188  0.260791  0.674681  0.393539  
0.464829  0.967212  0.978398  0.759528  0.115839  0.155315  0.981639  0.734003  0.601791  0.751642  0.633549  0.292824  0.189447  0.654091  0.152593  0.275488  0.417389  0.431159  0.0383672  0.570812  0.269025  0.464829  0.967212  0.978398  0.759528  0.115839  0.155315  0.981639  0.734003  0.601791  0.751642  0.633549  0.292824  0.189447  0.654091  0.152593  0.275488  0.417389  0.431159  0.0383672  0.570812  0.269025  
0.982548  0.5174  0.876586  0.497166  0.806225  0.344459  0.0517103  0.980625  0.238041  0.878576  0.481992  0.760926  0.796825  0.252596  0.314116  0.0453835  0.998808  0.307541  0.110685  0.317079  0.811249  0.982548  0.5174  0.876586  0.497166  0.806225  0.344459  0.0517103  0.980625  0.238041  0.878576  0.481992  0.760926  0.796825  0.252596  0.314116  0.0453835  0.998808  0.307541  0.110685  0.317079  0.811249  
0.198005  0.147977  0.0754163  0.264181  0.476905  0.169806  0.756682  0.243411  0.39726  0.222931  0.892774  0.310263  0.510038  0.787312  0.0131562  0.405583  0.994075  0.702041  0.660867  0.480076  0.626503  0.198005  0.147977  0.0754163  0.264181  0.476905  0.169806  0.756682  0.243411  0.39726  0.222931  0.892774  0.310263  0.510038  0.787312  0.0131562  0.405583  0.994075  0.702041  0.660867  0.480076  0.626503  
0.585317  0.350609  0.320511  0.350081  0.470991  0.865585  0.948418  0.746051  0.612745  0.717201  0.745749  0.197206  0.277602  0.0993239  0.129444  0.563897  0.255292  0.577032  0.712924  0.458923  0.77413  0.585317  0.350609  0.320511  0.350081  0.470991  0.865585  0.948418  0.746051  0.612745  0.717201  0.745749  0.197206  0.277602  0.0993239  0.129444  0.563897  0.255292  0.577032  0.712924  0.458923  0.77413  
0.704271  0.778134  0.242086  0.320274  0.477552  0.040232  0.272834  0.687055  0.853474  0.163162  0.9951  0.124601  0.81164  0.0918645  0.0158689  0.233495  0.716725  0.8836  0.247273  0.186823  0.152776  0.704271  0.778134  0.242086  0.320274  0.477552  0.040232  0.272834  0.687055  0.853474  0.163162  0.9951  0.124601  0.81164  0.0918645  0.0158689  0.233495  0.716725  0.8836  0.247273  0.186823  0.152776  
0.72157  0.349218  0.616094  0.645103  0.191368  0.793755  0.108163  0.177641  0.962862  0.909513  0.101298  0.852859  0.580236  0.769082  0.650035  0.399387  0.793816  0.563664  0.346028  0.446325  0.113829  0.72157  0.349218  0.616094  0.645103  0.191368  0.793755  0.108163  0.177641  0.962862  0.909513  0.101298  0.852859  0.580236  0.769082  0.650035  0.399387  0.793816  0.563664  0.346028  0.446325  0.113829  
0.638823  0.0735163  0.733325  0.568764  0.467273  0.101817  0.496328  0.87424  0.677708  0.168032  0.885769  0.772948  0.552665  0.0758077  0.324377  0.602591  0.696564  0.298607  0.229921  0.511031  0.860966  0.638823  0.0735163  0.733325  0.568764  0.467273  0.101817  0.496328  0.87424  0.677708  0.168032  0.885769  0.772948  0.552665  0.0758077  0.324377  0.602591  0.696564  0.298607  0.229921  0.511031  0.860966  
0.625737  0.606358  0.105775  0.0997823  0.567268  0.495299  0.834432  0.204725  0.907355  0.294493  0.0626921  0.0219173  0.132711  0.445783  0.649288  0.664  0.405098  0.279266  0.739403  0.853366  0.743265  0.625737  0.606358  0.105775  0.0997823  0.567268  0.495299  0.834432  0.204725  0.907355  0.294493  0.0626921  0.0219173  0.132711  0.445783  0.649288  0.664  0.405098  0.279266  0.739403  0.853366  0.743265  
0.761945  0.137308  0.908557  0.336882  0.910238  0.567579  0.664851  0.103983  0.542769  0.453205  0.722331  0.81031  0.397392  0.632347  0.239884  0.593272  0.913448  0.543354  0.54295  0.572389  0.113011  0.761945  0.137308  0.908557  0.336882  0.910238  0.567579  0.664851  0.103983  0.542769  0.453205  0.722331  0.81031  0.397392  0.632347  0.239884  0.593272  0.913448  0.543354  0.54295  0.572389  0.113011  
0.136143  0.788246  0.178033  0.948919  0.364566  0.903064  0.860125  0.345601  0.386618  0.710922  0.83661  0.190354  0.671657  0.270036  0.619512  0.105523  0.592625  0.187526  0.432217  0.00106943  0.383072  0.136143  0.788246  0.178033  0.948919  0.364566  0.903064  0.860125  0.345601  0.386618  0.710922  0.83661  0.190354  0.671657  0.270036  0.619512  0.105523  0.592625  0.187526  0.432217  0.00106943  0.383072  
0.884595  0.815416  0.0940244  0.0154485  0.746932  0.129946  0.849823  0.847511  0.363641  0.255831  0.824469  0.291959  0.101031  0.442968  0.948436  0.640225  0.584756  0.376747  0.212853  0.559785  0.714606  0.884595  0.815416  0.0940244  0.0154485  0.746932  0.129946  0.849823  0.847511  0.363641  0.255831  0.824469  0.291959  0.101031  0.442968  0.948436  0.640225  0.584756  0.376747  0.212853  0.559785  0.714606  
0.32633  0.0378596  0.545112  0.86204  0.0862417  0.472858  0.623736  0.732844  0.63214  0.388577  0.0278943  0.443987  0.768158  0.986187  0.269681  0.869972  0.26518  0.525644  0.145114  0.909455  0.649937  0.32633  0.0378596  0.545112  0.86204  0.0862417  0.472858  0.623736  0.732844  0.63214  0.388577  0.0278943  0.443987  0.768158  0.986187  0.269681  0.869972  0.26518  0.525644  0.145114  0.909455  0.649937  
0.889432  0.954789  0.975221  0.247383  0.810495  0.748437  0.454359  0.392193  0.182402  0.729143  0.385273  0.732968  0.317771  0.876526  0.162801  0.989693  0.189824  0.780561  0.760717  0.150876  0.925082  0.889432  0.954789  0.975221  0.247383  0.810495  0.748437  0.454359  0.392193  0.182402  0.729143  0.385273  0.732968  0.317771  0.876526  0.162801  0.989693  0.189824  0.780561  0.760717  0.150876  0.925082  
0.680934  0.593677  0.355518  0.527738  0.51274  0.544104  0.753089  0.0273658  0.155207  0.418501  0.374977  0.421287  0.989421  0.308003  0.124717  0.621313  0.0097308  0.653751  0.709353  0.430407  0.297925  0.680934  0.593677  0.355518  0.527738  0.51274  0.544104  0.753089  0.0273658  0.155207  0.418501  0.374977  0.421287  0.989421  0.308003  0.124717  0.621313  0.0097308  0.653751  0.709353  0.430407  0.297925  
0.908071  0.447269  0.678335  0.118752  0.321332  0.896581  0.00934021  0.3159  0.244462  0.917627  0.886815  0.474471  0.676538  0.681163  0.590732  0.670628  0.642581  0.902957  0.709772  0.744194  0.935991  0.908071  0.447269  0.678335  0.118752  0.321332  0.896581  0.00934021  0.3159  0.244462  0.917627  0.886815  0.474471  0.676538  0.681163  0.590732  0.670628  0.642581  0.902957  0.709772  0.744194  0.935991  
0.451116  0.251369  0.0253247  0.0729111  0.0244296  0.0876588  0.551291  0.909342  0.67177  0.942075  0.0936804  0.262958  0.664005  0.977178  0.234632  0.194586  0.86127  0.566759  0.952297  0.0229606  0.973706  0.451116  0.251369  0.0253247  0.0729111  0.0244296  0.0876588  0.551291  0.909342  0.67177  0.942075  0.0936804  0.262958  0.664005  0.977178  0.234632  0.194586  0.86127  0.566759  0.952297  0.0229606  0.973706  
0.77613  0.926741  0.117334  0.361549  0.488066  0.482828  0.360257  0.0178677  0.168899  0.460481  0.98527  0.600407  0.702095  0.260922  0.849797  0.797066  0.844352  0.411605  0.138676  0.212067  0.936877  0.77613  0.926741  0.117334  0.361549  0.488066  0.482828  0.360257  0.0178677  0.168899  0.460481  0.98527  0.600407  0.702095  0.260922  0.849797  0.797066  0.844352  0.411605  0.138676  0.212067  0.936877  
0.698219  0.274437  0.0235829  0.668142  0.498122  0.638464  0.804116  0.69381  0.637926  0.610357  0.634123  0.298927  0.9993  0.321738  0.878466  0.885806  0.247646  0.270203  0.286538  0.225428  0.794854  0.698219  0.274437  0.0235829  0.668142  0.498122  0.638464  0.804116  0.69381  0.637926  0.610357  0.634123  0.298927  0.9993  0.321738  0.878466  0.885806  0.247646  0.270203  0.286538  0.225428  0.794854  
0.213045  0.922887  0.937909  0.861229  0.00224416  0.651486  0.0591395  0.867641  0.839904  0.99369  0.290712  0.600534  0.0972236  0.0988711  0.436345  0.955558  0.211227  0.539456  0.323178  0.374669  0.0446112  0.213045  0.922887  0.937909  0.861229  0.00224416  0.651486  0.0591395  0.867641  0.839904  0.99369  0.290712  0.600534  0.0972236  0.0988711  0.436345  0.955558  0.211227  0.539456  0.323178  0.374669  0.0446112  
0.765614  0.0313194  0.244977  0.0353774  0.377816  0.109154  0.794531  0.60091  0.227737  0.370502  0.218947  0.557308  0.992723  0.803939  0.949113  0.969317  0.568081  0.831566  0.639559  0.779431  0.244275  0.765614  0.0313194  0.244977  0.0353774  0.377816  0.109154  0.794531  0.60091  0.227737  0.370502  0.218947  0.557308  0.992723  0.803939  0.949113  0.969317  0.568081  0.831566  0.639559  0.779431  0.244275  
0.468782  0.728145  0.266677  0.121571  0.630594  0.608327  0.150101  0.947278  0.575031  0.655507  0.453912  0.850664  0.959481  0.654791  0.231672  0.661761  0.931726  0.58747  0.530785  0.708216  0.846947  0.468782  0.728145  0.266677  0.121571  0.630594  0.608327  0.150101  0.947278  0.575031  0.655507  0.453912  0.850664  0.959481  0.654791  0.231672  0.661761  0.931726  0.58747  0.530785  0.708216  0.846947  
0.872065  0.408688  0.887868  0.449494  0.837927  0.415862  0.259579  0.252263  0.296297  0.113022  0.847396  0.395635  0.751412  0.644877  0.488793  0.112468  0.263452  0.0408667  0.581475  0.0885458  0.936266  0.872065  0.408688  0.887868  0.449494  0.837927  0.415862  0.259579  0.252263  0.296297  0.113022  0.847396  0.395635  0.751412  0.644877  0.488793  0.112468  0.263452  0.0408667  0.581475  0.0885458  0.936266  
0.84139  0.625484  0.717184  0.6125  0.720071  0.713226  0.427296  0.226416  0.210801  0.780927  0.216825  0.0249388  0.801209  0.493471  0.0172991  0.0166473  0.375408  0.927609  0.75945  0.645643  0.132658  0.84139  0.625484  0.717184  0.6125  0.720071  0.713226  0.427296  0.226416  0.210801  0.780927  0.216825  0.0249388  0.801209  0.493471  0.0172991  0.0166473  0.375408  0.927609  0.75945  0.645643  0.132658  
0.65318  0.912291  0.864648  0.661509  0.13707  0.208739  0.0952952  0.0354679  0.213627  0.245518  0.33505  0.45965  0.0152512  0.533062  0.0137948  0.167439  0.333923  0.322916  0.328506  0.659126  0.352012  0.65318  0.912291  0.864648  0.661509  0.13707  0.208739  0.0952952  0.0354679  0.213627  0.245518  0.33505  0.45965  0.0152512  0.533062  0.0137948  0.167439  0.333923  0.322916  0.328506  0.659126  0.352012  
0.944582  0.640746  0.960344  0.125739  0.370218  0.0604037  0.0370368  0.518458  0.925704  0.939408  0.383443  0.14432  0.857448  0.131598  0.547367  0.43361  0.431659  0.730009  0.245835  0.38344  0.38701  0.944582  0.640746  0.960344  0.125739  0.370218  0.0604037  0.0370368  0.518458  0.925704  0.939408  0.383443  0.14432  0.857448  0.131598  0.547367  0.43361  0.431659  0.730009  0.245835  0.38344  0.38701  
0.193592  0.950164  0.454224  0.609398  0.480011  0.192991  0.672553  0.431623  0.332606  0.778118  0.445598  0.248727  0.278515  0.338922  0.524589  0.673088  0.514804  0.229655  0.0456591  0.383694  0.778999  0.193592  0.950164  0.454224  0.609398  0.480011  0.192991  0.672553  0.431623  0.332606  0.778118  0.445598  0.248727  0.278515  0.338922  0.524589  0.673088  0.514804  0.229655  0.0456591  0.383694  0.778999  
0.411815  0.329492  0.922727  0.0866647  0.00909894  0.184817  0.449423  0.744058  0.142331  0.833993  0.368864  0.606799  0.974486  0.387899  0.0336983  0.251035  0.404485  0.969663  0.266459  0.0100023  0.303122  0.411815  0.329492  0.922727  0.0866647  0.00909894  0.184817  0.449423  0.744058  0.142331  0.833993  0.368864  0.606799  0.974486  0.387899  0.0336983  0.251035  0.404485  0.969663  0.266459  0.0100023  0.303122  
0.182244  0.814947  0.700697  0.52687  0.216853  0.251909  0.648333  0.455108  0.191797  0.0271292  0.409394  0.83676  0.972135  0.571347  0.467703  0.0025147  0.0895595  0.622702  0.905621  0.044894  0.862561  0.182244  0.814947  0.700697  0.52687  0.216853  0.251909  0.648333  0.455108  0.191797  0.0271292  0.409394  0.83676  0.972135  0.571347  0.467703  0.0025147  0.0895595  0.622702  0.905621  0.044894  0.862561  
0.600826  0.40496  0.0404795  0.404696  0.15427  0.482505  0.266101  0.455215  0.740282  0.747849  0.738948  0.645983  0.70279  0.656514  0.254573  0.373827  0.782062  0.572607  0.178823  0.4507  0.033737  0.600826  0.40496  0.0404795  0.404696  0.15427  0.482505  0.266101  0.455215  0.740282  0.747849  0.738948  0.645983  0.70279  0.656514  0.254573  0.373827  0.782062  0.572607  0.178823  0.4507  0.033737  
0.745708  0.877522  0.901173  0.402727  0.259333  0.381411  0.472849  0.500166  0.323589  0.583957  0.949391  0.00937648  0.207872  0.884087  0.292491  0.888977  0.82126  0.954244  0.00274604  0.58653  0.664249  0.745708  0.877522  0.901173  0.402727  0.259333  0.381411  0.472849  0.500166  0.323589  0.583957  0.949391  0.00937648  0.207872  0.884087  0.292491  0.888977  0.82126  0.954244  0.00274604  0.58653  0.664249  
0.923075  0.0984287  0.320773  0.505271  0.497356  0.296017  0.585143  0.556208  0.687033  0.831646  0.706959  0.0752914  0.826688  0.263932  0.346101  0.241097  0.119597  0.0191441  0.292227  0.160411  0.839474  0.923075  0.0984287  0.320773  0.505271  0.497356  0.296017  0.585143  0.556208  0.687033  0.831646  0.706959  0.0752914  0.826688  0.263932  0.346101  0.241097  0.119597  0.0191441  0.292227  0.160411  0.839474  
0.715947  0.846689  0.107512  0.695051  0.192883  0.391909  0.653177  0.995853  0.00623903  0.157625  0.58598  0.0998592  0.124582  0.0431529  0.950054  0.532322  0.280336  0.413349  0.674454  0.124137  0.282361  0.715947  0.846689  0.107512  0.695051  0.192883  0.391909  0.653177  0.995853  0.00623903  0.157625  0.58598  0.0998592  0.124582  0.0431529  0.950054  0.532322  0.280336  0.413349  0.674454  0.124137  0.282361  
0.529061  0.636445  0.260546  0.184308  0.87272  0.307838  0.89271  0.408647  0.520315  0.0952251  0.354081  0.822534  0.254871  0.353897  0.0686862  0.655444  0.452379  0.771994  0.757275  0.433854  0.126347  0.529061  0.636445  0.260546  0.184308  0.87272  0.307838  0.89271  0.408647  0.520315  0.0952251  0.354081  0.822534  0.254871  0.353897  0.0686862  0.655444  0.452379  0.771994  0.757275  0.433854  0.126347  
0.152992  0.0482765  0.279197  0.919483  0.412526  0.467458  0.709247  0.72575  0.902483  0.625448  0.38359  0.38693  0.469057  0.86187  0.540278  0.709793  0.68988  0.135196  0.172437  0.268592  0.0414376  0.152992  0.0482765  0.279197  0.919483  0.412526  0.467458  0.709247  0.72575  0.902483  0.625448  0.38359  0.38693  0.469057  0.86187  0.540278  0.709793  0.68988  0.135196  0.172437  0.268592  0.0414376  
0.034208  0.812971  0.810136  0.4139  0.43805  0.586746  0.30278  0.957825  0.730997  0.886491  0.364814  0.116512  0.325403  0.707059  0.644846  0.931749  0.683149  0.337941  0.569121  0.82703  0.799289  0.034208  0.812971  0.810136  0.4139  0.43805  0.586746  0.30278  0.957825  0.730997  0.886491  0.364814  0.116512  0.325403  0.707059  0.644846  0.931749  0.683149  0.337941  0.569121  0.82703  0.799289  
0.695918  0.605488  0.37589  0.46285  0.121345  0.0840303  0.10346  0.936878  0.00436946  0.119143  0.451149  0.353264  0.0193816  0.875515  0.563083  0.843444  0.725616  0.149077  0.617377  0.522592  0.692728  0.695918  0.605488  0.37589  0.46285  0.121345  0.0840303  0.10346  0.936878  0.00436946  0.119143  0.451149  0.353264  0.0193816  0.875515  0.563083  0.843444  0.725616  0.149077  0.617377  0.522592  0.692728  
0.703394  0.679778  0.75027  0.956123  0.395724  0.36133  0.376171  0.289245  0.457495  0.884435  0.0761257  0.205349  0.186415  0.637304  0.411195  0.778356  0.160352  0.170985  0.571835  0.954825  0.683469  0.703394  0.679778  0.75027  0.956123  0.395724  0.36133  0.376171  0.289245  0.457495  0.884435  0.0761257  0.205349  0.186415  0.637304  0.411195  0.778356  0.160352  0.170985  0.571835  0.954825  0.683469  
0.418553  0.917294  0.155338  0.668547  0.209415  0.957905  0.728502  0.512367  0.533637  0.62229  0.431734  0.741103  0.844484  0.452021  0.349105  0.432291  0.749212  0.927303  0.172534  0.264017  0.65871  0.418553  0.917294  0.155338  0.668547  0.209415  0.957905  0.728502  0.512367  0.533637  0.62229  0.431734  0.741103  0.844484  0.452021  0.349105  0.432291  0.749212  0.927303  0.172534  0.264017  0.65871  
0.549715  0.52707  0.966624  0.299704  0.804099  0.240896  0.405705  0.730144  0.326487  0.717748  0.723765  0.886136  0.352185  0.131833  0.465876  0.452051  0.319901  0.474336  0.0267915  0.559412  0.415584  0.549715  0.52707  0.966624  0.299704  0.804099  0.240896  0.405705  0.730144  0.326487  0.717748  0.723765  0.886136  0.352185  0.131833  0.465876  0.452051  0.319901  0.474336  0.0267915  0.559412  0.415584  
0.912479  0.921943  0.986507  0.948195  0.226669  0.834895  0.357798  0.914417  0.0831988  0.420597  0.343942  0.152789  0.460524  0.293533  0.118071  0.670361  0.360511  0.689548  0.954599  0.509561  0.111231  0.912479  0.921943  0.986507  0.948195  0.226669  0.834895  0.357798  0.914417  0.0831988  0.420597  0.343942  0.152789  0.460524  0.293533  0.118071  0.670361  0.360511  0.689548  0.954599  0.509561  0.111231  
0.596614  0.597759  0.59288  0.492785  0.711712  0.676607  0.566133  0.815666  0.57982  0.478487  0.323517  0.0338533  0.690658  0.78564  0.0126911  0.660018  0.872632  0.771788  0.891847  0.428015  0.827349  0.596614  0.597759  0.59288  0.492785  0.711712  0.676607  0.566133  0.815666  0.57982  0.478487  0.323517  0.0338533  0.690658  0.78564  0.0126911  0.660018  0.872632  0.771788  0.891847  0.428015  0.827349  
0.120707  0.0354059  0.955563  0.148644  0.535543  0.65854  0.481942  0.30139  0.286082  0.897412  0.432963  0.886254  0.755271  0.618503  0.521934  0.89376  0.158701  0.751226  0.69195  0.436483  0.80779  0.120707  0.0354059  0.955563  0.148644  0.535543  0.65854  0.481942  0.30139  0.286082  0.897412  0.432963  0.886254  0.755271  0.618503  0.521934  0.89376  0.158701  0.751226  0.69195  0.436483  0.80779  
0.0620622  0.730312  0.211584  0.0854299  0.559899  0.897948  0.0444342  0.850455  0.96797  0.832116  0.91732  0.601683  0.826362  0.787692  0.122726  0.94286  0.0661989  0.808859  0.579382  0.0298325  0.921875  0.0620622  0.730312  0.211584  0.0854299  0.559899  0.897948  0.0444342  0.850455  0.96797  0.832116  0.91732  0.601683  0.826362  0.787692  0.122726  0.94286  0.0661989  0.808859  0.579382  0.0298325  0.921875  
0.784178  0.079571  0.376326  0.188036  0.274901  0.944465  0.467088  0.749648  0.0652323  0.690756  0.953442  0.790479  0.965643  0.221321  0.66092  0.502024  0.347139  0.148371  0.433089  0.603531  0.94692  0.784178  0.079571  0.376326  0.188036  0.274901  0.944465  0.467088  0.749648  0.0652323  0.690756  0.953442  0.790479  0.965643  0.221321  0.66092  0.502024  0.347139  0.148371  0.433089  0.603531  0.94692  
0.765499  0.860061  0.961452  0.034871  0.845055  0.575564  0.472342  0.911193  0.902311  0.1953  0.668179  0.810097  0.183057  0.338468  0.0199283  0.561035  0.00801125  0.147129  0.738149  0.0637062  0.312473  0.765499  0.860061  0.961452  0.034871  0.845055  0.575564  0.472342  0.911193  0.902311  0.1953  0.668179  0.810097  0.183057  0.338468  0.0199283  0.561035  0.00801125  0.147129  0.738149  0.0637062  0.312473  
0.967292  0.187609  0.570373  0.955274  0.827095  0.712599  0.513924  0.00760699  0.10213  0.230108  0.53391  0.19481  0.354748  0.458621  0.301725  0.302098  0.214781  0.0118542  0.850473  0.167103  0.0764224  0.967292  0.187609  0.570373  0.955274  0.827095  0.712599  0.513924  0.00760699  0.10213  0.230108  0.53391  0.19481  0.354748  0.458621  0.301725  0.302098  0.214781  0.0118542  0.850473  0.167103  0.0764224  
0.585891  0.975946  0.0835636  0.660903  0.988918  0.137419  0.772457  0.840403  0.0762593  0.921634  0.505159  0.929737  0.770602  0.831831  0.245557  0.667193  0.581599  0.944542  0.692552  0.93093  0.587901  0.585891  0.975946  0.0835636  0.660903  0.988918  0.137419  0.772457  0.840403  0.0762593  0.921634  0.505159  0.929737  0.770602  0.831831  0.245557  0.667193  0.581599  0.944542  0.692552  0.93093  0.587901  
0.145874  0.0274528  0.616096  0.494647  0.435003  0.820034  0.195772  0.916586  0.347722  0.0816429  0.603766  0.638609  0.311429  0.313581  0.697472  0.918858  0.253115  0.746717  0.113741  0.162236  0.98228  0.145874  0.0274528  0.616096  0.494647  0.435003  0.820034  0.195772  0.916586  0.347722  0.0816429  0.603766  0.638609  0.311429  0.313581  0.697472  0.918858  0.253115  0.746717  0.113741  0.162236  0.98228  
0.512657  0.664645  0.884304  0.614274  0.662979  0.332258  0.654026  0.346375  0.157568  0.700439  0.238744  0.96599  0.217994  0.663269  0.288128  0.112231  0.419834  0.639235  0.616957  0.196059  0.659203  0.512657  0.664645  0.884304  0.614274  0.662979  0.332258  0.654026  0.346375  0.157568  0.700439  0.238744  0.96599  0.217994  0.663269  0.288128  0.112231  0.419834  0.639235  0.616957  0.196059  0.659203  
0.242075  0.656562  0.990238  0.89578  0.602055  0.45246  0.624578  0.509785  0.33091  0.393964  0.778717  0.480275  0.358041  0.018808  0.551252  0.25246  0.839228  0.222168  0.359719  0.701254  0.285985  0.242075  0.656562  0.990238  0.89578  0.602055  0.45246  0.624578  0.509785  0.33091  0.393964  0.778717  0.480275  0.358041  0.018808  0.551252  0.25246  0.839228  0.222168  0.359719  0.701254  0.285985  
0.622893  0.513143  0.234894  0.551209  0.328426  0.344504  0.458957  0.0768483  0.737157  0.532124  0.440416  0.46434  0.820174  0.410864  0.126581  0.466373  0.634643  0.207487  0.605248  0.667484  0.589065  0.622893  0.513143  0.234894  0.551209  0.328426  0.344504  0.458957  0.0768483  0.737157  0.532124  0.440416  0.46434  0.820174  0.410864  0.126581  0.466373  0.634643  0.207487  0.605248  0.667484  0.589065  
0.857926  1.97714e-08  3.48992e-09  1.33654e-08  1.70208e-08  2.58544e-09  4.54932e-09  1.1892e-08  3.68872e-09  2.56373e-09  8.81523e-09  7.23913e-09  1.38242e-08  3.93178e-09  8.56794e-09  3.62561e-08  3.71134e-08  4.57672e-09  1.34906e-08  4.06993e-09  1.11071e-08  0.857926  1.97714e-08  3.48992e-09  1.33654e-08  1.70208e-08  2.58544e-09  4.54932e-09  1.1892e-08  3.68872e-09  2.56373e-09  8.81523e-09  7.23913e-09  1.38242e-08  3.93178e-09  8.56794e-09  3.62561e-08  3.71134e-08  4.57672e-09  1.34906e-08  4.06993e-09  1.11071e-08  
0.000168912  1.12121e-17  8.09745e-18  4.56024e-18  1.49089e-17  4.99898e-19  3.21923e-17  5.92136e-18  0  1.10001e-17  6.88028e-17  7.03206e-19  6.89828e-18  1.86769e-17  2.70745e-16  2.92298e-18  2.2489e-17  3.60886e-17  2.01104e-17  0  4.20462e-17  0.000168912  1.12121e-17  8.09745e-18  4.56024e-18  1.49089e-17  4.99898e-19  3.21923e-17  5.92136e-18  0  1.10001e-17  6.88028e-17  7.03206e-19  6.89828e-18  1.86769e-17  2.70745e-16  2.92298e-18  2.2489e-17  3.60886e-17  2.01104e-17  0  4.20462e-17  
0.848854  6.27897e-09  6.36452e-10  1.1573e-08  3.3947e-08  6.14902e-10  3.55178e-09  7.15391e-09  5.23583e-09  4.4088e-09  2.34203e-08  5.64742e-09  2.13128e-10  2.53378e-09  7.51589e-09  9.73259e-09  5.98143e-08  6.75528e-09  4.83221e-09  1.79099e-09  4.90472e-08  0.848854  6.27897e-09  6.36452e-10  1.1573e-08  3.3947e-08  6.14902e-10  3.55178e-09  7.15391e-09  5.23583e-09  4.4088e-09  2.34203e-08  5.64742e-09  2.13128e-10  2.53378e-09  7.51589e-09  9.73259e-09  5.98143e-08  6.75528e-09  4.83221e-09  1.79099e-09  4.90472e-08  
0.841082  3.40625e-08  3.36784e-10  4.67232e-18  1.47867e-08  5.60938e-09  1.64005e-09  3.8495e-08  4.4353e-09  9.54558e-10  1.87835e-08  1.61175e-08  3.41003e-09  3.03054e-09  7.69915e-09  1.08736e-08  6.82914e-08  1.40672e-08  2.36851e-08  1.06578e-08  5.07604e-08  0.841082  3.40625e-08  3.36784e-10  4.67232e-18  1.47867e-08  5.60938e-09  1.64005e-09  3.8495e-08  4.4353e-09  9.54558e-10  1.87835e-08  1.61175e-08  3.41003e-09  3.03054e-09  7.69915e-09  1.08736e-08  6.82914e-08  1.40672e-08  2.36851e-08  1.06578e-08  5.07604e-08  
0.835661  1.99666e-08  7.07474e-18  1.78663e-08  1.05914e-09  9.62642e-10  1.32968e-09  6.55531e-08  1.03627e-08  1.56892e-09  1.4046e-08  1.15477e-08  5.35992e-09  1.90776e-09  8.10375e-09  7.38289e-09  7.29442e-08  4.02523e-08  3.57433e-08  7.53339e-09  3.66103e-08  0.835661  1.99666e-08  7.07474e-18  1.78663e-08  1.05914e-09  9.62642e-10  1.32968e-09  6.55531e-08  1.03627e-08  1.56892e-09  1.4046e-08  1.15477e-08  5.35992e-09  1.90776e-09  8.10375e-09  7.38289e-09  7.29442e-08  4.02523e-08  3.57433e-08  7.53339e-09  3.66103e-08  
0.83119  2.33615e-08  5.75752e-18  1.21382e-08  1.49112e-17  7.64942e-10  3.39469e-09  5.92136e-18  2.5456e-09  1.33631e-09  3.31807e-08  1.83071e-09  8.82301e-09  1.39597e-09  7.31412e-09  2.92298e-18  1.91528e-08  1.15522e-09  2.54114e-10  3.98145e-09  2.07984e-08  0.83119  2.33615e-08  5.75752e-18  1.21382e-08  1.49112e-17  7.64942e-10  3.39469e-09  5.92136e-18  2.5456e-09  1.33631e-09  3.31807e-08  1.83071e-09  8.82301e-09  1.39597e-09  7.31412e-09  2.92298e-18  1.91528e-08  1.15522e-09  2.54114e-10  3.98145e-09  2.07984e-08  
0.827267  1.28283e-10  4.67639e-18  4.70601e-10  1.49106e-17  7.12899e-11  4.678e-17  5.25001e-09  1.01265e-09  3.88273e-10  4.13109e-09  7.94767e-09  5.24796e-09  1.6955e-10  1.31455e-16  1.51928e-09  6.43731e-09  2.21167e-09  6.27744e-09  6.14036e-09  2.88286e-10  0.827267  1.28283e-10  4.67639e-18  4.70601e-10  1.49106e-17  7.12899e-11  4.678e-17  5.25001e-09  1.01265e-09  3.88273e-10  4.13109e-09  7.94767e-09  5.24796e-09  1.6955e-10  1.31455e-16  1.51928e-09  6.43731e-09  2.21167e-09  6.27744e-09  6.14036e-09  2.88286e-10  
0.823705  9.17737e-09  1.25038e-09  2.51369e-08  2.50905e-08  7.42254e-10  1.11096e-08  5.31735e-08  2.48379e-09  4.2509e-10  4.57008e-10  4.52799e-09  1.15958e-09  3.75749e-09  7.51159e-10  1.83118e-09  8.77813e-09  2.8893e-08  2.02256e-08  7.69414e-09  1.63353e-08  0.823705  9.17737e-09  1.25038e-09  2.51369e-08  2.50905e-08  7.42254e-10  1.11096e-08  5.31735e-08  2.48379e-09  4.2509e-10  4.57008e-10  4.52799e-09  1.15958e-09  3.75749e-09  7.51159e-10  1.83118e-09  8.77813e-09  2.8893e-08  2.02256e-08  7.69414e-09  1.63353e-08  
0.820401  6.24147e-08  2.68775e-09  9.59568e-09  7.13156e-09  4.43826e-10  4.60295e-09  4.73931e-08  2.11577e-09  3.16234e-09  8.73582e-17  1.48702e-08  7.80492e-09  4.86671e-09  2.6157e-09  3.10551e-09  1.39877e-08  1.58742e-08  2.34322e-08  4.08829e-09  4.37861e-08  0.820401  6.24147e-08  2.68775e-09  9.59568e-09  7.13156e-09  4.43826e-10  4.60295e-09  4.73931e-08  2.11577e-09  3.16234e-09  8.73582e-17  1.48702e-08  7.80492e-09  4.86671e-09  2.6157e-09  3.10551e-09  1.39877e-08  1.58742e-08  2.34322e-08  4.08829e-09  4.37861e-08  
0.817293  6.75892e-08  2.89343e-09  2.87287e-09  1.35418e-09  2.3664e-09  8.22834e-09  3.19838e-08  5.14965e-10  4.02409e-10  1.96392e-08  2.73702e-09  2.58668e-08  2.06391e-10  2.79945e-09  1.08983e-08  4.32889e-08  4.01864e-09  1.40128e-08  5.66929e-09  1.65563e-08  0.817293  6.75892e-08  2.89343e-09  2.87287e-09  1.35418e-09  2.3664e-09  8.22834e-09  3.19838e-08  5.14965e-10  4.02409e-10  1.96392e-08  2.73702e-09  2.58668e-08  2.06391e-10  2.79945e-09  1.08983e-08  4.32889e-08  4.01864e-09  1.40128e-08  5.66929e-09  1.65563e-08  
0.814337  2.16345e-08  5.53759e-09  2.26104e-08  3.48324e-09  2.35094e-09  8.11672e-10  3.81889e-08  3.01135e-09  2.26539e-09  8.85114e-09  1.00504e-08  2.03228e-08  1.69553e-09  3.7974e-09  3.62561e-08  8.26077e-08  2.21776e-09  1.04787e-08  4.47716e-09  1.12715e-08  0.814337  2.16345e-08  5.53759e-09  2.26104e-08  3.48324e-09  2.35094e-09  8.11672e-10  3.81889e-08  3.01135e-09  2.26539e-09  8.85114e-09  1.00504e-08  2.03228e-08  1.69553e-09  3.7974e-09  3.62561e-08  8.26077e-08  2.21776e-09  1.04787e-08  4.47716e-09  1.12715e-08  
0.811502  1.57795e-17  4.742e-09  6.40633e-09  3.72422e-09  1.12655e-09  1.03569e-09  1.09825e-08  3.70482e-09  1.76355e-09  2.53445e-09  2.98561e-09  5.06686e-09  2.5629e-09  1.71611e-09  9.37083e-09  1.07367e-09  7.0775e-09  3.3113e-08  3.77455e-09  2.96299e-08  0.811502  1.57795e-17  4.742e-09  6.40633e-09  3.72422e-09  1.12655e-09  1.03569e-09  1.09825e-08  3.70482e-09  1.76355e-09  2.53445e-09  2.98561e-09  5.06686e-09  2.5629e-09  1.71611e-09  9.37083e-09  1.07367e-09  7.0775e-09  3.3113e-08  3.77455e-09  2.96299e-08  
0.808765  9.59711e-08  1.67346e-09  8.28588e-09  1.2172e-08  2.11686e-09  1.52935e-09  2.88196e-08  9.18629e-10  5.63905e-09  1.04598e-08  1.25944e-09  1.72768e-09  1.42e-09  1.024e-10  2.76892e-08  3.63033e-08  4.55429e-10  2.00888e-17  1.25241e-08  4.2931e-17  0.808765  9.59711e-08  1.67346e-09  8.28588e-09  1.2172e-08  2.11686e-09  1.52935e-09  2.88196e-08  9.18629e-10  5.63905e-09  1.04598e-08  1.25944e-09  1.72768e-09  1.42e-09  1.024e-10  2.76892e-08  3.63033e-08  4.55429e-10  2.00888e-17  1.25241e-08  4.2931e-17  
0.806108  1.50929e-08  4.20729e-10  1.2252e-08  4.23513e-10  1.01245e-09  1.85814e-09  5.27662e-09  2.43875e-09  4.41398e-10  3.6628e-08  8.30742e-09  3.90026e-09  2.56248e-09  3.74076e-09  1.19414e-08  2.04873e-08  2.13298e-08  1.86059e-08  4.93324e-09  4.36642e-08  0.806108  1.50929e-08  4.20729e-10  1.2252e-08  4.23513e-10  1.01245e-09  1.85814e-09  5.27662e-09  2.43875e-09  4.41398e-10  3.6628e-08  8.30742e-09  3.90026e-09  2.56248e-09  3.74076e-09  1.19414e-08  2.04873e-08  2.13298e-08  1.86059e-08  4.93324e-09  4.36642e-08  
0.803519  1.38829e-17  1.83039e-09  3.29814e-08  1.49103e-17  5.6373e-19  2.82717e-17  8.30391e-09  1.70725e-09  1.11012e-17  7.20896e-17  1.89772e-08  3.69834e-08  1.86769e-17  1.48024e-10  2.92298e-18  2.24891e-17  8.62743e-09  2.01451e-17  0  4.43346e-17  0.803519  1.38829e-17  1.83039e-09  3.29814e-08  1.49103e-17  5.6373e-19  2.82717e-17  8.30391e-09  1.70725e-09  1.11012e-17  7.20896e-17  1.89772e-08  3.69834e-08  1.86769e-17  1.48024e-10  2.92298e-18  2.24891e-17  8.62743e-09  2.01451e-17  0  4.43346e-17  
0.800984  5.09313e-08  3.17927e-11  4.7215e-18  8.32323e-09  1.04583e-09  1.02477e-09  1.21563e-08  1.90885e-09  1.45609e-09  1.41755e-08  1.01174e-09  1.15222e-08  1.60416e-09  6.8615e-11  5.64397e-09  2.8242e-08  3.93146e-09  6.52005e-09  1.63399e-09  4.21676e-17  0.800984  5.09313e-08  3.17927e-11  4.7215e-18  8.32323e-09  1.04583e-09  1.02477e-09  1.21563e-08  1.90885e-09  1.45609e-09  1.41755e-08  1.01174e-09  1.15222e-08  1.60416e-09  6.8615e-11  5.64397e-09  2.8242e-08  3.93146e-09  6.52005e-09  1.63399e-09  4.21676e-17  
0.798496  3.68649e-08  3.82775e-10  1.85881e-08  4.79509e-08  5.60938e-09  1.14219e-08  1.86349e-08  1.03903e-08  4.77063e-09  4.30195e-08  1.41355e-08  3.16265e-08  2.37922e-09  7.69915e-09  4.50486e-09  8.01476e-08  6.13682e-08  3.9356e-08  1.06578e-08  6.96202e-08  0.798496  3.68649e-08  3.82775e-10  1.85881e-08  4.79509e-08  5.60938e-09  1.14219e-08  1.86349e-08  1.03903e-08  4.77063e-09  4.30195e-08  1.41355e-08  3.16265e-08  2.37922e-09  7.69915e-09  4.50486e-09  8.01476e-08  6.13682e-08  3.9356e-08  1.06578e-08  6.96202e-08  
0.796045  2.88434e-08  8.46277e-18  4.53462e-18  1.60644e-09  5.21407e-19  1.45512e-09  4.70645e-08  2.69965e-09  1.84451e-09  1.27155e-09  1.91563e-08  5.47694e-08  5.29941e-10  4.58964e-09  2.92298e-18  3.01867e-10  5.24825e-09  2.35611e-08  0  1.00235e-08  0.796045  2.88434e-08  8.46277e-18  4.53462e-18  1.60644e-09  5.21407e-19  1.45512e-09  4.70645e-08  2.69965e-09  1.84451e-09  1.27155e-09  1.91563e-08  5.47694e-08  5.29941e-10  4.58964e-09  2.92298e-18  3.01867e-10  5.24825e-09  2.35611e-08  0  1.00235e-08  
0.793626  3.79056e-09  3.17233e-09  1.69356e-09  1.53152e-08  4.10917e-10  5.78341e-09  2.44852e-08  7.6835e-09  2.81372e-09  5.42713e-08  1.37797e-08  3.12135e-08  1.00864e-09  4.38496e-09  1.00345e-08  3.11272e-08  2.62375e-09  1.21442e-08  1.78917e-08  2.12383e-09  0.793626  3.79056e-09  3.17233e-09  1.69356e-09  1.53152e-08  4.10917e-10  5.78341e-09  2.44852e-08  7.6835e-09  2.81372e-09  5.42713e-08  1.37797e-08  3.12135e-08  1.00864e-09  4.38496e-09  1.00345e-08  3.11272e-08  2.62375e-09  1.21442e-08  1.78917e-08  2.12383e-09  
0.791232  6.99782e-08  4.742e-09  6.40633e-09  7.66706e-09  3.57478e-10  6.78519e-09  6.09202e-08  3.70482e-09  1.50443e-09  6.46537e-17  8.66016e-09  1.75125e-08  2.5629e-09  1.01193e-09  3.67616e-09  2.19585e-08  1.4194e-08  4.11992e-08  1.33721e-08  7.2332e-08  0.791232  6.99782e-08  4.742e-09  6.40633e-09  7.66706e-09  3.57478e-10  6.78519e-09  6.09202e-08  3.70482e-09  1.50443e-09  6.46537e-17  8.66016e-09  1.75125e-08  2.5629e-09  1.01193e-09  3.67616e-09  2.19585e-08  1.4194e-08  4.11992e-08  1.33721e-08  7.2332e-08  
0.788858  2.27513e-08  5.72248e-18  7.35836e-09  1.60142e-08  1.7606e-10  7.31613e-09  5.92136e-18  1.37418e-08  1.51374e-09  8.94692e-09  6.94145e-19  6.80784e-09  1.86769e-17  1.12198e-08  1.20041e-08  1.5417e-09  8.80081e-09  2.45536e-08  2.78297e-09  1.39844e-08  0.788858  2.27513e-08  5.72248e-18  7.35836e-09  1.60142e-08  1.7606e-10  7.31613e-09  5.92136e-18  1.37418e-08  1.51374e-09  8.94692e-09  6.94145e-19  6.80784e-09  1.86769e-17  1.12198e-08  1.20041e-08  1.5417e-09  8.80081e-09  2.45536e-08  2.78297e-09  1.39844e-08  
0.786501  1.75505e-08  4.91552e-09  6.40633e-09  1.1343e-08  1.1425e-09  1.88072e-09  3.08168e-08  5.99009e-09  2.25538e-09  1.22125e-08  1.129e-08  6.82386e-09  4.12437e-09  7.88509e-09  2.99465e-08  3.62604e-08  1.43256e-08  4.53166e-08  1.20005e-08  5.57839e-08  0.786501  1.75505e-08  4.91552e-09  6.40633e-09  1.1343e-08  1.1425e-09  1.88072e-09  3.08168e-08  5.99009e-09  2.25538e-09  1.22125e-08  1.129e-08  6.82386e-09  4.12437e-09  7.88509e-09  2.99465e-08  3.62604e-08  1.43256e-08  4.53166e-08  1.20005e-08  5.57839e-08  
0.784154  1.46647e-08  9.92466e-09  1.56642e-08  9.96096e-09  3.1703e-09  9.10384e-10  2.70052e-09  1.52215e-09  8.96042e-10  6.2057e-09  4.53405e-09  1.05902e-08  2.22704e-10  9.64591e-09  2.3147e-08  7.51702e-09  1.55311e-08  2.33324e-08  1.47676e-08  3.64013e-08  0.784154  1.46647e-08  9.92466e-09  1.56642e-08  9.96096e-09  3.1703e-09  9.10384e-10  2.70052e-09  1.52215e-09  8.96042e-10  6.2057e-09  4.53405e-09  1.05902e-08  2.22704e-10  9.64591e-09  2.3147e-08  7.51702e-09  1.55311e-08  2.33324e-08  1.47676e-08  3.64013e-08  
0.781816  1.19132e-17  4.11493e-18  4.67084e-18  1.4909e-17  6.77393e-19  4.2467e-17  5.92136e-18  0  1.10699e-17  7.49074e-17  7.03831e-19  6.90827e-18  1.86769e-17  5.48456e-17  2.92298e-18  2.24891e-17  3.60886e-17  2.01041e-17  0  4.50037e-17  0.781816  1.19132e-17  4.11493e-18  4.67084e-18  1.4909e-17  6.77393e-19  4.2467e-17  5.92136e-18  0  1.10699e-17  7.49074e-17  7.03831e-19  6.90827e-18  1.86769e-17  5.48456e-17  2.92298e-18  2.24891e-17  3.60886e-17  2.01041e-17  0  4.50037e-17  
0.779481  6.6738e-09  7.59452e-18  1.54616e-08  6.0411e-09  5.12247e-10  3.18125e-09  1.45866e-08  3.19e-10  2.36333e-10  3.46375e-17  7.04298e-19  1.17667e-08  1.75609e-09  1.1423e-10  2.99755e-10  3.53417e-08  1.28854e-09  2.36546e-11  3.53739e-09  8.18007e-10  0.779481  6.6738e-09  7.59452e-18  1.54616e-08  6.0411e-09  5.12247e-10  3.18125e-09  1.45866e-08  3.19e-10  2.36333e-10  3.46375e-17  7.04298e-19  1.17667e-08  1.75609e-09  1.1423e-10  2.99755e-10  3.53417e-08  1.28854e-09  2.36546e-11  3.53739e-09  8.18007e-10  
0.777147  1.7897e-09  3.49647e-09  2.12797e-09  6.78849e-09  3.59352e-09  1.43892e-10  1.81633e-08  1.10056e-08  2.63678e-09  2.67266e-08  1.07715e-08  3.85005e-08  2.42936e-09  2.30467e-09  5.01885e-10  2.68683e-08  5.24403e-08  9.66543e-09  3.09808e-09  3.82601e-08  0.777147  1.7897e-09  3.49647e-09  2.12797e-09  6.78849e-09  3.59352e-09  1.43892e-10  1.81633e-08  1.10056e-08  2.63678e-09  2.67266e-08  1.07715e-08  3.85005e-08  2.42936e-09  2.30467e-09  5.01885e-10  2.68683e-08  5.24403e-08  9.66543e-09  3.09808e-09  3.82601e-08  
0.774812  5.42098e-08  2.28466e-09  2.45965e-09  7.45074e-09  2.11686e-09  6.20359e-09  2.88196e-08  4.2976e-10  5.63905e-09  1.22127e-08  1.25944e-09  3.61236e-08  1.42e-09  4.18539e-09  4.91636e-09  9.82506e-08  3.12252e-09  1.14582e-08  2.16043e-08  4.59712e-08  0.774812  5.42098e-08  2.28466e-09  2.45965e-09  7.45074e-09  2.11686e-09  6.20359e-09  2.88196e-08  4.2976e-10  5.63905e-09  1.22127e-08  1.25944e-09  3.61236e-08  1.42e-09  4.18539e-09  4.91636e-09  9.82506e-08  3.12252e-09  1.14582e-08  2.16043e-08  4.59712e-08  
0.77247  8.85165e-10  5.18754e-18  6.6351e-09  4.18168e-09  2.3664e-09  8.22834e-09  3.19838e-08  3.61276e-09  8.52273e-10  1.41563e-08  1.62903e-08  2.50474e-09  4.58153e-09  4.40593e-09  2.92298e-18  1.00466e-08  6.08293e-08  4.83221e-09  3.03102e-10  1.48589e-10  0.77247  8.85165e-10  5.18754e-18  6.6351e-09  4.18168e-09  2.3664e-09  8.22834e-09  3.19838e-08  3.61276e-09  8.52273e-10  1.41563e-08  1.62903e-08  2.50474e-09  4.58153e-09  4.40593e-09  2.92298e-18  1.00466e-08  6.08293e-08  4.83221e-09  3.03102e-10  1.48589e-10  
0.770121  4.42771e-09  5.79026e-18  1.96305e-08  3.45275e-08  1.97948e-09  1.06751e-09  8.74997e-09  7.60262e-11  2.57034e-10  7.39327e-09  7.00709e-19  3.44837e-10  1.86769e-17  8.56794e-09  3.62561e-08  3.71134e-08  2.31043e-09  2.50698e-08  9.88767e-09  4.28748e-17  0.770121  4.42771e-09  5.79026e-18  1.96305e-08  3.45275e-08  1.97948e-09  1.06751e-09  8.74997e-09  7.60262e-11  2.57034e-10  7.39327e-09  7.00709e-19  3.44837e-10  1.86769e-17  8.56794e-09  3.62561e-08  3.71134e-08  2.31043e-09  2.50698e-08  9.88767e-09  4.28748e-17  
0.767761  2.27513e-08  5.74009e-18  5.9646e-09  2.7859e-09  2.41209e-10  7.57129e-10  6.43901e-09  1.58843e-11  2.30963e-09  9.31699e-17  1.3178e-08  1.12402e-11  3.41407e-09  2.04214e-09  1.02188e-09  1.5417e-09  3.20632e-09  8.06396e-11  2.78297e-09  2.78862e-09  0.767761  2.27513e-08  5.74009e-18  5.9646e-09  2.7859e-09  2.41209e-10  7.57129e-10  6.43901e-09  1.58843e-11  2.30963e-09  9.31699e-17  1.3178e-08  1.12402e-11  3.41407e-09  2.04214e-09  1.02188e-09  1.5417e-09  3.20632e-09  8.06396e-11  2.78297e-09  2.78862e-09  
0.765388  4.23963e-08  6.12435e-10  2.70311e-08  2.7379e-08  3.14222e-09  1.28882e-08  1.98299e-08  7.03908e-09  2.7516e-09  1.69618e-08  2.26166e-08  6.60838e-10  1.47483e-09  1.84473e-09  2.10377e-09  7.8432e-08  7.51767e-08  4.63385e-08  5.29059e-09  5.87586e-08  0.765388  4.23963e-08  6.12435e-10  2.70311e-08  2.7379e-08  3.14222e-09  1.28882e-08  1.98299e-08  7.03908e-09  2.7516e-09  1.69618e-08  2.26166e-08  6.60838e-10  1.47483e-09  1.84473e-09  2.10377e-09  7.8432e-08  7.51767e-08  4.63385e-08  5.29059e-09  5.87586e-08  
0.762998  1.12282e-17  7.35041e-18  4.69333e-18  1.49089e-17  5.86275e-19  4.59594e-17  5.92136e-18  0  1.1036e-17  2.67381e-17  6.94396e-19  6.90287e-18  1.86769e-17  4.22564e-17  2.92298e-18  2.24889e-17  3.60886e-17  2.01764e-17  0  4.16781e-17  0.762998  1.12282e-17  7.35041e-18  4.69333e-18  1.49089e-17  5.86275e-19  4.59594e-17  5.92136e-18  0  1.1036e-17  2.67381e-17  6.94396e-19  6.90287e-18  1.86769e-17  4.22564e-17  2.92298e-18  2.24889e-17  3.60886e-17  2.01764e-17  0  4.16781e-17  
0.76059  7.00104e-18  6.20859e-18  6.64288e-09  8.98798e-09  1.74102e-09  2.27478e-17  2.68745e-09  1.77099e-09  1.46422e-09  8.81257e-09  6.93106e-19  5.44933e-09  2.38481e-09  3.41762e-09  2.61917e-08  6.47644e-09  3.60886e-17  5.53584e-09  6.40046e-09  1.95332e-09  0.76059  7.00104e-18  6.20859e-18  6.64288e-09  8.98798e-09  1.74102e-09  2.27478e-17  2.68745e-09  1.77099e-09  1.46422e-09  8.81257e-09  6.93106e-19  5.44933e-09  2.38481e-09  3.41762e-09  2.61917e-08  6.47644e-09  3.60886e-17  5.53584e-09  6.40046e-09  1.95332e-09  
0.758161  1.30832e-08  8.0079e-10  1.94622e-08  5.65417e-09  1.42113e-09  1.44977e-09  6.65151e-08  1.05222e-08  1.12632e-09  2.80334e-08  7.24085e-09  2.98744e-10  1.86769e-17  4.67826e-17  1.11034e-08  5.58877e-08  7.39578e-09  6.6214e-08  0  3.9953e-08  0.758161  1.30832e-08  8.0079e-10  1.94622e-08  5.65417e-09  1.42113e-09  1.44977e-09  6.65151e-08  1.05222e-08  1.12632e-09  2.80334e-08  7.24085e-09  2.98744e-10  1.86769e-17  4.67826e-17  1.11034e-08  5.58877e-08  7.39578e-09  6.6214e-08  0  3.9953e-08  
0.755707  5.07299e-08  3.47188e-10  4.7047e-18  1.75105e-08  5.95163e-09  1.97541e-09  4.24731e-08  5.05997e-09  1.43107e-09  2.34225e-08  1.64485e-08  7.1807e-09  3.5555e-09  7.72161e-09  1.27205e-08  7.75336e-08  1.53538e-08  2.58188e-08  4.44189e-09  5.07604e-08  0.755707  5.07299e-08  3.47188e-10  4.7047e-18  1.75105e-08  5.95163e-09  1.97541e-09  4.24731e-08  5.05997e-09  1.43107e-09  2.34225e-08  1.64485e-08  7.1807e-09  3.5555e-09  7.72161e-09  1.27205e-08  7.75336e-08  1.53538e-08  2.58188e-08  4.44189e-09  5.07604e-08  
0.753227  1.78105e-08  5.76583e-09  3.48335e-10  1.21984e-08  9.36271e-10  5.28808e-09  2.50888e-08  1.23858e-08  2.9194e-09  1.92983e-08  1.86109e-08  1.01865e-09  1.83055e-09  6.20658e-09  7.41377e-09  2.25406e-08  1.02942e-08  7.70351e-09  4.17174e-09  2.02547e-08  0.753227  1.78105e-08  5.76583e-09  3.48335e-10  1.21984e-08  9.36271e-10  5.28808e-09  2.50888e-08  1.23858e-08  2.9194e-09  1.92983e-08  1.86109e-08  1.01865e-09  1.83055e-09  6.20658e-09  7.41377e-09  2.25406e-08  1.02942e-08  7.70351e-09  4.17174e-09  2.02547e-08  
0.750717  4.28424e-09  4.86978e-18  2.08996e-08  2.32304e-10  2.6069e-09  2.13979e-11  6.56413e-09  3.72156e-10  1.21787e-09  4.54908e-17  6.96126e-19  1.54021e-09  3.67916e-09  2.681e-11  2.92298e-18  6.87562e-08  2.62797e-09  1.42363e-08  1.35331e-08  3.41171e-08  0.750717  4.28424e-09  4.86978e-18  2.08996e-08  2.32304e-10  2.6069e-09  2.13979e-11  6.56413e-09  3.72156e-10  1.21787e-09  4.54908e-17  6.96126e-19  1.54021e-09  3.67916e-09  2.681e-11  2.92298e-18  6.87562e-08  2.62797e-09  1.42363e-08  1.35331e-08  3.41171e-08  
0.748175  1.15045e-17  1.18003e-09  5.9646e-09  1.49094e-17  4.81325e-09  3.10147e-17  1.19514e-08  1.23923e-09  3.29655e-09  1.89472e-08  2.4891e-08  5.94651e-08  4.11341e-10  1.02013e-08  3.23319e-09  4.5796e-09  9.93861e-09  2.05881e-08  1.50239e-09  1.629e-09  0.748175  1.15045e-17  1.18003e-09  5.9646e-09  1.49094e-17  4.81325e-09  3.10147e-17  1.19514e-08  1.23923e-09  3.29655e-09  1.89472e-08  2.4891e-08  5.94651e-08  4.11341e-10  1.02013e-08  3.23319e-09  4.5796e-09  9.93861e-09  2.05881e-08  1.50239e-09  1.629e-09  
0.745597  6.6294e-09  4.1022e-09  1.33858e-08  6.72593e-09  2.79784e-09  3.13374e-09  1.71749e-08  3.46858e-09  9.18122e-10  1.07396e-08  3.65552e-10  1.98068e-08  2.7203e-09  8.02895e-09  2.09583e-08  2.99809e-09  4.8423e-09  1.43878e-08  6.75538e-09  1.65563e-08  0.745597  6.6294e-09  4.1022e-09  1.33858e-08  6.72593e-09  2.79784e-09  3.13374e-09  1.71749e-08  3.46858e-09  9.18122e-10  1.07396e-08  3.65552e-10  1.98068e-08  2.7203e-09  8.02895e-09  2.09583e-08  2.99809e-09  4.8423e-09  1.43878e-08  6.75538e-09  1.65563e-08  
0.742981  8.56579e-09  1.75942e-09  1.00233e-09  4.19681e-09  1.5086e-10  2.00105e-09  1.11145e-08  2.15685e-09  1.61085e-09  6.86598e-09  1.06222e-09  1.11776e-08  9.37689e-10  5.11302e-10  3.23592e-09  1.37108e-08  1.6012e-08  1.68576e-08  3.51201e-09  1.90603e-10  0.742981  8.56579e-09  1.75942e-09  1.00233e-09  4.19681e-09  1.5086e-10  2.00105e-09  1.11145e-08  2.15685e-09  1.61085e-09  6.86598e-09  1.06222e-09  1.11776e-08  9.37689e-10  5.11302e-10  3.23592e-09  1.37108e-08  1.6012e-08  1.68576e-08  3.51201e-09  1.90603e-10  
0.740324  6.74171e-09  5.32858e-09  4.61031e-18  1.49083e-17  5.68853e-19  3.19892e-17  5.92136e-18  1.12283e-09  1.61772e-09  4.9972e-09  5.96779e-09  5.22444e-13  1.86769e-17  3.63059e-09  2.92298e-18  5.87548e-09  3.60886e-17  2.95294e-09  1.47352e-09  4.26484e-17  0.740324  6.74171e-09  5.32858e-09  4.61031e-18  1.49083e-17  5.68853e-19  3.19892e-17  5.92136e-18  1.12283e-09  1.61772e-09  4.9972e-09  5.96779e-09  5.22444e-13  1.86769e-17  3.63059e-09  2.92298e-18  5.87548e-09  3.60886e-17  2.95294e-09  1.47352e-09  4.26484e-17  
0.737622  1.0367e-08  4.47663e-09  1.69356e-09  3.08388e-08  3.64548e-09  3.36672e-09  6.24107e-09  6.14793e-09  3.05086e-09  6.89192e-09  7.06891e-19  1.05718e-08  1.45745e-09  6.54618e-09  7.28423e-09  4.90581e-08  3.83804e-09  1.03942e-08  7.35117e-09  3.28958e-08  0.737622  1.0367e-08  4.47663e-09  1.69356e-09  3.08388e-08  3.64548e-09  3.36672e-09  6.24107e-09  6.14793e-09  3.05086e-09  6.89192e-09  7.06891e-19  1.05718e-08  1.45745e-09  6.54618e-09  7.28423e-09  4.90581e-08  3.83804e-09  1.03942e-08  7.35117e-09  3.28958e-08  
0.734872  6.04466e-09  2.78723e-09  1.82104e-09  1.7241e-08  1.68349e-09  2.96226e-09  3.12534e-08  3.05105e-09  1.66936e-09  5.73998e-09  6.97771e-09  1.90187e-08  2.56016e-09  7.27549e-09  2.36079e-08  2.41662e-08  1.09873e-08  2.43399e-08  2.65011e-09  7.23229e-09  0.734872  6.04466e-09  2.78723e-09  1.82104e-09  1.7241e-08  1.68349e-09  2.96226e-09  3.12534e-08  3.05105e-09  1.66936e-09  5.73998e-09  6.97771e-09  1.90187e-08  2.56016e-09  7.27549e-09  2.36079e-08  2.41662e-08  1.09873e-08  2.43399e-08  2.65011e-09  7.23229e-09  
0.732069  8.73478e-18  5.14791e-10  3.49627e-09  6.15802e-09  6.02743e-19  4.00181e-17  1.92019e-08  6.49161e-10  1.096e-17  3.62696e-17  2.264e-09  1.00171e-08  1.87625e-09  1.69652e-09  2.92298e-18  2.2489e-17  8.00721e-09  2.53741e-08  0  3.78086e-08  0.732069  8.73478e-18  5.14791e-10  3.49627e-09  6.15802e-09  6.02743e-19  4.00181e-17  1.92019e-08  6.49161e-10  1.096e-17  3.62696e-17  2.264e-09  1.00171e-08  1.87625e-09  1.69652e-09  2.92298e-18  2.2489e-17  8.00721e-09  2.53741e-08  0  3.78086e-08  
0.729211  1.36419e-08  5.82517e-09  1.68097e-08  1.6158e-08  8.01571e-10  7.58332e-09  4.10045e-08  9.64009e-09  4.30952e-09  2.2713e-08  1.95336e-08  2.9285e-08  9.54338e-10  6.43112e-09  2.32761e-09  8.76204e-08  5.11373e-08  1.10938e-08  6.62028e-09  2.25509e-08  0.729211  1.36419e-08  5.82517e-09  1.68097e-08  1.6158e-08  8.01571e-10  7.58332e-09  4.10045e-08  9.64009e-09  4.30952e-09  2.2713e-08  1.95336e-08  2.9285e-08  9.54338e-10  6.43112e-09  2.32761e-09  8.76204e-08  5.11373e-08  1.10938e-08  6.62028e-09  2.25509e-08  
0.726292  4.83692e-08  1.94479e-09  1.39179e-08  1.88761e-09  3.94311e-09  7.02028e-09  1.99962e-08  9.36888e-09  1.08245e-09  3.32709e-08  1.18209e-08  4.85723e-09  1.96583e-10  5.50859e-09  7.26756e-09  6.26131e-08  6.43052e-09  1.88747e-08  7.41453e-09  2.22329e-08  0.726292  4.83692e-08  1.94479e-09  1.39179e-08  1.88761e-09  3.94311e-09  7.02028e-09  1.99962e-08  9.36888e-09  1.08245e-09  3.32709e-08  1.18209e-08  4.85723e-09  1.96583e-10  5.50859e-09  7.26756e-09  6.26131e-08  6.43052e-09  1.88747e-08  7.41453e-09  2.22329e-08  
0.723309  1.52283e-17  2.46201e-09  7.09913e-09  3.63841e-09  2.87274e-09  8.63927e-10  5.92136e-18  7.07256e-09  3.64444e-09  2.18958e-09  7.03442e-19  1.62859e-08  1.86769e-17  2.8272e-10  3.70184e-09  2.24892e-17  9.20681e-10  1.05375e-08  1.63556e-08  3.64507e-09  0.723309  1.52283e-17  2.46201e-09  7.09913e-09  3.63841e-09  2.87274e-09  8.63927e-10  5.92136e-18  7.07256e-09  3.64444e-09  2.18958e-09  7.03442e-19  1.62859e-08  1.86769e-17  2.8272e-10  3.70184e-09  2.24892e-17  9.20681e-10  1.05375e-08  1.63556e-08  3.64507e-09  
0.720258  6.11674e-09  2.46109e-10  2.92739e-09  1.49087e-17  3.26456e-09  6.6292e-09  1.01839e-08  2.74394e-09  1.10992e-17  1.59589e-08  2.14054e-09  1.84423e-08  5.50692e-10  2.08633e-09  1.08883e-09  2.24892e-17  3.60886e-17  2.00904e-17  2.78822e-09  1.23159e-08  0.720258  6.11674e-09  2.46109e-10  2.92739e-09  1.49087e-17  3.26456e-09  6.6292e-09  1.01839e-08  2.74394e-09  1.10992e-17  1.59589e-08  2.14054e-09  1.84423e-08  5.50692e-10  2.08633e-09  1.08883e-09  2.24892e-17  3.60886e-17  2.00904e-17  2.78822e-09  1.23159e-08  
0.71713  4.97683e-09  2.49025e-09  2.92739e-09  1.491e-17  3.26456e-09  7.3382e-09  6.79253e-09  3.72355e-09  5.68291e-09  7.93122e-17  2.83501e-08  1.27175e-08  1.86769e-17  3.05186e-16  1.08883e-09  2.24889e-17  1.87448e-08  2.01398e-17  2.48826e-09  7.54452e-08  0.71713  4.97683e-09  2.49025e-09  2.92739e-09  1.491e-17  3.26456e-09  7.3382e-09  6.79253e-09  3.72355e-09  5.68291e-09  7.93122e-17  2.83501e-08  1.27175e-08  1.86769e-17  3.05186e-16  1.08883e-09  2.24889e-17  1.87448e-08  2.01398e-17  2.48826e-09  7.54452e-08  
0.713923  1.92655e-08  2.63108e-09  5.14322e-10  1.39458e-09  7.3098e-10  3.27162e-09  5.21521e-09  1.68485e-09  3.05607e-11  9.43673e-09  2.31489e-08  8.55465e-10  2.193e-10  6.01243e-09  1.21557e-09  1.88919e-08  1.03339e-08  5.12246e-11  3.90355e-09  3.28314e-08  0.713923  1.92655e-08  2.63108e-09  5.14322e-10  1.39458e-09  7.3098e-10  3.27162e-09  5.21521e-09  1.68485e-09  3.05607e-11  9.43673e-09  2.31489e-08  8.55465e-10  2.193e-10  6.01243e-09  1.21557e-09  1.88919e-08  1.03339e-08  5.12246e-11  3.90355e-09  3.28314e-08  
0.71063  3.05234e-09  4.04043e-09  8.02737e-10  1.65747e-08  1.18598e-09  4.52073e-09  1.00416e-09  6.14793e-09  3.08861e-09  1.64232e-09  3.66302e-10  1.05718e-08  1.45745e-09  5.16059e-10  1.79068e-09  5.85029e-08  3.83804e-09  2.07563e-08  2.05945e-08  4.34313e-08  0.71063  3.05234e-09  4.04043e-09  8.02737e-10  1.65747e-08  1.18598e-09  4.52073e-09  1.00416e-09  6.14793e-09  3.08861e-09  1.64232e-09  3.66302e-10  1.05718e-08  1.45745e-09  5.16059e-10  1.79068e-09  5.85029e-08  3.83804e-09  2.07563e-08  2.05945e-08  4.34313e-08  
0.707244  1.77218e-08  4.40109e-09  1.30184e-08  3.18025e-09  2.69203e-09  1.40795e-09  1.4662e-08  2.13869e-09  9.34029e-10  2.35192e-08  7.7123e-09  1.80849e-08  1.42996e-09  1.60574e-08  2.52843e-09  1.8508e-09  4.537e-08  2.0811e-08  1.51884e-08  1.09948e-09  0.707244  1.77218e-08  4.40109e-09  1.30184e-08  3.18025e-09  2.69203e-09  1.40795e-09  1.4662e-08  2.13869e-09  9.34029e-10  2.35192e-08  7.7123e-09  1.80849e-08  1.42996e-09  1.60574e-08  2.52843e-09  1.8508e-09  4.537e-08  2.0811e-08  1.51884e-08  1.09948e-09  
0.703758  5.34773e-09  9.6187e-18  6.38481e-09  5.21024e-09  3.06411e-10  1.87122e-10  5.92136e-18  3.32105e-10  4.95944e-10  2.01121e-09  7.08523e-19  2.22232e-09  1.86769e-17  1.97126e-09  4.99234e-09  2.24891e-17  9.75646e-09  5.9278e-08  0  4.29386e-17  0.703758  5.34773e-09  9.6187e-18  6.38481e-09  5.21024e-09  3.06411e-10  1.87122e-10  5.92136e-18  3.32105e-10  4.95944e-10  2.01121e-09  7.08523e-19  2.22232e-09  1.86769e-17  1.97126e-09  4.99234e-09  2.24891e-17  9.75646e-09  5.9278e-08  0  4.29386e-17  
0.700163  6.75892e-08  2.89343e-09  2.37969e-08  1.97735e-08  2.3664e-09  8.22834e-09  8.80018e-09  5.14965e-10  8.74142e-10  1.96392e-08  2.73702e-09  7.65714e-10  2.06391e-10  8.02895e-09  1.34016e-09  2.49958e-09  8.2779e-09  1.40128e-08  8.85271e-09  1.28362e-08  0.700163  6.75892e-08  2.89343e-09  2.37969e-08  1.97735e-08  2.3664e-09  8.22834e-09  8.80018e-09  5.14965e-10  8.74142e-10  1.96392e-08  2.73702e-09  7.65714e-10  2.06391e-10  8.02895e-09  1.34016e-09  2.49958e-09  8.2779e-09  1.40128e-08  8.85271e-09  1.28362e-08  
0.696452  1.15964e-17  5.81799e-18  1.63463e-08  1.98442e-08  2.6622e-10  1.94421e-09  1.76235e-08  1.23481e-09  5.01329e-10  7.35346e-10  1.47986e-09  2.33609e-09  1.03771e-09  2.22365e-09  2.92298e-18  1.27358e-08  5.55929e-10  3.38965e-08  9.47144e-10  5.19037e-09  0.696452  1.15964e-17  5.81799e-18  1.63463e-08  1.98442e-08  2.6622e-10  1.94421e-09  1.76235e-08  1.23481e-09  5.01329e-10  7.35346e-10  1.47986e-09  2.33609e-09  1.03771e-09  2.22365e-09  2.92298e-18  1.27358e-08  5.55929e-10  3.38965e-08  9.47144e-10  5.19037e-09  
0.692614  1.26006e-17  4.22254e-18  3.42981e-08  1.49083e-17  8.61115e-10  4.06279e-17  4.13931e-08  2.57181e-09  2.79501e-10  6.40442e-17  2.95175e-09  1.52314e-08  1.86769e-17  1.09815e-08  2.92298e-18  2.24892e-17  4.9469e-09  2.01166e-17  4.32834e-09  4.44745e-17  0.692614  1.26006e-17  4.22254e-18  3.42981e-08  1.49083e-17  8.61115e-10  4.06279e-17  4.13931e-08  2.57181e-09  2.79501e-10  6.40442e-17  2.95175e-09  1.52314e-08  1.86769e-17  1.09815e-08  2.92298e-18  2.24892e-17  4.9469e-09  2.01166e-17  4.32834e-09  4.44745e-17  
0.688638  2.33418e-08  6.34063e-18  7.61422e-09  6.18455e-09  2.14732e-09  5.72549e-09  4.44067e-08  7.33252e-09  1.62477e-09  2.76784e-08  1.24619e-08  9.08176e-09  9.55114e-10  5.79133e-09  5.65306e-09  3.62988e-08  3.04571e-08  2.12437e-09  4.81741e-10  6.05057e-10  0.688638  2.33418e-08  6.34063e-18  7.61422e-09  6.18455e-09  2.14732e-09  5.72549e-09  4.44067e-08  7.33252e-09  1.62477e-09  2.76784e-08  1.24619e-08  9.08176e-09  9.55114e-10  5.79133e-09  5.65306e-09  3.62988e-08  3.04571e-08  2.12437e-09  4.81741e-10  6.05057e-10  
0.684513  5.63645e-18  6.75065e-18  4.63899e-18  1.49085e-17  6.53741e-19  3.38856e-17  5.92136e-18  0  1.10616e-17  8.02801e-17  7.03073e-19  6.904e-18  1.86769e-17  0  2.92298e-18  2.24888e-17  3.60886e-17  2.01606e-17  0  4.25452e-17  0.684513  5.63645e-18  6.75065e-18  4.63899e-18  1.49085e-17  6.53741e-19  3.38856e-17  5.92136e-18  0  1.10616e-17  8.02801e-17  7.03073e-19  6.904e-18  1.86769e-17  0  2.92298e-18  2.24888e-17  3.60886e-17  2.01606e-17  0  4.25452e-17  
0.680224  8.97702e-08  3.7037e-09  4.60182e-10  1.11907e-08  2.40563e-09  2.92945e-09  2.68633e-08  1.10888e-08  1.96424e-10  4.8536e-09  3.06281e-08  1.51255e-09  1.86769e-17  4.11198e-09  2.6797e-08  2.05903e-08  8.3584e-09  2.01389e-17  2.14302e-09  4.74368e-17  0.680224  8.97702e-08  3.7037e-09  4.60182e-10  1.11907e-08  2.40563e-09  2.92945e-09  2.68633e-08  1.10888e-08  1.96424e-10  4.8536e-09  3.06281e-08  1.51255e-09  1.86769e-17  4.11198e-09  2.6797e-08  2.05903e-08  8.3584e-09  2.01389e-17  2.14302e-09  4.74368e-17  
0.675758  1.47977e-17  7.04455e-18  4.74392e-18  1.49102e-17  5.61419e-19  3.97369e-17  5.92136e-18  0  1.10455e-17  3.63534e-17  7.00441e-19  6.90616e-18  1.86769e-17  5.48456e-17  2.92298e-18  2.24891e-17  3.60886e-17  2.01753e-17  0  4.33776e-17  0.675758  1.47977e-17  7.04455e-18  4.74392e-18  1.49102e-17  5.61419e-19  3.97369e-17  5.92136e-18  0  1.10455e-17  3.63534e-17  7.00441e-19  6.90616e-18  1.86769e-17  5.48456e-17  2.92298e-18  2.24891e-17  3.60886e-17  2.01753e-17  0  4.33776e-17  
0.671095  1.0555e-07  6.11084e-09  1.45606e-08  4.94885e-09  2.48283e-09  4.60002e-09  1.32931e-08  4.98728e-09  6.95554e-09  1.31698e-08  1.0823e-08  6.47266e-08  5.21985e-10  1.49936e-08  3.20809e-08  6.45448e-08  2.43769e-09  1.81429e-08  1.27352e-08  1.9714e-08  0.671095  1.0555e-07  6.11084e-09  1.45606e-08  4.94885e-09  2.48283e-09  4.60002e-09  1.32931e-08  4.98728e-09  6.95554e-09  1.31698e-08  1.0823e-08  6.47266e-08  5.21985e-10  1.49936e-08  3.20809e-08  6.45448e-08  2.43769e-09  1.81429e-08  1.27352e-08  1.9714e-08  
0.666216  3.07498e-08  6.2401e-09  4.60781e-18  1.26472e-08  2.88423e-09  9.65009e-09  3.5013e-08  6.38129e-09  2.33957e-09  1.92983e-08  6.58867e-10  2.21665e-08  7.2631e-11  2.03616e-09  9.39502e-09  2.56624e-08  2.21509e-08  4.74057e-08  1.34087e-08  1.43243e-10  0.666216  3.07498e-08  6.2401e-09  4.60781e-18  1.26472e-08  2.88423e-09  9.65009e-09  3.5013e-08  6.38129e-09  2.33957e-09  1.92983e-08  6.58867e-10  2.21665e-08  7.2631e-11  2.03616e-09  9.39502e-09  2.56624e-08  2.21509e-08  4.74057e-08  1.34087e-08  1.43243e-10  
0.661099  1.59885e-08  4.35716e-09  1.36037e-09  5.66186e-09  1.7606e-10  5.50236e-09  1.84502e-08  4.5199e-09  2.93285e-09  1.66335e-09  1.23122e-09  4.71466e-09  2.0089e-09  1.02278e-08  7.28423e-09  4.90581e-08  3.52759e-08  1.03942e-08  1.62589e-08  6.89402e-08  0.661099  1.59885e-08  4.35716e-09  1.36037e-09  5.66186e-09  1.7606e-10  5.50236e-09  1.84502e-08  4.5199e-09  2.93285e-09  1.66335e-09  1.23122e-09  4.71466e-09  2.0089e-09  1.02278e-08  7.28423e-09  4.90581e-08  3.52759e-08  1.03942e-08  1.62589e-08  6.89402e-08  
0.655716  9.27376e-08  3.76085e-10  1.07354e-08  1.13007e-08  1.86867e-09  3.68621e-09  1.31643e-08  8.83944e-09  7.42692e-09  2.10844e-08  1.25944e-09  3.05199e-08  4.52085e-09  4.59652e-09  2.28268e-08  1.9098e-08  9.13181e-09  1.07193e-08  0  2.13889e-08  0.655716  9.27376e-08  3.76085e-10  1.07354e-08  1.13007e-08  1.86867e-09  3.68621e-09  1.31643e-08  8.83944e-09  7.42692e-09  2.10844e-08  1.25944e-09  3.05199e-08  4.52085e-09  4.59652e-09  2.28268e-08  1.9098e-08  9.13181e-09  1.07193e-08  0  2.13889e-08  
0.650036  4.45022e-08  6.12435e-10  4.26596e-08  1.63219e-08  4.08369e-09  1.33959e-08  2.39915e-08  7.07524e-09  8.14523e-10  1.66584e-08  2.60597e-08  1.18882e-09  2.08188e-09  5.9198e-09  1.93478e-08  8.75404e-09  7.62756e-08  2.81326e-08  7.22632e-09  7.49094e-08  0.650036  4.45022e-08  6.12435e-10  4.26596e-08  1.63219e-08  4.08369e-09  1.33959e-08  2.39915e-08  7.07524e-09  8.14523e-10  1.66584e-08  2.60597e-08  1.18882e-09  2.08188e-09  5.9198e-09  1.93478e-08  8.75404e-09  7.62756e-08  2.81326e-08  7.22632e-09  7.49094e-08  
0.644024  9.23512e-18  7.01934e-18  1.0162e-08  4.48817e-09  5.19887e-09  3.11768e-17  2.68745e-09  6.5976e-10  1.05464e-09  8.86804e-17  6.93021e-19  8.70517e-09  1.31523e-09  1.38911e-09  7.06118e-09  2.50151e-08  2.86678e-08  2.01897e-17  6.32843e-11  8.64133e-09  0.644024  9.23512e-18  7.01934e-18  1.0162e-08  4.48817e-09  5.19887e-09  3.11768e-17  2.68745e-09  6.5976e-10  1.05464e-09  8.86804e-17  6.93021e-19  8.70517e-09  1.31523e-09  1.38911e-09  7.06118e-09  2.50151e-08  2.86678e-08  2.01897e-17  6.32843e-11  8.64133e-09  
0.637632  7.37722e-08  6.64415e-09  3.43795e-08  3.59246e-09  5.67713e-10  7.73141e-09  5.69412e-08  1.21352e-08  1.94882e-09  1.2058e-08  6.67655e-09  5.7822e-09  5.53695e-10  9.83679e-10  9.18977e-09  2.35054e-08  1.21264e-08  3.50558e-08  1.78741e-08  2.9218e-08  0.637632  7.37722e-08  6.64415e-09  3.43795e-08  3.59246e-09  5.67713e-10  7.73141e-09  5.69412e-08  1.21352e-08  1.94882e-09  1.2058e-08  6.67655e-09  5.7822e-09  5.53695e-10  9.83679e-10  9.18977e-09  2.35054e-08  1.21264e-08  3.50558e-08  1.78741e-08  2.9218e-08  
0.251415  1.0757e-17  5.24574e-18  4.65643e-18  1.4909e-17  5.6505e-19  3.34445e-17  5.92136e-18  0  1.10699e-17  7.49074e-17  7.03831e-19  6.91298e-18  1.86769e-17  5.48456e-17  2.92298e-18  2.24891e-17  3.60886e-17  2.01296e-17  0  4.50037e-17  0.251415  1.0757e-17  5.24574e-18  4.65643e-18  1.4909e-17  5.6505e-19  3.34445e-17  5.92136e-18  0  1.10699e-17  7.49074e-17  7.03831e-19  6.91298e-18  1.86769e-17  5.48456e-17  2.92298e-18  2.24891e-17  3.60886e-17  2.01296e-17  0  4.50037e-17  
0.251415  1.0757e-17  5.24574e-18  4.65643e-18  1.4909e-17  5.6505e-19  3.34445e-17  5.92136e-18  0  1.10699e-17  7.49074e-17  7.03831e-19  6.91298e-18  1.86769e-17  5.48456e-17  2.92298e-18  2.24891e-17  3.60886e-17  2.01296e-17  0  4.50037e-17  0.251415  1.0757e-17  5.24574e-18  4.65643e-18  1.4909e-17  5.6505e-19  3.34445e-17  5.92136e-18  0  1.10699e-17  7.49074e-17  7.03831e-19  6.91298e-18  1.86769e-17  5.48456e-17  2.92298e-18  2.24891e-17  3.60886e-17  2.01296e-17  0  4.50037e-17  
0.251415  1.0757e-17  5.24574e-18  4.65643e-18  1.4909e-17  5.6505e-19  3.34445e-17  5.92136e-18  0  1.10699e-17  7.49074e-17  7.03831e-19  6.91298e-18  1.86769e-17  5.48456e-17  2.92298e-18  2.24891e-17  3.60886e-17  2.01296e-17  0  4.50037e-17  0.251415  1.0757e-17  5.24574e-18  4.65643e-18  1.4909e-17  5.6505e-19  3.34445e-17  5.92136e-18  0  1.10699e-17  7.49074e-17  7.03831e-19  6.91298e-18  1.86769e-17  5.48456e-17  2.92298e-18  2.24891e-17  3.60886e-17  2.01296e-17  0  4.50037e-17  
0.251415  1.0757e-17  5.24574e-18  4.65643e-18  1.4909e-17  5.6505e-19  3.34445e-17  5.92136e-18  0  1.10699e-17  7.49074e-17  7.03831e-19  6.91298e-18  1.86769e-17  5.48456e-17  2.92298e-18  2.24891e-17  3.60886e-17  2.01296e-17  0  4.50037e-17  0.251415  1.0757e-17  5.24574e-18  4.65643e-18  1.4909e-17  5.6505e-19  3.34445e-17  5.92136e-18  0  1.10699e-17  7.49074e-17  7.03831e-19  6.91298e-18  1.86769e-17  5.48456e-17  2.92298e-18  2.24891e-17  3.60886e-17  2.01296e-17  0  4.50037e-17  
0.251415  1.0757e-17  5.24574e-18  4.65643e-18  1.4909e-17  5.6505e-19  3.34445e-17  5.92136e-18  0  1.10699e-17  7.49074e-17  7.03831e-19  6.91298e-18  1.86769e-17  5.48456e-17  2.92298e-18  2.24891e-17  3.60886e-17  2.01296e-17  0  4.50037e-17  0.251415  1.0757e-17  5.24574e-18  4.65643e-18  1.4909e-17  5.6505e-19  3.34445e-17  5.92136e-18  0  1.10699e-17  7.49074e-17  7.03831e-19  6.91298e-18  1.86769e-17  5.48456e-17  2.92298e-18  2.24891e-17  3.60886e-17  2.01296e-17  0  4.50037e-17  
0.251415  1.0757e-17  5.24574e-18  4.65643e-18  1.4909e-17  5.6505e-19  3.34445e-17  5.92136e-18  0  1.10699e-17  7.49074e-17  7.03831e-19  6.91298e-18  1.86769e-17  5.48456e-17  2.92298e-18  2.24891e-17  3.60886e-17  2.01296e-17  0  4.50037e-17  0.251415  1.0757e-17  5.24574e-18  4.65643e-18  1.4909e-17  5.6505e-19  3.34445e-17  5.92136e-18  0  1.10699e-17  7.49074e-17  7.03831e-19  6.91298e-18  1.86769e-17  5.48456e-17  2.92298e-18  2.24891e-17  3.60886e-17  2.01296e-17  0  4.50037e-17  
0.251415  1.0757e-17  5.24574e-18  4.65643e-18  1.4909e-17  5.6505e-19  3.34445e-17  5.92136e-18  0  1.10699e-17  7.49074e-17  7.03831e-19  6.91298e-18  1.86769e-17  5.48456e-17  2.92298e-18  2.24891e-17  3.60886e-17  2.01296e-17  0  4.50037e-17  0.251415  1.0757e-17  5.24574e-18  4.65643e-18  1.4909e-17  5.6505e-19  3.34445e-17  5.92136e-18  0  1.10699e-17  7.49074e-17  7.03831e-19  6.91298e-18  1.86769e-17  5.48456e-17  2.92298e-18  2.24891e-17  3.60886e-17  2.01296e-17  0  4.50037e-17  
0.251415  1.0757e-17  5.24574e-18  4.65643e-18  1.4909e-17  5.6505e-19  3.34445e-17  5.92136e-18  0  1.10699e-17  7.49074e-17  7.03831e-19  6.91298e-18  1.86769e-17  5.48456e-17  2.92298e-18  2.24891e-17  3.60886e-17  2.01296e-17  0  4.50037e-17  0.251415  1.0757e-17  5.24574e-18  4.65643e-18  1.4909e-17  5.6505e-19  3.34445e-17  5.92136e-18  0  1.10699e-17  7.49074e-17  7.03831e-19  6.91298e-18  1.86769e-17  5.48456e-17  2.92298e-18  2.24891e-17  3.60886e-17  2.01296e-17  0  4.50037e-17  
0.251415  1.0757e-17  5.24574e-18  4.65643e-18  1.4909e-17  5.6505e-19  3.34445e-17  5.92136e-18  0  1.10699e-17  7.49074e-17  7.03831e-19  6.91298e-18  1.86769e-17  5.48456e-17  2.92298e-18  2.24891e-17  3.60886e-17  2.01296e-17  0  4.50037e-17  0.251415  1.0757e-17  5.24574e-18  4.65643e-18  1.4909e-17  5.6505e-19  3.34445e-17  5.92136e-18  0  1.10699e-17  7.49074e-17  7.03831e-19  6.91298e-18  1.86769e-17  5.48456e-17  2.92298e-18  2.24891e-17  3.60886e-17  2.01296e-17  0  4.50037e-17  
0.251415  1.0757e-17  5.24574e-18  4.65643e-18  1.4909e-17  5.6505e-19  3.34445e-17  5.92136e-18  0  1.10699e-17  7.49074e-17  7.03831e-19  6.91298e-18  1.86769e-17  5.48456e-17  2.92298e-18  2.24891e-17  3.60886e-17  2.01296e-17  0  4.50037e-17  0.251415  1.0757e-17  5.24574e-18  4.65643e-18  1.4909e-17  5.6505e-19  3.34445e-17  5.92136e-18  0  1.10699e-17  7.49074e-17  7.03831e-19  6.91298e-18  1.86769e-17  5.48456e-17  2.92298e-18  2.24891e-17  3.60886e-17  2.01296e-17  0  4.50037e-17  
0.251415  1.0757e-17  5.24574e-18  4.65643e-18  1.4909e-17  5.6505e-19  3.34445e-17  5.92136e-18  0  1.10699e-17  7.49074e-17  7.03831e-19  6.91298e-18  1.86769e-17  5.48456e-17  2.92298e-18  2.24891e-17  3.60886e-17  2.01296e-17  0  4.50037e-17  0.251415  1.0757e-17  5.24574e-18  4.65643e-18  1.4909e-17  5.6505e-19  3.34445e-17  5.92136e-18  0  1.10699e-17  7.49074e-17  7.03831e-19  6.91298e-18  1.86769e-17  5.48456e-17  2.92298e-18  2.24891e-17  3.60886e-17  2.01296e-17  0  4.50037e-17  
0.251415  1.0757e-17  5.24574e-18  4.65643e-18  1.4909e-17  5.6505e-19  3.34445e-17  5.92136e-18  0  1.10699e-17  7.49074e-17  7.03831e-19  6.91298e-18  1.86769e-17  5.48456e-17  2.92298e-18  2.24891e-17  3.60886e-17  2.01296e-17  0  4.50037e-17  0.251415  1.0757e-17  5.24574e-18  4.65643e-18  1.4909e-17  5.6505e-19  3.34445e-17  5.92136e-18  0  1.10699e-17  7.49074e-17  7.03831e-19  6.91298e-18  1.86769e-17  5.48456e-17  2.92298e-18  2.24891e-17  3.60886e-17  2.01296e-17  0  4.50037e-17  
0.251415  1.0757e-17  5.24574e-18  4.65643e-18  1.4909e-17  5.6505e-19  3.34445e-17  5.92136e-18  0  1.10699e-17  7.49074e-17  7.03831e-19  6.91298e-18  1.86769e-17  5.48456e-17  2.92298e-18  2.24891e-17  3.60886e-17  2.01296e-17  0  4.50037e-17  0.251415  1.0757e-17  5.24574e-18  4.65643e-18  1.4909e-17  5.6505e-19  3.34445e-17  5.92136e-18  0  1.10699e-17  7.49074e-17  7.03831e-19  6.91298e-18  1.86769e-17  5.48456e-17  2.92298e-18  2.24891e-17  3.60886e-17  2.01296e-17  0  4.50037e-17  
0.251415  1.0757e-17  5.24574e-18  4.65643e-18  1.4909e-17  5.6505e-19  3.34445e-17  5.92136e-18  0  1.10699e-17  7.49074e-17  7.03831e-19  6.91298e-18  1.86769e-17  5.48456e-17  2.92298e-18  2.24891e-17  3.60886e-17  2.01296e-17  0  4.50037e-17  0.251415  1.0757e-17  5.24574e-18  4.65643e-18  1.4909e-17  5.6505e-19  3.34445e-17  5.92136e-18  0  1.10699e-17  7.49074e-17  7.03831e-19  6.91298e-18  1.86769e-17  5.48456e-17  2.92298e-18  2.24891e-17  3.60886e-17  2.01296e-17  0  4.50037e-17  
0.251415  1.0757e-17  5.24574e-18  4.65643e-18  1.4909e-17  5.6505e-19  3.34445e-17  5.92136e-18  0  1.10699e-17  7.49074e-17  7.03831e-19  6.91298e-18  1.86769e-17  5.48456e-17  2.92298e-18  2.24891e-17  3.60886e-17  2.01296e-17  0  4.50037e-17  0.251415  1.0757e-17  5.24574e-18  4.65643e-18  1.4909e-17  5.6505e-19  3.34445e-17  5.92136e-18  0  1.10699e-17  7.49074e-17  7.03831e-19  6.91298e-18  1.86769e-17  5.48456e-17  2.92298e-18  2.24891e-17  3.60886e-17  2.01296e-17  0  4.50037e-17  
0.251415  1.0757e-17  5.24574e-18  4.65643e-18  1.4909e-17  5.6505e-19  3.34445e-17  5.92136e-18  0  1.10699e-17  7.49074e-17  7.03831e-19  6.91298e-18  1.86769e-17  5.48456e-17  2.92298e-18  2.24891e-17  3.60886e-17  2.01296e-17  0  4.50037e-17  0.251415  1.0757e-17  5.24574e-18  4.65643e-18  1.4909e-17  5.6505e-19  3.34445e-17  5.92136e-18  0  1.10699e-17  7.49074e-17  7.03831e-19  6.91298e-18  1.86769e-17  5.48456e-17  2.92298e-18  2.24891e-17  3.60886e-17  2.01296e-17  0  4.50037e-17  
0.251415  1.0757e-17  5.24574e-18  4.65643e-18  1.4909e-17  5.6505e-19  3.34445e-17  5.92136e-18  0  1.10699e-17  7.49074e-17  7.03831e-19  6.91298e-18  1.86769e-17  5.48456e-17  2.92298e-18  2.24891e-17  3.60886e-17  2.01296e-17  0  4.50037e-17  0.251415  1.0757e-17  5.24574e-18  4.65643e-18  1.4909e-17  5.6505e-19  3.34445e-17  5.92136e-18  0  1.10699e-17  7.49074e-17  7.03831e-19  6.91298e-18  1.86769e-17  5.48456e-17  2.92298e-18  2.24891e-17  3.60886e-17  2.01296e-17  0  4.50037e-17  
0.238351  6.34592e-18  5.79026e-18  4.59964e-18  1.49113e-17  6.03074e-19  3.71057e-17  5.92136e-18  0  1.1085e-17  3.16911e-17  7.00709e-19  6.90281e-18  1.86769e-17  1.75765e-17  2.92298e-18  2.24891e-17  3.60886e-17  2.01533e-17  0  4.28748e-17  0.238351  6.34592e-18  5.79026e-18  4.59964e-18  1.49113e-17  6.03074e-19  3.71057e-17  5.92136e-18  0  1.1085e-17  3.16911e-17  7.00709e-19  6.90281e-18  1.86769e-17  1.75765e-17  2.92298e-18  2.24891e-17  3.60886e-17  2.01533e-17  0  4.28748e-17  
0.222013  3.56096e-18  7.89521e-18  4.62257e-18  1.49064e-17  6.39592e-19  4.43262e-17  5.92136e-18  0  1.10538e-17  4.49415e-17  6.95698e-19  6.90757e-18  1.86769e-17  2.68301e-16  2.92298e-18  2.2489e-17  3.60886e-17  2.01412e-17  0  4.23724e-17  0.222013  3.56096e-18  7.89521e-18  4.62257e-18  1.49064e-17  6.39592e-19  4.43262e-17  5.92136e-18  0  1.10538e-17  4.49415e-17  6.95698e-19  6.90757e-18  1.86769e-17  2.68301e-16  2.92298e-18  2.2489e-17  3.60886e-17  2.01412e-17  0  4.23724e-17  
0.206746  1.65641e-08  4.35716e-09  2.06923e-09  5.11229e-10  4.5955e-10  4.69046e-09  1.58518e-08  6.86913e-09  2.7018e-09  1.08686e-08  7.10466e-09  6.34338e-09  5.53695e-10  1.71611e-09  1.61267e-08  5.27239e-08  1.92918e-08  2.01548e-17  1.6456e-08  4.37763e-17  0.206746  1.65641e-08  4.35716e-09  2.06923e-09  5.11229e-10  4.5955e-10  4.69046e-09  1.58518e-08  6.86913e-09  2.7018e-09  1.08686e-08  7.10466e-09  6.34338e-09  5.53695e-10  1.71611e-09  1.61267e-08  5.27239e-08  1.92918e-08  2.01548e-17  1.6456e-08  4.37763e-17  
0.192139  1.67177e-08  8.33521e-10  3.79119e-09  5.90575e-09  2.62423e-09  3.51629e-10  5.14819e-08  3.80307e-09  2.58016e-09  9.54742e-09  7.94767e-09  1.15343e-08  2.04509e-09  1.72701e-09  4.65202e-09  2.04373e-08  5.54293e-09  1.57675e-08  3.53668e-09  3.78767e-08  0.192139  1.67177e-08  8.33521e-10  3.79119e-09  5.90575e-09  2.62423e-09  3.51629e-10  5.14819e-08  3.80307e-09  2.58016e-09  9.54742e-09  7.94767e-09  1.15343e-08  2.04509e-09  1.72701e-09  4.65202e-09  2.04373e-08  5.54293e-09  1.57675e-08  3.53668e-09  3.78767e-08  
0.177908  1.0496e-17  4.07966e-18  4.63599e-18  1.4909e-17  5.53291e-19  2.65108e-17  5.92136e-18  0  1.10886e-17  9.12053e-17  7.09059e-19  6.91731e-18  1.86769e-17  8.1548e-17  2.92298e-18  2.24892e-17  3.60886e-17  2.01037e-17  0  4.68462e-17  0.177908  1.0496e-17  4.07966e-18  4.63599e-18  1.4909e-17  5.53291e-19  2.65108e-17  5.92136e-18  0  1.10886e-17  9.12053e-17  7.09059e-19  6.91731e-18  1.86769e-17  8.1548e-17  2.92298e-18  2.24892e-17  3.60886e-17  2.01037e-17  0  4.68462e-17  
0.163844  1.39863e-17  4.82105e-18  4.58515e-18  1.49085e-17  6.27696e-19  3.21917e-17  5.92136e-18  0  1.09773e-17  2.60836e-17  7.02985e-19  6.90378e-18  1.86769e-17  6.65306e-17  2.92298e-18  2.24891e-17  3.60886e-17  2.01747e-17  0  4.21422e-17  0.163844  1.39863e-17  4.82105e-18  4.58515e-18  1.49085e-17  6.27696e-19  3.21917e-17  5.92136e-18  0  1.09773e-17  2.60836e-17  7.02985e-19  6.90378e-18  1.86769e-17  6.65306e-17  2.92298e-18  2.24891e-17  3.60886e-17  2.01747e-17  0  4.21422e-17  
0.149781  1.06831e-17  8.76413e-18  4.63367e-18  1.49076e-17  6.31825e-19  3.5196e-17  5.92136e-18  0  1.09904e-17  8.46389e-17  7.04776e-19  6.91732e-18  1.86769e-17  1.98917e-16  2.92298e-18  2.2489e-17  3.60886e-17  2.01401e-17  0  4.22742e-17  0.149781  1.06831e-17  8.76413e-18  4.63367e-18  1.49076e-17  6.31825e-19  3.5196e-17  5.92136e-18  0  1.09904e-17  8.46389e-17  7.04776e-19  6.91732e-18  1.86769e-17  1.98917e-16  2.92298e-18  2.2489e-17  3.60886e-17  2.01401e-17  0  4.22742e-17  
0.135583  1.10843e-17  4.34997e-18  4.66157e-18  1.49075e-17  6.60589e-19  4.55569e-17  5.92136e-18  0  1.10722e-17  3.50727e-17  7.04648e-19  6.90574e-18  1.86769e-17  2.12679e-16  2.92298e-18  2.24891e-17  3.60886e-17  2.01227e-17  0  4.43642e-17  0.135583  1.10843e-17  4.34997e-18  4.66157e-18  1.49075e-17  6.60589e-19  4.55569e-17  5.92136e-18  0  1.10722e-17  3.50727e-17  7.04648e-19  6.90574e-18  1.86769e-17  2.12679e-16  2.92298e-18  2.24891e-17  3.60886e-17  2.01227e-17  0  4.43642e-17  
0.121135  1.32715e-17  6.77106e-18  4.71617e-18  1.49164e-17  6.27696e-19  3.83427e-17  5.92136e-18  0  1.09828e-17  1.663e-17  7.05605e-19  6.9114e-18  1.86769e-17  4.11895e-17  2.92298e-18  2.24891e-17  3.60886e-17  2.01305e-17  0  4.39265e-17  0.121135  1.32715e-17  6.77106e-18  4.71617e-18  1.49164e-17  6.27696e-19  3.83427e-17  5.92136e-18  0  1.09828e-17  1.663e-17  7.05605e-19  6.9114e-18  1.86769e-17  4.11895e-17  2.92298e-18  2.24891e-17  3.60886e-17  2.01305e-17  0  4.39265e-17  
0.106347  2.46394e-08  3.35701e-09  1.1573e-08  4.18691e-09  2.25902e-09  1.52935e-09  7.15391e-09  7.90327e-09  1.64261e-09  1.04598e-08  1.36366e-08  5.44933e-09  3.35917e-10  5.89011e-09  4.91636e-09  3.63033e-08  4.55429e-10  9.35912e-10  2.16043e-08  4.90472e-08  0.106347  2.46394e-08  3.35701e-09  1.1573e-08  4.18691e-09  2.25902e-09  1.52935e-09  7.15391e-09  7.90327e-09  1.64261e-09  1.04598e-08  1.36366e-08  5.44933e-09  3.35917e-10  5.89011e-09  4.91636e-09  3.63033e-08  4.55429e-10  9.35912e-10  2.16043e-08  4.90472e-08  
0.091141  1.64883e-17  7.44951e-18  4.74392e-18  1.49112e-17  5.99468e-19  2.71874e-17  5.92136e-18  0  1.10377e-17  2.92804e-17  6.91675e-19  6.90616e-18  1.86769e-17  1.06977e-16  2.92298e-18  2.2489e-17  3.60886e-17  2.0176e-17  0  4.3197e-17  0.091141  1.64883e-17  7.44951e-18  4.74392e-18  1.49112e-17  5.99468e-19  2.71874e-17  5.92136e-18  0  1.10377e-17  2.92804e-17  6.91675e-19  6.90616e-18  1.86769e-17  1.06977e-16  2.92298e-18  2.2489e-17  3.60886e-17  2.0176e-17  0  4.3197e-17  
0.0754769  1.03613e-17  7.0463e-18  4.6552e-18  1.49096e-17  5.33067e-19  2.73986e-17  5.92136e-18  0  1.10478e-17  2.6719e-17  7.01617e-19  6.90754e-18  1.86769e-17  4.00015e-17  2.92298e-18  2.24891e-17  3.60886e-17  2.01084e-17  0  4.32284e-17  0.0754769  1.03613e-17  7.0463e-18  4.6552e-18  1.49096e-17  5.33067e-19  2.73986e-17  5.92136e-18  0  1.10478e-17  2.6719e-17  7.01617e-19  6.90754e-18  1.86769e-17  4.00015e-17  2.92298e-18  2.24891e-17  3.60886e-17  2.01084e-17  0  4.32284e-17  
0.0593393  1.2007e-17  6.2103e-18  4.49022e-18  1.49078e-17  4.91334e-19  3.63283e-17  5.92136e-18  0  1.10587e-17  9.12799e-17  6.92005e-19  6.91075e-18  1.86769e-17  2.90129e-16  2.92298e-18  2.24891e-17  3.60886e-17  2.01352e-17  0  4.25452e-17  0.0593393  1.2007e-17  6.2103e-18  4.49022e-18  1.49078e-17  4.91334e-19  3.63283e-17  5.92136e-18  0  1.10587e-17  9.12799e-17  6.92005e-19  6.91075e-18  1.86769e-17  2.90129e-16  2.92298e-18  2.24891e-17  3.60886e-17  2.01352e-17  0  4.25452e-17  
0.0427608  1.28473e-17  6.99947e-18  4.67958e-18  1.49126e-17  6.27696e-19  3.21917e-17  5.92136e-18  0  1.09773e-17  5.50724e-17  7.05387e-19  6.90378e-18  1.86769e-17  7.98021e-17  2.92298e-18  2.24889e-17  3.60886e-17  2.01373e-17  0  4.17362e-17  0.0427608  1.28473e-17  6.99947e-18  4.67958e-18  1.49126e-17  6.27696e-19  3.21917e-17  5.92136e-18  0  1.09773e-17  5.50724e-17  7.05387e-19  6.90378e-18  1.86769e-17  7.98021e-17  2.92298e-18  2.24889e-17  3.60886e-17  2.01373e-17  0  4.17362e-17  
0.0258177  7.2133e-18  5.83067e-18  4.57932e-18  1.49085e-17  6.53741e-19  3.38856e-17  5.92136e-18  0  1.1027e-17  5.64398e-17  7.0266e-19  6.904e-18  1.86769e-17  9.75092e-17  2.92298e-18  2.24888e-17  3.60886e-17  2.01606e-17  0  4.25452e-17  0.0258177  7.2133e-18  5.83067e-18  4.57932e-18  1.49085e-17  6.53741e-19  3.38856e-17  5.92136e-18  0  1.1027e-17  5.64398e-17  7.0266e-19  6.904e-18  1.86769e-17  9.75092e-17  2.92298e-18  2.24888e-17  3.60886e-17  2.01606e-17  0  4.25452e-17  
0.0086331  1.11959e-17  7.01934e-18  4.65832e-18  1.49085e-17  5.87728e-19  3.11768e-17  5.92136e-18  0  1.10383e-17  5.28179e-17  6.93021e-19  6.9079e-18  1.86769e-17  2.77119e-16  2.92298e-18  2.2489e-17  3.60886e-17  2.01581e-17  0  4.17314e-17  0.0086331  1.11959e-17  7.01934e-18  4.65832e-18  1.49085e-17  5.87728e-19  3.11768e-17  5.92136e-18  0  1.10383e-17  5.28179e-17  6.93021e-19  6.9079e-18  1.86769e-17  2.77119e-16  2.92298e-18  2.2489e-17  3.60886e-17  2.01581e-17  0  4.17314e-17  
