1.12825  3.66989  0.699657  3.52385  9.46096  4.17088  3.52075  12.5919  2.94624  7.94237  1.88758  12.8502  22.8767  14.8015  23.6181  25.3787  31.2198  25.734  9.72075  32.4864  18.5689  38.4617  40.1615  24.1455  0.564124  0.917472  0.11661  0.440481  0.946096  0.347573  0.251482  0.786994  0.16368  0.397118  0.0857991  0.535425  0.879875  0.528624  0.787269  0.793085  0.91823  0.714834  0.255809  0.812159  0.442116  0.874131  0.873075  0.50303  
0.98532  0.225221  1.32547  3.03347  7.45204  1.13997  1.11255  13.848  2.73747  11.1949  19.5317  15.7506  9.61687  1.49969  28.6865  11.1759  30.1081  1.17556  6.71228  24.005  31.4639  1.95985  34.5677  34.1068  0.49266  0.0563051  0.220912  0.379184  0.745204  0.0949977  0.0794681  0.865498  0.152082  0.559747  0.887805  0.656274  0.36988  0.0535603  0.956216  0.349248  0.885532  0.0326545  0.176639  0.600125  0.74914  0.0445421  0.751472  0.710558  
1.68736  1.44574  5.29238  1.65977  3.83827  6.44344  9.14384  8.06449  11.7922  16.6487  16.0521  15.7382  12.7194  18.0815  29.644  30.5782  23.7527  4.0774  16.7858  3.2737  19.5692  8.41351  36.579  29.7846  0.84368  0.361436  0.882063  0.207471  0.383827  0.536953  0.653131  0.504031  0.65512  0.832434  0.72964  0.655758  0.489208  0.645769  0.988134  0.955568  0.698609  0.113261  0.441733  0.0818425  0.465933  0.191216  0.795196  0.620513  
1.82346  2.24828  3.97431  4.00574  0.492921  8.25214  4.84198  11.5524  7.09362  9.24337  12.299  18.3484  25.0302  16.6592  7.6544  26.7421  13.7466  9.3412  4.30444  39.6366  6.596  32.0524  25.6334  8.33125  0.911732  0.56207  0.662385  0.500717  0.0492921  0.687678  0.345855  0.722026  0.39409  0.462168  0.559046  0.764517  0.962701  0.59497  0.255147  0.83569  0.404313  0.259478  0.113275  0.990915  0.157048  0.728464  0.557248  0.173568  
1.67131  1.20797  5.22275  4.658  1.6566  7.14796  10.0759  8.38723  17.3853  15.6911  2.34785  3.51183  17.8767  27.8005  12.144  6.68544  33.8189  22.2366  4.74437  29.6724  29.231  30.2143  35.4388  43.6529  0.835653  0.301993  0.870459  0.58225  0.16566  0.595664  0.71971  0.524202  0.965847  0.784554  0.10672  0.146326  0.687566  0.992876  0.404799  0.20892  0.994675  0.617682  0.124852  0.741809  0.695976  0.686688  0.770409  0.909435  
0.944883  2.68415  3.43865  3.04069  2.09237  1.99981  5.43103  1.65012  12.1583  9.30055  4.18657  21.8344  6.10862  3.07716  17.5313  29.9569  19.1073  5.7358  8.21452  23.5713  3.77858  26.1139  9.22159  34.7936  0.472442  0.671037  0.573109  0.380086  0.209237  0.166651  0.387931  0.103132  0.675462  0.465027  0.190299  0.909767  0.234947  0.109899  0.584376  0.936153  0.561979  0.159328  0.216172  0.589282  0.0899662  0.593497  0.200469  0.724866  
0.526763  1.42352  2.60803  0.316118  8.1719  8.38949  1.80941  6.7276  14.8878  16.0377  20.3422  0.504202  23.0127  26.9182  21.5249  28.7858  30.9637  10.4289  24.7116  39.2444  21.2343  14.9384  45.6424  28.787  0.263381  0.355879  0.434672  0.0395148  0.81719  0.699124  0.129244  0.420475  0.827099  0.801887  0.924644  0.0210084  0.885103  0.961364  0.717497  0.899555  0.910696  0.289693  0.650305  0.98111  0.50558  0.33951  0.992226  0.59973  
0.776511  2.69137  1.12338  2.12234  9.00533  4.76576  8.52733  13.3122  2.98175  9.75016  3.57687  10.9303  16.2206  2.40974  15.5026  0.780204  13.5745  14.8373  17.6587  8.7752  27.5355  26.7007  22.7003  34.0895  0.388255  0.672842  0.18723  0.265292  0.900533  0.397146  0.609095  0.832016  0.165653  0.487508  0.162585  0.455428  0.62387  0.086062  0.516754  0.0243814  0.399251  0.412147  0.464703  0.21938  0.655607  0.606834  0.493484  0.710199  
0.786526  1.44409  3.66763  7.62573  9.7021  7.99024  11.9111  0.048205  12.9751  3.33249  18.5843  22.1866  17.836  2.4474  24.6234  0.162757  8.37493  21.7234  24.141  4.43279  0.310958  21.9092  5.62488  4.31146  0.393263  0.361023  0.611272  0.953216  0.97021  0.665853  0.850791  0.00301281  0.720839  0.166624  0.844739  0.92444  0.685999  0.0874071  0.820781  0.00508616  0.246322  0.603428  0.635289  0.11082  0.00740376  0.497937  0.12228  0.089822  
0.0424258  2.3025  3.3998  1.45162  8.24388  4.91974  11.0368  0.648562  2.85954  9.96001  20.758  13.2702  0.757804  3.27515  5.6155  1.57817  5.5914  10.0214  1.98676  3.38102  22.3043  41.5767  5.4539  34.2537  0.0212129  0.575625  0.566633  0.181452  0.824388  0.409978  0.788341  0.0405351  0.158863  0.498  0.943547  0.552925  0.0291463  0.11697  0.187183  0.0493179  0.164453  0.278373  0.052283  0.0845255  0.531055  0.944925  0.118563  0.713619  
0.983815  0.91253  5.74113  4.3347  5.64442  7.86461  4.86957  7.98265  17.1926  7.4637  16.9271  5.85706  19.1314  20.244  8.16628  24.0396  31.67  18.3659  3.59855  24.0183  27.236  36.1714  4.24683  4.28342  0.491907  0.228132  0.956855  0.541838  0.564442  0.655384  0.347826  0.498915  0.955147  0.373185  0.769415  0.244044  0.735823  0.722999  0.272209  0.751238  0.931472  0.510165  0.0946986  0.600456  0.648477  0.822078  0.0923224  0.0892379  
0.856542  3.4528  5.26466  5.21643  6.46637  1.63406  0.427143  8.34515  2.1528  17.426  0.75754  4.32825  4.80645  17.4305  8.72722  15.8044  25.4046  24.061  27.6511  37.0346  22.2635  26.0516  3.38365  8.63082  0.428271  0.863201  0.877443  0.652054  0.646637  0.136172  0.0305102  0.521572  0.1196  0.8713  0.0344336  0.180344  0.184863  0.622517  0.290907  0.493888  0.747195  0.668362  0.727661  0.925866  0.530083  0.592081  0.0735576  0.179809  
1.66635  1.33844  0.402317  7.82168  6.55139  3.53697  3.09774  9.65033  10.7638  16.1614  14.324  15.6593  0.213212  21.4265  5.82832  23.1206  32.7467  28.9885  25.6651  28.1534  12.4532  17.3292  16.3777  46.1699  0.833176  0.334611  0.0670529  0.97771  0.655139  0.294747  0.221267  0.603146  0.597989  0.808072  0.651091  0.652471  0.00820045  0.76523  0.194277  0.722518  0.963139  0.805235  0.675398  0.703836  0.296505  0.393846  0.356037  0.961872  
0.627846  3.05823  4.52279  1.96356  3.25362  9.62511  1.65095  4.37147  0.464513  9.89164  20.1007  5.4575  18.525  20.6806  13.8948  23.6618  30.6346  7.48139  5.6296  4.55917  9.49401  27.7955  39.8386  9.23635  0.313923  0.764557  0.753798  0.245446  0.325362  0.802093  0.117925  0.273217  0.0258063  0.494582  0.913669  0.227396  0.712499  0.738593  0.463159  0.73943  0.901019  0.207816  0.148147  0.113979  0.226048  0.631716  0.866057  0.192424  
1.86449  1.70654  1.6135  4.1752  1.29704  3.45671  5.51649  5.67085  0.704236  1.40817  0.292383  1.56277  11.7512  13.1621  12.505  0.880335  11.0114  27.6077  30.4334  1.78434  9.3561  12.323  36.0507  33.3021  0.932244  0.426635  0.268916  0.5219  0.129704  0.28806  0.394035  0.354428  0.0391242  0.0704084  0.0132902  0.0651154  0.451969  0.470076  0.416835  0.0275105  0.323866  0.766882  0.800879  0.0446085  0.222764  0.280067  0.78371  0.693794  
0.752937  3.68257  4.05783  2.68867  9.43254  7.38616  0.883132  15.8456  0.605904  3.81026  10.2103  13.2465  16.5572  12.6523  11.5614  10.9037  7.24979  15.6009  7.3444  26.0631  21.1526  38.4063  13.1904  12.4198  0.376469  0.920644  0.676305  0.336084  0.943254  0.615513  0.0630808  0.990349  0.0336613  0.190513  0.464104  0.551938  0.636816  0.451866  0.385381  0.340742  0.213229  0.433357  0.193274  0.651578  0.503633  0.872871  0.286748  0.258746  
0.749362  2.19506  5.09821  7.93468  5.79084  8.44526  9.25121  15.8473  3.58753  2.72655  21.634  1.73873  14.732  27.2834  23.2773  3.68736  5.08909  19.3592  19.6764  27.9871  24.9148  9.29259  2.15686  39.7678  0.374681  0.548764  0.849702  0.991835  0.579084  0.703772  0.660801  0.990458  0.199307  0.136328  0.983362  0.0724472  0.566616  0.974408  0.775908  0.11523  0.149679  0.537754  0.5178  0.699678  0.59321  0.211195  0.0468883  0.828495  
0.211603  2.02431  3.459  3.40566  8.54226  7.98743  10.234  7.71349  11.1869  15.458  14.2381  7.51348  20.847  21.8597  18.6364  30.3659  6.43281  25.8145  3.9648  29.0875  35.1631  27.6053  43.7338  13.9111  0.105802  0.506079  0.576501  0.425707  0.854226  0.665619  0.730998  0.482093  0.621492  0.772901  0.647188  0.313062  0.801809  0.780704  0.621215  0.948933  0.1892  0.717069  0.104337  0.727187  0.837217  0.627393  0.950734  0.289814  
1.89759  3.3823  5.60658  3.34802  1.98099  5.07115  7.27128  7.67458  1.5141  7.29091  18.3508  21.6621  6.55975  19.566  23.4066  17.1586  21.4535  20.0891  22.0248  11.8788  16.2881  10.781  38.9884  3.59252  0.948797  0.845575  0.93443  0.418503  0.198099  0.422596  0.519377  0.479661  0.0841165  0.364546  0.834126  0.902588  0.252298  0.698786  0.780219  0.536207  0.630985  0.55803  0.579599  0.29697  0.387811  0.245022  0.847575  0.0748442  
1.47818  2.63819  3.43998  6.97984  0.162642  9.52621  4.39489  0.797027  13.3075  17.7925  19.0483  8.66186  23.0251  5.28429  9.79762  29.6979  17.4287  14.195  10.7591  19.8508  1.99169  0.961688  14.7886  15.6873  0.739091  0.659546  0.57333  0.87248  0.0162642  0.793851  0.313921  0.0498142  0.739304  0.889623  0.865831  0.360911  0.88558  0.188725  0.326587  0.928059  0.512608  0.394305  0.283133  0.49627  0.0474212  0.0218565  0.321492  0.32682  
0.998786  0.41899  0.556072  6.58153  2.24011  8.3306  3.57293  5.4543  12.1701  2.45658  21.7899  6.62628  2.4109  17.7503  23.1298  31.6877  9.74942  19.4876  16.0742  36.6928  41.4566  14.5005  12.0785  20.32  0.499393  0.104747  0.0926787  0.822691  0.224011  0.694217  0.25521  0.340894  0.676117  0.122829  0.990449  0.276095  0.092727  0.633939  0.770993  0.990239  0.286748  0.541323  0.423005  0.917321  0.987061  0.329557  0.262577  0.423333  
1.16594  2.14348  3.84104  3.50536  5.12567  1.72672  10.6067  10.3935  17.2182  9.06551  6.49107  16.4902  1.1699  10.6748  5.91215  22.4827  14.9537  7.00059  2.45423  12.3952  40.9821  38.1539  29.1517  7.28787  0.58297  0.535869  0.640174  0.43817  0.512567  0.143894  0.75762  0.649591  0.956566  0.453276  0.295049  0.687093  0.0449961  0.381244  0.197072  0.702584  0.439814  0.194461  0.0645851  0.30988  0.975763  0.867134  0.633732  0.151831  
1.03227  0.0320843  5.51974  3.1574  2.2975  1.91685  4.37989  7.87571  0.286442  17.5303  8.8432  4.59633  20.2894  18.3768  16.155  15.8703  15.2268  10.3194  23.6851  25.9961  38.263  1.32013  7.23133  13.8495  0.516133  0.00802108  0.919957  0.394674  0.22975  0.159737  0.312849  0.492232  0.0159134  0.876517  0.401963  0.191514  0.780362  0.656315  0.538499  0.495948  0.447846  0.28665  0.623292  0.649902  0.911023  0.030003  0.157203  0.288531  
1.36608  3.63968  2.94653  0.153104  4.41131  2.23414  8.8924  12.4363  4.15522  13.2749  12.9173  19.6274  3.54423  26.1923  14.1987  17.6969  2.49222  30.7864  20.2953  21.9523  2.90096  27.7173  12.608  32.5726  0.683039  0.90992  0.491088  0.019138  0.441131  0.186178  0.635171  0.777266  0.230846  0.663746  0.587151  0.81781  0.136316  0.935438  0.473289  0.553029  0.0733005  0.855177  0.534087  0.548807  0.0690705  0.629938  0.274086  0.678596  
1.13083  2.18398  1.31854  1.94833  3.26218  9.80225  4.90304  3.81525  3.49504  12.3928  6.10524  19.7406  17.2888  2.97508  0.584113  14.7057  18.2692  4.89753  23.6527  3.98702  11.3218  28.0298  40.2718  47.5948  0.565416  0.545995  0.219756  0.243542  0.326218  0.816854  0.350217  0.238453  0.194169  0.61964  0.277511  0.822523  0.664953  0.106253  0.0194704  0.459554  0.537329  0.136043  0.622439  0.0996755  0.269566  0.637041  0.875473  0.991558  
0.192521  3.90555  1.43366  1.30184  0.715355  4.63766  1.18621  13.4762  15.6481  17.2245  4.66886  0.822467  15.7111  18.3845  8.7968  19.947  29.513  35.8557  28.8532  35.7632  29.7895  41.8991  34.4195  44.3143  0.0962606  0.976387  0.238943  0.16273  0.0715355  0.386472  0.0847293  0.842262  0.86934  0.861224  0.212221  0.0342695  0.604273  0.656588  0.293227  0.623345  0.868028  0.995993  0.759296  0.894081  0.709273  0.952252  0.748251  0.923214  
0.334711  0.0270699  2.15626  1.99405  1.76633  10.2321  6.12547  14.9695  4.6683  1.49275  18.5968  20.8534  9.12197  7.9214  2.17186  19.5943  23.1644  21.194  32.4365  13.9602  22.87  14.2873  42.6797  16.3731  0.167356  0.00676748  0.359377  0.249256  0.176633  0.852678  0.437534  0.935591  0.25935  0.0746374  0.84531  0.868891  0.350845  0.282907  0.0723954  0.612323  0.681306  0.588722  0.853593  0.349004  0.544523  0.324712  0.927819  0.341107  
0.0872362  3.70301  1.72592  3.65915  0.640357  0.0331896  11.3988  0.713392  12.5175  9.42484  8.88571  2.77737  8.67971  14.0471  23.7185  21.0338  7.88141  14.8273  21.6447  39.541  32.3564  32.0012  36.3543  31.4636  0.0436181  0.925753  0.287654  0.457394  0.0640357  0.0027658  0.814198  0.044587  0.695418  0.471242  0.403896  0.115724  0.333835  0.501682  0.790618  0.657306  0.231806  0.41187  0.569597  0.988525  0.77039  0.727301  0.790311  0.655491  
0.619708  1.44229  4.66436  3.12865  7.95307  3.41009  5.60292  13.5136  0.759811  19.7736  2.25446  18.8177  6.03514  8.83542  29.3904  10.8065  25.8142  29.7312  29.6701  19.4598  0.386679  39.0287  14.0242  27.5466  0.309854  0.360573  0.777393  0.391081  0.795307  0.284174  0.400209  0.844598  0.0422117  0.98868  0.102475  0.784069  0.232121  0.315551  0.97968  0.337702  0.759242  0.825866  0.780793  0.486496  0.00920663  0.887015  0.304874  0.573887  
0.0570208  1.42564  1.70867  1.54464  5.99807  0.892339  7.48028  10.5349  14.4783  11.2346  1.28254  4.79498  24.0777  21.9816  12.2006  15.98  32.5747  27.1575  8.67455  5.30556  5.80928  32.3687  21.492  20.904  0.0285104  0.356411  0.284779  0.19308  0.599807  0.0743616  0.534306  0.65843  0.804351  0.56173  0.0582971  0.199791  0.926064  0.785057  0.406687  0.499373  0.95808  0.754375  0.228278  0.132639  0.138316  0.735653  0.467218  0.435501  
1.67415  2.41271  1.10139  1.05774  0.839545  10.925  13.8431  6.53657  12.6515  14.7456  9.24751  19.8296  18.0864  2.86597  12.4957  14.0724  27.9401  0.433274  18.3012  10.5816  2.06555  17.5613  13.3401  22.4774  0.837074  0.603178  0.183565  0.132218  0.0839545  0.910421  0.98879  0.408536  0.702863  0.737282  0.420341  0.826233  0.695632  0.102356  0.416525  0.439762  0.821768  0.0120354  0.48161  0.264541  0.0491797  0.39912  0.290001  0.468278  
1.7446  3.82996  3.18231  4.45779  9.0201  0.222206  10.9369  0.179559  16.9814  14.267  20.0691  11.8741  2.44657  25.6128  7.68815  21.8931  21.5018  7.75393  14.1746  18.0169  1.35156  33.7927  35.2332  14.3274  0.872301  0.957489  0.530384  0.557224  0.90201  0.0185172  0.781209  0.0112224  0.943413  0.71335  0.91223  0.494754  0.0940988  0.914744  0.256272  0.68416  0.632405  0.215387  0.373016  0.450423  0.03218  0.768017  0.765938  0.298488  
1.73246  0.617497  4.23703  0.365296  4.1727  1.73822  1.59583  1.19045  13.4445  13.7367  11.9587  10.6067  1.05853  7.97137  18.8941  16.4036  28.3393  0.00781693  35.9301  22.9745  16.9213  32.6353  19.4974  8.10422  0.866229  0.154374  0.706171  0.045662  0.41727  0.144852  0.113988  0.074403  0.746919  0.686837  0.543577  0.441945  0.0407128  0.284692  0.629803  0.512611  0.833507  0.000217137  0.945529  0.574362  0.402889  0.741712  0.423855  0.168838  
0.914603  1.79478  5.49566  5.20401  7.04047  7.63549  1.13403  6.96212  10.9195  15.9863  14.1863  23.6923  14.1853  14.9537  13.6664  19.0543  8.65686  6.72569  22.3873  3.15719  35.0666  5.19897  17.0202  8.69468  0.457301  0.448696  0.915943  0.650501  0.704047  0.636291  0.0810022  0.435133  0.606636  0.799313  0.644832  0.987179  0.545588  0.534062  0.455548  0.595447  0.254614  0.186825  0.589139  0.0789298  0.83492  0.118158  0.370004  0.181139  
0.777216  2.62901  4.60679  4.17976  7.7773  11.5001  12.6134  5.57739  15.125  2.34576  10.2619  14.8267  3.04929  14.7169  10.6601  21.7413  31.5257  34.0395  1.79752  6.43799  7.60254  32.8632  33.5531  2.493  0.388608  0.657252  0.767799  0.52247  0.77773  0.958346  0.900954  0.348587  0.840276  0.117288  0.466449  0.617778  0.11728  0.525604  0.355336  0.679415  0.927225  0.945542  0.0473032  0.16095  0.181013  0.746891  0.729415  0.0519376  
1.95032  0.745552  3.2461  2.96696  0.0710441  9.76005  8.41276  7.07432  7.39064  16.6336  16.7721  23.2941  13.7741  1.55856  4.7875  15.5374  4.32583  4.12157  19.6352  4.93654  30.5972  12.7016  17.0424  17.8353  0.97516  0.186388  0.541017  0.37087  0.00710441  0.813337  0.600911  0.442145  0.410591  0.831678  0.762366  0.970588  0.529774  0.0556627  0.159583  0.485543  0.12723  0.114488  0.516716  0.123413  0.728505  0.288672  0.370486  0.371568  
1.94324  2.35942  2.98254  7.31086  0.814436  6.62171  6.97043  10.8794  14.2654  12.9033  10.0138  21.8792  3.78785  24.3703  28.4789  23.5105  25.8225  1.7836  2.86737  33.8099  33.3387  43.1939  18.5718  33.754  0.97162  0.589856  0.49709  0.913858  0.0814436  0.551809  0.497888  0.679962  0.792523  0.645163  0.455173  0.911633  0.145686  0.870367  0.949297  0.734702  0.759484  0.0495444  0.0754572  0.845248  0.793779  0.98168  0.403734  0.703208  
1.94988  3.91737  4.72769  5.93416  1.69346  1.58603  3.62713  15.7241  10.4742  15.8172  0.372129  19.0955  0.098744  5.85303  6.00603  12.5015  13.6935  16.0728  0.376432  27.5127  14.6159  43.9886  18.7459  22.5626  0.974942  0.979343  0.787948  0.74177  0.169346  0.132169  0.259081  0.982754  0.5819  0.790859  0.016915  0.795644  0.00379785  0.209037  0.200201  0.390671  0.40275  0.446467  0.00990609  0.687818  0.347997  0.999741  0.40752  0.470055  
1.31516  2.69905  3.06806  5.6272  7.21416  6.67443  11.8623  4.91958  1.17282  11.849  17.3192  13.7274  12.6425  19.4762  3.57908  27.2286  9.68672  22.0729  4.33657  33.3476  37.1778  3.82394  14.6313  38.519  0.657581  0.674764  0.511344  0.703401  0.721416  0.556202  0.847309  0.307474  0.0651566  0.592451  0.787236  0.571976  0.486248  0.695578  0.119303  0.850893  0.284903  0.613136  0.11412  0.833691  0.885187  0.0869077  0.318071  0.802478  
0.707811  3.84087  0.535782  5.03145  4.67922  3.52013  6.5991  14.451  0.151743  15.1724  3.94297  19.0941  25.3889  15.8684  9.94261  8.05018  31.2021  9.73973  26.9574  18.9254  33.4907  28.5882  29.6659  21.3285  0.353905  0.960216  0.089297  0.628931  0.467922  0.293344  0.471364  0.903189  0.00843016  0.758618  0.179226  0.795587  0.976494  0.566729  0.33142  0.251568  0.917708  0.270548  0.709405  0.473134  0.797399  0.649732  0.64491  0.444344  
0.628435  1.06747  2.46349  5.05165  7.42743  4.07902  11.7197  12.1815  8.51294  6.61356  11.5829  17.3  18.5885  10.1292  22.469  17.8693  6.89464  12.7872  9.8793  16.8479  6.16136  25.371  23.5504  23.8378  0.314218  0.266867  0.410582  0.631456  0.742743  0.339918  0.837119  0.761343  0.472941  0.330678  0.526494  0.720833  0.714943  0.361756  0.748966  0.558416  0.202783  0.355199  0.259982  0.421199  0.146699  0.576614  0.511965  0.496622  
0.524132  2.3719  4.59879  6.48748  5.53499  5.25658  12.5401  1.1248  13.0313  2.01426  7.42782  10.2255  24.6298  21.9921  7.56083  27.8721  30.5658  16.8131  27.5587  12.9274  26.9844  5.46431  5.82467  28.5138  0.262066  0.592976  0.766465  0.810936  0.553499  0.438049  0.895722  0.0702997  0.72396  0.100713  0.337628  0.426061  0.947302  0.785432  0.252028  0.871004  0.898995  0.467029  0.725229  0.323184  0.642486  0.124189  0.126623  0.594037  
1.03503  2.56199  2.75828  5.65689  0.0717152  2.4501  3.2185  9.59258  2.36406  2.86029  0.96211  14.5003  9.23203  10.6754  1.50953  31.4492  15.7021  6.27756  7.3266  12.1185  21.9176  3.5115  17.0468  45.4985  0.517513  0.640498  0.459713  0.707111  0.00717152  0.204175  0.229893  0.599536  0.131336  0.143015  0.0437323  0.604181  0.355078  0.381264  0.0503178  0.982788  0.461826  0.174377  0.192805  0.302963  0.521848  0.0798069  0.370583  0.947886  
0.839559  1.11931  0.201487  7.65481  1.01005  10.8322  8.46612  10.919  11.8574  14.4289  21.585  11.8125  12.7923  22.4665  19.3795  2.27192  21.9642  29.9874  33.6052  20.0782  17.0327  34.6477  36.1625  3.36595  0.419779  0.279827  0.0335812  0.956851  0.101005  0.902687  0.604723  0.68244  0.658744  0.721443  0.981136  0.492188  0.492013  0.802376  0.645984  0.0709974  0.646007  0.832984  0.884347  0.501954  0.40554  0.787447  0.786142  0.0701239  
1.6555  2.25084  3.11828  2.59827  4.61805  4.16626  4.79713  10.7066  7.4371  13.3731  16.0944  12.7445  10.5865  6.29075  23.7914  4.99196  0.100521  11.7485  1.1864  39.7849  9.39304  14.6588  24.5292  27.189  0.827751  0.562709  0.519713  0.324784  0.461805  0.347188  0.342652  0.66916  0.413172  0.668656  0.731565  0.53102  0.407175  0.22467  0.793046  0.155999  0.00295649  0.326346  0.0312212  0.994624  0.223644  0.333155  0.533243  0.566437  
0.112557  3.9462  5.335  4.39219  9.70144  3.23034  1.89759  0.337455  2.19985  10.7605  10.5469  7.35434  1.53243  8.81469  9.49142  12.3301  20.8999  30.9323  0.00730372  4.66401  27.656  34.8352  23.7766  31.8721  0.0562785  0.986551  0.889167  0.549024  0.970144  0.269195  0.135542  0.0210909  0.122214  0.538026  0.479404  0.306431  0.0589395  0.31481  0.316381  0.385315  0.614704  0.859232  0.000192203  0.1166  0.658476  0.79171  0.516883  0.664001  
0.0181651  1.42856  2.33623  5.8873  9.03595  7.96953  5.63149  0.864552  10.8868  2.95433  8.99732  9.0653  1.56215  18.06  25.6398  28.2365  18.0398  4.86483  17.9544  16.9915  22.3838  42.4033  38.3176  39.5362  0.00908253  0.35714  0.389372  0.735913  0.903595  0.664127  0.402249  0.0540345  0.604822  0.147717  0.408969  0.377721  0.0600825  0.645  0.854661  0.882392  0.530582  0.135134  0.472484  0.424787  0.532947  0.963712  0.832991  0.823672  
1.54973  1.76062  4.59322  0.173702  6.41224  11.6418  7.35339  15.7908  5.41747  16.0986  21.8623  16.5506  8.50955  8.87779  15.6082  17.6934  14.1333  17.6976  36.5056  35.5576  40.3851  18.8528  29.8297  36.9474  0.774863  0.440154  0.765536  0.0217127  0.641224  0.970152  0.525242  0.986927  0.30097  0.804931  0.993741  0.68961  0.32729  0.317064  0.520273  0.552919  0.415686  0.4916  0.960674  0.888941  0.961551  0.428472  0.648471  0.769738  
0.959323  3.19253  3.81379  6.08573  4.90771  10.8028  9.49499  2.30814  13.1924  8.80591  6.93592  3.22243  8.82894  17.6502  5.73715  1.71158  8.1354  20.8203  37.7218  12.3319  40.4616  25.3678  31.665  20.6296  0.479662  0.798133  0.635631  0.760717  0.490771  0.900236  0.678214  0.144259  0.732912  0.440295  0.315269  0.134268  0.339575  0.630363  0.191238  0.0534869  0.239276  0.578343  0.992678  0.308298  0.963372  0.576542  0.688369  0.429784  
0.529323  2.37813  0.573141  1.99405  7.22706  9.25708  5.91239  13.9973  13.9875  10.9082  15.4067  20.6903  14.2631  6.50092  16.047  15.2785  24.9807  33.5255  12.816  15.6867  15.9102  0.316944  39.7809  24.925  0.264662  0.594533  0.0955234  0.249256  0.722706  0.771423  0.422314  0.874829  0.777082  0.545412  0.700304  0.862097  0.548581  0.232176  0.534901  0.477452  0.734725  0.931263  0.337263  0.392169  0.378814  0.00720328  0.864801  0.51927  
1.12152  3.36445  4.64802  3.4963  9.6174  5.5572  2.37501  15.642  8.38194  7.57163  13.8458  23.4401  13.9412  7.71135  11.3701  9.40839  14.4645  35.2162  30.5182  17.4059  12.2631  36.8143  33.9927  47.156  0.560761  0.841111  0.774671  0.437037  0.96174  0.4631  0.169644  0.977623  0.465663  0.378582  0.629356  0.976671  0.536199  0.275405  0.379003  0.294012  0.425426  0.978228  0.803109  0.435147  0.291978  0.836688  0.738971  0.982417  
1.45246  3.07833  5.49267  0.413588  3.98325  9.44542  8.83839  15.3522  2.27024  17.7952  21.1623  4.14068  15.7167  12.0182  15.0414  10.9477  21.0477  1.78819  19.8002  32.4669  5.93122  6.20647  38.0465  1.09006  0.72623  0.769582  0.915446  0.0516985  0.398325  0.787118  0.631313  0.959513  0.126125  0.889762  0.961924  0.172528  0.60449  0.42922  0.501381  0.342116  0.619049  0.0496721  0.521058  0.811673  0.14122  0.141056  0.827097  0.0227095  
1.54894  0.535679  0.948709  5.44631  1.48673  5.04039  0.252811  9.60171  10.9448  1.98728  1.34261  16.5863  18.2445  27.4199  12.5936  13.0782  16.7482  9.60218  13.5135  36.5076  8.99637  35.5833  16.0437  26.5026  0.774468  0.13392  0.158118  0.680788  0.148673  0.420032  0.0180579  0.600107  0.608046  0.0993642  0.0610276  0.691096  0.701712  0.979283  0.419788  0.408693  0.492594  0.266727  0.355619  0.912691  0.214199  0.80871  0.348776  0.552138  
1.59068  3.1569  5.10197  0.986069  9.14487  3.71282  9.531  2.40893  2.7858  5.08944  12.1972  1.58081  21.2018  12.2592  4.24722  13.7217  13.167  23.9614  16.2604  21.7753  10.973  33.5791  40.6423  30.5101  0.79534  0.789226  0.850328  0.123259  0.914487  0.309401  0.680786  0.150558  0.154767  0.254472  0.554416  0.0658672  0.815455  0.437829  0.141574  0.428802  0.387265  0.665594  0.427905  0.544382  0.261261  0.763161  0.883529  0.635628  
1.1936  1.98774  4.38723  3.50624  2.37004  7.19495  7.40172  12.5548  12.8963  4.40837  16.8554  2.68431  22.1968  26.0709  9.33028  4.18263  23.9749  4.74948  37.397  18.8276  0.937904  41.7054  22.6153  34.9517  0.596802  0.496936  0.731205  0.43828  0.237004  0.599579  0.528694  0.784675  0.716463  0.220419  0.766154  0.111846  0.853722  0.931104  0.311009  0.130707  0.705143  0.13193  0.984132  0.470689  0.022331  0.94785  0.491637  0.728159  
0.263515  3.29571  4.28813  2.49732  6.24797  11.3385  7.85726  11.4008  15.8351  0.280206  3.6931  2.83979  14.1414  22.8927  29.3787  11.7043  24.8056  34.707  3.01067  30.0005  32.2063  39.8548  9.8547  4.67135  0.131757  0.823927  0.714688  0.312165  0.624797  0.944874  0.561233  0.712551  0.879726  0.0140103  0.167868  0.118324  0.543902  0.817595  0.979288  0.36576  0.729576  0.964084  0.0792281  0.750012  0.766818  0.905791  0.214233  0.0973198  
1.75022  2.98914  5.421  7.85903  4.42983  5.25576  13.6344  15.4797  11.7673  10.5035  17.8205  19.3936  23.3675  19.8128  22.4014  20.2098  25.7413  35.4021  3.76299  27.425  9.26795  5.89928  37.0021  23.2391  0.875112  0.747284  0.9035  0.982379  0.442983  0.43798  0.973885  0.967482  0.653739  0.525174  0.810023  0.808066  0.89875  0.707599  0.746712  0.631557  0.757096  0.983393  0.0990261  0.685625  0.220666  0.134074  0.804393  0.484148  
0.870751  1.97794  2.31717  0.773569  4.55198  6.05625  5.04065  10.4403  5.9558  13.881  20.5861  9.9044  24.8693  21.5945  26.1259  29.7027  27.5161  1.21878  16.92  8.0349  21.4043  4.62585  40.0129  2.1885  0.435376  0.494485  0.386196  0.0966961  0.455198  0.504687  0.360046  0.652519  0.330878  0.694049  0.935731  0.412683  0.956511  0.771231  0.870864  0.928208  0.809296  0.0338551  0.445263  0.200872  0.509627  0.105133  0.869845  0.0455938  
0.162286  3.90589  0.333215  7.32428  1.70028  4.41004  10.2345  15.9842  12.4238  19.0099  11.1933  10.4882  18.8511  11.7878  4.33064  30.4146  18.0054  18.4558  34.8483  8.67828  33.3843  38.9168  27.1222  12.0617  0.081143  0.976473  0.0555358  0.915535  0.170028  0.367504  0.731039  0.999014  0.690211  0.950494  0.508784  0.437008  0.725042  0.420993  0.144355  0.950456  0.52957  0.512661  0.917062  0.216957  0.794864  0.884472  0.589612  0.251286  
0.53681  0.663122  1.67338  4.50061  3.83252  0.0423991  12.9956  13.1633  7.75037  12.103  18.37  1.90711  3.74579  1.71884  15.683  0.0791604  20.8401  0.0186062  8.98728  14.6325  32.9934  19.0885  7.559  25.9155  0.268405  0.16578  0.278896  0.562576  0.383252  0.00353326  0.928255  0.822704  0.430576  0.605152  0.835  0.0794628  0.144069  0.0613872  0.522765  0.00247376  0.612945  0.000516838  0.236507  0.365813  0.785557  0.43383  0.164326  0.539907  
0.0689881  0.0441648  0.927816  7.06051  6.88087  9.77091  6.9029  6.3417  12.4672  5.10139  13.7437  6.52847  25.8899  10.2316  15.7798  12.9777  30.4417  2.29265  1.10834  35.1858  37.2944  39.5241  34.0489  26.8196  0.034494  0.0110412  0.154636  0.882564  0.688087  0.814242  0.493064  0.396356  0.692624  0.255069  0.624714  0.27202  0.995767  0.365415  0.525995  0.405553  0.895345  0.0636847  0.0291668  0.879644  0.887961  0.898275  0.740194  0.558743  
0.902751  3.71655  3.28549  2.67191  9.19386  1.45024  2.68727  10.5504  7.06299  19.2945  11.5875  16.0746  23.1236  9.90154  23.2151  21.322  27.6949  1.92866  1.03216  16.495  21.9457  6.63386  45.8264  47.3647  0.451375  0.929137  0.547581  0.333989  0.919386  0.120853  0.191948  0.659398  0.392388  0.964724  0.526706  0.669776  0.889369  0.353626  0.773836  0.666314  0.814557  0.0535739  0.027162  0.412374  0.522516  0.15077  0.996226  0.986764  
1.43468  0.879601  5.21696  0.204675  0.269572  0.594176  5.54591  10.4918  5.55467  10.4245  7.17117  2.74137  23.2354  26.7569  26.2179  31.7112  26.2761  11.4957  27.5084  32.3571  7.97022  16.8456  28.559  27.3193  0.71734  0.2199  0.869494  0.0255843  0.0269572  0.0495147  0.396137  0.655739  0.308593  0.521225  0.325962  0.114224  0.893671  0.955605  0.873931  0.990974  0.772826  0.319325  0.723906  0.808926  0.189767  0.382854  0.620849  0.569153  
1.38747  0.339264  4.60868  3.86414  5.50824  4.9906  6.51572  4.24671  3.59727  10.5995  5.86164  20.052  20.2328  9.95247  12.4702  27.0319  11.4942  16.7985  5.45983  19.1787  1.17677  19.398  18.8438  29.3086  0.693735  0.0848161  0.768113  0.483017  0.550824  0.415883  0.465408  0.265419  0.199848  0.529976  0.266438  0.835498  0.778183  0.355445  0.415673  0.844747  0.338065  0.466626  0.14368  0.479468  0.0280183  0.440865  0.409648  0.610597  
0.18473  0.0733308  3.54363  6.16729  6.01058  5.82244  0.530638  12.8845  12.8966  15.322  11.2879  1.78635  22.3631  1.29872  22.5751  16.7978  26.3329  9.51927  21.2094  39.2544  15.6505  21.0147  38.5282  22.1156  0.0923651  0.0183327  0.590605  0.770912  0.601058  0.485204  0.0379027  0.80528  0.716479  0.766101  0.513087  0.0744312  0.860121  0.0463828  0.752502  0.524931  0.774496  0.264424  0.558141  0.981359  0.372631  0.477607  0.83757  0.460741  
1.46564  3.45831  0.540546  1.92503  0.940959  2.04291  11.9945  13.0462  5.87328  5.20286  6.1553  0.54777  7.35807  17.3125  17.544  6.69686  31.9147  18.3084  35.2537  36.692  15.0955  0.680983  8.54855  27.8051  0.732818  0.864578  0.090091  0.240629  0.0940959  0.170242  0.85675  0.81539  0.326293  0.260143  0.279786  0.0228238  0.283003  0.618305  0.5848  0.209277  0.938667  0.508568  0.927728  0.917299  0.359417  0.0154769  0.185838  0.579272  
0.20866  1.81701  2.65916  1.08878  0.909972  0.777735  5.86487  5.54383  1.20384  15.0646  17.195  21.6334  15.4182  5.47557  4.10734  29.8364  33.7565  18.486  0.880672  39.106  28.128  34.725  5.24816  8.12517  0.10433  0.454252  0.443194  0.136097  0.0909972  0.0648113  0.418919  0.346489  0.0668802  0.753228  0.781592  0.901391  0.59301  0.195556  0.136911  0.932387  0.992839  0.513499  0.0231756  0.977649  0.669713  0.789204  0.11409  0.169274  
0.762975  0.934579  1.10169  4.02273  2.59474  7.99224  11.0503  10.7017  13.6689  17.767  3.56146  12.5065  3.9657  13.6457  27.8075  14.0524  30.8544  14.7899  28.2388  36.2362  6.26151  21.881  26.3121  29.3638  0.381487  0.233645  0.183615  0.502842  0.259474  0.66602  0.789305  0.668858  0.759385  0.888348  0.161885  0.521102  0.152527  0.487348  0.926918  0.439137  0.907483  0.41083  0.743126  0.905906  0.149083  0.497295  0.572003  0.611746  
0.0270897  2.11098  0.641756  6.11398  7.46168  1.66959  4.78072  9.68233  12.5886  16.019  20.0845  8.57509  25.6696  25.2546  0.272924  8.27903  31.3168  33.7169  36.8272  28.1646  39.4269  15.3102  11.4054  40.8758  0.0135449  0.527745  0.106959  0.764248  0.746168  0.139132  0.34148  0.605146  0.699366  0.800949  0.912933  0.357295  0.987291  0.901949  0.00909748  0.25872  0.921082  0.936582  0.969136  0.704116  0.938736  0.34796  0.247943  0.851578  
1.99733  1.50747  0.294099  4.58045  7.92657  7.40639  12.6593  11.9365  13.9103  2.54183  11.0218  6.15957  7.48092  18.907  15.9068  21.5162  33.9263  17.2105  11.4481  11.8973  32.7206  22.1609  14.263  47.833  0.998666  0.376869  0.0490164  0.572557  0.792657  0.6172  0.904236  0.746034  0.772793  0.127091  0.50099  0.256649  0.287728  0.675251  0.530227  0.672382  0.997831  0.47807  0.301265  0.297433  0.779063  0.503657  0.310065  0.996521  
1.8985  3.52513  1.50942  1.30495  4.15957  8.96678  13.6081  2.96032  15.46  2.20965  18.6177  0.406932  17.2282  3.35434  3.75571  5.44539  5.59566  14.1144  20.8793  31.0308  36.3761  3.93669  12.9201  30.9797  0.949249  0.881281  0.25157  0.163119  0.415957  0.747231  0.972011  0.18502  0.858889  0.110482  0.846261  0.0169555  0.662622  0.119798  0.12519  0.170168  0.164578  0.392067  0.549456  0.775769  0.866098  0.0894703  0.280871  0.645411  
0.573494  2.41339  3.02097  3.06344  5.48083  0.129992  9.10261  14.5284  15.4632  4.95772  9.14092  19.3296  17.3697  6.39855  27.6919  9.55873  9.95289  0.852516  28.0845  18.0489  11.9261  11.2048  38.1996  8.66374  0.286747  0.603347  0.503496  0.38293  0.548083  0.0108327  0.650186  0.908025  0.859067  0.247886  0.415496  0.805402  0.668064  0.22852  0.923063  0.29871  0.292732  0.023681  0.739065  0.451222  0.283955  0.254654  0.830426  0.180495  
1.4418  1.23861  1.36139  1.27948  2.28192  10.7306  10.6976  5.0571  17.8902  14.8902  0.766046  4.30615  0.23296  9.82147  20.9783  18.9116  29.8513  18.0281  7.84764  19.3258  1.90037  22.8875  14.9177  11.7634  0.7209  0.309653  0.226898  0.159935  0.228192  0.894213  0.764113  0.316069  0.993899  0.744512  0.0348203  0.179423  0.00895999  0.350767  0.699277  0.590987  0.877979  0.50078  0.206517  0.483145  0.045247  0.520171  0.324298  0.24507  
1.23946  1.98899  0.513104  6.65736  4.09064  11.4645  0.611608  14.5725  7.47326  10.7381  10.3585  14.7521  5.0435  9.18837  26.0179  29.0784  10.3996  11.3786  15.4657  13.7572  1.04588  13.8821  43.9116  25.2322  0.619728  0.497247  0.0855174  0.83217  0.409064  0.955377  0.0436863  0.91078  0.415181  0.536903  0.470839  0.614669  0.193981  0.328156  0.867265  0.908699  0.305871  0.316071  0.406991  0.34393  0.0249019  0.315501  0.9546  0.525672  
0.152925  2.69693  2.58959  2.27722  7.57652  5.26292  3.93907  13.9587  16.9184  1.64163  8.48713  7.51674  22.4845  12.2739  0.119112  11.036  7.0504  19.4834  22.395  2.15586  40.7523  40.9506  11.4122  46.0309  0.0764626  0.674233  0.431598  0.284652  0.757652  0.438576  0.281362  0.872419  0.939908  0.0820817  0.385779  0.313197  0.86479  0.438353  0.00397041  0.344876  0.207365  0.541207  0.589342  0.0538965  0.970293  0.930696  0.248091  0.958977  
1.13538  3.90671  3.56422  5.61536  7.21755  0.350502  12.2475  9.11532  10.034  5.98538  16.9731  0.954768  2.24134  23.8178  19.717  28.8439  15.828  24.1609  20.3393  34.0256  10.9726  27.8089  23.8483  37.8458  0.567691  0.976678  0.594036  0.701919  0.721755  0.0292085  0.874821  0.569708  0.557446  0.299269  0.771504  0.039782  0.0862053  0.850637  0.657234  0.901372  0.465531  0.671135  0.535246  0.850641  0.261253  0.632019  0.518441  0.788453  
0.951722  1.90823  5.58492  2.81612  5.18778  7.43168  1.62814  7.18878  17.6472  6.82405  21.3784  1.86088  18.5418  5.42195  12.8188  25.2303  20.8718  14.6563  9.61575  5.26199  3.50727  41.7013  8.11199  25.5348  0.475861  0.477057  0.930819  0.352015  0.518778  0.619307  0.116296  0.449299  0.980402  0.341202  0.971743  0.0775366  0.713144  0.193641  0.427295  0.788448  0.613877  0.40712  0.253046  0.13155  0.0835064  0.947758  0.176348  0.531975  
0.41147  1.29419  3.68376  0.0346582  9.79473  0.976707  0.616351  7.66057  12.6024  11.7379  3.48558  13.7367  13.9956  12.9721  0.272885  8.6677  32.541  15.6267  10.0603  12.4985  34.6976  39.4973  18.2454  10.294  0.205735  0.323548  0.61396  0.00433228  0.979473  0.0813922  0.0440251  0.478786  0.700133  0.586894  0.158435  0.572361  0.538293  0.463288  0.00909617  0.270866  0.95709  0.434074  0.264744  0.312463  0.826133  0.897665  0.396638  0.214458  
1.3176  2.38352  2.94584  0.753361  8.81522  8.09061  13.9901  4.17239  12.4565  17.098  13.2585  16.0827  22.9176  9.0774  24.4746  18.5672  33.3246  18.7866  6.04179  1.93512  38.1599  3.86452  36.877  47.1614  0.658801  0.595879  0.490973  0.0941701  0.881522  0.674218  0.99929  0.260774  0.692029  0.854902  0.602661  0.670111  0.881448  0.324193  0.815818  0.580225  0.980136  0.521849  0.158995  0.048378  0.908568  0.0878299  0.801675  0.982529  
1.52706  3.50335  2.45247  5.00215  2.22736  9.9293  0.0571209  3.33706  3.62161  19.5812  7.80424  11.2784  14.953  3.77113  13.425  4.78539  1.93852  19.3344  25.7756  31.5909  14.5707  4.90768  31.8061  24.3092  0.76353  0.875837  0.408745  0.625269  0.222736  0.827441  0.00408006  0.208566  0.201201  0.979058  0.354738  0.469932  0.575115  0.134683  0.447499  0.149543  0.0570152  0.537068  0.678306  0.789772  0.346922  0.111538  0.691437  0.506442  
1.70004  0.14297  2.7252  4.28576  0.739627  7.89049  13.4675  9.68894  7.86875  11.2711  18.2577  12.7253  17.137  7.521  12.3515  15.7652  12.5791  8.02479  25.061  3.94422  13.9002  39.8052  25.2182  10.7256  0.850022  0.0357426  0.4542  0.53572  0.0739627  0.657541  0.961967  0.605559  0.437153  0.563554  0.829896  0.530221  0.659117  0.268607  0.411715  0.492663  0.369972  0.222911  0.6595  0.0986055  0.330958  0.904665  0.548223  0.22345  
1.29679  0.955228  3.53761  0.0993615  3.52854  5.38272  13.3089  9.29041  17.801  8.27766  3.20491  19.2038  6.05447  18.69  19.6431  16.9377  17.5622  22.1232  4.41921  4.94181  27.9361  19.0509  32.9091  28.2134  0.648394  0.238807  0.589601  0.0124202  0.352854  0.44856  0.950635  0.580651  0.988943  0.413883  0.145678  0.800156  0.232864  0.6675  0.65477  0.529302  0.516535  0.614533  0.116295  0.123545  0.665144  0.432975  0.715415  0.58778  
0.50891  3.13293  5.26704  6.78466  4.39989  9.82263  6.59865  11.2757  17.122  5.00423  5.69229  6.87101  8.95513  19.5559  15.2418  15.4335  31.9847  32.5515  25.6164  12.4551  30.8075  21.2203  24.8754  16.5314  0.254455  0.783232  0.87784  0.848083  0.439989  0.818553  0.471332  0.704733  0.951221  0.250211  0.25874  0.286292  0.344428  0.698424  0.508061  0.482298  0.940726  0.904208  0.674115  0.311379  0.733512  0.48228  0.540771  0.344404  
0.462925  0.0691287  0.696676  4.11154  6.30629  10.799  0.0265775  10.3055  12.7103  19.1808  13.2985  23.6317  6.77622  1.30185  21.5507  8.48446  14.4323  28.6659  19.6568  27.2961  34.4196  22.8712  10.2986  38.3432  0.231462  0.0172822  0.116113  0.513942  0.630629  0.89992  0.00189839  0.644091  0.706129  0.959042  0.604476  0.984656  0.260624  0.0464947  0.718357  0.26514  0.42448  0.796274  0.517284  0.682403  0.819515  0.5198  0.223883  0.798816  
1.10289  0.141832  2.17616  4.18621  1.35968  11.8209  13.0908  7.22848  5.44165  6.58929  9.4711  9.6308  2.73224  18.8329  10.6666  19.6875  17.4576  0.255363  9.70352  1.06963  32.3048  20.4582  24.9678  19.4712  0.551446  0.0354579  0.362693  0.523277  0.135968  0.985077  0.935057  0.45178  0.302314  0.329464  0.430504  0.401283  0.105086  0.672602  0.355554  0.615236  0.513458  0.00709342  0.255356  0.0267407  0.769162  0.464959  0.542778  0.405651  
1.38117  3.94014  2.7762  2.62161  2.38034  11.0665  13.1379  3.83517  9.3273  14.4338  11.3318  18.8318  2.04568  20.5091  6.66861  6.29866  24.8546  28.6504  15.8228  11.7584  30.9588  16.3032  9.49169  32.5771  0.690586  0.985036  0.4627  0.327701  0.238034  0.922209  0.938418  0.239698  0.518183  0.721692  0.515084  0.784657  0.0786802  0.732468  0.222287  0.196833  0.731017  0.795845  0.416388  0.29396  0.737113  0.370528  0.206341  0.67869  
0.934176  0.53025  2.53119  5.4822  2.89208  2.771  2.53723  4.29365  10.2697  10.7096  19.826  23.7061  19.0162  21.8938  25.8732  26.7663  13.7138  1.25696  0.109697  36.11  35.2585  36.8567  35.9815  42.8611  0.467088  0.132563  0.421865  0.685275  0.289208  0.230916  0.181231  0.268353  0.57054  0.535481  0.90118  0.987753  0.731392  0.781923  0.86244  0.836446  0.403346  0.0349157  0.00288677  0.902751  0.839488  0.837652  0.782206  0.892939  
1.12047  2.45133  4.98856  4.28205  0.827575  2.55734  2.74512  4.94457  2.08635  18.2871  1.02255  9.65781  13.2607  16.4589  26.3322  0.448286  28.5535  28.9387  27.4839  31.1554  33.7124  30.1033  21.254  16.5194  0.560237  0.612832  0.831427  0.535257  0.0827575  0.213112  0.19608  0.309036  0.115908  0.914356  0.0464797  0.402409  0.510026  0.587819  0.87774  0.0140089  0.83981  0.803853  0.723259  0.778884  0.802677  0.684165  0.462043  0.344153  
0.463197  1.0266  5.43508  1.7544  4.35578  8.2266  7.81725  3.73465  4.34082  14.7346  12.8841  22.0185  25.8125  26.27  6.06345  17.8336  29.0718  26.6657  1.49271  29.0638  1.67448  5.21998  21.6502  10.6001  0.231598  0.25665  0.905847  0.2193  0.435578  0.68555  0.558375  0.233416  0.241157  0.736729  0.585642  0.917436  0.992789  0.938215  0.202115  0.557299  0.855054  0.740715  0.039282  0.726596  0.0398685  0.118636  0.470658  0.220835  
1.4709  2.82815  4.18358  0.881108  1.70665  4.59363  8.55528  12.6254  1.93547  12.053  20.1387  5.82357  6.95913  5.67911  7.95923  23.5397  15.1787  33.3371  26.2716  26.6513  11.9964  28.7891  30.3355  20.146  0.735449  0.707037  0.697264  0.110138  0.170665  0.382803  0.611091  0.789087  0.107526  0.60265  0.915396  0.242649  0.267659  0.202825  0.265308  0.735614  0.446431  0.926031  0.691358  0.666283  0.285629  0.654297  0.659467  0.419707  
0.630781  3.99335  2.87347  5.75959  8.99614  4.50538  8.33633  6.50503  15.0249  14.1959  6.72462  21.7252  25.2937  13.4291  16.6859  11.4578  22.7893  22.5678  26.374  24.7187  19.9038  34.0155  27.9832  16.8832  0.31539  0.998338  0.478912  0.719949  0.899614  0.375448  0.595452  0.406564  0.834719  0.709795  0.305664  0.905216  0.972836  0.47961  0.556195  0.358057  0.670274  0.626884  0.694053  0.617968  0.4739  0.77308  0.608331  0.351734  
0.939396  1.14173  4.49561  6.35052  8.92546  10.1085  8.5091  3.44112  8.85269  17.4145  9.4299  23.4869  11.3112  17.0077  7.12646  19.7147  8.0325  6.13976  33.5256  34.3176  37.3191  28.8753  40.3388  19.0088  0.469698  0.285433  0.749268  0.793815  0.892546  0.842372  0.607793  0.21507  0.491816  0.870725  0.428632  0.978622  0.435045  0.607418  0.237549  0.616086  0.23625  0.170549  0.882253  0.857941  0.888549  0.656257  0.876931  0.396017  
0.46392  3.26209  0.125746  1.1235  6.09796  3.19343  6.55219  9.05953  12.7756  2.69016  0.781651  1.43839  19.6493  4.31744  26.8742  6.73824  9.97167  33.6116  35.0373  36.6081  39.7533  6.88564  13.0428  17.2318  0.23196  0.815523  0.0209576  0.140437  0.609796  0.266119  0.468013  0.56622  0.709758  0.134508  0.0355296  0.059933  0.755741  0.154194  0.895806  0.21057  0.293285  0.933654  0.922035  0.915201  0.946506  0.156492  0.283539  0.358995  
1.44476  3.89211  0.820775  6.36651  1.99179  10.905  6.36323  15.4791  1.317  7.06063  0.941305  15.479  10.241  18.8135  13.022  0.641456  30.5983  16.6234  0.534693  10.9856  9.8656  18.4061  44.8891  8.78565  0.72238  0.973028  0.136796  0.795814  0.199179  0.908747  0.454517  0.967444  0.0731667  0.353031  0.0427866  0.644959  0.393883  0.67191  0.434068  0.0200455  0.899951  0.46176  0.0140709  0.274639  0.234895  0.418321  0.97585  0.183034  
1.84042  1.15113  4.60404  2.59133  3.79422  11.8163  10.3301  12.5299  12.0353  6.25743  9.98317  9.38244  3.07632  15.1381  7.38807  11.8281  18.8029  35.8309  4.42737  32.8773  40.1101  14.9877  6.3625  31.2365  0.920208  0.287782  0.76734  0.323916  0.379422  0.98469  0.737864  0.783121  0.668628  0.312872  0.45378  0.390935  0.11832  0.540645  0.246269  0.369629  0.553028  0.995302  0.11651  0.821934  0.955002  0.34063  0.138315  0.65076  
1.31157  1.21275  5.90456  4.6374  3.11248  0.14584  8.49324  3.12059  5.64173  8.8259  20.0394  9.71708  12.1563  9.37675  24.6875  2.53298  13.3603  9.51477  4.32836  25.7055  22.2579  7.1739  1.82631  18.47  0.655787  0.303188  0.984093  0.579675  0.311248  0.0121534  0.60666  0.195037  0.313429  0.441295  0.910883  0.404878  0.467552  0.334884  0.822918  0.0791555  0.392949  0.264299  0.113904  0.642636  0.52995  0.163043  0.0397024  0.384791  
0.723137  2.70643  5.99666  4.70889  3.63805  6.35839  8.08839  9.98068  10.9378  17.5878  8.31835  1.26421  16.4733  27.4465  3.92467  22.2615  14.6157  35.3978  36.5786  23.6955  15.4623  1.6128  1.28804  32.9421  0.361569  0.676606  0.999444  0.588611  0.363805  0.529866  0.577742  0.623792  0.607655  0.879392  0.378107  0.0526754  0.633588  0.980231  0.130822  0.695673  0.429872  0.983273  0.962595  0.592388  0.36815  0.0366545  0.0280008  0.686294  
0.572864  3.3763  3.93353  2.34522  1.92917  9.82977  9.44872  14.5529  11.3125  13.3712  15.2979  1.4561  9.78434  23.6444  22.7404  18.5179  27.0174  18.4638  26.2073  37.0546  19.1114  22.6165  38.3327  8.6949  0.286432  0.844075  0.655588  0.293152  0.192917  0.819147  0.674908  0.909556  0.628473  0.668559  0.695358  0.060671  0.376321  0.844441  0.758012  0.578685  0.794628  0.512883  0.689667  0.926366  0.455033  0.514011  0.833319  0.181144  
0.829025  3.98256  1.30349  4.87926  2.1065  6.99405  4.89486  13.1116  9.47428  17.5077  19.0224  4.28254  25.7192  10.5096  25.7774  22.1149  16.6499  33.8223  28.6636  39.6177  37.4141  30.2866  41.1332  23.823  0.414513  0.995641  0.217248  0.609908  0.21065  0.582837  0.349633  0.819473  0.526349  0.875386  0.864655  0.178439  0.989201  0.375342  0.859247  0.691089  0.489702  0.939507  0.754304  0.990442  0.890812  0.688332  0.894199  0.496312  
0.889027  3.58643  5.1525  2.27547  8.0485  11.0358  8.3941  4.07575  16.3667  16.865  20.1041  23.9904  1.88846  22.839  10.9699  15.7809  5.45775  8.26522  18.2444  22.0746  8.99998  27.7458  15.1634  33.795  0.444513  0.896607  0.85875  0.284433  0.80485  0.919647  0.599579  0.254734  0.909258  0.843249  0.913822  0.999602  0.072633  0.815679  0.365664  0.493153  0.160522  0.229589  0.480115  0.551865  0.214285  0.630587  0.32964  0.704062  
2  4  0  8  3.37019  4.21389  5.48201  5.60722  6.31912  7.42079  6.69236  8.88066  10.2205  8.52515  10.5315  10.8243  11.5106  10.468  15.6905  13.0468  12.8294  15.3512  18.0432  16.7619  1  1  0  1  0.337019  0.351157  0.391572  0.350451  0.351062  0.37104  0.304198  0.370028  0.393096  0.30447  0.351051  0.338259  0.338547  0.290777  0.412907  0.326171  0.305462  0.348891  0.392243  0.349206  
0.788386  1.48675  2.23382  2.61223  3.50999  4.19334  4.58335  6.66252  6.70161  7.42631  6.672  8.97773  10.138  10.9838  10.4884  11.2963  11.9299  14.0802  14.1014  12.0238  15.5341  14.413  16.1635  19.9565  0.394193  0.371687  0.372303  0.326529  0.350999  0.349445  0.327382  0.416408  0.372312  0.371315  0.303273  0.374072  0.389921  0.39228  0.349613  0.353008  0.350879  0.391117  0.371088  0.300595  0.369858  0.327568  0.351381  0.41576  
2  3.99624  0  8  3.39733  3.92  5.22876  5.94621  5.67127  6.76778  8.2116  8.86895  9.10902  10.9511  9.81667  11.9378  10.6862  13.3222  14.0669  14.1256  13.2754  17.2487  16.0942  15.6869  1  0.999059  0  1  0.339733  0.326666  0.373483  0.371638  0.31507  0.338389  0.373255  0.36954  0.350347  0.391112  0.327222  0.373056  0.314299  0.370061  0.370181  0.35314  0.31608  0.392016  0.349874  0.326809  
2  4  0.00197083  8  3.69209  3.92  4.58549  5.94621  6.31665  7.42176  7.42416  8.87429  9.14277  11.0165  9.81667  11.2626  11.55  10.9772  13.3384  14.7494  14.2009  14.4719  18.9982  17.8002  1  1  0.000328471  1  0.369209  0.326666  0.327535  0.371638  0.350925  0.371088  0.337462  0.369762  0.351645  0.393448  0.327222  0.351955  0.339705  0.304923  0.35101  0.368734  0.338117  0.328908  0.413005  0.370837  
2  3.99624  0  8  3.26854  4.04722  5.23063  6.6086  5.67127  6.76241  8.2116  8.88066  9.10031  11.0165  9.81667  11.9327  10.7104  14.1168  13.216  14.7749  13.2626  18.1467  18.0508  17.7226  1  0.999059  0  1  0.326854  0.337269  0.373616  0.413037  0.31507  0.33812  0.373255  0.370028  0.350012  0.393448  0.327222  0.372897  0.31501  0.392132  0.347788  0.369373  0.315775  0.412424  0.392409  0.369221  
2  3.99624  0  8  3.69209  4.04722  5.23091  5.94621  5.67127  6.76107  8.2116  8.08158  9.09813  11.0165  9.81667  11.9314  10.7104  10.5251  14.0669  14.7749  13.2574  18.1467  18.0508  17.7226  1  0.999059  0  1  0.369209  0.337269  0.373637  0.371638  0.31507  0.338053  0.373255  0.336732  0.349928  0.393448  0.327222  0.372858  0.31501  0.292364  0.370181  0.369373  0.315653  0.412424  0.392409  0.369221  
2  4  0  7.83674  3.26664  3.80525  4.7499  5.94621  6.67729  7.01323  6.94342  7.28352  9.10459  11.0165  10.4854  10.1309  11.112  10.1325  14.0669  14.8755  18.2756  17.2192  18.0667  17.997  1  1  0  0.979592  0.326664  0.317104  0.339279  0.371638  0.370961  0.350662  0.31561  0.30348  0.350177  0.393448  0.349514  0.31659  0.326823  0.281459  0.370181  0.371888  0.435134  0.391346  0.392755  0.374937  
2  3.91378  0  8  4.1421  3.92  6.08517  5.93336  7.09566  6.32323  7.19175  8.87445  8.80366  9.53805  10.4854  13.2558  10.7041  12.2121  14.0383  12.6836  18.2465  15.3965  19.0665  14.0445  1  0.978446  0  1  0.41421  0.326666  0.434655  0.370835  0.394203  0.316161  0.326898  0.369769  0.338602  0.340644  0.349514  0.414245  0.314825  0.339225  0.369429  0.31709  0.434441  0.349921  0.414489  0.292593  
2  3.99624  0  7.98192  3.50102  4.46149  4.93742  6.2803  7.05057  7.42638  8.20645  8.8879  9.23592  10.4296  9.82181  11.8232  11.9047  11.7741  12.4004  12.6148  17.3051  18.3219  16.0929  14.0445  1  0.999059  0  0.997739  0.350102  0.371791  0.352673  0.392519  0.391698  0.371319  0.373021  0.370329  0.355228  0.372485  0.327394  0.369475  0.35014  0.327058  0.326327  0.31537  0.412026  0.416408  0.349846  0.292593  
2  4  0  7.83674  3.26664  3.80525  4.74876  6.6086  6.67729  7.0186  6.94342  9.45053  9.1133  8.56116  10.4854  10.136  11.112  13.2889  14.0669  14.6713  14.7044  17.2192  18.0667  15.6869  1  1  0  0.979592  0.326664  0.317104  0.339197  0.413037  0.370961  0.35093  0.31561  0.393772  0.350512  0.305756  0.349514  0.316749  0.326823  0.369136  0.370181  0.366782  0.350105  0.391346  0.392755  0.326809  
2  3.99882  0  7.95342  3.38337  3.9246  4.57825  4.84571  6.28277  7.06137  8.14279  8.83807  9.13951  10.9805  11.1613  11.8894  11.5443  13.3715  13.2851  15.7229  14.189  16.2474  17.1426  15.6869  1  0.999705  0  0.994178  0.338337  0.32705  0.327018  0.302857  0.349043  0.353069  0.370127  0.368253  0.35152  0.392161  0.372042  0.371543  0.339538  0.371432  0.349608  0.393074  0.337834  0.36926  0.372666  0.326809  
2  4  0  7.95342  3.26664  3.80525  5.79002  6.2774  6.67729  7.01592  6.94342  9.95494  9.1112  9.78885  10.4854  10.1334  11.5381  12.5126  14.0669  14.7734  14.189  16.2474  17.1426  16.8419  1  1  0  0.994178  0.326664  0.317104  0.413573  0.392338  0.370961  0.350796  0.31561  0.414789  0.350431  0.349602  0.349514  0.31667  0.339356  0.347572  0.370181  0.369335  0.337834  0.36926  0.372666  0.350873  
2  4  0.0487862  8  3.50999  4.22823  4.57911  4.84571  7.83484  7.47114  7.76668  8.8879  9.14169  9.17942  11.8374  11.2475  11.1446  11.7415  17.4154  13.1233  16.4994  14.9184  16.1485  15.6869  1  1  0.00813104  1  0.350999  0.352352  0.327079  0.302857  0.435269  0.373557  0.353031  0.370329  0.351603  0.327836  0.394581  0.351485  0.327783  0.326153  0.458299  0.328083  0.392843  0.339054  0.351054  0.326809  
2  4  0.0240781  7.99097  3.9266  3.92  4.58592  5.94621  6.73931  7.41975  7.69148  8.09288  9.18459  11.0165  9.81815  11.2626  11.5499  11.3505  13.3384  15.7635  14.2009  14.4719  18.9982  17.8002  1  1  0.00401302  0.998872  0.39266  0.326666  0.327566  0.371638  0.374406  0.370987  0.349613  0.337203  0.353253  0.393448  0.327272  0.351955  0.339703  0.315292  0.35101  0.394088  0.338117  0.328908  0.413005  0.370837  
1.99123  4  0.0574433  8  3.50102  4.04711  5.21423  5.61501  5.69211  7.04778  7.69379  9.35808  10.2161  8.52515  10.1391  11.8206  10.8126  14.8392  14.0917  17.4189  14.2196  16.4301  16.1485  15.6869  0.995617  1  0.00957388  1  0.350102  0.337259  0.372445  0.350938  0.316228  0.352389  0.349718  0.38992  0.392928  0.30447  0.33797  0.369395  0.318017  0.412201  0.370833  0.435472  0.338561  0.373412  0.351054  0.326809  
2  3.99624  0.00197083  7.62245  3.69209  4.04722  4.58599  5.94621  6.31665  6.76107  7.42416  8.87553  9.14169  11.0165  9.81667  11.2619  11.5306  10.9261  14.0669  14.7749  13.2574  18.1467  18.0508  17.7226  1  0.999059  0.000328471  0.952806  0.369209  0.337269  0.327571  0.371638  0.350925  0.338053  0.337462  0.369814  0.351603  0.393448  0.327222  0.351935  0.339136  0.303502  0.370181  0.369373  0.315653  0.412424  0.392409  0.369221  
2  4  6  7.45675  3.26854  4.04722  6.10753  6.6086  6.29225  7.01917  6.672  8.88066  9.10459  11.0165  11.8371  14.4986  11.9299  14.1168  13.216  14.7749  13.2574  16.4051  18.0508  15.6882  1  1  1  0.932094  0.326854  0.337269  0.436252  0.413037  0.349569  0.350959  0.303273  0.370028  0.350177  0.393448  0.39457  0.45308  0.350879  0.392132  0.347788  0.369373  0.315653  0.372843  0.392409  0.326837  
2  3.98648  0  0.0338188  3.38682  3.92  5.78744  5.95255  6.6368  6.76973  7.72472  8.87445  9.65307  9.53805  10.138  13.2558  12.4978  13.3038  14.0383  13.0199  13.2307  15.3965  17.0434  14.0445  1  0.996621  0  0.00422735  0.338682  0.326666  0.413388  0.372034  0.368711  0.338487  0.351124  0.369769  0.371272  0.340644  0.337935  0.414245  0.367583  0.369549  0.369429  0.325496  0.315016  0.349921  0.370509  0.292593  
1.93402  4  6  8  3.26854  3.91286  5.48158  6.6086  6.29225  6.31144  6.672  8.87143  9.10568  8.52515  11.8371  12.6307  11.9493  12.6866  15.7478  13.9325  13.3038  15.3965  18.9982  15.8104  0.967009  1  1  1  0.326854  0.326071  0.391541  0.413037  0.349569  0.315572  0.303273  0.369643  0.350218  0.30447  0.39457  0.39471  0.351449  0.352405  0.414416  0.348312  0.316756  0.349921  0.413005  0.329382  
2  3.9148  0.273683  8  3.38682  4.04711  4.67842  6.6086  6.29037  7.39852  7.72635  7.0456  9.66179  11.0165  9.81667  12.5675  11.9047  11.7502  14.1014  15.6844  13.7242  15.3818  18.9965  15.6855  1  0.9787  0.0456138  1  0.338682  0.337259  0.334173  0.413037  0.349465  0.369926  0.351198  0.293566  0.371607  0.393448  0.327222  0.392735  0.35014  0.326394  0.371088  0.39211  0.326767  0.349586  0.412967  0.326782  
2  4  0.139014  7.92989  3.04098  3.80525  4.60219  6.6086  6.67729  7.01323  6.94342  7.56845  9.10459  11.0165  10.4854  10.1309  11.5381  10.1325  15.6905  14.8755  18.2756  17.2487  18.0667  17.997  1  1  0.0231691  0.991237  0.304098  0.317104  0.328728  0.413037  0.370961  0.350662  0.31561  0.315352  0.350177  0.393448  0.349514  0.31659  0.339356  0.281459  0.412907  0.371888  0.435134  0.392016  0.392755  0.374937  
2  3.87228  0.0660797  8  3.72862  4.22823  4.57954  4.68011  7.83484  6.32561  7.76668  8.90842  9.1165  9.17942  11.8374  11.2475  11.1445  12.1148  17.4154  14.1172  16.4994  14.9184  18.055  15.6869  1  0.968071  0.0110133  1  0.372862  0.352352  0.32711  0.292507  0.435269  0.31628  0.353031  0.371184  0.350635  0.327836  0.394581  0.351485  0.327781  0.336522  0.458299  0.35293  0.392843  0.339054  0.3925  0.326809  
1.99916  3.9997  0.0808328  7.32081  4.14114  4.22823  5.48187  5.59911  6.10086  7.42243  6.69236  8.87143  9.14169  11.5822  11.798  11.8219  11.1446  11.3806  14.1195  12.6911  13.2982  15.3965  18.9965  16.812  0.999578  0.999926  0.0134721  0.915101  0.414114  0.352352  0.391562  0.349944  0.338937  0.371121  0.304198  0.369643  0.351603  0.413649  0.393268  0.369435  0.327783  0.316128  0.371567  0.317276  0.316624  0.349921  0.412967  0.350251  
2  4  0.0587255  7.59916  3.26664  4.22823  5.48143  5.59911  5.67821  7.42444  6.69236  8.85091  9.1133  11.5822  11.798  10.136  11.112  11.0073  14.0669  12.6911  13.3515  15.3965  18.9965  16.812  1  1  0.00978758  0.949895  0.326664  0.352352  0.391531  0.349944  0.315456  0.371222  0.304198  0.368788  0.350512  0.413649  0.393268  0.316749  0.326823  0.305759  0.370181  0.317276  0.317894  0.349921  0.412967  0.350251  
1.85748  4  6  7.82771  3.70628  3.93536  6.11749  5.59911  5.67821  7.01659  6.69236  8.92171  9.1133  9.77084  9.79546  12.5564  11.112  10.1664  14.0669  12.6406  15.5625  15.3965  18.9965  15.6869  0.928742  1  1  0.978463  0.370628  0.327946  0.436964  0.349944  0.315456  0.350829  0.304198  0.371738  0.350512  0.348959  0.326515  0.392386  0.326823  0.282401  0.370181  0.316015  0.370536  0.349921  0.412967  0.326809  
1.78892  4  0.0225229  8  3.04098  4.21389  5.48301  5.93841  8.23786  6.78672  6.93326  9.46182  8.18392  11.0492  10.5484  10.8249  11.5106  12.2219  14.0947  11.3082  17.3362  14.9325  18.055  16.7619  0.894459  1  0.00375382  1  0.304098  0.351157  0.391644  0.371151  0.457659  0.339336  0.315148  0.394243  0.314766  0.394615  0.351613  0.338279  0.338547  0.339496  0.370914  0.282705  0.412767  0.339374  0.3925  0.349206  
2  4  0  7.08163  3.26664  3.80525  5.79059  5.94621  6.67729  7.01323  6.94342  8.87143  9.10684  11.0165  10.4854  10.1309  11.5381  10.9344  14.0669  14.8755  18.2756  17.2192  18.0667  17.997  1  1  0  0.885204  0.326664  0.317104  0.413614  0.371638  0.370961  0.350662  0.31561  0.369643  0.350263  0.393448  0.349514  0.31659  0.339356  0.303734  0.370181  0.371888  0.435134  0.391346  0.392755  0.374937  
1.80371  4  6  7.83674  3.48765  3.80525  6.11706  5.93336  5.29373  7.0186  6.94342  8.90119  8.77847  9.77084  9.79546  12.5564  11.9298  10.5777  14.0669  12.6406  15.5625  15.3965  18.065  15.6869  0.901857  1  1  0.979592  0.348765  0.317104  0.436933  0.370835  0.294096  0.35093  0.31561  0.370883  0.337633  0.348959  0.326515  0.392386  0.350877  0.293825  0.370181  0.316015  0.370536  0.349921  0.392718  0.326809  
1.98558  4  0.0521111  7.46586  3.36838  4.21867  4.74  4.52568  6.33183  7.42377  6.69236  8.88066  9.14169  11.5642  11.798  11.8897  11.9299  12.5601  14.1335  13.527  13.3033  14.9184  18.9965  16.812  0.992792  1  0.00868519  0.933233  0.336838  0.351556  0.338571  0.282855  0.351769  0.371189  0.304198  0.370028  0.351603  0.413006  0.393268  0.371552  0.350879  0.348892  0.371934  0.338175  0.316746  0.339054  0.412967  0.350251  
1.99368  3.91244  0.00197083  6.63501  3.26664  3.79561  4.58054  6.6086  6.27517  6.55525  8.62896  9.36843  9.64872  11.0165  11.8371  11.2348  11.9047  13.2756  14.0813  13.045  14.8885  16.234  19.0548  14.0658  0.996841  0.97811  0.000328471  0.829376  0.326664  0.316301  0.327182  0.413037  0.348621  0.327762  0.392226  0.390351  0.371105  0.393448  0.39457  0.351088  0.35014  0.368766  0.37056  0.326126  0.354489  0.368955  0.414235  0.293038  
2  3.90061  0.0225229  7.13383  3.04098  4.0501  5.4823  5.93336  8.23786  6.78672  6.93326  9.46182  8.77847  10.5102  11.8371  13.1948  11.5152  12.2049  14.1014  12.5885  17.3362  15.3903  18.055  15.6768  1  0.975153  0.00375382  0.891728  0.304098  0.337509  0.391593  0.370835  0.457659  0.339336  0.315148  0.394243  0.337633  0.375363  0.39457  0.412337  0.338682  0.339026  0.371088  0.314713  0.412767  0.349779  0.3925  0.326601  
1.8426  3.96931  0  7.81422  3.03591  4.71777  6.41747  6.6086  6.10086  8.7124  7.70016  8.8879  9.10459  11.5822  10.1391  11.8232  11.9541  11.4037  16.4886  16.6558  17.3499  14.4146  18.9965  19.9732  0.921299  0.992327  0  0.976778  0.303591  0.393147  0.45839  0.413037  0.338937  0.43562  0.350007  0.370329  0.350177  0.413649  0.33797  0.369475  0.351591  0.316769  0.433911  0.416396  0.413093  0.327603  0.412967  0.416108  
1.74994  4  6  7.75948  3.26902  4.04711  6.11663  5.93336  4.87108  7.00633  7.18662  8.88066  8.80366  9.77084  9.79546  12.5564  11.9299  10.9889  14.0813  12.6406  15.5625  15.3965  18.065  15.6869  0.874971  1  1  0.969935  0.326902  0.337259  0.436902  0.370835  0.270615  0.350316  0.326664  0.370028  0.338602  0.348959  0.326515  0.392386  0.350879  0.305248  0.37056  0.316015  0.370536  0.349921  0.392718  0.326809  
1.99537  3.91244  0.00197083  6.69388  3.38682  4.04711  4.57997  6.6086  6.27517  7.45771  8.62896  7.30819  9.65307  11.0165  11.8371  11.2374  11.9047  13.4802  14.1014  16.6034  14.7044  16.234  18.9965  14.0658  0.997685  0.97811  0.000328471  0.836735  0.338682  0.337259  0.327141  0.413037  0.348621  0.372886  0.392226  0.304508  0.371272  0.393448  0.39457  0.351167  0.35014  0.374451  0.371088  0.415085  0.350105  0.368955  0.412967  0.293038  
1.99292  4  0  6.09566  3.50102  3.9246  5.21366  6.62639  5.69211  7.02869  7.69379  8.88066  10.2205  8.52515  10.1391  11.8232  11.9047  15.0439  15.6905  17.3168  14.2298  15.3965  19.0367  14.0445  0.996461  1  0  0.761957  0.350102  0.32705  0.372404  0.414149  0.316228  0.351434  0.349718  0.370028  0.393096  0.30447  0.33797  0.369475  0.35014  0.417886  0.412907  0.43292  0.338806  0.349921  0.413841  0.292593  
1.94708  3.96237  0.0279905  7.67195  3.26664  3.9246  5.78015  6.6086  6.08004  7.38276  7.458  7.56845  9.10459  11.0165  9.79513  11.8248  12.625  10.9771  16.4886  15.7905  13.2574  15.3859  17.0549  19.9705  0.97354  0.990592  0.00466509  0.958994  0.326664  0.32705  0.412868  0.413037  0.33778  0.369138  0.339  0.315352  0.350177  0.393448  0.326504  0.369525  0.371324  0.30492  0.433911  0.394763  0.315653  0.34968  0.37076  0.416053  
1.93181  4  0.0348176  7.30337  3.14975  4.21867  4.73957  4.69128  6.33183  7.42579  6.69236  8.86014  9.16687  11.5642  10.4884  11.8897  11.93  12.1868  14.1014  13.527  13.3033  14.9184  18.9965  16.812  0.965906  1  0.00580294  0.912921  0.314975  0.351556  0.338541  0.293205  0.351769  0.371289  0.304198  0.369172  0.352572  0.413006  0.349613  0.371552  0.350882  0.338522  0.371088  0.338175  0.316746  0.339054  0.412967  0.350251  
2  0.40253  0  7.76764  3.36577  3.79202  4.58715  5.61295  6.63369  7.43235  6.672  8.12187  9.10002  11.0492  10.4884  10.8854  11.9365  13.4958  14.0996  12.1966  14.2313  17.1518  16.138  19.8019  1  0.100633  0  0.970955  0.336577  0.316001  0.327654  0.35081  0.368538  0.371617  0.303273  0.338411  0.350001  0.394615  0.349613  0.340169  0.351074  0.374883  0.371041  0.304916  0.338839  0.389814  0.350826  0.412539  
1.67487  4  0.26719  8  3.50708  3.9246  5.22977  5.94917  6.29866  7.46823  7.46668  6.74628  9.63565  10.9511  10.5717  11.9365  11.1045  10.0924  14.0942  11.7142  17.3017  16.2622  16.1485  19.8019  0.837435  1  0.0445317  1  0.350708  0.32705  0.373555  0.371823  0.349925  0.373411  0.339395  0.281095  0.370602  0.391112  0.352389  0.373017  0.326603  0.280344  0.3709  0.292854  0.411946  0.369594  0.351054  0.412539  
1.67824  4  0.26719  8  3.04122  3.9246  4.7337  5.95255  6.31665  7.4736  7.46668  7.53614  9.64436  11.0165  10.5717  11.2619  11.1045  10.5017  13.3159  18.3261  18.1992  16.2622  16.1485  19.8019  0.839122  1  0.0445317  1  0.304122  0.32705  0.338122  0.372034  0.350925  0.37368  0.339395  0.314006  0.370937  0.393448  0.352389  0.351935  0.326603  0.291714  0.350419  0.458152  0.433315  0.369594  0.351054  0.412539  
2  0.766252  0.00197083  8  3.04122  3.9246  4.59058  5.94484  6.31665  7.45212  7.46668  8.87143  9.10684  11.0165  10.1565  11.8894  11.5306  10.9344  14.1014  13.0276  14.6847  16.2622  16.1485  19.8019  1  0.191563  0.000328471  1  0.304122  0.32705  0.327898  0.371552  0.350925  0.372606  0.339395  0.369643  0.350263  0.393448  0.338551  0.371543  0.339136  0.303734  0.371088  0.325689  0.349635  0.369594  0.351054  0.412539  
2  0  0.000415612  4.80168  3.15572  4.18021  5.19639  5.96328  5.68258  6.7751  7.18513  8.8879  11.8835  10.9658  10.5245  11.8232  11.9433  13.4394  14.1277  16.485  18.2445  15.4113  18.055  14.0538  1  0  6.92687e-05  0.60021  0.315572  0.348351  0.371171  0.372705  0.315699  0.338755  0.326597  0.370329  0.457058  0.391637  0.350817  0.369475  0.351272  0.373318  0.371782  0.412126  0.434393  0.350256  0.3925  0.292787  
1.89214  4  0  6.09566  3.50102  3.9246  5.21566  6.62639  5.69211  7.026  7.69379  8.88563  10.2161  8.52515  10.1391  11.8206  11.9531  14.8392  15.6905  17.4189  13.7811  15.3965  18.0702  17.997  0.946072  1  0  0.761957  0.350102  0.32705  0.372547  0.414149  0.316228  0.3513  0.349718  0.370234  0.392928  0.30447  0.33797  0.369395  0.351562  0.412201  0.412907  0.435472  0.328121  0.349921  0.392829  0.374937  
2  0.766252  0  7.95342  3.15405  3.9246  5.47943  5.61364  6.31665  7.45212  7.46668  8.72897  9.10684  11.0165  10.4854  11.8894  10.7104  13.2889  13.2896  13.0276  15.5915  16.2474  16.1485  15.6869  1  0.191563  0  0.994178  0.315405  0.32705  0.391388  0.350852  0.350925  0.372606  0.339395  0.363707  0.350263  0.393448  0.349514  0.371543  0.31501  0.369136  0.349726  0.325689  0.371227  0.36926  0.351054  0.326809  
1.97396  2.79329  0.0808328  8  3.04122  3.92  5.48237  5.59911  6.10086  7.42176  7.44277  9.36543  9.1406  11.5822  11.798  11.8213  11.1253  11.3295  13.3384  12.7166  14.2009  14.4719  18.049  17.8002  0.986981  0.698323  0.0134721  1  0.304122  0.326666  0.391598  0.349944  0.338937  0.371088  0.338308  0.390226  0.351561  0.413649  0.393268  0.369415  0.327214  0.314707  0.35101  0.317915  0.338117  0.328908  0.392371  0.370837  
2  4  3  8  3.15841  4.21389  5.48187  5.93841  6.31912  7.42146  6.69236  8.45087  8.18392  11.0492  10.5315  10.8249  11.5106  12.2638  14.0947  13.0468  12.832  15.3512  18.0432  16.7619  1  1  0.5  1  0.315841  0.351157  0.391562  0.371151  0.351062  0.371073  0.304198  0.352119  0.314766  0.394615  0.351051  0.338279  0.338547  0.340661  0.370914  0.326171  0.305523  0.348891  0.392243  0.349206  
0.845294  4  0.0487862  8  3.53383  4.22823  4.57911  4.84571  6.29037  7.48033  7.69148  7.80795  9.14169  10.9805  10.4854  11.2031  11.5443  13.4319  13.2951  15.7635  13.7153  15.3965  17.1134  15.6855  0.422647  1  0.00813104  1  0.353383  0.352352  0.327079  0.302857  0.349465  0.374016  0.349613  0.325331  0.351603  0.392161  0.349514  0.350096  0.339538  0.373109  0.349872  0.394088  0.326555  0.349921  0.372031  0.326782  
1.91734  1.1981  0.0574433  8  3.50102  3.7579  5.21516  6.62639  5.69211  7.02667  7.69379  8.88438  10.2172  8.52515  10.1391  11.8213  11.9725  14.8904  16.4716  17.3934  12.8784  16.3211  19.0176  15.6895  0.958669  0.299525  0.00957388  1  0.350102  0.313159  0.372512  0.414149  0.316228  0.351334  0.349718  0.370183  0.39297  0.30447  0.33797  0.369415  0.352131  0.413622  0.433464  0.434834  0.306628  0.370934  0.413425  0.326865  
1.99538  3.90969  0.530439  6.12684  3.26854  3.92  5.48187  5.59911  6.10787  6.3142  8.17023  8.87143  9.14169  9.16474  10.1391  12.5021  9.84557  12.5911  15.7478  12.6151  15.6238  15.3965  20.008  15.6869  0.997688  0.977422  0.0884065  0.765855  0.326854  0.326666  0.391562  0.349944  0.339326  0.31571  0.371374  0.369643  0.351603  0.327312  0.33797  0.39069  0.289576  0.349753  0.414416  0.315377  0.371995  0.349921  0.434957  0.326809  
1.7853  3.90969  0  4.61663  3.26854  3.92  5.18644  5.93673  6.10787  6.3142  8.17023  9.4413  9.14169  9.16474  10.1391  12.5021  10.6978  12.5911  17.3187  12.6151  15.6238  15.3965  20.008  15.6869  0.892649  0.977422  0  0.577079  0.326854  0.326666  0.37046  0.371046  0.339326  0.31571  0.371374  0.393387  0.351603  0.327312  0.33797  0.39069  0.31464  0.349753  0.455755  0.315377  0.371995  0.349921  0.434957  0.326809  
1.69659  3.86863  0.513129  8  4.14114  3.92  5.79246  5.59911  7.08646  6.32024  7.44277  8.87143  9.68109  10.4741  10.138  11.7916  10.7041  12.1745  14.0813  12.2066  15.716  15.3965  19.0665  15.6762  0.848296  0.967157  0.0855214  1  0.414114  0.326666  0.413747  0.349944  0.393692  0.316012  0.338308  0.369643  0.372349  0.374076  0.337935  0.368488  0.314825  0.33818  0.37056  0.305165  0.374191  0.349921  0.414489  0.326587  
1.69322  3.86863  0.513129  8  3.04122  3.92  5.79361  5.59911  7.08646  6.31487  7.44277  9.36543  9.67238  10.4741  10.138  11.7865  10.7041  11.7652  14.0813  12.6128  14.8185  15.3965  19.0665  15.6762  0.846609  0.967157  0.0855214  1  0.304122  0.326666  0.413829  0.349944  0.393692  0.315743  0.338308  0.390226  0.372014  0.374076  0.337935  0.368329  0.314825  0.32681  0.37056  0.315319  0.352822  0.349921  0.414489  0.326587  
1.5732  3.9148  0.273683  6.69388  3.38682  4.04711  4.58226  6.6086  6.29037  7.39315  7.72635  7.30819  9.65307  11.0165  10.4854  11.2374  11.9047  13.3964  14.1014  13.1262  14.1641  15.3965  18.9965  14.0658  0.786602  0.9787  0.0456138  0.836735  0.338682  0.337259  0.327304  0.413037  0.349465  0.369658  0.351198  0.304508  0.371272  0.393448  0.349514  0.351167  0.35014  0.372121  0.371088  0.328154  0.33724  0.349921  0.412967  0.293038  
1.89284  3.90969  0.0442146  4.59858  3.7058  4.18021  5.1873  5.93673  6.95318  6.31017  8.17023  9.48234  9.09131  9.16474  10.1391  12.5021  10.6976  11.7686  13.3159  12.6151  15.6238  15.3965  20.008  15.6869  0.94642  0.977422  0.00736909  0.574822  0.37058  0.348351  0.370521  0.371046  0.386288  0.315509  0.371374  0.395098  0.349666  0.327312  0.33797  0.39069  0.314636  0.326905  0.350419  0.315377  0.371995  0.349921  0.434957  0.326809  
0.706013  3.96237  0.0856416  8  3.3887  3.93236  5.18829  6.2774  6.32102  7.03455  7.458  8.83573  9.10895  11.0454  9.79513  11.8273  12.6009  13.4406  14.0917  15.6884  16.4311  15.3965  15.6126  15.6869  0.353006  0.990592  0.0142736  1  0.33887  0.327697  0.370592  0.392338  0.351168  0.351728  0.339  0.368155  0.350344  0.394479  0.326504  0.369604  0.370613  0.37335  0.370833  0.392211  0.391215  0.349921  0.339405  0.326809  
1.99663  2.34469  6  6.31262  3.26854  3.79219  5.81247  6.6086  6.31665  6.32561  6.67264  7.66114  9.07846  8.52515  10.1391  12.5513  11.9299  11.7206  13.216  14.1172  14.665  15.3965  18.055  15.6869  0.998313  0.586173  1  0.789077  0.326854  0.316016  0.415177  0.413037  0.350925  0.31628  0.303302  0.319214  0.349171  0.30447  0.33797  0.392227  0.350879  0.325573  0.347788  0.35293  0.349167  0.349921  0.3925  0.326809  
1.5732  0.706044  0.00197083  7.62844  3.04122  3.9246  4.58599  5.94484  6.31665  7.4736  7.46668  7.82107  9.14169  11.0165  10.1565  11.2619  11.5306  12.5717  14.1014  12.2107  14.1867  16.2622  16.1485  19.8019  0.786602  0.176511  0.000328471  0.953555  0.304122  0.32705  0.327571  0.371552  0.350925  0.37368  0.339395  0.325878  0.351603  0.393448  0.338551  0.351935  0.339136  0.349213  0.371088  0.305267  0.337779  0.369594  0.351054  0.412539  
1.93402  3.93603  0.432234  6.0452  3.04122  3.92  5.48158  5.59911  5.68258  6.31144  7.19175  8.87143  9.65307  11.0165  10.1391  12.3641  11.1175  12.5911  15.7478  12.6094  13.7825  15.3965  19.0665  15.6855  0.967009  0.984007  0.0720391  0.755651  0.304122  0.326666  0.391541  0.349944  0.315699  0.315572  0.326898  0.369643  0.371272  0.393448  0.33797  0.386377  0.326987  0.349753  0.414416  0.315235  0.328155  0.349921  0.414489  0.326782  
1.97481  2.79359  0  5.66432  3.26664  3.93962  5.82748  5.94621  6.67729  7.01256  6.94342  7.28476  9.1035  10.9511  9.48614  10.1302  11.0926  10.0814  13.2857  14.1726  14.7612  16.2946  17.1193  18.9851  0.987403  0.698397  0  0.708039  0.326664  0.328301  0.416249  0.371638  0.370961  0.350628  0.31561  0.303532  0.350135  0.391112  0.316205  0.31657  0.326254  0.280038  0.349625  0.354316  0.351457  0.370332  0.372159  0.395522  
1.56795  1.36495  0.0221073  0  3.26664  4.06803  5.78787  5.95255  7.05946  6.76772  7.72472  8.89497  9.62789  9.53805  10.138  12.6076  12.4977  11.3864  14.0383  13.0199  13.1774  16.4301  17.0434  14.0445  0.783976  0.341238  0.00368455  0  0.326664  0.339003  0.413419  0.372034  0.392192  0.338386  0.351124  0.370624  0.370303  0.340644  0.337935  0.393988  0.367581  0.31629  0.369429  0.325496  0.313747  0.373412  0.370509  0.292593  
1.68075  0.706044  0.0365578  7.95342  3.47847  3.9246  4.58685  5.61364  6.31665  7.46957  7.46668  7.86212  9.09131  11.0165  10.1565  11.2619  11.5305  13.3182  14.1014  12.2107  14.1867  16.2622  16.1485  19.8019  0.840373  0.176511  0.00609296  0.994178  0.347847  0.32705  0.327632  0.350852  0.350925  0.373478  0.339395  0.327588  0.349666  0.393448  0.338551  0.351935  0.339131  0.369951  0.371088  0.305267  0.337779  0.369594  0.351054  0.412539  
1.56795  2.38508  0.19137  7.34409  3.41651  4.04722  4.58642  5.94621  6.73931  6.75905  7.69379  8.89606  9.1165  11.0165  9.81667  11.8206  11.5305  11.2993  14.0669  14.7749  13.2041  18.1467  18.0508  17.7226  0.783976  0.59627  0.031895  0.918012  0.341651  0.337269  0.327601  0.371638  0.374406  0.337953  0.349718  0.370669  0.350635  0.393448  0.327222  0.369395  0.339133  0.313871  0.370181  0.369373  0.314384  0.412424  0.392409  0.369221  
1.78821  3.96801  3.21612  6.86823  2.93649  4.03943  5.79868  5.93336  4.87326  7.03042  7.43632  8.85552  9.07354  10.3937  11.8371  13.8474  11.9327  12.2013  14.9217  12.625  14.6725  15.3965  18.1  15.6862  0.894104  0.992004  0.53602  0.858529  0.293649  0.336619  0.414191  0.370835  0.270737  0.351521  0.338014  0.36898  0.348982  0.371203  0.39457  0.432731  0.350961  0.338925  0.392677  0.315625  0.349345  0.349921  0.393479  0.326796  
1.69659  1.08859  0  6.12315  3.92794  4.05488  5.47713  5.93336  7.03084  6.09377  7.19175  8.87143  8.80366  11.0454  10.1555  13.194  10.7041  11.3864  14.0813  12.128  16.408  14.871  16.1773  14.0229  0.848296  0.272148  0  0.765394  0.392794  0.337907  0.391224  0.370835  0.390602  0.304688  0.326898  0.369643  0.338602  0.394479  0.338517  0.412313  0.314825  0.31629  0.37056  0.303201  0.390666  0.337978  0.35168  0.292144  
1.68075  0.706044  0.343112  7.5472  3.2775  3.92  5.47979  6.01953  6.31665  7.41397  7.46668  7.86212  10.1476  11.0165  10.1565  11.2619  12.6671  13.3182  12.4247  12.2107  13.3039  16.2622  19.0799  15.6755  0.840373  0.176511  0.0571854  0.9434  0.32775  0.326666  0.391413  0.376221  0.350925  0.370698  0.339395  0.327588  0.390293  0.393448  0.338551  0.351935  0.372562  0.369951  0.326966  0.305267  0.31676  0.369594  0.414779  0.326573  
2  1.4226  2.86231  8  3.37704  3.92  4.73749  5.93841  6.74177  6.31487  7.48087  9.46182  9.67238  11.0492  10.138  10.8236  11.5233  11.7652  14.0813  12.6128  14.8185  17.2786  16.142  18.7381  1  0.355651  0.477052  1  0.337704  0.326666  0.338392  0.371151  0.374543  0.315743  0.340039  0.394243  0.372014  0.394615  0.337935  0.338239  0.338921  0.32681  0.37056  0.315319  0.352822  0.392694  0.350914  0.390378  
1.47919  3.86863  1.96409  7.81422  3.26664  3.92  5.47771  5.05636  6.08004  6.55525  8.62896  9.36843  9.12201  10.4741  10.4854  11.2374  10.7107  11.7957  14.0813  13.045  15.5915  16.4051  19.0548  15.6869  0.739596  0.967157  0.327348  0.976778  0.326664  0.326666  0.391265  0.316023  0.33778  0.327762  0.392226  0.390351  0.350847  0.374076  0.349514  0.351167  0.31502  0.32766  0.37056  0.326126  0.371227  0.372843  0.414235  0.326809  
2  1.39505  2.41578  7.62245  3.72016  4.04722  6.12122  5.94621  6.72268  7.04245  7.21087  9.46182  11.9956  10.9511  9.81667  12.5675  11.5306  11.7502  15.7396  15.6844  16.4622  15.3818  16.0783  15.6855  1  0.348764  0.40263  0.952806  0.372016  0.337269  0.43723  0.371638  0.373482  0.352122  0.327767  0.394243  0.461371  0.391112  0.327222  0.392735  0.339136  0.326394  0.414199  0.39211  0.391956  0.349586  0.349529  0.326782  
0.790073  4  0.0587255  2.61223  3.26664  4.22823  5.48373  5.59911  5.67821  7.41371  6.69236  9.37609  9.09588  11.5822  11.798  10.4497  11.112  15.6834  14.0669  11.4961  14.2313  15.3965  18.9965  16.812  0.395037  1  0.00978758  0.326529  0.326664  0.352352  0.391695  0.349944  0.315456  0.370685  0.304198  0.39067  0.349842  0.413649  0.393268  0.326553  0.326823  0.435651  0.370181  0.287402  0.338839  0.349921  0.412967  0.350251  
1.55849  0.67594  0.00197083  4.08163  3.04098  4.18977  4.60219  5.94484  6.67729  7.47963  7.47643  7.56845  11.8846  11.0165  10.4854  10.1309  11.5306  15.5772  14.1014  16.5678  18.2756  15.3965  15.6126  15.7199  0.779243  0.168985  0.000328471  0.510204  0.304098  0.349148  0.328728  0.371552  0.370961  0.373982  0.339838  0.315352  0.457101  0.393448  0.349514  0.31659  0.339136  0.4327  0.371088  0.414196  0.435134  0.349921  0.339405  0.327498  
2  1.4226  3  6.9655  3.15841  3.78971  4.73706  5.93841  6.31912  7.44487  7.48087  9.4413  9.10459  11.0492  9.81844  10.8236  11.5234  12.1615  14.0947  13.0979  14.0437  17.2786  16.142  18.7381  1  0.355651  0.5  0.870687  0.315841  0.315809  0.338362  0.371151  0.351062  0.372244  0.340039  0.393387  0.350177  0.394615  0.327281  0.338239  0.338923  0.337818  0.370914  0.327447  0.334374  0.392694  0.350914  0.390378  
1.27073  1.29116  3.83957  8  3.7445  4.04722  5.78015  5.94621  5.67127  7.42964  7.458  7.56059  9.10459  10.8824  9.79513  11.8248  13.9868  10.1242  14.0347  14.7749  13.2574  15.3965  18.0508  15.669  0.635366  0.322789  0.639929  1  0.37445  0.337269  0.412868  0.371638  0.31507  0.371482  0.339  0.315025  0.350177  0.388659  0.326504  0.369525  0.411377  0.281227  0.369335  0.369373  0.315653  0.349921  0.392409  0.326437  
0.706013  3.96237  0.0856416  2.61223  3.50999  3.93236  5.18815  6.66252  6.32102  7.03522  7.458  9.23527  9.11003  11.0454  9.79513  11.828  12.6009  14.0802  14.1014  15.6884  16.4336  15.3965  16.1635  15.6869  0.353006  0.990592  0.0142736  0.326529  0.350999  0.327697  0.370582  0.416408  0.351168  0.351761  0.339  0.384803  0.350386  0.394479  0.326504  0.369624  0.370613  0.391117  0.371088  0.392211  0.391277  0.349921  0.351381  0.326809  
2  1.4226  3  6.12684  3.15841  3.78971  5.48187  5.93841  6.31912  7.44621  7.48087  9.43881  9.10677  11.0492  10.1391  10.8249  11.4992  12.2638  14.0947  13.0468  14.2405  17.2786  16.6253  16.7619  1  0.355651  0.5  0.765855  0.315841  0.315809  0.391562  0.371151  0.351062  0.372311  0.340039  0.393284  0.35026  0.394615  0.33797  0.338279  0.338212  0.340661  0.370914  0.326171  0.339059  0.392694  0.36142  0.349206  
1.68075  1.42448  3.02439  7.95342  3.29105  4.05123  4.4113  5.05697  6.62867  7.80383  7.22081  8.90494  9.12528  11.0312  10.1528  10.4588  11.9404  11.819  14.1343  13.5922  14.2701  16.2622  15.6733  17.7196  0.840373  0.356121  0.504066  0.994178  0.329105  0.337602  0.315093  0.31606  0.368259  0.390192  0.328219  0.371039  0.350972  0.393972  0.338427  0.326838  0.351187  0.328307  0.371956  0.339805  0.339764  0.369594  0.340725  0.369158  
1.02875  0.687378  0.0884291  4.04187  3.15464  4.18021  5.18816  5.93673  7.79849  6.30614  8.17023  9.52339  9.04094  9.16474  10.1391  11.2056  10.6975  12.5152  13.3159  12.6151  15.5172  15.3965  20.008  15.6869  0.514373  0.171844  0.0147382  0.505233  0.315464  0.348351  0.370583  0.371046  0.43325  0.315307  0.371374  0.396808  0.347728  0.327312  0.33797  0.350175  0.314631  0.347643  0.350419  0.315377  0.369456  0.349921  0.434957  0.326809  
1.99537  0.717482  3.00099  5.20995  3.15722  4.04711  4.58084  6.27819  5.88369  7.82741  7.22846  7.54959  12.4132  11.0165  10.4854  11.2374  12.5709  14.9345  14.0727  19.0228  15.5412  15.3965  17.0861  16.8736  0.997685  0.17937  0.500164  0.651244  0.315722  0.337259  0.327203  0.392387  0.326872  0.39137  0.328566  0.314566  0.477429  0.393448  0.349514  0.351167  0.369733  0.414846  0.370334  0.475571  0.370028  0.349921  0.371436  0.351534  
1.72849  2.12813  3  6.67411  3.50102  3.92  4.88754  5.93336  5.68751  7.38607  7.71499  9.4413  9.11991  11.0165  10.4854  12.6301  10.7041  11.3962  14.0917  13.5063  14.4751  16.5157  16.1565  15.6902  0.864245  0.532032  0.5  0.834264  0.350102  0.326666  0.34911  0.370835  0.315973  0.369304  0.350681  0.393387  0.350766  0.393448  0.349514  0.394691  0.314825  0.31656  0.370833  0.337658  0.344646  0.375356  0.351228  0.326879  
0.59847  1.39505  2.44108  8  3.92794  4.06803  5.00481  6.6086  5.87306  7.04403  6.672  8.88066  11.8933  11.0454  11.7877  12.5701  10.6944  11.3609  16.5585  15.5823  13.7811  15.3965  15.6126  15.6855  0.299235  0.348764  0.406846  1  0.392794  0.339003  0.357487  0.413037  0.326281  0.352201  0.303273  0.370028  0.457434  0.394479  0.392923  0.392815  0.314541  0.315579  0.435751  0.389557  0.328121  0.349921  0.339405  0.326782  
1.69322  1.4226  2.93049  5.82484  3.38137  3.92  5.50542  5.60216  7.08646  7.36817  7.69148  9.36543  9.10572  8.84945  10.4854  11.7865  10.7041  11.7652  14.8787  13.0979  14.2298  15.3818  19.0648  15.6762  0.846609  0.355651  0.488415  0.728105  0.338137  0.326666  0.393244  0.350135  0.393692  0.368409  0.349613  0.390226  0.35022  0.316052  0.349514  0.368329  0.314825  0.32681  0.391544  0.327447  0.338806  0.349586  0.414452  0.326587  
0.537199  1.31307  2.39386  8  3.26664  4.18977  4.58539  5.94621  5.68258  7.44352  7.68661  7.30157  9.12426  10.9511  11.1616  12.015  10.7185  12.2165  14.1049  12.2387  14.7612  14.4829  16.1694  17.8177  0.268599  0.328268  0.398976  1  0.326664  0.349148  0.327528  0.371638  0.315699  0.372176  0.349392  0.304232  0.350933  0.391112  0.372053  0.375468  0.315251  0.339348  0.371183  0.305969  0.351457  0.329156  0.351508  0.371201  
1.37415  0.766252  1.69887  7.05912  3.26664  3.92  5.47943  5.22517  6.31665  6.55525  8.62896  9.65336  9.12201  11.0165  10.4854  11.2374  11.1368  13.2889  14.8667  13.045  15.5915  16.4051  19.0548  15.6869  0.687077  0.191563  0.283144  0.88239  0.326664  0.326666  0.391388  0.326573  0.350925  0.327762  0.392226  0.402223  0.350847  0.393448  0.349514  0.351167  0.327552  0.369136  0.391229  0.326126  0.371227  0.372843  0.414235  0.326809  
1.51509  2.09802  3  6.48833  3.50102  3.92  5.79361  5.93336  5.68751  7.39681  7.71499  9.36543  9.13733  11.0165  10.4854  11.7865  10.7041  12.2148  14.0917  13.0979  14.2262  15.3965  16.1565  15.6762  0.757546  0.524506  0.5  0.811042  0.350102  0.326666  0.413829  0.370835  0.315973  0.36984  0.350681  0.390226  0.351436  0.393448  0.349514  0.368329  0.314825  0.339299  0.370833  0.327447  0.338718  0.349921  0.351228  0.326587  
0.765449  2.295  1.63927  6.17242  3.53383  3.78382  5.17319  5.43351  6.29037  7.481  7.69148  8.93848  9.18568  10.9805  10.4854  11.2037  11.9898  10.9261  14.8617  14.7749  13.2574  16.3211  18.0609  14.6974  0.382724  0.573751  0.273212  0.771552  0.353383  0.315319  0.369513  0.339595  0.349465  0.37405  0.349613  0.372437  0.353295  0.392161  0.349514  0.350116  0.35264  0.303502  0.391098  0.369373  0.315653  0.370934  0.392627  0.306196  
1.69322  1.4226  2.93049  4  3.53383  3.92  5.50527  5.93336  7.08646  7.36884  7.69148  10.3369  9.1068  8.84945  10.4854  11.7872  10.7041  13.561  14.0427  13.0979  13.7153  15.3818  19.0648  15.6762  0.846609  0.355651  0.488415  0.5  0.353383  0.326666  0.393234  0.370835  0.393692  0.368442  0.349613  0.430706  0.350262  0.316052  0.349514  0.368349  0.314825  0.376694  0.369544  0.327447  0.326555  0.349586  0.414452  0.326587  
1.38955  0.672326  1.71894  4.36852  3.37834  4.06427  3.7636  5.93336  6.73931  7.43235  7.46668  7.58535  11.8595  11.0165  10.4854  11.9432  11.9178  12.1604  12.8854  16.5699  17.7966  15.3965  18.055  15.7186  0.694775  0.168081  0.286489  0.546065  0.337834  0.338689  0.268829  0.370835  0.374406  0.371617  0.339395  0.316056  0.456133  0.393448  0.349514  0.373226  0.350524  0.337789  0.33909  0.414246  0.423728  0.349921  0.3925  0.32747  
1.67623  1.39505  2.44108  5.19847  3.92794  4.06803  5.52573  5.93336  7.03084  7.04134  7.19175  8.88066  8.80311  11.0454  10.1555  13.1937  10.6944  11.3609  12.8153  15.6844  16.4622  15.3753  15.7035  15.6855  0.838117  0.348764  0.406846  0.649808  0.392794  0.339003  0.394695  0.370835  0.390602  0.352067  0.326898  0.370028  0.338581  0.394479  0.338517  0.412303  0.314541  0.315579  0.337246  0.39211  0.391956  0.349439  0.341381  0.326782  
1.46292  2.50983  3.02936  3.70488  3.04872  3.93863  5.49559  6.6086  6.31665  6.52416  6.67264  7.88833  9.14169  9.43081  11.1404  13.8474  11.9299  13.2889  20.6108  13.5449  14.7044  15.3965  18.055  16.2494  0.73146  0.627457  0.504894  0.46311  0.304872  0.328219  0.392542  0.413037  0.350925  0.326208  0.303302  0.328681  0.351603  0.336815  0.371346  0.432731  0.350879  0.369136  0.542388  0.338623  0.350105  0.349921  0.3925  0.33853  
1.33578  0.672326  1.69683  4.37755  3.04098  3.93416  3.76317  5.93336  6.31665  7.47687  7.46668  7.56483  11.8846  11.0075  10.4854  11.9432  11.9433  12.5717  14.8868  16.5699  18.2445  15.3965  18.055  15.7186  0.66789  0.168081  0.282805  0.547194  0.304098  0.327847  0.268798  0.370835  0.350925  0.373844  0.339395  0.315201  0.457101  0.393126  0.349514  0.373226  0.351272  0.349213  0.391758  0.414246  0.434393  0.349921  0.3925  0.32747  
0.583452  1.36495  2.87522  6.09566  3.26664  4.06803  5.52401  6.62639  8.19773  7.02869  6.45811  8.43537  9.1133  10.9838  10.1391  10.0665  11.5306  11.3864  14.9008  15.5863  14.2298  16.4301  16.1505  13.4899  0.291726  0.341238  0.479204  0.761957  0.326664  0.339003  0.394572  0.414149  0.45543  0.351434  0.29355  0.351474  0.350512  0.39228  0.33797  0.314578  0.339136  0.31629  0.392125  0.389658  0.338806  0.373412  0.351098  0.28104  
0.846214  0.706044  2.98382  2.59189  4.11946  4.06117  4.58457  4.83271  6.31665  7.39389  6.68218  8.80472  9.14169  9.87186  10.4884  11.2619  11.9299  12.5912  14.1014  18.2948  13.3014  14.413  16.1485  19.8019  0.423107  0.176511  0.497303  0.323986  0.411946  0.338431  0.327469  0.302044  0.350925  0.369694  0.303735  0.366863  0.351603  0.352567  0.349613  0.351935  0.350881  0.349756  0.371088  0.457369  0.3167  0.327568  0.351054  0.412539  
0.320097  1.08107  2.48363  3.83674  3.50999  4.06623  4.58226  5.61501  6.13852  7.4462  8.62896  7.31127  11.8044  10.8791  10.4854  11.8332  13.3775  11.7206  14.0942  16.501  14.2387  15.3965  16.1752  15.6842  0.160048  0.270267  0.413938  0.479592  0.350999  0.338852  0.327304  0.350938  0.341029  0.37231  0.392226  0.304636  0.454017  0.38854  0.349514  0.369789  0.393457  0.325573  0.3709  0.412524  0.339018  0.349921  0.351635  0.326754  
0.706013  1.39505  2.41578  1.91782  3.50153  4.06803  6.12079  5.93841  6.31912  7.03731  7.458  9.4413  11.8408  10.9511  11.8371  12.5675  11.877  12.1615  15.7467  15.6844  16.4622  15.3818  15.6126  15.6855  0.353006  0.348764  0.40263  0.239728  0.350153  0.339003  0.4372  0.371151  0.351062  0.351866  0.339  0.393387  0.455416  0.391112  0.39457  0.392735  0.349325  0.337818  0.414388  0.39211  0.391956  0.349586  0.339405  0.326782  
0.790073  1.40943  3  5.67347  3.26854  3.92  4.58278  5.93336  6.13852  7.39195  7.69148  9.4413  9.10459  10.9286  10.4854  11.2988  10.7041  14.8828  15.6905  12.6894  14.7044  14.413  19.0648  19.9565  0.395037  0.352358  0.5  0.709184  0.326854  0.326666  0.327341  0.370835  0.341029  0.369598  0.349613  0.393387  0.350177  0.390309  0.349514  0.353088  0.314825  0.413412  0.412907  0.317236  0.350104  0.327568  0.414452  0.41576  
0.740254  1.08859  1.63927  4  3.53383  3.91819  5.17369  5.43351  6.29037  7.48033  7.69148  8.09288  9.18459  10.9805  10.4854  11.2031  11.9704  13.4319  14.0806  15.7635  13.7153  15.3965  17.1134  15.6855  0.370127  0.272148  0.273212  0.5  0.353383  0.326516  0.369549  0.339595  0.349465  0.374016  0.349613  0.337203  0.353253  0.392161  0.349514  0.350096  0.35207  0.373109  0.370542  0.394088  0.326555  0.349921  0.372031  0.326782  
0.736302  1.48675  3.73382  2.62126  3.04098  4.06117  4.58235  5.44265  5.71586  7.43101  6.69236  7.29075  9.14169  10.9286  10.4884  11.2988  11.93  13.9116  14.1195  13.0995  14.1989  13.9212  16.1635  15.6862  0.368151  0.371687  0.622303  0.327658  0.304098  0.338431  0.327311  0.340165  0.317548  0.37155  0.304198  0.303781  0.351603  0.390309  0.349613  0.353088  0.350882  0.386433  0.371567  0.327488  0.338069  0.316391  0.351381  0.326796  
0.680844  1.48675  2.1896  2.63029  3.04098  4.19334  4.58249  6.66252  5.8563  7.43034  6.97041  8.93668  10.1883  10.9838  10.4854  11.2963  11.9301  13.3337  14.1014  14.8755  15.5341  14.413  16.1635  19.9565  0.340422  0.371687  0.364934  0.328786  0.304098  0.349445  0.327321  0.416408  0.32535  0.371517  0.316837  0.372362  0.391859  0.39228  0.349514  0.353008  0.350884  0.370379  0.371088  0.371888  0.369858  0.327568  0.351381  0.41576  
0.737997  1.42841  2.23382  2.61223  3.50999  4.19334  4.58435  6.66252  6.70161  7.42497  8.20645  8.98021  10.1358  10.9838  10.4884  11.295  11.9541  13.9779  14.1014  12.6148  15.3097  14.413  16.0929  21.9327  0.368999  0.357102  0.372303  0.326529  0.350999  0.349445  0.327454  0.416408  0.372312  0.371248  0.373021  0.374175  0.389838  0.39228  0.349613  0.352968  0.351591  0.388275  0.371088  0.31537  0.364516  0.327568  0.349846  0.456932  
0.953523  1.48675  1.69683  2.71153  3.15029  3.93236  4.58271  6.57972  6.61565  7.42933  6.93326  8.94694  11.8759  10.9838  11.8371  12.7397  11.5506  15.77  14.1014  14.8755  14.7044  17.2487  18.055  15.6862  0.476761  0.371687  0.282805  0.338942  0.315029  0.327697  0.327336  0.411233  0.367536  0.371466  0.315148  0.372789  0.456766  0.39228  0.39457  0.398115  0.339724  0.438055  0.371088  0.371888  0.350105  0.392016  0.3925  0.326796  
0.790073  1.48675  2.23382  2.61223  3.91257  3.92  4.5817  5.59911  7.08646  7.43235  6.672  8.87143  9.65743  11.0165  10.4884  11.7852  11.9178  15.6834  14.1014  11.4961  14.2313  13.964  16.1485  19.8019  0.395037  0.371687  0.372303  0.326529  0.391257  0.326666  0.327264  0.349944  0.393692  0.371617  0.303273  0.369643  0.37144  0.393448  0.349613  0.368289  0.350524  0.435651  0.371088  0.287402  0.338839  0.317363  0.351054  0.412539  
