1 9.80881e-05 9.55428e-05
9.8084e-05 1 5.63408e-05
7.7125e-05 9.45312e-05 1
0.998509 0.0386077 0.0386007
0.993761 0.105832 0.0351985
0.988765 0.0472323 0.14182
0.979188 0.200916 0.0286926
0.980569 0.100902 0.168235
0.975027 0.19044 0.114262
0.955505 0.0416497 0.292021
0.940322 0.339533 0.0226225
0.957959 0.176019 0.226567
0.945627 0.29611 0.134571
0.925625 0.0850748 0.368756
0.916042 0.390817 0.0901631
0.921028 0.161133 0.354604
0.920655 0.308136 0.23968
0.860427 0.0338954 0.508445
0.840185 0.542019 0.017484
0.895398 0.294577 0.333895
0.868863 0.461007 0.180415
0.846487 0.143553 0.512691
0.820194 0.562524 0.10416
0.845973 0.247394 0.472362
0.842289 0.444871 0.304366
0.763262 0.0664023 0.642667
0.749572 0.658411 0.0680965
0.808917 0.331912 0.485271
0.788701 0.544599 0.285242
0.728764 0.124589 0.673335
0.734507 0.653467 0.182978
0.738302 0.245778 0.628095
0.754036 0.492525 0.434568
0.628576 0.0247493 0.777354
0.608433 0.793506 0.0125503
0.716972 0.477299 0.508071
0.668327 0.699516 0.253016
0.645553 0.223423 0.730304
0.599933 0.789554 0.129173
0.651122 0.371315 0.661941
0.643381 0.644507 0.413124
0.547612 0.101814 0.830515
0.52258 0.849547 0.0719753
0.607707 0.468042 0.641584
0.577442 0.733616 0.358285
0.516933 0.173895 0.838177
0.514366 0.830999 0.211821
0.529336 0.330006 0.781601
0.54372 0.64624 0.535483
0.422066 0.0444784 0.905473
0.410024 0.910975 0.0447638
0.50378 0.551113 0.665192
0.464058 0.816049 0.34455
0.424815 0.223385 0.877287
0.402972 0.896118 0.185972
0.433059 0.395512 0.809957
0.435761 0.727061 0.530561
0.339606 0.0791652 0.93723
0.337772 0.934212 0.114711
0.393973 0.496018 0.77379
0.376829 0.807853 0.453182
0.313539 0.153339 0.937113
0.326741 0.903721 0.276638
0.32256 0.321908 0.890129
0.340106 0.685385 0.643875
0.242226 0.0152592 0.9701
0.231328 0.972846 0.0076317
0.304731 0.662794 0.68399
0.266138 0.910565 0.316295
0.252643 0.29453 0.921642
0.220944 0.964053 0.147597
0.251235 0.485757 0.83721
0.242229 0.824502 0.511391
0.190669 0.128989 0.973143
0.173929 0.981954 0.0742639
0.214163 0.587782 0.780158
0.194254 0.887355 0.418169
0.165553 0.210859 0.963396
0.159139 0.959406 0.23284
0.163733 0.395918 0.903571
0.164486 0.76916 0.617525
0.117036 0.0573473 0.991471
0.108115 0.993319 0.0403519
0.136454 0.643803 0.752926
0.117691 0.919925 0.374014
0.102339 0.256851 0.961017
0.0908164 0.977224 0.191794
0.0952893 0.449294 0.888288
0.090403 0.813327 0.57474
0.0640576 0.0933107 0.993574
0.0583705 0.991977 0.112138
0.0642128 0.551035 0.832008
0.0555527 0.877756 0.475876
0.0404683 0.17154 0.984346
0.0366864 0.959036 0.280899
0.0306519 0.352015 0.935492
0.0257534 0.739195 0.672999
0.0133742 0.0239781 0.999623
0.00800405 0.99968 0.0239785
0.00270515 0.673218 0.739439
