1.99984 0.00020762
0.000396308 3.95129
1.99441 0.0102326
1.98765 0.0309038
1.98266 0.0519103
1.97847 0.073281
1.97475 0.0950453
1.97136 0.117224
1.96819 0.139815
1.9652 0.162864
1.96235 0.186373
1.9596 0.210359
1.95695 0.234842
1.95437 0.259837
1.95184 0.285364
1.94936 0.311445
1.94693 0.338096
1.94453 0.365342
1.94215 0.393203
1.93979 0.421688
1.93745 0.450861
1.93512 0.480706
1.9328 0.511262
1.93048 0.542562
1.92816 0.574626
1.92584 0.607466
1.92351 0.641178
1.92117 0.675714
1.91882 0.711173
1.91645 0.747559
1.91407 0.78491
1.38951 0.794947
1.38951 0.794947
1.38951 0.794947
1.38951 0.794947
1.38951 0.794947
1.38951 0.794947
1.38951 0.794947
1.37424 0.815614
1.3654 0.846327
1.3586 0.879096
1.35277 0.913418
1.34752 0.949133
1.34266 0.986204
1.33806 1.02465
1.33366 1.06449
1.3294 1.10577
1.32525 1.14856
1.32117 1.19291
1.31714 1.2389
1.31315 1.28663
1.30916 1.33616
1.30518 1.38762
1.30117 1.44109
1.29714 1.4967
1.29307 1.55459
0.832974 1.59328
0.832974 1.59328
0.832974 1.59328
0.832974 1.59328
0.832974 1.59328
0.832974 1.59328
0.832974 1.59328
0.832974 1.59328
0.832974 1.59328
0.832974 1.59328
0.828479 1.59514
0.811529 1.63555
0.800471 1.68988
0.791279 1.7512
0.783018 1.8182
0.775279 1.8906
0.767833 1.96845
0.760528 2.052
0.753254 2.14161
0.745916 2.23775
0.738428 2.34097
0.391236 2.38997
0.391236 2.38997
0.391236 2.38997
0.391236 2.38997
0.391236 2.38997
0.391236 2.38997
0.391236 2.38997
0.391236 2.38997
0.391236 2.38997
0.383072 2.39775
0.362982 2.4828
0.34721 2.61162
0.33264 2.77201
0.31805 2.96288
0.107418 3.18052
0.107418 3.18052
0.107418 3.18052
0.107418 3.18052
0.107418 3.18052
0.107418 3.18052
0.0858838 3.28071
0.0570726 3.67164
0.0042661 3.8951
