1.98004 0.000197288 0.000183884
0.000392064 3.92041 0.000378932
0.000587115 0.000586806 5.87411
1.63229 0.0631246 0.063118
1.44017 0.153363 0.0511152
1.58296 0.0755965 0.22689
1.27894 0.262332 0.0373869
1.43201 0.147385 0.24539
1.28215 0.250383 0.150267
1.58303 0.0691091 0.483657
1.11796 0.403647 0.0268287
1.28899 0.237128 0.304751
1.14938 0.359961 0.163425
1.44027 0.132353 0.573747
1.06038 0.452358 0.104399
1.29331 0.226323 0.497633
1.12343 0.376003 0.292234
1.58009 0.0622459 0.933023
0.937717 0.604893 0.0195048
1.12334 0.36956 0.418868
0.987405 0.523935 0.204844
1.29102 0.218895 0.781681
0.910994 0.624743 0.115696
1.14955 0.336199 0.641324
0.982839 0.519165 0.355175
1.2527 0.0135025 1.19242
0.834403 0.732989 0.075825
1.051 0.431294 0.630365
0.90014 0.621523 0.325514
1.27675 0.218387 1.17955
0.824339 0.733411 0.205296
1.10392 0.367458 0.938992
0.911539 0.595319 0.525291
1.10906 0.0442215 1.37156
0.713868 0.930971 0.0147571
0.902582 0.600849 0.639301
0.77025 0.806249 0.291537
0.771402 0.290101 1.19242
0.703581 0.926068 0.151484
0.942879 0.537628 0.958181
0.778397 0.779791 0.499516
0.888833 0.165539 1.3478
0.641622 1.04304 0.0883453
0.851364 0.655753 0.898724
0.706341 0.897389 0.438157
0.781256 0.262844 1.26676
0.637824 1.03038 0.262639
0.621152 0.463539 1.19242
0.721083 0.85701 0.709811
0.949163 0.100135 2.03566
0.55131 1.22464 0.0602197
0.741539 0.811215 0.978717
0.608532 1.06986 0.451708
0.678704 0.357147 1.40155
0.545266 1.21247 0.251654
0.621152 0.463539 1.19242
0.618565 1.03195 0.753063
0.810762 0.189546 2.23648
0.487486 1.34831 0.165544
0.506934 0.632585 1.19242
0.548176 1.17515 0.659145
0.67339 0.32917 2.0115
0.482724 1.33514 0.408691
0.537446 0.536219 1.48257
0.560031 1.12833 1.05999
0.62604 0.0398019 2.50693
0.387177 1.62806 0.0127788
0.353717 0.926596 1.19242
0.426944 1.46059 0.507364
0.495792 0.578004 1.8071
0.372815 1.62655 0.249067
0.403825 0.780512 1.345
0.423841 1.44202 0.894197
0.429024 0.209004 2.38991
0.318791 1.79883 0.135935
0.340364 0.933489 1.23901
0.356471 1.6287 0.767286
0.228498 0.519728 2.38991
0.301555 1.81802 0.441247
0.348994 0.843646 1.92479
0.178229 1.41735 1.19242
0.385819 0.189056 3.26708
0.229735 2.11092 0.0856636
0.244987 1.15547 1.35158
0.250687 1.95953 0.796579
0.205172 0.571029 2.38991
0.202256 2.1734 0.426074
0.235441 1.10752 2.18889
0.116493 1.66517 1.19242
0.191434 0.10973 3.58496
0.144135 2.44869 0.276771
0.160121 1.35979 2.05291
0.0499639 2.0405 1.19242
0.143665 0.604393 3.46727
0.100787 2.63329 0.77083
0.0808281 0.919713 2.44311
0.06504 1.83598 1.67089
0.0422653 0.0440292 4.77078
0.0265774 3.31779 0.0795459
0.00042357 1.61282 2.38991
