0.564124  0.917472  0.11661  0.440481  0.946096  0.347573  0.251482  0.564124  0.917472  0.11661  0.440481  0.946096  0.347573  0.251482  
0.786994  0.16368  0.397118  0.0857991  0.535425  0.879875  0.528624  0.786994  0.16368  0.397118  0.0857991  0.535425  0.879875  0.528624  
0.787269  0.793085  0.91823  0.714834  0.255809  0.812159  0.442116  0.787269  0.793085  0.91823  0.714834  0.255809  0.812159  0.442116  
0.874131  0.873075  0.50303  0.49266  0.0563051  0.220912  0.379184  0.874131  0.873075  0.50303  0.49266  0.0563051  0.220912  0.379184  
0.745204  0.0949977  0.0794681  0.865498  0.152082  0.559747  0.887805  0.745204  0.0949977  0.0794681  0.865498  0.152082  0.559747  0.887805  
0.656274  0.36988  0.0535603  0.956216  0.349248  0.885532  0.0326545  0.656274  0.36988  0.0535603  0.956216  0.349248  0.885532  0.0326545  
0.176639  0.600125  0.74914  0.0445421  0.751472  0.710558  0.84368  0.176639  0.600125  0.74914  0.0445421  0.751472  0.710558  0.84368  
0.361436  0.882063  0.207471  0.383827  0.536953  0.653131  0.504031  0.361436  0.882063  0.207471  0.383827  0.536953  0.653131  0.504031  
0.65512  0.832434  0.72964  0.655758  0.489208  0.645769  0.988134  0.65512  0.832434  0.72964  0.655758  0.489208  0.645769  0.988134  
0.955568  0.698609  0.113261  0.441733  0.0818425  0.465933  0.191216  0.955568  0.698609  0.113261  0.441733  0.0818425  0.465933  0.191216  
0.795196  0.620513  0.911732  0.56207  0.662385  0.500717  0.0492921  0.795196  0.620513  0.911732  0.56207  0.662385  0.500717  0.0492921  
0.687678  0.345855  0.722026  0.39409  0.462168  0.559046  0.764517  0.687678  0.345855  0.722026  0.39409  0.462168  0.559046  0.764517  
0.962701  0.59497  0.255147  0.83569  0.404313  0.259478  0.113275  0.962701  0.59497  0.255147  0.83569  0.404313  0.259478  0.113275  
0.990915  0.157048  0.728464  0.557248  0.173568  0.835653  0.301993  0.990915  0.157048  0.728464  0.557248  0.173568  0.835653  0.301993  
0.870459  0.58225  0.16566  0.595664  0.71971  0.524202  0.965847  0.870459  0.58225  0.16566  0.595664  0.71971  0.524202  0.965847  
0.784554  0.10672  0.146326  0.687566  0.992876  0.404799  0.20892  0.784554  0.10672  0.146326  0.687566  0.992876  0.404799  0.20892  
0.994675  0.617682  0.124852  0.741809  0.695976  0.686688  0.770409  0.994675  0.617682  0.124852  0.741809  0.695976  0.686688  0.770409  
0.909435  0.472442  0.671037  0.573109  0.380086  0.209237  0.166651  0.909435  0.472442  0.671037  0.573109  0.380086  0.209237  0.166651  
0.387931  0.103132  0.675462  0.465027  0.190299  0.909767  0.234947  0.387931  0.103132  0.675462  0.465027  0.190299  0.909767  0.234947  
0.109899  0.584376  0.936153  0.561979  0.159328  0.216172  0.589282  0.109899  0.584376  0.936153  0.561979  0.159328  0.216172  0.589282  
0.0899662  0.593497  0.200469  0.724866  0.263381  0.355879  0.434672  0.0899662  0.593497  0.200469  0.724866  0.263381  0.355879  0.434672  
0.0395148  0.81719  0.699124  0.129244  0.420475  0.827099  0.801887  0.0395148  0.81719  0.699124  0.129244  0.420475  0.827099  0.801887  
0.924644  0.0210084  0.885103  0.961364  0.717497  0.899555  0.910696  0.924644  0.0210084  0.885103  0.961364  0.717497  0.899555  0.910696  
0.289693  0.650305  0.98111  0.50558  0.33951  0.992226  0.59973  0.289693  0.650305  0.98111  0.50558  0.33951  0.992226  0.59973  
0.388255  0.672842  0.18723  0.265292  0.900533  0.397146  0.609095  0.388255  0.672842  0.18723  0.265292  0.900533  0.397146  0.609095  
0.832016  0.165653  0.487508  0.162585  0.455428  0.62387  0.086062  0.832016  0.165653  0.487508  0.162585  0.455428  0.62387  0.086062  
0.516754  0.0243814  0.399251  0.412147  0.464703  0.21938  0.655607  0.516754  0.0243814  0.399251  0.412147  0.464703  0.21938  0.655607  
0.606834  0.493484  0.710199  0.393263  0.361023  0.611272  0.953216  0.606834  0.493484  0.710199  0.393263  0.361023  0.611272  0.953216  
0.97021  0.665853  0.850791  0.00301281  0.720839  0.166624  0.844739  0.97021  0.665853  0.850791  0.00301281  0.720839  0.166624  0.844739  
0.92444  0.685999  0.0874071  0.820781  0.00508616  0.246322  0.603428  0.92444  0.685999  0.0874071  0.820781  0.00508616  0.246322  0.603428  
0.635289  0.11082  0.00740376  0.497937  0.12228  0.089822  0.0212129  0.635289  0.11082  0.00740376  0.497937  0.12228  0.089822  0.0212129  
0.575625  0.566633  0.181452  0.824388  0.409978  0.788341  0.0405351  0.575625  0.566633  0.181452  0.824388  0.409978  0.788341  0.0405351  
0.158863  0.498  0.943547  0.552925  0.0291463  0.11697  0.187183  0.158863  0.498  0.943547  0.552925  0.0291463  0.11697  0.187183  
0.0493179  0.164453  0.278373  0.052283  0.0845255  0.531055  0.944925  0.0493179  0.164453  0.278373  0.052283  0.0845255  0.531055  0.944925  
0.118563  0.713619  0.491907  0.228132  0.956855  0.541838  0.564442  0.118563  0.713619  0.491907  0.228132  0.956855  0.541838  0.564442  
0.655384  0.347826  0.498915  0.955147  0.373185  0.769415  0.244044  0.655384  0.347826  0.498915  0.955147  0.373185  0.769415  0.244044  
0.735823  0.722999  0.272209  0.751238  0.931472  0.510165  0.0946986  0.735823  0.722999  0.272209  0.751238  0.931472  0.510165  0.0946986  
0.600456  0.648477  0.822078  0.0923224  0.0892379  0.428271  0.863201  0.600456  0.648477  0.822078  0.0923224  0.0892379  0.428271  0.863201  
0.877443  0.652054  0.646637  0.136172  0.0305102  0.521572  0.1196  0.877443  0.652054  0.646637  0.136172  0.0305102  0.521572  0.1196  
0.8713  0.0344336  0.180344  0.184863  0.622517  0.290907  0.493888  0.8713  0.0344336  0.180344  0.184863  0.622517  0.290907  0.493888  
0.747195  0.668362  0.727661  0.925866  0.530083  0.592081  0.0735576  0.747195  0.668362  0.727661  0.925866  0.530083  0.592081  0.0735576  
0.179809  0.833176  0.334611  0.0670529  0.97771  0.655139  0.294747  0.179809  0.833176  0.334611  0.0670529  0.97771  0.655139  0.294747  
0.221267  0.603146  0.597989  0.808072  0.651091  0.652471  0.00820045  0.221267  0.603146  0.597989  0.808072  0.651091  0.652471  0.00820045  
0.76523  0.194277  0.722518  0.963139  0.805235  0.675398  0.703836  0.76523  0.194277  0.722518  0.963139  0.805235  0.675398  0.703836  
0.296505  0.393846  0.356037  0.961872  0.313923  0.764557  0.753798  0.296505  0.393846  0.356037  0.961872  0.313923  0.764557  0.753798  
0.245446  0.325362  0.802093  0.117925  0.273217  0.0258063  0.494582  0.245446  0.325362  0.802093  0.117925  0.273217  0.0258063  0.494582  
0.913669  0.227396  0.712499  0.738593  0.463159  0.73943  0.901019  0.913669  0.227396  0.712499  0.738593  0.463159  0.73943  0.901019  
0.207816  0.148147  0.113979  0.226048  0.631716  0.866057  0.192424  0.207816  0.148147  0.113979  0.226048  0.631716  0.866057  0.192424  
0.932244  0.426635  0.268916  0.5219  0.129704  0.28806  0.394035  0.932244  0.426635  0.268916  0.5219  0.129704  0.28806  0.394035  
0.354428  0.0391242  0.0704084  0.0132902  0.0651154  0.451969  0.470076  0.354428  0.0391242  0.0704084  0.0132902  0.0651154  0.451969  0.470076  
0.416835  0.0275105  0.323866  0.766882  0.800879  0.0446085  0.222764  0.416835  0.0275105  0.323866  0.766882  0.800879  0.0446085  0.222764  
0.280067  0.78371  0.693794  0.376469  0.920644  0.676305  0.336084  0.280067  0.78371  0.693794  0.376469  0.920644  0.676305  0.336084  
0.943254  0.615513  0.0630808  0.990349  0.0336613  0.190513  0.464104  0.943254  0.615513  0.0630808  0.990349  0.0336613  0.190513  0.464104  
0.551938  0.636816  0.451866  0.385381  0.340742  0.213229  0.433357  0.551938  0.636816  0.451866  0.385381  0.340742  0.213229  0.433357  
0.193274  0.651578  0.503633  0.872871  0.286748  0.258746  0.374681  0.193274  0.651578  0.503633  0.872871  0.286748  0.258746  0.374681  
0.548764  0.849702  0.991835  0.579084  0.703772  0.660801  0.990458  0.548764  0.849702  0.991835  0.579084  0.703772  0.660801  0.990458  
0.199307  0.136328  0.983362  0.0724472  0.566616  0.974408  0.775908  0.199307  0.136328  0.983362  0.0724472  0.566616  0.974408  0.775908  
0.11523  0.149679  0.537754  0.5178  0.699678  0.59321  0.211195  0.11523  0.149679  0.537754  0.5178  0.699678  0.59321  0.211195  
0.0468883  0.828495  0.105802  0.506079  0.576501  0.425707  0.854226  0.0468883  0.828495  0.105802  0.506079  0.576501  0.425707  0.854226  
0.665619  0.730998  0.482093  0.621492  0.772901  0.647188  0.313062  0.665619  0.730998  0.482093  0.621492  0.772901  0.647188  0.313062  
0.801809  0.780704  0.621215  0.948933  0.1892  0.717069  0.104337  0.801809  0.780704  0.621215  0.948933  0.1892  0.717069  0.104337  
0.727187  0.837217  0.627393  0.950734  0.289814  0.948797  0.845575  0.727187  0.837217  0.627393  0.950734  0.289814  0.948797  0.845575  
0.93443  0.418503  0.198099  0.422596  0.519377  0.479661  0.0841165  0.93443  0.418503  0.198099  0.422596  0.519377  0.479661  0.0841165  
0.364546  0.834126  0.902588  0.252298  0.698786  0.780219  0.536207  0.364546  0.834126  0.902588  0.252298  0.698786  0.780219  0.536207  
0.630985  0.55803  0.579599  0.29697  0.387811  0.245022  0.847575  0.630985  0.55803  0.579599  0.29697  0.387811  0.245022  0.847575  
0.0748442  0.739091  0.659546  0.57333  0.87248  0.0162642  0.793851  0.0748442  0.739091  0.659546  0.57333  0.87248  0.0162642  0.793851  
0.313921  0.0498142  0.739304  0.889623  0.865831  0.360911  0.88558  0.313921  0.0498142  0.739304  0.889623  0.865831  0.360911  0.88558  
0.188725  0.326587  0.928059  0.512608  0.394305  0.283133  0.49627  0.188725  0.326587  0.928059  0.512608  0.394305  0.283133  0.49627  
0.0474212  0.0218565  0.321492  0.32682  0.499393  0.104747  0.0926787  0.0474212  0.0218565  0.321492  0.32682  0.499393  0.104747  0.0926787  
0.822691  0.224011  0.694217  0.25521  0.340894  0.676117  0.122829  0.822691  0.224011  0.694217  0.25521  0.340894  0.676117  0.122829  
0.990449  0.276095  0.092727  0.633939  0.770993  0.990239  0.286748  0.990449  0.276095  0.092727  0.633939  0.770993  0.990239  0.286748  
0.541323  0.423005  0.917321  0.987061  0.329557  0.262577  0.423333  0.541323  0.423005  0.917321  0.987061  0.329557  0.262577  0.423333  
0.58297  0.535869  0.640174  0.43817  0.512567  0.143894  0.75762  0.58297  0.535869  0.640174  0.43817  0.512567  0.143894  0.75762  
0.649591  0.956566  0.453276  0.295049  0.687093  0.0449961  0.381244  0.649591  0.956566  0.453276  0.295049  0.687093  0.0449961  0.381244  
0.197072  0.702584  0.439814  0.194461  0.0645851  0.30988  0.975763  0.197072  0.702584  0.439814  0.194461  0.0645851  0.30988  0.975763  
0.867134  0.633732  0.151831  0.516133  0.00802108  0.919957  0.394674  0.867134  0.633732  0.151831  0.516133  0.00802108  0.919957  0.394674  
0.22975  0.159737  0.312849  0.492232  0.0159134  0.876517  0.401963  0.22975  0.159737  0.312849  0.492232  0.0159134  0.876517  0.401963  
0.191514  0.780362  0.656315  0.538499  0.495948  0.447846  0.28665  0.191514  0.780362  0.656315  0.538499  0.495948  0.447846  0.28665  
0.623292  0.649902  0.911023  0.030003  0.157203  0.288531  0.683039  0.623292  0.649902  0.911023  0.030003  0.157203  0.288531  0.683039  
0.90992  0.491088  0.019138  0.441131  0.186178  0.635171  0.777266  0.90992  0.491088  0.019138  0.441131  0.186178  0.635171  0.777266  
0.230846  0.663746  0.587151  0.81781  0.136316  0.935438  0.473289  0.230846  0.663746  0.587151  0.81781  0.136316  0.935438  0.473289  
0.553029  0.0733005  0.855177  0.534087  0.548807  0.0690705  0.629938  0.553029  0.0733005  0.855177  0.534087  0.548807  0.0690705  0.629938  
0.274086  0.678596  0.565416  0.545995  0.219756  0.243542  0.326218  0.274086  0.678596  0.565416  0.545995  0.219756  0.243542  0.326218  
0.816854  0.350217  0.238453  0.194169  0.61964  0.277511  0.822523  0.816854  0.350217  0.238453  0.194169  0.61964  0.277511  0.822523  
0.664953  0.106253  0.0194704  0.459554  0.537329  0.136043  0.622439  0.664953  0.106253  0.0194704  0.459554  0.537329  0.136043  0.622439  
0.0996755  0.269566  0.637041  0.875473  0.991558  0.0962606  0.976387  0.0996755  0.269566  0.637041  0.875473  0.991558  0.0962606  0.976387  
0.238943  0.16273  0.0715355  0.386472  0.0847293  0.842262  0.86934  0.238943  0.16273  0.0715355  0.386472  0.0847293  0.842262  0.86934  
0.861224  0.212221  0.0342695  0.604273  0.656588  0.293227  0.623345  0.861224  0.212221  0.0342695  0.604273  0.656588  0.293227  0.623345  
0.868028  0.995993  0.759296  0.894081  0.709273  0.952252  0.748251  0.868028  0.995993  0.759296  0.894081  0.709273  0.952252  0.748251  
0.923214  0.167356  0.00676748  0.359377  0.249256  0.176633  0.852678  0.923214  0.167356  0.00676748  0.359377  0.249256  0.176633  0.852678  
0.437534  0.935591  0.25935  0.0746374  0.84531  0.868891  0.350845  0.437534  0.935591  0.25935  0.0746374  0.84531  0.868891  0.350845  
0.282907  0.0723954  0.612323  0.681306  0.588722  0.853593  0.349004  0.282907  0.0723954  0.612323  0.681306  0.588722  0.853593  0.349004  
0.544523  0.324712  0.927819  0.341107  0.0436181  0.925753  0.287654  0.544523  0.324712  0.927819  0.341107  0.0436181  0.925753  0.287654  
0.457394  0.0640357  0.0027658  0.814198  0.044587  0.695418  0.471242  0.457394  0.0640357  0.0027658  0.814198  0.044587  0.695418  0.471242  
0.403896  0.115724  0.333835  0.501682  0.790618  0.657306  0.231806  0.403896  0.115724  0.333835  0.501682  0.790618  0.657306  0.231806  
0.41187  0.569597  0.988525  0.77039  0.727301  0.790311  0.655491  0.41187  0.569597  0.988525  0.77039  0.727301  0.790311  0.655491  
0.309854  0.360573  0.777393  0.391081  0.795307  0.284174  0.400209  0.309854  0.360573  0.777393  0.391081  0.795307  0.284174  0.400209  
0.844598  0.0422117  0.98868  0.102475  0.784069  0.232121  0.315551  0.844598  0.0422117  0.98868  0.102475  0.784069  0.232121  0.315551  
0.97968  0.337702  0.759242  0.825866  0.780793  0.486496  0.00920663  0.97968  0.337702  0.759242  0.825866  0.780793  0.486496  0.00920663  
0.887015  0.304874  0.573887  0.0285104  0.356411  0.284779  0.19308  0.887015  0.304874  0.573887  0.0285104  0.356411  0.284779  0.19308  
0.999906  0.999902  0.5  0.5  0.5  0.5  0.5  0.999906  0.999902  0.5  0.5  0.5  0.5  0.5  
0.999914  9.99315e-05  0.5  0.5  0.5  0.5  0.5  0.999914  9.99315e-05  0.5  0.5  0.5  0.5  0.5  
0.000193512  0.506985  0.5  0.5  0.5  0.5  0.5  0.000193512  0.506985  0.5  0.5  0.5  0.5  0.5  
0.964113  0.962772  0.5  0.5  0.5  0.5  0.5  0.964113  0.962772  0.5  0.5  0.5  0.5  0.5  
0.968916  0.903751  0.5  0.5  0.5  0.5  0.5  0.968916  0.903751  0.5  0.5  0.5  0.5  0.5  
0.879601  0.954373  0.5  0.5  0.5  0.5  0.5  0.879601  0.954373  0.5  0.5  0.5  0.5  0.5  
0.976259  0.829745  0.5  0.5  0.5  0.5  0.5  0.976259  0.829745  0.5  0.5  0.5  0.5  0.5  
0.865385  0.90667  0.5  0.5  0.5  0.5  0.5  0.865385  0.90667  0.5  0.5  0.5  0.5  0.5  
0.910708  0.836579  0.5  0.5  0.5  0.5  0.5  0.910708  0.836579  0.5  0.5  0.5  0.5  0.5  
0.773493  0.958172  0.5  0.5  0.5  0.5  0.5  0.773493  0.958172  0.5  0.5  0.5  0.5  0.5  
0.98263  0.734708  0.5  0.5  0.5  0.5  0.5  0.98263  0.734708  0.5  0.5  0.5  0.5  0.5  
0.83348  0.844638  0.5  0.5  0.5  0.5  0.5  0.83348  0.844638  0.5  0.5  0.5  0.5  0.5  
0.902209  0.761555  0.5  0.5  0.5  0.5  0.5  0.902209  0.761555  0.5  0.5  0.5  0.5  0.5  
0.732677  0.915807  0.5  0.5  0.5  0.5  0.5  0.732677  0.915807  0.5  0.5  0.5  0.5  0.5  
0.935449  0.700929  0.5  0.5  0.5  0.5  0.5  0.935449  0.700929  0.5  0.5  0.5  0.5  0.5  
0.753198  0.851064  0.5  0.5  0.5  0.5  0.5  0.753198  0.851064  0.5  0.5  0.5  0.5  0.5  
0.836775  0.749241  0.5  0.5  0.5  0.5  0.5  0.836775  0.749241  0.5  0.5  0.5  0.5  0.5  
0.637525  0.962124  0.5  0.5  0.5  0.5  0.5  0.637525  0.962124  0.5  0.5  0.5  0.5  0.5  
0.987543  0.607856  0.5  0.5  0.5  0.5  0.5  0.987543  0.607856  0.5  0.5  0.5  0.5  0.5  
0.780894  0.752445  0.5  0.5  0.5  0.5  0.5  0.780894  0.752445  0.5  0.5  0.5  0.5  0.5  
0.880539  0.653302  0.5  0.5  0.5  0.5  0.5  0.880539  0.653302  0.5  0.5  0.5  0.5  0.5  
0.658815  0.854998  0.5  0.5  0.5  0.5  0.5  0.658815  0.854998  0.5  0.5  0.5  0.5  0.5  
0.929951  0.593191  0.5  0.5  0.5  0.5  0.5  0.929951  0.593191  0.5  0.5  0.5  0.5  0.5  
0.698312  0.773695  0.5  0.5  0.5  0.5  0.5  0.698312  0.773695  0.5  0.5  0.5  0.5  0.5  
0.808747  0.654355  0.5  0.5  0.5  0.5  0.5  0.808747  0.654355  0.5  0.5  0.5  0.5  0.5  
0.56353  0.919887  0.5  0.5  0.5  0.5  0.5  0.56353  0.919887  0.5  0.5  0.5  0.5  0.5  
0.953859  0.532367  0.5  0.5  0.5  0.5  0.5  0.953859  0.532367  0.5  0.5  0.5  0.5  0.5  
0.701596  0.709001  0.5  0.5  0.5  0.5  0.5  0.701596  0.709001  0.5  0.5  0.5  0.5  0.5  
0.823752  0.591531  0.5  0.5  0.5  0.5  0.5  0.823752  0.591531  0.5  0.5  0.5  0.5  0.5  
0.558966  0.853933  0.5  0.5  0.5  0.5  0.5  0.558966  0.853933  0.5  0.5  0.5  0.5  0.5  
0.883531  0.529177  0.5  0.5  0.5  0.5  0.5  0.883531  0.529177  0.5  0.5  0.5  0.5  0.5  
0.610393  0.750241  0.5  0.5  0.5  0.5  0.5  0.610393  0.750241  0.5  0.5  0.5  0.5  0.5  
0.741489  0.604911  0.5  0.5  0.5  0.5  0.5  0.741489  0.604911  0.5  0.5  0.5  0.5  0.5  
0.45671  0.961864  0.5  0.5  0.5  0.5  0.5  0.45671  0.961864  0.5  0.5  0.5  0.5  0.5  
0.991097  0.434003  0.5  0.5  0.5  0.5  0.5  0.991097  0.434003  0.5  0.5  0.5  0.5  0.5  
0.701534  0.60034  0.5  0.5  0.5  0.5  0.5  0.701534  0.60034  0.5  0.5  0.5  0.5  0.5  
0.843924  0.488594  0.5  0.5  0.5  0.5  0.5  0.843924  0.488594  0.5  0.5  0.5  0.5  0.5  
0.543399  0.742793  0.5  0.5  0.5  0.5  0.5  0.543399  0.742793  0.5  0.5  0.5  0.5  0.5  
0.914935  0.431768  0.5  0.5  0.5  0.5  0.5  0.914935  0.431768  0.5  0.5  0.5  0.5  0.5  
0.607008  0.636856  0.5  0.5  0.5  0.5  0.5  0.607008  0.636856  0.5  0.5  0.5  0.5  0.5  
0.757124  0.499568  0.5  0.5  0.5  0.5  0.5  0.757124  0.499568  0.5  0.5  0.5  0.5  0.5  
0.438894  0.843023  0.5  0.5  0.5  0.5  0.5  0.438894  0.843023  0.5  0.5  0.5  0.5  0.5  
0.950149  0.380854  0.5  0.5  0.5  0.5  0.5  0.950149  0.380854  0.5  0.5  0.5  0.5  0.5  
0.62643  0.564833  0.5  0.5  0.5  0.5  0.5  0.62643  0.564833  0.5  0.5  0.5  0.5  0.5  
0.785375  0.44044  0.5  0.5  0.5  0.5  0.5  0.785375  0.44044  0.5  0.5  0.5  0.5  0.5  
0.451845  0.748211  0.5  0.5  0.5  0.5  0.5  0.451845  0.748211  0.5  0.5  0.5  0.5  0.5  
0.863977  0.382341  0.5  0.5  0.5  0.5  0.5  0.863977  0.382341  0.5  0.5  0.5  0.5  0.5  
0.523755  0.616092  0.5  0.5  0.5  0.5  0.5  0.523755  0.616092  0.5  0.5  0.5  0.5  0.5  
0.689652  0.4569  0.5  0.5  0.5  0.5  0.5  0.689652  0.4569  0.5  0.5  0.5  0.5  0.5  
0.340023  0.904719  0.5  0.5  0.5  0.5  0.5  0.340023  0.904719  0.5  0.5  0.5  0.5  0.5  
0.967196  0.310402  0.5  0.5  0.5  0.5  0.5  0.967196  0.310402  0.5  0.5  0.5  0.5  0.5  
0.613305  0.477567  0.5  0.5  0.5  0.5  0.5  0.613305  0.477567  0.5  0.5  0.5  0.5  0.5  
0.787922  0.362527  0.5  0.5  0.5  0.5  0.5  0.787922  0.362527  0.5  0.5  0.5  0.5  0.5  
0.42501  0.655147  0.5  0.5  0.5  0.5  0.5  0.42501  0.655147  0.5  0.5  0.5  0.5  0.5  
0.874769  0.310195  0.5  0.5  0.5  0.5  0.5  0.874769  0.310195  0.5  0.5  0.5  0.5  0.5  
0.505705  0.522651  0.5  0.5  0.5  0.5  0.5  0.505705  0.522651  0.5  0.5  0.5  0.5  0.5  
0.686682  0.374769  0.5  0.5  0.5  0.5  0.5  0.686682  0.374769  0.5  0.5  0.5  0.5  0.5  
0.308981  0.810498  0.5  0.5  0.5  0.5  0.5  0.308981  0.810498  0.5  0.5  0.5  0.5  0.5  
0.917289  0.265556  0.5  0.5  0.5  0.5  0.5  0.917289  0.265556  0.5  0.5  0.5  0.5  0.5  
0.534907  0.442685  0.5  0.5  0.5  0.5  0.5  0.534907  0.442685  0.5  0.5  0.5  0.5  0.5  
0.723302  0.318077  0.5  0.5  0.5  0.5  0.5  0.723302  0.318077  0.5  0.5  0.5  0.5  0.5  
0.332613  0.67168  0.5  0.5  0.5  0.5  0.5  0.332613  0.67168  0.5  0.5  0.5  0.5  0.5  
0.816435  0.265533  0.5  0.5  0.5  0.5  0.5  0.816435  0.265533  0.5  0.5  0.5  0.5  0.5  
0.419975  0.500627  0.5  0.5  0.5  0.5  0.5  0.419975  0.500627  0.5  0.5  0.5  0.5  0.5  
0.614318  0.331658  0.5  0.5  0.5  0.5  0.5  0.614318  0.331658  0.5  0.5  0.5  0.5  0.5  
0.209814  0.940321  0.5  0.5  0.5  0.5  0.5  0.209814  0.940321  0.5  0.5  0.5  0.5  0.5  
0.993681  0.19212  0.5  0.5  0.5  0.5  0.5  0.993681  0.19212  0.5  0.5  0.5  0.5  0.5  
0.585904  0.314983  0.5  0.5  0.5  0.5  0.5  0.585904  0.314983  0.5  0.5  0.5  0.5  0.5  
0.788144  0.22617  0.5  0.5  0.5  0.5  0.5  0.788144  0.22617  0.5  0.5  0.5  0.5  0.5  
0.372529  0.461743  0.5  0.5  0.5  0.5  0.5  0.372529  0.461743  0.5  0.5  0.5  0.5  0.5  
0.889213  0.186457  0.5  0.5  0.5  0.5  0.5  0.889213  0.186457  0.5  0.5  0.5  0.5  0.5  
0.468219  0.340982  0.5  0.5  0.5  0.5  0.5  0.468219  0.340982  0.5  0.5  0.5  0.5  0.5  
0.675955  0.227114  0.5  0.5  0.5  0.5  0.5  0.675955  0.227114  0.5  0.5  0.5  0.5  0.5  
0.24737  0.596136  0.5  0.5  0.5  0.5  0.5  0.24737  0.596136  0.5  0.5  0.5  0.5  0.5  
0.939686  0.150525  0.5  0.5  0.5  0.5  0.5  0.939686  0.150525  0.5  0.5  0.5  0.5  0.5  
0.506946  0.267222  0.5  0.5  0.5  0.5  0.5  0.506946  0.267222  0.5  0.5  0.5  0.5  0.5  
0.72118  0.179595  0.5  0.5  0.5  0.5  0.5  0.72118  0.179595  0.5  0.5  0.5  0.5  0.5  
0.281084  0.439777  0.5  0.5  0.5  0.5  0.5  0.281084  0.439777  0.5  0.5  0.5  0.5  0.5  
0.827701  0.142253  0.5  0.5  0.5  0.5  0.5  0.827701  0.142253  0.5  0.5  0.5  0.5  0.5  
0.382507  0.292617  0.5  0.5  0.5  0.5  0.5  0.382507  0.292617  0.5  0.5  0.5  0.5  0.5  
0.601951  0.176331  0.5  0.5  0.5  0.5  0.5  0.601951  0.176331  0.5  0.5  0.5  0.5  0.5  
0.149577  0.671144  0.5  0.5  0.5  0.5  0.5  0.149577  0.671144  0.5  0.5  0.5  0.5  0.5  
0.964637  0.0981406  0.5  0.5  0.5  0.5  0.5  0.964637  0.0981406  0.5  0.5  0.5  0.5  0.5  
0.508904  0.174909  0.5  0.5  0.5  0.5  0.5  0.508904  0.174909  0.5  0.5  0.5  0.5  0.5  
0.735036  0.113424  0.5  0.5  0.5  0.5  0.5  0.735036  0.113424  0.5  0.5  0.5  0.5  0.5  
0.272291  0.285593  0.5  0.5  0.5  0.5  0.5  0.272291  0.285593  0.5  0.5  0.5  0.5  0.5  
0.847782  0.0851467  0.5  0.5  0.5  0.5  0.5  0.847782  0.0851467  0.5  0.5  0.5  0.5  0.5  
0.380201  0.175297  0.5  0.5  0.5  0.5  0.5  0.380201  0.175297  0.5  0.5  0.5  0.5  0.5  
0.611249  0.100007  0.5  0.5  0.5  0.5  0.5  0.611249  0.100007  0.5  0.5  0.5  0.5  0.5  
0.136805  0.406828  0.5  0.5  0.5  0.5  0.5  0.136805  0.406828  0.5  0.5  0.5  0.5  0.5  
0.90354  0.0555933  0.5  0.5  0.5  0.5  0.5  0.90354  0.0555933  0.5  0.5  0.5  0.5  0.5  
0.425397  0.10534  0.5  0.5  0.5  0.5  0.5  0.425397  0.10534  0.5  0.5  0.5  0.5  0.5  
0.662316  0.0595313  0.5  0.5  0.5  0.5  0.5  0.662316  0.0595313  0.5  0.5  0.5  0.5  0.5  
0.177449  0.192028  0.5  0.5  0.5  0.5  0.5  0.177449  0.192028  0.5  0.5  0.5  0.5  0.5  
0.77995  0.0368571  0.5  0.5  0.5  0.5  0.5  0.77995  0.0368571  0.5  0.5  0.5  0.5  0.5  
0.290489  0.0807996  0.5  0.5  0.5  0.5  0.5  0.290489  0.0807996  0.5  0.5  0.5  0.5  0.5  
0.532089  0.0342133  0.5  0.5  0.5  0.5  0.5  0.532089  0.0342133  0.5  0.5  0.5  0.5  0.5  
0.0360778  0.359159  0.5  0.5  0.5  0.5  0.5  0.0360778  0.359159  0.5  0.5  0.5  0.5  0.5  
0.976773  0.00794552  0.5  0.5  0.5  0.5  0.5  0.976773  0.00794552  0.5  0.5  0.5  0.5  0.5  
0.477913  0.00537328  0.5  0.5  0.5  0.5  0.5  0.477913  0.00537328  0.5  0.5  0.5  0.5  0.5  
