2.31484  1.65073  2.31484  1.65073  |||| 9600.08 |||| 9600.08 
2.13157  1.75264  2.13157  1.75264  |||| 8788.13 |||| 8788.13 
2.84816  2.04968  2.84816  2.04968  |||| 266.356 |||| 266.356 
2.7602  1.71623  2.7602  1.71623  |||| 66.9998 |||| 66.9998 
2.61971  0.986334  2.61971  0.986334  |||| 11.588 |||| 11.588 
3.16756  1.21164  3.16756  1.21164  |||| 14.5855 |||| 14.5855 
2.65123  1.97601  2.65123  1.97601  |||| 27.9907 |||| 27.9907 
2.40288  1.98151  2.40288  1.98151  |||| 22.9996 |||| 22.9996 
2.6808  1.5213  2.6808  1.5213  |||| 12.5225 |||| 12.5225 
2.1689  3.07103  2.1689  3.07103  |||| 31.1027 |||| 31.1027 
2.68179  2.45414  2.68179  2.45414  |||| 20.3312 |||| 20.3312 
2.17818  2.00262  2.17818  2.00262  |||| 13.5332 |||| 13.5332 
1.94796  1.93446  1.94796  1.93446  |||| 11.6081 |||| 11.6081 
2.16287  2.81738  2.16287  2.81738  |||| 18.1228 |||| 18.1228 
2.37507  1.52013  2.37507  1.52013  |||| 6.50256 |||| 6.50256 
2.451  2.13828  2.451  2.13828  |||| 10.5082 |||| 10.5082 
2.41775  1.38678  2.41775  1.38678  |||| 4.70441 |||| 4.70441 
2.69369  1.26943  2.69369  1.26943  |||| 3.65894 |||| 3.65894 
1.88989  2.41335  1.88989  2.41335  |||| 10.2314 |||| 10.2314 
2.44075  2.13291  2.44075  2.13291  |||| 8.07626 |||| 8.07626 
1.81571  2.35088  1.81571  2.35088  |||| 8.79433 |||| 8.79433 
2.82816  1.7568  2.82816  1.7568  |||| 5.35771 |||| 5.35771 
1.92276  1.82257  1.92276  1.82257  |||| 5.41076 |||| 5.41076 
2.87585  1.90638  2.87585  1.90638  |||| 5.54112 |||| 5.54112 
2.4358  1.85884  2.4358  1.85884  |||| 5.08778 |||| 5.08778 
2.46978  1.32633  2.46978  1.32633  |||| 2.65062 |||| 2.65062 
3.0136  1.54026  3.0136  1.54026  |||| 3.39816 |||| 3.39816 
2.62312  2.76724  2.62312  2.76724  |||| 7.98034 |||| 7.98034 
3.30909  1.46951  3.30909  1.46951  |||| 2.88005 |||| 2.88005 
1.5885  1.63913  1.5885  1.63913  |||| 3.37979 |||| 3.37979 
2.96445  1.27093  2.96445  1.27093  |||| 2.41361 |||| 2.41361 
2.91236  2.01069  2.91236  2.01069  |||| 4.38498 |||| 4.38498 
3.31598  1.46603  3.31598  1.46603  |||| 2.99548 |||| 2.99548 
2.93308  1.41206  2.93308  1.41206  |||| 2.47626 |||| 2.47626 
2.35169  1.35138  2.35169  1.35138  |||| 1.99213 |||| 1.99213 
2.94618  1.53032  2.94618  1.53032  |||| 2.57295 |||| 2.57295 
2.73211  2.02441  2.73211  2.02441  |||| 3.78845 |||| 3.78845 
2.25675  2.24996  2.25675  2.24996  |||| 4.30436 |||| 4.30436 
2.31796  1.72353  2.31796  1.72353  |||| 2.77301 |||| 2.77301 
3.4676  1.7221  3.4676  1.7221  |||| 3.58767 |||| 3.58767 
2.55993  1.39341  2.55993  1.39341  |||| 2.15298 |||| 2.15298 
3.2201  2.07486  3.2201  2.07486  |||| 3.43407 |||| 3.43407 
2.18299  1.36556  2.18299  1.36556  |||| 1.63293 |||| 1.63293 
2.49588  1.30088  2.49588  1.30088  |||| 2.15621 |||| 2.15621 
2.16492  1.63156  2.16492  1.63156  |||| 2.16946 |||| 2.16946 
2.42909  1.45305  2.42909  1.45305  |||| 2.11523 |||| 2.11523 
1.95999  2.42842  1.95999  2.42842  |||| 3.82684 |||| 3.82684 
2.25171  3.08813  2.25171  3.08813  |||| 5.16365 |||| 5.16365 
1.25276  2.56242  1.25276  2.56242  |||| 3.94464 |||| 3.94464 
2.81639  1.46121  2.81639  1.46121  |||| 3.03437 |||| 3.03437 
3.01487  2.3426  3.01487  2.3426  |||| 3.48861 |||| 3.48861 
3.25721  0.690723  3.25721  0.690723  |||| 4.05022 |||| 4.05022 
3.16847  2.86361  3.16847  2.86361  |||| 4.21669 |||| 4.21669 
1.94422  1.74822  1.94422  1.74822  |||| 2.01232 |||| 2.01232 
2.96208  1.86048  2.96208  1.86048  |||| 3.68161 |||| 3.68161 
1.89082  1.27148  1.89082  1.27148  |||| 1.40516 |||| 1.40516 
2.03149  2.86483  2.03149  2.86483  |||| 3.90941 |||| 3.90941 
1.94418  2.55527  1.94418  2.55527  |||| 3.29235 |||| 3.29235 
3.84695  1.57149  3.84695  1.57149  |||| 6.12605 |||| 6.12605 
1.73462  2.15709  1.73462  2.15709  |||| 2.4992 |||| 2.4992 
2.9036  2.24647  2.9036  2.24647  |||| 4.09576 |||| 4.09576 
2.59726  2.52706  2.59726  2.52706  |||| 3.42237 |||| 3.42237 
3.00434  2.51614  3.00434  2.51614  |||| 4.57745 |||| 4.57745 
3.19677  1.70001  3.19677  1.70001  |||| 5.21954 |||| 5.21954 
3.10484  2.11837  3.10484  2.11837  |||| 5.11278 |||| 5.11278 
1.95706  2.09316  1.95706  2.09316  |||| 2.16439 |||| 2.16439 
2.21128  1.48579  2.21128  1.48579  |||| 2.80402 |||| 2.80402 
3.01125  1.83719  3.01125  1.83719  |||| 5.30251 |||| 5.30251 
2.2497  1.63458  2.2497  1.63458  |||| 3.10158 |||| 3.10158 
1.93515  1.856  1.93515  1.856  |||| 2.1926 |||| 2.1926 
2.45956  1.35397  2.45956  1.35397  |||| 4.00904 |||| 4.00904 
1.9171  0.858988  1.9171  0.858988  |||| 2.28439 |||| 2.28439 
2.19171  1.31909  2.19171  1.31909  |||| 3.34606 |||| 3.34606 
2.44537  1.47493  2.44537  1.47493  |||| 4.41041 |||| 4.41041 
2.57221  2.26893  2.57221  2.26893  |||| 5.07082 |||| 5.07082 
2.19705  2.07397  2.19705  2.07397  |||| 3.77718 |||| 3.77718 
2.65659  1.82268  2.65659  1.82268  |||| 5.85427 |||| 5.85427 
2.48811  1.71524  2.48811  1.71524  |||| 5.38063 |||| 5.38063 
2.70218  1.05317  2.70218  1.05317  |||| 6.60663 |||| 6.60663 
2.72149  1.68338  2.72149  1.68338  |||| 7.02123 |||| 7.02123 
2.70628  2.21783  2.70628  2.21783  |||| 7.30487 |||| 7.30487 
2.60197  2.23753  2.60197  2.23753  |||| 7.14712 |||| 7.14712 
2.3084  1.84321  2.3084  1.84321  |||| 5.9116 |||| 5.9116 
2.50798  1.80048  2.50798  1.80048  |||| 7.45527 |||| 7.45527 
2.67302  1.28211  2.67302  1.28211  |||| 8.97971 |||| 8.97971 
2.10136  1.31097  2.10136  1.31097  |||| 5.73535 |||| 5.73535 
2.54169  1.74302  2.54169  1.74302  |||| 9.3567 |||| 9.3567 
3.27783  1.82721  3.27783  1.82721  |||| 15.8765 |||| 15.8765 
2.64916  2.01619  2.64916  2.01619  |||| 11.8997 |||| 11.8997 
1.89057  1.60596  1.89057  1.60596  |||| 5.95289 |||| 5.95289 
3.08809  2.70652  3.08809  2.70652  |||| 18.9328 |||| 18.9328 
3.2583  0.928486  3.2583  0.928486  |||| 23.1227 |||| 23.1227 
2.11225  2.5826  2.11225  2.5826  |||| 11.2306 |||| 11.2306 
1.88294  2.35558  1.88294  2.35558  |||| 9.50118 |||| 9.50118 
2.63398  1.34114  2.63398  1.34114  |||| 24.6108 |||| 24.6108 
2.29318  1.71627  2.29318  1.71627  |||| 22.658 |||| 22.658 
3.044  0.924271  3.044  0.924271  |||| 50.1546 |||| 50.1546 
2.39182  1.8713  2.39182  1.8713  |||| 44.6509 |||| 44.6509 
2.48969  2.86148  2.48969  2.86148  |||| 80.8131 |||| 80.8131 
2.24238  1.21474  2.24238  1.21474  |||| 193.965 |||| 193.965 
0.999963  0.00014894  1.68721  0.881131  |||| 0.999933 |||| 8810.81 
0.000116043  1  1.08028  1.09651  |||| 0.999954 |||| 10802.5 
0.995156  0.00512761  1.6319  0.641138  |||| 1.00023 |||| 125.653 
0.986744  0.0153815  2.83871  1.31512  |||| 1.00205 |||| 85.9179 
0.979779  0.0256369  3.9627  3.03852  |||| 1.0054 |||| 119.108 
0.96613  0.0353787  4.33533  3.10003  |||| 1.00188 |||| 86.7994 
0.958234  0.0455179  5.50998  4.16999  |||| 1.00432 |||| 90.812 
0.945664  0.0562778  1.06391  0.186891  |||| 1.00187 |||| 3.32915 
0.933972  0.0663917  0.934419  0.0667117  |||| 1.00029 |||| 1.00505 
0.92353  0.0765779  1.02024  0.0220266  |||| 1.00003 |||| 1.10476 
0.913472  0.086754  0.913571  0.0867573  |||| 1.00019 |||| 1.0003 
0.903963  0.0970771  0.907003  0.0975763  |||| 1.00097 |||| 1.00605 
0.893945  0.107243  0.906147  0.12625  |||| 1.00119 |||| 1.17786 
0.884028  0.11753  4.69009  4.1223  |||| 1.00152 |||| 35.1287 
0.873589  0.12775  1.50953  0.855802  |||| 1.00127 |||| 6.70909 
0.862321  0.137785  0.867247  0.141669  |||| 1.00005 |||| 1.02805 
0.853257  0.148202  4.26471  3.80391  |||| 1.00139 |||| 25.7089 
0.841995  0.158207  0.869334  0.201615  |||| 1.00015 |||| 1.27441 
0.831679  0.168418  0.831652  0.169915  |||| 1.00002 |||| 1.00889 
0.821507  0.178618  2.61795  1.76323  |||| 1.00006 |||| 9.87381 
0.81129  0.188826  1.29122  0.715367  |||| 1.00004 |||| 3.78924 
0.801048  0.199027  1.13829  0.47206  |||| 0.999998 |||| 2.37215 
0.790892  0.20923  0.796818  0.208289  |||| 1.00006 |||| 1.00755 
0.780674  0.219436  2.67222  2.11316  |||| 1.00004 |||| 9.63184 
0.770551  0.22966  0.842284  0.307294  |||| 1.00015 |||| 1.33821 
0.760758  0.240006  0.760639  0.240917  |||| 1.00069 |||| 1.00446 
0.750272  0.250125  3.8839  3.48752  |||| 1.00032 |||| 13.9499 
0.739896  0.260277  0.922869  0.440902  |||| 1.0001 |||| 1.69425 
0.730343  0.270686  1.08112  0.330795  |||| 1.00099 |||| 1.48177 
0.719417  0.280666  3.21799  2.5593  |||| 1.00001 |||| 9.12025 
0.70924  0.290876  2.06241  1.49461  |||| 1.00004 |||| 5.13919 
0.69908  0.301074  2.04435  2.20676  |||| 1.0001 |||| 7.33078 
0.688848  0.311289  4.54793  5.11205  |||| 1.00006 |||| 16.4255 
0.678642  0.321501  1.29514  1.49764  |||| 1.00007 |||| 4.65916 
0.668461  0.331716  1.24268  1.03295  |||| 1.0001 |||| 3.1146 
0.658236  0.341907  0.932568  0.636155  |||| 1.00007 |||| 1.86084 
0.647994  0.352095  0.647959  0.352713  |||| 1.00001 |||| 1.00177 
0.637856  0.362313  0.640072  0.376437  |||| 1.00011 |||| 1.03904 
0.627704  0.372583  0.628598  0.372066  |||| 1.00022 |||| 1.00162 
0.617486  0.382749  0.697436  0.462643  |||| 1.00018 |||| 1.20891 
0.607209  0.392937  0.608787  0.404086  |||| 1.00008 |||| 1.02845 
0.597008  0.403138  3.4886  2.35229  |||| 1.00007 |||| 5.84409 
0.586805  0.413324  0.723255  0.950614  |||| 1.00007 |||| 2.30013 
0.576562  0.423515  2.15613  1.20366  |||| 1 |||| 3.73978 
0.566409  0.43376  0.609462  0.482676  |||| 1.00009 |||| 1.11288 
0.556168  0.443945  0.415848  1.48405  |||| 1.00004 |||| 3.34326 
0.546005  0.454178  0.55368  0.449711  |||| 1.00011 |||| 1.01416 
0.53578  0.464369  0.535966  0.464212  |||| 1.00007 |||| 1.00042 
0.525546  0.474544  0.539875  0.496456  |||| 1.00001 |||| 1.04619 
0.515364  0.484773  0.560842  0.549228  |||| 1.00006 |||| 1.13304 
0.505139  0.494956  0.58773  0.486164  |||| 1.00002 |||| 1.16353 
0.494964  0.505178  0.495078  0.506863  |||| 1.00007 |||| 1.00339 
0.484725  0.515369  0.587163  0.634601  |||| 1.00002 |||| 1.23141 
0.474532  0.525571  0.961309  1.05064  |||| 1.00003 |||| 2.02592 
0.464368  0.535833  0.479827  1.46609  |||| 1.00013 |||| 2.73661 
0.454107  0.545962  0.478217  0.571812  |||| 0.99999 |||| 1.05309 
0.443932  0.556199  0.640366  0.775604  |||| 1.00005 |||| 1.44259 
0.43375  0.566429  0.0234814  1.03882  |||| 1.00011 |||| 1.83422 
0.423517  0.576611  0.0919418  1.09803  |||| 1.00005 |||| 1.90446 
0.413298  0.586795  4.00829  3.56651  |||| 1.00002 |||| 9.699 
0.403082  0.596999  0.437419  0.565921  |||| 1.00002 |||| 1.08517 
0.392892  0.6072  0.360849  0.640916  |||| 1.00001 |||| 1.05554 
0.382701  0.617426  0.621738  0.679676  |||| 1.00005 |||| 1.62473 
0.372482  0.627611  0.0297993  1.02447  |||| 1.00002 |||| 1.6324 
0.362286  0.637825  1.19757  1.46082  |||| 1.00003 |||| 3.30589 
0.352078  0.648021  1.23644  1.27053  |||| 1.00002 |||| 3.51211 
0.341882  0.658272  2.41952  1.82192  |||| 1.00009 |||| 7.0779 
0.331677  0.668447  0.00513586  1.00573  |||| 1.00004 |||| 1.50468 
0.321461  0.678634  0.144075  1.11487  |||| 1.00002 |||| 1.64289 
0.31127  0.688858  0.593773  1.3661  |||| 1.00005 |||| 1.9833 
0.301056  0.699052  0.507628  0.599003  |||| 1.00003 |||| 1.68626 
0.290853  0.709251  1.032  1.6845  |||| 1.00002 |||| 3.54854 
0.280655  0.71948  2.29488  2.09378  |||| 1.00006 |||| 8.178 
0.270433  0.729699  3.21619  3.04858  |||| 1.00008 |||| 11.8937 
0.260244  0.739911  0.407664  0.606647  |||| 1.00009 |||| 1.56659 
0.250021  0.750065  0.073463  1.05839  |||| 1.00002 |||| 1.41112 
0.239803  0.76026  0.906338  1.7136  |||| 1.00001 |||| 3.7795 
0.229623  0.770487  3.83864  3.12795  |||| 1.00004 |||| 16.7193 
0.219429  0.780708  3.90753  3.04051  |||| 1.00006 |||| 17.8109 
0.209223  0.790897  0.209789  0.790894  |||| 1.00004 |||| 1.00275 
0.198968  0.801084  0.346558  0.970734  |||| 1.00002 |||| 1.74152 
0.188809  0.811298  0.157548  1.14723  |||| 1.00003 |||| 1.41413 
0.178598  0.82155  0.319054  0.94037  |||| 1.00009 |||| 1.78654 
0.168396  0.831727  0.63845  0.588419  |||| 1.00005 |||| 3.79184 
0.158198  0.841926  0.0440246  1.04388  |||| 1.00005 |||| 1.23994 
0.147983  0.852154  0.242043  0.75934  |||| 1.00007 |||| 1.63568 
0.137784  0.862334  0.00303752  1.00322  |||| 1.00004 |||| 1.16344 
0.127549  0.872591  0.26407  0.998305  |||| 1.0001 |||| 2.07008 
0.117375  0.882776  0.314605  0.687551  |||| 1.00008 |||| 2.68073 
0.10717  0.892952  0.0917935  1.09095  |||| 1.00005 |||| 1.22181 
0.0969186  0.903169  4.43875  3.65829  |||| 1.00006 |||| 45.7889 
0.0867305  0.913416  0.0992978  1.10562  |||| 1.00011 |||| 1.21057 
0.0765609  0.923692  0.224909  1.05229  |||| 1.00019 |||| 2.93842 
0.0663217  0.933859  0.00026223  1.00002  |||| 1.00015 |||| 1.07101 
0.0561618  0.944097  0.754334  1.76331  |||| 1.00018 |||| 13.4403 
0.0459485  0.954335  0.253466  1.17852  |||| 1.00021 |||| 5.51929 
0.0357193  0.964859  0.093968  1.00877  |||| 1.00054 |||| 2.63027 
0.0253176  0.974935  2.44483  2.51742  |||| 1.00041 |||| 95.8363 
0.0150705  0.985467  0.100816  1.12534  |||| 1.00073 |||| 6.58472 
0.000662626  1  4.02923  3.23252  |||| 1.00508 |||| 789.724 
