1.55514  3.5227  4.45582  1.55514  3.5227  4.45582  |||| 36071.3 |||| 36071.3 
2.32418  1.15217  3.40258  2.32418  1.15217  3.40258  |||| 25538.9 |||| 25538.9 
2.54944  1.3189  1.70983  2.54944  1.3189  1.70983  |||| 19147.8 |||| 19147.8 
0.634655  0.790939  6.54207  0.634655  0.790939  6.54207  |||| 158.599 |||| 158.599 
1.41211  3.91386  3.3325  1.41211  3.91386  3.3325  |||| 79.895 |||| 79.895 
1.44862  3.91126  3.47983  1.44862  3.91126  3.47983  |||| 77.7454 |||| 77.7454 
1.34311  2.08039  5.70608  1.34311  2.08039  5.70608  |||| 204.572 |||| 204.572 
1.56428  3.13596  4.75599  1.56428  3.13596  4.75599  |||| 29.0332 |||| 29.0332 
1.33972  2.31303  6.03973  1.33972  2.31303  6.03973  |||| 58.1337 |||| 58.1337 
1.66908  1.84348  5.66135  1.66908  1.84348  5.66135  |||| 32.528 |||| 32.528 
1.86246  1.92916  5.16642  1.86246  1.92916  5.16642  |||| 248.445 |||| 248.445 
2.0498  1.7706  4.84033  2.0498  1.7706  4.84033  |||| 23.9721 |||| 23.9721 
2.24614  2.12766  3.3665  2.24614  2.12766  3.3665  |||| 25.7453 |||| 25.7453 
1.40617  2.16298  5.34212  1.40617  2.16298  5.34212  |||| 22.2411 |||| 22.2411 
1.57404  4.26102  0.893063  1.57404  4.26102  0.893063  |||| 12.4037 |||| 12.4037 
1.99599  2.03881  4.35555  1.99599  2.03881  4.35555  |||| 14.2094 |||| 14.2094 
0.793845  4.20316  3.18951  0.793845  4.20316  3.18951  |||| 16.2605 |||| 16.2605 
2.01855  3.38327  2.42181  2.01855  3.38327  2.42181  |||| 107.278 |||| 107.278 
2.20218  2.32663  3.64753  2.20218  2.32663  3.64753  |||| 224.052 |||| 224.052 
1.44738  1.14881  6.15322  1.44738  1.14881  6.15322  |||| 24.2099 |||| 24.2099 
1.60058  3.62381  3.45259  1.60058  3.62381  3.45259  |||| 21.7971 |||| 21.7971 
2.25664  1.11684  4.35876  2.25664  1.11684  4.35876  |||| 10.2879 |||| 10.2879 
1.13856  1.40841  6.46308  1.13856  1.40841  6.46308  |||| 80.1404 |||| 80.1404 
1.61942  1.36595  5.8645  1.61942  1.36595  5.8645  |||| 16.6257 |||| 16.6257 
0.87276  2.42938  6.05193  0.87276  2.42938  6.05193  |||| 27.2049 |||| 27.2049 
1.78889  2.07778  4.97999  1.78889  2.07778  4.97999  |||| 28.5002 |||| 28.5002 
1.8751  2.02784  4.42528  1.8751  2.02784  4.42528  |||| 77.5087 |||| 77.5087 
2.30878  2.9181  0.848689  2.30878  2.9181  0.848689  |||| 10.4186 |||| 10.4186 
2.17192  2.35682  3.60831  2.17192  2.35682  3.60831  |||| 15.6575 |||| 15.6575 
1.8252  2.38289  4.60775  1.8252  2.38289  4.60775  |||| 19.4927 |||| 19.4927 
1.41214  3.81587  3.45256  1.41214  3.81587  3.45256  |||| 22.3558 |||| 22.3558 
1.52549  2.16274  5.79021  1.52549  2.16274  5.79021  |||| 12.6837 |||| 12.6837 
1.65357  1.79685  5.47809  1.65357  1.79685  5.47809  |||| 17.9085 |||| 17.9085 
2.41776  1.99604  2.73365  2.41776  1.99604  2.73365  |||| 68.7715 |||| 68.7715 
1.19064  1.82404  6.14611  1.19064  1.82404  6.14611  |||| 594.942 |||| 594.942 
1.07427  3.28194  5.27064  1.07427  3.28194  5.27064  |||| 14.8158 |||| 14.8158 
1.94201  1.36468  5.09149  1.94201  1.36468  5.09149  |||| 27.1799 |||| 27.1799 
1.47516  2.66163  5.33924  1.47516  2.66163  5.33924  |||| 13.3834 |||| 13.3834 
2.12956  0.847821  4.86641  2.12956  0.847821  4.86641  |||| 47.2268 |||| 47.2268 
1.77195  3.00982  4.41217  1.77195  3.00982  4.41217  |||| 10.0653 |||| 10.0653 
1.34257  2.52547  5.72891  1.34257  2.52547  5.72891  |||| 20.0932 |||| 20.0932 
1.23214  4.36328  1.48751  1.23214  4.36328  1.48751  |||| 51.843 |||| 51.843 
1.7056  2.1829  4.75688  1.7056  2.1829  4.75688  |||| 78.3922 |||| 78.3922 
1.41182  3.16016  4.21909  1.41182  3.16016  4.21909  |||| 9.0223 |||| 9.0223 
1.06066  4.13706  3.30502  1.06066  4.13706  3.30502  |||| 11.4448 |||| 11.4448 
2.47543  1.91225  3.27448  2.47543  1.91225  3.27448  |||| 9.85611 |||| 9.85611 
2.30237  1.34068  3.91314  2.30237  1.34068  3.91314  |||| 22.5284 |||| 22.5284 
0.83187  0.797901  6.63888  0.83187  0.797901  6.63888  |||| 12.1581 |||| 12.1581 
1.18181  2.88827  5.03491  1.18181  2.88827  5.03491  |||| 13.4892 |||| 13.4892 
2.59223  1.85908  2.45343  2.59223  1.85908  2.45343  |||| 32.9115 |||| 32.9115 
1.81269  1.23468  5.02521  1.81269  1.23468  5.02521  |||| 127.325 |||| 127.325 
1.77447  2.4668  4.51287  1.77447  2.4668  4.51287  |||| 9.47553 |||| 9.47553 
2.05117  3.33286  2.31977  2.05117  3.33286  2.31977  |||| 6.93662 |||| 6.93662 
1.171  1.88166  6.02455  1.171  1.88166  6.02455  |||| 9.00188 |||| 9.00188 
1.62994  2.67337  4.81879  1.62994  2.67337  4.81879  |||| 31.7009 |||| 31.7009 
1.18711  1.8062  5.91584  1.18711  1.8062  5.91584  |||| 10.2513 |||| 10.2513 
2.14944  0.984288  4.00951  2.14944  0.984288  4.00951  |||| 10.0885 |||| 10.0885 
1.88146  2.67139  5.17746  1.88146  2.67139  5.17746  |||| 32.1114 |||| 32.1114 
1.66145  3.17923  4.67619  1.66145  3.17923  4.67619  |||| 46.2633 |||| 46.2633 
2.25692  2.45957  3.32868  2.25692  2.45957  3.32868  |||| 6.85076 |||| 6.85076 
2.08764  1.89174  4.16259  2.08764  1.89174  4.16259  |||| 11.9769 |||| 11.9769 
1.70851  3.23838  4.40653  1.70851  3.23838  4.40653  |||| 22.4108 |||| 22.4108 
0.913983  2.91788  5.64716  0.913983  2.91788  5.64716  |||| 26.1409 |||| 26.1409 
1.93036  2.1064  5.21673  1.93036  2.1064  5.21673  |||| 7.53142 |||| 7.53142 
1.23948  3.33511  4.84154  1.23948  3.33511  4.84154  |||| 10.3526 |||| 10.3526 
2.08722  2.35249  4.20065  2.08722  2.35249  4.20065  |||| 124.504 |||| 124.504 
1.87305  4.01277  2.28516  1.87305  4.01277  2.28516  |||| 227.252 |||| 227.252 
2.35681  1.73237  3.31084  2.35681  1.73237  3.31084  |||| 9.33135 |||| 9.33135 
0.966386  3.07833  4.91971  0.966386  3.07833  4.91971  |||| 19.2161 |||| 19.2161 
2.23  2.15158  2.52296  2.23  2.15158  2.52296  |||| 9.27471 |||| 9.27471 
2.57746  1.49863  2.82414  2.57746  1.49863  2.82414  |||| 17.8304 |||| 17.8304 
1.59789  2.57564  5.1821  1.59789  2.57564  5.1821  |||| 8.14883 |||| 8.14883 
1.53199  4.1063  3.12022  1.53199  4.1063  3.12022  |||| 7.01011 |||| 7.01011 
1.81465  1.43506  5.84531  1.81465  1.43506  5.84531  |||| 8.00147 |||| 8.00147 
1.81281  1.34635  5.49508  1.81281  1.34635  5.49508  |||| 76.9691 |||| 76.9691 
2.12596  0.980767  4.78935  2.12596  0.980767  4.78935  |||| 11.0089 |||| 11.0089 
2.32922  2.53348  3.50269  2.32922  2.53348  3.50269  |||| 13.0832 |||| 13.0832 
1.614  2.1097  5.20734  1.614  2.1097  5.20734  |||| 8.37444 |||| 8.37444 
2.26782  2.04216  3.04851  2.26782  2.04216  3.04851  |||| 13.8689 |||| 13.8689 
1.82824  1.18373  5.48839  1.82824  1.18373  5.48839  |||| 10.6632 |||| 10.6632 
1.95671  3.56774  2.62434  1.95671  3.56774  2.62434  |||| 12.4547 |||| 12.4547 
1.12304  2.42647  5.8542  1.12304  2.42647  5.8542  |||| 33.2446 |||| 33.2446 
2.60934  1.32434  2.09555  2.60934  1.32434  2.09555  |||| 35.2583 |||| 35.2583 
1.52693  3.36195  4.41148  1.52693  3.36195  4.41148  |||| 10.0241 |||| 10.0241 
1.38723  4.29572  2.10197  1.38723  4.29572  2.10197  |||| 9.02665 |||| 9.02665 
2.28885  1.82466  3.56004  2.28885  1.82466  3.56004  |||| 21.2715 |||| 21.2715 
1.47972  1.56181  6.20017  1.47972  1.56181  6.20017  |||| 35.1567 |||| 35.1567 
2.12825  1.631  3.91648  2.12825  1.631  3.91648  |||| 22.408 |||| 22.408 
0.996682  0.991024  6.768  0.996682  0.991024  6.768  |||| 15.2268 |||| 15.2268 
1.50874  1.86054  5.71835  1.50874  1.86054  5.71835  |||| 15.7001 |||| 15.7001 
0.867722  2.16846  6.25476  0.867722  2.16846  6.25476  |||| 56.0441 |||| 56.0441 
1.82454  3.77653  2.48336  1.82454  3.77653  2.48336  |||| 26.5488 |||| 26.5488 
2.06437  2.18103  4.40822  2.06437  2.18103  4.40822  |||| 36.2526 |||| 36.2526 
2.48437  1.739  3.80203  2.48437  1.739  3.80203  |||| 54.266 |||| 54.266 
1.03291  2.0611  6.21371  1.03291  2.0611  6.21371  |||| 24.3814 |||| 24.3814 
1.61255  2.34926  4.88891  1.61255  2.34926  4.88891  |||| 41.6633 |||| 41.6633 
1.55747  3.27567  3.76022  1.55747  3.27567  3.76022  |||| 50.6844 |||| 50.6844 
1.6781  2.4659  4.98023  1.6781  2.4659  4.98023  |||| 80.4463 |||| 80.4463 
1.4498  2.53795  4.84699  1.4498  2.53795  4.84699  |||| 171.929 |||| 171.929 
2.24614  2.45917  3.25579  2.24614  2.45917  3.25579  |||| 624.447 |||| 624.447 
2.00068  0.000682022  0.000682022  1.98708  0.0275758  0.748561  |||| 1.99976 |||| 7480.29 
0.000920863  4.00092  0.000920863  0.00263421  4.00263  0.00263421  |||| 4.00033 |||| 21.0242 
0.00115779  0.00115779  6.00116  0.582142  0.0851308  5.74348  |||| 6.00063 |||| 5812.21 
2.00018  0.0767209  0.0645126  2.00204  0.00203838  0.00203838  |||| 2.1539 |||| 2.1559 
1.99801  0.209707  0.000737651  1.97759  0.22468  0.897539  |||| 2.2807 |||| 28.8533 
1.99814  0.0862726  0.286056  1.99879  0.112374  0.319435  |||| 2.37917 |||| 2.78522 
1.99051  0.405393  0.0170458  1.99893  0.0768516  0.29344  |||| 2.45615 |||| 12.336 
1.99532  0.205092  0.336808  1.68002  0.655632  3.31283  |||| 2.54189 |||| 24.6053 
1.99038  0.384685  0.200961  2.01199  0.037183  0.204855  |||| 2.61125 |||| 2.63961 
1.99023  0.0865778  0.60806  1.99116  0.0466067  0.608661  |||| 2.68413 |||| 2.68539 
1.96906  0.710405  0.000781506  1.86084  0.97676  1.73715  |||| 2.72619 |||| 99.926 
1.98689  0.363966  0.466476  1.57411  0.0616186  3.70889  |||| 2.82107 |||| 22.2708 
1.9752  0.615296  0.273729  1.98254  0.612097  0.0839228  |||| 2.87356 |||| 2.88424 
1.98188  0.180961  0.789473  1.89213  0.17989  2.014  |||| 2.9523 |||| 7.53204 
1.95637  0.833748  0.186047  1.81033  1.70071  0.320424  |||| 2.98232 |||| 6.07705 
1.97779  0.344751  0.760389  1.45042  0.101338  4.14001  |||| 3.08394 |||| 16.7727 
1.96675  0.658398  0.508011  1.67295  2.22398  0.489314  |||| 3.1356 |||| 10.5953 
1.96331  0.0731647  1.15852  1.96377  0.0437154  1.15876  |||| 3.19937 |||| 3.20012 
1.90435  1.22826  0.000836354  1.3649  2.19578  2.91193  |||| 3.17102 |||| 233.063 
1.95986  0.643612  0.730907  1.96423  0.785844  0.465159  |||| 3.334 |||| 4.06175 
1.93027  1.02421  0.392321  1.96869  0.911925  0.43143  |||| 3.35392 |||| 3.60702 
1.95516  0.331429  1.1833  1.92704  0.55791  1.43239  |||| 3.46938 |||| 5.83388 
1.89235  1.29566  0.216331  1.89688  1.29981  0.00462968  |||| 3.42876 |||| 3.43699 
1.94766  0.566103  1.08406  1.36591  2.82969  1.61072  |||| 3.60319 |||| 17.9025 
1.92211  1.01488  0.692428  1.99816  0.244918  0.627088  |||| 3.63034 |||| 3.77404 
1.92535  0.158618  1.61812  1.92613  0.184842  1.61945  |||| 3.7124 |||| 4.08071 
1.83201  1.6091  0.159933  1.91361  1.23605  0.339535  |||| 3.60602 |||| 7.34657 
1.92475  0.787894  1.15446  1.9393  0.891763  1.05739  |||| 3.86755 |||| 4.36488 
1.88025  1.29763  0.672092  1.58104  2.45833  1.33268  |||| 3.85681 |||| 7.55833 
1.9072  0.325751  1.75858  1.70658  0.28219  3.11604  |||| 3.99372 |||| 7.06445 
1.82383  1.6205  0.446602  1.42544  0.488998  4.15348  |||| 3.89887 |||| 35.6556 
1.90191  0.633397  1.61655  1.89605  0.787528  1.62431  |||| 4.15106 |||| 5.16191 
1.87222  1.22197  1.07484  1.61833  1.28975  2.96685  |||| 4.1721 |||| 11.475 
1.85046  0.07349  2.28703  1.96988  0.47096  0.83684  |||| 4.21062 |||| 26.8427 
1.6766  2.18527  0.00109065  1.52231  2.0726  2.47125  |||| 3.89569 |||| 277.482 
1.85406  1.23398  1.312  1.9041  0.929376  1.31749  |||| 4.40004 |||| 4.51885 
1.76263  1.84355  0.662968  1.76341  1.82653  0.899369  |||| 4.27261 |||| 5.75805 
1.8493  0.640826  2.09109  1.89151  0.694699  1.71195  |||| 4.58042 |||| 4.96583 
1.66914  2.19615  0.358605  1.67603  2.22707  0.348052  |||| 4.22314 |||| 4.28261 
1.8309  1.04393  1.85796  1.91519  0.435357  1.64874  |||| 4.73382 |||| 4.95186 
1.7583  1.76016  1.12572  1.53342  2.39741  1.4146  |||| 4.64632 |||| 6.32587 
1.78004  0.330147  2.69896  1.87888  0.321714  2.03727  |||| 4.80919 |||| 5.07566 
1.55259  2.5228  0.191635  1.65475  2.28769  0.0174981  |||| 4.28797 |||| 4.57029 
1.7759  1.36735  1.86878  1.49971  1.67296  3.11792  |||| 5.01636 |||| 8.34502 
1.6652  2.1141  1.02495  1.7118  2.16738  0.0233645  |||| 4.81131 |||| 4.94602 
1.74269  0.584427  2.82491  1.45157  0.0586028  4.17079  |||| 5.15251 |||| 7.6078 
1.54848  2.50042  0.636009  1.77205  1.80232  0.716729  |||| 4.68485 |||| 5.36165 
1.73002  1.07872  2.55383  2.01261  0.0554814  0.492004  |||| 5.3617 |||| 6.23431 
1.65654  1.96842  1.62702  1.60257  2.17041  1.5463  |||| 5.25407 |||| 5.79316 
1.62688  0.163717  3.48875  1.3977  0.995987  4.04294  |||| 5.28583 |||| 30.6701 
1.33895  2.97352  0.13699  0.634705  3.80103  0.108852  |||| 4.45732 |||| 5.698 
1.63906  1.79252  2.16155  1.80936  1.08531  2.00304  |||| 5.59295 |||| 6.17439 
1.47873  2.59919  1.09457  1.25367  3.05159  1.06923  |||| 5.17368 |||| 6.07425 
1.61358  0.846288  3.32825  1.67442  0.206903  3.47616  |||| 5.79131 |||| 6.04482 
1.33209  2.96098  0.608229  1.41061  2.90924  0.0786487  |||| 4.90609 |||| 5.19505 
1.58509  1.44485  2.96363  0.967087  2.89876  2.96443  |||| 5.99463 |||| 12.0058 
1.46722  2.44962  1.78423  1.77262  1.86453  0.0756916  |||| 5.70403 |||| 6.88471 
1.46905  0.343552  4.05314  1.17285  0.367704  4.88338  |||| 5.86476 |||| 7.06625 
1.17096  3.23701  0.388897  1.05422  3.40704  0.356044  |||| 4.80407 |||| 5.05646 
1.48262  1.86673  2.90848  1.61699  2.03441  1.86865  |||| 6.25958 |||| 6.82461 
1.31749  2.82334  1.58251  1.7627  1.88726  0.685201  |||| 5.72296 |||| 7.65736 
1.39872  0.683078  4.17572  0.796478  2.28059  4.32952  |||| 6.25666 |||| 20.8776 
1.15798  3.20087  0.979432  1.02121  3.37515  1.09516  |||| 5.33702 |||| 5.96326 
1.38438  1.3809  3.81742  1.63714  2.25796  0.74776  |||| 6.58111 |||| 10.7608 
1.28894  2.59774  2.4392  1.31822  2.56795  2.37805  |||| 6.32574 |||| 6.4654 
1.20029  0.0339796  4.80433  1.11405  0.804086  4.84274  |||| 6.07953 |||| 64.0634 
0.860009  3.61429  0.0015269  0.858736  3.60932  0.412615  |||| 4.5015 |||| 65.192 
1.20927  2.62994  2.71317  1.09728  1.67907  4.42205  |||| 6.55126 |||| 10.6776 
0.991041  3.38915  1.17486  0.411819  2.543  4.4952  |||| 5.55606 |||| 21.2158 
1.19323  1.39002  4.3525  1.70053  1.96497  1.20758  |||| 6.93584 |||| 9.88087 
0.829896  3.62416  0.552233  0.841844  3.63611  0.564181  |||| 5.00907 |||| 5.0875 
1.12598  2.17517  3.74657  0.77075  2.72391  3.75121  |||| 7.04739 |||| 8.82575 
0.956476  3.25287  2.01694  1.67916  2.16973  0.766596  |||| 6.22535 |||| 10.9303 
1.00117  0.675538  5.10611  1.1651  0.13414  5.03378  |||| 6.78373 |||| 7.89424 
0.667353  3.76823  0.28488  1.1855  3.21548  0.584349  |||| 4.72026 |||| 9.67113 
0.960263  2.63209  3.49076  0.985362  2.5346  3.71492  |||| 7.08384 |||| 7.5334 
0.772044  3.52478  1.65886  0.776503  3.52126  1.69319  |||| 5.95652 |||| 6.07067 
0.8817  1.12189  5.12732  0.689775  1.16355  5.36685  |||| 7.13138 |||| 7.46458 
0.622471  3.75647  0.909587  0.995863  3.44394  0.752748  |||| 5.2905 |||| 8.44904 
0.828004  2.00183  4.56866  0.982777  2.8991  2.91419  |||| 7.39798 |||| 10.7121 
0.704472  3.3041  2.65299  0.83194  3.30037  2.45062  |||| 6.66375 |||| 7.82879 
0.665721  0.314594  5.64108  0.748957  0.370806  5.54359  |||| 6.6328 |||| 7.52522 
0.425156  3.909  0.15627  0.0280191  4.00115  0.0919259  |||| 4.4927 |||| 4.59862 
0.635439  2.99502  3.50171  1.21252  2.58436  2.81897  |||| 7.13115 |||| 13.6114 
0.480066  3.75144  1.52422  1.4159  2.64032  1.61963  |||| 5.7558 |||| 16.9718 
0.570803  1.42798  5.34125  0.661343  1.54406  5.1739  |||| 7.33918 |||| 8.49243 
0.363854  3.90288  0.765274  0.339527  3.86102  1.28701  |||| 5.0314 |||| 8.45155 
0.498593  2.34202  4.63565  0.0727542  1.85474  5.35528  |||| 7.47842 |||| 8.63948 
0.3939  3.55213  2.50679  0.00474069  2.57878  4.59737  |||| 6.45607 |||| 11.8249 
0.377057  0.548489  5.83933  0.653846  0.989183  5.48382  |||| 6.76434 |||| 12.1818 
0.233394  3.96319  0.447692  0.250959  3.97144  0.0024393  |||| 4.64382 |||| 4.9778 
0.327445  2.78494  4.20435  1.01497  1.26164  4.82807  |||| 7.31607 |||| 22.6255 
0.236571  3.73831  2.02625  0.0919277  3.76595  2.02863  |||| 6.00086 |||| 6.04522 
0.236577  1.00549  5.76797  0.267417  0.449885  5.91275  |||| 7.01177 |||| 7.81833 
0.149987  3.91669  1.14334  0.636113  3.70216  1.28172  |||| 5.2132 |||| 22.0827 
0.17251  1.96075  5.20905  0.0452076  0.397772  5.98279  |||| 7.34102 |||| 8.43155 
0.121729  3.41557  3.10942  0.0902626  3.98106  0.759688  |||| 6.64514 |||| 7.74551 
0.0800994  0.143756  5.99287  0.0383061  0.109347  5.99909  |||| 6.21678 |||| 6.22324 
0.0302867  4.00029  0.0926402  0.109824  3.74844  2.07934  |||| 4.12774 |||| 89.3897 
0.00150208  3.22881  3.54623  0.651447  2.02362  4.86653  |||| 6.7915 |||| 252.078 
