2.57852  2.86946  2.57852  2.86946  |||| 6756.18 |||| 6756.18 
2.1922  3.39029  2.1922  3.39029  |||| 13121.4 |||| 13121.4 
2.06812  3.45706  2.06812  3.45706  |||| 247.591 |||| 247.591 
2.06374  3.88397  2.06374  3.88397  |||| 110.422 |||| 110.422 
1.86626  3.81907  1.86626  3.81907  |||| 63.7089 |||| 63.7089 
2.10668  3.02731  2.10668  3.02731  |||| 23.337 |||| 23.337 
0.880054  4.36361  0.880054  4.36361  |||| 47.2526 |||| 47.2526 
2.62693  2.69467  2.62693  2.69467  |||| 8.92395 |||| 8.92395 
1.84435  3.82927  1.84435  3.82927  |||| 24.6572 |||| 24.6572 
2.35121  3.14954  2.35121  3.14954  |||| 12.4878 |||| 12.4878 
2.39111  3.14211  2.39111  3.14211  |||| 10.933 |||| 10.933 
2.15547  3.56404  2.15547  3.56404  |||| 14.1346 |||| 14.1346 
2.47552  2.19384  2.47552  2.19384  |||| 1.78692 |||| 1.78692 
1.64307  3.6227  1.64307  3.6227  |||| 12.1763 |||| 12.1763 
1.51482  3.91663  1.51482  3.91663  |||| 13.5067 |||| 13.5067 
1.71721  3.7982  1.71721  3.7982  |||| 11.6464 |||| 11.6464 
2.38357  2.65155  2.38357  2.65155  |||| 3.09346 |||| 3.09346 
2.34997  3.17428  2.34997  3.17428  |||| 6.1989 |||| 6.1989 
1.49333  4.3126  1.49333  4.3126  |||| 12.5841 |||| 12.5841 
1.90226  3.82141  1.90226  3.82141  |||| 9.11439 |||| 9.11439 
1.90353  4.11471  1.90353  4.11471  |||| 10.1754 |||| 10.1754 
2.53778  2.67417  2.53778  2.67417  |||| 2.41393 |||| 2.41393 
2.51695  2.44351  2.51695  2.44351  |||| 2.06989 |||| 2.06989 
1.69471  3.57793  1.69471  3.57793  |||| 6.30887 |||| 6.30887 
1.56108  3.9662  1.56108  3.9662  |||| 7.71961 |||| 7.71961 
2.21726  3.57556  2.21726  3.57556  |||| 5.76208 |||| 5.76208 
2.32848  3.13103  2.32848  3.13103  |||| 3.74877 |||| 3.74877 
2.14107  3.39855  2.14107  3.39855  |||| 4.62988 |||| 4.62988 
2.27967  3.11686  2.27967  3.11686  |||| 3.41343 |||| 3.41343 
2.79609  2.35241  2.79609  2.35241  |||| 2.66343 |||| 2.66343 
1.32783  4.06299  1.32783  4.06299  |||| 6.42727 |||| 6.42727 
2.26312  3.39024  2.26312  3.39024  |||| 3.97448 |||| 3.97448 
1.64448  3.65724  1.64448  3.65724  |||| 4.70208 |||| 4.70208 
2.06629  3.2896  2.06629  3.2896  |||| 3.40903 |||| 3.40903 
1.16806  3.9991  1.16806  3.9991  |||| 5.44353 |||| 5.44353 
2.66936  2.5956  2.66936  2.5956  |||| 2.71863 |||| 2.71863 
2.38798  3.11452  2.38798  3.11452  |||| 2.61525 |||| 2.61525 
2.08577  3.08574  2.08577  3.08574  |||| 2.46215 |||| 2.46215 
2.2329  3.26509  2.2329  3.26509  |||| 2.87624 |||| 2.87624 
1.48973  4.0118  1.48973  4.0118  |||| 4.75093 |||| 4.75093 
1.95466  3.30081  1.95466  3.30081  |||| 2.81775 |||| 2.81775 
2.11694  3.04877  2.11694  3.04877  |||| 2.1211 |||| 2.1211 
1.38055  4.01685  1.38055  4.01685  |||| 4.41125 |||| 4.41125 
1.7676  3.72058  1.7676  3.72058  |||| 3.60532 |||| 3.60532 
1.47971  4.16802  1.47971  4.16802  |||| 4.55222 |||| 4.55222 
1.18373  4.34406  1.18373  4.34406  |||| 4.84418 |||| 4.84418 
2.17245  3.10013  2.17245  3.10013  |||| 2.36739 |||| 2.36739 
1.64843  3.73506  1.64843  3.73506  |||| 3.31954 |||| 3.31954 
2.05577  3.27729  2.05577  3.27729  |||| 2.2834 |||| 2.2834 
1.71178  3.49315  1.71178  3.49315  |||| 2.68068 |||| 2.68068 
2.05645  3.13703  2.05645  3.13703  |||| 2.32902 |||| 2.32902 
1.39593  4.07746  1.39593  4.07746  |||| 3.72919 |||| 3.72919 
2.4478  3.18224  2.4478  3.18224  |||| 3.23451 |||| 3.23451 
1.79875  3.54006  1.79875  3.54006  |||| 2.56174 |||| 2.56174 
1.63737  3.82833  1.63737  3.82833  |||| 3.05105 |||| 3.05105 
1.4838  4.0276  1.4838  4.0276  |||| 3.35903 |||| 3.35903 
1.79213  3.88599  1.79213  3.88599  |||| 3.04277 |||| 3.04277 
1.54713  3.95197  1.54713  3.95197  |||| 3.10444 |||| 3.10444 
2.4906  3.33834  2.4906  3.33834  |||| 3.80321 |||| 3.80321 
2.34548  2.83365  2.34548  2.83365  |||| 3.54596 |||| 3.54596 
1.89341  3.34292  1.89341  3.34292  |||| 2.51416 |||| 2.51416 
2.11551  3.05699  2.11551  3.05699  |||| 3.14481 |||| 3.14481 
2.19896  3.66898  2.19896  3.66898  |||| 3.44674 |||| 3.44674 
0.962061  4.49316  0.962061  4.49316  |||| 3.66396 |||| 3.66396 
2.49932  2.22963  2.49932  2.22963  |||| 4.47008 |||| 4.47008 
2.38102  3.15186  2.38102  3.15186  |||| 4.2636 |||| 4.2636 
1.89122  3.46589  1.89122  3.46589  |||| 2.95803 |||| 2.95803 
1.88816  3.52735  1.88816  3.52735  |||| 3.03981 |||| 3.03981 
2.13421  3.37578  2.13421  3.37578  |||| 3.9018 |||| 3.9018 
2.6447  2.33872  2.6447  2.33872  |||| 5.67003 |||| 5.67003 
1.56757  3.80839  1.56757  3.80839  |||| 2.30986 |||| 2.30986 
1.62934  3.69813  1.62934  3.69813  |||| 2.5765 |||| 2.5765 
2.22362  3.45499  2.22362  3.45499  |||| 4.78799 |||| 4.78799 
1.58379  3.47675  1.58379  3.47675  |||| 2.60251 |||| 2.60251 
1.9556  3.40712  1.9556  3.40712  |||| 4.13348 |||| 4.13348 
2.64479  2.7158  2.64479  2.7158  |||| 7.05895 |||| 7.05895 
1.79066  3.42663  1.79066  3.42663  |||| 3.79741 |||| 3.79741 
2.78067  2.21775  2.78067  2.21775  |||| 8.27823 |||| 8.27823 
1.43084  3.92533  1.43084  3.92533  |||| 2.51055 |||| 2.51055 
1.75078  3.4431  1.75078  3.4431  |||| 4.16248 |||| 4.16248 
2.30077  2.66922  2.30077  2.66922  |||| 7.14 |||| 7.14 
2.47697  2.8528  2.47697  2.8528  |||| 8.45932 |||| 8.45932 
2.06597  3.35136  2.06597  3.35136  |||| 6.64112 |||| 6.64112 
1.84348  3.89814  1.84348  3.89814  |||| 5.72217 |||| 5.72217 
2.42798  2.79074  2.42798  2.79074  |||| 9.78688 |||| 9.78688 
2.07932  3.52693  2.07932  3.52693  |||| 8.10536 |||| 8.10536 
1.99713  3.71508  1.99713  3.71508  |||| 8.10912 |||| 8.10912 
2.02293  3.06919  2.02293  3.06919  |||| 8.96015 |||| 8.96015 
2.70942  2.34729  2.70942  2.34729  |||| 15.5894 |||| 15.5894 
1.62646  3.77703  1.62646  3.77703  |||| 6.96648 |||| 6.96648 
1.76686  3.67647  1.76686  3.67647  |||| 9.14806 |||| 9.14806 
1.94258  3.31198  1.94258  3.31198  |||| 12.2504 |||| 12.2504 
2.5593  2.39698  2.5593  2.39698  |||| 21.9422 |||| 21.9422 
2.15164  3.57638  2.15164  3.57638  |||| 19.1716 |||| 19.1716 
2.07711  3.2613  2.07711  3.2613  |||| 21.3294 |||| 21.3294 
1.83936  3.66596  1.83936  3.66596  |||| 20.8916 |||| 20.8916 
1.84598  3.64099  1.84598  3.64099  |||| 27.0459 |||| 27.0459 
1.70116  4.12635  1.70116  4.12635  |||| 32.1873 |||| 32.1873 
2.11832  3.68984  2.11832  3.68984  |||| 80.9 |||| 80.9 
1.59712  4.15625  1.59712  4.15625  |||| 140.546 |||| 140.546 
2.00198  0.00210322  1.92472  1.89058  |||| 1.90404 |||| 18884.9 
0.0981402  4.09745  0.137664  4.10667  |||| 4.09537 |||| 397.292 
2.00195  0.0037621  1.72057  2.30266  |||| 1.91378 |||| 450.913 
2.00145  0.0297675  1.75479  2.07161  |||| 1.93311 |||| 135.209 
2.00133  0.0425357  2.66918  2.62484  |||| 1.95322 |||| 102.812 
2.00062  0.0631769  2.64333  3.02307  |||| 1.97316 |||| 84.5876 
2.00062  0.0631769  2.31252  3.14216  |||| 1.99426 |||| 68.3839 
2.00013  0.113939  2.04184  0.396165  |||| 2.01529 |||| 7.02183 
2.00013  0.113939  2.0782  1.13327  |||| 2.03732 |||| 17.0549 
1.99955  0.159322  2.52194  0.681716  |||| 2.0592 |||| 8.88054 
1.99951  0.165671  2.00505  0.95831  |||| 2.08217 |||| 11.0247 
1.99843  0.205477  2.74628  2.53966  |||| 2.1045 |||| 26.1771 
1.99819  0.221085  2.57884  1.64732  |||| 2.12829 |||| 15.3555 
1.99729  0.250167  2.02234  0.254064  |||| 2.15187 |||| 2.18025 
1.99614  0.276534  1.99939  1.23119  |||| 2.17572 |||| 9.63618 
1.99523  0.304185  2.03855  1.60598  |||| 2.20042 |||| 11.6431 
1.99451  0.330885  2.03291  2.96679  |||| 2.22592 |||| 20.0373 
1.99305  0.358069  2.04558  1.26808  |||| 2.25117 |||| 8.0044 
1.9919  0.384549  1.88877  4.46899  |||| 2.27741 |||| 26.5308 
1.99041  0.413313  1.99041  0.413313  |||| 2.30389 |||| 2.30389 
1.98906  0.44017  2.0388  0.687364  |||| 2.3312 |||| 3.63013 
1.98764  0.470685  2.77494  2.18847  |||| 2.35912 |||| 10.988 
1.98526  0.499838  1.62468  3.20194  |||| 2.38655 |||| 15.2969 
1.9837  0.532033  1.9837  0.532033  |||| 2.41575 |||| 2.41575 
1.9812  0.563292  2.16951  0.751602  |||| 2.4445 |||| 3.26457 
1.97919  0.59556  2.86934  1.48069  |||| 2.47493 |||| 6.1661 
1.97683  0.625625  1.9984  0.647199  |||| 2.50519 |||| 2.58046 
1.97425  0.661032  2.61587  2.93206  |||| 2.53625 |||| 11.2603 
1.97118  0.695081  1.96256  0.896797  |||| 2.56753 |||| 3.30876 
1.96784  0.730424  2.54188  2.58185  |||| 2.59931 |||| 9.19338 
1.96489  0.767543  1.97374  0.776388  |||| 2.63254 |||| 2.66252 
1.96099  0.803984  1.9233  2.12683  |||| 2.66539 |||| 7.0585 
1.95707  0.841556  2.64083  2.77297  |||| 2.69919 |||| 8.90321 
1.95314  0.880789  2.10585  3.62869  |||| 2.73398 |||| 11.2828 
1.94855  0.920277  2.53425  3.26796  |||| 2.76886 |||| 9.84786 
1.94417  0.959836  2.59031  2.8978  |||| 2.80513 |||| 8.47105 
1.93866  1.00209  2.61943  2.91167  |||| 2.84081 |||| 8.26492 
1.93294  1.0441  2.58263  3.26488  |||| 2.87728 |||| 9.00714 
1.92686  1.0869  2.08159  1.04742  |||| 2.91438 |||| 3.16095 
1.9204  1.13152  1.94355  1.15467  |||| 2.9521 |||| 3.0121 
1.91422  1.17744  1.88158  1.69279  |||| 2.99183 |||| 4.30361 
1.90702  1.22347  2.33341  3.50796  |||| 3.0306 |||| 8.69813 
1.89928  1.27057  1.68067  3.67815  |||| 3.07011 |||| 8.89519 
1.89118  1.31912  2.59327  2.99672  |||| 3.1104 |||| 7.07169 
1.88201  1.36832  2.66233  2.94137  |||| 3.15038 |||| 6.77765 
1.87289  1.41824  2.12672  1.23412  |||| 3.19166 |||| 3.6481 
1.8642  1.47098  1.98557  1.09912  |||| 3.2354 |||| 3.45773 
1.85359  1.52351  1.28364  4.16802  |||| 3.27723 |||| 8.97278 
1.84165  1.57642  2.03073  1.12716  |||| 3.31814 |||| 3.67794 
1.83048  1.63138  1.84466  1.64556  |||| 3.36216 |||| 3.39075 
1.81669  1.68575  2.51333  3.19696  |||| 3.40278 |||| 6.45563 
1.80436  1.74305  1.92238  1.34202  |||| 3.44803 |||| 3.6865 
1.79101  1.80219  2.53229  2.85104  |||| 3.49328 |||| 5.52867 
1.77569  1.8601  1.86071  3.3473  |||| 3.53591 |||| 6.36565 
1.75877  1.91865  1.80217  1.96205  |||| 3.5776 |||| 3.67067 
1.74232  1.9789  1.78248  1.94644  |||| 3.62135 |||| 3.70979 
1.72453  2.04002  1.0091  3.77699  |||| 3.66454 |||| 6.78791 
1.70581  2.1015  1.79751  2.27415  |||| 3.70757 |||| 4.01194 
1.6859  2.16397  1.82877  1.89812  |||| 3.7499 |||| 4.08729 
1.66587  2.22819  1.78295  2.05378  |||| 3.79407 |||| 4.07732 
1.64431  2.29256  1.65951  2.26685  |||| 3.83704 |||| 3.8743 
1.62195  2.35764  1.76843  3.27934  |||| 3.87974 |||| 5.39784 
1.599  2.42442  2.09957  0.619402  |||| 3.92378 |||| 5.23094 
1.57257  2.48768  2.09512  1.7603  |||| 3.96079 |||| 5.3623 
1.5452  2.55059  2.6643  2.31222  |||| 3.99607 |||| 7.08462 
1.51976  2.61899  1.57658  2.67581  |||| 4.03881 |||| 4.2002 
1.49196  2.68578  1.83832  3.00395  |||| 4.07805 |||| 5.09126 
1.46162  2.75004  2.41077  3.10396  |||| 4.11202 |||| 6.97407 
1.42569  2.80665  1.36863  3.02559  |||| 4.13306 |||| 4.45569 
1.39488  2.87258  1.86976  2.51876  |||| 4.16754 |||| 5.69308 
1.36031  2.93424  2.23469  2.45806  |||| 4.19491 |||| 7.09837 
1.3261  2.99656  2.22301  2.39409  |||| 4.22315 |||| 7.30729 
1.29325  3.06699  2.26692  2.42294  |||| 4.26044 |||| 7.72947 
1.25362  3.12084  1.2244  3.36694  |||| 4.27467 |||| 4.61197 
1.21771  3.18586  2.16518  2.95186  |||| 4.30359 |||| 7.94472 
1.17679  3.23842  2.36326  3.33295  |||| 4.31543 |||| 9.06131 
1.13916  3.30328  1.45333  3.09308  |||| 4.34252 |||| 5.6523 
1.09562  3.35176  0.654842  3.93927  |||| 4.34793 |||| 5.11052 
1.05332  3.40237  1.1171  4.06463  |||| 4.35592 |||| 5.20431 
1.01138  3.45585  1.0553  4.16064  |||| 4.36734 |||| 5.25856 
0.971022  3.5171  2.03553  3.41384  |||| 4.38817 |||| 9.73764 
0.928984  3.57295  0.937283  3.58125  |||| 4.4023 |||| 4.44626 
0.886652  3.63082  2.40731  2.0211  |||| 4.41759 |||| 12.9325 
0.842265  3.67903  1.8983  3.58079  |||| 4.42136 |||| 10.6931 
0.797394  3.72667  1.00532  3.79794  |||| 4.42436 |||| 5.73701 
0.752125  3.771  2.28569  2.52121  |||| 4.4234 |||| 14.7862 
0.70677  3.8149  1.65533  2.95902  |||| 4.42196 |||| 11.3055 
0.660086  3.84852  1.9037  3.12654  |||| 4.40878 |||| 14.1572 
0.614003  3.88599  1.1705  3.52757  |||| 4.40027 |||| 9.14015 
0.567538  3.91565  2.4215  2.27703  |||| 4.38319 |||| 21.6866 
0.520001  3.93773  2.64192  3.12125  |||| 4.35812 |||| 26.2432 
0.474442  3.96643  1.79541  2.8031  |||| 4.34091 |||| 19.5709 
0.427931  3.98384  1.59223  4.01181  |||| 4.31194 |||| 19.5255 
0.382812  4.01417  1.7444  3.58601  |||| 4.2971 |||| 24.8236 
0.337482  4.03493  1.8307  3.17249  |||| 4.27264 |||| 30.8748 
0.292365  4.05151  1.08579  3.62622  |||| 4.24432 |||| 21.5132 
0.247817  4.06486  1.84096  3.40802  |||| 4.21325 |||| 48.8048 
0.203734  4.07472  1.27695  4.2169  |||| 4.17925 |||| 46.2176 
0.16125  4.08221  0.869084  4.79005  |||| 4.14355 |||| 50.3818 
0.118542  4.0962  2.01415  1.97842  |||| 4.11511 |||| 375.579 
