6.48295  4.31709  6.48295  4.31709  |||| 10435.1 |||| 10435.1 
4.90404  6.05415  4.90404  6.05415  |||| 17069.5 |||| 17069.5 
6.04866  6.83168  6.04866  6.83168  |||| 697.388 |||| 697.388 
6.0414  4.40172  6.0414  4.40172  |||| 73.7057 |||| 73.7057 
5.57279  5.08023  5.57279  5.08023  |||| 70.8208 |||| 70.8208 
6.6766  5.17535  6.6766  5.17535  |||| 53.2495 |||| 53.2495 
4.59717  7.45379  4.59717  7.45379  |||| 91.0358 |||| 91.0358 
5.88744  4.59617  5.88744  4.59617  |||| 23.5663 |||| 23.5663 
5.57478  4.35988  5.57478  4.35988  |||| 16.3781 |||| 16.3781 
5.04049  6.56774  5.04049  6.56774  |||| 43.0437 |||| 43.0437 
4.90994  6.12248  4.90994  6.12248  |||| 32.8462 |||| 32.8462 
5.92931  5.5951  5.92931  5.5951  |||| 23.9483 |||| 23.9483 
3.63458  8.36651  3.63458  8.36651  |||| 47.534 |||| 47.534 
5.63083  6.3459  5.63083  6.3459  |||| 26.1815 |||| 26.1815 
5.61696  5.39645  5.61696  5.39645  |||| 16.6434 |||| 16.6434 
6.04126  7.40937  6.04126  7.40937  |||| 30.0229 |||| 30.0229 
5.74818  4.19974  5.74818  4.19974  |||| 6.25958 |||| 6.25958 
5.38116  5.93958  5.38116  5.93958  |||| 16.856 |||| 16.856 
6.98955  7.44861  6.98955  7.44861  |||| 24.7972 |||| 24.7972 
5.25517  8.00807  5.25517  8.00807  |||| 26.5132 |||| 26.5132 
6.14687  6.22965  6.14687  6.22965  |||| 15.6592 |||| 15.6592 
4.09059  6.49742  4.09059  6.49742  |||| 16.2019 |||| 16.2019 
6.79253  6.03189  6.79253  6.03189  |||| 13.186 |||| 13.186 
8.42312  5.4743  8.42312  5.4743  |||| 10.0312 |||| 10.0312 
6.29401  5.38383  6.29401  5.38383  |||| 9.19131 |||| 9.19131 
6.53926  6.35647  6.53926  6.35647  |||| 12.8563 |||| 12.8563 
6.96858  4.98578  6.96858  4.98578  |||| 6.84881 |||| 6.84881 
6.72227  5.41188  6.72227  5.41188  |||| 8.2178 |||| 8.2178 
6.5867  5.02383  6.5867  5.02383  |||| 6.47266 |||| 6.47266 
5.16868  5.74348  5.16868  5.74348  |||| 8.80185 |||| 8.80185 
5.52637  6.11229  5.52637  6.11229  |||| 9.76122 |||| 9.76122 
6.95711  5.95842  6.95711  5.95842  |||| 8.91916 |||| 8.91916 
6.70859  5.30008  6.70859  5.30008  |||| 6.5114 |||| 6.5114 
4.91147  4.03742  4.91147  4.03742  |||| 2.52646 |||| 2.52646 
5.25807  5.53335  5.25807  5.53335  |||| 6.81407 |||| 6.81407 
5.53825  6.72801  5.53825  6.72801  |||| 10.1055 |||| 10.1055 
7.17044  7.62592  7.17044  7.62592  |||| 12.3632 |||| 12.3632 
6.59275  6.06628  6.59275  6.06628  |||| 7.70943 |||| 7.70943 
6.65544  6.18155  6.65544  6.18155  |||| 7.80771 |||| 7.80771 
7.30572  6.599  7.30572  6.599  |||| 8.69043 |||| 8.69043 
6.0984  4.92283  6.0984  4.92283  |||| 4.77862 |||| 4.77862 
4.33459  7.49238  4.33459  7.49238  |||| 10.4669 |||| 10.4669 
6.31089  4.51359  6.31089  4.51359  |||| 5.30699 |||| 5.30699 
5.75067  4.89215  5.75067  4.89215  |||| 4.42921 |||| 4.42921 
4.74333  5.48541  4.74333  5.48541  |||| 5.10023 |||| 5.10023 
4.80205  6.44107  4.80205  6.44107  |||| 7.13595 |||| 7.13595 
3.87339  5.66681  3.87339  5.66681  |||| 5.2705 |||| 5.2705 
7.62985  5.14667  7.62985  5.14667  |||| 8.27449 |||| 8.27449 
4.62774  5.09233  4.62774  5.09233  |||| 3.83308 |||| 3.83308 
5.09246  7.78213  5.09246  7.78213  |||| 9.30186 |||| 9.30186 
7.81789  4.8313  7.81789  4.8313  |||| 9.14825 |||| 9.14825 
7.01221  3.97621  7.01221  3.97621  |||| 7.70889 |||| 7.70889 
5.96803  4.6788  5.96803  4.6788  |||| 5.71688 |||| 5.71688 
6.35482  6.11126  6.35482  6.11126  |||| 6.65499 |||| 6.65499 
5.46729  4.61972  5.46729  4.61972  |||| 4.88966 |||| 4.88966 
5.10781  4.02356  5.10781  4.02356  |||| 4.20787 |||| 4.20787 
4.99887  6.11939  4.99887  6.11939  |||| 5.11725 |||| 5.11725 
6.23353  5.63196  6.23353  5.63196  |||| 7.00167 |||| 7.00167 
7.12934  6.73526  7.12934  6.73526  |||| 9.2858 |||| 9.2858 
3.19709  6.56254  3.19709  6.56254  |||| 5.60553 |||| 5.60553 
6.03768  6.89516  6.03768  6.89516  |||| 7.04753 |||| 7.04753 
5.13365  4.82714  5.13365  4.82714  |||| 4.92943 |||| 4.92943 
7.50774  5.30717  7.50774  5.30717  |||| 11.2652 |||| 11.2652 
6.19837  5.74434  6.19837  5.74434  |||| 8.05821 |||| 8.05821 
6.36293  7.51224  6.36293  7.51224  |||| 8.7395 |||| 8.7395 
6.666  6.87027  6.666  6.87027  |||| 9.85369 |||| 9.85369 
5.09356  5.90768  5.09356  5.90768  |||| 5.54786 |||| 5.54786 
6.48452  6.4378  6.48452  6.4378  |||| 9.91284 |||| 9.91284 
5.16901  6.61246  5.16901  6.61246  |||| 6.13484 |||| 6.13484 
4.7365  5.77238  4.7365  5.77238  |||| 4.9463 |||| 4.9463 
6.49558  6.91051  6.49558  6.91051  |||| 10.9577 |||| 10.9577 
5.11517  5.77169  5.11517  5.77169  |||| 6.59552 |||| 6.59552 
6.2949  4.58337  6.2949  4.58337  |||| 11.0395 |||| 11.0395 
4.82889  6.83568  4.82889  6.83568  |||| 6.03457 |||| 6.03457 
6.37889  5.95546  6.37889  5.95546  |||| 12.2281 |||| 12.2281 
5.00284  6.0493  5.00284  6.0493  |||| 7.223 |||| 7.223 
3.63629  5.382  3.63629  5.382  |||| 2.77349 |||| 2.77349 
5.66069  6.34199  5.66069  6.34199  |||| 10.7303 |||| 10.7303 
5.46991  7.51021  5.46991  7.51021  |||| 10.3598 |||| 10.3598 
6.01097  5.5569  6.01097  5.5569  |||| 13.4517 |||| 13.4517 
7.03514  5.88604  7.03514  5.88604  |||| 19.2886 |||| 19.2886 
7.11982  5.21169  7.11982  5.21169  |||| 20.7798 |||| 20.7798 
5.8816  5.87615  5.8816  5.87615  |||| 15.0333 |||| 15.0333 
6.23169  5.72652  6.23169  5.72652  |||| 18.0237 |||| 18.0237 
4.95736  3.27358  4.95736  3.27358  |||| 11.1294 |||| 11.1294 
5.1085  6.90756  5.1085  6.90756  |||| 12.9185 |||| 12.9185 
5.72571  6.0997  5.72571  6.0997  |||| 18.3559 |||| 18.3559 
4.52982  6.65791  4.52982  6.65791  |||| 10.4486 |||| 10.4486 
4.35247  4.74317  4.35247  4.74317  |||| 9.8458 |||| 9.8458 
4.75319  7.04238  4.75319  7.04238  |||| 14.5236 |||| 14.5236 
6.25585  5.18017  6.25585  5.18017  |||| 31.5535 |||| 31.5535 
4.06781  4.02438  4.06781  4.02438  |||| 10.0389 |||| 10.0389 
5.54718  6.34305  5.54718  6.34305  |||| 30.7078 |||| 30.7078 
5.33459  7.09727  5.33459  7.09727  |||| 32.2269 |||| 32.2269 
6.65931  5.15007  6.65931  5.15007  |||| 61.6905 |||| 61.6905 
4.62323  6.49707  4.62323  6.49707  |||| 31.0581 |||| 31.0581 
4.88083  7.75465  4.88083  7.75465  |||| 47.1446 |||| 47.1446 
5.68787  6.33845  5.68787  6.33845  |||| 97.6386 |||| 97.6386 
5.79427  5.46537  5.79427  5.46537  |||| 169.683 |||| 169.683 
4.77604  7.70199  4.77604  7.70199  |||| 309.474 |||| 309.474 
1  8.71934e-10  1.04145  0.0104521  |||| 1 |||| 104.521 
6.3763e-10  1  1.0136  1.30007  |||| 1 |||| 10136 
1  0.00445661  2.34879  0.982492  |||| 1.00513 |||| 192.568 
1  0.0120495  7.90161  7.64307  |||| 1.01554 |||| 499.348 
1  0.0120495  1  0.0288283  |||| 1.02618 |||| 1.13007 
1  0.0120495  3.09873  2.19242  |||| 1.03704 |||| 61.3877 
1  0.0120495  2.97065  2.1648  |||| 1.04813 |||| 47.1446 
1  0.0120495  1  0.0120495  |||| 1.05946 |||| 1.05946 
1  0.0120495  2.90159  2.21693  |||| 1.07104 |||| 33.4244 
1  0.0120495  11.431  10.0119  |||| 1.08287 |||| 130.822 
1  0.0120495  1.8566  0.990354  |||| 1.09497 |||| 11.4182 
1  0.0120495  1.15167  0.0120495  |||| 1.10734 |||| 1.27529 
1  0.0120495  1.02013  1.20884  |||| 1.12 |||| 11.2825 
1  0.0120495  2.16525  1.25342  |||| 1.13295 |||| 10.6813 
1  0.0120495  2.5775  2.56579  |||| 1.1462 |||| 20.1158 
1  0.0120495  10.3626  8.82124  |||| 1.15976 |||| 64.0357 
1  0.0120495  1.00118  0.098465  |||| 1.17365 |||| 1.17503 
1  0.0120495  10.7298  9.46922  |||| 1.18788 |||| 59.87 
1  0.0120495  9.61557  9.88665  |||| 1.20245 |||| 58.7208 
1  0.0120495  1.71049  1.10608  |||| 1.21739 |||| 6.19408 
1  0.0120495  2.22656  0.783663  |||| 1.23271 |||| 4.15129 
1  0.0120495  1.66719  1.0142  |||| 1.24841 |||| 5.09697 
1  0.0120495  2.37595  1.1325  |||| 1.26452 |||| 5.41387 
1  0.0120495  2.07535  0.786896  |||| 1.28105 |||| 3.58678 
1  0.0120495  1.52434  0.556828  |||| 1.29801 |||| 2.4253 
1  0.0120495  3.42582  2.29802  |||| 1.31544 |||| 9.58322 
1  0.0120495  2.47988  1.40773  |||| 1.33333 |||| 5.6309 
0.650029  0.350021  1.50974  1.47183  |||| 1.34518 |||| 5.65644 
0.650029  0.350021  2.10457  1.53555  |||| 1.29442 |||| 5.67863 
0.650029  0.350021  0.276665  1.34844  |||| 1.24735 |||| 4.80535 
0.650029  0.350021  10.8299  10.497  |||| 1.20358 |||| 36.0951 
0.650029  0.350021  2.09528  1.38979  |||| 1.16278 |||| 4.61692 
0.650029  0.350021  0.650029  0.448819  |||| 1.12466 |||| 1.44211 
0.650029  0.350021  0.03042  1.76474  |||| 1.08895 |||| 5.49029 
0.650029  0.350021  1.13629  1.37857  |||| 1.05545 |||| 4.15692 
0.650029  0.350021  3.1166  2.78581  |||| 1.02394 |||| 8.14953 
0.650026  0.350082  2.79537  1.76144  |||| 1.00319 |||| 5.00352 
0.650026  0.350082  4.3544  4.38379  |||| 1.01924 |||| 12.1017 
0.650026  0.37031  2.0884  1.62046  |||| 1.03581 |||| 4.35083 
0.650026  0.390686  0.817634  0.59239  |||| 1.05294 |||| 1.54811 
0.650026  0.415886  1.98126  1.2735  |||| 1.07063 |||| 3.26325 
0.650026  0.415886  0.650026  0.416091  |||| 1.08893 |||| 1.08893 
0.650026  0.415886  1.78809  2.15202  |||| 1.10787 |||| 5.20737 
0.650026  0.415886  2.89398  2.49352  |||| 1.12748 |||| 5.88831 
0.650026  0.415886  2.91157  3.19591  |||| 1.14779 |||| 7.36941 
0.650026  0.415886  2.42178  2.3448  |||| 1.16886 |||| 5.28254 
0.650026  0.415886  1.65686  1.94507  |||| 1.1907 |||| 4.28352 
0.650026  0.415886  4.54996  3.87076  |||| 1.21338 |||| 8.49325 
0.650026  0.415886  10.1984  9.82448  |||| 1.23694 |||| 20.7054 
0.650026  0.415886  9.96282  10.8857  |||| 1.26144 |||| 22.459 
0.650026  0.415886  1.03163  0.663703  |||| 1.28692 |||| 2.04242 
0.358191  0.659939  3.98803  4.07925  |||| 1.30655 |||| 8.0761 
0.358191  0.659939  11.0643  10.2822  |||| 1.28067 |||| 22.8275 
0.358191  0.659939  4.00611  4.41078  |||| 1.25581 |||| 8.44298 
0.358191  0.659939  3.77495  5.07652  |||| 1.23189 |||| 9.47618 
0.358191  0.659939  1.27749  0.838777  |||| 1.20886 |||| 2.81335 
0.358191  0.659939  10.4141  10.6077  |||| 1.18668 |||| 23.4615 
0.358191  0.659939  2.68603  2.96998  |||| 1.1653 |||| 6.19366 
0.358191  0.659939  2.54699  3.0382  |||| 1.14467 |||| 6.01458 
0.358191  0.659939  4.13277  4.70456  |||| 1.12477 |||| 10.0003 
0.358191  0.659939  2.22397  1.89933  |||| 1.10554 |||| 5.51771 
0.358191  0.659939  2.16878  2.89309  |||| 1.08696 |||| 5.52052 
0.358191  0.659939  10.9866  9.35159  |||| 1.06899 |||| 28.7115 
0.358191  0.659939  1.60279  0.322339  |||| 1.05161 |||| 4.30339 
0.358191  0.659939  2.59413  2.66053  |||| 1.03478 |||| 7.16126 
0.358191  0.659939  9.62724  9.88447  |||| 1.01849 |||| 27.3469 
0.358141  0.668457  0.649244  1.10806  |||| 1.0477 |||| 1.89928 
0.358141  0.668457  1.30331  0.718364  |||| 1.07993 |||| 3.92999 
0.358141  0.668457  0.8602  1.3731  |||| 1.11422 |||| 2.67617 
0.358141  0.668457  9.87004  9.58065  |||| 1.15075 |||| 31.7136 
0.358141  0.668457  10.123  10.2388  |||| 1.18976 |||| 33.6288 
0.358141  0.668457  1.98249  1.8571  |||| 1.23151 |||| 6.81699 
0.358141  0.668457  1.91445  2.30425  |||| 1.27629 |||| 6.82241 
0.358141  0.668457  2.02812  2.61424  |||| 1.32445 |||| 7.50022 
0.00117586  1  1.2574  0.852906  |||| 1.35172 |||| 4.83236 
0.00117586  1  2.62773  3.57384  |||| 1.33333 |||| 10.5109 
0.00117586  1  0.898416  1.80604  |||| 1.31544 |||| 3.74658 
0.00117586  1  0.938736  2.24179  |||| 1.29801 |||| 4.08871 
0.00117586  1  0.627021  1.56344  |||| 1.28105 |||| 2.85804 
0.00117586  1  1.92407  1.22795  |||| 1.26452 |||| 9.19798 
0.00117586  1  11.072  9.41172  |||| 1.24841 |||| 55.6437 
0.00117586  1  0.0011764  1.0183  |||| 1.23271 |||| 1.25526 
0.00117586  1  1.42625  2.25301  |||| 1.21739 |||| 7.98701 
0.00117586  1  6.74806  6.75649  |||| 1.20245 |||| 40.0794 
0.00117586  1  4.64421  5.37791  |||| 1.18788 |||| 29.3635 
0.00117586  1  0.77486  1.88594  |||| 1.17365 |||| 5.23699 
0.00117586  1  2.36575  2.69035  |||| 1.15976 |||| 17.1736 
0.00117586  1  0.0032117  1.02506  |||| 1.1462 |||| 1.17493 
0.00117586  1  10.9165  9.95647  |||| 1.13295 |||| 93.0275 
0.00117586  1  10.8742  9.96795  |||| 1.12 |||| 101.492 
0.00117586  1  0.00238102  1.00059  |||| 1.10734 |||| 1.108 
0.00117586  1  0.55162  1.93557  |||| 1.09497 |||| 6.35986 
0.00117586  1  0.00117586  1.00003  |||| 1.08287 |||| 1.0829 
0.00117586  1  8.88785  8.47424  |||| 1.07104 |||| 134.001 
0.00117586  1  0.922461  1.70763  |||| 1.05946 |||| 16.4366 
0.00117586  1  0.775245  1.94685  |||| 1.04813 |||| 16.8831 
0.00117586  1  0.00117586  1.00277  |||| 1.03704 |||| 1.03991 
0.00117586  1  1.42399  2.2511  |||| 1.02618 |||| 55.8204 
0.00117586  1  1.27217  2.47034  |||| 1.01554 |||| 83.1154 
0.00117586  1  1.23559  2.08155  |||| 1.00513 |||| 242.176 
