3.06014  7.54572  5.10597  3.06014  7.54572  5.10597  |||| 64114.5 |||| 64114.5 
2.58584  2.50296  2.78253  2.58584  2.50296  2.78253  |||| 10039.9 |||| 10039.9 
3.17094  9.80971  3.81141  3.17094  9.80971  3.81141  |||| 86754.4 |||| 86754.4 
4.82298  9.06058  5.42037  4.82298  9.06058  5.42037  |||| 220.801 |||| 220.801 
4.16543  5.56704  6.3077  4.16543  5.56704  6.3077  |||| 136.806 |||| 136.806 
3.07593  2.58974  2.37183  3.07593  2.58974  2.37183  |||| 36.2643 |||| 36.2643 
4.00604  4.4486  5.76964  4.00604  4.4486  5.76964  |||| 156.461 |||| 156.461 
2.80281  1.76753  3.16687  2.80281  1.76753  3.16687  |||| 8.26251 |||| 8.26251 
3.47383  5.40797  3.21223  3.47383  5.40797  3.21223  |||| 28.7162 |||| 28.7162 
4.25335  1.87189  3.16774  4.25335  1.87189  3.16774  |||| 22.7956 |||| 22.7956 
4.63252  5.478  7.65014  4.63252  5.478  7.65014  |||| 321.972 |||| 321.972 
3.04843  4.9058  4.16991  3.04843  4.9058  4.16991  |||| 29.1215 |||| 29.1215 
4.12584  3.24527  4.7454  4.12584  3.24527  4.7454  |||| 27.5142 |||| 27.5142 
5.35876  4.34776  6.20453  5.35876  4.34776  6.20453  |||| 52.0914 |||| 52.0914 
4.56374  3.49232  4.35424  4.56374  3.49232  4.35424  |||| 35.6203 |||| 35.6203 
3.47264  3.43887  4.53395  3.47264  3.43887  4.53395  |||| 20.5435 |||| 20.5435 
5.5525  6.67341  2.90578  5.5525  6.67341  2.90578  |||| 26.3961 |||| 26.3961 
4.92785  2.68436  3.82324  4.92785  2.68436  3.82324  |||| 64.1472 |||| 64.1472 
4.07224  2.61  3.78833  4.07224  2.61  3.78833  |||| 138.789 |||| 138.789 
2.0907  3.9909  4.13258  2.0907  3.9909  4.13258  |||| 14.776 |||| 14.776 
6.58451  2.82832  5.7588  6.58451  2.82832  5.7588  |||| 31.0077 |||| 31.0077 
3.6208  1.9316  4.42084  3.6208  1.9316  4.42084  |||| 8.3462 |||| 8.3462 
4.53317  2.86242  3.71928  4.53317  2.86242  3.71928  |||| 23.7618 |||| 23.7618 
4.72426  7.81951  6.91876  4.72426  7.81951  6.91876  |||| 42.3041 |||| 42.3041 
7.4365  6.34738  3.81065  7.4365  6.34738  3.81065  |||| 18.6491 |||| 18.6491 
2.50682  5.77884  4.73079  2.50682  5.77884  4.73079  |||| 102.865 |||| 102.865 
4.58732  6.2749  6.89024  4.58732  6.2749  6.89024  |||| 104.794 |||| 104.794 
3.38352  4.19604  5.42008  3.38352  4.19604  5.42008  |||| 14.9963 |||| 14.9963 
6.39006  5.37754  6.9428  6.39006  5.37754  6.9428  |||| 27.7346 |||| 27.7346 
3.2913  3.8001  4.9274  3.2913  3.8001  4.9274  |||| 32.6419 |||| 32.6419 
4.46965  2.9052  8.32598  4.46965  2.9052  8.32598  |||| 53.8437 |||| 53.8437 
3.23462  3.19754  4.73213  3.23462  3.19754  4.73213  |||| 13.534 |||| 13.534 
6.84057  3.50845  7.78099  6.84057  3.50845  7.78099  |||| 22.1521 |||| 22.1521 
3.63929  2.45793  2.18065  3.63929  2.45793  2.18065  |||| 75.5374 |||| 75.5374 
2.71261  1.96144  5.723  2.71261  1.96144  5.723  |||| 411.991 |||| 411.991 
5.47435  4.96243  4.59629  5.47435  4.96243  4.59629  |||| 13.6537 |||| 13.6537 
2.69339  5.07964  3.95302  2.69339  5.07964  3.95302  |||| 12.1615 |||| 12.1615 
2.86348  1.92639  5.46241  2.86348  1.92639  5.46241  |||| 7.46339 |||| 7.46339 
1.93466  1.13427  3.0151  1.93466  1.13427  3.0151  |||| 11.2904 |||| 11.2904 
7.78272  8.65107  7.75039  7.78272  8.65107  7.75039  |||| 34.0976 |||| 34.0976 
3.96221  1.83787  3.13034  3.96221  1.83787  3.13034  |||| 6.29341 |||| 6.29341 
3.14114  3.17123  3.12446  3.14114  3.17123  3.12446  |||| 29.5609 |||| 29.5609 
5.31836  2.91776  5.90128  5.31836  2.91776  5.90128  |||| 77.1585 |||| 77.1585 
5.24848  4.87782  4.27594  5.24848  4.87782  4.27594  |||| 13.7327 |||| 13.7327 
3.19289  3.95864  2.49979  3.19289  3.95864  2.49979  |||| 6.42681 |||| 6.42681 
3.30414  2.80525  3.65689  3.30414  2.80525  3.65689  |||| 14.6876 |||| 14.6876 
3.05074  3.57697  3.39681  3.05074  3.57697  3.39681  |||| 9.86733 |||| 9.86733 
4.36453  3.36772  2.85196  4.36453  3.36772  2.85196  |||| 11.1073 |||| 11.1073 
3.51172  5.44262  7.05698  3.51172  5.44262  7.05698  |||| 16.119 |||| 16.119 
3.92319  4.39906  2.44945  3.92319  4.39906  2.44945  |||| 100.594 |||| 100.594 
6.0116  5.96488  5.69814  6.0116  5.96488  5.69814  |||| 111.077 |||| 111.077 
3.32522  3.0622  2.05459  3.32522  3.0622  2.05459  |||| 6.01709 |||| 6.01709 
2.75377  3.1595  4.32176  2.75377  3.1595  4.32176  |||| 10.6904 |||| 10.6904 
5.90461  3.30246  4.47473  5.90461  3.30246  4.47473  |||| 15.5237 |||| 15.5237 
8.768  4.95238  5.58608  8.768  4.95238  5.58608  |||| 28.1987 |||| 28.1987 
7.15644  7.36452  13.0086  7.15644  7.36452  13.0086  |||| 25.809 |||| 25.809 
3.17564  3.36963  3.13465  3.17564  3.36963  3.13465  |||| 6.19338 |||| 6.19338 
6.56567  5.86689  4.22123  6.56567  5.86689  4.22123  |||| 80.8163 |||| 80.8163 
5.20635  2.74396  4.45955  5.20635  2.74396  4.45955  |||| 29.0689 |||| 29.0689 
4.35186  3.07062  5.05953  4.35186  3.07062  5.05953  |||| 11.6977 |||| 11.6977 
5.97929  4.62714  4.99498  5.97929  4.62714  4.99498  |||| 19.113 |||| 19.113 
2.67931  1.48689  3.70992  2.67931  1.48689  3.70992  |||| 4.9123 |||| 4.9123 
3.14532  1.79948  6.11513  3.14532  1.79948  6.11513  |||| 22.1208 |||| 22.1208 
8.03628  4.57581  10.5106  8.03628  4.57581  10.5106  |||| 30.6994 |||| 30.6994 
3.11199  2.81936  3.31615  3.11199  2.81936  3.31615  |||| 7.51003 |||| 7.51003 
2.5998  4.5843  3.95464  2.5998  4.5843  3.95464  |||| 275.073 |||| 275.073 
3.20983  2.13705  3.80927  3.20983  2.13705  3.80927  |||| 277.591 |||| 277.591 
5.34692  6.15793  4.69007  5.34692  6.15793  4.69007  |||| 20.4007 |||| 20.4007 
3.79726  3.66666  5.59965  3.79726  3.66666  5.59965  |||| 16.7334 |||| 16.7334 
6.19538  2.79037  6.26513  6.19538  2.79037  6.26513  |||| 26.8213 |||| 26.8213 
5.18048  3.8248  2.10987  5.18048  3.8248  2.10987  |||| 21.7036 |||| 21.7036 
3.28714  3.5717  4.43435  3.28714  3.5717  4.43435  |||| 10.6813 |||| 10.6813 
6.4947  3.45924  4.51343  6.4947  3.45924  4.51343  |||| 31.9972 |||| 31.9972 
4.75579  2.62226  4.63126  4.75579  2.62226  4.63126  |||| 21.5223 |||| 21.5223 
5.14014  2.67713  5.16755  5.14014  2.67713  5.16755  |||| 51.5673 |||| 51.5673 
3.71708  3.29389  2.34178  3.71708  3.29389  2.34178  |||| 15.7623 |||| 15.7623 
5.06401  2.77227  4.04533  5.06401  2.77227  4.04533  |||| 26.8847 |||| 26.8847 
4.13181  5.30646  3.90528  4.13181  5.30646  3.90528  |||| 26.4945 |||| 26.4945 
2.47401  1.3086  4.36019  2.47401  1.3086  4.36019  |||| 13.3803 |||| 13.3803 
3.13425  5.57937  5.49975  3.13425  5.57937  5.49975  |||| 16.4279 |||| 16.4279 
3.04544  5.03913  3.43046  3.04544  5.03913  3.43046  |||| 13.7881 |||| 13.7881 
2.31002  3.58885  3.762  2.31002  3.58885  3.762  |||| 49.893 |||| 49.893 
4.07662  3.12296  4.181  4.07662  3.12296  4.181  |||| 60.1296 |||| 60.1296 
7.04869  9.31251  8.86416  7.04869  9.31251  8.86416  |||| 61.4161 |||| 61.4161 
2.77067  3.11276  7.55199  2.77067  3.11276  7.55199  |||| 20.7478 |||| 20.7478 
3.31735  1.69741  4.53833  3.31735  1.69741  4.53833  |||| 22.317 |||| 22.317 
1.58185  3.10131  4.42094  1.58185  3.10131  4.42094  |||| 15.5458 |||| 15.5458 
3.76586  3.4235  2.6214  3.76586  3.4235  2.6214  |||| 32.7661 |||| 32.7661 
1.60904  3.04459  4.08264  1.60904  3.04459  4.08264  |||| 5.21695 |||| 5.21695 
5.90724  5.3025  5.16893  5.90724  5.3025  5.16893  |||| 77.692 |||| 77.692 
3.61826  3.14338  3.35584  3.61826  3.14338  3.35584  |||| 40.5412 |||| 40.5412 
5.76957  4.21855  3.35917  5.76957  4.21855  3.35917  |||| 93.4368 |||| 93.4368 
4.91661  5.54714  5.98644  4.91661  5.54714  5.98644  |||| 84.5581 |||| 84.5581 
4.44782  2.70754  3.45788  4.44782  2.70754  3.45788  |||| 84.0804 |||| 84.0804 
3.39039  1.54038  3.06137  3.39039  1.54038  3.06137  |||| 62.8747 |||| 62.8747 
5.16405  3.11102  3.339  5.16405  3.11102  3.339  |||| 152.62 |||| 152.62 
3.61515  2.6881  3.45664  3.61515  2.6881  3.45664  |||| 111.677 |||| 111.677 
4.04894  6.2349  5.3278  4.04894  6.2349  5.3278  |||| 220.487 |||| 220.487 
7.0002  6.16336  3.92647  7.0002  6.16336  3.92647  |||| 698.054 |||| 698.054 
2.98622  4.82602  4.05256  2.98622  4.82602  4.05256  |||| 544.193 |||| 544.193 
1.00001  0.0020512  0.00099242  1.56415  1.5854  1.61969  |||| 17.8176 |||| 16196.8 
0.00117619  1.25116  0.00122532  0.151957  1.24938  0.322683  |||| 12.1186 |||| 3226.7 
0.000587177  0.000844155  1.26149  7.8721  8.24265  7.22061  |||| 5.79031 |||| 82423.8 
0.999255  0.038567  0.0386357  3.30732  1.97633  2.31925  |||| 1.07654 |||| 64.6064 
0.995517  0.10548  0.0207994  0.894809  0.0192344  0.479724  |||| 1.13689 |||| 15.4305 
0.989877  0.0129455  0.141962  0.581357  0.240425  0.872322  |||| 1.17917 |||| 7.24478 
0.980957  0.200059  0.0183687  0.877067  0.936159  1.39948  |||| 1.21098 |||| 58.9391 
0.985608  0.0653427  0.169089  0.911787  0.652139  0.186167  |||| 1.25616 |||| 8.07066 
0.982236  0.189574  0.0927222  0.656347  1.11294  0.306902  |||| 1.28922 |||| 7.47639 
0.956346  0.0261804  0.29225  2.97854  3.4936  2.64441  |||| 1.29037 |||| 107.959 
0.943163  0.340258  0.0183258  2.61775  2.43097  2.08453  |||| 1.30642 |||| 119.945 
0.973157  0.0347371  0.230168  1.90488  0.37744  0.794384  |||| 1.38236 |||| 4.77065 
0.955622  0.2994  0.118229  1.60958  1.29747  1.38558  |||| 1.3909 |||| 14.1678 
0.929011  0.0255724  0.370098  0.0608251  0.125867  0.998167  |||| 1.38453 |||| 3.73393 
0.920777  0.392822  0.0477596  2.34237  2.12479  2.28564  |||| 1.4043 |||| 35.403 
0.933228  0.0282236  0.359295  2.31977  2.40881  2.58004  |||| 1.45583 |||| 21.4701 
0.949298  0.317329  0.152135  1.17236  0.749234  0.900423  |||| 1.51417 |||| 5.51671 
0.860914  0.0201784  0.508767  6.73328  7.13953  6.4955  |||| 1.40358 |||| 295.444 
0.839613  0.544451  0.00790517  1.19655  0.291885  0.084019  |||| 1.40524 |||| 6.7248 
0.936973  0.0877842  0.349413  0.1739  0.271413  0.984888  |||| 1.59466 |||| 4.49497 
0.883731  0.469285  0.0805823  0.895187  0.488079  0.133473  |||| 1.5363 |||| 1.59786 
0.855334  0.124911  0.518091  0.910851  0.100482  0.568565  |||| 1.51847 |||| 1.6664 
0.825724  0.565921  0.0655384  3.54701  3.14411  2.55879  |||| 1.49685 |||| 36.5242 
0.873106  0.0409542  0.487536  8.72062  8.42342  8.80334  |||| 1.616 |||| 53.3016 
0.885067  0.467815  0.15266  0.253903  1.33505  0.2822  |||| 1.67258 |||| 4.77498 
0.764953  0.0457028  0.644092  2.79828  0.976577  2.51668  |||| 1.47566 |||| 21.6227 
0.751687  0.660899  0.0497047  1.01942  0.255042  0.659568  |||| 1.48102 |||| 14.2933 
0.857544  0.0716947  0.514418  1.14986  0.736476  0.955149  |||| 1.72394 |||| 3.60587 
0.823606  0.569041  0.278645  1.32899  1.3159  1.61211  |||| 1.69038 |||| 9.14669 
0.734489  0.116669  0.678649  0.425388  0.220866  1.1089  |||| 1.53881 |||| 2.7011 
0.747497  0.665014  0.147346  1.62614  1.55603  1.16012  |||| 1.59874 |||| 9.96023 
0.761668  0.167992  0.647983  0.85336  1.05817  0.399986  |||| 1.66318 |||| 6.93929 
0.838171  0.546797  0.281754  0.667632  1.10718  0.955443  |||| 1.8687 |||| 3.77822 
0.628772  0.0251865  0.777611  3.10401  2.5018  2.61912  |||| 1.43146 |||| 142.756 
0.611733  0.797417  0.0102129  3.0109  3.38779  2.85059  |||| 1.42216 |||| 320.142 
0.815914  0.207433  0.578215  0.825095  0.31998  0.710547  |||| 1.93727 |||| 2.38064 
0.691272  0.723872  0.255366  1.70816  1.39851  2.34054  |||| 1.67666 |||| 14.9937 
0.662282  0.114761  0.749266  2.09141  2.08297  2.83367  |||| 1.64092 |||| 14.9001 
0.605611  0.79745  0.0995248  1.86397  2.51191  2.56189  |||| 1.53337 |||| 30.114 
0.673243  0.355463  0.688774  3.916  4.43298  4.61255  |||| 1.75268 |||| 20.1076 
0.706927  0.708409  0.125788  1.36095  1.47602  0.511576  |||| 1.86902 |||| 3.89491 
0.5505  0.0456793  0.834837  1.01445  0.372184  0.960603  |||| 1.48784 |||| 5.39735 
0.524852  0.852797  0.0624101  1.44394  1.94451  1.79489  |||| 1.45039 |||| 36.0024 
0.64813  0.488901  0.684953  0.667902  0.115918  1.33749  |||| 1.83353 |||| 3.58033 
0.618768  0.786484  0.0921143  0.767381  0.705221  0.140985  |||| 1.78902 |||| 2.21842 
0.524941  0.0197883  0.851142  0.868723  0.140921  0.863883  |||| 1.55271 |||| 2.56959 
0.526247  0.851153  0.0876976  1.04574  1.2999  0.461419  |||| 1.59449 |||| 3.39204 
0.560918  0.166105  0.82789  5.4332  4.64285  5.45954  |||| 1.73836 |||| 23.0883 
0.644166  0.76613  0.356257  0.281796  1.04282  0.495009  |||| 2.04476 |||| 2.78348 
0.422492  0.0260528  0.906382  0.63493  0.342992  1.13502  |||| 1.37345 |||| 10.5599 
0.409152  0.912869  0.040787  0.902919  1.81978  0.438804  |||| 1.36826 |||| 13.3769 
0.5092  0.549162  0.702318  2.73924  2.89818  0.646563  |||| 1.81615 |||| 9.35234 
0.494013  0.87012  0.329406  2.6862  2.95331  1.60253  |||| 1.73179 |||| 9.40409 
0.435878  0.181115  0.900022  0.834832  0.310626  0.840902  |||| 1.5653 |||| 2.99799 
0.410397  0.91286  0.0517577  0.433264  0.902621  0.0730912  |||| 1.51239 |||| 1.59666 
0.471547  0.144823  0.881852  0.0986859  0.119058  1.00494  |||| 1.78405 |||| 2.03307 
0.513661  0.858466  0.0212396  0.89211  1.07923  0.394726  |||| 1.99882 |||| 3.46665 
0.340723  0.0731889  0.940171  0.384701  0.0586948  1.00074  |||| 1.36056 |||| 1.53613 
0.340035  0.941343  0.0667759  1.23895  0.755065  1.68718  |||| 1.39691 |||| 20.3929 
0.444488  0.56289  0.725742  1.42349  0.172697  0.75326  |||| 1.8872 |||| 6.01132 
0.422575  0.90727  0.273427  2.55263  2.40019  2.11274  |||| 1.83889 |||| 11.0947 
0.317443  0.105021  0.94828  0.43164  0.33084  1.19203  |||| 1.42087 |||| 3.02698 
0.340035  0.941343  0.0667759  7.11702  6.77927  8.65661  |||| 1.56941 |||| 47.159 
0.340794  0.10019  0.940141  2.42268  2.02589  2.89965  |||| 1.62098 |||| 11.523 
0.331324  0.722176  0.703224  14.225  12.3953  7.36231  |||| 1.82327 |||| 69.8175 
0.241335  0.0091623  0.970455  1.78664  3.37099  3.08091  |||| 1.22816 |||| 268.75 
0.214775  0.9826  0.00656114  3.89018  4.0722  2.83235  |||| 1.22367 |||| 448.078 
0.288346  0.680821  0.707938  4.90654  3.85461  2.52128  |||| 1.70958 |||| 26.5856 
0.280557  0.960353  0.0314586  3.91451  1.55332  2.65853  |||| 1.5742 |||| 21.9597 
0.264346  0.20364  0.964432  1.73372  2.20321  2.81942  |||| 1.53702 |||| 10.9857 
0.22327  0.97528  0.0362862  4.55532  5.52822  5.86877  |||| 1.34781 |||| 52.9715 
0.287537  0.0329286  0.95778  1.30732  1.78012  2.7157  |||| 1.80105 |||| 8.18853 
0.2818  0.960187  0.561492  4.40528  3.13709  2.70161  |||| 1.83743 |||| 28.6914 
0.192285  0.118115  0.981344  2.19459  1.81072  2.85505  |||| 1.30388 |||| 18.1216 
0.173249  0.98523  0.0661896  2.81145  3.85334  3.06616  |||| 1.234 |||| 50.7917 
0.236147  0.672788  0.795462  1.67669  1.8529  2.58637  |||| 1.81038 |||| 12.3774 
0.213944  0.977553  0.293461  2.64795  2.19828  3.56476  |||| 1.65178 |||| 20.444 
0.169463  0.152027  0.985541  1.07785  0.516506  0.533109  |||| 1.37087 |||| 8.71898 
0.163022  0.987021  0.120572  1.27965  1.78144  0.931849  |||| 1.38993 |||| 10.8667 
0.178355  0.0729207  0.983968  1.70845  1.7511  3.00824  |||| 1.59349 |||| 15.2628 
0.0224612  0.833617  0.706435  3.00117  6.26431  4.69834  |||| 1.77474 |||| 28.2731 
0.117172  0.0496599  0.993116  1.51538  1.68091  1.58079  |||| 1.1678 |||| 34.1615 
0.107796  0.994802  0.0373998  5.21737  4.23072  5.51546  |||| 1.14321 |||| 155.964 
0.0196145  0.702932  0.781687  5.70894  5.3548  7.07528  |||| 1.67337 |||| 64.1358 
0.126414  0.992268  0.121903  0.20484  0.986635  0.102478  |||| 1.52225 |||| 2.45683 
0.10624  0.0622178  0.994341  0.497868  0.628169  1.18555  |||| 1.3664 |||| 6.40203 
0.0925545  0.996091  0.0530753  3.86302  4.25683  3.584  |||| 1.28396 |||| 53.509 
0.106914  0.161878  0.994271  0.792195  0.390258  1.20548  |||| 1.60416 |||| 11.885 
0.108911  0.9943  0.0666655  0.653577  0.880476  1.26588  |||| 1.80697 |||| 10.6883 
0.0643453  0.0853438  0.997929  1.74647  1.24279  2.8779  |||| 1.1561 |||| 31.3697 
0.0586902  0.998639  0.0986798  2.28958  2.318  0.95263  |||| 1.17 |||| 45.5812 
0.077729  0.0933624  0.996976  0.123335  0.109249  1.133  |||| 1.73505 |||| 2.75167 
0.0631694  0.998182  0.0705005  0.0125994  1.00103  0.0934012  |||| 1.60213 |||| 1.6067 
0.0413959  0.166345  0.999144  0.986534  0.137913  0.174364  |||| 1.2147 |||| 28.9422 
0.0353351  0.99964  0.0955902  0.0362308  1.00595  0.147619  |||| 1.33038 |||| 1.33878 
0.0330086  0.0673457  0.999456  0.266732  0.106821  1.08817  |||| 1.40864 |||| 11.3638 
0.0233381  0.773735  0.70664  3.13037  3.94286  4.60683  |||| 1.51025 |||| 171.932 
0.0131873  0.0192776  0.999913  0.73942  0.0194708  0.745971  |||| 1.03735 |||| 57.0063 
0.0035765  1.00111  0.0213396  0.0648756  1.09308  0.114716  |||| 1.03288 |||| 8.35697 
0.00491273  0.122417  0.999988  1.26936  1.50014  1.52156  |||| 1.91534 |||| 491.872 
