0.927197  0.884435  6.81784  0.927197  0.884435  6.81784  |||| 58422.5 |||| 58422.5 
2.17908  3.26391  3.38138  2.17908  3.26391  3.38138  |||| 24057.9 |||| 24057.9 
0.733458  3.53463  4.81771  0.733458  3.53463  4.81771  |||| 27822.4 |||| 27822.4 
0.988766  3.96314  3.71136  0.988766  3.96314  3.71136  |||| 89.4413 |||| 89.4413 
0.929463  1.22332  6.80359  0.929463  1.22332  6.80359  |||| 187.465 |||| 187.465 
2.09938  2.30192  3.44436  2.09938  2.30192  3.44436  |||| 38.6078 |||| 38.6078 
1.49247  2.13333  5.51042  1.49247  2.13333  5.51042  |||| 190.987 |||| 190.987 
1.99301  3.86201  1.53784  1.99301  3.86201  1.53784  |||| 38.4996 |||| 38.4996 
1.37688  3.95494  3.31291  1.37688  3.95494  3.31291  |||| 26.1754 |||| 26.1754 
1.27975  1.97351  6.50735  1.27975  1.97351  6.50735  |||| 37.7379 |||| 37.7379 
1.86131  2.94707  4.97342  1.86131  2.94707  4.97342  |||| 230.038 |||| 230.038 
0.837898  1.04833  6.80584  0.837898  1.04833  6.80584  |||| 35.014 |||| 35.014 
1.12286  1.5205  5.98793  1.12286  1.5205  5.98793  |||| 51.2525 |||| 51.2525 
2.21589  1.89917  4.96644  2.21589  1.89917  4.96644  |||| 18.5897 |||| 18.5897 
2.71327  1.66569  2.64865  2.71327  1.66569  2.64865  |||| 25.9149 |||| 25.9149 
2.20119  2.45443  3.68102  2.20119  2.45443  3.68102  |||| 15.1722 |||| 15.1722 
1.60027  1.93738  6.09806  1.60027  1.93738  6.09806  |||| 31.3848 |||| 31.3848 
1.09669  1.73829  6.63498  1.09669  1.73829  6.63498  |||| 40.7997 |||| 40.7997 
0.929517  4.672  2.46456  0.929517  4.672  2.46456  |||| 119.195 |||| 119.195 
0.741012  0.898194  6.67807  0.741012  0.898194  6.67807  |||| 26.0262 |||| 26.0262 
0.831621  1.03986  6.81693  0.831621  1.03986  6.81693  |||| 48.8975 |||| 48.8975 
1.61793  3.84254  3.41288  1.61793  3.84254  3.41288  |||| 32.3468 |||| 32.3468 
1.35451  1.69911  6.27316  1.35451  1.69911  6.27316  |||| 75.6181 |||| 75.6181 
2.57494  1.50179  3.59142  2.57494  1.50179  3.59142  |||| 8.67062 |||| 8.67062 
2.24797  1.90317  4.13348  2.24797  1.90317  4.13348  |||| 16.5109 |||| 16.5109 
1.79808  0.794634  5.49543  1.79808  0.794634  5.49543  |||| 10.3555 |||| 10.3555 
2.00908  2.09688  4.99576  2.00908  2.09688  4.99576  |||| 87.1215 |||| 87.1215 
1.66206  1.72011  5.98976  1.66206  1.72011  5.98976  |||| 16.8035 |||| 16.8035 
1.97861  1.80599  4.3309  1.97861  1.80599  4.3309  |||| 19.0374 |||| 19.0374 
1.29131  1.33046  6.70014  1.29131  1.33046  6.70014  |||| 12.9805 |||| 12.9805 
0.799656  0.752388  6.68064  0.799656  0.752388  6.68064  |||| 48.9814 |||| 48.9814 
1.22768  1.94606  6.62821  1.22768  1.94606  6.62821  |||| 14.5089 |||| 14.5089 
2.40108  2.69398  3.47262  2.40108  2.69398  3.47262  |||| 9.65959 |||| 9.65959 
2.3401  1.77666  4.43696  2.3401  1.77666  4.43696  |||| 58.4525 |||| 58.4525 
0.743015  1.47768  6.09533  0.743015  1.47768  6.09533  |||| 574.988 |||| 574.988 
1.57859  2.53916  5.54244  1.57859  2.53916  5.54244  |||| 15.3013 |||| 15.3013 
1.72637  1.78726  5.77328  1.72637  1.78726  5.77328  |||| 30.7346 |||| 30.7346 
2.073  1.62286  4.48705  2.073  1.62286  4.48705  |||| 7.69039 |||| 7.69039 
1.14429  1.06833  6.8742  1.14429  1.06833  6.8742  |||| 69.3361 |||| 69.3361 
1.23108  0.897152  6.59305  1.23108  0.897152  6.59305  |||| 14.2947 |||| 14.2947 
1.44489  1.79884  6.12027  1.44489  1.79884  6.12027  |||| 21.1821 |||| 21.1821 
1.88098  3.56269  2.96597  1.88098  3.56269  2.96597  |||| 40.784 |||| 40.784 
2.22663  2.52065  4.02011  2.22663  2.52065  4.02011  |||| 61.0685 |||| 61.0685 
2.49375  2.09882  2.75093  2.49375  2.09882  2.75093  |||| 5.12799 |||| 5.12799 
2.23472  2.36907  3.69536  2.23472  2.36907  3.69536  |||| 12.6723 |||| 12.6723 
1.61006  2.17286  5.15116  1.61006  2.17286  5.15116  |||| 12.4857 |||| 12.4857 
1.32994  3.58199  4.7506  1.32994  3.58199  4.7506  |||| 27.7521 |||| 27.7521 
0.931504  1.2071  6.24032  0.931504  1.2071  6.24032  |||| 11.0548 |||| 11.0548 
1.90046  3.07697  4.59465  1.90046  3.07697  4.59465  |||| 11.6616 |||| 11.6616 
2.51195  3.31759  1.42469  2.51195  3.31759  1.42469  |||| 79.0387 |||| 79.0387 
1.66968  2.00067  5.60104  1.66968  2.00067  5.60104  |||| 141.011 |||| 141.011 
1.32131  1.12077  6.56076  1.32131  1.12077  6.56076  |||| 14.4432 |||| 14.4432 
2.05538  1.97503  4.7426  2.05538  1.97503  4.7426  |||| 17.7626 |||| 17.7626 
2.42419  1.73526  2.88457  2.42419  1.73526  2.88457  |||| 6.70617 |||| 6.70617 
2.33542  2.46893  3.41117  2.33542  2.46893  3.41117  |||| 19.4479 |||| 19.4479 
0.888402  4.69385  2.02904  0.888402  4.69385  2.02904  |||| 16.3277 |||| 16.3277 
2.03805  3.08341  3.04176  2.03805  3.08341  3.04176  |||| 6.59468 |||| 6.59468 
1.70925  3.09722  4.82842  1.70925  3.09722  4.82842  |||| 40.0415 |||| 40.0415 
0.927451  3.75362  4.33726  0.927451  3.75362  4.33726  |||| 40.6328 |||| 40.6328 
1.27488  1.05644  6.19761  1.27488  1.05644  6.19761  |||| 11.2283 |||| 11.2283 
1.59392  1.16675  5.50244  1.59392  1.16675  5.50244  |||| 16.3606 |||| 16.3606 
2.06141  1.62085  4.85638  2.06141  1.62085  4.85638  |||| 7.95236 |||| 7.95236 
0.90186  2.61726  6.02693  0.90186  2.61726  6.02693  |||| 27.5185 |||| 27.5185 
1.98396  1.28687  5.32422  1.98396  1.28687  5.32422  |||| 7.49796 |||| 7.49796 
1.64124  2.87429  5.46971  1.64124  2.87429  5.46971  |||| 11.6523 |||| 11.6523 
0.95798  1.08717  6.83315  0.95798  1.08717  6.83315  |||| 26.6923 |||| 26.6923 
2.67268  2.03439  3.16753  2.67268  2.03439  3.16753  |||| 346.767 |||| 346.767 
2.31489  2.5324  4.33663  2.31489  2.5324  4.33663  |||| 8.86245 |||| 8.86245 
2.48228  2.69587  3.3701  2.48228  2.69587  3.3701  |||| 11.3026 |||| 11.3026 
1.09612  2.28955  5.9483  1.09612  2.28955  5.9483  |||| 7.92514 |||| 7.92514 
2.49538  1.9081  2.34298  2.49538  1.9081  2.34298  |||| 12.3421 |||| 12.3421 
1.32512  3.22785  5.09062  1.32512  3.22785  5.09062  |||| 8.02248 |||| 8.02248 
1.24049  1.32671  6.80538  1.24049  1.32671  6.80538  |||| 17.9912 |||| 17.9912 
1.24084  2.03382  5.66702  1.24084  2.03382  5.66702  |||| 12.8264 |||| 12.8264 
1.79037  3.59201  3.17015  1.79037  3.59201  3.17015  |||| 36.3537 |||| 36.3537 
1.03576  1.73836  6.13754  1.03576  1.73836  6.13754  |||| 10.4693 |||| 10.4693 
2.15357  3.10945  2.00216  2.15357  3.10945  2.00216  |||| 11.3826 |||| 11.3826 
1.89469  3.75584  0.975585  1.89469  3.75584  0.975585  |||| 19.0727 |||| 19.0727 
2.15492  2.63855  4.38524  2.15492  2.63855  4.38524  |||| 19.7876 |||| 19.7876 
2.07437  2.51313  3.35515  2.07437  2.51313  3.35515  |||| 12.4634 |||| 12.4634 
1.49316  1.76263  5.80125  1.49316  1.76263  5.80125  |||| 12.1235 |||| 12.1235 
0.906118  4.686  1.48262  0.906118  4.686  1.48262  |||| 79.9566 |||| 79.9566 
1.62279  2.38529  5.37201  1.62279  2.38529  5.37201  |||| 124.32 |||| 124.32 
0.935658  1.33674  6.83189  0.935658  1.33674  6.83189  |||| 11.9254 |||| 11.9254 
1.35862  3.0488  4.89707  1.35862  3.0488  4.89707  |||| 14.8001 |||| 14.8001 
2.07746  1.3658  5.22478  2.07746  1.3658  5.22478  |||| 17.9794 |||| 17.9794 
0.679275  3.09529  5.31659  0.679275  3.09529  5.31659  |||| 28.5184 |||| 28.5184 
1.75125  0.891181  5.34592  1.75125  0.891181  5.34592  |||| 16.0826 |||| 16.0826 
2.22315  3.17692  3.68462  2.22315  3.17692  3.68462  |||| 25.2482 |||| 25.2482 
1.21935  3.81851  3.15228  1.21935  3.81851  3.15228  |||| 37.7819 |||| 37.7819 
2.02744  2.81728  3.29939  2.02744  2.81728  3.29939  |||| 26.8394 |||| 26.8394 
2.33108  3.36905  2.10726  2.33108  3.36905  2.10726  |||| 36.8551 |||| 36.8551 
1.09698  4.81912  1.97449  1.09698  4.81912  1.97449  |||| 10.5916 |||| 10.5916 
0.790841  0.869447  6.68997  0.790841  0.869447  6.68997  |||| 6.94728 |||| 6.94728 
1.51454  3.1596  4.78955  1.51454  3.1596  4.78955  |||| 29.0385 |||| 29.0385 
0.761484  0.777705  6.45356  0.761484  0.777705  6.45356  |||| 7.7208 |||| 7.7208 
0.817457  2.5185  5.99582  0.817457  2.5185  5.99582  |||| 10.7296 |||| 10.7296 
0.909502  0.920675  6.80899  0.909502  0.920675  6.80899  |||| 17.7497 |||| 17.7497 
1.32466  4.01495  4.01577  1.32466  4.01495  4.01577  |||| 130.729 |||| 130.729 
0.961736  0.930121  6.83423  0.961736  0.930121  6.83423  |||| 109.453 |||| 109.453 
2.09344  0.247084  0.252635  1.43804  1.12874  4.26847  |||| 1541.45 |||| 41699.8 
0.203654  4.09154  0.173828  1.84272  1.05495  2.65667  |||| 1026.85 |||| 25581.8 
0.189077  0.189239  6.08726  1.25442  1.21633  4.68815  |||| 881.084 |||| 11534.5 
2.09344  0.247084  0.252635  2.21512  0.882775  1.11091  |||| 4.29398 |||| 28.2027 
2.10331  0.419282  0.148844  0.323887  3.51173  3.14719  |||| 3.41002 |||| 98.0651 
2.09411  0.156746  0.307532  1.98362  0.645587  1.89823  |||| 2.37431 |||| 14.9474 
2.10331  0.419282  0.148844  0.130032  0.326787  6.1066  |||| 2.47189 |||| 253.035 
2.08963  0.303909  0.435475  2.00768  0.852476  1.46281  |||| 2.53458 |||| 10.1348 
2.08452  0.48759  0.30641  1.52383  1.43767  3.78749  |||| 2.6035 |||| 41.3125 
2.09411  0.156746  0.307532  1.29095  2.43285  3.41137  |||| 2.6893 |||| 72.0566 
2.07026  0.734837  0.140032  1.08569  3.52275  0.972063  |||| 2.72779 |||| 50.266 
2.081  0.463453  0.563075  0.199965  0.237876  6.0836  |||| 2.81263 |||| 35.944 
2.06898  0.716497  0.378483  2.09671  0.472539  0.774544  |||| 2.86444 |||| 6.91282 
2.07618  0.272288  0.884663  0.133406  0.290768  6.08732  |||| 2.94373 |||| 22.4032 
2.05045  0.931133  0.275125  0.43978  2.69533  4.56952  |||| 2.97323 |||| 69.2537 
2.07188  0.445515  0.852336  0.843787  1.96689  4.90054  |||| 3.07465 |||| 19.4574 
2.06075  0.757008  0.604861  0.918479  0.508691  5.53002  |||| 3.12595 |||| 33.2784 
2.09411  0.156746  0.307532  1.40604  2.50306  2.83941  |||| 3.2495 |||| 99.3945 
2.06755  0.854954  0.133964  0.790503  2.0004  4.94348  |||| 3.27622 |||| 387.851 
2.0541  0.743652  0.824625  1.63479  1.26655  3.50588  |||| 3.32412 |||| 15.5513 
2.02393  1.12153  0.495687  2.09578  0.230494  0.673878  |||| 3.34282 |||| 4.81653 
2.04936  0.428964  1.27855  1.41678  3.05807  0.895588  |||| 3.45899 |||| 30.9512 
1.98607  1.39367  0.307406  1.1133  1.62291  4.72623  |||| 3.41729 |||| 66.0567 
2.04179  0.66493  1.18208  0.668846  1.0188  5.67563  |||| 3.59225 |||| 18.4863 
2.01628  1.1116  0.787904  0.20285  3.84033  2.17975  |||| 3.61923 |||| 13.376 
2.01971  0.264836  1.71304  0.174284  2.78091  4.54173  |||| 3.70143 |||| 59.3477 
1.92617  1.70237  0.257552  2.001  0.600544  1.75722  |||| 3.59438 |||| 35.9464 
2.01851  0.88291  1.24692  0.208837  3.07441  4.09013  |||| 3.8549 |||| 14.5623 
1.97387  1.39473  0.775058  1.68745  1.6338  3.03208  |||| 3.84421 |||| 16.6446 
2.00103  0.425752  1.85193  0.743895  3.64937  2.04709  |||| 3.98069 |||| 43.4452 
1.91772  1.71758  0.548866  2.02905  1.03855  0.696412  |||| 3.8857 |||| 5.13352 
1.99551  0.73179  1.70812  1.88874  1.72867  1.14492  |||| 4.13699 |||| 10.6751 
1.96604  1.31929  1.16881  1.59091  1.80367  3.17361  |||| 4.15822 |||| 11.8959 
2.09411  0.156746  0.307532  0.636232  1.86292  5.22906  |||| 4.53752 |||| 100.534 
1.77745  2.2653  0.120833  1.22192  2.04432  4.12061  |||| 3.89754 |||| 451.716 
1.94739  1.33046  1.40439  0.203725  3.82858  2.23126  |||| 4.3842 |||| 13.2941 
1.85698  1.93826  0.760673  1.30866  3.22601  0.945199  |||| 4.25879 |||| 7.24041 
1.9434  0.73906  2.18079  0.206915  0.609285  6.03716  |||| 4.56479 |||| 13.0062 
1.7636  2.28978  0.446189  0.567198  0.491612  5.90415  |||| 4.20962 |||| 68.2434 
1.92445  1.14108  1.95216  1.9877  1.08843  1.52706  |||| 4.71702 |||| 4.88062 
1.85247  1.85503  1.21934  0.580925  0.230416  5.91278  |||| 4.63079 |||| 23.939 
1.8751  0.428632  2.78828  1.57305  2.35516  2.30148  |||| 4.79502 |||| 32.7095 
1.64715  2.61549  0.293574  0.455893  1.19151  5.76571  |||| 4.27389 |||| 113.676 
1.86898  1.46241  1.96455  0.130188  1.30594  5.8147  |||| 4.99666 |||| 15.3019 
1.75939  2.20708  1.12683  0.434573  4.00329  0.877983  |||| 4.79439 |||| 8.87905 
1.83698  0.680361  2.91292  1.66639  2.31713  1.74091  |||| 5.13499 |||| 19.4772 
1.6438  2.59343  0.730376  0.733049  3.63168  2.15078  |||| 4.67054 |||| 15.0875 
1.82514  1.17342  2.64003  1.89906  1.7366  0.938955  |||| 5.34328 |||| 8.13292 
1.75118  2.06191  1.71784  1.74581  2.0855  1.71255  |||| 5.23691 |||| 5.29774 
1.72248  0.256726  3.57783  0.231876  0.178326  6.08176  |||| 5.27238 |||| 9.06667 
1.41235  3.13851  0.176205  0.141623  0.44646  6.08316  |||| 4.55378 |||| 182.448 
1.7336  1.88618  2.25351  1.8985  1.56274  1.48808  |||| 5.57417 |||| 6.13715 
1.57428  2.68938  1.18872  1.666  2.56433  0.44547  |||| 5.1579 |||| 5.47902 
1.70725  0.944283  3.41437  1.57504  1.63439  3.41496  |||| 5.76843 |||| 10.4606 
1.42804  3.05214  0.704959  1.77551  2.25413  0.43797  |||| 4.89058 |||| 6.17111 
1.67881  1.54265  3.0492  1.7591  0.69451  3.30643  |||| 5.97109 |||| 6.48998 
1.56355  2.53905  1.87876  0.427344  0.588938  5.97555  |||| 5.6835 |||| 18.758 
1.56424  0.439293  4.13631  1.70928  2.30942  1.94697  |||| 5.84336 |||| 37.7078 
1.26706  3.32711  0.490181  0.720118  2.3424  4.69283  |||| 4.7884 |||| 55.5321 
1.57683  1.9605  2.99937  1.48568  2.31716  2.84246  |||| 6.23745 |||| 7.43283 
1.41326  2.91548  1.67681  0.856743  0.628297  5.58816  |||| 5.7057 |||| 19.8404 
1.49458  0.781018  4.25875  0.798119  2.74768  4.07161  |||| 6.23792 |||| 24.233 
1.25456  3.2919  1.07043  1.82887  0.557413  3.01435  |||| 5.321 |||| 15.8849 
1.47879  1.47673  3.90169  0.228915  0.578769  6.04026  |||| 6.55751 |||| 10.2449 
1.38571  2.68623  2.53013  0.385742  0.300124  6.02445  |||| 6.30562 |||| 15.3647 
1.29773  0.166409  4.89045  1.70549  2.18288  1.86861  |||| 6.06576 |||| 165.97 
0.465811  4.031  0.112799  1.59519  2.3574  2.27987  |||| 4.8952 |||| 345.096 
1.30591  2.7212  2.79749  1.98955  0.603659  1.87128  |||| 6.52888 |||| 10.2331 
1.08682  3.48064  1.27154  1.35957  2.2817  3.41337  |||| 5.54103 |||| 15.6469 
1.28976  1.48747  4.43422  1.82435  1.3066  2.51321  |||| 6.91285 |||| 10.0191 
0.928997  3.71374  0.644529  0.266496  3.49614  3.21307  |||| 4.9939 |||| 28.1122 
1.22166  2.26859  3.83469  0.505845  1.15961  5.74784  |||| 7.02579 |||| 10.6234 
1.05265  3.34283  2.10554  1.74915  1.68376  2.50167  |||| 6.20488 |||| 10.7345 
1.09708  0.776599  5.18824  1.01558  1.02677  5.23841  |||| 6.7627 |||| 9.264 
0.766568  3.85952  0.374471  0.483061  3.4747  3.08869  |||| 4.70852 |||| 49.5337 
1.05593  2.72473  3.58124  2.00067  1.24532  0.707035  |||| 7.06359 |||| 14.0236 
0.869716  3.61479  1.75406  0.236647  0.533937  6.04428  |||| 5.93852 |||| 21.3245 
0.979421  1.21808  5.20747  0.300901  2.32537  5.03966  |||| 7.10661 |||| 14.1238 
0.721868  3.84691  1.00561  0.26035  1.00967  5.91655  |||| 5.27611 |||| 33.7645 
0.926264  2.09666  4.65454  0.194129  3.81323  2.29573  |||| 7.37843 |||| 13.7185 
0.805927  3.39369  2.73873  0.890307  0.814408  5.50957  |||| 6.64121 |||| 13.5942 
0.765398  0.424415  5.72733  1.77554  1.29759  2.84426  |||| 6.61904 |||| 24.3175 
0.523662  4.00162  0.255217  1.05333  3.60626  0.281259  |||| 4.48347 |||| 10.0577 
0.733626  3.08769  3.58922  1.05446  3.53221  1.1685  |||| 7.11215 |||| 10.7118 
0.579603  3.84191  1.61658  0.801651  0.484712  5.6796  |||| 5.74093 |||| 21.0637 
0.67014  1.52386  5.43088  1.75111  1.42876  2.80514  |||| 7.32774 |||| 21.2193 
0.462944  3.99467  0.857553  1.10949  2.23056  4.15654  |||| 5.01997 |||| 26.6595 
0.597429  2.44  4.7187  0.609165  1.96056  5.17591  |||| 7.45904 |||| 8.19202 
0.493407  3.6425  2.59874  1.94904  0.523407  2.25822  |||| 6.43737 |||| 30.223 
0.476745  0.646942  5.92752  1.8553  1.23893  2.38138  |||| 6.75302 |||| 31.5111 
0.333048  4.05613  0.54188  1.17157  2.03359  4.23524  |||| 4.63476 |||| 42.8852 
0.42789  2.87857  4.2909  2.17167  1.7383  2.43979  |||| 7.29761 |||| 46.2015 
0.336907  3.83045  2.11961  0.18976  0.831343  6.00323  |||| 5.98719 |||| 17.4853 
0.337585  1.10489  5.85659  0.658187  1.86122  5.2098  |||| 7.00043 |||| 16.3474 
0.248867  4.00987  1.24175  0.251055  4.04948  0.904656  |||| 5.20325 |||| 5.25597 
0.272113  2.05699  5.29803  1.29133  1.31056  4.54965  |||| 7.32836 |||| 50.7154 
0.217147  3.5099  3.20148  0.524569  3.99511  0.511282  |||| 6.63282 |||| 23.2658 
0.18049  0.244909  6.08582  0.187461  0.212452  6.08685  |||| 6.21159 |||| 6.66832 
0.199917  4.08568  0.36999  0.117095  0.402912  6.08031  |||| 12.7477 |||| 257.221 
0.128995  1.37265  5.78061  2.05413  0.82811  0.636093  |||| 10.8835 |||| 756.848 
