2.7467  0.988038  1.22987  2.7467  0.988038  1.22987  |||| 2536.88 |||| 2536.88 
2.86997  0.983032  0.981704  2.86997  0.983032  0.981704  |||| 3100.8 |||| 3100.8 
2.85592  0.98685  0.991962  2.85592  0.98685  0.991962  |||| 2960.25 |||| 2960.25 
2.86408  0.986411  1.00619  2.86408  0.986411  1.00619  |||| 0.83593 |||| 0.83593 
2.93896  0.983049  0.983161  2.93896  0.983049  0.983161  |||| 0.4329 |||| 0.4329 
2.86081  0.986965  0.992697  2.86081  0.986965  0.992697  |||| 0.383846 |||| 0.383846 
2.83608  0.984801  1.0542  2.83608  0.984801  1.0542  |||| 3.28568 |||| 3.28568 
2.88915  0.980948  0.981294  2.88915  0.980948  0.981294  |||| 0.419644 |||| 0.419644 
2.93169  0.986081  0.986926  2.93169  0.986081  0.986926  |||| 0.487995 |||| 0.487995 
2.84011  0.977443  1.02773  2.84011  0.977443  1.02773  |||| 0.378085 |||| 0.378085 
2.85961  0.977631  0.981741  2.85961  0.977631  0.981741  |||| 0.41515 |||| 0.41515 
2.87635  0.972125  0.978962  2.87635  0.972125  0.978962  |||| 0.449521 |||| 0.449521 
2.79927  0.97754  1.06221  2.79927  0.97754  1.06221  |||| 0.8796 |||| 0.8796 
2.85572  0.98422  0.995494  2.85572  0.98422  0.995494  |||| 0.440882 |||| 0.440882 
2.82469  0.975013  1.03436  2.82469  0.975013  1.03436  |||| 0.901043 |||| 0.901043 
2.8859  0.986637  0.985443  2.8859  0.986637  0.985443  |||| 0.508573 |||| 0.508573 
2.91689  0.985868  0.99135  2.91689  0.985868  0.99135  |||| 0.569423 |||| 0.569423 
2.80802  0.984857  1.01639  2.80802  0.984857  1.01639  |||| 0.550301 |||| 0.550301 
2.8196  0.978487  1.00272  2.8196  0.978487  1.00272  |||| 2.12441 |||| 2.12441 
2.90551  0.981749  0.980021  2.90551  0.981749  0.980021  |||| 0.588227 |||| 0.588227 
2.79022  0.988845  1.03213  2.79022  0.988845  1.03213  |||| 0.468266 |||| 0.468266 
2.86213  0.988684  0.995184  2.86213  0.988684  0.995184  |||| 0.536559 |||| 0.536559 
2.85309  0.983891  0.976832  2.85309  0.983891  0.976832  |||| 0.531499 |||| 0.531499 
2.8572  0.987238  0.986772  2.8572  0.987238  0.986772  |||| 0.550277 |||| 0.550277 
2.75707  0.980315  1.11783  2.75707  0.980315  1.11783  |||| 0.740558 |||| 0.740558 
2.77459  0.989445  1.13173  2.77459  0.989445  1.13173  |||| 0.414168 |||| 0.414168 
2.8916  0.981669  0.984816  2.8916  0.981669  0.984816  |||| 0.653237 |||| 0.653237 
2.89068  0.985917  0.983161  2.89068  0.985917  0.983161  |||| 0.664984 |||| 0.664984 
2.76568  1.00148  0.983086  2.76568  1.00148  0.983086  |||| 0.422331 |||| 0.422331 
2.85613  0.985229  0.989433  2.85613  0.985229  0.989433  |||| 0.620623 |||| 0.620623 
2.84406  0.988488  0.99251  2.84406  0.988488  0.99251  |||| 0.607772 |||| 0.607772 
2.83415  0.985317  0.978124  2.83415  0.985317  0.978124  |||| 0.598866 |||| 0.598866 
2.88608  0.984228  0.999027  2.88608  0.984228  0.999027  |||| 0.727241 |||| 0.727241 
2.8749  0.983846  0.987001  2.8749  0.983846  0.987001  |||| 0.717138 |||| 0.717138 
2.78331  0.979319  1.02886  2.78331  0.979319  1.02886  |||| 5.91631 |||| 5.91631 
2.90553  0.985975  0.993394  2.90553  0.985975  0.993394  |||| 0.820663 |||| 0.820663 
2.62287  0.988165  1.31073  2.62287  0.988165  1.31073  |||| 2.14313 |||| 2.14313 
2.77442  0.999812  0.986656  2.77442  0.999812  0.986656  |||| 0.531518 |||| 0.531518 
2.94719  0.982661  0.982788  2.94719  0.982661  0.982788  |||| 0.980411 |||| 0.980411 
2.84075  0.993974  0.986863  2.84075  0.993974  0.986863  |||| 0.726523 |||| 0.726523 
2.67958  0.983064  1.17511  2.67958  0.983064  1.17511  |||| 0.819019 |||| 0.819019 
2.87352  0.978629  0.999955  2.87352  0.978629  0.999955  |||| 0.847642 |||| 0.847642 
2.83429  0.987325  0.978982  2.83429  0.987325  0.978982  |||| 0.75828 |||| 0.75828 
2.91748  0.984821  0.985766  2.91748  0.984821  0.985766  |||| 1.01058 |||| 1.01058 
2.90045  0.981648  0.981434  2.90045  0.981648  0.981434  |||| 0.984527 |||| 0.984527 
2.85708  0.984483  0.999901  2.85708  0.984483  0.999901  |||| 0.879068 |||| 0.879068 
2.91273  0.986214  0.990942  2.91273  0.986214  0.990942  |||| 1.06813 |||| 1.06813 
2.92139  0.977514  0.977061  2.92139  0.977514  0.977061  |||| 1.12028 |||| 1.12028 
2.93469  0.983758  0.983967  2.93469  0.983758  0.983967  |||| 1.18941 |||| 1.18941 
2.79641  0.982724  1.02449  2.79641  0.982724  1.02449  |||| 0.768836 |||| 0.768836 
2.83848  0.988029  1.01264  2.83848  0.988029  1.01264  |||| 1.11129 |||| 1.11129 
2.85744  0.985357  0.999813  2.85744  0.985357  0.999813  |||| 1.01589 |||| 1.01589 
2.76983  0.982413  1.0868  2.76983  0.982413  1.0868  |||| 0.734973 |||| 0.734973 
2.84734  0.985184  0.9864  2.84734  0.985184  0.9864  |||| 1.03228 |||| 1.03228 
2.89124  0.985319  0.985832  2.89124  0.985319  0.985832  |||| 1.2211 |||| 1.2211 
2.85748  0.985085  0.985153  2.85748  0.985085  0.985153  |||| 1.12589 |||| 1.12589 
2.86347  0.976066  0.985618  2.86347  0.976066  0.985618  |||| 1.17968 |||| 1.17968 
2.84993  0.985078  0.98427  2.84993  0.985078  0.98427  |||| 1.15816 |||| 1.15816 
2.85997  0.98485  0.994984  2.85997  0.98485  0.994984  |||| 1.23191 |||| 1.23191 
2.78557  0.975063  1.04223  2.78557  0.975063  1.04223  |||| 0.953034 |||| 0.953034 
2.77967  0.993087  1.02269  2.77967  0.993087  1.02269  |||| 0.955228 |||| 0.955228 
2.87498  0.988426  0.985458  2.87498  0.988426  0.985458  |||| 1.41035 |||| 1.41035 
2.86842  0.990016  1.00094  2.86842  0.990016  1.00094  |||| 1.42308 |||| 1.42308 
2.8429  0.980772  0.992094  2.8429  0.980772  0.992094  |||| 1.3461 |||| 1.3461 
2.85641  0.979364  1.00746  2.85641  0.979364  1.00746  |||| 1.45533 |||| 1.45533 
2.93837  0.982569  0.982422  2.93837  0.982569  0.982422  |||| 1.91832 |||| 1.91832 
2.77956  0.98069  1.04927  2.77956  0.98069  1.04927  |||| 11.5626 |||| 11.5626 
2.55989  0.978909  1.63438  2.55989  0.978909  1.63438  |||| 1.58948 |||| 1.58948 
2.7536  0.971559  1.0766  2.7536  0.971559  1.0766  |||| 1.08663 |||| 1.08663 
2.77434  0.987551  0.988144  2.77434  0.987551  0.988144  |||| 1.24669 |||| 1.24669 
2.89029  0.974436  0.982725  2.89029  0.974436  0.982725  |||| 1.99262 |||| 1.99262 
2.89463  0.981868  0.980502  2.89463  0.981868  0.980502  |||| 2.09666 |||| 2.09666 
2.815  0.988  1.08518  2.815  0.988  1.08518  |||| 1.66151 |||| 1.66151 
2.86328  0.988801  0.991056  2.86328  0.988801  0.991056  |||| 2.05724 |||| 2.05724 
2.90619  0.977258  0.976186  2.90619  0.977258  0.976186  |||| 2.44828 |||| 2.44828 
2.93317  0.989423  0.990728  2.93317  0.989423  0.990728  |||| 2.75558 |||| 2.75558 
2.80488  0.982817  1.06315  2.80488  0.982817  1.06315  |||| 1.8915 |||| 1.8915 
2.73622  0.988825  1.10358  2.73622  0.988825  1.10358  |||| 1.42634 |||| 1.42634 
2.85253  0.97962  0.976664  2.85253  0.97962  0.976664  |||| 2.48505 |||| 2.48505 
2.87123  0.981866  0.981269  2.87123  0.981866  0.981269  |||| 2.78139 |||| 2.78139 
2.86907  0.986935  0.984346  2.86907  0.986935  0.984346  |||| 2.91265 |||| 2.91265 
2.88682  0.975683  0.98424  2.88682  0.975683  0.98424  |||| 3.25625 |||| 3.25625 
2.92538  0.983452  0.984693  2.92538  0.983452  0.984693  |||| 3.85981 |||| 3.85981 
2.75683  0.989106  1.04635  2.75683  0.989106  1.04635  |||| 2.21245 |||| 2.21245 
2.84235  0.975541  0.996941  2.84235  0.975541  0.996941  |||| 3.38791 |||| 3.38791 
2.86786  0.989098  0.994068  2.86786  0.989098  0.994068  |||| 3.96023 |||| 3.96023 
2.92375  0.977361  0.976432  2.92375  0.977361  0.976432  |||| 5.04006 |||| 5.04006 
2.9029  0.98459  0.98355  2.9029  0.98459  0.98355  |||| 5.146 |||| 5.146 
2.87305  0.98692  0.989203  2.87305  0.98692  0.989203  |||| 5.12137 |||| 5.12137 
2.93718  0.985282  0.984619  2.93718  0.985282  0.984619  |||| 6.77686 |||| 6.77686 
2.8896  0.983836  0.983501  2.8896  0.983836  0.983501  |||| 6.56382 |||| 6.56382 
2.81622  0.983364  0.976656  2.81622  0.983364  0.976656  |||| 5.71917 |||| 5.71917 
2.93121  0.989082  0.989421  2.93121  0.989082  0.989421  |||| 9.41533 |||| 9.41533 
2.67105  0.982837  1.39243  2.67105  0.982837  1.39243  |||| 3.26117 |||| 3.26117 
2.89892  0.988979  0.995302  2.89892  0.988979  0.995302  |||| 11.7864 |||| 11.7864 
2.86867  0.985627  0.98012  2.86867  0.985627  0.98012  |||| 13.1554 |||| 13.1554 
2.84145  0.981052  1.01982  2.84145  0.981052  1.01982  |||| 15.4642 |||| 15.4642 
2.84781  0.98482  1.02602  2.84781  0.98482  1.02602  |||| 22.1974 |||| 22.1974 
2.86797  0.981717  0.987467  2.86797  0.981717  0.987467  |||| 39.6901 |||| 39.6901 
2.9276  0.987162  0.990365  2.9276  0.987162  0.990365  |||| 142.486 |||| 142.486 
2.03113  0.0696657  0.0696601  1.87811  0.0696558  0.210945  |||| 1.96166 |||| 1414.81 
0.069464  4.02312  0.0698589  1.3897  0.294909  0.0697786  |||| 3.95365 |||| 13202.4 
0.0927845  0.0928105  4.95532  0.231518  0.108933  3.94094  |||| 233.407 |||| 1620.54 
1.6102  0.129039  0.129053  1.44531  0.122664  0.72407  |||| 1.65995 |||| 18.2352 
1.43388  0.214786  0.117895  1.00875  0.392601  0.804943  |||| 1.55818 |||| 23.6576 
1.51864  0.138686  0.277285  1.06191  0.678345  0.345188  |||| 1.72632 |||| 15.1706 
1.28721  0.319269  0.10516  1.26997  0.364238  0.421149  |||| 1.50337 |||| 14.8114 
1.37723  0.204092  0.293419  1.7538  0.208396  0.500017  |||| 1.66677 |||| 3.19836 
1.25709  0.301436  0.208496  1.19971  0.336561  0.244191  |||| 1.55881 |||| 1.95674 
1.47689  0.130793  0.4996  1.2073  0.30994  0.610415  |||| 1.89901 |||| 7.43157 
1.13918  0.455587  0.0952145  1.41863  0.235485  0.0952145  |||| 1.48173 |||| 1.86882 
1.23782  0.284436  0.345809  0.574144  1.25894  0.128105  |||| 1.65984 |||| 9.18435 
1.1318  0.402073  0.220678  1.00302  0.542686  0.19495  |||| 1.54623 |||| 2.19943 
1.3383  0.186034  0.574988  1.5247  0.113594  0.503872  |||| 1.89108 |||| 2.16879 
1.06025  0.492169  0.166944  1.08616  0.548054  0.2875  |||| 1.51109 |||| 3.37725 
1.21743  0.270383  0.511365  1.35916  0.233287  0.544021  |||| 1.79098 |||| 2.01194 
1.08934  0.410778  0.334947  0.805192  0.736353  0.526187  |||| 1.62676 |||| 3.17795 
1.41247  0.122375  0.863113  1.10192  0.305444  0.833756  |||| 2.18957 |||| 9.76534 
0.970409  0.650711  0.0881923  1.36968  0.322081  0.126035  |||| 1.50094 |||| 4.52862 
1.07474  0.400266  0.444141  1.17061  0.496715  0.546129  |||| 1.71105 |||| 2.20994 
0.976216  0.550662  0.257711  1.28192  0.271012  0.51814  |||| 1.57627 |||| 3.75583 
1.1838  0.258443  0.744326  1.25852  0.404045  0.859945  |||| 1.97829 |||| 3.50224 
0.918673  0.65188  0.177316  1.18582  0.368524  0.177316  |||| 1.53951 |||| 2.02372 
1.07544  0.363718  0.630652  1.60028  0.168978  0.320784  |||| 1.862 |||| 2.83336 
0.955178  0.537323  0.389525  1.04696  0.439067  0.389525  |||| 1.67368 |||| 1.84712 
1.2461  0.171982  1.06042  1.30046  0.35195  0.221258  |||| 2.27039 |||| 6.25621 
0.854328  0.758946  0.14075  1.41624  0.243762  0.0861877  |||| 1.54569 |||| 2.65222 
0.990254  0.44737  0.621199  1.38708  0.287029  0.0712244  |||| 1.8511 |||| 2.64885 
0.883549  0.63126  0.363904  1.00622  0.336955  1.07173  |||| 1.67069 |||| 5.68667 
1.12419  0.249891  1.04357  1.49647  0.165897  0.657222  |||| 2.20969 |||| 2.98963 
0.82648  0.743019  0.257817  1.11512  0.410266  0.244755  |||| 1.61919 |||| 2.23646 
1.00723  0.38164  0.867166  1.02487  0.38751  0.752246  |||| 2.04774 |||| 2.08624 
0.876416  0.596361  0.534461  0.905244  0.625189  0.563289  |||| 1.79912 |||| 1.91033 
1.09804  0.110454  1.34203  1.17842  0.189708  1.42159  |||| 2.34264 |||| 6.86163 
0.757505  0.967141  0.0837012  0.967768  0.613808  0.465853  |||| 1.60025 |||| 44.5176 
0.859421  0.595423  0.629349  0.882087  0.742981  0.399918  |||| 1.8759 |||| 2.40219 
0.76873  0.801511  0.334263  1.45053  0.139165  0.520639  |||| 1.69633 |||| 3.34944 
0.960194  0.377891  1.07707  0.950758  0.468525  0.720742  |||| 2.20686 |||| 2.85494 
0.720869  0.927354  0.20978  0.748035  0.963131  0.0962793  |||| 1.65013 |||| 1.71895 
0.86875  0.525299  0.881946  1.03941  0.605591  0.331796  |||| 2.06773 |||| 2.50908 
0.76012  0.761733  0.512948  1.24226  0.384166  0.588791  |||| 1.82708 |||| 3.10074 
0.898434  0.223884  1.32752  1.23724  0.286996  0.334892  |||| 2.24213 |||| 3.15681 
0.671127  1.04753  0.15235  0.721231  1.06615  0.710947  |||| 1.66267 |||| 12.8672 
0.795768  0.628773  0.836444  0.79122  0.730127  0.46083  |||| 2.05315 |||| 2.42354 
0.700267  0.871022  0.460714  1.33244  0.22017  0.353294  |||| 1.82392 |||| 3.65119 
0.81852  0.320709  1.28399  1.21831  0.331928  0.206941  |||| 2.21565 |||| 3.3982 
0.650683  1.0083  0.308725  0.353119  1.65603  0.442609  |||| 1.7595 |||| 2.97308 
0.801338  0.525899  1.15047  1.01051  0.692072  0.437078  |||| 2.2699 |||| 3.09631 
0.696805  0.813525  0.687045  1.38903  0.318991  0.404178  |||| 1.99085 |||| 4.18762 
0.874626  0.154355  1.79685  1.11767  0.460498  0.616358  |||| 2.61758 |||| 12.0483 
0.590305  1.22635  0.126366  1.19126  0.286485  0.529783  |||| 1.73486 |||| 14.0332 
0.696933  0.755243  0.897855  1.19451  0.355875  0.97306  |||| 2.14231 |||| 3.84116 
0.612202  1.02357  0.47238  0.604275  1.00963  0.56634  |||| 1.90007 |||| 2.34293 
0.694385  0.398716  1.3617  1.02197  0.164352  1.28911  |||| 2.24746 |||| 3.42061 
0.567085  1.17569  0.299089  1.57212  0.155855  0.298417  |||| 1.83386 |||| 5.53766 
0.686978  0.63436  1.22613  0.908386  0.365609  1.23174  |||| 2.34008 |||| 3.17398 
0.604954  0.962669  0.721406  1.72057  0.150916  0.187387  |||| 2.08088 |||| 6.4161 
0.743138  0.227007  1.92859  0.767744  0.234113  2.19112  |||| 2.69045 |||| 3.07036 
0.519864  1.31518  0.222441  1.33622  0.168158  0.736783  |||| 1.8491 |||| 8.06593 
0.625529  0.770951  1.16384  1.28049  0.29262  0.179685  |||| 2.35312 |||| 5.11412 
0.548456  1.0961  0.644628  1.79276  0.123334  0.0912893  |||| 2.08188 |||| 7.49014 
0.642157  0.34935  1.78021  0.732431  0.291787  1.79712  |||| 2.56342 |||| 2.96749 
0.501951  1.26564  0.435465  0.546146  1.14497  0.504881  |||| 1.99486 |||| 2.37204 
0.557239  0.556177  1.41511  1.96105  0.0714113  0.0726816  |||| 2.32018 |||| 8.99701 
0.538865  1.01549  0.957901  0.581393  1.06742  0.880035  |||| 2.30417 |||| 2.51258 
0.670097  0.107662  2.47866  1.54009  0.233701  0.37855  |||| 3.04901 |||| 13.0943 
0.443258  1.6415  0.0818375  1.66704  0.212762  0.131828  |||| 1.95824 |||| 9.86596 
0.511009  1.03168  1.06249  1.09674  0.294265  1.07874  |||| 2.39806 |||| 5.56623 
0.447788  1.36538  0.519511  1.48256  0.200268  0.0929263  |||| 2.12484 |||| 7.92721 
0.50044  0.57165  1.64161  1.52814  0.244997  0.215342  |||| 2.50557 |||| 8.48019 
0.409273  1.55546  0.297021  1.48602  0.144157  0.339094  |||| 2.05417 |||| 8.54333 
0.446549  0.797744  1.32569  0.457099  0.777187  1.32569  |||| 2.3623 |||| 2.428 
0.429686  1.30326  0.834715  1.70423  0.322658  0.206194  |||| 2.36167 |||| 10.6472 
0.514517  0.371268  2.34306  1.01326  0.752203  0.553859  |||| 3.02091 |||| 6.83378 
0.365077  1.74117  0.195747  1.25429  0.353781  0.365157  |||| 2.09437 |||| 8.37645 
0.397865  0.977761  1.27505  0.673769  1.27575  0.21763  |||| 2.44512 |||| 4.461 
0.377646  1.4772  0.732836  0.277641  2.05445  0.177675  |||| 2.37938 |||| 3.35498 
0.435051  0.535361  2.19639  0.656147  0.300775  2.21911  |||| 2.95857 |||| 4.74586 
0.338713  1.69262  0.463349  0.347732  1.65662  0.483109  |||| 2.28646 |||| 2.40055 
0.368685  0.793841  1.72223  0.839677  0.187648  1.70581  |||| 2.67709 |||| 6.8809 
0.351104  1.38628  1.12665  1.34728  0.211727  1.18138  |||| 2.65595 |||| 12.0379 
0.387785  0.225143  2.89638  0.558056  0.308416  2.37185  |||| 3.32422 |||| 4.86641 
0.285206  2.04936  0.150012  1.3054  0.284657  0.150012  |||| 2.27842 |||| 13.0526 
0.29793  1.14513  1.33029  1.18589  0.302832  1.39132  |||| 2.56747 |||| 12.5422 
0.28505  1.75993  0.756661  1.51547  0.221298  0.0980456  |||| 2.59406 |||| 17.344 
0.316179  0.687089  2.37982  0.383484  0.765571  2.37218  |||| 3.17487 |||| 4.03801 
0.250464  2.01249  0.450488  1.60985  0.113087  0.466259  |||| 2.50714 |||| 21.3369 
0.266043  0.994322  1.89786  0.997122  0.0883211  1.96645  |||| 2.94998 |||| 13.9174 
0.246205  1.67121  1.201  0.348151  2.17072  0.132377  |||| 2.91168 |||| 4.55759 
0.26773  0.339817  3.18196  1.00081  0.554691  0.172586  |||| 3.60588 |||| 16.7287 
0.200494  2.29708  0.321164  0.249666  2.46118  0.159187  |||| 2.61056 |||| 3.5875 
0.205036  1.22097  1.80792  0.387546  1.5359  0.490903  |||| 3.02564 |||| 7.09706 
0.190894  1.97807  1.10751  0.865161  0.540248  1.24432  |||| 3.07904 |||| 20.1762 
0.18813  0.56863  2.9326  0.389594  0.325324  2.98151  |||| 3.48143 |||| 9.39179 
0.156215  2.34656  0.736545  0.813068  0.812829  0.748352  |||| 3.03155 |||| 25.8517 
0.143872  0.948019  2.47965  1.03011  0.201384  1.26946  |||| 3.39698 |||| 40.9286 
0.127078  1.6874  1.55209  1.3352  0.119492  1.14136  |||| 3.16877 |||| 69.5193 
0.128171  0.169683  4.54034  1.36873  0.273962  0.490555  |||| 4.63834 |||| 100.169 
0.069464  3.77777  0.158452  1.54074  0.200513  0.297961  |||| 3.827 |||| 189.546 
0.069464  2.05796  2.25353  0.069464  3.54253  0.482684  |||| 4.18337 |||| 7.30658 
