5.22937  7.09598  5.04151  5.22937  7.09598  5.04151  |||| 70952.3 |||| 70952.3 
2.89361  3.9391  8.5395  2.89361  3.9391  8.5395  |||| 84093.5 |||| 84093.5 
7.71853  4.3982  5.03221  7.71853  4.3982  5.03221  |||| 77174 |||| 77174 
6.92013  3.71087  6.25473  6.92013  3.71087  6.25473  |||| 170.611 |||| 170.611 
5.5894  4.94823  6.31571  5.5894  4.94823  6.31571  |||| 198.966 |||| 198.966 
9.1202  2.97597  1.44636  9.1202  2.97597  1.44636  |||| 74.1302 |||| 74.1302 
7.03294  5.41677  4.53535  7.03294  5.41677  4.53535  |||| 185.527 |||| 185.527 
4.74066  1.59524  9.05125  4.74066  1.59524  9.05125  |||| 66.2702 |||| 66.2702 
7.31593  1.10591  7.27891  7.31593  1.10591  7.27891  |||| 80.0578 |||| 80.0578 
4.33113  9.53765  1.15309  4.33113  9.53765  1.15309  |||| 294.732 |||| 294.732 
2.49495  7.25494  6.38247  2.49495  7.25494  6.38247  |||| 359.763 |||| 359.763 
6.88213  6.90913  2.29321  6.88213  6.90913  2.29321  |||| 53.3425 |||| 53.3425 
2.54656  6.19489  7.75402  2.54656  6.19489  7.75402  |||| 77.9559 |||| 77.9559 
1.068  1.07869  9.68659  1.068  1.07869  9.68659  |||| 35.7491 |||| 35.7491 
1.34313  1.02005  10.1746  1.34313  1.02005  10.1746  |||| 155.583 |||| 155.583 
1.8933  2.96343  9.2284  1.8933  2.96343  9.2284  |||| 36.8651 |||| 36.8651 
3.34246  4.56523  8.35187  3.34246  4.56523  8.35187  |||| 50.3735 |||| 50.3735 
9.65048  2.98059  3.11509  9.65048  2.98059  3.11509  |||| 123.315 |||| 123.315 
1.05427  1.45393  9.51714  1.05427  1.45393  9.51714  |||| 751.446 |||| 751.446 
7.02425  1.11662  7.32532  7.02425  1.11662  7.32532  |||| 32.8388 |||| 32.8388 
8.84544  4.43612  2.29832  8.84544  4.43612  2.29832  |||| 18.1496 |||| 18.1496 
6.55872  5.70258  5.05973  6.55872  5.70258  5.05973  |||| 59.6852 |||| 59.6852 
1.74959  0.998368  9.73853  1.74959  0.998368  9.73853  |||| 137.151 |||| 137.151 
3.60086  3.97431  8.69816  3.60086  3.97431  8.69816  |||| 28.4 |||| 28.4 
3.81471  3.26795  9.28543  3.81471  3.26795  9.28543  |||| 47.868 |||| 47.868 
1.79931  8.28382  5.61689  1.79931  8.28382  5.61689  |||| 183.449 |||| 183.449 
7.48283  5.22672  4.0057  7.48283  5.22672  4.0057  |||| 83.9875 |||| 83.9875 
6.99558  7.47487  0.148079  6.99558  7.47487  0.148079  |||| 36.6075 |||| 36.6075 
5.64245  7.46845  4.19061  5.64245  7.46845  4.19061  |||| 23.0382 |||| 23.0382 
4.47358  2.46514  9.02241  4.47358  2.46514  9.02241  |||| 30.1754 |||| 30.1754 
7.01357  5.09851  4.81146  7.01357  5.09851  4.81146  |||| 40.1918 |||| 40.1918 
7.20967  6.69148  1.22964  7.20967  6.69148  1.22964  |||| 43.8878 |||| 43.8878 
0.57719  0.956348  9.88617  0.57719  0.956348  9.88617  |||| 37.7405 |||| 37.7405 
0.447414  0.630137  10.2772  0.447414  0.630137  10.2772  |||| 35.9174 |||| 35.9174 
4.67202  2.04841  8.14301  4.67202  2.04841  8.14301  |||| 899.907 |||| 899.907 
3.136  2.09757  9.70574  3.136  2.09757  9.70574  |||| 32.083 |||| 32.083 
3.59668  4.33936  8.39502  3.59668  4.33936  8.39502  |||| 52.9456 |||| 52.9456 
7.4634  6.71295  2.14885  7.4634  6.71295  2.14885  |||| 48.0208 |||| 48.0208 
1.65107  2.34571  9.87521  1.65107  2.34571  9.87521  |||| 114.55 |||| 114.55 
4.69731  7.06816  5.26692  4.69731  7.06816  5.26692  |||| 32.0592 |||| 32.0592 
0.783817  9.75349  1.12145  0.783817  9.75349  1.12145  |||| 25.7402 |||| 25.7402 
7.04396  2.68079  5.32833  7.04396  2.68079  5.32833  |||| 38.8936 |||| 38.8936 
6.67286  7.01914  1.02875  6.67286  7.01914  1.02875  |||| 18.4371 |||| 18.4371 
1.94868  5.054  7.91406  1.94868  5.054  7.91406  |||| 20.8369 |||| 20.8369 
5.07223  0.83977  8.57892  5.07223  0.83977  8.57892  |||| 39.3654 |||| 39.3654 
5.34727  4.18965  7.82529  5.34727  4.18965  7.82529  |||| 36.8197 |||| 36.8197 
6.90604  2.79841  6.66464  6.90604  2.79841  6.66464  |||| 48.0385 |||| 48.0385 
3.34545  8.59578  4.53088  3.34545  8.59578  4.53088  |||| 42.7446 |||| 42.7446 
0.754341  3.80754  9.47758  0.754341  3.80754  9.47758  |||| 30.12 |||| 30.12 
7.12031  3.1681  6.39647  7.12031  3.1681  6.39647  |||| 97.5919 |||| 97.5919 
4.63079  4.9817  8.0591  4.63079  4.9817  8.0591  |||| 241.721 |||| 241.721 
0.485881  0.250428  9.6267  0.485881  0.250428  9.6267  |||| 24.558 |||| 24.558 
6.87567  3.19178  6.93277  6.87567  3.19178  6.93277  |||| 32.0765 |||| 32.0765 
0.0878197  0.14115  10.2593  0.0878197  0.14115  10.2593  |||| 17.6167 |||| 17.6167 
0.922715  9.60761  0.130152  0.922715  9.60761  0.130152  |||| 15.9209 |||| 15.9209 
4.65613  6.49706  6.55088  4.65613  6.49706  6.55088  |||| 26.9112 |||| 26.9112 
2.47975  0.511303  9.75396  2.47975  0.511303  9.75396  |||| 30.7166 |||| 30.7166 
5.85435  6.04101  6.44492  5.85435  6.04101  6.44492  |||| 103.146 |||| 103.146 
0.00113225  0.000749796  10.3064  0.00113225  0.000749796  10.3064  |||| 123.001 |||| 123.001 
3.02624  8.67984  4.67767  3.02624  8.67984  4.67767  |||| 29.1123 |||| 29.1123 
0.0764975  0.0791663  9.96099  0.0764975  0.0791663  9.96099  |||| 35.5299 |||| 35.5299 
3.25359  9.43422  2.68723  3.25359  9.43422  2.68723  |||| 86.3808 |||| 86.3808 
2.99303  1.32239  9.45529  2.99303  1.32239  9.45529  |||| 50.801 |||| 50.801 
2.13619  1.87816  10.0112  2.13619  1.87816  10.0112  |||| 17.037 |||| 17.037 
4.17653  2.02053  9.12872  4.17653  2.02053  9.12872  |||| 23.3313 |||| 23.3313 
8.41565  4.4471  1.38265  8.41565  4.4471  1.38265  |||| 354.511 |||| 354.511 
1.01164  9.66925  0.937581  1.01164  9.66925  0.937581  |||| 127.736 |||| 127.736 
3.88159  8.06398  4.59034  3.88159  8.06398  4.59034  |||| 21.0259 |||| 21.0259 
6.70993  3.77173  6.87896  6.70993  3.77173  6.87896  |||| 37.6351 |||| 37.6351 
1.39291  1.07534  9.77625  1.39291  1.07534  9.77625  |||| 15.3732 |||| 15.3732 
7.76901  3.6819  5.65236  7.76901  3.6819  5.65236  |||| 49.8435 |||| 49.8435 
0.86281  5.06432  8.43967  0.86281  5.06432  8.43967  |||| 16.41 |||| 16.41 
3.54996  2.88361  9.19198  3.54996  2.88361  9.19198  |||| 27.9655 |||| 27.9655 
6.21807  2.17916  7.58611  6.21807  2.17916  7.58611  |||| 42.1567 |||| 42.1567 
9.98269  1.05591  0.19048  9.98269  1.05591  0.19048  |||| 70.5675 |||| 70.5675 
2.74797  9.12688  4.49298  2.74797  9.12688  4.49298  |||| 24.567 |||| 24.567 
2.93535  3.39812  8.69994  2.93535  3.39812  8.69994  |||| 30.7354 |||| 30.7354 
0.495364  0.270673  10.5322  0.495364  0.270673  10.5322  |||| 14.4693 |||| 14.4693 
0.163527  0.986075  9.79914  0.163527  0.986075  9.79914  |||| 56.1129 |||| 56.1129 
5.9356  6.55721  3.55874  5.9356  6.55721  3.55874  |||| 53.0171 |||| 53.0171 
4.29576  8.33649  1.58837  4.29576  8.33649  1.58837  |||| 40.4585 |||| 40.4585 
5.56915  8.15647  2.849  5.56915  8.15647  2.849  |||| 165.777 |||| 165.777 
5.65099  8.02583  0.543181  5.65099  8.02583  0.543181  |||| 59.6674 |||| 59.6674 
8.74463  3.64317  2.73781  8.74463  3.64317  2.73781  |||| 98.2269 |||| 98.2269 
2.49803  8.87953  3.33325  2.49803  8.87953  3.33325  |||| 29.9487 |||| 29.9487 
8.45348  5.78377  0.636474  8.45348  5.78377  0.636474  |||| 108.689 |||| 108.689 
0.914837  9.77844  2.50082  0.914837  9.77844  2.50082  |||| 15.5742 |||| 15.5742 
9.44862  2.98708  2.57194  9.44862  2.98708  2.57194  |||| 141.738 |||| 141.738 
8.68941  3.72513  1.26566  8.68941  3.72513  1.26566  |||| 142.086 |||| 142.086 
8.16985  0.999606  5.60137  8.16985  0.999606  5.60137  |||| 146.725 |||| 146.725 
8.77871  1.85452  4.65897  8.77871  1.85452  4.65897  |||| 174.746 |||| 174.746 
4.36006  2.19978  9.09393  4.36006  2.19978  9.09393  |||| 97.2567 |||| 97.2567 
0.431867  0.800641  10.3571  0.431867  0.800641  10.3571  |||| 30.2843 |||| 30.2843 
0.648355  2.84476  9.77616  0.648355  2.84476  9.77616  |||| 19.8357 |||| 19.8357 
9.89921  2.14976  1.14384  9.89921  2.14976  1.14384  |||| 344.111 |||| 344.111 
2.27251  6.75228  6.35797  2.27251  6.75228  6.35797  |||| 96.7727 |||| 96.7727 
0.856835  0.213697  9.56797  0.856835  0.213697  9.56797  |||| 46.9986 |||| 46.9986 
9.92156  1.42409  2.82449  9.92156  1.42409  2.82449  |||| 764.834 |||| 764.834 
5.08103  6.87333  5.74829  5.08103  6.87333  5.74829  |||| 654.451 |||| 654.451 
1.93123  6.16636  7.42075  1.93123  6.16636  7.42075  |||| 747.911 |||| 747.911 
0.57735  0.57735  0.57735  0.267526  0.22634  1.65033  |||| 5773.5 |||| 16503.3 
0.57735  0.57735  0.57735  0.0570371  0.0851161  1.75781  |||| 5773.5 |||| 17578.1 
9.9926e-05  9.9926e-05  1  0.674534  0.482968  2.20054  |||| 1 |||| 6745.34 
0.57735  0.57735  0.57735  0.57735  0.57735  0.57735  |||| 16.0831 |||| 16.0831 
0.688247  0.688247  0.229416  0.700756  0.700756  0.133722  |||| 7.37944 |||| 7.51356 
0.301512  0.301512  0.904534  0.0206764  0.0206764  0.999572  |||| 7.51243 |||| 8.30175 
0.703527  0.703527  0.100503  0.703527  0.703527  0.100503  |||| 4.23276 |||| 4.23276 
0.457496  0.457496  0.762492  0.686598  0.60664  1.07976  |||| 5.66416 |||| 8.02094 
0.650945  0.650945  0.390566  0.420388  0.420388  0.804082  |||| 4.37389 |||| 9.00479 
0.140028  0.140028  0.980196  0.140028  0.140028  0.980196  |||| 4.32746 |||| 4.32746 
0.706322  0.706322  0.047088  0.706322  0.706322  0.047088  |||| 2.70949 |||| 2.70949 
0.523206  0.523206  0.672689  0.670554  0.670554  0.317358  |||| 4.03989 |||| 5.17762 
0.673189  0.673189  0.305995  0.673189  0.673189  0.305995  |||| 3.12887 |||| 3.12887 
0.219381  0.219381  0.950654  0.219381  0.219381  0.950654  |||| 3.55624 |||| 3.55624 
0.697877  0.697877  0.161048  1.24843  1.03248  0.264358  |||| 2.49455 |||| 4.09476 
0.38236  0.38236  0.841191  0.251368  0.251368  0.934681  |||| 3.40842 |||| 3.78723 
0.619585  0.619585  0.481901  0.371905  0.371905  0.850514  |||| 2.95256 |||| 5.211 
0.0663721  0.0663721  0.995585  0.00422589  0.00422589  0.999982  |||| 2.74668 |||| 2.75881 
0.706923  0.706923  0.0228035  0.74515  0.672193  1.31495  |||| 1.82549 |||| 105.264 
0.551784  0.551784  0.625355  0.61274  0.61274  0.499097  |||| 2.85412 |||| 3.16942 
0.6815  0.6815  0.266674  0.629963  0.629963  0.454195  |||| 2.23231 |||| 3.80204 
0.260333  0.260333  0.92976  0.705625  0.705625  0.0647125  |||| 2.72509 |||| 7.38628 
0.701121  0.701121  0.129837  0.504514  0.504514  0.700665  |||| 1.85331 |||| 10.0014 
0.420903  0.420903  0.803543  0.624855  0.624855  0.468094  |||| 2.66347 |||| 3.95408 
0.636524  0.636524  0.435516  1.23511  1.15356  0.240427  |||| 2.27707 |||| 4.12668 
0.102358  0.102358  0.989467  0.102358  0.102358  0.989467  |||| 2.26698 |||| 2.26698 
0.705223  0.705223  0.0729535  0.0993886  0.0993886  0.990073  |||| 1.58099 |||| 21.456 
0.491705  0.491705  0.718646  0.491705  0.491705  0.718646  |||| 2.40832 |||| 2.40832 
0.663085  0.663085  0.347329  0.140506  0.140506  0.980059  |||| 1.97067 |||| 5.56065 
0.179143  0.179143  0.967376  0.179143  0.179143  0.967376  |||| 2.19354 |||| 2.19354 
0.693642  0.693642  0.194218  0.693642  0.693642  0.194218  |||| 1.6675 |||| 1.6675 
0.342375  0.342375  0.874962  0.70099  0.70099  0.131247  |||| 2.24582 |||| 4.59813 
0.599918  0.599918  0.529336  0.869313  0.792392  1.05046  |||| 2.0477 |||| 4.06362 
0.0322241  0.0322241  0.998961  0.229512  0.229512  0.945858  |||| 1.83896 |||| 13.0976 
0.707031  0.707031  0.0146349  0.361609  0.640083  1.38063  |||| 1.64373 |||| 155.055 
0.564945  0.564945  0.601394  0.282346  0.282346  0.916821  |||| 2.01497 |||| 3.07181 
0.683055  0.683055  0.258594  1.494  1.23089  1.44284  |||| 1.65659 |||| 9.243 
0.280926  0.280926  0.917693  0.138459  0.138459  0.980642  |||| 2.00982 |||| 2.14769 
0.699048  0.699048  0.150541  0.576523  0.576523  0.579001  |||| 1.76957 |||| 6.80595 
0.439472  0.439472  0.783408  0.439472  0.439472  0.783408  |||| 1.99353 |||| 1.99353 
0.643843  0.643843  0.413441  0.16465  0.16465  0.972513  |||| 1.70225 |||| 4.0041 
0.120996  0.120996  0.985251  0.120996  0.120996  0.985251  |||| 1.75593 |||| 1.75593 
0.703775  0.703775  0.0969594  0.456751  0.574249  1.37952  |||| 1.94486 |||| 27.671 
0.50781  0.50781  0.695887  1.63373  1.38563  2.07579  |||| 1.86284 |||| 5.55674 
0.647527  0.647527  0.401767  0.836548  0.563668  1.31281  |||| 1.87196 |||| 6.1168 
0.199146  0.199146  0.959522  0.199146  0.199146  0.959522  |||| 1.75045 |||| 1.75045 
0.678912  0.678912  0.279565  0.678912  0.678912  0.279565  |||| 2.05524 |||| 2.05524 
0.362512  0.362512  0.858586  0.33671  0.33671  0.879348  |||| 1.80284 |||| 1.84644 
0.580265  0.580265  0.571477  0.239397  0.239397  0.940945  |||| 1.84146 |||| 3.03198 
0.0490617  0.0490617  0.99759  0.439166  0.439166  0.783752  |||| 1.51169 |||| 13.5315 
0.705006  0.705006  0.0770286  0.88422  1.29761  0.769251  |||| 2.34829 |||| 23.4513 
0.516872  0.516872  0.682413  0.516872  0.516872  0.682413  |||| 1.76471 |||| 1.76471 
0.626073  0.626073  0.464829  1.63375  1.12364  1.04098  |||| 2.19182 |||| 5.71958 
0.239798  0.239798  0.940741  0.586019  0.586019  0.55961  |||| 1.63614 |||| 3.99841 
0.672216  0.672216  0.310244  0.71581  1.06143  1.17116  |||| 2.47728 |||| 9.35165 
0.401845  0.401845  0.822825  0.401845  0.401845  0.822825  |||| 1.66466 |||| 1.66466 
0.535878  0.535878  0.652434  0.718541  1.00522  2.0436  |||| 2.08239 |||| 6.52263 
0.0841433  0.0841433  0.992895  0.381445  0.381445  0.842021  |||| 1.43687 |||| 6.51372 
0.687556  0.687556  0.233526  0.678083  0.678083  0.283559  |||| 2.82266 |||| 3.4274 
0.413191  0.413191  0.811508  0.721254  0.519207  1.47541  |||| 1.7449 |||| 3.17241 
0.538673  0.538673  0.647814  0.538673  0.538673  0.647814  |||| 2.34128 |||| 2.34128 
0.159423  0.159423  0.974253  0.251757  0.251757  0.934471  |||| 1.45981 |||| 2.3053 
0.606687  0.606687  0.513675  0.701391  0.701391  0.126894  |||| 2.79837 |||| 3.2352 
0.322017  0.322017  0.890287  0.41215  0.644176  1.49503  |||| 1.53504 |||| 3.07075 
0.423206  0.423206  0.80112  0.374011  0.374011  0.848665  |||| 2.07713 |||| 2.2004 
0.0158687  0.0158687  0.999748  0.657475  0.702486  1.311  |||| 1.26525 |||| 56.0098 
0.706913  0.706913  0.0234055  0.950933  1.26833  0.0371131  |||| 3.70302 |||| 5.87132 
0.377041  0.377041  0.845978  0.377041  0.377041  0.845978  |||| 2.04297 |||| 2.04297 
0.541335  0.541335  0.64336  0.0217083  0.0217083  0.999529  |||| 3.03679 |||| 4.71798 
0.2556  0.2556  0.932382  0.37601  0.37601  0.846896  |||| 1.48596 |||| 2.18598 
0.639337  0.639337  0.427197  0.635571  0.635571  0.43829  |||| 3.85589 |||| 3.95601 
0.276343  0.276343  0.920472  0.899046  0.675823  1.09702  |||| 1.73092 |||| 5.63128 
0.393629  0.393629  0.83073  0.665533  0.665533  0.337836  |||| 2.5637 |||| 4.33459 
0.130464  0.130464  0.982832  0.468245  0.417047  1.43963  |||| 1.30588 |||| 4.17441 
0.676953  0.676953  0.288911  0.792387  0.912237  1.16406  |||| 4.78591 |||| 19.283 
0.256092  0.256092  0.932113  0.256092  0.256092  0.932113  |||| 1.89048 |||| 1.89048 
0.388244  0.388244  0.835783  0.70677  0.475465  1.29664  |||| 2.99752 |||| 5.45675 
0.167086  0.167086  0.971681  0.365232  0.365232  0.856278  |||| 1.35161 |||| 2.95447 
0.491403  0.491403  0.71906  0.56335  0.463775  1.49219  |||| 4.17299 |||| 8.65974 
0.175598  0.175598  0.968675  0.168491  0.168491  0.971196  |||| 1.56875 |||| 1.57283 
0.249522  0.249522  0.93567  0.571508  0.571508  0.58886  |||| 2.35067 |||| 5.38402 
0.0576583  0.0576583  0.99667  0.100448  0.0880971  1.63307  |||| 1.172 |||| 1.92035 
0.683669  0.683669  0.25533  0.706014  0.706014  0.055575  |||| 7.22014 |||| 7.45612 
0.175583  0.175583  0.96868  0.57987  0.57987  0.572277  |||| 1.97255 |||| 6.51443 
0.287478  0.287478  0.913626  0.503237  0.397159  1.44066  |||| 3.44813 |||| 6.03601 
0.105665  0.105665  0.988772  0.436119  0.436119  0.787147  |||| 1.35876 |||| 5.6081 
0.393882  0.393882  0.83049  0.393882  0.393882  0.83049  |||| 5.45592 |||| 5.45592 
0.106319  0.106319  0.988632  1.429  1.70069  0.758704  |||| 1.59508 |||| 21.439 
0.153543  0.153543  0.97614  0.147777  0.147777  0.977918  |||| 2.51102 |||| 2.51559 
0.0642319  0.0642319  0.995866  0.0764378  0.0764378  0.99414  |||| 1.15373 |||| 1.37296 
0.419303  0.419303  0.805214  0.283102  0.269244  1.62282  |||| 8.34756 |||| 16.8236 
0.0775284  0.0775284  0.993971  0.0775284  0.0775284  0.993971  |||| 1.72985 |||| 1.72985 
0.115222  0.115222  0.986635  0.63675  0.650085  1.35886  |||| 2.92165 |||| 16.1458 
0.0413691  0.0413691  0.998287  0.253717  0.253717  0.93341  |||| 1.21367 |||| 7.44342 
0.128541  0.128541  0.983338  0.23636  0.21334  1.72236  |||| 4.46879 |||| 8.21717 
0.0330449  0.0330449  0.998907  0.0370693  0.0672848  1.64204  |||| 1.40789 |||| 2.31433 
0.038854  0.038854  0.998489  0.631536  0.631536  0.449805  |||| 2.13404 |||| 34.6864 
0.013453  0.013453  0.999819  0.93499  1.25804  0.127097  |||| 1.03727 |||| 72.0848 
0.301836  0.301836  0.904317  0.643859  1.18589  1.98851  |||| 38.886 |||| 85.5069 
0.00494278  0.00494278  0.999976  1.11634  1.02283  0.662114  |||| 1.91534 |||| 432.579 
