2.2119  2.0753  3.12753  2.2119  2.0753  3.12753  |||| 19731.9 |||| 19731.9 
1.30587  1.09969  6.69347  1.30587  1.09969  6.69347  |||| 55391.2 |||| 55391.2 
2.47077  2.57311  3.0561  2.47077  2.57311  3.0561  |||| 19455.3 |||| 19455.3 
2.29004  3.10345  2.10995  2.29004  3.10345  2.10995  |||| 65.2188 |||| 65.2188 
0.798346  0.780341  6.66821  0.798346  0.780341  6.66821  |||| 177.36 |||| 177.36 
1.84514  3.12157  4.55944  1.84514  3.12157  4.55944  |||| 58.7849 |||| 58.7849 
1.99322  3.83074  1.65965  1.99322  3.83074  1.65965  |||| 21.2812 |||| 21.2812 
1.96642  2.02664  5.28431  1.96642  2.02664  5.28431  |||| 30.6793 |||| 30.6793 
1.23019  4.54558  1.94823  1.23019  4.54558  1.94823  |||| 25.4214 |||| 25.4214 
1.36475  1.80096  6.40362  1.36475  1.80096  6.40362  |||| 32.101 |||| 32.101 
2.00075  2.05625  4.91854  2.00075  2.05625  4.91854  |||| 216.594 |||| 216.594 
1.16697  0.834265  6.6135  1.16697  0.834265  6.6135  |||| 32.7853 |||| 32.7853 
1.24886  1.98375  6.2513  1.24886  1.98375  6.2513  |||| 52.1176 |||| 52.1176 
1.21519  4.18929  2.83094  1.21519  4.18929  2.83094  |||| 55.5535 |||| 55.5535 
1.27259  1.56387  6.1621  1.27259  1.56387  6.1621  |||| 77.5674 |||| 77.5674 
1.69287  3.22257  4.71139  1.69287  3.22257  4.71139  |||| 21.9319 |||| 21.9319 
1.51886  4.1324  1.95653  1.51886  4.1324  1.95653  |||| 16.0601 |||| 16.0601 
1.02655  0.972479  6.68336  1.02655  0.972479  6.68336  |||| 15.2538 |||| 15.2538 
2.40018  1.86384  3.06592  2.40018  1.86384  3.06592  |||| 153.025 |||| 153.025 
0.985672  1.05976  6.7667  0.985672  1.05976  6.7667  |||| 25.6148 |||| 25.6148 
0.821705  3.9486  4.23129  0.821705  3.9486  4.23129  |||| 25.7569 |||| 25.7569 
1.81108  2.48703  4.60538  1.81108  2.48703  4.60538  |||| 18.0547 |||| 18.0547 
1.79416  2.38108  5.31877  1.79416  2.38108  5.31877  |||| 59.4433 |||| 59.4433 
0.942123  2.10596  6.59981  0.942123  2.10596  6.59981  |||| 18.0499 |||| 18.0499 
2.33453  2.5552  3.73369  2.33453  2.5552  3.73369  |||| 13.486 |||| 13.486 
1.62297  3.66009  3.66476  1.62297  3.66009  3.66476  |||| 64.18 |||| 64.18 
1.08355  2.46189  6.33436  1.08355  2.46189  6.33436  |||| 112.257 |||| 112.257 
1.61465  4.06822  3.26141  1.61465  4.06822  3.26141  |||| 16.1924 |||| 16.1924 
1.37086  4.12093  3.49062  1.37086  4.12093  3.49062  |||| 13.2555 |||| 13.2555 
1.65212  2.87223  5.5752  1.65212  2.87223  5.5752  |||| 25.8359 |||| 25.8359 
0.682287  1.51103  6.27655  0.682287  1.51103  6.27655  |||| 43.9773 |||| 43.9773 
0.793701  0.997919  6.77993  0.793701  0.997919  6.77993  |||| 14.4395 |||| 14.4395 
0.641093  2.988  5.36283  0.641093  2.988  5.36283  |||| 16.2802 |||| 16.2802 
1.78207  3.035  3.60795  1.78207  3.035  3.60795  |||| 129.7 |||| 129.7 
1.37421  3.98418  4.20121  1.37421  3.98418  4.20121  |||| 342.187 |||| 342.187 
2.008  2.89954  3.8229  2.008  2.89954  3.8229  |||| 8.94097 |||| 8.94097 
1.32577  1.43801  6.66809  1.32577  1.43801  6.66809  |||| 35.3216 |||| 35.3216 
1.17489  4.32355  3.79583  1.17489  4.32355  3.79583  |||| 25.4786 |||| 25.4786 
1.41859  4.40961  1.15435  1.41859  4.40961  1.15435  |||| 7.01568 |||| 7.01568 
1.61435  2.49852  5.65893  1.61435  2.49852  5.65893  |||| 11.4628 |||| 11.4628 
0.859339  1.52524  6.75227  0.859339  1.52524  6.75227  |||| 23.0482 |||| 23.0482 
2.02807  1.93685  4.02256  2.02807  1.93685  4.02256  |||| 17.0465 |||| 17.0465 
1.76427  1.20289  5.93231  1.76427  1.20289  5.93231  |||| 95.8385 |||| 95.8385 
0.887292  0.871115  6.77143  0.887292  0.871115  6.77143  |||| 15.0365 |||| 15.0365 
1.04873  1.48  6.6495  1.04873  1.48  6.6495  |||| 25.6036 |||| 25.6036 
2.48272  1.85177  3.59347  2.48272  1.85177  3.59347  |||| 9.57678 |||| 9.57678 
0.708865  0.912538  6.69511  0.708865  0.912538  6.69511  |||| 40.7331 |||| 40.7331 
1.24974  1.88507  6.18375  1.24974  1.88507  6.18375  |||| 10.5606 |||| 10.5606 
1.71006  3.02951  4.57014  1.71006  3.02951  4.57014  |||| 11.0066 |||| 11.0066 
0.600134  4.01347  3.34496  0.600134  4.01347  3.34496  |||| 100.177 |||| 100.177 
1.53574  3.8297  3.89839  1.53574  3.8297  3.89839  |||| 83.6544 |||| 83.6544 
1.8676  2.32174  4.83741  1.8676  2.32174  4.83741  |||| 9.52436 |||| 9.52436 
1.30893  1.84903  6.41391  1.30893  1.84903  6.41391  |||| 24.8005 |||| 24.8005 
2.13289  1.75003  4.1715  2.13289  1.75003  4.1715  |||| 6.7397 |||| 6.7397 
2.34438  3.23096  1.96742  2.34438  3.23096  1.96742  |||| 6.704 |||| 6.704 
1.30411  2.29405  6.05267  1.30411  2.29405  6.05267  |||| 9.90979 |||| 9.90979 
1.84144  0.880457  5.27648  1.84144  0.880457  5.27648  |||| 13.1567 |||| 13.1567 
1.4357  1.49378  6.55018  1.4357  1.49378  6.55018  |||| 12.4922 |||| 12.4922 
2.44301  2.93092  2.95366  2.44301  2.93092  2.95366  |||| 21.7484 |||| 21.7484 
1.94899  2.86244  3.92633  1.94899  2.86244  3.92633  |||| 7.04472 |||| 7.04472 
1.57736  3.58884  4.2481  1.57736  3.58884  4.2481  |||| 11.1812 |||| 11.1812 
1.54583  1.49357  5.8332  1.54583  1.49357  5.8332  |||| 7.01076 |||| 7.01076 
0.852471  3.75075  4.7614  0.852471  3.75075  4.7614  |||| 19.6503 |||| 19.6503 
1.19729  1.15113  6.44537  1.19729  1.15113  6.44537  |||| 9.12283 |||| 9.12283 
1.846  3.77059  2.81306  1.846  3.77059  2.81306  |||| 7.32729 |||| 7.32729 
0.930328  1.50258  6.54446  0.930328  1.50258  6.54446  |||| 59.0284 |||| 59.0284 
1.77004  2.96921  3.90986  1.77004  2.96921  3.90986  |||| 435.924 |||| 435.924 
1.34067  3.6258  4.23751  1.34067  3.6258  4.23751  |||| 7.44559 |||| 7.44559 
2.39271  2.04534  4.34418  2.39271  2.04534  4.34418  |||| 15.0567 |||| 15.0567 
1.81499  3.70603  2.77162  1.81499  3.70603  2.77162  |||| 14.6802 |||| 14.6802 
0.982376  4.06432  4.34576  0.982376  4.06432  4.34576  |||| 28.8057 |||| 28.8057 
1.20114  2.01547  6.05269  1.20114  2.01547  6.05269  |||| 9.21117 |||| 9.21117 
2.27459  1.55246  4.60437  2.27459  1.55246  4.60437  |||| 11.3935 |||| 11.3935 
1.77099  1.63198  3.79352  1.77099  1.63198  3.79352  |||| 8.70567 |||| 8.70567 
1.94667  1.63248  5.44097  1.94667  1.63248  5.44097  |||| 71.0094 |||| 71.0094 
1.56435  4.2197  2.9318  1.56435  4.2197  2.9318  |||| 9.30727 |||| 9.30727 
1.75582  3.56517  4.29684  1.75582  3.56517  4.29684  |||| 11.2705 |||| 11.2705 
0.977627  0.975234  6.75379  0.977627  0.975234  6.75379  |||| 7.78885 |||| 7.78885 
2.11489  2.8799  4.25696  2.11489  2.8799  4.25696  |||| 18.0057 |||| 18.0057 
1.43442  4.16455  3.56071  1.43442  4.16455  3.56071  |||| 12.5741 |||| 12.5741 
0.705798  0.850477  6.64722  0.705798  0.850477  6.64722  |||| 13.7997 |||| 13.7997 
0.688851  2.12387  6.22638  0.688851  2.12387  6.22638  |||| 27.6773 |||| 27.6773 
1.23846  1.38384  6.70006  1.23846  1.38384  6.70006  |||| 156.819 |||| 156.819 
1.57708  1.45982  5.69648  1.57708  1.45982  5.69648  |||| 11.8167 |||| 11.8167 
2.22341  3.44044  2.99717  2.22341  3.44044  2.99717  |||| 20.3685 |||| 20.3685 
0.525238  0.762235  6.50539  0.525238  0.762235  6.50539  |||| 7.35336 |||| 7.35336 
2.49578  2.40524  1.86662  2.49578  2.40524  1.86662  |||| 27.2952 |||| 27.2952 
2.13742  2.85714  4.61986  2.13742  2.85714  4.61986  |||| 24.1872 |||| 24.1872 
1.71066  3.78391  4.06391  1.71066  3.78391  4.06391  |||| 19.3862 |||| 19.3862 
1.4899  4.23719  2.73787  1.4899  4.23719  2.73787  |||| 42.8198 |||| 42.8198 
1.52177  1.53168  5.85921  1.52177  1.53168  5.85921  |||| 48.7748 |||| 48.7748 
1.0627  3.62467  5.14073  1.0627  3.62467  5.14073  |||| 11.9919 |||| 11.9919 
1.45466  3.75199  4.03167  1.45466  3.75199  4.03167  |||| 23.567 |||| 23.567 
1.96127  4.13748  1.93069  1.96127  4.13748  1.93069  |||| 42.1296 |||| 42.1296 
1.72577  3.73298  3.91755  1.72577  3.73298  3.91755  |||| 41.7371 |||| 41.7371 
2.02635  1.75222  4.93989  2.02635  1.75222  4.93989  |||| 63.955 |||| 63.955 
2.04504  2.32772  3.92107  2.04504  2.32772  3.92107  |||| 83.4734 |||| 83.4734 
1.35169  1.70516  6.2402  1.35169  1.70516  6.2402  |||| 63.7172 |||| 63.7172 
0.944875  0.97619  6.84491  0.944875  0.97619  6.84491  |||| 244.697 |||| 244.697 
1.10003  1.18398  6.76499  1.10003  1.18398  6.76499  |||| 222.731 |||| 222.731 
2.09482  0.208988  0.254364  2.06709  0.684316  0.588238  |||| 1173.38 |||| 5845.46 
0.200476  4.08895  0.252975  0.22236  4.0763  0.542839  |||| 1159.49 |||| 4058.13 
0.189445  0.187796  6.08724  1.156  3.22951  2.04754  |||| 884.815 |||| 31297.4 
2.09421  0.217009  0.254329  1.98131  1.16751  1.28686  |||| 3.26768 |||| 32.0306 
2.09378  0.227397  0.252676  1.71469  1.49808  2.92185  |||| 3.72002 |||| 89.5772 
2.09227  0.200303  0.412232  0.746587  3.87653  0.435653  |||| 2.50484 |||| 94.1011 
2.09173  0.31942  0.252732  1.41932  0.721543  4.53769  |||| 4.87301 |||| 185.336 
2.089  0.29808  0.47597  1.60423  0.875991  3.86875  |||| 2.53378 |||| 27.721 
2.08382  0.486236  0.36803  1.66913  0.972093  3.56176  |||| 2.60258 |||| 38.353 
2.08128  0.199821  0.792996  0.349872  0.2416  6.04298  |||| 3.092 |||| 26.0741 
1.97176  1.47686  0.252751  0.32727  3.75931  2.4044  |||| 6.65886 |||| 130.466 
2.08003  0.462404  0.59961  2.07018  0.386853  0.962592  |||| 2.81126 |||| 4.958 
2.0687  0.715504  0.395122  0.181616  3.18161  3.91856  |||| 2.86404 |||| 38.6671 
2.07435  0.2798  0.92262  0.454293  3.77721  2.18083  |||| 2.94101 |||| 59.6123 
2.05005  0.930602  0.328849  1.48567  2.81083  1.55221  |||| 2.97263 |||| 21.9205 
2.07026  0.443774  0.89408  1.63707  2.60646  0.752925  |||| 3.07212 |||| 22.345 
2.05985  0.754063  0.637801  1.7551  1.43741  2.77111  |||| 3.12453 |||| 16.1387 
2.03529  0.197567  1.55235  0.265106  3.94556  1.68195  |||| 4.04713 |||| 159.15 
2.02505  1.20123  0.153132  0.528532  3.93055  1.20738  |||| 3.20544 |||| 85.6842 
2.05267  0.741994  0.864646  1.69482  0.183661  3.70149  |||| 3.32192 |||| 16.2682 
2.02349  1.11815  0.530544  1.34979  0.803955  4.64974  |||| 3.34208 |||| 37.7756 
2.04739  0.421979  1.31163  0.488189  2.04648  5.20278  |||| 3.4555 |||| 20.3776 
1.98518  1.39159  0.375582  0.814845  3.47582  2.48006  |||| 3.4157 |||| 33.4446 
2.03936  0.666751  1.21777  0.255967  3.62248  2.88497  |||| 3.58785 |||| 22.2917 
2.01486  1.10883  0.82814  1.52289  1.09422  4.02672  |||| 3.61656 |||| 20.3371 
2.01639  0.262502  1.7497  1.31191  3.23551  0.826152  |||| 3.69503 |||| 69.4486 
1.92567  1.70267  0.299427  1.10902  2.01102  4.397  |||| 3.59344 |||| 92.3184 
2.01596  0.884766  1.28525  0.302241  2.77038  4.51378  |||| 3.84979 |||| 14.6674 
1.97261  1.3916  0.813719  1.98078  0.892236  1.70344  |||| 3.84104 |||| 8.88752 
1.99729  0.424013  1.88608  1.44603  2.41686  2.83481  |||| 3.97288 |||| 28.3717 
1.91677  1.71548  0.588281  0.955258  3.74572  0.328491  |||| 3.88413 |||| 8.76476 
1.99276  0.725527  1.7436  1.88393  0.250024  2.77726  |||| 4.13099 |||| 6.77684 
1.96443  1.31506  1.20275  1.7223  0.672116  3.48569  |||| 4.15465 |||| 12.954 
1.9807  0.129574  2.10652  1.2629  3.3214  0.730212  |||| 4.27936 |||| 183.849 
1.55051  2.84284  0.16676  1.77869  2.17935  0.954833  |||| 4.88997 |||| 91.8462 
1.94547  1.32647  1.43788  0.644972  3.54783  2.63984  |||| 4.37954 |||| 12.2981 
1.85638  1.93704  0.790624  1.23637  3.38007  0.267482  |||| 4.25736 |||| 7.60079 
1.93934  0.729745  2.21683  1.95986  0.774655  2.02103  |||| 4.55494 |||| 4.8283 
1.7638  2.28823  0.478961  1.27472  3.25665  1.19766  |||| 4.20947 |||| 12.4673 
1.92111  1.13751  1.98271  0.185011  3.48765  3.26514  |||| 4.70838 |||| 15.3681 
1.85016  1.85133  1.25993  0.556312  0.307544  5.92861  |||| 4.62468 |||| 23.8455 
1.87028  0.428261  2.81751  1.59352  1.98991  2.87935  |||| 4.78202 |||| 27.4304 
1.64719  2.61372  0.343694  1.90406  1.50336  1.55229  |||| 4.27339 |||| 28.3881 
1.86559  1.45805  2.00006  1.50319  2.87441  1.0293  |||| 4.9872 |||| 10.1784 
1.75755  2.20431  1.16251  0.201932  4.08878  0.332875  |||| 4.78909 |||| 9.07692 
1.83148  0.682243  2.94223  1.63991  2.1416  2.36783  |||| 5.11982 |||| 17.9473 
1.64288  2.59098  0.762587  1.35795  3.1158  1.18278  |||| 4.66832 |||| 7.68788 
1.81947  1.17056  2.67414  0.19599  3.8127  2.30705  |||| 5.32737 |||| 18.465 
1.74755  2.05816  1.75949  1.12551  3.26974  2.06699  |||| 5.22868 |||| 8.46345 
1.71676  0.258649  3.6032  1.73171  1.9163  2.21605  |||| 5.25248 |||| 55.9707 
1.43545  3.06336  0.282159  0.844421  2.16287  4.73752  |||| 4.44503 |||| 140.25 
1.72988  1.88109  2.28647  1.6676  1.66932  3.05248  |||| 5.56148 |||| 7.53935 
1.5716  2.68681  1.22879  1.38269  3.05945  1.25708  |||| 5.15056 |||| 5.89245 
1.70179  0.935467  3.44133  1.83251  0.684909  2.93987  |||| 5.74882 |||| 6.21827 
1.42663  3.04964  0.74371  0.912327  1.02556  5.39428  |||| 4.88865 |||| 41.9788 
1.67409  1.53662  3.07815  0.258397  0.251681  6.07173  |||| 5.95219 |||| 12.0065 
1.56078  2.53326  1.91435  1.64521  2.11064  2.3885  |||| 5.67277 |||| 7.1861 
1.55852  0.437343  4.15499  2.0275  0.362174  1.59979  |||| 5.8202 |||| 7.6929 
1.26628  3.32578  0.526064  1.74937  0.37442  3.4512  |||| 4.78861 |||| 40.0587 
1.57338  1.9527  3.02664  0.542054  2.70626  4.44114  |||| 6.218 |||| 9.25467 
1.41128  2.91013  1.71263  1.63929  1.26293  3.48556  |||| 5.69783 |||| 12.102 
1.48794  0.777454  4.28007  0.947697  1.17294  5.2784  |||| 6.20821 |||| 9.82682 
1.25305  3.28763  1.1036  1.55948  1.27591  3.81229  |||| 5.31632 |||| 20.0219 
1.47452  1.46853  3.92362  1.59148  1.08553  3.79472  |||| 6.53311 |||| 7.0894 
1.38184  2.68172  2.55977  1.61819  2.59862  1.12574  |||| 6.2887 |||| 7.44665 
1.29184  0.169989  4.90412  1.0475  1.15218  5.13006  |||| 6.03592 |||| 83.9097 
1.4037  3.13349  0.137026  1.6304  1.6381  3.17289  |||| 6.8241 |||| 480.276 
1.30249  2.71297  2.83257  0.992807  3.65302  0.667271  |||| 6.51101 |||| 8.85322 
1.08686  3.47459  1.30642  0.902356  1.26773  5.29778  |||| 5.53353 |||| 24.3599 
1.28461  1.4797  4.45091  1.68183  1.08502  3.54252  |||| 6.88145 |||| 9.19053 
0.928317  3.71129  0.686342  1.42306  1.14935  4.34121  |||| 4.99242 |||| 37.947 
1.21856  2.25823  3.85479  1.43855  0.868161  4.3881  |||| 7.00021 |||| 8.37816 
1.05132  3.33405  2.14245  1.69891  2.09806  2.06823  |||| 6.19089 |||| 10.4074 
1.0925  0.760458  5.20055  1.65683  2.46752  1.30402  |||| 6.72784 |||| 23.6999 
0.766281  3.85807  0.408406  0.745475  3.87823  0.260328  |||| 4.70855 |||| 4.73381 
1.05363  2.71356  3.60719  1.79555  2.13815  1.04134  |||| 7.03807 |||| 12.5095 
0.867683  3.60916  1.78842  1.1341  3.01371  2.77206  |||| 5.9315 |||| 9.45048 
0.974878  1.21115  5.21921  1.94841  0.810669  2.08393  |||| 7.06936 |||| 14.9446 
0.721805  3.8426  1.03519  1.11146  0.723473  5.18076  |||| 5.27218 |||| 29.2708 
0.921934  2.08772  4.6699  1.85941  1.87139  1.0816  |||| 7.34692 |||| 15.7095 
0.802817  3.3847  2.772  1.67087  2.23663  1.93289  |||| 6.62541 |||| 14.7896 
0.761477  0.414749  5.7331  1.80101  1.87257  1.80927  |||| 6.58051 |||| 36.0348 
0.524715  4.00047  0.293564  0.491185  3.54713  2.88875  |||| 4.48384 |||| 77.8122 
0.730716  3.07637  3.61677  0.125439  0.319072  6.08589  |||| 7.0887 |||| 12.1139 
0.57706  3.83697  1.65138  2.00907  1.21831  0.621439  |||| 5.73484 |||| 22.8865 
0.666688  1.51434  5.4374  0.327874  2.53193  4.80878  |||| 7.28373 |||| 12.5025 
0.463045  3.99134  0.898985  1.66027  1.76857  2.88189  |||| 5.01758 |||| 21.599 
0.595679  2.42438  4.73828  1.75997  2.0921  1.54931  |||| 7.42377 |||| 24.8896 
0.492679  3.63251  2.63223  1.58486  2.67422  1.16563  |||| 6.4219 |||| 24.2673 
0.474634  0.641553  5.92967  1.0376  3.40584  1.92995  |||| 6.71182 |||| 40.7387 
0.333352  4.05431  0.583623  1.89318  1.72527  1.08016  |||| 4.63437 |||| 35.6797 
0.42557  2.8641  4.3117  0.40092  3.86413  1.88733  |||| 7.26534 |||| 9.8911 
0.332643  3.82304  2.15453  0.491883  3.59988  2.7352  |||| 5.97766 |||| 9.91239 
0.336198  1.09725  5.86018  1.2518  0.396791  4.97237  |||| 6.95793 |||| 33.7626 
0.249325  4.00527  1.28052  0.13852  1.35888  5.79529  |||| 5.19908 |||| 25.714 
0.271551  2.04449  5.30882  1.61843  0.407269  3.96284  |||| 7.28926 |||| 64.6521 
0.217116  3.49801  3.23  0.933616  0.199901  5.54772  |||| 6.61255 |||| 45.7326 
0.180974  0.24146  6.08607  2.08131  0.279671  0.794794  |||| 6.17188 |||| 152.679 
0.199998  4.08367  0.43332  0.1744  0.238463  6.08709  |||| 12.7588 |||| 255.855 
0.128795  1.3652  5.78431  0.831309  3.41476  2.61662  |||| 10.8167 |||| 283.008 
