0.155361  0.956627  0.217952  0.460318  0.0664267  0.700588  0.567579  0.119925  0.558757  0.627291  0.0370998  0.853389  0.313348  0.945093  0.821411  0.083687  0.57627  0.330785  0.168484  0.134828  0.479035  0.284651  0.155361  0.956627  0.217952  0.460318  0.0664267  0.700588  0.567579  0.119925  0.558757  0.627291  0.0370998  0.853389  0.313348  0.945093  0.821411  0.083687  0.57627  0.330785  0.168484  0.134828  0.479035  0.284651  
0.94528  0.595955  0.481817  0.399844  0.0786076  0.3674  0.056025  0.306478  0.168831  0.799162  0.730806  0.982687  0.0554757  0.651705  0.434  0.676501  0.587251  0.245395  0.985819  0.434232  0.167693  0.181388  0.94528  0.595955  0.481817  0.399844  0.0786076  0.3674  0.056025  0.306478  0.168831  0.799162  0.730806  0.982687  0.0554757  0.651705  0.434  0.676501  0.587251  0.245395  0.985819  0.434232  0.167693  0.181388  
0.758251  0.299695  0.971056  0.57946  0.244907  0.147499  0.0481815  0.172804  0.378073  0.0335492  0.43463  0.199498  0.683912  0.926104  0.87181  0.748025  0.449265  0.306245  0.559716  0.123182  0.378885  0.262076  0.758251  0.299695  0.971056  0.57946  0.244907  0.147499  0.0481815  0.172804  0.378073  0.0335492  0.43463  0.199498  0.683912  0.926104  0.87181  0.748025  0.449265  0.306245  0.559716  0.123182  0.378885  0.262076  
0.444903  0.24561  0.275324  0.976301  0.800649  0.891402  0.0620447  0.683825  0.833098  0.444509  0.0578709  0.41987  0.815341  0.0392755  0.547143  0.336755  0.501782  0.756733  0.0727647  0.684382  0.553423  0.737077  0.444903  0.24561  0.275324  0.976301  0.800649  0.891402  0.0620447  0.683825  0.833098  0.444509  0.0578709  0.41987  0.815341  0.0392755  0.547143  0.336755  0.501782  0.756733  0.0727647  0.684382  0.553423  0.737077  
0.551191  0.531942  0.572168  0.43538  0.926743  0.766742  0.216464  0.807428  0.300089  0.187121  0.186679  0.603719  0.645543  0.987719  0.0664325  0.460408  0.799994  0.60769  0.934143  0.633746  0.994228  0.717985  0.551191  0.531942  0.572168  0.43538  0.926743  0.766742  0.216464  0.807428  0.300089  0.187121  0.186679  0.603719  0.645543  0.987719  0.0664325  0.460408  0.799994  0.60769  0.934143  0.633746  0.994228  0.717985  
0.946382  0.320438  0.160859  0.152461  0.903895  0.465412  0.962918  0.664579  0.642634  0.97833  0.687526  0.536011  0.36907  0.798359  0.165125  0.321478  0.453749  0.0213855  0.629469  0.015845  0.501561  0.21193  0.946382  0.320438  0.160859  0.152461  0.903895  0.465412  0.962918  0.664579  0.642634  0.97833  0.687526  0.536011  0.36907  0.798359  0.165125  0.321478  0.453749  0.0213855  0.629469  0.015845  0.501561  0.21193  
0.3211  0.264905  0.291936  0.65647  0.947517  0.216614  0.269981  0.339223  0.206427  0.790086  0.71087  0.676624  0.91579  0.70651  0.876552  0.299031  0.853857  0.687578  0.0666107  0.918346  0.2654  0.0468448  0.3211  0.264905  0.291936  0.65647  0.947517  0.216614  0.269981  0.339223  0.206427  0.790086  0.71087  0.676624  0.91579  0.70651  0.876552  0.299031  0.853857  0.687578  0.0666107  0.918346  0.2654  0.0468448  
0.207275  0.226579  0.893479  0.338273  0.985202  0.80948  0.0366431  0.861985  0.703106  0.929163  0.347891  0.581318  0.0932493  0.474278  0.857547  0.769758  0.545765  0.0010438  0.367245  0.0404694  0.443207  0.685696  0.207275  0.226579  0.893479  0.338273  0.985202  0.80948  0.0366431  0.861985  0.703106  0.929163  0.347891  0.581318  0.0932493  0.474278  0.857547  0.769758  0.545765  0.0010438  0.367245  0.0404694  0.443207  0.685696  
0.182079  0.115571  0.18848  0.594251  0.362578  0.568933  0.108064  0.867921  0.0318766  0.545191  0.100721  0.745053  0.0297986  0.216956  0.316128  0.397504  0.248818  0.927269  0.605715  0.286086  0.874347  0.273164  0.182079  0.115571  0.18848  0.594251  0.362578  0.568933  0.108064  0.867921  0.0318766  0.545191  0.100721  0.745053  0.0297986  0.216956  0.316128  0.397504  0.248818  0.927269  0.605715  0.286086  0.874347  0.273164  
0.209646  0.1004  0.19163  0.633175  0.742688  0.225035  0.368787  0.917861  0.477605  0.346269  0.989179  0.922013  0.0767543  0.875023  0.589865  0.397363  0.818394  0.202275  0.620794  0.462246  0.166159  0.553365  0.209646  0.1004  0.19163  0.633175  0.742688  0.225035  0.368787  0.917861  0.477605  0.346269  0.989179  0.922013  0.0767543  0.875023  0.589865  0.397363  0.818394  0.202275  0.620794  0.462246  0.166159  0.553365  
0.548  0.802139  0.101823  0.166484  0.617489  0.0393897  0.55903  0.415511  0.70038  0.302582  0.131884  0.128252  0.437924  0.192981  0.0543234  0.196344  0.0887897  0.573774  0.642803  0.00901648  0.496449  0.195584  0.548  0.802139  0.101823  0.166484  0.617489  0.0393897  0.55903  0.415511  0.70038  0.302582  0.131884  0.128252  0.437924  0.192981  0.0543234  0.196344  0.0887897  0.573774  0.642803  0.00901648  0.496449  0.195584  
0.923221  0.567179  0.769345  0.517645  0.410429  0.400757  0.0829091  0.702523  0.470456  0.298972  0.783916  0.536873  0.889332  0.943129  0.919711  0.55691  0.0468791  0.810782  0.191854  0.158727  0.0190466  0.872614  0.923221  0.567179  0.769345  0.517645  0.410429  0.400757  0.0829091  0.702523  0.470456  0.298972  0.783916  0.536873  0.889332  0.943129  0.919711  0.55691  0.0468791  0.810782  0.191854  0.158727  0.0190466  0.872614  
0.730244  0.540664  0.263466  0.941194  0.037582  0.240159  0.0403973  0.263116  0.853456  0.718081  0.228731  0.295533  0.45287  0.98631  0.131464  0.00849401  0.812596  0.378141  0.551395  0.702046  0.359506  0.71166  0.730244  0.540664  0.263466  0.941194  0.037582  0.240159  0.0403973  0.263116  0.853456  0.718081  0.228731  0.295533  0.45287  0.98631  0.131464  0.00849401  0.812596  0.378141  0.551395  0.702046  0.359506  0.71166  
0.619197  0.728535  0.972259  0.949788  0.0736469  0.922354  0.0127352  0.766344  0.435911  0.588438  0.979385  0.965064  0.483182  0.804014  0.0629507  0.0711529  0.782175  0.420633  0.0663054  0.266755  0.251141  0.917989  0.619197  0.728535  0.972259  0.949788  0.0736469  0.922354  0.0127352  0.766344  0.435911  0.588438  0.979385  0.965064  0.483182  0.804014  0.0629507  0.0711529  0.782175  0.420633  0.0663054  0.266755  0.251141  0.917989  
0.558557  0.272792  0.990428  0.785553  0.384605  0.91162  0.3976  0.0683805  0.348132  0.664658  0.629477  0.726456  0.627476  0.721913  0.682531  0.124884  0.653554  0.622778  0.826647  0.364314  0.419079  0.547635  0.558557  0.272792  0.990428  0.785553  0.384605  0.91162  0.3976  0.0683805  0.348132  0.664658  0.629477  0.726456  0.627476  0.721913  0.682531  0.124884  0.653554  0.622778  0.826647  0.364314  0.419079  0.547635  
0.319779  0.983847  0.330792  0.757199  0.864906  0.344979  0.950098  0.766714  0.11672  0.275021  0.418763  0.360071  0.431613  0.980855  0.241372  0.211589  0.195495  0.641095  0.411048  0.0936721  0.822438  0.520136  0.319779  0.983847  0.330792  0.757199  0.864906  0.344979  0.950098  0.766714  0.11672  0.275021  0.418763  0.360071  0.431613  0.980855  0.241372  0.211589  0.195495  0.641095  0.411048  0.0936721  0.822438  0.520136  
0.799706  0.891865  0.514206  0.574027  0.580989  0.217873  0.614422  0.744044  0.357771  0.0807708  0.0584212  0.18777  0.592257  0.707648  0.80041  0.0739021  0.63404  0.307416  0.37665  0.657664  0.988096  0.45259  0.799706  0.891865  0.514206  0.574027  0.580989  0.217873  0.614422  0.744044  0.357771  0.0807708  0.0584212  0.18777  0.592257  0.707648  0.80041  0.0739021  0.63404  0.307416  0.37665  0.657664  0.988096  0.45259  
0.990641  0.256734  0.962779  0.275179  0.321481  0.989965  0.280079  0.217888  0.594163  0.0334057  0.332702  0.67205  0.329471  0.773899  0.254653  0.967793  0.720628  0.702155  0.805877  0.413486  0.0175492  0.128036  0.990641  0.256734  0.962779  0.275179  0.321481  0.989965  0.280079  0.217888  0.594163  0.0334057  0.332702  0.67205  0.329471  0.773899  0.254653  0.967793  0.720628  0.702155  0.805877  0.413486  0.0175492  0.128036  
0.197009  0.152558  0.783981  0.102427  0.468405  0.294888  0.0812006  0.552933  0.988737  0.270741  0.687117  0.356262  0.663208  0.347216  0.581531  0.699979  0.355063  0.135751  0.702721  0.183949  0.328676  0.446054  0.197009  0.152558  0.783981  0.102427  0.468405  0.294888  0.0812006  0.552933  0.988737  0.270741  0.687117  0.356262  0.663208  0.347216  0.581531  0.699979  0.355063  0.135751  0.702721  0.183949  0.328676  0.446054  
0.943756  0.215642  0.21988  0.236954  0.296946  0.271256  0.391853  0.336095  0.320383  0.967199  0.151718  0.435975  0.19614  0.604903  0.426207  0.442416  0.492567  0.384979  0.146529  0.805552  0.463591  0.936344  0.943756  0.215642  0.21988  0.236954  0.296946  0.271256  0.391853  0.336095  0.320383  0.967199  0.151718  0.435975  0.19614  0.604903  0.426207  0.442416  0.492567  0.384979  0.146529  0.805552  0.463591  0.936344  
0.713561  0.712873  0.609927  0.0772846  0.523105  0.408616  0.999052  0.645471  0.619637  0.272593  0.80101  0.801067  0.245782  0.18513  0.271859  0.0908589  0.030804  0.378732  0.567634  0.378685  0.197399  0.388547  0.713561  0.712873  0.609927  0.0772846  0.523105  0.408616  0.999052  0.645471  0.619637  0.272593  0.80101  0.801067  0.245782  0.18513  0.271859  0.0908589  0.030804  0.378732  0.567634  0.378685  0.197399  0.388547  
0.173646  0.812417  0.645388  0.491386  0.648661  0.548093  0.347566  0.767735  0.599501  0.38834  0.432869  0.39494  0.810319  0.287024  0.522702  0.356688  0.831788  0.697088  0.685818  0.568314  0.459328  0.21623  0.173646  0.812417  0.645388  0.491386  0.648661  0.548093  0.347566  0.767735  0.599501  0.38834  0.432869  0.39494  0.810319  0.287024  0.522702  0.356688  0.831788  0.697088  0.685818  0.568314  0.459328  0.21623  
0.371879  0.208284  0.370926  0.279432  0.0863223  0.488303  0.727575  0.0422979  0.979312  0.269039  0.0907183  0.97094  0.192421  0.642074  0.745246  0.702477  0.0472608  0.360609  0.887177  0.690049  0.818922  0.990369  0.371879  0.208284  0.370926  0.279432  0.0863223  0.488303  0.727575  0.0422979  0.979312  0.269039  0.0907183  0.97094  0.192421  0.642074  0.745246  0.702477  0.0472608  0.360609  0.887177  0.690049  0.818922  0.990369  
0.079701  0.135793  0.0618683  0.0591424  0.516221  0.116159  0.316551  0.960649  0.871565  0.245843  0.593186  0.996754  0.11693  0.378792  0.72816  0.422824  0.027524  0.157067  0.747609  0.310471  0.696942  0.731955  0.079701  0.135793  0.0618683  0.0591424  0.516221  0.116159  0.316551  0.960649  0.871565  0.245843  0.593186  0.996754  0.11693  0.378792  0.72816  0.422824  0.027524  0.157067  0.747609  0.310471  0.696942  0.731955  
0.879644  0.327186  0.666053  0.747459  0.406263  0.114863  0.149457  0.937133  0.377636  0.843452  0.973988  0.729287  0.691242  0.517797  0.815548  0.0134272  0.443289  0.22856  0.826792  0.148048  0.406672  0.517026  0.879644  0.327186  0.666053  0.747459  0.406263  0.114863  0.149457  0.937133  0.377636  0.843452  0.973988  0.729287  0.691242  0.517797  0.815548  0.0134272  0.443289  0.22856  0.826792  0.148048  0.406672  0.517026  
0.971489  0.645221  0.339134  0.886265  0.414421  0.952105  0.0592628  0.171628  0.348789  0.760003  0.727611  0.20615  0.334337  0.723905  0.601974  0.427316  0.759542  0.418861  0.324595  0.805188  0.78048  0.582698  0.971489  0.645221  0.339134  0.886265  0.414421  0.952105  0.0592628  0.171628  0.348789  0.760003  0.727611  0.20615  0.334337  0.723905  0.601974  0.427316  0.759542  0.418861  0.324595  0.805188  0.78048  0.582698  
0.552372  0.786323  0.827009  0.89878  0.0349905  0.615227  0.884024  0.707228  0.0585756  0.464179  0.863561  0.491719  0.235653  0.00982199  0.736476  0.545128  0.0873901  0.87545  0.264933  0.675878  0.825738  0.152868  0.552372  0.786323  0.827009  0.89878  0.0349905  0.615227  0.884024  0.707228  0.0585756  0.464179  0.863561  0.491719  0.235653  0.00982199  0.736476  0.545128  0.0873901  0.87545  0.264933  0.675878  0.825738  0.152868  
0.839369  0.254783  0.815185  0.849321  0.320218  0.415529  0.500919  0.00197518  0.34759  0.532012  0.471865  0.659282  0.238833  0.186178  0.279942  0.688636  0.33009  0.979004  0.507302  0.694749  0.970428  0.369131  0.839369  0.254783  0.815185  0.849321  0.320218  0.415529  0.500919  0.00197518  0.34759  0.532012  0.471865  0.659282  0.238833  0.186178  0.279942  0.688636  0.33009  0.979004  0.507302  0.694749  0.970428  0.369131  
0.239361  0.0880472  0.85022  0.971266  0.896253  0.353665  0.830403  0.780901  0.137015  0.137226  0.474346  0.883005  0.921105  0.076573  0.614102  0.649829  0.432181  0.447249  0.351732  0.237906  0.826884  0.512997  0.239361  0.0880472  0.85022  0.971266  0.896253  0.353665  0.830403  0.780901  0.137015  0.137226  0.474346  0.883005  0.921105  0.076573  0.614102  0.649829  0.432181  0.447249  0.351732  0.237906  0.826884  0.512997  
0.293033  0.54214  0.804944  0.28831  0.574085  0.853122  0.704824  0.939095  0.426939  0.412755  0.358661  0.801794  0.174608  0.595483  0.681559  0.145144  0.199574  0.426641  0.269198  0.422462  0.459731  0.95801  0.293033  0.54214  0.804944  0.28831  0.574085  0.853122  0.704824  0.939095  0.426939  0.412755  0.358661  0.801794  0.174608  0.595483  0.681559  0.145144  0.199574  0.426641  0.269198  0.422462  0.459731  0.95801  
0.0364777  0.983309  0.0799776  0.547263  0.0595946  0.745199  0.474047  0.387846  0.715229  0.83072  0.604178  0.816114  0.875106  0.35695  0.293321  0.608821  0.697553  0.442189  0.437165  0.567149  0.565016  0.105673  0.0364777  0.983309  0.0799776  0.547263  0.0595946  0.745199  0.474047  0.387846  0.715229  0.83072  0.604178  0.816114  0.875106  0.35695  0.293321  0.608821  0.697553  0.442189  0.437165  0.567149  0.565016  0.105673  
0.442542  0.903792  0.922786  0.392293  0.294519  0.963763  0.679212  0.515954  0.131847  0.386281  0.468112  0.279624  0.222856  0.293958  0.240608  0.452458  0.344489  0.112698  0.368184  0.462909  0.629092  0.740986  0.442542  0.903792  0.922786  0.392293  0.294519  0.963763  0.679212  0.515954  0.131847  0.386281  0.468112  0.279624  0.222856  0.293958  0.240608  0.452458  0.344489  0.112698  0.368184  0.462909  0.629092  0.740986  
0.110987  0.858833  0.667083  0.502624  0.654903  0.846877  0.429371  0.611747  0.369119  0.817396  0.413876  0.726118  0.925608  0.705566  0.0690677  0.34414  0.822343  0.478594  0.724379  0.240887  0.615848  0.799199  0.110987  0.858833  0.667083  0.502624  0.654903  0.846877  0.429371  0.611747  0.369119  0.817396  0.413876  0.726118  0.925608  0.705566  0.0690677  0.34414  0.822343  0.478594  0.724379  0.240887  0.615848  0.799199  
0.747809  0.0242253  0.689737  0.892774  0.660874  0.682554  0.930721  0.759962  0.42104  0.837764  0.501211  0.696905  0.823827  0.529406  0.00206582  0.489815  0.823956  0.781171  0.0342706  0.62602  0.462178  0.288763  0.747809  0.0242253  0.689737  0.892774  0.660874  0.682554  0.930721  0.759962  0.42104  0.837764  0.501211  0.696905  0.823827  0.529406  0.00206582  0.489815  0.823956  0.781171  0.0342706  0.62602  0.462178  0.288763  
0.638611  0.619763  0.822601  0.5294  0.917115  0.752095  0.954688  0.682834  0.460837  0.135252  0.132992  0.34017  0.275973  0.570233  0.0792012  0.426425  0.810517  0.286262  0.567045  0.484719  0.626564  0.848228  0.638611  0.619763  0.822601  0.5294  0.917115  0.752095  0.954688  0.682834  0.460837  0.135252  0.132992  0.34017  0.275973  0.570233  0.0792012  0.426425  0.810517  0.286262  0.567045  0.484719  0.626564  0.848228  
0.595989  0.196172  0.552551  0.141866  0.642064  0.353935  0.272191  0.0917857  0.186348  0.107649  0.0828858  0.385591  0.643141  0.521772  0.959978  0.617336  0.256728  0.208241  0.657334  0.0921743  0.0278233  0.205501  0.595989  0.196172  0.552551  0.141866  0.642064  0.353935  0.272191  0.0917857  0.186348  0.107649  0.0828858  0.385591  0.643141  0.521772  0.959978  0.617336  0.256728  0.208241  0.657334  0.0921743  0.0278233  0.205501  
0.1325  0.493809  0.0287407  0.559738  0.641045  0.191656  0.290625  0.219698  0.505228  0.954214  0.570726  0.13241  0.71509  0.474321  0.613155  0.882052  0.814429  0.170153  0.785084  0.579978  0.51767  0.20894  0.1325  0.493809  0.0287407  0.559738  0.641045  0.191656  0.290625  0.219698  0.505228  0.954214  0.570726  0.13241  0.71509  0.474321  0.613155  0.882052  0.814429  0.170153  0.785084  0.579978  0.51767  0.20894  
0.609358  0.931896  0.893043  0.631274  0.824112  0.674502  0.249559  0.751685  0.982653  0.856176  0.499629  0.112314  0.437357  0.612792  0.0240687  0.484121  0.116343  0.988671  0.170483  0.4875  0.751338  0.708703  0.609358  0.931896  0.893043  0.631274  0.824112  0.674502  0.249559  0.751685  0.982653  0.856176  0.499629  0.112314  0.437357  0.612792  0.0240687  0.484121  0.116343  0.988671  0.170483  0.4875  0.751338  0.708703  
0.63873  0.0717434  0.164429  0.847873  0.793752  0.115564  0.261568  0.136772  0.396277  0.750773  0.470951  0.405613  0.424871  0.219727  0.687668  0.585699  0.494251  0.725105  0.318553  0.170128  0.996376  0.388473  0.63873  0.0717434  0.164429  0.847873  0.793752  0.115564  0.261568  0.136772  0.396277  0.750773  0.470951  0.405613  0.424871  0.219727  0.687668  0.585699  0.494251  0.725105  0.318553  0.170128  0.996376  0.388473  
0.615391  0.870968  0.519996  0.332647  0.0846729  0.816634  0.622585  0.801803  0.470414  0.858288  0.252959  0.238345  0.344506  0.597056  0.739814  0.151526  0.174498  0.261113  0.755041  0.532297  0.148497  0.5139  0.615391  0.870968  0.519996  0.332647  0.0846729  0.816634  0.622585  0.801803  0.470414  0.858288  0.252959  0.238345  0.344506  0.597056  0.739814  0.151526  0.174498  0.261113  0.755041  0.532297  0.148497  0.5139  
0.550925  0.764267  0.0510857  0.720239  0.772175  0.848043  0.164475  0.992015  0.0622359  0.419944  0.436989  0.15385  0.554655  0.649051  0.814364  0.0725764  0.338182  0.718211  0.514012  0.329095  0.584948  0.473972  0.550925  0.764267  0.0510857  0.720239  0.772175  0.848043  0.164475  0.992015  0.0622359  0.419944  0.436989  0.15385  0.554655  0.649051  0.814364  0.0725764  0.338182  0.718211  0.514012  0.329095  0.584948  0.473972  
0.226268  0.197627  0.500554  0.310682  0.496945  0.933439  0.104109  0.191706  0.854628  0.585375  0.730762  0.849114  0.149094  0.303206  0.347955  0.74732  0.687883  0.353234  0.546734  0.205052  0.949249  0.183818  0.226268  0.197627  0.500554  0.310682  0.496945  0.933439  0.104109  0.191706  0.854628  0.585375  0.730762  0.849114  0.149094  0.303206  0.347955  0.74732  0.687883  0.353234  0.546734  0.205052  0.949249  0.183818  
0.00788668  0.972224  0.66491  0.887861  0.84345  0.970804  0.209091  0.314297  0.101264  0.202001  0.849742  0.0897974  0.657257  0.321951  0.299093  0.0334829  0.341986  0.554849  0.722772  0.903611  0.440615  0.0781531  0.00788668  0.972224  0.66491  0.887861  0.84345  0.970804  0.209091  0.314297  0.101264  0.202001  0.849742  0.0897974  0.657257  0.321951  0.299093  0.0334829  0.341986  0.554849  0.722772  0.903611  0.440615  0.0781531  
0.681268  0.147506  0.806921  0.181162  0.537815  0.189257  0.554143  0.606672  0.199359  0.212811  0.486274  0.0365817  0.224793  0.708417  0.904543  0.189136  0.373625  0.807246  0.270378  0.317966  0.608052  0.994587  0.681268  0.147506  0.806921  0.181162  0.537815  0.189257  0.554143  0.606672  0.199359  0.212811  0.486274  0.0365817  0.224793  0.708417  0.904543  0.189136  0.373625  0.807246  0.270378  0.317966  0.608052  0.994587  
0.59672  0.223026  0.797761  0.451002  0.620333  0.53803  0.722758  0.1171  0.614958  0.613446  0.841117  0.380431  0.61391  0.7138  0.876066  0.653385  0.0351042  0.549885  0.847566  0.0316277  0.149791  0.600305  0.59672  0.223026  0.797761  0.451002  0.620333  0.53803  0.722758  0.1171  0.614958  0.613446  0.841117  0.380431  0.61391  0.7138  0.876066  0.653385  0.0351042  0.549885  0.847566  0.0316277  0.149791  0.600305  
0.685361  0.467136  0.445546  0.00310719  0.409359  0.597466  0.170644  0.898741  0.960358  0.0442386  0.834776  0.101423  0.329413  0.153561  0.320822  0.571358  0.686876  0.039371  0.0586797  0.722948  0.898828  0.0731992  0.685361  0.467136  0.445546  0.00310719  0.409359  0.597466  0.170644  0.898741  0.960358  0.0442386  0.834776  0.101423  0.329413  0.153561  0.320822  0.571358  0.686876  0.039371  0.0586797  0.722948  0.898828  0.0731992  
0.343809  0.56388  0.509516  0.857741  0.67837  0.0443715  0.887595  0.353341  0.959758  0.920112  0.730779  0.386729  0.804122  0.261471  0.51166  0.917032  0.752191  0.699165  0.998704  0.0684134  0.894883  0.599797  0.343809  0.56388  0.509516  0.857741  0.67837  0.0443715  0.887595  0.353341  0.959758  0.920112  0.730779  0.386729  0.804122  0.261471  0.51166  0.917032  0.752191  0.699165  0.998704  0.0684134  0.894883  0.599797  
0.807636  0.722279  0.934531  0.929231  0.401943  0.032076  0.130197  0.2003  0.124576  0.477761  0.0168155  0.927731  0.301255  0.834999  0.320524  0.670019  0.0446374  0.122582  0.57863  0.0505148  0.334114  0.822398  0.807636  0.722279  0.934531  0.929231  0.401943  0.032076  0.130197  0.2003  0.124576  0.477761  0.0168155  0.927731  0.301255  0.834999  0.320524  0.670019  0.0446374  0.122582  0.57863  0.0505148  0.334114  0.822398  
0.808042  0.978516  0.410707  0.818036  0.0632422  0.357638  0.821157  0.343703  0.764143  0.502864  0.805597  0.359736  0.750621  0.766939  0.184495  0.544311  0.0136995  0.287101  0.418526  0.481965  0.260066  0.325002  0.808042  0.978516  0.410707  0.818036  0.0632422  0.357638  0.821157  0.343703  0.764143  0.502864  0.805597  0.359736  0.750621  0.766939  0.184495  0.544311  0.0136995  0.287101  0.418526  0.481965  0.260066  0.325002  
0.38631  0.963961  0.362536  0.17326  0.866088  0.289711  0.0601499  0.736144  0.228074  0.994069  0.790668  0.691216  0.356161  0.299267  0.108272  0.272476  0.175891  0.192202  0.26745  0.621173  0.35232  0.853409  0.38631  0.963961  0.362536  0.17326  0.866088  0.289711  0.0601499  0.736144  0.228074  0.994069  0.790668  0.691216  0.356161  0.299267  0.108272  0.272476  0.175891  0.192202  0.26745  0.621173  0.35232  0.853409  
0.828078  0.109852  0.492259  0.35525  0.897792  0.131027  0.27965  0.269351  0.294676  0.201637  0.690221  0.219513  0.300319  0.597392  0.435723  0.19727  0.828723  0.123086  0.343654  0.245503  0.0274225  0.295252  0.828078  0.109852  0.492259  0.35525  0.897792  0.131027  0.27965  0.269351  0.294676  0.201637  0.690221  0.219513  0.300319  0.597392  0.435723  0.19727  0.828723  0.123086  0.343654  0.245503  0.0274225  0.295252  
0.38027  0.972168  0.611023  0.476615  0.322554  0.370247  0.909674  0.9091  0.728186  0.540556  0.25341  0.690851  0.192948  0.592478  0.286014  0.52165  0.274016  0.150048  0.781942  0.883496  0.627881  0.845743  0.38027  0.972168  0.611023  0.476615  0.322554  0.370247  0.909674  0.9091  0.728186  0.540556  0.25341  0.690851  0.192948  0.592478  0.286014  0.52165  0.274016  0.150048  0.781942  0.883496  0.627881  0.845743  
0.78194  0.498829  0.2848  0.965413  0.918801  0.695379  0.334254  0.717531  0.617686  0.224046  0.107858  0.6525  0.565415  0.416535  0.0301889  0.580653  0.870633  0.485308  0.390125  0.944738  0.926046  0.947549  0.78194  0.498829  0.2848  0.965413  0.918801  0.695379  0.334254  0.717531  0.617686  0.224046  0.107858  0.6525  0.565415  0.416535  0.0301889  0.580653  0.870633  0.485308  0.390125  0.944738  0.926046  0.947549  
0.103633  0.729102  0.671572  0.687164  0.833421  0.79895  0.906825  0.286642  0.793812  0.812795  0.770012  0.519934  0.663064  0.655236  0.88407  0.203629  0.847846  0.0183729  0.537156  0.551215  0.0919786  0.545779  0.103633  0.729102  0.671572  0.687164  0.833421  0.79895  0.906825  0.286642  0.793812  0.812795  0.770012  0.519934  0.663064  0.655236  0.88407  0.203629  0.847846  0.0183729  0.537156  0.551215  0.0919786  0.545779  
0.571259  0.135442  0.864367  0.22695  0.602831  0.351219  0.454614  0.98474  0.768714  0.899521  0.834228  0.18478  0.497095  0.215079  0.178  0.71306  0.0621381  0.807316  0.129781  0.164842  0.225783  0.162106  0.571259  0.135442  0.864367  0.22695  0.602831  0.351219  0.454614  0.98474  0.768714  0.899521  0.834228  0.18478  0.497095  0.215079  0.178  0.71306  0.0621381  0.807316  0.129781  0.164842  0.225783  0.162106  
0.954986  0.0724649  0.977654  0.764819  0.915724  0.50567  0.456666  0.339062  0.860913  0.812452  0.2356  0.514536  0.596216  0.26855  0.364097  0.575546  0.111969  0.328323  0.179412  0.655878  0.154216  0.223546  0.954986  0.0724649  0.977654  0.764819  0.915724  0.50567  0.456666  0.339062  0.860913  0.812452  0.2356  0.514536  0.596216  0.26855  0.364097  0.575546  0.111969  0.328323  0.179412  0.655878  0.154216  0.223546  
0.562233  0.43819  0.959759  0.50627  0.670477  0.263739  0.208392  0.110636  0.236531  0.576135  0.857984  0.416317  0.996246  0.476994  0.25343  0.899944  0.898885  0.738961  0.305411  0.642829  0.268116  0.482523  0.562233  0.43819  0.959759  0.50627  0.670477  0.263739  0.208392  0.110636  0.236531  0.576135  0.857984  0.416317  0.996246  0.476994  0.25343  0.899944  0.898885  0.738961  0.305411  0.642829  0.268116  0.482523  
0.82873  0.572722  0.212556  0.847391  0.96768  0.680417  0.126054  0.948609  0.508557  0.158647  0.874119  0.468573  0.541021  0.394521  0.868355  0.307903  0.276685  0.365924  0.0591014  0.591916  0.278158  0.340511  0.82873  0.572722  0.212556  0.847391  0.96768  0.680417  0.126054  0.948609  0.508557  0.158647  0.874119  0.468573  0.541021  0.394521  0.868355  0.307903  0.276685  0.365924  0.0591014  0.591916  0.278158  0.340511  
0.980803  0.843771  0.140582  0.711482  0.758806  0.0430445  0.977408  0.725365  0.822087  0.991187  0.311653  0.482077  0.640367  0.0454277  0.369913  0.142294  0.479753  0.701225  0.825646  0.0635285  0.424542  0.225207  0.980803  0.843771  0.140582  0.711482  0.758806  0.0430445  0.977408  0.725365  0.822087  0.991187  0.311653  0.482077  0.640367  0.0454277  0.369913  0.142294  0.479753  0.701225  0.825646  0.0635285  0.424542  0.225207  
0.324056  0.739342  0.264487  0.942461  0.0841077  0.646851  0.896316  0.127513  0.109513  0.592843  0.20391  0.761382  0.770542  0.211354  0.532613  0.721259  0.374867  0.0563098  0.969447  0.299269  0.204423  0.907684  0.324056  0.739342  0.264487  0.942461  0.0841077  0.646851  0.896316  0.127513  0.109513  0.592843  0.20391  0.761382  0.770542  0.211354  0.532613  0.721259  0.374867  0.0563098  0.969447  0.299269  0.204423  0.907684  
0.882135  0.81596  0.617951  0.416079  0.813177  0.798172  0.756978  0.561091  0.689168  0.487069  0.2682  0.65952  0.253412  0.0854344  0.445304  0.847788  0.640758  0.790167  0.815437  0.922701  0.893615  0.419086  0.882135  0.81596  0.617951  0.416079  0.813177  0.798172  0.756978  0.561091  0.689168  0.487069  0.2682  0.65952  0.253412  0.0854344  0.445304  0.847788  0.640758  0.790167  0.815437  0.922701  0.893615  0.419086  
0.933918  0.802588  0.911657  0.476957  0.274185  0.37475  0.325476  0.255296  0.399535  0.903801  0.798271  0.575547  0.421747  0.0538785  0.929037  0.445395  0.498147  0.59271  0.808834  0.178023  0.0309474  0.477569  0.933918  0.802588  0.911657  0.476957  0.274185  0.37475  0.325476  0.255296  0.399535  0.903801  0.798271  0.575547  0.421747  0.0538785  0.929037  0.445395  0.498147  0.59271  0.808834  0.178023  0.0309474  0.477569  
0.201565  0.415839  0.0683681  0.241516  0.665893  0.939372  0.368601  0.304595  0.224696  0.496107  0.885583  0.0205152  0.696449  0.915446  0.703903  0.39916  0.218225  0.479633  0.741724  0.493745  0.121498  0.379753  0.201565  0.415839  0.0683681  0.241516  0.665893  0.939372  0.368601  0.304595  0.224696  0.496107  0.885583  0.0205152  0.696449  0.915446  0.703903  0.39916  0.218225  0.479633  0.741724  0.493745  0.121498  0.379753  
0.909568  0.258997  0.676432  0.418116  0.550654  0.75498  0.996578  0.700165  0.448336  0.849639  0.256045  0.125608  0.962014  0.231301  0.844217  0.583849  0.651804  0.0432161  0.539624  0.0911781  0.599836  0.990339  0.909568  0.258997  0.676432  0.418116  0.550654  0.75498  0.996578  0.700165  0.448336  0.849639  0.256045  0.125608  0.962014  0.231301  0.844217  0.583849  0.651804  0.0432161  0.539624  0.0911781  0.599836  0.990339  
0.242511  0.99767  0.823005  0.49766  0.550151  0.550837  0.0710624  0.511619  0.644026  0.874877  0.392474  0.339477  0.674587  0.527866  0.733267  0.441477  0.67682  0.330794  0.482556  0.530297  0.306743  0.963389  0.242511  0.99767  0.823005  0.49766  0.550151  0.550837  0.0710624  0.511619  0.644026  0.874877  0.392474  0.339477  0.674587  0.527866  0.733267  0.441477  0.67682  0.330794  0.482556  0.530297  0.306743  0.963389  
0.678392  0.865198  0.536038  0.478005  0.218381  0.776755  0.0213431  0.0874965  0.523136  0.00203574  0.100998  0.0343689  0.873633  0.366499  0.786952  0.748873  0.868106  0.0546962  0.799014  0.153758  0.59084  0.742325  0.678392  0.865198  0.536038  0.478005  0.218381  0.776755  0.0213431  0.0874965  0.523136  0.00203574  0.100998  0.0343689  0.873633  0.366499  0.786952  0.748873  0.868106  0.0546962  0.799014  0.153758  0.59084  0.742325  
0.499606  0.244799  0.44616  0.258615  0.443312  0.722533  0.265927  0.41937  0.600538  0.664831  0.365579  0.137082  0.987144  0.796617  0.937959  0.956482  0.815163  0.637292  0.000627491  0.896096  0.443693  0.409884  0.499606  0.244799  0.44616  0.258615  0.443312  0.722533  0.265927  0.41937  0.600538  0.664831  0.365579  0.137082  0.987144  0.796617  0.937959  0.956482  0.815163  0.637292  0.000627491  0.896096  0.443693  0.409884  
0.548393  0.272254  0.795445  0.231733  0.564935  0.842251  0.467537  0.421018  0.734521  0.575628  0.37432  0.254548  0.672655  0.12031  0.311998  0.908205  0.893885  0.323427  0.00809667  0.187435  0.160213  0.927977  0.548393  0.272254  0.795445  0.231733  0.564935  0.842251  0.467537  0.421018  0.734521  0.575628  0.37432  0.254548  0.672655  0.12031  0.311998  0.908205  0.893885  0.323427  0.00809667  0.187435  0.160213  0.927977  
0.886261  0.103498  0.230906  0.454478  0.0289926  0.227434  0.278154  0.0862056  0.347201  0.418188  0.844137  0.274727  0.717095  0.120277  0.33311  0.618764  0.390723  0.252887  0.716184  0.471681  0.336227  0.357575  0.886261  0.103498  0.230906  0.454478  0.0289926  0.227434  0.278154  0.0862056  0.347201  0.418188  0.844137  0.274727  0.717095  0.120277  0.33311  0.618764  0.390723  0.252887  0.716184  0.471681  0.336227  0.357575  
0.328522  0.779141  0.909488  0.564892  0.562539  0.232443  0.240218  0.78682  0.870235  0.797993  0.0566574  0.440139  0.870035  0.178161  0.678779  0.575718  0.822597  0.388936  0.685602  0.0352635  0.159193  0.494081  0.328522  0.779141  0.909488  0.564892  0.562539  0.232443  0.240218  0.78682  0.870235  0.797993  0.0566574  0.440139  0.870035  0.178161  0.678779  0.575718  0.822597  0.388936  0.685602  0.0352635  0.159193  0.494081  
0.768777  0.124278  0.979971  0.0899125  0.538348  0.917422  0.269908  0.148517  0.831323  0.540343  0.191673  0.100019  0.072799  0.0666935  0.247759  0.516286  0.0524326  0.719711  0.4437  0.233242  0.413382  0.920058  0.768777  0.124278  0.979971  0.0899125  0.538348  0.917422  0.269908  0.148517  0.831323  0.540343  0.191673  0.100019  0.072799  0.0666935  0.247759  0.516286  0.0524326  0.719711  0.4437  0.233242  0.413382  0.920058  
0.160827  0.195162  0.569608  0.611999  0.399241  0.759927  0.857339  0.495941  0.536343  0.27146  0.771274  0.775351  0.319695  0.36338  0.620748  0.780115  0.800924  0.0614642  0.771984  0.301418  0.508975  0.0466468  0.160827  0.195162  0.569608  0.611999  0.399241  0.759927  0.857339  0.495941  0.536343  0.27146  0.771274  0.775351  0.319695  0.36338  0.620748  0.780115  0.800924  0.0614642  0.771984  0.301418  0.508975  0.0466468  
0.472691  0.538563  0.626214  0.754874  0.323606  0.117792  0.82275  0.114838  0.0239882  0.0741547  0.530448  0.947978  0.538304  0.654678  0.343919  0.243587  0.171581  0.967308  0.199506  0.899734  0.63613  0.133936  0.472691  0.538563  0.626214  0.754874  0.323606  0.117792  0.82275  0.114838  0.0239882  0.0741547  0.530448  0.947978  0.538304  0.654678  0.343919  0.243587  0.171581  0.967308  0.199506  0.899734  0.63613  0.133936  
0.425714  0.131268  0.378724  0.178988  0.380614  0.615359  0.0696284  0.129303  0.0263136  0.878073  0.769857  0.347962  0.622005  0.719548  0.966912  0.888157  0.756718  0.700773  0.794066  0.0584618  0.914142  0.847289  0.425714  0.131268  0.378724  0.178988  0.380614  0.615359  0.0696284  0.129303  0.0263136  0.878073  0.769857  0.347962  0.622005  0.719548  0.966912  0.888157  0.756718  0.700773  0.794066  0.0584618  0.914142  0.847289  
0.193264  0.921943  0.653434  0.466302  0.672761  0.943881  0.796547  0.387286  0.368252  0.704497  0.122719  0.367172  0.347677  0.161136  0.0620491  0.339689  0.779315  0.732387  0.385774  0.982016  0.107148  0.908817  0.193264  0.921943  0.653434  0.466302  0.672761  0.943881  0.796547  0.387286  0.368252  0.704497  0.122719  0.367172  0.347677  0.161136  0.0620491  0.339689  0.779315  0.732387  0.385774  0.982016  0.107148  0.908817  
0.316915  0.659273  0.445257  0.854899  0.327706  0.339687  0.161783  0.538051  0.703199  0.907839  0.431242  0.348644  0.633459  0.338611  0.737132  0.539701  0.635876  0.534426  0.689857  0.153894  0.704414  0.919527  0.316915  0.659273  0.445257  0.854899  0.327706  0.339687  0.161783  0.538051  0.703199  0.907839  0.431242  0.348644  0.633459  0.338611  0.737132  0.539701  0.635876  0.534426  0.689857  0.153894  0.704414  0.919527  
0.369107  0.68007  0.568672  0.678463  0.991087  0.798376  0.203645  0.768395  0.691134  0.902288  0.693297  0.890279  0.589308  0.545295  0.672965  0.603089  0.707609  0.455515  0.597446  0.806677  0.340985  0.29551  0.369107  0.68007  0.568672  0.678463  0.991087  0.798376  0.203645  0.768395  0.691134  0.902288  0.693297  0.890279  0.589308  0.545295  0.672965  0.603089  0.707609  0.455515  0.597446  0.806677  0.340985  0.29551  
0.833088  0.0282972  0.138433  0.321112  0.260506  0.777573  0.936192  0.667247  0.547208  0.511344  0.238141  0.945718  0.45424  0.930542  0.219424  0.881027  0.0289987  0.52059  0.921054  0.0697496  0.54415  0.0665272  0.833088  0.0282972  0.138433  0.321112  0.260506  0.777573  0.936192  0.667247  0.547208  0.511344  0.238141  0.945718  0.45424  0.930542  0.219424  0.881027  0.0289987  0.52059  0.921054  0.0697496  0.54415  0.0665272  
0.1756  0.639335  0.695805  0.80092  0.9112  0.473111  0.869362  0.113395  0.551311  0.501576  0.166132  0.113917  0.94235  0.250398  0.659742  0.545843  0.019677  0.161011  0.29351  0.56124  0.242109  0.46919  0.1756  0.639335  0.695805  0.80092  0.9112  0.473111  0.869362  0.113395  0.551311  0.501576  0.166132  0.113917  0.94235  0.250398  0.659742  0.545843  0.019677  0.161011  0.29351  0.56124  0.242109  0.46919  
0.182197  0.716631  0.973668  0.0466721  0.89233  0.746225  0.723404  0.368682  0.933167  0.0279503  0.632612  0.239284  0.83066  0.177531  0.660384  0.998477  0.415613  0.727093  0.351097  0.127637  0.421107  0.691192  0.182197  0.716631  0.973668  0.0466721  0.89233  0.746225  0.723404  0.368682  0.933167  0.0279503  0.632612  0.239284  0.83066  0.177531  0.660384  0.998477  0.415613  0.727093  0.351097  0.127637  0.421107  0.691192  
0.400816  0.948096  0.0671568  0.202469  0.171589  0.873146  0.874465  0.374026  0.888372  0.627909  0.564088  0.110092  0.215846  0.215625  0.40698  0.186587  0.0282981  0.738206  0.558633  0.948325  0.607515  0.472038  0.400816  0.948096  0.0671568  0.202469  0.171589  0.873146  0.874465  0.374026  0.888372  0.627909  0.564088  0.110092  0.215846  0.215625  0.40698  0.186587  0.0282981  0.738206  0.558633  0.948325  0.607515  0.472038  
0.550572  0.718254  0.788415  0.810382  0.066817  0.115868  0.35989  0.506481  0.734368  0.760164  0.222501  0.455617  0.629275  0.0700048  0.950307  0.649832  0.96549  0.399858  0.322082  0.357257  0.484518  0.670245  0.550572  0.718254  0.788415  0.810382  0.066817  0.115868  0.35989  0.506481  0.734368  0.760164  0.222501  0.455617  0.629275  0.0700048  0.950307  0.649832  0.96549  0.399858  0.322082  0.357257  0.484518  0.670245  
0.136966  0.988894  0.925993  0.682621  0.807587  0.917115  0.241609  0.941578  0.457425  0.562556  0.468651  0.301226  0.962122  0.761115  0.673814  0.449304  0.600115  0.839754  0.84802  0.571268  0.0410953  0.572542  0.136966  0.988894  0.925993  0.682621  0.807587  0.917115  0.241609  0.941578  0.457425  0.562556  0.468651  0.301226  0.962122  0.761115  0.673814  0.449304  0.600115  0.839754  0.84802  0.571268  0.0410953  0.572542  
0.706399  0.467629  0.537353  0.698789  0.384638  0.258733  0.789877  0.327567  0.760168  0.626997  0.353256  0.324427  0.823905  0.726593  0.190861  0.563614  0.818324  0.120602  0.785434  0.569825  0.240202  0.466049  0.706399  0.467629  0.537353  0.698789  0.384638  0.258733  0.789877  0.327567  0.760168  0.626997  0.353256  0.324427  0.823905  0.726593  0.190861  0.563614  0.818324  0.120602  0.785434  0.569825  0.240202  0.466049  
0.891999  0.10696  0.316892  0.257185  0.180249  0.149961  0.202914  0.223242  0.0742645  0.437303  0.349911  0.143343  0.0663402  0.698711  0.493872  0.177604  0.0914731  0.0246051  0.158806  0.781214  0.0821403  0.452329  0.891999  0.10696  0.316892  0.257185  0.180249  0.149961  0.202914  0.223242  0.0742645  0.437303  0.349911  0.143343  0.0663402  0.698711  0.493872  0.177604  0.0914731  0.0246051  0.158806  0.781214  0.0821403  0.452329  
0.0436297  0.477786  0.446614  0.196014  0.14613  0.658073  0.043724  0.630062  0.274666  0.649541  0.96094  0.280298  0.866091  0.372941  0.62384  0.535969  0.470176  0.236845  0.485893  0.87988  0.231724  0.302047  0.0436297  0.477786  0.446614  0.196014  0.14613  0.658073  0.043724  0.630062  0.274666  0.649541  0.96094  0.280298  0.866091  0.372941  0.62384  0.535969  0.470176  0.236845  0.485893  0.87988  0.231724  0.302047  
0.861025  0.170748  0.807672  0.450214  0.034882  0.751238  0.68781  0.893269  0.080919  0.4184  0.204626  0.831424  0.901844  0.236024  0.365329  0.784146  0.835443  0.787731  0.977202  0.782523  0.531848  0.956592  0.861025  0.170748  0.807672  0.450214  0.034882  0.751238  0.68781  0.893269  0.080919  0.4184  0.204626  0.831424  0.901844  0.236024  0.365329  0.784146  0.835443  0.787731  0.977202  0.782523  0.531848  0.956592  
0.562882  0.155943  0.278927  0.953096  0.992853  0.814662  0.678718  0.218655  0.19949  0.835164  0.88707  0.906755  0.904189  0.639829  0.430653  0.637557  0.793002  0.408827  0.496776  0.210976  0.378466  0.854093  0.562882  0.155943  0.278927  0.953096  0.992853  0.814662  0.678718  0.218655  0.19949  0.835164  0.88707  0.906755  0.904189  0.639829  0.430653  0.637557  0.793002  0.408827  0.496776  0.210976  0.378466  0.854093  
0.288365  0.525064  0.911553  0.315591  0.812834  0.373294  0.739876  0.991577  0.258106  0.247775  0.399804  0.803818  0.0436574  0.179328  0.384166  0.311908  0.224168  0.107203  0.60826  0.66835  0.739477  0.320578  0.288365  0.525064  0.911553  0.315591  0.812834  0.373294  0.739876  0.991577  0.258106  0.247775  0.399804  0.803818  0.0436574  0.179328  0.384166  0.311908  0.224168  0.107203  0.60826  0.66835  0.739477  0.320578  
0.538643  0.182657  0.768016  0.781925  0.564295  0.0591991  0.532337  0.270004  0.549629  0.0512023  0.865351  0.235937  0.750667  0.204687  0.503542  0.419617  0.345628  0.549026  0.357145  0.906021  0.334538  0.0385167  0.538643  0.182657  0.768016  0.781925  0.564295  0.0591991  0.532337  0.270004  0.549629  0.0512023  0.865351  0.235937  0.750667  0.204687  0.503542  0.419617  0.345628  0.549026  0.357145  0.906021  0.334538  0.0385167  
0.24148  0.0595547  0.71496  0.558735  0.773811  0.14264  0.723461  0.136436  0.938496  0.309518  0.781685  0.206759  0.737249  0.633119  0.0500571  0.234822  0.605703  0.0562409  0.110608  0.122185  0.864979  0.773716  0.24148  0.0595547  0.71496  0.558735  0.773811  0.14264  0.723461  0.136436  0.938496  0.309518  0.781685  0.206759  0.737249  0.633119  0.0500571  0.234822  0.605703  0.0562409  0.110608  0.122185  0.864979  0.773716  
0.875798  0.6708  0.765452  0.590997  0.163189  0.626561  0.12767  0.565953  0.838229  0.0340106  0.482581  0.736541  0.283758  0.421545  0.997302  0.855176  0.104236  0.726406  0.751779  0.646021  0.982914  0.381463  0.875798  0.6708  0.765452  0.590997  0.163189  0.626561  0.12767  0.565953  0.838229  0.0340106  0.482581  0.736541  0.283758  0.421545  0.997302  0.855176  0.104236  0.726406  0.751779  0.646021  0.982914  0.381463  
0.37772  0.127489  0.948436  0.634509  0.615649  0.246706  0.975152  0.946957  0.687991  0.196329  0.849175  0.791238  0.707045  0.832381  0.656025  0.149799  0.0897951  0.88538  0.439421  0.348296  0.527946  0.30525  0.37772  0.127489  0.948436  0.634509  0.615649  0.246706  0.975152  0.946957  0.687991  0.196329  0.849175  0.791238  0.707045  0.832381  0.656025  0.149799  0.0897951  0.88538  0.439421  0.348296  0.527946  0.30525  
0.74493  0.961451  0.562868  0.782781  0.937926  0.313247  0.228035  0.92988  0.169428  0.258506  0.721626  0.224888  0.285258  0.911552  0.209808  0.437579  0.74255  0.632713  0.433844  0.144895  0.942174  0.441483  0.74493  0.961451  0.562868  0.782781  0.937926  0.313247  0.228035  0.92988  0.169428  0.258506  0.721626  0.224888  0.285258  0.911552  0.209808  0.437579  0.74255  0.632713  0.433844  0.144895  0.942174  0.441483  
0.788029  0.996602  0.340985  0.890218  0.748891  0.988046  0.278159  0.403887  0.895686  0.122803  0.962923  0.19829  0.608343  0.283788  0.0906045  0.357914  0.564523  0.685881  0.182431  0.0366799  0.756386  0.728416  0.788029  0.996602  0.340985  0.890218  0.748891  0.988046  0.278159  0.403887  0.895686  0.122803  0.962923  0.19829  0.608343  0.283788  0.0906045  0.357914  0.564523  0.685881  0.182431  0.0366799  0.756386  0.728416  
0.0687436  0.96127  0.224302  0.496962  0.490016  0.920725  0.782238  0.167513  0.308341  0.607113  0.66455  0.212281  0.053524  0.29939  0.633718  0.703928  0.285565  0.181511  0.578121  0.723228  0.422721  0.621674  0.0687436  0.96127  0.224302  0.496962  0.490016  0.920725  0.782238  0.167513  0.308341  0.607113  0.66455  0.212281  0.053524  0.29939  0.633718  0.703928  0.285565  0.181511  0.578121  0.723228  0.422721  0.621674  
0.29434  0.170605  0.489022  0.79778  0.727561  0.837787  0.962255  0.394525  0.976339  0.846556  0.662577  0.110541  0.114883  0.181496  0.720739  0.0906829  0.84726  0.586828  0.00774391  0.0411324  0.62471  0.614765  0.29434  0.170605  0.489022  0.79778  0.727561  0.837787  0.962255  0.394525  0.976339  0.846556  0.662577  0.110541  0.114883  0.181496  0.720739  0.0906829  0.84726  0.586828  0.00774391  0.0411324  0.62471  0.614765  
0.971175  0.406711  0.43731  0.299279  0.176287  0.136513  0.3711  0.574931  0.410256  0.396782  0.637174  0.777816  0.406631  0.849022  0.278582  0.947907  0.0378745  0.457544  0.718593  0.259641  0.491769  0.908067  0.971175  0.406711  0.43731  0.299279  0.176287  0.136513  0.3711  0.574931  0.410256  0.396782  0.637174  0.777816  0.406631  0.849022  0.278582  0.947907  0.0378745  0.457544  0.718593  0.259641  0.491769  0.908067  
0.343083  0.685235  0.773608  0.0643077  0.0305895  0.632094  0.052577  0.596173  0.132539  0.277448  0.992177  0.382209  0.620387  0.589781  0.12389  0.162425  0.136993  0.16472  0.284293  0.398497  0.465219  0.543998  0.343083  0.685235  0.773608  0.0643077  0.0305895  0.632094  0.052577  0.596173  0.132539  0.277448  0.992177  0.382209  0.620387  0.589781  0.12389  0.162425  0.136993  0.16472  0.284293  0.398497  0.465219  0.543998  
0.679501  0.688302  0.81  0.507455  0.350894  0.221937  0.68557  0.574385  0.687366  0.683313  0.789759  0.367648  0.629461  0.307513  0.779345  0.211108  0.979826  0.289582  0.920561  0.592932  0.8114  0.940871  0.679501  0.688302  0.81  0.507455  0.350894  0.221937  0.68557  0.574385  0.687366  0.683313  0.789759  0.367648  0.629461  0.307513  0.779345  0.211108  0.979826  0.289582  0.920561  0.592932  0.8114  0.940871  
0.859401  0.708949  9.11023e-17  1.31482e-17  8.45905e-18  6.29619e-18  4.24056e-17  8.0689e-17  7.10685e-17  1.12791e-16  7.12649e-18  7.15907e-18  6.71673e-18  6.9893e-18  7.18218e-17  1.46746e-18  1.99013e-17  3.99219e-17  6.52575e-17  4.37781e-17  9.536e-17  2.82027e-17  0.859401  0.708949  9.11023e-17  1.31482e-17  8.45905e-18  6.29619e-18  4.24056e-17  8.0689e-17  7.10685e-17  1.12791e-16  7.12649e-18  7.15907e-18  6.71673e-18  6.9893e-18  7.18218e-17  1.46746e-18  1.99013e-17  3.99219e-17  6.52575e-17  4.37781e-17  9.536e-17  2.82027e-17  
0.708949  0.859401  4.17568e-17  3.9869e-17  1.36613e-17  1.33872e-17  1.01799e-17  3.54414e-17  4.0233e-17  1.09274e-16  3.05721e-17  3.53784e-17  6.66427e-17  3.58108e-17  1.11597e-16  6.70654e-17  7.64382e-18  6.02681e-17  4.81281e-17  8.28328e-17  5.48054e-17  1.14734e-17  0.708949  0.859401  4.17568e-17  3.9869e-17  1.36613e-17  1.33872e-17  1.01799e-17  3.54414e-17  4.0233e-17  1.09274e-16  3.05721e-17  3.53784e-17  6.66427e-17  3.58108e-17  1.11597e-16  6.70654e-17  7.64382e-18  6.02681e-17  4.81281e-17  8.28328e-17  5.48054e-17  1.14734e-17  
0.000338343  0.000317746  5.02763e-17  2.09982e-17  2.15021e-17  7.48867e-18  4.05886e-17  7.74886e-18  2.13116e-17  2.69735e-17  1.54242e-17  7.72748e-17  1.86635e-17  9.13133e-17  1.69885e-17  8.88836e-18  8.31421e-17  2.47068e-17  1.01473e-16  2.48302e-17  1.61622e-17  4.42558e-17  0.000338343  0.000317746  5.02763e-17  2.09982e-17  2.15021e-17  7.48867e-18  4.05886e-17  7.74886e-18  2.13116e-17  2.69735e-17  1.54242e-17  7.72748e-17  1.86635e-17  9.13133e-17  1.69885e-17  8.88836e-18  8.31421e-17  2.47068e-17  1.01473e-16  2.48302e-17  1.61622e-17  4.42558e-17  
0.859401  0.708949  1.769e-18  1.16921e-17  8.45905e-18  6.29619e-18  4.24056e-17  5.22675e-17  2.3816e-17  1.03536e-17  1.8152e-17  2.82189e-18  3.64187e-18  6.9893e-18  1.25948e-16  2.06051e-17  7.15591e-18  0  6.52575e-17  4.37781e-17  5.22234e-17  2.67588e-17  0.859401  0.708949  1.769e-18  1.16921e-17  8.45905e-18  6.29619e-18  4.24056e-17  5.22675e-17  2.3816e-17  1.03536e-17  1.8152e-17  2.82189e-18  3.64187e-18  6.9893e-18  1.25948e-16  2.06051e-17  7.15591e-18  0  6.52575e-17  4.37781e-17  5.22234e-17  2.67588e-17  
0.859401  0.774811  4.60531e-17  1.12537e-17  9.65085e-19  3.78745e-18  1.69572e-17  5.59192e-17  1.35856e-17  9.30142e-17  3.08292e-17  1.06158e-17  6.21141e-17  2.65128e-17  8.47636e-17  5.61995e-18  2.06744e-17  1.10072e-17  1.93383e-17  1.056e-16  6.80585e-17  5.91808e-17  0.859401  0.774811  4.60531e-17  1.12537e-17  9.65085e-19  3.78745e-18  1.69572e-17  5.59192e-17  1.35856e-17  9.30142e-17  3.08292e-17  1.06158e-17  6.21141e-17  2.65128e-17  8.47636e-17  5.61995e-18  2.06744e-17  1.10072e-17  1.93383e-17  1.056e-16  6.80585e-17  5.91808e-17  
0.859401  0.251412  4.99949e-17  2.23558e-17  3.84489e-17  1.01126e-17  1.37939e-17  6.4081e-17  4.03017e-19  1.29789e-17  1.31174e-17  1.35592e-17  2.30297e-17  4.5525e-17  5.21203e-17  1.26448e-17  5.64981e-18  5.13348e-17  6.18738e-19  5.89362e-17  2.41534e-17  6.59123e-18  0.859401  0.251412  4.99949e-17  2.23558e-17  3.84489e-17  1.01126e-17  1.37939e-17  6.4081e-17  4.03017e-19  1.29789e-17  1.31174e-17  1.35592e-17  2.30297e-17  4.5525e-17  5.21203e-17  1.26448e-17  5.64981e-18  5.13348e-17  6.18738e-19  5.89362e-17  2.41534e-17  6.59123e-18  
0.859401  0.80416  5.39856e-17  4.86122e-17  6.46836e-17  3.26749e-17  2.41792e-17  2.63933e-18  8.67701e-18  6.47251e-17  3.31815e-17  5.88099e-17  6.19613e-17  3.4806e-17  9.86761e-17  1.02935e-16  4.76643e-18  1.38996e-17  2.10717e-17  6.79586e-17  5.51942e-17  3.09238e-18  0.859401  0.80416  5.39856e-17  4.86122e-17  6.46836e-17  3.26749e-17  2.41792e-17  2.63933e-18  8.67701e-18  6.47251e-17  3.31815e-17  5.88099e-17  6.19613e-17  3.4806e-17  9.86761e-17  1.02935e-16  4.76643e-18  1.38996e-17  2.10717e-17  6.79586e-17  5.51942e-17  3.09238e-18  
0.859401  0.657088  2.39529e-17  4.34342e-17  4.07788e-17  4.15073e-18  6.09414e-17  6.11904e-20  2.04936e-17  1.18493e-17  1.93538e-17  2.85573e-17  6.06723e-18  6.36318e-17  1.81611e-17  2.52602e-17  7.68709e-18  2.87537e-17  1.07633e-16  3.16423e-17  1.10989e-16  3.39912e-17  0.859401  0.657088  2.39529e-17  4.34342e-17  4.07788e-17  4.15073e-18  6.09414e-17  6.11904e-20  2.04936e-17  1.18493e-17  1.93538e-17  2.85573e-17  6.06723e-18  6.36318e-17  1.81611e-17  2.52602e-17  7.68709e-18  2.87537e-17  1.07633e-16  3.16423e-17  1.10989e-16  3.39912e-17  
0.859401  0.744947  3.45245e-17  1.6868e-19  5.38953e-17  3.87306e-17  4.14707e-17  1.72855e-17  2.1034e-17  5.77557e-20  0  1.3745e-17  2.23858e-19  7.49721e-17  1.84083e-16  6.73778e-17  1.83341e-19  5.51892e-17  1.04522e-16  5.00532e-17  4.27655e-18  4.51182e-17  0.859401  0.744947  3.45245e-17  1.6868e-19  5.38953e-17  3.87306e-17  4.14707e-17  1.72855e-17  2.1034e-17  5.77557e-20  0  1.3745e-17  2.23858e-19  7.49721e-17  1.84083e-16  6.73778e-17  1.83341e-19  5.51892e-17  1.04522e-16  5.00532e-17  4.27655e-18  4.51182e-17  
0.859401  0.188554  1.51366e-17  4.40891e-18  8.86373e-17  1.53687e-17  2.23283e-17  2.26516e-17  4.57437e-17  1.17759e-17  1.77358e-17  6.31995e-18  2.94734e-17  2.12699e-17  2.18145e-17  5.04651e-17  3.57592e-17  1.98141e-17  6.41054e-17  2.04531e-17  6.25923e-18  3.55128e-17  0.859401  0.188554  1.51366e-17  4.40891e-18  8.86373e-17  1.53687e-17  2.23283e-17  2.26516e-17  4.57437e-17  1.17759e-17  1.77358e-17  6.31995e-18  2.94734e-17  2.12699e-17  2.18145e-17  5.04651e-17  3.57592e-17  1.98141e-17  6.41054e-17  2.04531e-17  6.25923e-18  3.55128e-17  
0.859401  0.821614  1.8414e-17  3.83255e-17  1.88719e-17  3.82247e-17  2.25664e-17  4.35265e-17  6.54389e-17  1.95162e-17  8.31701e-17  1.11587e-17  4.05533e-17  2.7907e-17  3.60958e-18  4.87898e-17  6.09915e-17  1.02263e-17  3.10358e-17  3.52984e-17  4.2095e-17  6.97158e-17  0.859401  0.821614  1.8414e-17  3.83255e-17  1.88719e-17  3.82247e-17  2.25664e-17  4.35265e-17  6.54389e-17  1.95162e-17  8.31701e-17  1.11587e-17  4.05533e-17  2.7907e-17  3.60958e-18  4.87898e-17  6.09915e-17  1.02263e-17  3.10358e-17  3.52984e-17  4.2095e-17  6.97158e-17  
0.859401  0.686079  6.46376e-17  4.76122e-17  1.98543e-17  2.01047e-17  7.33816e-17  1.53705e-17  1.61361e-16  4.83142e-17  1.77676e-17  9.29685e-17  3.83874e-17  3.4496e-17  8.84596e-18  8.51843e-17  2.03231e-17  1.36724e-17  1.01928e-16  8.32814e-18  5.18026e-19  1.83445e-17  0.859401  0.686079  6.46376e-17  4.76122e-17  1.98543e-17  2.01047e-17  7.33816e-17  1.53705e-17  1.61361e-16  4.83142e-17  1.77676e-17  9.29685e-17  3.83874e-17  3.4496e-17  8.84596e-18  8.51843e-17  2.03231e-17  1.36724e-17  1.01928e-16  8.32814e-18  5.18026e-19  1.83445e-17  
0.859401  0.760288  5.00583e-17  4.30096e-18  5.83397e-17  2.07719e-17  4.08885e-17  1.31222e-16  8.02546e-20  2.23953e-17  2.78041e-17  7.00748e-17  2.99368e-17  1.5475e-17  7.70521e-17  4.55826e-17  4.8844e-17  2.06865e-17  4.44966e-17  1.00982e-18  1.15181e-16  3.385e-17  0.859401  0.760288  5.00583e-17  4.30096e-18  5.83397e-17  2.07719e-17  4.08885e-17  1.31222e-16  8.02546e-20  2.23953e-17  2.78041e-17  7.00748e-17  2.99368e-17  1.5475e-17  7.70521e-17  4.55826e-17  4.8844e-17  2.06865e-17  4.44966e-17  1.00982e-18  1.15181e-16  3.385e-17  
0.859401  0.251412  4.65327e-17  1.27226e-17  3.38945e-17  1.94801e-17  1.04896e-17  5.06027e-17  4.99899e-19  3.98195e-17  2.77671e-17  6.97785e-17  2.30297e-17  1.76122e-17  1.08032e-17  3.39945e-17  1.34102e-17  2.38004e-17  2.07276e-17  8.35241e-17  1.54053e-16  6.63596e-18  0.859401  0.251412  4.65327e-17  1.27226e-17  3.38945e-17  1.94801e-17  1.04896e-17  5.06027e-17  4.99899e-19  3.98195e-17  2.77671e-17  6.97785e-17  2.30297e-17  1.76122e-17  1.08032e-17  3.39945e-17  1.34102e-17  2.38004e-17  2.07276e-17  8.35241e-17  1.54053e-16  6.63596e-18  
0.859401  0.789154  9.49535e-19  9.58772e-18  4.08204e-17  1.06432e-17  9.33209e-18  1.26897e-18  6.0339e-19  5.42006e-17  3.18029e-17  2.94341e-17  1.41747e-18  9.33383e-17  5.61149e-17  2.16489e-18  1.03292e-17  4.71796e-17  4.64912e-18  3.48222e-17  8.56675e-17  4.12374e-17  0.859401  0.789154  9.49535e-19  9.58772e-18  4.08204e-17  1.06432e-17  9.33209e-18  1.26897e-18  6.0339e-19  5.42006e-17  3.18029e-17  2.94341e-17  1.41747e-18  9.33383e-17  5.61149e-17  2.16489e-18  1.03292e-17  4.71796e-17  4.64912e-18  3.48222e-17  8.56675e-17  4.12374e-17  
0.859401  0.251412  1.75092e-17  9.51807e-18  5.55662e-18  1.01126e-17  4.68465e-17  7.68002e-17  4.52617e-17  1.29789e-17  5.8122e-18  1.91505e-17  1.52536e-17  8.2589e-17  5.05897e-17  3.66783e-17  4.02482e-17  2.33409e-17  7.43817e-17  7.6463e-17  4.05742e-18  2.38475e-17  0.859401  0.251412  1.75092e-17  9.51807e-18  5.55662e-18  1.01126e-17  4.68465e-17  7.68002e-17  4.52617e-17  1.29789e-17  5.8122e-18  1.91505e-17  1.52536e-17  8.2589e-17  5.05897e-17  3.66783e-17  4.02482e-17  2.33409e-17  7.43817e-17  7.6463e-17  4.05742e-18  2.38475e-17  
0.859401  0.728123  2.15261e-17  3.8938e-17  1.21983e-16  1.21023e-17  7.60218e-19  7.81582e-17  3.9866e-17  2.38835e-17  3.19785e-18  2.55427e-17  1.97445e-17  1.91689e-17  4.40953e-17  2.60022e-17  2.91186e-17  4.93346e-17  1.16447e-17  1.92087e-17  6.6335e-17  1.25433e-17  0.859401  0.728123  2.15261e-17  3.8938e-17  1.21983e-16  1.21023e-17  7.60218e-19  7.81582e-17  3.9866e-17  2.38835e-17  3.19785e-18  2.55427e-17  1.97445e-17  1.91689e-17  4.40953e-17  2.60022e-17  2.91186e-17  4.93346e-17  1.16447e-17  1.92087e-17  6.6335e-17  1.25433e-17  
0.859401  0.100696  9.40739e-18  5.78016e-18  3.93421e-17  5.34023e-17  7.8379e-18  2.95725e-17  9.73108e-17  5.19876e-17  1.55511e-18  1.31322e-17  7.41187e-17  8.76451e-17  1.23246e-17  8.31985e-18  3.84566e-17  3.14443e-17  3.26128e-17  3.82228e-17  8.05646e-17  8.60545e-18  0.859401  0.100696  9.40739e-18  5.78016e-18  3.93421e-17  5.34023e-17  7.8379e-18  2.95725e-17  9.73108e-17  5.19876e-17  1.55511e-18  1.31322e-17  7.41187e-17  8.76451e-17  1.23246e-17  8.31985e-18  3.84566e-17  3.14443e-17  3.26128e-17  3.82228e-17  8.05646e-17  8.60545e-18  
0.859401  0.833063  4.12036e-18  3.43071e-17  4.34909e-17  1.09384e-16  1.21406e-17  3.97996e-17  2.34614e-17  3.36987e-17  2.06143e-17  6.83859e-17  2.43416e-17  3.2366e-17  1.24189e-16  2.41955e-17  1.85087e-17  5.90093e-17  9.87672e-18  1.46962e-17  5.75545e-17  1.44141e-17  0.859401  0.833063  4.12036e-18  3.43071e-17  4.34909e-17  1.09384e-16  1.21406e-17  3.97996e-17  2.34614e-17  3.36987e-17  2.06143e-17  6.83859e-17  2.43416e-17  3.2366e-17  1.24189e-16  2.41955e-17  1.85087e-17  5.90093e-17  9.87672e-18  1.46962e-17  5.75545e-17  1.44141e-17  
0.859401  0.69809  1.90993e-18  3.93098e-17  5.35372e-17  9.9762e-17  8.42507e-18  6.06709e-17  2.01296e-17  5.94479e-17  2.28274e-17  9.2757e-17  2.53739e-17  9.06741e-18  8.23589e-17  2.2689e-17  2.2106e-18  0  2.34368e-17  3.30745e-18  2.80101e-17  1.21717e-17  0.859401  0.69809  1.90993e-18  3.93098e-17  5.35372e-17  9.9762e-17  8.42507e-18  6.06709e-17  2.01296e-17  5.94479e-17  2.28274e-17  9.2757e-17  2.53739e-17  9.06741e-18  8.23589e-17  2.2689e-17  2.2106e-18  0  2.34368e-17  3.30745e-18  2.80101e-17  1.21717e-17  
0.859401  0.767613  9.5359e-18  1.37582e-17  6.87946e-17  4.61883e-17  3.34788e-17  1.86507e-18  1.33391e-17  2.15224e-17  3.20541e-17  2.48317e-17  5.34306e-18  6.91452e-17  7.24328e-17  9.70744e-18  1.23052e-17  6.96036e-17  6.80578e-17  3.0336e-17  1.03808e-17  2.11247e-17  0.859401  0.767613  9.5359e-18  1.37582e-17  6.87946e-17  4.61883e-17  3.34788e-17  1.86507e-18  1.33391e-17  2.15224e-17  3.20541e-17  2.48317e-17  5.34306e-18  6.91452e-17  7.24328e-17  9.70744e-18  1.23052e-17  6.96036e-17  6.80578e-17  3.0336e-17  1.03808e-17  2.11247e-17  
0.859401  0.251412  3.75236e-17  4.66334e-17  4.08844e-17  2.79777e-17  1.88813e-17  4.57887e-19  1.35008e-18  7.14896e-17  2.77671e-17  5.44031e-17  2.26171e-17  3.19968e-17  1.08032e-17  7.97083e-17  2.30183e-18  7.14998e-17  4.18221e-17  4.1123e-17  3.16635e-17  7.73125e-19  0.859401  0.251412  3.75236e-17  4.66334e-17  4.08844e-17  2.79777e-17  1.88813e-17  4.57887e-19  1.35008e-18  7.14896e-17  2.77671e-17  5.44031e-17  2.26171e-17  3.19968e-17  1.08032e-17  7.97083e-17  2.30183e-18  7.14998e-17  4.18221e-17  4.1123e-17  3.16635e-17  7.73125e-19  
0.859401  0.796502  3.37682e-19  3.72256e-17  5.65924e-17  1.8598e-17  2.42999e-17  5.44259e-17  2.65736e-17  2.11421e-20  1.45152e-17  1.64077e-17  2.88043e-17  3.33515e-17  2.79401e-17  2.51324e-17  3.45214e-17  4.73769e-17  7.01501e-17  4.05219e-17  5.18061e-17  2.88221e-18  0.859401  0.796502  3.37682e-19  3.72256e-17  5.65924e-17  1.8598e-17  2.42999e-17  5.44259e-17  2.65736e-17  2.11421e-20  1.45152e-17  1.64077e-17  2.88043e-17  3.33515e-17  2.79401e-17  2.51324e-17  3.45214e-17  4.73769e-17  7.01501e-17  4.05219e-17  5.18061e-17  2.88221e-18  
0.859401  0.638861  2.67666e-17  4.79867e-17  1.97113e-17  9.78648e-17  3.07697e-17  8.1318e-17  4.47484e-17  7.61505e-17  1.58945e-17  2.30834e-17  3.23473e-19  6.1578e-17  5.81355e-17  6.92268e-17  3.37528e-17  7.57116e-18  2.60459e-18  9.51416e-17  3.75547e-17  1.11081e-17  0.859401  0.638861  2.67666e-17  4.79867e-17  1.97113e-17  9.78648e-17  3.07697e-17  8.1318e-17  4.47484e-17  7.61505e-17  1.58945e-17  2.30834e-17  3.23473e-19  6.1578e-17  5.81355e-17  6.92268e-17  3.37528e-17  7.57116e-18  2.60459e-18  9.51416e-17  3.75547e-17  1.11081e-17  
0.859401  0.736768  9.46519e-18  5.98083e-18  6.21759e-17  9.65387e-18  8.53355e-18  9.21855e-17  8.12257e-18  4.54211e-17  4.86675e-18  2.62168e-17  4.56949e-18  1.24332e-16  7.60909e-17  1.04791e-17  1.07642e-17  5.44765e-17  9.18652e-18  7.75828e-17  1.86198e-17  1.96064e-17  0.859401  0.736768  9.46519e-18  5.98083e-18  6.21759e-17  9.65387e-18  8.53355e-18  9.21855e-17  8.12257e-18  4.54211e-17  4.86675e-18  2.62168e-17  4.56949e-18  1.24332e-16  7.60909e-17  1.04791e-17  1.07642e-17  5.44765e-17  9.18652e-18  7.75828e-17  1.86198e-17  1.96064e-17  
0.859401  0.145364  7.74787e-17  2.76823e-17  1.51174e-16  2.28398e-17  4.40408e-17  3.44197e-17  1.61311e-17  2.63381e-17  4.29596e-18  8.63831e-17  1.16272e-17  5.6136e-18  2.67745e-17  5.77695e-17  4.14535e-17  1.90846e-17  4.64041e-17  6.66144e-18  9.6455e-18  7.79197e-18  0.859401  0.145364  7.74787e-17  2.76823e-17  1.51174e-16  2.28398e-17  4.40408e-17  3.44197e-17  1.61311e-17  2.63381e-17  4.29596e-18  8.63831e-17  1.16272e-17  5.6136e-18  2.67745e-17  5.77695e-17  4.14535e-17  1.90846e-17  4.64041e-17  6.66144e-18  9.6455e-18  7.79197e-18  
0.859401  0.812376  4.1572e-17  1.08307e-16  1.33562e-16  1.42707e-17  2.3941e-17  4.80154e-17  6.64723e-17  2.06741e-17  8.03188e-17  5.25028e-17  5.11703e-17  7.40049e-17  5.55386e-17  8.56521e-17  2.64098e-17  1.97257e-17  1.05187e-16  3.31312e-17  6.8724e-17  3.61659e-17  0.859401  0.812376  4.1572e-17  1.08307e-16  1.33562e-16  1.42707e-17  2.3941e-17  4.80154e-17  6.64723e-17  2.06741e-17  8.03188e-17  5.25028e-17  5.11703e-17  7.40049e-17  5.55386e-17  8.56521e-17  2.64098e-17  1.97257e-17  1.05187e-16  3.31312e-17  6.8724e-17  3.61659e-17  
0.859401  0.672574  1.87585e-17  7.90778e-18  5.08449e-17  4.22063e-17  1.70739e-17  1.14466e-17  5.67183e-17  1.84033e-17  3.69632e-17  2.88602e-17  5.11443e-18  2.93716e-17  1.61681e-16  6.03822e-17  1.68998e-17  3.86078e-17  6.14713e-17  4.05018e-17  2.56954e-17  5.39326e-17  0.859401  0.672574  1.87585e-17  7.90778e-18  5.08449e-17  4.22063e-17  1.70739e-17  1.14466e-17  5.67183e-17  1.84033e-17  3.69632e-17  2.88602e-17  5.11443e-18  2.93716e-17  1.61681e-16  6.03822e-17  1.68998e-17  3.86078e-17  6.14713e-17  4.05018e-17  2.56954e-17  5.39326e-17  
0.859401  0.752758  4.85598e-17  2.63259e-18  9.67399e-17  2.01204e-17  5.30649e-17  8.70976e-17  3.10395e-17  9.66489e-17  2.7818e-17  6.86825e-17  6.44639e-17  8.14809e-17  4.45544e-17  1.93748e-17  3.60789e-17  3.57931e-17  5.85719e-17  2.27337e-17  1.52879e-19  2.45316e-17  0.859401  0.752758  4.85598e-17  2.63259e-18  9.67399e-17  2.01204e-17  5.30649e-17  8.70976e-17  3.10395e-17  9.66489e-17  2.7818e-17  6.86825e-17  6.44639e-17  8.14809e-17  4.45544e-17  1.93748e-17  3.60789e-17  3.57931e-17  5.85719e-17  2.27337e-17  1.52879e-19  2.45316e-17  
0.859401  0.235183  3.61349e-17  2.64388e-17  0  1.19961e-17  2.10375e-17  1.68988e-17  4.99032e-17  2.42411e-17  4.01046e-17  2.34575e-17  2.64277e-17  4.56815e-17  4.98061e-17  1.25448e-17  1.59387e-17  2.89189e-17  3.62942e-17  5.73388e-17  3.58115e-17  4.09253e-17  0.859401  0.235183  3.61349e-17  2.64388e-17  0  1.19961e-17  2.10375e-17  1.68988e-17  4.99032e-17  2.42411e-17  4.01046e-17  2.34575e-17  2.64277e-17  4.56815e-17  4.98061e-17  1.25448e-17  1.59387e-17  2.89189e-17  3.62942e-17  5.73388e-17  3.58115e-17  4.09253e-17  
0.859401  0.781961  3.57812e-17  4.7154e-17  3.68407e-17  2.0885e-17  5.53155e-18  1.24149e-17  1.22055e-17  1.0376e-16  1.93001e-17  2.36799e-17  1.95446e-17  6.67806e-17  3.17237e-17  5.27816e-17  7.11938e-18  1.10102e-16  6.28472e-17  5.46145e-17  1.06349e-17  6.92791e-18  0.859401  0.781961  3.57812e-17  4.7154e-17  3.68407e-17  2.0885e-17  5.53155e-18  1.24149e-17  1.22055e-17  1.0376e-16  1.93001e-17  2.36799e-17  1.95446e-17  6.67806e-17  3.17237e-17  5.27816e-17  7.11938e-18  1.10102e-16  6.28472e-17  5.46145e-17  1.06349e-17  6.92791e-18  
0.859401  0.251412  2.72231e-17  4.66334e-17  2.94536e-17  2.37785e-17  1.88813e-17  4.57887e-19  1.35008e-18  8.5658e-17  1.79825e-17  4.90651e-17  1.09547e-17  2.79489e-17  6.08186e-17  7.34132e-17  4.30618e-18  7.14998e-17  4.18221e-17  5.83115e-17  4.86766e-17  2.96448e-19  0.859401  0.251412  2.72231e-17  4.66334e-17  2.94536e-17  2.37785e-17  1.88813e-17  4.57887e-19  1.35008e-18  8.5658e-17  1.79825e-17  4.90651e-17  1.09547e-17  2.79489e-17  6.08186e-17  7.34132e-17  4.30618e-18  7.14998e-17  4.18221e-17  5.83115e-17  4.86766e-17  2.96448e-19  
0.859401  0.718899  5.25749e-17  2.17149e-17  6.84582e-17  2.93543e-17  4.13058e-17  1.27351e-16  4.91711e-18  4.57983e-17  3.53561e-17  8.1732e-17  3.85974e-17  1.92766e-17  4.06983e-17  5.73021e-17  4.31642e-17  5.82796e-17  7.2368e-17  4.92671e-18  9.07814e-17  1.80299e-17  0.859401  0.718899  5.25749e-17  2.17149e-17  6.84582e-17  2.93543e-17  4.13058e-17  1.27351e-16  4.91711e-18  4.57983e-17  3.53561e-17  8.1732e-17  3.85974e-17  1.92766e-17  4.06983e-17  5.73021e-17  4.31642e-17  5.82796e-17  7.2368e-17  4.92671e-18  9.07814e-17  1.80299e-17  
0.859401  0.0521373  3.76025e-17  2.2755e-17  8.40629e-17  5.39336e-18  2.98887e-17  1.16844e-17  5.1778e-18  2.99169e-17  2.41962e-17  3.66646e-17  1.92347e-17  2.61188e-17  1.03876e-17  2.76378e-17  2.68405e-17  5.21592e-17  2.06348e-18  7.62415e-18  9.14007e-17  1.78372e-17  0.859401  0.0521373  3.76025e-17  2.2755e-17  8.40629e-17  5.39336e-18  2.98887e-17  1.16844e-17  5.1778e-18  2.99169e-17  2.41962e-17  3.66646e-17  1.92347e-17  2.61188e-17  1.03876e-17  2.76378e-17  2.68405e-17  5.21592e-17  2.06348e-18  7.62415e-18  9.14007e-17  1.78372e-17  
0.838276  0.859401  4.59534e-17  8.64078e-19  1.99578e-18  1.31516e-17  5.64041e-18  5.25043e-17  3.0461e-18  9.26482e-17  2.2977e-17  2.74242e-17  1.0759e-17  4.41018e-17  7.87238e-17  6.50111e-17  1.36291e-17  4.9463e-17  2.49881e-17  6.48212e-17  5.01483e-17  3.76186e-17  0.838276  0.859401  4.59534e-17  8.64078e-19  1.99578e-18  1.31516e-17  5.64041e-18  5.25043e-17  3.0461e-18  9.26482e-17  2.2977e-17  2.74242e-17  1.0759e-17  4.41018e-17  7.87238e-17  6.50111e-17  1.36291e-17  4.9463e-17  2.49881e-17  6.48212e-17  5.01483e-17  3.76186e-17  
0.859401  0.703647  6.40169e-17  5.15478e-17  3.986e-17  2.07155e-17  3.56714e-17  9.11716e-18  4.45944e-17  5.51215e-19  1.37873e-17  5.79713e-17  2.1784e-18  6.6496e-17  0  8.10905e-17  6.96566e-17  4.00487e-18  8.95884e-17  3.82766e-17  9.46369e-18  3.95482e-17  0.859401  0.703647  6.40169e-17  5.15478e-17  3.986e-17  2.07155e-17  3.56714e-17  9.11716e-18  4.45944e-17  5.51215e-19  1.37873e-17  5.79713e-17  2.1784e-18  6.6496e-17  0  8.10905e-17  6.96566e-17  4.00487e-18  8.95884e-17  3.82766e-17  9.46369e-18  3.95482e-17  
0.780546  0.816902  4.23544e-17  6.82552e-17  1.09921e-16  6.37468e-17  2.6689e-17  7.08656e-17  7.26047e-17  3.84943e-18  1.05353e-17  1.93698e-17  1.20289e-18  9.32623e-18  2.27124e-17  5.75158e-17  1.3947e-17  1.2705e-17  3.12023e-17  5.37823e-17  1.1454e-16  1.39228e-17  0.780546  0.816902  4.23544e-17  6.82552e-17  1.09921e-16  6.37468e-17  2.6689e-17  7.08656e-17  7.26047e-17  3.84943e-18  1.05353e-17  1.93698e-17  1.20289e-18  9.32623e-18  2.27124e-17  5.75158e-17  1.3947e-17  1.2705e-17  3.12023e-17  5.37823e-17  1.1454e-16  1.39228e-17  
0.859401  0.251412  4.49053e-17  5.62152e-17  5.33005e-17  3.24275e-17  1.86092e-17  6.00748e-18  1.19345e-18  7.85738e-17  1.92144e-17  6.6099e-17  2.19011e-17  2.99729e-17  3.64766e-17  9.82783e-17  1.3686e-17  2.73568e-17  8.0593e-19  5.62045e-17  2.78597e-17  1.09401e-17  0.859401  0.251412  4.49053e-17  5.62152e-17  5.33005e-17  3.24275e-17  1.86092e-17  6.00748e-18  1.19345e-18  7.85738e-17  1.92144e-17  6.6099e-17  2.19011e-17  2.99729e-17  3.64766e-17  9.82783e-17  1.3686e-17  2.73568e-17  8.0593e-19  5.62045e-17  2.78597e-17  1.09401e-17  
0.791554  0.859401  4.19445e-17  3.66279e-17  2.07917e-17  4.72214e-17  2.63124e-17  2.30376e-17  8.01377e-18  1.99913e-17  2.33409e-17  5.66097e-18  2.05524e-17  7.85939e-17  9.44635e-17  8.50097e-17  4.06935e-17  3.35382e-17  1.47019e-17  2.32008e-17  9.07525e-17  5.25786e-18  0.791554  0.859401  4.19445e-17  3.66279e-17  2.07917e-17  4.72214e-17  2.63124e-17  2.30376e-17  8.01377e-18  1.99913e-17  2.33409e-17  5.66097e-18  2.05524e-17  7.85939e-17  9.44635e-17  8.50097e-17  4.06935e-17  3.35382e-17  1.47019e-17  2.32008e-17  9.07525e-17  5.25786e-18  
0.859401  0.64838  6.69304e-17  1.25825e-16  1.30662e-16  8.58114e-18  2.93718e-17  0  4.46589e-17  1.34663e-16  4.76534e-17  4.14565e-17  2.51007e-17  3.80669e-17  5.24351e-17  8.05368e-17  7.87711e-18  3.21759e-17  2.83675e-17  7.1515e-17  1.40027e-16  1.4167e-17  0.859401  0.64838  6.69304e-17  1.25825e-16  1.30662e-16  8.58114e-18  2.93718e-17  0  4.46589e-17  1.34663e-16  4.76534e-17  4.14565e-17  2.51007e-17  3.80669e-17  5.24351e-17  8.05368e-17  7.87711e-18  3.21759e-17  2.83675e-17  7.1515e-17  1.40027e-16  1.4167e-17  
0.775749  0.777151  1.8096e-17  1.35519e-17  1.85836e-17  4.45804e-17  3.08231e-17  2.62157e-17  3.20717e-17  4.5017e-17  2.68537e-17  4.9535e-17  5.82802e-18  6.49732e-18  2.02587e-16  5.07943e-17  1.64088e-17  8.16254e-17  2.1253e-17  7.63007e-17  1.55201e-17  1.45031e-17  0.775749  0.777151  1.8096e-17  1.35519e-17  1.85836e-17  4.45804e-17  3.08231e-17  2.62157e-17  3.20717e-17  4.5017e-17  2.68537e-17  4.9535e-17  5.82802e-18  6.49732e-18  2.02587e-16  5.07943e-17  1.64088e-17  8.16254e-17  2.1253e-17  7.63007e-17  1.55201e-17  1.45031e-17  
0.859401  0.166915  2.97028e-17  3.61395e-17  7.27447e-17  2.40452e-20  3.67594e-19  7.27921e-17  5.62283e-17  3.10232e-17  3.51311e-18  1.34238e-17  6.34837e-18  3.1396e-18  1.26283e-17  3.83494e-17  2.85633e-17  2.34579e-17  2.38712e-17  4.94259e-17  1.07692e-16  1.87025e-17  0.859401  0.166915  2.97028e-17  3.61395e-17  7.27447e-17  2.40452e-20  3.67594e-19  7.27921e-17  5.62283e-17  3.10232e-17  3.51311e-18  1.34238e-17  6.34837e-18  3.1396e-18  1.26283e-17  3.83494e-17  2.85633e-17  2.34579e-17  2.38712e-17  4.94259e-17  1.07692e-16  1.87025e-17  
0.805152  0.859401  8.36483e-18  5.58152e-17  6.53647e-17  1.44125e-17  1.07677e-17  3.46816e-18  1.36958e-17  1.03333e-16  1.45301e-17  5.01488e-17  3.68953e-17  9.30143e-17  3.18311e-17  5.9092e-17  1.0854e-17  2.18491e-17  5.51363e-17  2.25762e-17  6.63482e-17  4.38603e-17  0.805152  0.859401  8.36483e-18  5.58152e-17  6.53647e-17  1.44125e-17  1.07677e-17  3.46816e-18  1.36958e-17  1.03333e-16  1.45301e-17  5.01488e-17  3.68953e-17  9.30143e-17  3.18311e-17  5.9092e-17  1.0854e-17  2.18491e-17  5.51363e-17  2.25762e-17  6.63482e-17  4.38603e-17  
0.859401  0.679539  2.08555e-17  3.44134e-17  4.06712e-17  1.7146e-17  5.26676e-17  3.81838e-17  1.62769e-17  2.43293e-17  1.81311e-18  2.82144e-17  3.96171e-20  1.42691e-16  1.74605e-16  7.65399e-17  1.03253e-18  7.91366e-17  9.04169e-17  6.83354e-17  1.86799e-17  3.65007e-17  0.859401  0.679539  2.08555e-17  3.44134e-17  4.06712e-17  1.7146e-17  5.26676e-17  3.81838e-17  1.62769e-17  2.43293e-17  1.81311e-18  2.82144e-17  3.96171e-20  1.42691e-16  1.74605e-16  7.65399e-17  1.03253e-18  7.91366e-17  9.04169e-17  6.83354e-17  1.86799e-17  3.65007e-17  
0.742919  0.859401  3.99304e-18  4.04456e-17  2.83099e-17  1.24257e-18  1.23816e-17  2.91425e-17  4.35057e-17  5.64218e-18  4.33597e-17  6.48506e-17  2.27748e-17  7.80836e-17  4.37942e-17  3.7115e-17  6.69888e-17  5.59236e-18  9.90031e-18  7.59264e-17  1.33589e-16  4.87017e-17  0.742919  0.859401  3.99304e-18  4.04456e-17  2.83099e-17  1.24257e-18  1.23816e-17  2.91425e-17  4.35057e-17  5.64218e-18  4.33597e-17  6.48506e-17  2.27748e-17  7.80836e-17  4.37942e-17  3.7115e-17  6.69888e-17  5.59236e-18  9.90031e-18  7.59264e-17  1.33589e-16  4.87017e-17  
0.819154  0.251412  4.95266e-18  4.31477e-18  2.1471e-17  4.97165e-17  2.8315e-17  3.94265e-17  1.08165e-16  3.22181e-17  6.82125e-17  1.21103e-17  4.73336e-17  2.3142e-17  3.02599e-17  4.53481e-17  3.43577e-17  4.64222e-18  7.52069e-17  2.29303e-17  1.1693e-16  1.86955e-17  0.819154  0.251412  4.95266e-18  4.31477e-18  2.1471e-17  4.97165e-17  2.8315e-17  3.94265e-17  1.08165e-16  3.22181e-17  6.82125e-17  1.21103e-17  4.73336e-17  2.3142e-17  3.02599e-17  4.53481e-17  3.43577e-17  4.64222e-18  7.52069e-17  2.29303e-17  1.1693e-16  1.86955e-17  
0.765187  0.859401  6.31893e-17  1.22726e-17  9.43825e-17  3.21404e-17  1.68209e-17  4.70697e-17  4.6102e-19  9.48263e-17  9.53398e-18  5.11101e-17  2.08944e-17  1.13729e-16  4.08388e-17  7.52375e-17  2.79395e-17  7.64683e-17  4.82168e-17  1.27203e-17  2.59423e-17  1.47225e-17  0.765187  0.859401  6.31893e-17  1.22726e-17  9.43825e-17  3.21404e-17  1.68209e-17  4.70697e-17  4.6102e-19  9.48263e-17  9.53398e-18  5.11101e-17  2.08944e-17  1.13729e-16  4.08388e-17  7.52375e-17  2.79395e-17  7.64683e-17  4.82168e-17  1.27203e-17  2.59423e-17  1.47225e-17  
0.857969  0.251412  4.49053e-17  5.26065e-17  5.33005e-17  3.42398e-17  2.02907e-17  5.63933e-17  1.46273e-17  2.26264e-17  1.13787e-17  5.46401e-17  9.10471e-18  1.39873e-17  7.00796e-18  4.86309e-17  2.32408e-17  2.73568e-17  8.0593e-19  5.62045e-17  1.24618e-16  1.09401e-17  0.857969  0.251412  4.49053e-17  5.26065e-17  5.33005e-17  3.42398e-17  2.02907e-17  5.63933e-17  1.46273e-17  2.26264e-17  1.13787e-17  5.46401e-17  9.10471e-18  1.39873e-17  7.00796e-18  4.86309e-17  2.32408e-17  2.73568e-17  8.0593e-19  5.62045e-17  1.24618e-16  1.09401e-17  
0.71116  0.845285  1.09461e-17  2.72074e-17  7.78013e-17  5.02933e-17  1.69958e-17  4.88174e-17  6.45992e-17  3.81964e-17  2.44867e-17  2.33268e-17  6.24061e-17  9.67559e-17  2.83702e-18  8.1453e-18  1.96624e-17  1.65317e-17  8.66259e-17  8.44382e-18  6.42585e-17  5.18234e-18  0.71116  0.845285  1.09461e-17  2.72074e-17  7.78013e-17  5.02933e-17  1.69958e-17  4.88174e-17  6.45992e-17  3.81964e-17  2.44867e-17  2.33268e-17  6.24061e-17  9.67559e-17  2.83702e-18  8.1453e-18  1.96624e-17  1.65317e-17  8.66259e-17  8.44382e-18  6.42585e-17  5.18234e-18  
0.794846  0.0835868  9.38922e-18  7.97915e-18  6.04018e-17  6.88315e-17  2.82287e-17  1.84884e-17  3.80968e-18  2.35913e-17  1.47705e-20  1.62299e-17  2.88926e-18  1.14398e-17  3.58942e-17  3.90491e-17  3.81241e-18  3.44586e-17  1.12641e-17  4.05619e-17  2.72336e-17  7.11949e-18  0.794846  0.0835868  9.38922e-18  7.97915e-18  6.04018e-17  6.88315e-17  2.82287e-17  1.84884e-17  3.80968e-18  2.35913e-17  1.47705e-20  1.62299e-17  2.88926e-18  1.14398e-17  3.58942e-17  3.90491e-17  3.81241e-18  3.44586e-17  1.12641e-17  4.05619e-17  2.72336e-17  7.11949e-18  
0.811077  0.859401  1.14735e-17  8.37061e-17  3.91607e-17  2.34842e-17  3.58133e-17  8.79895e-17  6.23162e-17  1.02695e-16  8.00048e-17  2.19749e-17  2.82809e-17  2.3142e-17  3.02599e-17  1.21937e-17  6.52285e-17  4.64186e-18  7.52069e-17  4.50833e-18  9.36823e-18  5.48006e-17  0.811077  0.859401  1.14735e-17  8.37061e-17  3.91607e-17  2.34842e-17  3.58133e-17  8.79895e-17  6.23162e-17  1.02695e-16  8.00048e-17  2.19749e-17  2.82809e-17  2.3142e-17  3.02599e-17  1.21937e-17  6.52285e-17  4.64186e-18  7.52069e-17  4.50833e-18  9.36823e-18  5.48006e-17  
0.710764  0.777509  6.88886e-18  6.68502e-17  1.58755e-18  1.13976e-17  1.26281e-18  2.5496e-17  2.56922e-17  1.29347e-16  8.45406e-18  3.54238e-17  6.44906e-17  1.06221e-16  7.11698e-18  8.08736e-17  4.80607e-18  1.34302e-17  1.02921e-16  3.19432e-17  1.21739e-16  9.75901e-18  0.710764  0.777509  6.88886e-18  6.68502e-17  1.58755e-18  1.13976e-17  1.26281e-18  2.5496e-17  2.56922e-17  1.29347e-16  8.45406e-18  3.54238e-17  6.44906e-17  1.06221e-16  7.11698e-18  8.08736e-17  4.80607e-18  1.34302e-17  1.02921e-16  3.19432e-17  1.21739e-16  9.75901e-18  
0.731339  0.859401  6.39315e-17  1.52196e-16  8.28798e-17  9.20294e-17  7.79257e-17  2.23278e-17  1.02374e-16  8.50804e-17  3.47338e-17  5.0072e-17  5.93723e-17  3.94609e-18  9.65496e-18  3.09355e-18  1.70629e-17  3.506e-17  1.1116e-17  1.46025e-17  7.95916e-17  9.8393e-18  0.731339  0.859401  6.39315e-17  1.52196e-16  8.28798e-17  9.20294e-17  7.79257e-17  2.23278e-17  1.02374e-16  8.50804e-17  3.47338e-17  5.0072e-17  5.93723e-17  3.94609e-18  9.65496e-18  3.09355e-18  1.70629e-17  3.506e-17  1.1116e-17  1.46025e-17  7.95916e-17  9.8393e-18  
0.765345  0.251412  2.94638e-17  2.86985e-17  3.80137e-17  2.43734e-17  5.55877e-17  4.5839e-17  1.2912e-17  5.74167e-18  5.99258e-18  1.94053e-17  5.10842e-18  3.74586e-18  1.70716e-16  8.72373e-17  1.1399e-17  7.6841e-17  1.32331e-16  2.91649e-17  4.70742e-17  4.61015e-17  0.765345  0.251412  2.94638e-17  2.86985e-17  3.80137e-17  2.43734e-17  5.55877e-17  4.5839e-17  1.2912e-17  5.74167e-18  5.99258e-18  1.94053e-17  5.10842e-18  3.74586e-18  1.70716e-16  8.72373e-17  1.1399e-17  7.6841e-17  1.32331e-16  2.91649e-17  4.70742e-17  4.61015e-17  
0.759507  0.859401  5.40354e-17  5.17922e-18  2.40623e-17  5.08119e-17  2.69417e-17  6.34836e-17  4.85052e-18  8.3206e-17  3.19564e-17  1.62698e-17  3.61966e-18  2.48734e-17  1.00167e-16  1.02571e-16  7.57303e-17  2.40395e-17  1.0111e-17  5.36217e-17  6.86595e-18  1.96944e-17  0.759507  0.859401  5.40354e-17  5.17922e-18  2.40623e-17  5.08119e-17  2.69417e-17  6.34836e-17  4.85052e-18  8.3206e-17  3.19564e-17  1.62698e-17  3.61966e-18  2.48734e-17  1.00167e-16  1.02571e-16  7.57303e-17  2.40395e-17  1.0111e-17  5.36217e-17  6.86595e-18  1.96944e-17  
0.743605  0.679119  3.11415e-17  7.45856e-18  2.36816e-17  1.07253e-17  2.85648e-17  1.44074e-17  2.19976e-17  2.59793e-17  3.97082e-17  3.17251e-17  2.57601e-17  2.72674e-17  3.78278e-17  8.04427e-17  2.67794e-17  6.82455e-17  1.74838e-16  6.09282e-17  5.21203e-17  2.9207e-17  0.743605  0.679119  3.11415e-17  7.45856e-18  2.36816e-17  1.07253e-17  2.85648e-17  1.44074e-17  2.19976e-17  2.59793e-17  3.97082e-17  3.17251e-17  2.57601e-17  2.72674e-17  3.78278e-17  8.04427e-17  2.67794e-17  6.82455e-17  1.74838e-16  6.09282e-17  5.21203e-17  2.9207e-17  
0.691411  0.859401  5.34978e-17  6.32274e-17  8.50779e-17  3.6678e-17  3.06353e-17  2.27475e-17  7.84422e-18  9.07188e-17  4.1858e-18  5.40669e-17  7.28644e-18  7.95572e-17  4.27778e-17  8.5887e-17  2.50721e-17  6.29183e-17  7.33279e-17  1.27688e-17  2.60953e-17  2.07241e-20  0.691411  0.859401  5.34978e-17  6.32274e-17  8.50779e-17  3.6678e-17  3.06353e-17  2.27475e-17  7.84422e-18  9.07188e-17  4.1858e-18  5.40669e-17  7.28644e-18  7.95572e-17  4.27778e-17  8.5887e-17  2.50721e-17  6.29183e-17  7.33279e-17  1.27688e-17  2.60953e-17  2.07241e-20  
0.719602  0.168252  4.29579e-17  4.14806e-17  1.04784e-16  5.17503e-17  5.04846e-17  3.46268e-18  1.32161e-17  6.16857e-17  3.4192e-17  7.97699e-18  1.57476e-17  1.72163e-17  6.82168e-17  4.05128e-18  6.54922e-18  9.97447e-19  4.1327e-17  3.49506e-17  6.2211e-17  2.00093e-17  0.719602  0.168252  4.29579e-17  4.14806e-17  1.04784e-16  5.17503e-17  5.04846e-17  3.46268e-18  1.32161e-17  6.16857e-17  3.4192e-17  7.97699e-18  1.57476e-17  1.72163e-17  6.82168e-17  4.05128e-18  6.54922e-18  9.97447e-19  4.1327e-17  3.49506e-17  6.2211e-17  2.00093e-17  
0.774001  0.859401  1.50493e-17  5.25567e-17  6.2768e-17  4.09913e-17  4.96862e-17  1.92238e-17  5.78524e-17  7.00914e-17  2.55852e-17  3.97124e-17  4.98176e-18  6.0058e-17  7.50546e-17  6.11562e-17  1.88069e-17  4.63215e-17  4.98769e-17  2.99003e-17  3.66173e-17  4.87989e-17  0.774001  0.859401  1.50493e-17  5.25567e-17  6.2768e-17  4.09913e-17  4.96862e-17  1.92238e-17  5.78524e-17  7.00914e-17  2.55852e-17  3.97124e-17  4.98176e-18  6.0058e-17  7.50546e-17  6.11562e-17  1.88069e-17  4.63215e-17  4.98769e-17  2.99003e-17  3.66173e-17  4.87989e-17  
0.644789  0.811773  2.64064e-17  3.84996e-17  1.69126e-19  4.38049e-18  2.55395e-17  5.37641e-18  3.82352e-17  4.31925e-18  6.57059e-18  6.06277e-17  2.22362e-18  2.71178e-17  1.5482e-16  2.8877e-17  1.14897e-17  2.92739e-17  1.07229e-16  9.12915e-17  3.25519e-17  4.52008e-18  0.644789  0.811773  2.64064e-17  3.84996e-17  1.69126e-19  4.38049e-18  2.55395e-17  5.37641e-18  3.82352e-17  4.31925e-18  6.57059e-18  6.06277e-17  2.22362e-18  2.71178e-17  1.5482e-16  2.8877e-17  1.14897e-17  2.92739e-17  1.07229e-16  9.12915e-17  3.25519e-17  4.52008e-18  
0.692585  0.859401  3.22841e-17  9.64684e-17  1.29842e-16  6.41792e-17  3.38496e-17  1.51536e-17  5.55783e-17  6.61438e-17  3.62265e-17  2.32822e-17  9.80701e-18  2.88674e-17  8.83283e-17  9.07514e-18  5.24877e-18  1.86012e-17  4.94409e-18  5.09784e-17  3.60805e-17  3.84493e-17  0.692585  0.859401  3.22841e-17  9.64684e-17  1.29842e-16  6.41792e-17  3.38496e-17  1.51536e-17  5.55783e-17  6.61438e-17  3.62265e-17  2.32822e-17  9.80701e-18  2.88674e-17  8.83283e-17  9.07514e-18  5.24877e-18  1.86012e-17  4.94409e-18  5.09784e-17  3.60805e-17  3.84493e-17  
0.69544  0.251412  3.00519e-17  2.61661e-17  3.9089e-17  1.58225e-17  3.48355e-17  5.0574e-17  1.95867e-18  1.33753e-18  1.71241e-17  5.48537e-18  2.42549e-17  2.71883e-17  1.24749e-16  7.92049e-17  3.7967e-17  7.27827e-18  4.45756e-17  3.0275e-17  7.84639e-17  1.0481e-17  0.69544  0.251412  3.00519e-17  2.61661e-17  3.9089e-17  1.58225e-17  3.48355e-17  5.0574e-17  1.95867e-18  1.33753e-18  1.71241e-17  5.48537e-18  2.42549e-17  2.71883e-17  1.24749e-16  7.92049e-17  3.7967e-17  7.27827e-18  4.45756e-17  3.0275e-17  7.84639e-17  1.0481e-17  
0.722  0.859401  1.94062e-17  3.27082e-18  1.11589e-17  1.54328e-17  1.22251e-17  1.42565e-17  1.52933e-17  1.83122e-17  4.03819e-17  6.85385e-17  2.91058e-17  4.31538e-17  7.64037e-17  2.91224e-17  2.32898e-18  5.68229e-17  1.51546e-17  1.00563e-16  4.7884e-17  1.28504e-17  0.722  0.859401  1.94062e-17  3.27082e-18  1.11589e-17  1.54328e-17  1.22251e-17  1.42565e-17  1.52933e-17  1.83122e-17  4.03819e-17  6.85385e-17  2.91058e-17  4.31538e-17  7.64037e-17  2.91224e-17  2.32898e-18  5.68229e-17  1.51546e-17  1.00563e-16  4.7884e-17  1.28504e-17  
0.679467  0.678008  1.61846e-17  1.24974e-17  1.72114e-17  6.72387e-18  1.06005e-17  2.37921e-17  5.04881e-17  1.31088e-16  3.55894e-19  3.00584e-17  5.6714e-17  6.89926e-17  2.8372e-17  4.60535e-17  2.87843e-17  5.11066e-17  7.93546e-17  3.35266e-17  3.2803e-17  3.94771e-17  0.679467  0.678008  1.61846e-17  1.24974e-17  1.72114e-17  6.72387e-18  1.06005e-17  2.37921e-17  5.04881e-17  1.31088e-16  3.55894e-19  3.00584e-17  5.6714e-17  6.89926e-17  2.8372e-17  4.60535e-17  2.87843e-17  5.11066e-17  7.93546e-17  3.35266e-17  3.2803e-17  3.94771e-17  
0.640077  0.859401  3.23709e-18  3.35994e-17  1.06082e-16  6.92775e-17  3.7403e-17  1.00035e-18  1.49359e-17  1.06746e-17  4.56233e-17  3.00457e-17  1.51798e-17  5.61614e-17  4.36387e-17  4.6546e-17  7.08941e-18  2.07241e-17  3.04772e-17  4.08343e-17  2.47801e-17  2.06629e-17  0.640077  0.859401  3.23709e-18  3.35994e-17  1.06082e-16  6.92775e-17  3.7403e-17  1.00035e-18  1.49359e-17  1.06746e-17  4.56233e-17  3.00457e-17  1.51798e-17  5.61614e-17  4.36387e-17  4.6546e-17  7.08941e-18  2.07241e-17  3.04772e-17  4.08343e-17  2.47801e-17  2.06629e-17  
0.666087  0.0411699  3.46182e-17  2.98964e-17  1.52967e-16  8.43826e-19  7.66583e-17  7.13136e-17  1.44216e-16  6.38447e-17  4.70429e-18  5.88368e-17  5.31602e-17  1.74703e-17  4.32402e-18  2.35521e-17  1.71238e-17  5.61652e-17  8.49045e-17  7.47822e-18  6.08923e-17  6.54497e-18  0.666087  0.0411699  3.46182e-17  2.98964e-17  1.52967e-16  8.43826e-19  7.66583e-17  7.13136e-17  1.44216e-16  6.38447e-17  4.70429e-18  5.88368e-17  5.31602e-17  1.74703e-17  4.32402e-18  2.35521e-17  1.71238e-17  5.61652e-17  8.49045e-17  7.47822e-18  6.08923e-17  6.54497e-18  
0.832718  0.859401  1.91678e-18  4.18122e-17  1.35009e-16  1.84365e-17  2.52059e-17  3.11686e-17  5.32062e-18  4.22355e-17  2.10356e-17  3.97867e-17  9.38291e-18  4.3135e-17  6.0119e-17  9.51623e-17  4.77706e-18  4.52068e-17  2.06749e-17  6.86894e-17  9.59387e-17  3.68643e-18  0.832718  0.859401  1.91678e-18  4.18122e-17  1.35009e-16  1.84365e-17  2.52059e-17  3.11686e-17  5.32062e-18  4.22355e-17  2.10356e-17  3.97867e-17  9.38291e-18  4.3135e-17  6.0119e-17  9.51623e-17  4.77706e-18  4.52068e-17  2.06749e-17  6.86894e-17  9.59387e-17  3.68643e-18  
0.251412  0.859401  1.86638e-17  8.40526e-17  6.16536e-18  6.72387e-18  5.14568e-18  3.66063e-17  5.71451e-20  5.86691e-17  3.6304e-17  8.13246e-17  1.26909e-18  8.02208e-19  1.13245e-16  2.995e-17  3.29351e-18  5.11066e-17  6.14661e-18  4.26929e-17  3.2803e-17  1.3936e-17  0.251412  0.859401  1.86638e-17  8.40526e-17  6.16536e-18  6.72387e-18  5.14568e-18  3.66063e-17  5.71451e-20  5.86691e-17  3.6304e-17  8.13246e-17  1.26909e-18  8.02208e-19  1.13245e-16  2.995e-17  3.29351e-18  5.11066e-17  6.14661e-18  4.26929e-17  3.2803e-17  1.3936e-17  
0.693702  0.859401  4.38141e-17  5.38695e-17  1.2922e-16  2.07625e-17  5.68749e-17  5.70846e-17  7.56138e-17  1.11066e-16  1.4201e-17  5.40804e-17  2.88587e-18  7.08893e-17  3.96154e-18  4.61955e-17  3.12508e-17  6.28493e-19  3.69614e-17  1.87843e-17  2.89443e-17  1.74702e-18  0.693702  0.859401  4.38141e-17  5.38695e-17  1.2922e-16  2.07625e-17  5.68749e-17  5.70846e-17  7.56138e-17  1.11066e-16  1.4201e-17  5.40804e-17  2.88587e-18  7.08893e-17  3.96154e-18  4.61955e-17  3.12508e-17  6.28493e-19  3.69614e-17  1.87843e-17  2.89443e-17  1.74702e-18  
0.251412  0.686222  1.48733e-17  7.15614e-18  2.60618e-17  4.66944e-18  3.65233e-17  1.56108e-17  2.60391e-17  5.6694e-17  4.59541e-19  5.79767e-17  3.41731e-17  5.8961e-17  1.59201e-17  1.51993e-17  4.09181e-17  5.41088e-17  5.49716e-17  2.68894e-17  1.4084e-17  2.3338e-17  0.251412  0.686222  1.48733e-17  7.15614e-18  2.60618e-17  4.66944e-18  3.65233e-17  1.56108e-17  2.60391e-17  5.6694e-17  4.59541e-19  5.79767e-17  3.41731e-17  5.8961e-17  1.59201e-17  1.51993e-17  4.09181e-17  5.41088e-17  5.49716e-17  2.68894e-17  1.4084e-17  2.3338e-17  
0.738292  0.859401  3.41977e-17  2.91291e-17  5.18588e-17  1.81475e-18  6.289e-17  1.92764e-17  5.48651e-17  4.6229e-17  2.46824e-17  2.94136e-17  9.57267e-18  1.14571e-16  6.48519e-17  8.44177e-17  1.77016e-17  3.26328e-17  7.86926e-17  7.62065e-17  2.38632e-17  5.91379e-17  0.738292  0.859401  3.41977e-17  2.91291e-17  5.18588e-17  1.81475e-18  6.289e-17  1.92764e-17  5.48651e-17  4.6229e-17  2.46824e-17  2.94136e-17  9.57267e-18  1.14571e-16  6.48519e-17  8.44177e-17  1.77016e-17  3.26328e-17  7.86926e-17  7.62065e-17  2.38632e-17  5.91379e-17  
0.251412  0.803324  4.97319e-17  1.79337e-16  2.04411e-17  4.17678e-17  7.68894e-17  4.86226e-17  1.52808e-16  1.25148e-16  6.14202e-17  6.2783e-17  2.24213e-17  3.15103e-18  1.48657e-17  1.43815e-17  2.25346e-17  1.66919e-18  3.51425e-17  2.25322e-17  1.03616e-17  3.12565e-17  0.251412  0.803324  4.97319e-17  1.79337e-16  2.04411e-17  4.17678e-17  7.68894e-17  4.86226e-17  1.52808e-16  1.25148e-16  6.14202e-17  6.2783e-17  2.24213e-17  3.15103e-18  1.48657e-17  1.43815e-17  2.25346e-17  1.66919e-18  3.51425e-17  2.25322e-17  1.03616e-17  3.12565e-17  
0.251412  0.859401  2.28812e-17  1.74725e-17  5.8263e-17  6.72387e-18  5.14568e-18  1.10515e-19  2.45949e-19  7.05022e-17  3.6304e-17  3.00584e-17  9.80647e-19  6.92829e-17  6.22179e-17  1.67751e-17  1.18651e-17  5.11066e-17  1.01924e-19  4.26929e-17  3.2803e-17  3.94771e-17  0.251412  0.859401  2.28812e-17  1.74725e-17  5.8263e-17  6.72387e-18  5.14568e-18  1.10515e-19  2.45949e-19  7.05022e-17  3.6304e-17  3.00584e-17  9.80647e-19  6.92829e-17  6.22179e-17  1.67751e-17  1.18651e-17  5.11066e-17  1.01924e-19  4.26929e-17  3.2803e-17  3.94771e-17  
0.251412  0.251412  4.46759e-17  7.53389e-18  4.0542e-17  3.58019e-17  3.25906e-17  2.68175e-17  2.96302e-17  1.15366e-17  3.49447e-17  1.56853e-17  8.30365e-19  6.94101e-17  1.62212e-17  9.90388e-17  1.37731e-17  4.21634e-17  9.09639e-17  3.90435e-17  3.37413e-17  4.98465e-17  0.251412  0.251412  4.46759e-17  7.53389e-18  4.0542e-17  3.58019e-17  3.25906e-17  2.68175e-17  2.96302e-17  1.15366e-17  3.49447e-17  1.56853e-17  8.30365e-19  6.94101e-17  1.62212e-17  9.90388e-17  1.37731e-17  4.21634e-17  9.09639e-17  3.90435e-17  3.37413e-17  4.98465e-17  
0.763444  0.859401  1.18912e-17  4.13722e-17  1.63228e-17  1.53277e-17  2.36955e-17  5.73103e-17  7.04759e-17  2.9035e-17  7.67428e-17  2.00636e-17  3.05872e-17  1.75219e-17  3.49955e-19  3.39656e-17  5.58062e-17  2.39634e-18  4.04409e-18  6.76688e-18  2.37949e-17  6.23639e-17  0.763444  0.859401  1.18912e-17  4.13722e-17  1.63228e-17  1.53277e-17  2.36955e-17  5.73103e-17  7.04759e-17  2.9035e-17  7.67428e-17  2.00636e-17  3.05872e-17  1.75219e-17  3.49955e-19  3.39656e-17  5.58062e-17  2.39634e-18  4.04409e-18  6.76688e-18  2.37949e-17  6.23639e-17  
0.251412  0.859401  3.0748e-17  1.23262e-17  1.66038e-17  3.7204e-18  4.69692e-18  2.01552e-17  2.53173e-18  5.69541e-17  1.8187e-17  3.65542e-19  2.22348e-18  5.91773e-17  1.04431e-16  2.93426e-17  5.52779e-19  3.49159e-17  7.10438e-18  5.30917e-17  5.94336e-17  3.85681e-17  0.251412  0.859401  3.0748e-17  1.23262e-17  1.66038e-17  3.7204e-18  4.69692e-18  2.01552e-17  2.53173e-18  5.69541e-17  1.8187e-17  3.65542e-19  2.22348e-18  5.91773e-17  1.04431e-16  2.93426e-17  5.52779e-19  3.49159e-17  7.10438e-18  5.30917e-17  5.94336e-17  3.85681e-17  
0.251412  0.859401  3.0748e-17  2.12599e-17  1.14691e-17  3.48813e-17  2.56971e-18  2.01552e-17  8.51916e-18  1.07418e-16  1.8187e-17  5.80251e-19  1.85462e-17  2.27965e-18  4.93142e-17  7.32717e-17  5.52779e-19  2.73847e-19  5.05559e-17  8.04134e-17  5.94336e-17  2.67213e-18  0.251412  0.859401  3.0748e-17  2.12599e-17  1.14691e-17  3.48813e-17  2.56971e-18  2.01552e-17  8.51916e-18  1.07418e-16  1.8187e-17  5.80251e-19  1.85462e-17  2.27965e-18  4.93142e-17  7.32717e-17  5.52779e-19  2.73847e-19  5.05559e-17  8.04134e-17  5.94336e-17  2.67213e-18  
0.251412  0.251412  4.02067e-17  6.42505e-18  3.17189e-17  1.67997e-18  3.48327e-17  1.77787e-17  1.4155e-17  1.17229e-17  2.10218e-17  6.61693e-18  3.45558e-17  1.18093e-16  6.19534e-17  6.9212e-17  0  2.11758e-17  8.10683e-17  1.02297e-17  2.50197e-18  3.28497e-17  0.251412  0.251412  4.02067e-17  6.42505e-18  3.17189e-17  1.67997e-18  3.48327e-17  1.77787e-17  1.4155e-17  1.17229e-17  2.10218e-17  6.61693e-18  3.45558e-17  1.18093e-16  6.19534e-17  6.9212e-17  0  2.11758e-17  8.10683e-17  1.02297e-17  2.50197e-18  3.28497e-17  
0.672442  0.859401  4.66597e-17  1.10529e-17  5.74133e-17  6.96744e-17  1.85839e-17  5.86258e-17  4.67145e-17  1.06769e-16  2.53411e-17  1.69496e-17  7.25426e-18  6.37708e-17  4.70716e-17  5.49164e-17  4.37603e-17  3.42985e-17  6.14249e-17  2.67588e-17  5.70678e-17  3.1494e-17  0.672442  0.859401  4.66597e-17  1.10529e-17  5.74133e-17  6.96744e-17  1.85839e-17  5.86258e-17  4.67145e-17  1.06769e-16  2.53411e-17  1.69496e-17  7.25426e-18  6.37708e-17  4.70716e-17  5.49164e-17  4.37603e-17  3.42985e-17  6.14249e-17  2.67588e-17  5.70678e-17  3.1494e-17  
0.251412  0.746387  5.12505e-17  4.66634e-19  6.80839e-17  6.00261e-17  2.90336e-17  2.10396e-17  5.04288e-18  2.86071e-17  3.8331e-18  7.05157e-18  1.888e-20  5.52885e-17  3.37637e-17  4.63189e-17  1.47682e-17  1.04207e-17  1.00387e-17  4.17867e-17  1.97075e-19  4.60719e-17  0.251412  0.746387  5.12505e-17  4.66634e-19  6.80839e-17  6.00261e-17  2.90336e-17  2.10396e-17  5.04288e-18  2.86071e-17  3.8331e-18  7.05157e-18  1.888e-20  5.52885e-17  3.37637e-17  4.63189e-17  1.47682e-17  1.04207e-17  1.00387e-17  4.17867e-17  1.97075e-19  4.60719e-17  
0.251412  0.859401  3.49811e-18  1.19382e-16  3.96538e-17  1.5799e-17  3.27745e-17  2.31845e-17  3.83157e-17  6.22871e-17  2.56076e-17  3.5972e-17  4.95049e-18  9.39941e-19  6.6096e-17  3.80741e-17  6.13026e-18  2.40065e-17  5.03241e-17  4.279e-17  3.31091e-17  1.00735e-17  0.251412  0.859401  3.49811e-18  1.19382e-16  3.96538e-17  1.5799e-17  3.27745e-17  2.31845e-17  3.83157e-17  6.22871e-17  2.56076e-17  3.5972e-17  4.95049e-18  9.39941e-19  6.6096e-17  3.80741e-17  6.13026e-18  2.40065e-17  5.03241e-17  4.279e-17  3.31091e-17  1.00735e-17  
0.251412  0.1535  2.78452e-17  4.56755e-17  0  3.04368e-17  3.18413e-17  5.92507e-17  1.80362e-17  5.28623e-17  2.74339e-17  1.79038e-17  2.85032e-17  4.77705e-17  4.53081e-18  9.75683e-17  7.17834e-17  4.0624e-17  4.30191e-17  3.53814e-17  2.29687e-17  2.63521e-18  0.251412  0.1535  2.78452e-17  4.56755e-17  0  3.04368e-17  3.18413e-17  5.92507e-17  1.80362e-17  5.28623e-17  2.74339e-17  1.79038e-17  2.85032e-17  4.77705e-17  4.53081e-18  9.75683e-17  7.17834e-17  4.0624e-17  4.30191e-17  3.53814e-17  2.29687e-17  2.63521e-18  
0.769773  0.859401  1.71874e-18  1.7503e-17  1.0262e-16  2.41687e-17  2.81981e-18  6.65229e-17  1.24013e-16  1.62475e-17  3.38716e-18  1.79502e-17  2.40154e-17  1.41496e-16  2.63343e-17  5.47508e-17  6.7919e-17  2.78666e-18  3.54575e-17  1.97986e-17  1.30282e-17  5.54098e-17  0.769773  0.859401  1.71874e-18  1.7503e-17  1.0262e-16  2.41687e-17  2.81981e-18  6.65229e-17  1.24013e-16  1.62475e-17  3.38716e-18  1.79502e-17  2.40154e-17  1.41496e-16  2.63343e-17  5.47508e-17  6.7919e-17  2.78666e-18  3.54575e-17  1.97986e-17  1.30282e-17  5.54098e-17  
0.230633  0.859401  3.13465e-17  3.85079e-17  5.28322e-17  1.9026e-17  7.4116e-18  2.74001e-17  5.41935e-17  4.51802e-17  2.42534e-17  3.65411e-17  1.46341e-17  2.12453e-17  1.17945e-17  5.57896e-17  2.34576e-17  7.07342e-18  4.77242e-17  5.03213e-17  1.35626e-16  9.07549e-18  0.230633  0.859401  3.13465e-17  3.85079e-17  5.28322e-17  1.9026e-17  7.4116e-18  2.74001e-17  5.41935e-17  4.51802e-17  2.42534e-17  3.65411e-17  1.46341e-17  2.12453e-17  1.17945e-17  5.57896e-17  2.34576e-17  7.07342e-18  4.77242e-17  5.03213e-17  1.35626e-16  9.07549e-18  
0.251412  0.859401  7.11286e-18  2.12599e-17  7.01004e-17  9.11539e-18  1.69943e-17  2.01552e-17  3.21348e-19  1.01368e-19  1.8187e-17  2.85834e-19  5.54607e-18  6.21478e-17  6.22179e-17  7.09094e-17  1.86689e-17  2.73847e-19  6.05454e-18  1.7664e-17  5.02341e-17  2.67213e-18  0.251412  0.859401  7.11286e-18  2.12599e-17  7.01004e-17  9.11539e-18  1.69943e-17  2.01552e-17  3.21348e-19  1.01368e-19  1.8187e-17  2.85834e-19  5.54607e-18  6.21478e-17  6.22179e-17  7.09094e-17  1.86689e-17  2.73847e-19  6.05454e-18  1.7664e-17  5.02341e-17  2.67213e-18  
0.251412  0.648057  2.25417e-17  9.44631e-17  1.91211e-17  1.90511e-18  4.397e-17  6.49076e-18  6.79969e-18  2.61037e-17  4.8497e-18  6.53355e-17  2.00636e-17  1.51045e-16  1.17573e-17  5.44185e-17  1.11511e-17  1.35347e-17  8.67043e-17  1.01826e-17  5.44837e-17  2.89837e-19  0.251412  0.648057  2.25417e-17  9.44631e-17  1.91211e-17  1.90511e-18  4.397e-17  6.49076e-18  6.79969e-18  2.61037e-17  4.8497e-18  6.53355e-17  2.00636e-17  1.51045e-16  1.17573e-17  5.44185e-17  1.11511e-17  1.35347e-17  8.67043e-17  1.01826e-17  5.44837e-17  2.89837e-19  
0.251412  0.859401  2.16195e-17  5.14604e-17  1.27223e-16  1.54823e-17  1.04473e-17  1.40488e-17  6.20428e-19  1.4649e-17  1.12576e-18  6.22706e-18  1.03366e-17  3.33864e-17  9.5078e-17  7.18435e-17  1.78995e-17  2.91104e-17  4.62665e-17  4.50459e-17  7.04358e-17  5.34664e-18  0.251412  0.859401  2.16195e-17  5.14604e-17  1.27223e-16  1.54823e-17  1.04473e-17  1.40488e-17  6.20428e-19  1.4649e-17  1.12576e-18  6.22706e-18  1.03366e-17  3.33864e-17  9.5078e-17  7.18435e-17  1.78995e-17  2.91104e-17  4.62665e-17  4.50459e-17  7.04358e-17  5.34664e-18  
0.16717  0.786407  2.96592e-17  1.14357e-17  6.42346e-17  1.62711e-17  6.71719e-17  4.86341e-17  4.81948e-17  7.59028e-18  9.79977e-18  6.10907e-18  1.37349e-17  3.83123e-17  1.471e-16  2.49929e-17  3.24713e-17  2.40393e-17  7.16922e-17  6.41819e-17  5.08765e-18  3.53731e-17  0.16717  0.786407  2.96592e-17  1.14357e-17  6.42346e-17  1.62711e-17  6.71719e-17  4.86341e-17  4.81948e-17  7.59028e-18  9.79977e-18  6.10907e-18  1.37349e-17  3.83123e-17  1.471e-16  2.49929e-17  3.24713e-17  2.40393e-17  7.16922e-17  6.41819e-17  5.08765e-18  3.53731e-17  
0.204076  0.859401  5.80704e-17  1.67201e-17  2.99647e-17  4.58533e-17  5.53156e-17  2.69113e-17  1.31593e-17  6.12561e-17  1.61203e-17  6.68669e-17  5.17363e-18  2.79592e-18  9.12959e-18  6.2135e-17  3.39758e-17  2.26272e-17  7.48822e-17  2.23482e-17  2.72508e-17  2.25023e-17  0.204076  0.859401  5.80704e-17  1.67201e-17  2.99647e-17  4.58533e-17  5.53156e-17  2.69113e-17  1.31593e-17  6.12561e-17  1.61203e-17  6.68669e-17  5.17363e-18  2.79592e-18  9.12959e-18  6.2135e-17  3.39758e-17  2.26272e-17  7.48822e-17  2.23482e-17  2.72508e-17  2.25023e-17  
0.169079  0.246448  6.22361e-18  4.08417e-17  8.71341e-18  1.85793e-17  8.39625e-18  5.77734e-17  5.17612e-17  1.09708e-16  1.70695e-17  7.7326e-17  3.73507e-17  9.93757e-17  8.69204e-18  1.24135e-17  2.42194e-17  6.11416e-17  8.6048e-17  1.50219e-17  9.89047e-18  2.16102e-17  0.169079  0.246448  6.22361e-18  4.08417e-17  8.71341e-18  1.85793e-17  8.39625e-18  5.77734e-17  5.17612e-17  1.09708e-16  1.70695e-17  7.7326e-17  3.73507e-17  9.93757e-17  8.69204e-18  1.24135e-17  2.42194e-17  6.11416e-17  8.6048e-17  1.50219e-17  9.89047e-18  2.16102e-17  
0.63801  0.859401  8.46352e-18  1.94259e-17  3.4616e-17  6.45869e-17  1.36791e-17  2.51553e-17  7.95054e-17  7.09343e-17  9.62223e-18  1.98456e-17  5.49779e-17  5.55057e-17  1.00854e-17  1.027e-18  1.66695e-17  9.95517e-18  2.01079e-17  6.84667e-18  7.06458e-17  4.04969e-19  0.63801  0.859401  8.46352e-18  1.94259e-17  3.4616e-17  6.45869e-17  1.36791e-17  2.51553e-17  7.95054e-17  7.09343e-17  9.62223e-18  1.98456e-17  5.49779e-17  5.55057e-17  1.00854e-17  1.027e-18  1.66695e-17  9.95517e-18  2.01079e-17  6.84667e-18  7.06458e-17  4.04969e-19  
0.115132  0.859401  5.81136e-17  7.41088e-17  1.17571e-16  6.5825e-18  1.59879e-17  2.73156e-17  6.9179e-17  3.41549e-17  1.59594e-17  1.20828e-17  6.10083e-18  2.05979e-17  4.75335e-17  4.58602e-17  7.73079e-18  4.51092e-18  6.73886e-18  9.34426e-18  1.15508e-16  1.23719e-17  0.115132  0.859401  5.81136e-17  7.41088e-17  1.17571e-16  6.5825e-18  1.59879e-17  2.73156e-17  6.9179e-17  3.41549e-17  1.59594e-17  1.20828e-17  6.10083e-18  2.05979e-17  4.75335e-17  4.58602e-17  7.73079e-18  4.51092e-18  6.73886e-18  9.34426e-18  1.15508e-16  1.23719e-17  
0.160305  0.859401  3.78014e-17  4.02455e-17  5.16805e-17  2.87888e-17  3.20749e-17  1.76546e-17  5.41527e-17  5.97781e-17  1.39688e-17  2.68638e-17  1.70716e-17  6.37398e-17  5.04049e-18  2.10443e-17  1.08667e-17  8.37418e-18  4.89638e-17  6.29019e-19  5.84329e-17  2.78664e-17  0.160305  0.859401  3.78014e-17  4.02455e-17  5.16805e-17  2.87888e-17  3.20749e-17  1.76546e-17  5.41527e-17  5.97781e-17  1.39688e-17  2.68638e-17  1.70716e-17  6.37398e-17  5.04049e-18  2.10443e-17  1.08667e-17  8.37418e-18  4.89638e-17  6.29019e-19  5.84329e-17  2.78664e-17  
0.113774  0.251412  6.80293e-18  1.30702e-17  7.54347e-17  7.05547e-17  1.9136e-17  9.54561e-19  4.8975e-17  2.60397e-17  5.94845e-18  2.40942e-18  2.53159e-17  5.58187e-18  1.27412e-16  6.2677e-18  6.58526e-18  5.82714e-17  5.68784e-17  6.64473e-17  4.3621e-17  1.37585e-17  0.113774  0.251412  6.80293e-18  1.30702e-17  7.54347e-17  7.05547e-17  1.9136e-17  9.54561e-19  4.8975e-17  2.60397e-17  5.94845e-18  2.40942e-18  2.53159e-17  5.58187e-18  1.27412e-16  6.2677e-18  6.58526e-18  5.82714e-17  5.68784e-17  6.64473e-17  4.3621e-17  1.37585e-17  
0.175503  0.859401  4.17251e-17  4.44239e-17  3.08608e-19  3.78661e-18  2.94075e-17  1.84001e-17  3.69821e-17  2.50515e-18  2.50023e-17  3.20065e-17  1.93747e-17  9.93539e-17  2.52068e-17  1.56659e-17  4.60319e-18  1.927e-17  1.08335e-16  4.11291e-17  5.46977e-17  2.46812e-18  0.175503  0.859401  4.17251e-17  4.44239e-17  3.08608e-19  3.78661e-18  2.94075e-17  1.84001e-17  3.69821e-17  2.50515e-18  2.50023e-17  3.20065e-17  1.93747e-17  9.93539e-17  2.52068e-17  1.56659e-17  4.60319e-18  1.927e-17  1.08335e-16  4.11291e-17  5.46977e-17  2.46812e-18  
0.0658761  0.750991  7.19556e-17  3.64589e-17  1.22407e-16  2.18295e-17  3.57331e-17  5.88357e-17  2.82815e-17  2.84337e-17  1.27884e-17  7.85422e-17  2.17692e-17  4.73995e-17  4.03222e-17  5.407e-17  4.38608e-17  3.96598e-17  7.81661e-17  9.4775e-18  2.72138e-18  1.2299e-17  0.0658761  0.750991  7.19556e-17  3.64589e-17  1.22407e-16  2.18295e-17  3.57331e-17  5.88357e-17  2.82815e-17  2.84337e-17  1.27884e-17  7.85422e-17  2.17692e-17  4.73995e-17  4.03222e-17  5.407e-17  4.38608e-17  3.96598e-17  7.81661e-17  9.4775e-18  2.72138e-18  1.2299e-17  
0.0621265  0.859401  1.72697e-17  2.32885e-17  6.62462e-17  2.06e-17  2.50116e-17  8.94144e-18  2.74603e-17  1.05517e-16  8.45635e-20  9.30078e-17  1.70666e-17  1.58039e-17  5.60031e-18  1.98125e-17  1.94048e-17  1.99914e-17  3.92232e-17  3.92149e-17  4.53607e-17  1.25962e-17  0.0621265  0.859401  1.72697e-17  2.32885e-17  6.62462e-17  2.06e-17  2.50116e-17  8.94144e-18  2.74603e-17  1.05517e-16  8.45635e-20  9.30078e-17  1.70666e-17  1.58039e-17  5.60031e-18  1.98125e-17  1.94048e-17  1.99914e-17  3.92232e-17  3.92149e-17  4.53607e-17  1.25962e-17  
0.0429701  0.0767486  3.51441e-17  5.5129e-18  2.56831e-17  4.48275e-17  3.08656e-17  6.07663e-17  1.49142e-17  6.08326e-17  3.33839e-17  2.46853e-17  2.27199e-18  8.00978e-18  7.27763e-17  1.03928e-16  7.69226e-17  6.09536e-18  2.84836e-17  5.21368e-17  1.41742e-17  4.85001e-18  0.0429701  0.0767486  3.51441e-17  5.5129e-18  2.56831e-17  4.48275e-17  3.08656e-17  6.07663e-17  1.49142e-17  6.08326e-17  3.33839e-17  2.46853e-17  2.27199e-18  8.00978e-18  7.27763e-17  1.03928e-16  7.69226e-17  6.09536e-18  2.84836e-17  5.21368e-17  1.41742e-17  4.85001e-18  
0.251412  0.859401  1.27524e-17  1.07177e-17  2.2351e-17  4.76577e-17  2.26216e-17  1.40139e-18  4.05285e-18  7.3735e-17  1.88998e-17  7.24513e-17  2.1141e-17  8.7373e-20  7.44234e-17  4.53595e-17  5.52779e-19  2.17076e-17  5.68925e-17  7.93737e-17  7.44871e-17  3.52316e-19  0.251412  0.859401  1.27524e-17  1.07177e-17  2.2351e-17  4.76577e-17  2.26216e-17  1.40139e-18  4.05285e-18  7.3735e-17  1.88998e-17  7.24513e-17  2.1141e-17  8.7373e-20  7.44234e-17  4.53595e-17  5.52779e-19  2.17076e-17  5.68925e-17  7.93737e-17  7.44871e-17  3.52316e-19  
0.00832402  0.859401  3.28357e-18  1.31803e-16  1.88125e-17  8.37666e-18  3.65883e-17  4.02622e-17  2.25583e-17  4.23042e-17  2.44769e-17  1.51253e-17  3.75927e-17  4.17818e-17  5.62882e-17  6.14325e-17  9.22943e-18  3.27488e-17  5.57286e-17  5.54137e-17  4.23984e-17  3.37258e-18  0.00832402  0.859401  3.28357e-18  1.31803e-16  1.88125e-17  8.37666e-18  3.65883e-17  4.02622e-17  2.25583e-17  4.23042e-17  2.44769e-17  1.51253e-17  3.75927e-17  4.17818e-17  5.62882e-17  6.14325e-17  9.22943e-18  3.27488e-17  5.57286e-17  5.54137e-17  4.23984e-17  3.37258e-18  
