0.994062  2.24945  5.62548  6.39088  2.73194  6.15972  3.68313  3.91263  10.4369  11.5933  13.093  3.45618  0.792902  15.2991  22.7086  11.2784  8.85616  6.05908  34.1384  25.4943  36.1855  34.6884  15.3655  2.93992  0.497031  0.562362  0.93758  0.79886  0.273194  0.51331  0.263081  0.24454  0.579828  0.579663  0.595138  0.144007  0.0304962  0.546396  0.756952  0.35245  0.260475  0.168308  0.89838  0.637358  0.86156  0.788372  0.334034  0.0612483  
1.42287  2.73757  1.39912  0.919122  1.4054  7.74748  13.0034  6.35139  14.2882  3.63856  9.497  23.4855  6.39379  8.73945  19.0641  29.3674  9.84244  29.6569  9.09353  35.1821  13.1258  24.4898  4.27505  10.9052  0.711433  0.684393  0.233187  0.11489  0.14054  0.645623  0.928811  0.396962  0.793791  0.181928  0.431682  0.978564  0.245915  0.312123  0.63547  0.917732  0.289483  0.823804  0.239304  0.879552  0.31252  0.556585  0.0929358  0.227191  
0.371068  3.53074  5.87671  0.328573  5.28766  5.54197  6.42119  3.389  15.5618  2.98485  12.0559  3.20162  4.87619  1.80805  24.0388  12.0778  29.4147  25.1209  27.2878  3.42387  29.2956  29.8125  10.8005  35.2514  0.185534  0.882684  0.979452  0.0410717  0.528766  0.461831  0.458657  0.211812  0.864542  0.149242  0.547994  0.133401  0.187546  0.0645733  0.801293  0.377431  0.86514  0.697803  0.718099  0.0855967  0.697515  0.677558  0.234793  0.734403  
1.33874  3.79715  4.62131  0.0655286  7.46345  10.1766  11.4961  7.50341  12.8772  14.094  13.192  16.9615  5.47484  17.38  29.4209  16.7064  8.00543  8.34164  0.291519  8.36693  21.9288  12.3335  35.7884  22.314  0.669372  0.949287  0.770219  0.00819107  0.746345  0.848049  0.821151  0.468963  0.715403  0.704701  0.599636  0.70673  0.210571  0.620714  0.980697  0.522074  0.235454  0.231712  0.00767155  0.209173  0.522114  0.280308  0.778008  0.464875  
0.742131  3.63572  3.88294  7.73669  7.82537  9.65581  12.8414  14.5669  4.99764  9.44892  4.18058  7.31196  9.48686  22.8425  1.13992  2.26105  24.419  17.9368  2.9685  10.5568  19.9225  42.1663  15.1176  16.5536  0.371066  0.908929  0.647157  0.967086  0.782537  0.804651  0.917243  0.91043  0.277647  0.472446  0.190026  0.304665  0.364879  0.815804  0.0379972  0.0706579  0.718207  0.498244  0.0781185  0.263921  0.474344  0.958325  0.328642  0.344866  
1.45432  0.741106  4.96621  3.12233  3.05155  6.27938  9.12274  2.18481  8.41462  5.00183  5.00614  19.4419  6.62036  21.3172  19.7061  10.3683  11.7558  21.7523  22.8112  6.27975  38.8826  24.6132  6.0524  44.6059  0.727159  0.185277  0.827701  0.390292  0.305155  0.523282  0.651624  0.136551  0.467479  0.250092  0.227552  0.810078  0.254629  0.761327  0.65687  0.324009  0.345758  0.60423  0.600295  0.156994  0.925776  0.559391  0.131574  0.929289  
0.893855  2.64008  5.28035  0.14507  0.762976  11.0639  2.00091  0.68799  9.68441  10.9936  17.2889  20.5246  16.6432  27.376  10.6846  29.9305  4.6256  13.2495  22.842  38.4182  17.8207  27.5727  38.2122  43.111  0.446927  0.660019  0.880058  0.0181337  0.0762976  0.921993  0.142922  0.0429994  0.538023  0.549679  0.785858  0.85519  0.640124  0.977714  0.356154  0.935329  0.136047  0.368041  0.601105  0.960454  0.424302  0.626653  0.830699  0.898147  
0.601881  0.587541  4.14116  2.87339  2.82393  9.31846  2.69907  4.80077  0.711766  4.09528  13.3848  23.8184  20.617  17.7586  10.4009  19.427  0.598798  29.4768  15.7871  34.8861  5.30038  18.2771  23.6816  7.61283  0.300941  0.146885  0.690193  0.359173  0.282393  0.776538  0.192791  0.300048  0.0395425  0.204764  0.608399  0.992434  0.79296  0.634234  0.346695  0.607093  0.0176117  0.818799  0.41545  0.872151  0.126199  0.415389  0.514818  0.158601  
1.72638  3.26739  5.45728  3.67207  5.80059  4.80975  6.81886  8.67068  5.45303  6.6771  21.9542  23.773  24.8147  2.69285  7.90231  12.0615  0.988665  10.548  5.3329  38.4019  28.8215  32.8667  19.6634  1.40621  0.863192  0.816847  0.909547  0.459008  0.580059  0.400813  0.487062  0.541917  0.302946  0.333855  0.997916  0.99054  0.954412  0.0961731  0.26341  0.376921  0.0290784  0.293  0.140339  0.960047  0.686227  0.746971  0.427465  0.0292961  
0.586604  0.177212  2.13433  4.77736  3.93472  8.29934  12.6124  6.40686  3.37094  9.40458  10.8288  21.5442  24.5554  20.2919  21.7178  24.5557  5.70561  35.6778  2.40309  18.4385  7.39798  33.7948  5.68487  11.8074  0.293302  0.044303  0.355721  0.59717  0.393472  0.691612  0.900885  0.400429  0.187274  0.470229  0.492218  0.897674  0.94444  0.724712  0.723927  0.767367  0.167812  0.991051  0.0632392  0.460962  0.176142  0.768063  0.123584  0.245987  
1.2847  1.74784  3.2446  5.4926  9.27388  9.43947  9.27644  6.48464  9.63015  6.93058  19.0213  16.7358  14.5979  25.7502  12.5752  5.39032  16.8234  17.3097  26.6258  35.203  25.9422  4.30895  42.0528  28.8215  0.642351  0.436961  0.540767  0.686575  0.927388  0.786623  0.662603  0.40529  0.535008  0.346529  0.864604  0.697326  0.561457  0.919648  0.419173  0.168448  0.494805  0.480825  0.700679  0.880076  0.617671  0.0979308  0.914192  0.600448  
1.44865  1.34603  4.86968  4.18358  0.962629  10.5361  12.1002  2.04779  3.23675  0.069442  13.5968  15.0997  12.2661  17.0472  28.0807  8.48225  23.0129  32.7597  23.2493  6.23977  19.7297  31.1543  17.7267  17.4756  0.724326  0.336508  0.811613  0.522947  0.0962629  0.878009  0.864302  0.127987  0.179819  0.0034721  0.618035  0.629154  0.471775  0.60883  0.936025  0.26507  0.676849  0.90999  0.611824  0.155994  0.469754  0.708052  0.385363  0.364075  
1.88185  1.94574  2.92124  3.67996  4.83042  0.831889  11.3819  4.20155  11.3  19.8007  12.8504  1.81826  10.2063  11.7117  4.39311  19.8619  25.5505  0.494745  9.783  37.8243  32.3943  22.6482  20.8785  37.7856  0.940926  0.486435  0.486874  0.459995  0.483042  0.0693241  0.812993  0.262597  0.627776  0.990033  0.584107  0.0757609  0.39255  0.418275  0.146437  0.620684  0.751487  0.0137429  0.257447  0.945608  0.771293  0.514732  0.45388  0.787199  
0.576522  2.50779  5.90751  1.20456  7.85285  2.91108  1.31581  11.7355  8.52396  6.9499  9.36053  14.1146  4.00196  2.90067  25.6985  25.9775  21.0171  7.33851  14.4141  25.5026  38.5338  1.82451  1.15789  9.85983  0.288261  0.626947  0.984584  0.15057  0.785285  0.24259  0.0939867  0.733466  0.473553  0.347495  0.425479  0.588109  0.153921  0.103595  0.856616  0.811797  0.618149  0.203848  0.379319  0.637566  0.917472  0.0414662  0.0251714  0.205413  
0.73131  2.39514  0.442474  4.37727  2.97762  9.82076  3.4402  14.9563  14.8258  14.1593  6.36416  9.68467  12.8517  25.7784  11.0024  6.75586  15.6117  8.51062  21.2037  4.41007  39.1014  0.706041  25.2275  13.7805  0.365655  0.598784  0.0737456  0.547159  0.297762  0.818397  0.245729  0.934771  0.823655  0.707967  0.28928  0.403528  0.494296  0.920656  0.366747  0.211121  0.459166  0.236406  0.557992  0.110252  0.930985  0.0160464  0.548425  0.287094  
1.48191  3.81503  3.19673  2.82627  4.17526  8.84737  10.9032  2.84062  8.88596  17.3677  17.1326  17.4879  0.400634  9.41964  26.0992  16.6983  20.7033  28.2059  23.1636  38.4872  35.5354  19.6202  40.5714  12.4419  0.740956  0.953757  0.532788  0.353283  0.417526  0.73728  0.7788  0.177539  0.493664  0.868384  0.778756  0.728664  0.015409  0.336416  0.869973  0.521823  0.608921  0.783497  0.609568  0.962179  0.846081  0.445914  0.881986  0.259205  
1.35746  1.37769  3.22587  6.76664  7.86897  10.7285  13.0256  3.83294  6.1392  4.05215  4.51445  16.9954  22.87  27.6503  15.3458  23.8464  26.2811  15.5545  29.9149  17.6  35.3156  30.729  17.6178  12.5951  0.678728  0.344422  0.537646  0.84583  0.786897  0.89404  0.9304  0.239559  0.341067  0.202607  0.205202  0.70814  0.879616  0.987512  0.511528  0.7452  0.772973  0.43207  0.787234  0.44  0.840847  0.698387  0.382996  0.262398  
0.46421  2.62252  2.25472  7.99458  8.74472  2.83081  0.252755  3.89073  14.293  14.8338  17.6003  7.72014  0.975882  26.2108  2.27349  5.47091  2.7642  21.8352  37.1302  32.2387  25.5247  4.88951  10.5757  6.07195  0.232105  0.65563  0.375787  0.999323  0.874472  0.235901  0.0180539  0.243171  0.794055  0.741688  0.800013  0.321673  0.0375339  0.936099  0.0757831  0.170966  0.0813  0.606533  0.977111  0.805969  0.607732  0.111125  0.229907  0.126499  
1.56251  0.327925  0.0891427  1.99045  0.969709  0.915003  12.6183  2.77367  1.40158  7.09283  15.0392  4.78419  4.0072  23.2624  16.3137  10.2767  25.5504  2.01853  2.03713  30.609  20.7775  9.67233  13.5374  45.2467  0.781254  0.0819813  0.0148571  0.248806  0.0969709  0.0762502  0.901304  0.173354  0.0778656  0.354641  0.683599  0.199341  0.154123  0.830798  0.54379  0.321148  0.751482  0.0560703  0.0536087  0.765225  0.494703  0.219826  0.294292  0.94264  
0.934704  0.0464293  2.82447  0.662508  1.71325  9.01134  8.24997  4.41024  10.6519  11.1947  0.410599  21.3339  4.44527  23.2311  0.598121  8.60756  33.7551  12.6842  19.3705  12.1312  25.4204  0.51105  21.8449  8.14256  0.467352  0.0116073  0.470746  0.0828135  0.171325  0.750945  0.589284  0.27564  0.59177  0.559733  0.0186636  0.888914  0.170972  0.829682  0.0199374  0.268986  0.992796  0.352338  0.50975  0.303281  0.605249  0.0116148  0.47489  0.169637  
0.621763  0.103347  3.10835  4.90153  8.97261  0.590644  0.761959  7.00232  8.30723  10.7394  12.0063  22.3833  14.9985  16.2072  16.1943  13.6572  19.9603  12.3026  27.8824  2.87931  8.4736  11.0274  35.3115  37.0795  0.310881  0.0258368  0.518058  0.612691  0.897261  0.0492203  0.0544257  0.437645  0.461513  0.536972  0.545742  0.932637  0.576865  0.57883  0.53981  0.426786  0.587069  0.34174  0.733748  0.0719827  0.201752  0.250622  0.767641  0.772489  
0.518223  1.97718  2.18032  3.84826  9.58729  5.29166  10.6912  0.964241  16.3267  3.31722  8.50029  12.6382  24.5343  20.2911  7.65085  12.139  12.5994  8.49102  31.6021  9.40462  13.0048  22.3762  43.5258  35.0866  0.259111  0.494295  0.363387  0.481032  0.958729  0.440972  0.763656  0.0602651  0.907041  0.165861  0.386377  0.526593  0.943626  0.724681  0.255028  0.379344  0.370571  0.235862  0.831633  0.235116  0.309637  0.508549  0.946214  0.730971  
0.282687  2.04616  2.44016  2.41547  3.87824  6.53925  1.80617  13.669  0.255912  12.6449  0.438846  2.83366  23.3468  25.6789  3.7752  20.2096  9.70822  4.00992  27.1621  32.2262  12.9076  38.6153  42.6274  37.165  0.141344  0.51154  0.406693  0.301934  0.387824  0.544937  0.129012  0.854314  0.0142173  0.632245  0.0199475  0.118069  0.897952  0.917105  0.12584  0.631549  0.285536  0.111387  0.714792  0.805654  0.307323  0.877619  0.926684  0.77427  
0.55182  3.76977  1.82936  3.73309  7.01349  6.55935  4.86048  3.60483  9.37857  5.39653  10.4232  16.4894  1.49939  15.9274  10.9097  8.14259  0.62981  13.2549  34.0751  16.0056  0.12377  41.4518  22.0662  40.7327  0.27591  0.942442  0.304893  0.466636  0.701349  0.546612  0.347177  0.225302  0.521032  0.269827  0.473783  0.687058  0.0576689  0.568837  0.363657  0.254456  0.0185238  0.368192  0.896714  0.40014  0.00294691  0.942086  0.479701  0.848597  
1.36457  0.838283  1.72388  1.03357  5.93488  7.13602  8.4092  4.436  7.67326  14.6405  18.5989  11.0012  12.4551  17.3135  11.7491  28.7438  13.9365  34.0424  21.326  10.196  18.9758  25.008  12.2192  32.4408  0.682287  0.209571  0.287314  0.129196  0.593488  0.594668  0.600657  0.27725  0.426292  0.732025  0.845404  0.458382  0.479041  0.618339  0.391636  0.898243  0.409896  0.945623  0.561211  0.2549  0.451804  0.568364  0.265636  0.675851  
1.51499  1.5611  2.67575  2.97491  3.77327  9.69847  5.7017  4.15731  3.93326  10.4741  6.93213  18.2945  16.8475  1.69504  15.5908  4.32031  6.99412  1.32898  0.329753  39.8734  21.5733  8.53887  30.312  1.57116  0.757496  0.390275  0.445959  0.371864  0.377327  0.808206  0.407265  0.259832  0.218515  0.523706  0.315097  0.76227  0.64798  0.0605371  0.519694  0.13501  0.205709  0.036916  0.00867772  0.996835  0.51365  0.194065  0.658957  0.0327326  
0.300824  3.81354  1.04045  0.722761  6.1804  10.5705  11.0718  11.4078  1.90627  15.7244  18.5272  21.6952  15.8393  2.84159  20.1425  20.1162  22.2196  12.7474  21.4115  26.9009  22.2404  3.86207  5.02709  45.4632  0.150412  0.953386  0.173408  0.0903451  0.61804  0.880872  0.79084  0.712985  0.105904  0.786221  0.842147  0.903968  0.609203  0.101485  0.671416  0.628632  0.653518  0.354095  0.563461  0.672523  0.529534  0.0877743  0.109285  0.94715  
1.57392  2.70363  5.50577  7.66843  7.07773  11.2874  0.833192  5.73414  9.08381  8.03378  2.65615  8.40984  14.3525  16.7285  3.00127  17.5994  6.87739  4.73615  8.439  17.6566  26.9047  0.99768  15.105  41.3816  0.786958  0.675908  0.917629  0.958554  0.707773  0.940614  0.0595137  0.358383  0.504656  0.401689  0.120734  0.35041  0.552017  0.597447  0.100042  0.549981  0.202276  0.13156  0.222079  0.441415  0.640588  0.0226746  0.32837  0.862117  
0.033309  2.40978  5.17813  7.24952  2.56182  3.56643  7.64915  0.344889  11.1672  16.6993  14.8388  8.9859  20.9355  6.62605  22.4056  10.2696  7.21733  16.235  4.77533  3.29937  5.99277  27.2778  42.5725  6.6521  0.0166545  0.602444  0.863021  0.90619  0.256182  0.297202  0.546368  0.0215556  0.6204  0.834966  0.674492  0.374413  0.80521  0.236645  0.746853  0.320924  0.212274  0.450973  0.125667  0.0824842  0.142685  0.61995  0.92549  0.138585  
1.19188  1.06271  5.87387  1.78622  8.19634  0.215298  0.304077  6.34025  3.79474  19.0111  5.91797  1.36184  5.5966  15.3163  16.6093  6.57798  2.8795  30.727  22.7674  2.26444  5.94562  40.7734  29.9676  3.11842  0.595942  0.265678  0.978978  0.223278  0.819634  0.0179415  0.0217198  0.396266  0.210819  0.950556  0.268999  0.0567435  0.215254  0.547012  0.553643  0.205562  0.0846911  0.853528  0.599142  0.0566109  0.141562  0.926668  0.651469  0.0649672  
0.442507  0.470447  0.588224  2.66318  3.25182  1.56767  4.24537  1.06821  9.17643  3.69237  14.2648  18.0471  13.7086  10.6613  10.2575  5.92367  10.8974  17.9242  19.1278  32.0734  9.08763  16.2522  10.8558  38.8012  0.221253  0.117612  0.0980373  0.332897  0.325182  0.130639  0.30324  0.066763  0.509802  0.184619  0.6484  0.751963  0.527255  0.380759  0.341916  0.185115  0.320513  0.497895  0.503364  0.801836  0.216372  0.369369  0.235997  0.808358  
0.170774  2.50082  4.06898  3.54077  0.723402  9.14146  13.1917  9.0707  7.26704  7.39447  4.57327  1.36967  7.77848  21.9012  29.3443  20.3175  15.8964  12.0504  15.4844  16.6913  24.0998  18.8325  3.73426  3.26199  0.085387  0.625205  0.678163  0.442597  0.0723402  0.761788  0.942263  0.566919  0.403724  0.369723  0.207876  0.0570696  0.299172  0.782187  0.978145  0.634923  0.46754  0.334732  0.407485  0.417283  0.573804  0.428012  0.0811796  0.0679582  
0.319545  0.318022  5.69842  6.94934  5.39256  0.791021  8.48184  2.6968  8.96147  16.63  19.6416  6.19651  2.23446  9.24394  2.63945  3.63256  19.4695  22.1636  26.6326  17.2533  11.0602  37.8413  26.1232  34.711  0.159773  0.0795054  0.949737  0.868668  0.539256  0.0659184  0.605846  0.16855  0.497859  0.831499  0.892799  0.258188  0.0859406  0.330141  0.0879818  0.113517  0.572631  0.615655  0.700858  0.431331  0.263339  0.860029  0.567895  0.723146  
0.6943  3.76953  2.51419  7.93959  8.55306  9.29953  6.00105  2.1298  6.11057  5.86339  19.9576  14.3037  15.6887  9.66867  20.5971  16.9429  29.4323  27.2872  16.2843  12.3466  41.0994  7.8012  34.3386  26.8352  0.34715  0.942383  0.419031  0.992448  0.855306  0.774961  0.428646  0.133112  0.339476  0.29317  0.907165  0.595987  0.603412  0.34531  0.686569  0.529464  0.865657  0.757977  0.428534  0.308666  0.978557  0.1773  0.746492  0.559067  
1.00804  0.743383  3.14174  0.221493  4.88913  3.485  1.15314  0.277677  9.77806  5.45409  4.51455  21.823  3.23291  25.2773  28.8133  9.28165  0.197679  31.3654  9.74527  28.6472  38.8006  38.2149  36.919  29.8946  0.50402  0.185846  0.523623  0.0276867  0.488913  0.290417  0.082367  0.0173548  0.543225  0.272704  0.205207  0.909292  0.124343  0.902759  0.960445  0.290052  0.00581409  0.871262  0.256454  0.716179  0.923823  0.868522  0.802587  0.622804  
0.173431  1.42021  5.76444  5.85401  6.13186  7.44411  3.42485  11.9195  0.522813  4.38643  13.1616  2.51698  12.2794  21.5598  7.62922  20.6268  0.352431  12.7077  8.56431  12.9963  40.1861  41.3577  32.9752  41.3141  0.0867156  0.355053  0.96074  0.731752  0.613186  0.620343  0.244632  0.744967  0.0290452  0.219321  0.598253  0.104874  0.472286  0.769994  0.254307  0.644589  0.0103656  0.352992  0.225377  0.324906  0.956812  0.939948  0.716852  0.860711  
1.20176  3.30311  4.23671  2.33812  0.644309  7.56006  2.75231  15.8361  9.89392  19.5007  12.2966  13.5806  21.9411  20.8412  17.7048  18.4859  22.4281  3.49067  21.2072  7.99699  34.9908  8.22265  4.49437  4.27818  0.600878  0.825778  0.706118  0.292265  0.0644309  0.630005  0.196593  0.989757  0.549662  0.975036  0.558936  0.565859  0.843887  0.744328  0.590159  0.577685  0.659649  0.0969631  0.558084  0.199925  0.833115  0.186879  0.0977037  0.0891287  
1.11047  0.719786  3.91642  5.32253  6.30144  11.3802  10.9072  10.9783  2.265  17.0249  11.7129  13.1009  10.8035  2.08206  16.4887  15.0845  30.4482  34.2986  26.4324  32.2373  14.9314  43.5425  26.81  13.0684  0.555236  0.179947  0.652737  0.665316  0.630144  0.94835  0.779086  0.686141  0.125834  0.851243  0.532404  0.545869  0.415519  0.0743592  0.549625  0.471389  0.895535  0.952739  0.695589  0.805933  0.35551  0.989602  0.582826  0.272258  
0.951018  1.91231  1.13463  2.78304  1.50333  1.71278  11.1029  10.523  0.364206  18.15  8.20979  19.0223  23.6514  24.055  7.63739  27.5683  17.5634  2.47402  4.36179  33.9193  10.2104  11.5073  42.3169  30.4324  0.475509  0.478078  0.189105  0.347879  0.150333  0.142732  0.793065  0.657687  0.0202337  0.907498  0.373172  0.792597  0.909668  0.859107  0.25458  0.861511  0.516571  0.0687228  0.114784  0.847982  0.243104  0.261529  0.919932  0.634008  
1.40312  1.62118  0.745303  6.63629  3.89965  0.772421  4.30428  7.32583  3.15328  0.344433  13.2068  3.78411  1.44047  21.5269  10.0427  12.4161  19.6301  27.2818  20.6277  19.3992  6.35161  8.39861  29.7563  9.1649  0.701559  0.405296  0.124217  0.829537  0.389965  0.0643684  0.307449  0.457865  0.175182  0.0172216  0.600311  0.157671  0.0554028  0.768818  0.334755  0.388004  0.577356  0.757828  0.542835  0.48498  0.151229  0.190878  0.646875  0.190935  
0.403403  0.41608  5.28287  0.912899  6.41241  0.877534  2.91887  4.97617  6.68779  10.6728  4.68255  0.645082  18.1224  5.35821  7.10035  12.6146  30.0041  1.97595  26.8097  20.9286  21.2207  5.51517  37.9522  16.9889  0.201701  0.10402  0.880478  0.114112  0.641241  0.0731278  0.208491  0.311011  0.371544  0.533642  0.212843  0.0268784  0.697017  0.191365  0.236678  0.394207  0.882473  0.0548874  0.705518  0.523214  0.505256  0.125345  0.825048  0.353936  
1.91527  2.44471  3.30014  3.02857  8.39444  0.740847  12.3831  13.0674  6.20898  5.98662  12.3128  11.013  2.03711  18.1985  12.7565  22.9663  2.48168  31.5388  12.0786  19.0575  26.5351  14.1771  24.3604  5.90567  0.957633  0.611177  0.550024  0.378571  0.839444  0.0617372  0.884505  0.816713  0.344943  0.299331  0.559672  0.458877  0.0783504  0.649946  0.425218  0.717695  0.0729905  0.876076  0.317857  0.476439  0.631789  0.322208  0.529574  0.123035  
0.656926  0.124767  5.60538  4.53561  9.40514  3.89805  0.350462  10.4335  6.02304  15.6974  12.3083  7.11951  19.1718  19.3672  10.2601  27.9505  28.4327  7.0129  34.5457  39.4911  14.9473  1.38982  24.1293  14.1974  0.328463  0.0311917  0.93423  0.566951  0.940514  0.324837  0.025033  0.652096  0.334613  0.784869  0.559469  0.296646  0.737378  0.691685  0.342003  0.873454  0.836255  0.194803  0.909099  0.987277  0.355887  0.0315867  0.52455  0.295779  
0.410207  1.8607  1.82895  5.4158  8.69138  0.688806  13.7959  13.7122  13.3465  19.6257  12.141  15.38  2.96361  27.3865  28.1085  1.9679  23.2219  22.3055  15.8622  2.49882  26.061  36.5994  45.4143  42.8061  0.205103  0.465175  0.304825  0.676975  0.869138  0.0574005  0.985423  0.857014  0.741474  0.981286  0.551864  0.640834  0.113985  0.97809  0.936949  0.0614969  0.682996  0.619597  0.417426  0.0624706  0.6205  0.831804  0.987268  0.891793  
1.5262  1.83039  0.484456  7.38796  2.46291  8.11187  6.79093  7.83983  17.6042  3.6961  17.9972  7.71792  1.64332  20.4448  1.04178  19.162  17.6467  28.4458  23.5451  18.6412  31.66  14.5574  21.7411  14.6544  0.7631  0.457597  0.0807427  0.923495  0.246291  0.675989  0.485067  0.48999  0.978013  0.184805  0.818053  0.32158  0.0632045  0.730173  0.0347259  0.598812  0.519019  0.79016  0.619609  0.46603  0.753809  0.330849  0.472632  0.3053  
0.602813  2.65834  2.07166  5.52938  6.32496  7.41192  4.58568  15.2177  12.1566  12.8948  3.61288  10.1171  22.5384  16.3985  12.8816  13.6577  29.0539  13.4556  32.8285  20.1668  2.72274  34.0825  17.6657  4.41795  0.301406  0.664585  0.345276  0.691172  0.632496  0.61766  0.327548  0.951109  0.675368  0.64474  0.164222  0.421545  0.866862  0.585662  0.429386  0.426802  0.854526  0.373767  0.863907  0.504171  0.0648271  0.774603  0.384037  0.0920407  
1.44544  0.955927  2.27365  5.92551  2.31845  7.78648  11.8195  4.46907  5.14765  0.717204  4.02827  13.3728  5.44605  22.2314  14.7847  6.78309  23.2308  16.8061  0.939159  39.851  39.5695  30.0102  35.4975  4.25995  0.72272  0.238982  0.378942  0.740688  0.231845  0.648873  0.844251  0.279317  0.285981  0.0358602  0.183103  0.557201  0.209463  0.793979  0.492823  0.211972  0.683258  0.466837  0.0247147  0.996276  0.942131  0.682051  0.771684  0.088749  
1.43792  2.98214  3.42428  0.552264  7.62703  6.23919  10.7823  8.07368  8.88765  19.1082  19.4649  0.996928  14.8465  22.0165  0.337603  14.3556  15.2227  29.9746  22.6336  39.4995  36.8194  29.4231  27.2214  32.552  0.718958  0.745535  0.570713  0.069033  0.762703  0.519932  0.770164  0.504605  0.493758  0.955412  0.884767  0.0415386  0.571021  0.786304  0.0112534  0.448612  0.447728  0.832629  0.595622  0.987487  0.876653  0.668707  0.591771  0.678166  
0.0531586  2.61862  5.5627  0.223708  9.56756  2.77338  9.18855  10.9849  5.78039  4.23549  19.0783  5.70337  16.4894  11.149  4.95768  28.6746  6.50774  20.7384  1.80863  11.2408  9.99396  40.9124  16.6602  28.4125  0.0265793  0.654655  0.927117  0.0279634  0.956756  0.231115  0.656325  0.686558  0.321133  0.211774  0.867196  0.237641  0.634206  0.398179  0.165256  0.896082  0.191404  0.576067  0.0475954  0.28102  0.237951  0.929827  0.362177  0.591927  
0.942288  1.09536  5.36503  0.325769  6.68169  5.58772  4.27177  6.79724  11.0282  19.9936  18.0279  10.0621  15.1015  26.346  14.8355  10.1669  3.15422  26.0162  37.6637  21.256  41.7737  4.26778  30.5415  36.6555  0.471144  0.273839  0.894172  0.0407211  0.668169  0.465643  0.305126  0.424827  0.612679  0.999679  0.819451  0.419254  0.580825  0.940929  0.494518  0.317715  0.0927711  0.722671  0.99115  0.5314  0.994613  0.0969951  0.663945  0.763656  
1.35094  2.12834  0.132091  4.30653  3.00459  0.5754  9.49625  14.8568  0.136269  17.4511  3.72363  3.33311  21.9868  4.50526  7.178  13.0507  12.0674  0.568963  17.499  27.1032  26.909  18.8695  9.25882  32.2823  0.675471  0.532084  0.0220151  0.538316  0.300459  0.04795  0.678304  0.928551  0.00757048  0.872557  0.169256  0.13888  0.845645  0.160902  0.239267  0.407833  0.354923  0.0158045  0.460501  0.67758  0.640691  0.428852  0.201279  0.672548  
0.668762  3.3915  0.47856  2.98964  7.05024  6.95577  11.6914  8.33581  15.4983  3.6181  7.79255  17.5375  3.73093  20.9485  16.9405  28.5344  20.7169  15.219  19.2139  31.4926  33.2789  2.38665  13.5691  45.6014  0.334381  0.847875  0.07976  0.373704  0.705024  0.579648  0.835102  0.520988  0.861019  0.180905  0.354207  0.730729  0.143497  0.74816  0.564683  0.891699  0.609322  0.422749  0.505629  0.787315  0.792354  0.054242  0.294981  0.950028  
0.095373  3.90438  1.12132  3.79064  2.58677  3.93901  4.28341  13.6538  13.7812  11.061  12.418  0.996399  25.3851  12.0701  4.09388  15.2495  22.4679  28.1666  3.89239  29.9818  25.2115  19.0348  24.3791  2.2551  0.0476865  0.976094  0.186887  0.47383  0.258677  0.328251  0.305958  0.853364  0.765625  0.553051  0.564456  0.0415166  0.97635  0.431074  0.136463  0.476546  0.660821  0.782406  0.102431  0.749546  0.600274  0.432609  0.529981  0.0469813  
1.12629  0.65892  0.675786  4.36453  2.77738  2.34804  11.7346  1.98774  9.67196  16.8144  5.51551  0.754672  14.7337  6.89845  1.58386  15.8849  31.6551  18.3604  26.3402  28.1307  7.25398  15.861  11.0429  5.51817  0.563146  0.16473  0.112631  0.545566  0.277738  0.19567  0.838185  0.124234  0.537331  0.840719  0.250705  0.0314447  0.566681  0.246373  0.0527953  0.496403  0.931032  0.51001  0.693163  0.703269  0.172714  0.360477  0.240063  0.114962  
0.582839  3.49464  4.55397  7.76098  5.44222  10.1087  0.0609209  13.5521  15.2625  0.772194  4.81075  17.7715  14.1517  15.3666  18.5866  15.7854  22.4181  32.6915  2.98958  29.1177  35.7225  28.6861  9.7464  38.9136  0.29142  0.87366  0.758996  0.970122  0.544222  0.842393  0.00435149  0.847005  0.847916  0.0386097  0.218671  0.740479  0.544296  0.548806  0.619555  0.493294  0.659357  0.908096  0.0786731  0.727942  0.850537  0.651957  0.211878  0.810699  
0.110788  3.24552  5.65917  4.33832  9.13457  0.596129  5.69372  2.20855  3.36333  0.411076  11.7228  13.5876  8.15979  24.9533  24.4565  20.7156  6.36217  2.84234  37.5933  32.3361  15.4755  29.4003  29.7054  39.5474  0.0553939  0.81138  0.943196  0.54229  0.913457  0.0496774  0.406694  0.138034  0.186852  0.0205538  0.532856  0.566149  0.313838  0.89119  0.815216  0.647361  0.187123  0.0789539  0.989298  0.808403  0.368463  0.668189  0.64577  0.823904  
0.884888  3.56048  0.126042  1.09815  9.2181  3.53759  0.917571  15.2807  0.189196  19.7552  20.4104  10.9918  8.72181  13.6678  17.1365  30.3873  33.0488  32.0044  19.3694  0.887409  0.486319  17.1502  29.9997  47.906  0.442444  0.89012  0.021007  0.137269  0.92181  0.294799  0.0655408  0.955043  0.0105109  0.987759  0.927748  0.457993  0.335454  0.488137  0.571215  0.949602  0.972025  0.88901  0.509721  0.0221852  0.011579  0.389777  0.652168  0.998041  
0.141401  1.23099  0.33414  4.40425  6.42969  11.151  3.84704  5.95885  9.85452  4.31241  9.64998  20.6932  18.0795  11.4138  1.88923  12.5627  24.8572  7.03146  5.13183  32.8614  5.95068  14.4187  28.6297  21.4386  0.0707005  0.307747  0.05569  0.550532  0.642969  0.929247  0.274789  0.372428  0.547473  0.21562  0.438636  0.862217  0.695364  0.407636  0.0629742  0.392584  0.731093  0.195318  0.135048  0.821535  0.141683  0.327699  0.622384  0.446637  
1.37734  3.00837  4.25222  4.37817  8.11814  3.25651  7.50351  7.89113  8.0727  18.0429  20.3649  14.6545  7.59434  16.5283  13.9469  8.20986  29.6348  32.279  36.8529  26.0045  38.2002  4.58391  40.6322  47.3208  0.688672  0.752093  0.708704  0.547271  0.811814  0.271376  0.535965  0.493195  0.448483  0.902143  0.925678  0.610605  0.29209  0.590295  0.464897  0.256558  0.871613  0.89664  0.969814  0.650113  0.909528  0.10418  0.883309  0.98585  
1.98409  0.044327  1.10645  0.420622  6.95937  6.25974  13.6123  12.8048  3.18458  3.46428  21.1859  19.976  19.8698  18.5121  29.6069  10.762  18.593  23.3451  5.05646  10.074  33.6106  39.6123  20.6465  16.9374  0.992045  0.0110817  0.184408  0.0525778  0.695937  0.521645  0.972304  0.8003  0.176921  0.173214  0.962996  0.832333  0.764224  0.661147  0.986897  0.336312  0.546853  0.648476  0.133065  0.251849  0.800252  0.900279  0.448837  0.352863  
0.434186  0.844952  4.47371  6.00358  2.97939  10.0312  2.42312  9.47367  2.79412  1.61984  20.1334  20.5443  6.06508  17.2839  15.6743  9.00213  9.8503  32.5702  26.2906  2.14336  2.32152  30.4152  11.6532  40.7466  0.217093  0.211238  0.745619  0.750447  0.297939  0.835936  0.17308  0.592105  0.155229  0.080992  0.915155  0.856014  0.233272  0.617282  0.522476  0.281317  0.289715  0.904727  0.691859  0.053584  0.0552744  0.691256  0.253331  0.848888  
0.396606  0.429123  2.12751  0.788866  9.17392  2.25971  6.33279  0.508219  5.79989  1.66584  7.16774  23.4691  23.3958  2.96113  20.202  6.45283  19.4092  4.93359  26.755  32.2699  18.7958  4.04082  27.1039  21.084  0.198303  0.107281  0.354585  0.0986082  0.917392  0.188309  0.452342  0.0317637  0.322216  0.083292  0.325806  0.977879  0.899838  0.105754  0.673399  0.201651  0.57086  0.137044  0.704078  0.806747  0.447519  0.0918369  0.589215  0.43925  
1.84913  1.82781  4.1477  0.0869716  9.05028  2.5038  5.92532  9.22048  15.4689  15.3001  16.7662  16.2116  11.7951  15.1293  24.6957  3.50188  15.0703  22.6455  27.5162  7.02979  23.5539  15.3108  13.0508  13.5852  0.924567  0.456953  0.691283  0.0108714  0.905028  0.20865  0.423237  0.57628  0.859386  0.765004  0.7621  0.675485  0.453659  0.540334  0.823189  0.109434  0.443245  0.629042  0.724111  0.175745  0.560807  0.347973  0.283712  0.283025  
1.70944  1.44922  2.06111  1.85693  7.3446  6.38669  5.64543  1.24994  12.1976  6.19757  13.71  8.67548  2.93604  23.4253  21.5574  3.96409  23.3869  15.2517  25.1002  27.5402  15.6665  5.73778  36.7649  7.17314  0.854722  0.362305  0.343518  0.232116  0.73446  0.532224  0.403245  0.0781215  0.677645  0.309878  0.62318  0.361478  0.112925  0.836619  0.718581  0.123878  0.68785  0.42366  0.660531  0.688506  0.373012  0.130404  0.799236  0.14944  
0.850272  0.629617  0.299744  7.87566  8.94169  7.04112  1.56402  1.57509  1.86516  11.7713  8.52134  17.086  4.01603  7.40381  4.13195  22.4666  14.3561  29.641  23.652  33.6739  28.7115  4.38058  18.6872  44.956  0.425136  0.157404  0.0499573  0.984458  0.894169  0.58676  0.111715  0.0984433  0.10362  0.588564  0.387334  0.711917  0.154463  0.264422  0.137732  0.702082  0.422239  0.82336  0.622421  0.841848  0.683607  0.0995585  0.406245  0.936584  
1.01263  1.8666  0.559496  2.47885  4.30016  1.62843  7.58464  4.47673  0.139174  16.612  6.97032  12.667  9.23793  3.65026  23.5886  4.39586  20.6005  8.85955  18.8976  24.0219  21.7048  22.9373  10.4479  27.2183  0.506315  0.466649  0.0932494  0.309856  0.430016  0.135702  0.54176  0.279795  0.00773191  0.8306  0.316833  0.527791  0.355305  0.130366  0.786286  0.137371  0.605898  0.246099  0.497305  0.600548  0.51678  0.521302  0.227129  0.567049  
0.467808  0.49184  0.564177  3.86815  8.38774  9.21997  13.9927  0.295433  10.7258  9.81656  7.64118  12.5707  10.3006  25.562  28.0734  25.996  27.5851  22.0746  10.8021  34.2338  30.7938  42.8554  2.7747  32.3376  0.233904  0.12296  0.0940294  0.483519  0.838774  0.768331  0.999481  0.0184646  0.595876  0.490828  0.347326  0.523777  0.396175  0.912927  0.935781  0.812374  0.811328  0.613185  0.284266  0.855845  0.733186  0.973987  0.0603195  0.673701  
0.778986  2.2329  4.78409  3.43206  0.94407  6.06146  2.10468  10.6937  17.2269  10.5076  6.12342  13.2382  9.97064  5.58402  3.32171  10.0486  30.0751  25.3264  10.988  33.8361  22.6692  24.3114  43.7536  20.106  0.389493  0.558225  0.797349  0.429007  0.094407  0.505121  0.150334  0.668356  0.957049  0.52538  0.278337  0.551593  0.383486  0.199429  0.110724  0.314019  0.88456  0.703511  0.289157  0.845903  0.539742  0.552531  0.951166  0.418874  
0.875215  0.95024  4.06712  2.29133  5.44756  4.12895  8.70294  12.8856  7.11292  6.14675  1.43201  9.52309  7.40578  9.49751  19.727  26.4872  25.2966  0.219446  11.2003  31.8672  35.4465  21.391  43.0366  19.2897  0.437607  0.23756  0.677854  0.286416  0.544756  0.344079  0.621638  0.805347  0.395162  0.307338  0.0650912  0.396796  0.284838  0.339197  0.657568  0.827725  0.744018  0.00609573  0.294745  0.796679  0.843965  0.486158  0.935579  0.401869  
1.39428  1.84888  4.93201  2.88183  5.09004  8.89875  7.46252  8.31426  8.44755  14.8542  11.3966  8.43912  18.5659  23.4979  28.2313  14.4829  20.2627  26.1046  16.9675  9.78792  19.3963  1.91268  45.3307  33.737  0.69714  0.46222  0.822001  0.360229  0.509004  0.741563  0.533037  0.519641  0.469308  0.742712  0.518027  0.35163  0.714074  0.839209  0.941044  0.452591  0.595963  0.725129  0.446513  0.244698  0.461817  0.04347  0.985449  0.702855  
0.20026  3.43432  1.47731  3.74485  9.94092  10.3193  0.174178  10.8837  1.49025  5.42895  8.04894  2.43823  19.7724  15.4285  17.6939  30.6333  24.1887  6.26271  14.884  20.3249  9.6308  24.5227  18.4119  38.325  0.10013  0.858579  0.246218  0.468106  0.994092  0.859938  0.0124413  0.680234  0.0827915  0.271448  0.365861  0.101593  0.760478  0.551018  0.589796  0.957292  0.711432  0.173964  0.391683  0.508123  0.229305  0.557334  0.400259  0.798438  
0.715275  0.86738  4.23838  4.19621  4.31035  5.33112  8.92276  13.4262  15.5075  7.09473  11.3762  20.6624  21.5136  5.18379  4.60589  31.9763  13.9328  21.764  13.5023  26.6338  39.8293  25.5798  3.49668  1.48258  0.357638  0.216845  0.706396  0.524526  0.431035  0.44426  0.63734  0.839137  0.861526  0.354736  0.517099  0.860932  0.827445  0.185135  0.15353  0.999259  0.409789  0.604554  0.355324  0.665845  0.948318  0.581358  0.0760148  0.030887  
0.883246  3.68865  4.37071  1.95545  5.26866  5.93264  3.41039  14.5428  6.17044  14.442  16.4674  15.6623  7.33653  6.13622  20.4836  7.23899  19.001  27.7766  34.9533  37.72  23.2845  22.1848  2.96203  0.0886982  0.441623  0.922161  0.728451  0.244432  0.526866  0.494387  0.2436  0.908922  0.342802  0.722099  0.748518  0.652594  0.282174  0.219151  0.682785  0.226218  0.558854  0.771573  0.919824  0.943  0.554392  0.504199  0.0643919  0.00184788  
0.491334  0.423477  5.96958  7.24977  2.41489  6.23404  8.38622  11.3679  11.8664  16.1009  21.329  5.11228  18.9843  7.31519  18.4421  23.0477  11.2026  1.44945  31.2579  7.72161  32.0058  1.40762  34.2036  23.6182  0.245667  0.105869  0.99493  0.906221  0.241489  0.519503  0.599016  0.710494  0.659245  0.805043  0.969502  0.213012  0.730164  0.261257  0.614737  0.72024  0.329488  0.0402624  0.822576  0.19304  0.762042  0.0319913  0.743557  0.492046  
1.97026  2.2195  1.16546  3.99469  5.57556  0.442083  9.47337  6.53476  0.106654  1.96648  4.94419  11.1162  14.6544  26.6868  14.5491  21.039  23.3582  19.1147  30.1491  15.6605  24.5801  29.7134  32.2408  16.0109  0.98513  0.554874  0.194244  0.499336  0.557556  0.0368403  0.676669  0.408422  0.00592524  0.0983241  0.224736  0.463175  0.563629  0.953099  0.48497  0.657468  0.687006  0.530963  0.793397  0.391512  0.585241  0.675305  0.700888  0.33356  
0.0664654  3.81419  2.26589  2.38235  3.1024  1.10133  4.53248  2.15683  13.7119  2.98515  8.3934  19.2008  6.71295  18.2049  9.79447  29.5529  32.4549  26.54  20.0247  39.0369  15.2295  5.16457  1.0906  4.14276  0.0332327  0.953546  0.377648  0.297794  0.31024  0.0917779  0.323749  0.134802  0.761771  0.149258  0.381518  0.800033  0.25819  0.650174  0.326482  0.923528  0.954554  0.737222  0.526967  0.975922  0.362606  0.117377  0.0237088  0.0863076  
0.158107  0.983713  3.58078  2.44851  0.928605  6.53704  4.82854  6.19597  5.73922  10.7384  19.3485  11.2157  22.5137  13.7683  16.9318  14.1585  1.76885  3.46369  4.38483  33.5373  13.5463  38.8737  45.5048  6.39179  0.0790536  0.245928  0.596797  0.306064  0.0928605  0.544753  0.344896  0.387248  0.318845  0.536921  0.879477  0.467319  0.865911  0.491725  0.564392  0.442452  0.0520251  0.0962137  0.11539  0.838433  0.322532  0.883492  0.989234  0.133162  
0.354455  3.90294  0.215131  6.88933  6.24568  3.39321  7.38312  1.50727  2.98376  11.1236  21.5511  7.56951  1.76672  10.4114  8.14795  8.16209  28.7798  26.2795  17.8354  19.3682  33.0953  35.756  15.2995  20.9971  0.177228  0.975735  0.0358552  0.861166  0.624568  0.282768  0.527366  0.0942041  0.165765  0.556182  0.979596  0.315396  0.0679508  0.371835  0.271598  0.255065  0.846463  0.729985  0.469353  0.484205  0.787984  0.812635  0.332597  0.437439  
1.42192  1.53419  3.81336  5.98909  8.26548  4.08414  9.31772  13.4483  17.8977  12.2857  2.83248  11.9326  25.7412  15.2669  11.4503  8.6978  25.3358  34.4163  28.6779  25.0745  7.54899  29.2079  13.7968  20.3235  0.710961  0.383548  0.63556  0.748636  0.826548  0.340345  0.665551  0.840518  0.994318  0.614287  0.128749  0.497193  0.990047  0.545248  0.381677  0.271806  0.745171  0.956009  0.754681  0.626864  0.179738  0.663815  0.299931  0.423406  
1.4474  3.7704  4.89757  5.55779  1.05821  11.2131  9.30354  6.30908  9.20306  11.9729  16.9122  0.49341  20.7519  22.2525  6.4865  29.8301  21.9739  25.6677  9.2269  11.3132  16.53  36.3363  34.187  44.718  0.723702  0.942599  0.816261  0.694723  0.105821  0.934426  0.664539  0.394317  0.511281  0.598645  0.768738  0.0205588  0.798148  0.794731  0.216217  0.932192  0.646291  0.712991  0.242813  0.282831  0.39357  0.825824  0.743196  0.931626  
0.334332  1.58963  2.0079  6.80731  5.56929  2.40848  6.96578  7.55869  1.47588  9.95844  14.9853  23.9574  17.2428  19.9578  5.10943  6.33189  25.0962  3.51725  23.2709  9.38337  40.1791  39.3927  15.7607  8.33426  0.167166  0.397407  0.33465  0.850914  0.556929  0.200706  0.497556  0.472418  0.0819934  0.497922  0.681148  0.998223  0.663184  0.71278  0.170314  0.197872  0.738123  0.0977015  0.612393  0.234584  0.956646  0.895288  0.342624  0.17363  
1.8426  3.98212  1.90678  1.94947  1.02311  5.70884  2.62149  2.71994  12.342  9.11167  4.03689  4.89563  1.33774  26.0745  14.3727  2.61162  16.1886  19.65  10.1099  10.2449  22.9406  12.8707  25.1751  32.7768  0.921302  0.995531  0.317797  0.243684  0.102311  0.475737  0.187249  0.169996  0.685667  0.455583  0.183495  0.203985  0.0514514  0.931234  0.479091  0.0816131  0.476136  0.545833  0.266049  0.256122  0.546206  0.292515  0.547285  0.682851  
0.0405657  2.27259  1.97067  6.90861  6.01034  9.58651  2.35367  13.0126  2.26577  14.2864  2.80955  17.1621  25.0627  9.6228  29.8944  22.2017  2.96596  14.1991  10.3189  32.7915  16.8578  38.0455  37.6273  36.3076  0.0202829  0.568148  0.328446  0.863576  0.601034  0.798876  0.168119  0.813288  0.125876  0.714321  0.127707  0.715088  0.963952  0.343671  0.996479  0.693804  0.087234  0.394419  0.27155  0.819788  0.401377  0.86467  0.817985  0.756407  
1.33287  1.20001  2.13867  5.91313  6.13989  1.18489  9.17275  9.92633  16.9453  2.70334  5.66971  15.482  21.121  25.5331  2.61059  30.5646  10.7788  27.2856  30.4812  17.0491  10.8305  36.4771  1.32803  38.5167  0.666434  0.300004  0.356445  0.739142  0.613989  0.0987406  0.655196  0.620395  0.941405  0.135167  0.257714  0.645084  0.812345  0.911895  0.0870198  0.955143  0.317022  0.757933  0.802137  0.426227  0.257868  0.829024  0.0288703  0.802431  
1.99796  3.02184  5.7766  1.35862  9.30303  9.36277  11.3765  0.427284  16.4322  13.1629  16.8671  19.6987  21.8419  20.6341  12.4617  16.6455  8.28608  29.2902  7.07634  13.1215  12.3055  11.21  5.37606  25.2514  0.99898  0.75546  0.962767  0.169828  0.930303  0.780231  0.812604  0.0267052  0.912899  0.658144  0.766686  0.820779  0.840075  0.736934  0.415389  0.520171  0.243708  0.813617  0.18622  0.328037  0.292989  0.254772  0.116871  0.52607  
1.18577  3.51496  5.1777  0.134871  9.08098  11.6336  3.33451  3.99051  8.6471  8.77877  11.0978  6.99319  21.8308  3.71506  27.6565  30.4486  13.5676  31.3133  13.5359  7.04376  3.50289  7.25312  45.0876  13.2664  0.592886  0.878739  0.86295  0.0168588  0.908098  0.96947  0.23818  0.249407  0.480395  0.438939  0.504446  0.291383  0.839647  0.132681  0.921883  0.95152  0.399046  0.869815  0.356207  0.176094  0.0834022  0.164844  0.980165  0.276384  
1.29696  1.46657  2.60063  5.60309  4.19895  2.14562  1.67992  14.1264  14.5786  10.8193  1.534  13.5293  17.3317  3.77724  18.922  24.7114  18.1833  7.96271  22.9643  0.580373  9.23633  4.12563  37.1305  10.2881  0.648482  0.366643  0.433439  0.700386  0.419895  0.178801  0.119994  0.882898  0.809921  0.540964  0.0697273  0.563721  0.666602  0.134901  0.630733  0.77223  0.534804  0.221187  0.604324  0.0145093  0.219913  0.0937643  0.807186  0.214336  
1.45933  3.78504  2.66697  3.23856  7.57887  11.9092  2.54904  5.97631  11.1957  2.55532  11.6198  1.81258  25.1617  15.6021  14.1361  3.12064  14.1602  7.7189  29.4805  22.3611  2.0243  17.7181  42.0907  25.8121  0.729665  0.94626  0.444495  0.40482  0.757887  0.992434  0.182074  0.373519  0.621983  0.127766  0.528175  0.0755241  0.967759  0.557217  0.471203  0.09752  0.416476  0.214414  0.775801  0.559028  0.0481977  0.402685  0.915014  0.537753  
0.513232  1.29744  3.31318  1.97512  6.10357  2.37641  3.4568  4.69246  1.30307  16.2708  4.65053  21.1447  10.6792  17.6045  28.1947  1.19161  6.5748  0.638441  7.61244  36.5813  11.8641  31.6898  44.4155  17.4987  0.256616  0.324359  0.552197  0.246891  0.610357  0.198034  0.246914  0.293279  0.072393  0.81354  0.211388  0.881028  0.410739  0.628731  0.939822  0.0372377  0.193376  0.0177345  0.200327  0.914532  0.282477  0.720223  0.965554  0.364556  
0.899629  0.566533  1.41778  2.43807  3.34378  11.0032  4.75585  14.9797  3.53788  4.35221  15.5927  9.77886  24.8699  6.20328  11.1638  22.9895  25.3414  29.8111  27.6587  12.6992  37.8636  30.6353  28.6776  25.5934  0.449815  0.141633  0.236297  0.304759  0.334378  0.916934  0.339704  0.936233  0.196549  0.217611  0.70876  0.407453  0.956534  0.221546  0.372125  0.718423  0.745335  0.828087  0.727861  0.317479  0.901513  0.696257  0.623425  0.533196  
0.321467  1.04825  5.70153  5.44846  2.52175  2.12941  11.109  7.60644  7.9398  12.1835  7.67238  4.54019  0.469882  8.27886  3.78979  22.2762  14.5542  16.6845  31.6261  31.2461  7.53329  33.4385  19.8232  37.7454  0.160733  0.262063  0.950256  0.681057  0.252175  0.177451  0.7935  0.475403  0.4411  0.609177  0.348744  0.189175  0.0180724  0.295674  0.126326  0.696132  0.428065  0.46346  0.832266  0.781152  0.179364  0.759967  0.430939  0.786363  
0.043528  1.29663  2.39664  3.26621  3.67581  2.70673  7.74369  8.04299  2.72855  3.56192  0.286719  22.8246  12.6115  7.43905  16.8611  12.8685  22.2377  16.8686  9.71277  1.01247  38.3776  29.696  0.785938  29.1362  0.021764  0.324159  0.39944  0.408276  0.367581  0.22556  0.553121  0.502687  0.151586  0.178096  0.0130327  0.951023  0.485058  0.26568  0.562037  0.402139  0.65405  0.468572  0.255599  0.0253117  0.913752  0.67491  0.0170856  0.607004  
1.89031  2.16585  4.38957  6.34822  5.60583  7.39967  5.9921  12.9671  13.9774  19.0316  18.8903  21.0136  14.6874  24.8478  19.2894  15.0547  4.69712  20.9196  36.4904  0.823571  31.3603  35.3777  4.72495  40.9165  0.945155  0.541463  0.731594  0.793528  0.560583  0.616639  0.428007  0.810442  0.776521  0.951581  0.858651  0.875565  0.564902  0.887421  0.642978  0.470459  0.138151  0.581101  0.960273  0.0205893  0.746675  0.804039  0.102716  0.852427  
1.01835  0.964809  4.10241  2.62261  8.89894  5.28178  5.43642  0.355188  2.09775  18.514  14.5091  12.6185  24.9859  2.08941  3.62984  28.232  25.2171  32.5842  10.5356  7.77647  10.1926  13.9675  41.2978  39.6597  0.509175  0.241202  0.683736  0.327826  0.889894  0.440148  0.388316  0.0221992  0.116542  0.925698  0.659503  0.525769  0.960997  0.0746218  0.120995  0.882251  0.741679  0.905116  0.277253  0.194412  0.242681  0.317442  0.897779  0.826243  
1.38424  2.90129  0.597082  2.14543  4.96174  5.8526  0.186251  0.314525  11.8507  8.92427  0.499223  4.33945  12.7697  23.207  21.7952  8.25646  25.8532  10.2315  17.3961  7.69742  26.4589  21.2732  2.59289  34.7369  0.69212  0.725321  0.0995136  0.268178  0.496174  0.487716  0.0133036  0.0196578  0.658374  0.446214  0.0226919  0.18081  0.491141  0.828821  0.726507  0.258015  0.760387  0.284208  0.457792  0.192435  0.629973  0.483482  0.0563673  0.723685  
0.72462  3.60713  5.77122  6.60235  4.24482  9.76565  9.57651  5.6495  3.03107  16.0287  21.0604  23.0863  5.32735  16.2395  7.61594  28.9986  6.45819  17.1293  5.59071  22.2015  29.106  2.45202  2.15982  2.35893  0.36231  0.901782  0.96187  0.825294  0.424482  0.813804  0.684037  0.353094  0.168393  0.801437  0.95729  0.961931  0.204898  0.579982  0.253865  0.906206  0.189947  0.475813  0.147124  0.555038  0.692999  0.0557277  0.0469526  0.0491443  
1.42528  2.3113  2.29032  1.28689  0.382197  9.46697  3.79287  3.28287  4.14248  5.50722  7.88551  18.8085  22.3601  4.48816  21.699  15.4148  18.5932  1.17916  15.6832  34.2949  31.568  17.3493  20.4556  1.96177  0.712639  0.577825  0.38172  0.160861  0.0382197  0.788914  0.270919  0.205179  0.230138  0.275361  0.358432  0.783687  0.860005  0.160291  0.723299  0.481713  0.54686  0.0327545  0.412716  0.857372  0.751618  0.394303  0.444687  0.0408701  
0.921927  2.12396  2.34854  3.38781  7.48208  6.92036  4.68712  5.34288  16.6758  1.15023  0.331632  23.5597  21.5394  21.8932  4.985  27.7684  29.9447  23.0883  4.86272  29.5293  2.3364  28.8814  0.316974  14.1061  0.460963  0.530989  0.391424  0.423477  0.748208  0.576696  0.334794  0.33393  0.926434  0.0575117  0.0150742  0.981656  0.828438  0.781901  0.166167  0.867762  0.880726  0.641342  0.127966  0.738233  0.0556286  0.656395  0.00689074  0.293877  
0.589787  3.85661  3.04167  2.55037  3.1263  11.9085  5.47788  5.84398  11.3234  5.43533  5.09224  8.16085  7.16934  12.6515  27.3564  29.7636  20.4936  7.54908  29.1232  3.96367  3.42391  29.6666  19.7038  9.21848  0.294893  0.964152  0.506946  0.318796  0.31263  0.992372  0.391277  0.365249  0.629078  0.271767  0.231466  0.340035  0.275744  0.45184  0.91188  0.930114  0.602752  0.209697  0.766401  0.0990917  0.0815216  0.67424  0.428342  0.192052  
0.907702  2.18338  2.9866  3.68653  7.47865  7.88078  1.56128  1.70519  15.6567  16.2543  21.8092  6.29328  17.9125  3.79016  16.979  30.7673  30.7585  7.99523  3.69575  34.4326  39.2454  42.6535  24.8899  43.9665  0.453851  0.545846  0.497767  0.460816  0.747865  0.656731  0.11152  0.106574  0.869816  0.812716  0.991328  0.26222  0.688942  0.135363  0.565968  0.961478  0.904663  0.22209  0.0972565  0.860815  0.934414  0.969397  0.541085  0.91597  
1.99976  3.99999  6  7.99993  8.2296e-05  0.00862046  0.00484764  1.79856e-05  6.29936  6.82451  7.18741  7.60279  8.04341  8.34444  8.78989  9.06225  9.46982  9.74048  10.173  10.3695  10.6255  10.9416  11.1153  11.3931  0.99988  0.999999  1  0.999992  8.2296e-06  0.000718372  0.00034626  1.1241e-06  0.349965  0.341225  0.3267  0.316783  0.309362  0.298016  0.292996  0.283195  0.278524  0.270569  0.267712  0.259237  0.252987  0.248672  0.241636  0.237357  
0.000241619  0.0105963  0.000155094  0.127917  9.96844  1.26466  0.938497  0.851704  0.780853  0.74132  0.334784  0.768526  0.379492  0.852907  0.358374  0.208168  0.147469  0.122785  0.115288  0.124343  0.171616  0.0517324  0.0434527  0.159785  0.00012081  0.00264906  2.5849e-05  0.0159897  0.996844  0.105389  0.0670355  0.0532315  0.0433807  0.037066  0.0152174  0.0320219  0.0145958  0.030461  0.0119458  0.00650526  0.00433733  0.0034107  0.00303389  0.00310857  0.00408609  0.00117574  0.000944624  0.00332885  
1.99989  3.97813  6  7.99992  7.25476e-05  2.52898e-05  0.00440343  3.10616e-05  6.29432  6.81057  7.17863  7.65283  7.9987  8.42638  8.74953  9.09707  9.55743  9.71266  10.1769  10.3745  10.5842  10.8992  11.2336  11.406  0.999943  0.994534  1  0.999989  7.25476e-06  2.10749e-06  0.000314531  1.94135e-06  0.349685  0.340528  0.326301  0.318868  0.307642  0.300942  0.291651  0.284283  0.281101  0.269796  0.267814  0.259363  0.252005  0.247709  0.244209  0.237626  
1.99747  3.97697  5.96261  7.98945  0.0457224  0.0349252  0.0514766  0.0536354  6.29527  6.82412  7.21091  7.6199  8.02475  8.4052  8.73516  9.09731  9.45372  9.75695  10.0473  10.3506  10.587  10.9636  11.1878  11.3914  0.998734  0.994243  0.993768  0.998681  0.00457224  0.00291043  0.0036769  0.00335221  0.349737  0.341206  0.327769  0.317496  0.308644  0.300186  0.291172  0.284291  0.278051  0.271026  0.264402  0.258766  0.252071  0.249173  0.243213  0.237321  
1.99258  3.97676  5.89605  7.96767  0.120231  0.0672671  0.0411002  0.0509396  6.29626  6.80124  7.21438  7.59865  7.98063  8.39776  8.74432  9.11668  9.41224  9.7566  10.0164  10.3903  10.5779  10.9606  11.1505  11.3764  0.99629  0.994189  0.982676  0.995959  0.0120231  0.00560559  0.00293573  0.00318373  0.349792  0.340062  0.327926  0.31661  0.306947  0.29992  0.291477  0.284896  0.276831  0.271017  0.263589  0.259757  0.251855  0.249105  0.242403  0.237007  
1.98797  3.9829  5.83104  7.94267  0.244917  0.083473  0.0811547  0.0928847  6.2958  6.81989  7.20521  7.58043  7.97998  8.38802  8.74581  9.11235  9.407  9.7492  10.0641  10.3559  10.5945  10.9359  11.1451  11.3754  0.993983  0.995725  0.971841  0.992833  0.0244917  0.00695609  0.00579677  0.00580529  0.349766  0.340995  0.327509  0.315851  0.306922  0.299572  0.291527  0.284761  0.276677  0.270811  0.264844  0.258897  0.252251  0.248543  0.242286  0.236988  
1.98824  3.91096  5.83259  7.93944  0.295094  0.067337  0.131586  0.137525  6.29434  6.80242  7.19257  7.58346  8.02345  8.38572  8.73816  9.08865  9.44325  9.74216  10.1426  10.3871  10.6202  10.9141  11.177  11.3896  0.994119  0.977741  0.972098  0.99243  0.0295094  0.00561142  0.00939898  0.00859534  0.349685  0.340121  0.326935  0.315977  0.308594  0.29949  0.291272  0.28402  0.277743  0.270616  0.266911  0.259677  0.252862  0.248049  0.242977  0.237282  
1.97858  3.96392  5.72373  7.90032  0.457648  0.136537  0.0627636  0.159851  6.3121  6.78029  7.20352  7.59012  7.96381  8.38029  8.7484  9.11186  9.41535  9.76914  10.0288  10.3954  10.5944  10.9326  11.1274  11.3425  0.989289  0.99098  0.953955  0.98754  0.0457648  0.0113781  0.00448312  0.0099907  0.350672  0.339014  0.327433  0.316255  0.3063  0.299296  0.291613  0.284746  0.276922  0.271365  0.263916  0.259885  0.252248  0.248467  0.2419  0.236301  
1.97553  3.9105  5.72361  7.88893  0.54933  0.15173  0.0948035  0.301844  6.32694  6.78221  7.20475  7.60285  8.03554  8.37025  8.73765  9.12568  9.41074  9.78093  10.0503  10.3801  10.6231  10.942  11.1486  11.3926  0.987763  0.977625  0.953935  0.986117  0.054933  0.0126442  0.00677168  0.0188652  0.351496  0.339111  0.327489  0.316785  0.309059  0.298937  0.291255  0.285178  0.276786  0.271693  0.264482  0.259503  0.252931  0.248682  0.242362  0.237345  
1.96946  3.9513  5.61796  7.85475  0.720557  0.173466  0.0948035  0.271459  6.32694  6.78221  7.1892  7.60285  7.99112  8.37025  8.74333  9.1301  9.44643  9.78204  10.0721  10.3609  10.62  10.9074  11.1415  11.3956  0.984732  0.987824  0.936327  0.981843  0.0720557  0.0144555  0.00677168  0.0169662  0.351496  0.339111  0.326782  0.316785  0.307351  0.298937  0.291444  0.285316  0.277836  0.271723  0.265055  0.259023  0.252858  0.247896  0.242206  0.237409  
1.99942  3.90487  5.62239  7.71012  9.65522e-05  0.0182982  0.261567  1.6196  6.2969  6.83492  7.22847  7.64142  8.03792  8.3829  8.7481  9.10171  9.46956  9.71957  10.1198  10.3616  10.5878  10.8937  11.1489  11.4601  0.99971  0.976216  0.937065  0.963765  9.65522e-06  0.00152485  0.0186834  0.101225  0.349828  0.341746  0.328567  0.318392  0.309151  0.299389  0.291603  0.284428  0.278517  0.269988  0.26631  0.259039  0.25209  0.247584  0.242367  0.238753  
1.96002  3.94477  5.49852  7.81296  0.92652  0.224272  0.129317  0.160261  6.31139  6.7603  7.1855  7.59853  7.96065  8.35779  8.71253  9.13738  9.42724  9.78814  10.0629  10.3833  10.6238  10.8919  11.1113  11.3712  0.98001  0.986193  0.916421  0.97662  0.092652  0.0186893  0.00923694  0.0100163  0.350633  0.338015  0.326614  0.316605  0.306179  0.298492  0.290418  0.285543  0.277272  0.271893  0.264812  0.259582  0.252946  0.247544  0.241549  0.236899  
1.99687  3.91414  5.21608  7.97094  1.24903  0.0185731  0.314131  0.0966382  6.2969  6.75235  7.20277  7.5494  8.02393  8.35897  8.73624  9.12238  9.42309  9.73084  10.035  10.3118  10.6373  10.9141  11.1455  11.3785  0.998433  0.978536  0.869347  0.996368  0.124903  0.00154776  0.022438  0.00603989  0.349828  0.337618  0.327399  0.314559  0.308613  0.298535  0.291208  0.285074  0.27715  0.270301  0.264078  0.257795  0.253268  0.248047  0.242294  0.237053  
1.98234  3.93261  5.39069  7.66509  0.76246  0.152455  0.0763425  1.09323  6.30608  6.77936  7.19029  7.59558  8.01213  8.38021  8.73641  9.11771  9.45646  9.77549  10.1027  10.3878  10.6592  10.8969  11.142  11.3752  0.991169  0.983153  0.898448  0.958137  0.076246  0.0127046  0.00545304  0.0683267  0.350338  0.338968  0.326831  0.316482  0.308159  0.299293  0.291214  0.284929  0.278131  0.271541  0.26586  0.259696  0.25379  0.247658  0.242218  0.236983  
1.95971  3.97875  5.4404  7.40263  0.493984  0.081836  0.041271  2.08893  6.30206  6.79166  7.18494  7.60509  8.01702  8.4921  8.7733  9.06242  9.41695  9.73118  10.051  10.3602  10.6057  10.8917  11.3282  11.3927  0.979856  0.994688  0.906734  0.925329  0.0493984  0.00681967  0.00294793  0.130558  0.350114  0.339583  0.326588  0.316879  0.308347  0.303289  0.292443  0.283201  0.276969  0.270311  0.264499  0.259005  0.252517  0.247539  0.246264  0.237349  
1.96911  3.92324  5.02086  7.89979  1.37107  0.230107  0.139816  0.681273  6.29682  6.74961  7.18112  7.57969  8.0046  8.3924  8.73395  9.10429  9.41531  9.73484  9.98316  10.3447  10.6185  10.8889  11.1176  11.3198  0.984557  0.98081  0.836811  0.987474  0.137107  0.0191756  0.00998685  0.0425796  0.349824  0.337481  0.326415  0.31582  0.307869  0.299729  0.291132  0.284509  0.276921  0.270412  0.262715  0.258617  0.252822  0.247475  0.241688  0.235829  
1.98234  3.83823  5.0407  7.83597  0.624565  0.0884661  0.0699609  2.4066  6.27269  6.77264  7.16353  7.58043  8.01562  8.40405  8.74581  9.11235  9.41752  9.7492  10.0162  10.2999  10.6192  10.8952  11.0654  11.3634  0.991168  0.959559  0.840116  0.979497  0.0624565  0.00737218  0.0049972  0.150412  0.348483  0.338632  0.325615  0.315851  0.308293  0.300145  0.291527  0.284761  0.276986  0.270811  0.263584  0.257497  0.252837  0.247618  0.240553  0.236738  
1.97826  3.89835  4.76704  7.9351  1.76676  0.171125  0.223249  0.649667  6.28922  6.73565  7.18075  7.55933  8.01702  8.38175  8.72787  9.10955  9.41917  9.71569  10.051  10.3029  10.6399  10.8917  11.1267  11.3378  0.989129  0.974587  0.794506  0.991887  0.176676  0.0142604  0.0159464  0.0406042  0.349401  0.336782  0.326398  0.314972  0.308347  0.299348  0.290929  0.284674  0.277035  0.26988  0.264499  0.257571  0.253332  0.247539  0.241885  0.236204  
1.95029  3.95436  5.09174  7.35112  1.44308  0.302772  0.141141  1.29574  6.29771  6.75392  7.22906  7.60778  7.92503  8.37529  8.7466  9.05853  9.40692  9.75879  9.9919  10.3921  10.6352  10.9098  11.1325  11.3999  0.975146  0.988589  0.848623  0.918889  0.144308  0.025231  0.0100815  0.0809834  0.349873  0.337696  0.328594  0.316991  0.304809  0.299118  0.291553  0.283079  0.276674  0.271078  0.262945  0.259801  0.253219  0.24795  0.242011  0.237498  
1.97689  3.96866  5.3023  6.81027  0.051992  0.0298041  0.012312  4.32372  6.29434  6.77238  7.23625  7.60201  7.98074  8.40138  8.71275  9.1069  9.38363  9.7905  10.0412  10.4023  10.607  10.9444  11.1883  11.4468  0.988447  0.992164  0.883717  0.851284  0.0051992  0.00248367  0.000879427  0.270232  0.349685  0.338619  0.32892  0.31675  0.306952  0.300049  0.290425  0.28459  0.275989  0.271958  0.264243  0.260058  0.252547  0.248737  0.243224  0.238474  
1.97159  3.86698  5.16926  7.03408  0.0419427  0.0222181  0.0305106  4.71658  6.27099  6.80124  7.18513  7.61265  7.95688  8.39776  8.73585  9.11668  9.38638  9.7566  10.0897  10.3503  10.6126  10.9606  11.1037  11.3764  0.985795  0.966746  0.861543  0.879261  0.00419427  0.00185151  0.00217933  0.294786  0.348388  0.340062  0.326597  0.317194  0.306034  0.29992  0.291195  0.284896  0.27607  0.271017  0.265518  0.258757  0.252681  0.249105  0.241385  0.237007  
1.97673  3.96567  5.1314  6.67297  0.0201985  0.0387564  0.00143062  5.13351  6.29517  6.78065  7.25222  7.63282  7.98751  8.39859  8.72106  9.07465  9.40646  9.78751  9.90052  10.3921  10.5915  10.932  11.1716  11.4872  0.988367  0.991417  0.855234  0.834121  0.00201985  0.0032297  0.000102187  0.320844  0.349732  0.339032  0.329646  0.318034  0.307212  0.29995  0.290702  0.283583  0.276661  0.271875  0.26054  0.259801  0.252178  0.248455  0.24286  0.239317  
1.99149  3.87219  5.10265  6.6809  0.0500572  0.0347589  0.00745794  5.34631  6.31563  6.77317  7.2273  7.60778  7.93989  8.37529  8.71857  9.10971  9.36316  9.6813  9.9363  10.3551  10.6083  10.9385  11.139  11.3912  0.995745  0.968048  0.850442  0.835112  0.00500572  0.00289658  0.00053271  0.334145  0.350868  0.338658  0.328514  0.316991  0.305381  0.299118  0.290619  0.284679  0.275387  0.268925  0.261482  0.258877  0.252578  0.248603  0.242151  0.237317  
1.96612  3.76233  4.86531  7.1206  9.99514e-05  0.0235845  0.0378278  5.91924  6.24848  6.79292  7.14998  7.6541  7.93979  8.38331  8.76725  9.10231  9.41196  9.8173  9.99739  10.288  10.6028  10.867  11.0024  11.43  0.983062  0.940581  0.810886  0.890075  9.99514e-06  0.00196538  0.00270199  0.369952  0.347138  0.339646  0.324999  0.318921  0.305376  0.299404  0.292242  0.284447  0.276822  0.272703  0.263089  0.2572  0.252447  0.246978  0.239183  0.238124  
1.96612  3.92461  4.95876  6.49051  0.000339421  0.0603185  0.0878871  6.0347  6.25093  6.80124  7.17741  7.53098  8.05572  8.37082  8.72692  9.10932  9.38485  9.85937  9.91754  10.3903  10.5953  10.8638  11.1401  11.3322  0.983062  0.981153  0.82646  0.811314  3.39421e-05  0.00502654  0.00627765  0.377169  0.347274  0.340062  0.326246  0.313791  0.309835  0.298958  0.290897  0.284666  0.276025  0.273871  0.260988  0.259757  0.25227  0.246904  0.242177  0.236088  
1.96612  3.85955  4.29942  7.27815  7.46304e-05  0.0218048  0.00714496  6.70122  6.25465  6.73771  7.17772  7.61542  7.93804  8.30574  8.76725  9.20506  9.44776  9.80099  10.0783  10.2474  10.5499  10.8478  11.1802  11.43  0.983062  0.964888  0.716571  0.909768  7.46304e-06  0.00181707  0.000510354  0.418826  0.347481  0.336885  0.32626  0.317309  0.305309  0.296633  0.292242  0.287658  0.277875  0.27225  0.265219  0.256184  0.251189  0.246541  0.243048  0.238124  
1.8499  3.93887  4.84061  6.62576  9.65522e-05  0.00137995  0.0303367  7.02355  6.25299  6.76941  7.22847  7.5278  8.03792  8.33131  8.79552  9.11958  9.46956  9.89456  9.89329  10.3616  10.4559  10.8183  11.0728  11.5146  0.924951  0.984718  0.806769  0.828219  9.65522e-06  0.000114996  0.00216691  0.438972  0.347388  0.33847  0.328567  0.313658  0.309151  0.297547  0.293184  0.284987  0.278517  0.274849  0.26035  0.259039  0.248951  0.245871  0.240714  0.239888  
1.92452  3.76163  4.66211  6.70579  0.0189003  0.0204511  0.00772167  7.44755  6.3375  6.77383  7.21825  7.61527  7.93241  8.37844  8.73915  9.08141  9.39382  9.76355  10.1527  10.33  10.645  10.9213  11.0396  11.3163  0.962258  0.940407  0.777018  0.838223  0.00189003  0.00170426  0.000551548  0.465472  0.352083  0.338692  0.328102  0.317303  0.305093  0.29923  0.291305  0.283794  0.276289  0.27121  0.267176  0.25825  0.253452  0.248211  0.239992  0.235756  
1.97279  3.94658  3.56319  7.40262  0.153664  0.0820422  0.193225  7.54596  6.24766  6.723  7.18933  7.62036  7.98443  8.52779  8.71728  9.40086  9.42796  9.76217  10.2495  10.2883  10.6192  11.1356  11.276  11.3163  0.986393  0.986646  0.593864  0.925327  0.0153664  0.00683685  0.0138018  0.471622  0.347092  0.33615  0.326788  0.317515  0.307094  0.304564  0.290576  0.293777  0.277293  0.271171  0.269724  0.257208  0.252837  0.253082  0.245131  0.235756  
1.80336  3.95892  4.43261  6.72281  0.160862  0.326386  0.178817  7.47086  6.307  6.70547  7.23985  7.56256  7.95713  8.36969  8.71325  9.13424  9.44535  9.79301  10.0904  10.3839  10.7533  10.8254  11.1087  11.4181  0.901682  0.989731  0.738768  0.840351  0.0160862  0.0271988  0.0127726  0.466929  0.350389  0.335274  0.329084  0.315107  0.306043  0.298917  0.290442  0.285445  0.277805  0.272028  0.265538  0.259598  0.256031  0.246032  0.241493  0.237878  
1.80063  3.94531  4.34098  6.6775  0.46714  0.305604  0.123358  7.52897  6.32012  6.74525  7.22753  7.6541  7.95478  8.41121  8.69966  9.13183  9.41196  9.78804  9.99739  10.396  10.6028  10.8838  11.1533  11.4299  0.900315  0.986327  0.723497  0.834688  0.046714  0.025467  0.00881131  0.47056  0.351118  0.337263  0.328524  0.318921  0.305953  0.3004  0.289989  0.28537  0.276822  0.27189  0.263089  0.259901  0.252447  0.247359  0.242463  0.238122  
1.65681  3.92513  4.38349  7.04215  0.0247036  0.3308  0.115385  5.62685  6.02423  6.43657  6.87444  7.21659  7.58462  7.87105  8.25112  8.593  8.92839  9.28348  9.52131  9.71223  9.87312  10.0844  10.399  10.7415  0.828404  0.981283  0.730582  0.880268  0.00247036  0.0275667  0.00824175  0.351678  0.334679  0.321828  0.312474  0.300691  0.291716  0.281109  0.275037  0.268531  0.2626  0.257874  0.250561  0.242806  0.235074  0.229191  0.226066  0.223782  
1.74449  3.99991  4.55149  6.0816  0.0442288  0.307939  0.0477734  5.55828  6.0263  6.34061  6.87935  7.10412  7.50181  7.81721  8.13467  8.51032  8.72819  9.08219  9.38769  9.58924  9.71659  9.94541  10.1796  10.5885  0.872243  0.999977  0.758581  0.7602  0.00442288  0.0256616  0.00341238  0.347393  0.334794  0.317031  0.312698  0.296005  0.288531  0.279186  0.271156  0.265947  0.256712  0.252283  0.247044  0.239731  0.231347  0.226032  0.221295  0.220593  
1.73755  4  4.19747  6.37605  1.25775  0.29347  0.121849  7.5488  6.29451  6.73054  7.22707  7.58078  7.94792  8.34698  8.70455  9.06225  9.43204  9.81275  10.0602  10.3944  10.7234  10.8003  11.1153  11.4072  0.868773  0.999999  0.699579  0.797006  0.125775  0.0244558  0.00870348  0.4718  0.349695  0.336527  0.328503  0.315866  0.305689  0.298106  0.290152  0.283195  0.277413  0.272576  0.264742  0.259859  0.255318  0.245462  0.241636  0.23765  
1.53029  3.93125  4.25092  7.04215  0.0141966  0.572723  1.03415  5.59066  6.04119  6.48951  6.84818  7.2546  7.63622  7.98449  8.34157  8.56183  9.0001  9.1711  9.52766  9.71223  10.038  10.059  10.4946  10.7461  0.765143  0.982812  0.708486  0.880268  0.00141966  0.0477269  0.0738678  0.349416  0.335621  0.324475  0.311281  0.302275  0.293701  0.28516  0.278052  0.267557  0.264709  0.254753  0.250728  0.242806  0.239  0.228613  0.228143  0.223877  
1.51754  3.93125  4.25092  6.88267  0.0220163  0.855676  1.03415  5.59066  6.0562  6.46465  6.84818  7.20246  7.62723  7.98449  8.30889  8.53231  8.95085  9.15665  9.60914  9.69492  10.1032  10.0992  10.5177  10.7284  0.758769  0.982812  0.708486  0.860333  0.00220163  0.0713063  0.0738678  0.349416  0.336455  0.323232  0.311281  0.300103  0.293355  0.28516  0.276963  0.266635  0.26326  0.254351  0.252872  0.242373  0.240551  0.229528  0.228645  0.223508  
1.70261  3.97649  4.4722  5.51432  1.0958  0.93671  0.13353  5.54723  5.95535  6.43286  6.83346  7.20766  7.53978  7.85056  8.25748  8.48461  8.87747  9.24566  9.39209  9.68804  9.85962  10.0778  10.2531  10.7513  0.851306  0.994123  0.745367  0.68929  0.10958  0.0780591  0.00953785  0.346702  0.330853  0.321643  0.310612  0.300319  0.289991  0.280377  0.275249  0.265144  0.261102  0.256824  0.24716  0.242201  0.234753  0.229042  0.222893  0.223985  
1.5702  3.98059  4.4722  5.83543  0.533471  0.769646  1.06141  5.55927  6.01884  6.40058  6.81096  7.13988  7.53745  8.0417  8.29109  8.47257  8.87747  9.17931  9.40287  9.62933  9.85962  10.0778  10.2531  10.7513  0.785101  0.995147  0.745367  0.729428  0.0533471  0.0641371  0.0758147  0.347455  0.33438  0.320029  0.309589  0.297495  0.289902  0.287204  0.27637  0.264768  0.261102  0.254981  0.247444  0.240733  0.234753  0.229042  0.222893  0.223985  
1.50965  3.94776  4.24767  6.16348  0.019663  0.89879  2.50023  5.60856  6.02208  6.42163  6.81532  7.15717  7.61101  7.97667  8.30882  8.52238  8.89271  9.14291  9.56811  9.69183  10.1248  10.1005  10.5133  10.7119  0.754824  0.98694  0.707946  0.770434  0.0019663  0.0748991  0.178588  0.350535  0.33456  0.321081  0.309787  0.298215  0.292731  0.284881  0.276961  0.266324  0.26155  0.25397  0.251792  0.242296  0.241068  0.229557  0.22855  0.223165  
1.67891  3.79861  3.77583  6.16348  0.00651039  1.06534  2.50023  5.62758  5.98604  6.41179  6.86349  7.15717  7.60673  7.94552  8.28883  8.75329  8.94185  9.27878  9.57019  9.69199  9.85323  10.1005  10.5133  10.7436  0.839456  0.949651  0.629305  0.770434  0.000651039  0.0887782  0.178588  0.351724  0.332558  0.320589  0.311977  0.298215  0.292567  0.283769  0.276294  0.27354  0.262996  0.257744  0.251847  0.2423  0.234601  0.229557  0.22855  0.223825  
1.53029  3.6288  3.70266  6.92535  0.0159273  0.0030423  4.27563  5.68076  6.00619  6.43438  6.81826  7.20862  7.43706  8.11113  8.37427  8.56369  8.9631  9.27457  9.47832  9.69048  9.97722  10.1944  10.6651  11.0634  0.765143  0.9072  0.61711  0.865668  0.00159273  0.000253525  0.305402  0.355048  0.333677  0.321719  0.309921  0.300359  0.286041  0.289683  0.279142  0.267615  0.263621  0.257627  0.249429  0.242262  0.237553  0.231691  0.231849  0.230488  
1.11529  3.7371  4.51081  7.02665  0.0149924  0.00241005  5.3856  6.2536  6.1994  6.74066  7.10944  7.5885  7.81698  8.25956  8.79399  8.85874  9.44101  9.51085  10.0532  10.2564  10.6817  10.9566  10.9921  11.4083  0.557645  0.934275  0.751801  0.878331  0.00149924  0.000200837  0.384686  0.39085  0.344411  0.337033  0.323156  0.316187  0.300653  0.294984  0.293133  0.276836  0.277677  0.26419  0.264558  0.256411  0.254326  0.249013  0.238958  0.237673  
1.3832  3.58241  4.47259  6.02918  0.0217834  2.65678e-05  5.48329  5.52163  5.99848  6.43511  6.73271  7.10412  7.31469  8.03  7.92484  8.51032  8.70945  9.08219  9.29519  9.58013  9.81358  9.81254  10.1796  10.5771  0.691602  0.895603  0.745431  0.753648  0.00217834  2.21399e-06  0.391664  0.345102  0.333249  0.321755  0.306032  0.296005  0.281334  0.286786  0.264161  0.265947  0.25616  0.252283  0.24461  0.239503  0.233657  0.223012  0.221295  0.220356  
1.28103  3.62629  3.9416  6.76699  1.36239e-05  0.00152803  6.36153  5.42946  6.08467  6.61172  6.77208  7.28235  7.5704  8.13831  8.39704  8.65832  9.05046  9.32163  9.93373  9.77766  10.1088  10.4648  10.6608  11.5099  0.640515  0.906574  0.656933  0.845873  1.36239e-06  0.000127336  0.454395  0.339341  0.338037  0.330586  0.307822  0.303431  0.291169  0.290654  0.279901  0.270572  0.26619  0.258934  0.261414  0.244441  0.240686  0.237835  0.231757  0.239789  
1.45239  3.6404  3.19364  6.76699  4.87235e-06  0.0610122  6.37381  5.53955  5.99935  6.411  6.853  7.20569  7.41341  8.10586  8.37095  8.65832  8.98821  9.27353  9.50141  9.70198  10.0158  10.1546  10.6596  11.0994  0.726194  0.910101  0.532273  0.845873  4.87235e-07  0.00508435  0.455272  0.346222  0.333297  0.32055  0.3115  0.300237  0.285131  0.289495  0.279032  0.270572  0.264359  0.257598  0.250037  0.242549  0.238472  0.230786  0.231731  0.231238  
1.26864  3.62906  4.6016  5.35052  0.00340279  0.0132893  4.89623  5.45568  5.77527  6.09665  6.43487  6.77474  7.18776  7.84243  7.89878  8.1162  8.41158  8.7912  8.93032  8.97862  9.32704  9.42835  9.46747  9.68651  0.634321  0.907266  0.766934  0.668815  0.000340279  0.00110744  0.349731  0.34098  0.320848  0.304832  0.292494  0.282281  0.276452  0.280087  0.263293  0.253631  0.247399  0.2442  0.235008  0.224465  0.222072  0.214281  0.205815  0.201802  
1.3685  3.58288  4.29407  5.16133  0.0978291  0.543036  4.81603  5.33089  5.79695  6.23165  6.58158  6.86988  7.24023  7.62522  7.81626  8.13533  8.43366  8.74447  9.11979  9.08014  9.23601  9.62507  9.29434  9.98557  0.68425  0.895721  0.715679  0.645166  0.00978291  0.045253  0.344002  0.333181  0.322053  0.311583  0.299163  0.286245  0.27847  0.272329  0.260542  0.254229  0.248049  0.242902  0.239995  0.227004  0.219905  0.218751  0.202051  0.208033  
1.39773  3.69988  4.78701  3.84957  0.527105  0.318579  4.88083  5.24523  5.80194  6.06839  6.50648  6.79359  7.15035  7.78331  7.76534  8.0689  8.41158  8.78154  8.92481  9.07672  9.32704  9.51104  9.39198  9.84895  0.698866  0.924969  0.797835  0.481196  0.0527105  0.0265482  0.348631  0.327827  0.32233  0.303419  0.295749  0.283066  0.275013  0.277975  0.258845  0.252153  0.247399  0.243932  0.234863  0.226918  0.222072  0.21616  0.204173  0.205187  
1.36296  3.50232  4.03052  5.0884  0.349994  1.19058  4.85726  5.36878  5.84036  6.13834  6.57781  6.82247  7.22912  7.66364  7.8701  8.18095  8.43748  8.73214  9.12781  9.25459  9.39521  9.61147  9.64204  9.93735  0.68148  0.875579  0.671754  0.63605  0.0349994  0.0992147  0.346947  0.335549  0.324464  0.306917  0.298991  0.28427  0.278043  0.273701  0.262337  0.255655  0.248161  0.242559  0.240206  0.231365  0.223695  0.218442  0.20961  0.207028  
1.36079  3.47225  3.73132  5.24153  0.64104  1.17135  4.925  5.39722  5.78682  6.12073  6.58276  6.8227  7.2776  7.65843  7.85699  8.17673  8.38923  8.72713  9.13547  9.21803  9.26555  9.60883  9.71368  9.93942  0.680393  0.868063  0.621887  0.655192  0.064104  0.0976125  0.351786  0.337326  0.32149  0.306036  0.299216  0.284279  0.279908  0.273515  0.2619  0.255523  0.246742  0.24242  0.240407  0.230451  0.220608  0.218383  0.211167  0.207071  
1.4385  3.63974  3.61492  4.45956  0.184594  2.10752  4.77967  5.30027  5.80027  6.12445  6.51103  6.83108  7.05406  7.84843  7.78232  8.10452  8.38981  8.68618  8.90227  9.07628  9.22916  9.69488  9.48601  9.74852  0.719249  0.909934  0.602486  0.557445  0.0184594  0.175626  0.341405  0.331267  0.322237  0.306222  0.295956  0.284628  0.27131  0.280301  0.259411  0.253266  0.246759  0.241283  0.23427  0.226907  0.219742  0.220338  0.206218  0.203094  
1.35802  3.56059  3.13759  5.23586  0.0593714  2.63003  4.86728  5.28798  5.88217  6.1633  6.81532  6.90897  7.2808  7.97667  7.80705  8.16997  8.43001  8.71051  9.19315  9.08309  9.22232  9.63035  9.728  9.96644  0.67901  0.890148  0.522931  0.654482  0.00593714  0.21917  0.347663  0.330499  0.326787  0.308165  0.309787  0.287874  0.280031  0.284881  0.260235  0.255312  0.247941  0.241959  0.241925  0.227077  0.219579  0.218872  0.211478  0.207634  
1.34092  3.47221  2.57296  5.87487  0.206075  3.20812  4.82468  5.37874  5.95948  6.1911  6.6112  6.90478  7.26395  7.57124  7.84439  8.16441  8.46131  8.70444  9.15021  9.08249  9.47823  9.56976  9.72006  10.0318  0.670459  0.868053  0.428826  0.734359  0.0206075  0.267343  0.34462  0.336172  0.331082  0.309555  0.300509  0.287699  0.279383  0.270402  0.26148  0.255138  0.248862  0.24179  0.240795  0.227062  0.225672  0.217495  0.211306  0.208995  
1.32853  3.46298  2.48565  5.73759  0.64104  3.26368  4.86506  5.48179  5.95489  6.1776  6.63029  6.8227  7.2361  7.57001  7.85699  8.16674  8.44463  8.70699  9.11635  9.21803  9.4671  9.5737  9.73036  10.0742  0.664265  0.865745  0.414275  0.717199  0.064104  0.271973  0.347504  0.342612  0.330827  0.30888  0.301377  0.284279  0.278311  0.270358  0.2619  0.255211  0.248371  0.241861  0.239904  0.230451  0.225407  0.217584  0.211529  0.20988  
1.24267  3.31251  1.53099  7.29013  0.103221  4.30851  4.86814  5.45407  5.84597  6.24351  6.59445  6.99474  7.45393  7.69104  7.91585  8.3137  8.50902  8.6927  9.35178  9.19928  9.32903  9.55664  10.0923  9.987  0.621333  0.828128  0.255166  0.911266  0.0103221  0.359042  0.347724  0.340879  0.324776  0.312175  0.299748  0.291448  0.28669  0.27468  0.263862  0.259803  0.250265  0.241464  0.2461  0.229982  0.22212  0.217196  0.219397  0.208062  
1.42129  3.42564  1.25269  6.36072  0.0111016  5.00899  4.85922  5.34217  5.93944  6.06071  6.55067  6.98149  7.22181  7.8063  7.97782  8.10018  8.45202  8.70122  9.10116  9.031  9.27198  9.59709  9.6894  11.0801  0.710643  0.856409  0.208781  0.79509  0.00111016  0.417416  0.347087  0.333886  0.329969  0.303035  0.297758  0.290896  0.277762  0.278796  0.265927  0.253131  0.248589  0.241701  0.239504  0.225775  0.220761  0.218116  0.210639  0.230835  
1.37607  3.42564  1.25269  6.20617  0.00951735  5.69261  4.88458  5.3746  5.73844  6.14327  6.58463  6.98149  7.38934  7.60361  7.81561  8.10018  8.33337  8.70122  9.10116  9.031  9.71955  9.86219  10.132  9.93416  0.688036  0.856409  0.208781  0.775772  0.000951735  0.474384  0.348898  0.335913  0.318802  0.307164  0.299301  0.290896  0.284205  0.271558  0.26052  0.253131  0.245099  0.241701  0.239504  0.225775  0.231418  0.224141  0.220261  0.206962  
1.3685  3.51945  1.27073  5.67953  0.337399  5.6854  4.91854  5.41035  5.79695  6.23165  6.67763  6.90606  7.29297  7.59783  7.81626  8.32246  8.39376  8.56133  9.32547  9.36133  9.8786  10.0626  10.1945  9.93778  0.68425  0.879864  0.211788  0.709942  0.0337399  0.473783  0.351324  0.338147  0.322053  0.311583  0.303529  0.287752  0.280499  0.271351  0.260542  0.260077  0.246875  0.237815  0.245407  0.234033  0.235205  0.228695  0.22162  0.207037  
1.37206  3.47854  1.34477  5.27666  0.743597  5.64874  4.89813  5.34094  5.90492  6.19168  6.56573  6.86338  7.1978  7.67536  7.77087  8.12706  8.46689  8.70149  8.98565  9.08141  9.81149  9.40043  10.2434  9.94134  0.686028  0.869634  0.224129  0.659582  0.0743597  0.470728  0.349866  0.333809  0.328051  0.309584  0.298442  0.285974  0.276838  0.27412  0.259029  0.253971  0.249026  0.241708  0.236465  0.227035  0.233607  0.213646  0.222683  0.207111  
1.02307  2.85129  3.61461  4.53079  1.19319  5.02031  4.79853  5.23682  5.85921  6.09479  6.43094  6.83028  7.11195  7.57848  7.44845  7.74532  8.29629  8.58587  8.93923  8.8675  9.15116  9.47115  9.30538  9.77888  0.511537  0.712824  0.602434  0.566349  0.119319  0.418359  0.342752  0.327301  0.325512  0.304739  0.292316  0.284595  0.273536  0.27066  0.248282  0.242041  0.244009  0.238496  0.235243  0.221687  0.217885  0.215253  0.202291  0.203727  
1.36829  3.48129  1.31742  4.54261  1.73825  5.63424  4.90748  5.22402  5.87591  6.1577  6.56646  6.90601  7.34623  7.73299  7.86466  8.21122  8.44127  8.63989  9.03084  9.0758  9.79891  9.41009  10.2293  10.0061  0.684147  0.870322  0.21957  0.567826  0.173825  0.46952  0.350534  0.326501  0.326439  0.307885  0.298476  0.287751  0.282547  0.276178  0.262155  0.256601  0.248273  0.239997  0.237654  0.226895  0.233307  0.213866  0.222376  0.20846  
1.05815  2.80333  3.60972  3.67911  2.16358  4.99011  4.7872  5.14662  5.66507  6.02115  6.43011  6.8048  7.11483  7.59687  7.88024  7.73004  8.23839  8.73803  8.91066  8.88448  8.99404  9.49741  10.0278  9.82193  0.529075  0.700833  0.601619  0.459888  0.216358  0.415843  0.341943  0.321663  0.314726  0.301058  0.292278  0.283533  0.273647  0.271317  0.262675  0.241564  0.242306  0.242723  0.234491  0.222112  0.214144  0.21585  0.217996  0.204623  
1.34897  3.51588  0.0449256  5.40421  1.17744  3.96205  4.36767  4.96208  5.07795  5.33329  5.61482  5.83074  6.26453  6.40177  6.43425  7.1969  6.97562  7.20092  7.18534  7.47259  7.70828  7.71087  7.74064  8.54904  0.674485  0.878971  0.0074876  0.675526  0.117744  0.330171  0.311977  0.31013  0.282108  0.266665  0.255219  0.242948  0.240943  0.228635  0.214475  0.224903  0.205165  0.200026  0.189088  0.186815  0.183531  0.175247  0.168275  0.178105  
1.03503  3.11591  1.29721  5.40421  1.40816  3.96205  4.36767  4.6903  4.81857  5.28777  5.7773  5.86216  6.26453  6.40177  6.57652  7.21076  6.97562  7.30668  7.32305  7.35294  7.70828  7.50841  7.74064  7.63393  0.517513  0.778977  0.216201  0.675526  0.140816  0.330171  0.311977  0.293144  0.267699  0.264388  0.262605  0.244257  0.240943  0.228635  0.219217  0.225336  0.205165  0.202963  0.192712  0.183824  0.183531  0.170646  0.168275  0.15904  
0.291406  3.16138  3.73259  4.62832  3.74178  5.04263  4.79877  5.33186  5.76154  6.26509  6.44303  6.95692  7.19676  7.68728  7.52035  8.05033  8.46018  8.65409  8.86736  9.5735  9.23977  9.62311  9.3422  9.25062  0.145703  0.790346  0.622099  0.578541  0.374178  0.420219  0.342769  0.333241  0.320086  0.313254  0.292865  0.289872  0.276798  0.274546  0.250678  0.251573  0.248829  0.240391  0.233351  0.239337  0.219995  0.218707  0.203091  0.192721  
1.02194  2.55067  1.34568  5.69293  4.36911  5.31344  4.83852  5.41811  5.85923  6.06066  6.43814  6.98828  7.27455  7.8497  7.90588  8.28271  8.42859  8.61257  8.87781  9.06809  9.13529  9.49371  10.3157  9.82802  0.510969  0.637667  0.22428  0.711616  0.436911  0.442787  0.345609  0.338632  0.325513  0.303033  0.292643  0.291178  0.27979  0.280347  0.263529  0.258835  0.2479  0.239238  0.233627  0.226702  0.217507  0.215766  0.224254  0.20475  
1.05815  3.26454  1.35071  3.6951  4.83963  5.47517  4.76558  5.34657  5.932  6.11538  6.40571  7.0728  7.51748  7.70164  7.88024  8.05371  8.20863  8.73803  8.91066  9.13517  9.34806  9.49741  10.0278  9.82193  0.529075  0.816134  0.225118  0.461887  0.483963  0.456264  0.340399  0.33416  0.329556  0.305769  0.291169  0.2947  0.289134  0.275059  0.262675  0.251679  0.24143  0.242723  0.234491  0.228379  0.222573  0.21585  0.217996  0.204623  
1.31413  3.58166  0.0381528  3.4392  3.57974  3.8737  4.36767  4.92207  4.9939  5.3206  5.66028  5.826  6.27571  6.40573  6.47873  7.20752  6.93017  7.13935  7.19688  7.47259  7.69524  7.68607  7.78901  8.53055  0.657065  0.895416  0.00635881  0.429899  0.357974  0.322808  0.311977  0.307629  0.277439  0.26603  0.257286  0.24275  0.241373  0.228776  0.215958  0.225235  0.203828  0.198315  0.189392  0.186815  0.18322  0.174683  0.169326  0.17772  
1.14749  3.59423  0.116555  3.54407  3.52034  3.80339  4.28572  5.23654  5.03691  5.36879  5.60843  5.92807  6.61293  6.3631  6.69911  7.04456  7.16116  7.67248  7.21655  7.53382  7.72659  7.68776  8.30069  8.2031  0.573743  0.898558  0.0194258  0.443009  0.352034  0.316949  0.306123  0.327284  0.279828  0.26844  0.254929  0.247003  0.254344  0.227254  0.223304  0.220143  0.210622  0.213124  0.189909  0.188346  0.183967  0.174722  0.18045  0.170898  
0.738606  2.83503  2.96031  2.49112  3.50382  3.85206  4.11164  4.49043  5.32044  5.09287  5.3587  5.66967  5.74788  6.26135  6.41087  6.26405  6.62082  6.90962  6.85571  6.82721  7.3068  7.34261  7.05906  7.65197  0.369303  0.708758  0.493385  0.31139  0.350382  0.321005  0.293688  0.280652  0.29558  0.254643  0.243577  0.236236  0.221072  0.22362  0.213696  0.195751  0.19473  0.191934  0.180414  0.17068  0.173972  0.166877  0.153458  0.159416  
0.639186  2.5678  0.651901  6.02764  3.15297  3.64636  3.538  4.14018  4.4582  4.58944  5.03256  5.0697  5.24652  5.80871  5.61118  6.06187  6.03625  6.17594  5.98707  5.91043  6.06117  6.15023  6.17004  6.08688  0.319593  0.64195  0.10865  0.753455  0.315297  0.303864  0.252715  0.258761  0.247678  0.229472  0.228753  0.211237  0.201789  0.207454  0.187039  0.189433  0.177537  0.171554  0.157555  0.147761  0.144314  0.139778  0.134131  0.12681  
0.639186  2.39299  0.70227  5.80348  3.24229  3.55414  3.61721  4.14018  4.35373  4.61031  4.64646  4.85933  5.12536  5.50386  5.34099  5.65507  5.74069  6.04022  5.86181  5.79988  5.96057  5.99465  5.87549  5.95729  0.319593  0.598248  0.117045  0.725435  0.324229  0.296178  0.258372  0.258761  0.241874  0.230515  0.211203  0.202472  0.197129  0.196566  0.178033  0.176721  0.168844  0.167784  0.154258  0.144997  0.141918  0.136242  0.127728  0.12411  
0.698701  3.57749  0.260017  3.36861  3.28807  3.45002  3.55286  3.94664  4.32105  4.3775  4.52851  4.75631  4.93211  4.98842  5.91118  5.38766  5.25965  5.46587  5.53129  5.34735  5.64614  5.87236  5.81751  5.67887  0.34935  0.894373  0.0433362  0.421077  0.328807  0.287501  0.253776  0.246665  0.240058  0.218875  0.205842  0.19818  0.189697  0.178158  0.197039  0.168364  0.154696  0.15183  0.14556  0.133684  0.134432  0.133463  0.126468  0.11831  
0.321291  1.73206  1.79638  6.02764  3.07532  3.34078  3.36735  3.52745  3.86086  4.06766  5.03256  4.33208  4.20861  4.51224  4.4582  4.532  4.51004  4.8292  4.5851  4.94604  4.78758  4.64466  4.4469  4.63485  0.160645  0.433016  0.299396  0.753455  0.307532  0.278398  0.240525  0.220466  0.214492  0.203383  0.228753  0.180503  0.16187  0.161151  0.148607  0.141625  0.132648  0.134145  0.120661  0.123651  0.11399  0.105561  0.0966717  0.0965594  
0.780575  0.750941  1.20658  6.45903  2.85496  2.99168  3.40239  3.50407  3.41377  3.9932  4.25104  4.23249  4.06733  4.16338  4.41346  4.20386  4.24129  4.3588  4.1894  4.47084  5.92037  4.07385  4.32286  4.88668  0.390288  0.187735  0.201097  0.807378  0.285496  0.249307  0.243028  0.219004  0.189654  0.19966  0.193229  0.176354  0.156436  0.148692  0.147115  0.131371  0.124744  0.121078  0.110247  0.111771  0.140961  0.0925875  0.0939752  0.101806  
0.57183  1.37197  0.259671  6.85181  2.48123  2.58345  2.797  2.9261  3.12581  3.12666  3.25679  3.38254  3.27791  3.55115  3.55482  3.44455  3.24834  3.42987  3.11349  3.07887  3.21411  2.86242  2.76457  3.07935  0.285915  0.342992  0.0432785  0.856477  0.248123  0.215287  0.199786  0.182881  0.173656  0.156333  0.148036  0.140939  0.126074  0.126827  0.118494  0.107642  0.0955394  0.0952742  0.081934  0.0769718  0.0765265  0.0650551  0.0600994  0.064153  
0.495181  1.33667  0.31946  6.62883  2.78607  2.58468  2.76914  2.87765  3.16054  3.1426  3.16329  3.27327  3.11769  3.42634  3.36405  3.3308  3.17476  3.51537  3.0824  3.0618  3.14854  2.83756  2.73284  2.98653  0.247591  0.334167  0.0532433  0.828604  0.278607  0.21539  0.197796  0.179853  0.175586  0.15713  0.143786  0.136386  0.119911  0.122369  0.112135  0.104087  0.0933754  0.0976491  0.0811159  0.076545  0.0749653  0.06449  0.0594095  0.0622194  
0.24064  0.959351  0.426967  7.76444  2.24495  2.35462  2.53653  2.56289  2.60321  2.72018  2.53401  4.75631  2.6351  2.7038  2.73709  2.57367  2.61233  2.85371  2.35596  2.34587  2.27185  2.09061  1.56861  2.16472  0.12032  0.239838  0.0711612  0.970555  0.224495  0.196219  0.181181  0.160181  0.144623  0.136009  0.115182  0.19818  0.10135  0.0965643  0.0912363  0.0804272  0.0768332  0.0792698  0.0619989  0.0586467  0.0540916  0.0475139  0.0341001  0.0450983  
0.213114  0.842881  0.643338  7.32357  1.82036  2.35122  2.22447  2.308  2.29851  2.31963  2.09566  2.37489  2.15001  2.18086  2.26944  1.87485  1.84433  1.91278  1.67707  1.45473  1.36538  1.26511  1.0257  1.23902  0.106557  0.21072  0.107223  0.915446  0.182036  0.195935  0.158891  0.14425  0.127695  0.115982  0.0952573  0.0989536  0.0826925  0.0778877  0.075648  0.0585891  0.0542449  0.0531327  0.0441335  0.0363684  0.032509  0.0287525  0.0222979  0.0258128  
0.161452  0.731582  0.870465  6.97895  1.74287  2.07885  2.1687  2.111  2.05002  2.10583  1.91456  2.09174  1.98688  1.87357  1.87724  1.5623  1.6495  1.609  1.36226  1.38396  1.08208  1.06566  0.949073  1.0368  0.0807259  0.182896  0.145078  0.872369  0.174287  0.173237  0.154907  0.131938  0.11389  0.105292  0.0870256  0.0871559  0.0764186  0.0669133  0.0625746  0.0488219  0.0485147  0.0446945  0.035849  0.034599  0.0257639  0.0242195  0.020632  0.0216  
0.15196  0.68483  0.474595  7.19587  1.80818  2.0226  2.10559  1.78707  1.95558  1.89671  1.68204  1.64429  1.62901  1.52846  1.34354  1.27336  1.2704  1.13944  0.832233  0.998852  0.822062  0.744245  0.634247  0.548164  0.0759798  0.171208  0.0790992  0.899484  0.180818  0.16855  0.150399  0.111692  0.108643  0.0948353  0.0764562  0.0685121  0.0626542  0.054588  0.0447845  0.0397925  0.0373648  0.0316511  0.0219009  0.0249713  0.0195729  0.0169147  0.013788  0.0114201  
0.191345  0.688125  0.324673  6.72269  2.07163  1.9925  2.08917  1.92656  1.85572  1.95735  1.68677  1.67569  1.68291  1.4862  1.36026  1.31447  1.24564  1.15103  0.838434  1.08355  0.780504  0.759116  0.55061  0.544057  0.0956726  0.172031  0.0541122  0.840336  0.207163  0.166042  0.149226  0.12041  0.103095  0.0978675  0.0766713  0.0698206  0.0647271  0.0530784  0.045342  0.0410773  0.0366364  0.031973  0.0220641  0.0270888  0.0185834  0.0172526  0.0119698  0.0113345  
0.12171  0.65181  0.258386  6.64295  2.07029  2.25494  2.54855  2.00657  1.8717  1.97139  1.74775  1.66863  1.70421  1.54291  1.38915  1.28413  1.25687  1.08762  0.882348  1.00502  0.77871  0.76653  0.642934  0.537479  0.0608551  0.162952  0.0430644  0.830368  0.207029  0.187911  0.182039  0.125411  0.103983  0.0985694  0.0794432  0.0695262  0.0655465  0.055104  0.0463049  0.040129  0.0369668  0.0302116  0.0232197  0.0251256  0.0185407  0.0174211  0.0139768  0.0111975  
0.17629  0.657363  0.821346  5.13752  3.18386  2.0226  2.10559  1.97387  2.06072  1.91392  1.7587  1.62354  1.68056  1.54882  1.35033  1.26932  1.2704  1.13944  0.976349  0.998852  0.847047  0.777358  0.634247  0.587974  0.0881449  0.164341  0.136891  0.64219  0.318386  0.16855  0.150399  0.123367  0.114484  0.0956958  0.079941  0.0676476  0.0646368  0.055315  0.045011  0.0396663  0.0373648  0.0316511  0.0256934  0.0249713  0.0201678  0.0176672  0.013788  0.0122495  
0.168574  0.632586  0.929456  4.52489  3.79355  2.03558  2.04986  1.87697  2.13019  1.9458  1.74922  1.65334  1.71821  1.51627  1.26282  1.22637  1.21402  1.19694  1.02227  0.970723  0.753565  0.737917  0.614674  0.597723  0.0842868  0.158146  0.154909  0.565611  0.379355  0.169632  0.146419  0.11731  0.118344  0.09729  0.0795102  0.068889  0.066085  0.0541525  0.0420941  0.0383242  0.0357065  0.0332483  0.0269017  0.0242681  0.017942  0.0167708  0.0133625  0.0124526  
0.168427  0.65181  0.481083  4.56121  5.1055  1.93637  2.04748  2.00657  2.02382  1.98274  1.74775  1.68518  1.66145  1.54411  1.34368  1.29322  1.26526  1.16693  0.914295  1.00502  0.77871  0.741713  0.642934  0.581038  0.0842137  0.162952  0.0801805  0.570151  0.51055  0.161364  0.146249  0.125411  0.112435  0.0991369  0.0794432  0.0702156  0.0639018  0.0551467  0.0447895  0.0404132  0.0372135  0.0324147  0.0240604  0.0251256  0.0185407  0.0168571  0.0139768  0.012105  
0.0446537  0.745169  0.351076  4.51641  5.37763  1.95676  1.99165  2.12975  2.03573  1.96404  1.73316  1.65997  1.66214  1.5034  1.33294  1.3045  1.24377  1.17892  0.915822  1.01976  0.787183  0.72721  0.634539  0.566118  0.0223269  0.186292  0.0585126  0.564551  0.537763  0.163064  0.142261  0.133109  0.113096  0.0982021  0.0787801  0.0691653  0.0639283  0.0536928  0.0444314  0.0407655  0.0365814  0.0327478  0.0241006  0.025494  0.0187424  0.0165275  0.0137943  0.0117941  
0.0446537  0.745169  0.503297  3.81338  6.4858  1.9882  1.86974  2.0483  1.94329  1.85037  1.68096  1.65997  1.66055  1.47436  1.35026  1.30123  1.28945  1.13712  1.05834  1.11587  0.848885  0.734408  0.632453  0.585069  0.0223269  0.186292  0.0838829  0.476672  0.64858  0.165683  0.133553  0.128018  0.107961  0.0925183  0.0764074  0.0691653  0.0638675  0.0526557  0.0450086  0.0406633  0.0379249  0.0315867  0.0278512  0.0278968  0.0202115  0.0166911  0.013749  0.0121889  
0.160904  0.657317  0.426379  3.09312  7.0948  1.90738  2.06617  1.87697  1.96581  1.91478  1.74922  1.77044  1.95831  1.65938  1.53125  1.46156  1.21402  1.04373  1.00468  0.993817  0.753565  0.761028  0.614674  0.71054  0.0804521  0.164329  0.0710632  0.38664  0.70948  0.158948  0.147584  0.11731  0.109212  0.0957392  0.0795102  0.0737685  0.0753195  0.0592634  0.0510416  0.0456736  0.0357065  0.0289924  0.026439  0.0248454  0.017942  0.0172961  0.0133625  0.0148029  
0.145763  0.638718  0.917946  2.03984  8.03222  1.89295  2.13411  1.94845  2.08284  2.09155  1.93524  1.83178  1.76556  1.64782  1.53255  1.4066  1.3348  1.08405  1.03236  1.01149  1.07167  1.16177  0.73968  0.717773  0.0728814  0.15968  0.152991  0.25498  0.803222  0.157746  0.152436  0.121778  0.115714  0.104578  0.0879652  0.076324  0.0679062  0.0588506  0.051085  0.0439563  0.0392587  0.0301126  0.0271674  0.0252873  0.0255159  0.026404  0.01608  0.0149536  
0.273809  1.2473  0.411054  0.42304  8.09735  1.92732  2.01024  1.88797  1.87856  2.02286  1.75056  1.61324  1.64543  1.46485  1.36514  1.23664  1.1935  1.08823  0.991304  1.00454  1.09072  0.645468  0.703551  0.600719  0.136904  0.311826  0.068509  0.05288  0.809735  0.16061  0.143589  0.117998  0.104364  0.101143  0.0795711  0.0672185  0.0632858  0.0523161  0.0455048  0.0386451  0.0351029  0.0302286  0.026087  0.0251134  0.0259694  0.0146697  0.0152946  0.012515  
0.19406  0.618941  1.13848  0.611772  9.06493  1.85386  2.03695  1.91943  1.97808  2.06345  1.9293  1.89788  1.66672  1.53409  1.36213  1.32554  1.38413  1.16664  1.1013  1.05208  0.874624  0.777226  1.04318  0.736583  0.0970298  0.154735  0.189747  0.0764715  0.906493  0.154489  0.145497  0.119964  0.109894  0.103173  0.0876956  0.0790782  0.0641046  0.0547888  0.0454043  0.0414232  0.0407098  0.0324067  0.0289815  0.026302  0.0208244  0.0176642  0.0226778  0.0153455  
0.0159582  0.804428  0.589058  1.22582  9.45828  1.79124  1.92079  2.03408  1.89111  1.92446  1.69887  1.63524  1.63631  1.55547  1.4247  1.32387  1.2279  1.06401  0.919223  0.995445  0.904929  0.735725  0.638748  0.584032  0.00797911  0.201107  0.0981763  0.153227  0.945828  0.14927  0.137199  0.12713  0.105062  0.096223  0.0772213  0.0681352  0.0629351  0.0555526  0.0474899  0.0413709  0.0361148  0.0295559  0.0241901  0.0248861  0.0215459  0.016721  0.0138858  0.0121673  
0.0987496  0.783369  0.411508  0.631177  9.9101  1.75967  1.98044  1.92656  1.85572  1.95735  1.68677  1.67569  1.68381  1.55202  1.43265  1.31447  1.17435  1.04377  0.937382  0.997876  0.752616  0.692105  0.73968  0.544057  0.0493748  0.195842  0.0685846  0.0788972  0.99101  0.146639  0.14146  0.12041  0.103095  0.0978675  0.0766713  0.0698206  0.0647619  0.0554293  0.0477549  0.0410773  0.0345397  0.0289937  0.0246679  0.0249469  0.0179194  0.0157297  0.01608  0.0113345  
0.0948538  0.789157  0.289214  0.279436  9.98517  1.71612  1.92991  2.6923  1.86653  1.95483  1.67272  1.65334  1.6994  1.55287  1.41779  1.31221  1.18877  1.0598  0.935501  0.995445  0.780569  0.723069  0.674564  0.535733  0.0474269  0.197289  0.0482023  0.0349295  0.998517  0.14301  0.137851  0.168269  0.103696  0.0977413  0.0760326  0.068889  0.0653616  0.0554596  0.0472596  0.0410065  0.0349639  0.0294388  0.0246184  0.0248861  0.018585  0.0164334  0.0146644  0.0111611  
0.00125227  0.487082  0.438959  0.607596  9.93284  1.59468  1.78134  1.4899  1.49121  1.76448  1.59192  1.2828  1.19433  1.10782  0.990597  1.19496  0.758003  0.60069  0.462128  0.481891  0.352641  0.409977  0.348536  0.370658  0.000626136  0.121771  0.0731598  0.0759496  0.993284  0.13289  0.127238  0.093119  0.0828449  0.0882241  0.0723598  0.0534501  0.0459358  0.0395651  0.0330199  0.0373426  0.0222942  0.0166858  0.0121613  0.0120473  0.00839621  0.00931767  0.00757686  0.00772205  
0.049947  0.162957  0.747261  0.136719  9.51024  1.28535  1.11461  1.32627  0.941436  1.46563  0.908484  0.837819  0.722057  0.570366  0.423189  0.346269  0.250412  0.297139  0.237101  0.260108  0.17202  0.133945  0.152845  0.0563729  0.0249735  0.0407392  0.124544  0.0170899  0.951024  0.107112  0.0796148  0.0828919  0.052302  0.0732814  0.0412947  0.0349091  0.0277714  0.0203702  0.0141063  0.0108209  0.00736505  0.00825385  0.00623951  0.0065027  0.00409573  0.00304421  0.00332272  0.00117444  
0.0497143  0.126322  0.558458  0.186557  9.51025  1.29448  1.24319  1.11414  0.942724  1.4778  0.933404  0.832114  0.741665  0.54863  0.423909  0.348589  0.273687  0.300592  0.208537  0.25362  0.173808  0.131203  0.162544  0.0834195  0.0248571  0.0315804  0.0930763  0.0233196  0.951025  0.107874  0.0887993  0.0696341  0.0523735  0.0738901  0.0424275  0.0346714  0.0285256  0.0195939  0.0141303  0.0108934  0.00804961  0.00834978  0.00548782  0.00634049  0.00413829  0.0029819  0.00353357  0.00173791  
0.0503315  0.0868714  0.210193  0.240553  9.78974  1.26311  1.28194  1.13667  0.885406  1.43102  0.815575  0.825576  0.759693  0.534268  0.433415  0.364422  0.282858  0.304906  0.239279  0.2818  0.18333  0.12417  0.154235  0.09855  0.0251657  0.0217179  0.0350322  0.0300692  0.978974  0.105259  0.0915673  0.0710418  0.0491892  0.0715512  0.0370716  0.034399  0.029219  0.019081  0.0144472  0.0113882  0.00831936  0.00846962  0.00629681  0.00704501  0.004365  0.00282205  0.00335294  0.00205312  
0.0164679  0.104153  1.32578e-05  0.136719  9.99833  2.04483  1.22538  1.32627  0.897343  1.403  0.821026  0.825079  0.688693  0.591744  0.423189  0.50809  0.250412  0.323682  0.179362  0.26707  0.144289  0.142201  0.152845  0.0659673  0.00823397  0.0260382  2.20963e-06  0.0170899  0.999833  0.170403  0.0875272  0.0828919  0.0498524  0.0701501  0.0373194  0.0343783  0.0264882  0.0211337  0.0141063  0.0158778  0.00736505  0.00899118  0.00472005  0.00667675  0.00343545  0.00323183  0.00332272  0.00137432  
