1.02594  205.199  13.6257  1.02594  205.199  13.6257  |||| 2.04928e+06 |||| 2.04928e+06 
35.9993  6.06319  169.646  35.9993  6.06319  169.646  |||| 1.66896e+06 |||| 1.66896e+06 
16.8356  3.02308  248.35  16.8356  3.02308  248.35  |||| 164433 |||| 164433 
7.53936  38.701  285.471  7.53936  38.701  285.471  |||| 7875.71 |||| 7875.71 
35.8979  70.9348  101.823  35.8979  70.9348  101.823  |||| 3186.81 |||| 3186.81 
194.093  8.95821  2.74982  194.093  8.95821  2.74982  |||| 230.745 |||| 230.745 
5.7014  9.01479  183.099  5.7014  9.01479  183.099  |||| 7595.49 |||| 7595.49 
17.9104  89.7425  202.539  17.9104  89.7425  202.539  |||| 1484.13 |||| 1484.13 
2.46249  1.68425  212.971  2.46249  1.68425  212.971  |||| 2354.23 |||| 2354.23 
18.6352  5.11572  155.99  18.6352  5.11572  155.99  |||| 676.539 |||| 676.539 
97.3044  89.759  109.183  97.3044  89.759  109.183  |||| 6124.26 |||| 6124.26 
0.392289  27.6861  217.17  0.392289  27.6861  217.17  |||| 1287.72 |||| 1287.72 
18.0256  6.01473  279.637  18.0256  6.01473  279.637  |||| 2831.24 |||| 2831.24 
80.9445  12.6131  55.9514  80.9445  12.6131  55.9514  |||| 200.073 |||| 200.073 
97.7699  18.4049  92.564  97.7699  18.4049  92.564  |||| 1391.17 |||| 1391.17 
10.1297  15.9527  261.064  10.1297  15.9527  261.064  |||| 1046.66 |||| 1046.66 
143.973  7.82528  34.4203  143.973  7.82528  34.4203  |||| 229.019 |||| 229.019 
13.6407  169.786  90.4612  13.6407  169.786  90.4612  |||| 7015.05 |||| 7015.05 
19.9927  237.599  57.6466  19.9927  237.599  57.6466  |||| 4394.59 |||| 4394.59 
9.2674  181.306  65.8765  9.2674  181.306  65.8765  |||| 936.408 |||| 936.408 
42.368  25.8909  277.158  42.368  25.8909  277.158  |||| 2297.05 |||| 2297.05 
175.172  19.127  80.6302  175.172  19.127  80.6302  |||| 310.287 |||| 310.287 
17.1123  97.6448  97.8137  17.1123  97.6448  97.8137  |||| 1356.95 |||| 1356.95 
8.53259  226.453  39.6198  8.53259  226.453  39.6198  |||| 1431.28 |||| 1431.28 
51.1811  38.5533  91.9628  51.1811  38.5533  91.9628  |||| 466.446 |||| 466.446 
17.1281  37.4024  178.727  17.1281  37.4024  178.727  |||| 822.37 |||| 822.37 
114.223  14.3579  68.8215  114.223  14.3579  68.8215  |||| 1431.85 |||| 1431.85 
4.4451  98.8217  6.83458  4.4451  98.8217  6.83458  |||| 482.693 |||| 482.693 
6.63193  71.6854  130.705  6.63193  71.6854  130.705  |||| 725.992 |||| 725.992 
44.1402  98.7687  26.503  44.1402  98.7687  26.503  |||| 1206.06 |||| 1206.06 
126.846  38.81  73.4908  126.846  38.81  73.4908  |||| 607.354 |||| 607.354 
20.1158  11.5416  152.282  20.1158  11.5416  152.282  |||| 383.814 |||| 383.814 
1.01997  3.19131  206.302  1.01997  3.19131  206.302  |||| 787.428 |||| 787.428 
24.6156  11.7114  273.776  24.6156  11.7114  273.776  |||| 652.885 |||| 652.885 
1.68164  11.9444  237.986  1.68164  11.9444  237.986  |||| 26418.9 |||| 26418.9 
167.765  77.0827  22.8292  167.765  77.0827  22.8292  |||| 397.406 |||| 397.406 
14.9969  19.6393  257.365  14.9969  19.6393  257.365  |||| 1631.09 |||| 1631.09 
62.2485  36.1219  150.45  62.2485  36.1219  150.45  |||| 323.475 |||| 323.475 
65.8035  11.8226  148.191  65.8035  11.8226  148.191  |||| 1709.61 |||| 1709.61 
11.4605  138.542  52.1355  11.4605  138.542  52.1355  |||| 627.225 |||| 627.225 
68.8065  127.317  47.1257  68.8065  127.317  47.1257  |||| 335.311 |||| 335.311 
5.03587  46.2534  136.774  5.03587  46.2534  136.774  |||| 667.315 |||| 667.315 
10.9108  54.6865  231.741  10.9108  54.6865  231.741  |||| 4593.21 |||| 4593.21 
71.3566  145.752  94.6458  71.3566  145.752  94.6458  |||| 533.68 |||| 533.68 
7.03543  58.5862  290.977  7.03543  58.5862  290.977  |||| 1342.94 |||| 1342.94 
4.41679  92.1392  114.067  4.41679  92.1392  114.067  |||| 807.506 |||| 807.506 
9.79416  19.9032  292.402  9.79416  19.9032  292.402  |||| 2129.39 |||| 2129.39 
51.9595  92.9083  116.289  51.9595  92.9083  116.289  |||| 460.702 |||| 460.702 
12.7804  227.758  99.4748  12.7804  227.758  99.4748  |||| 607.365 |||| 607.365 
34.6603  108.116  219.758  34.6603  108.116  219.758  |||| 3322.93 |||| 3322.93 
57.5533  46.9872  39.5605  57.5533  46.9872  39.5605  |||| 1122.21 |||| 1122.21 
40.4623  62.3164  144.687  40.4623  62.3164  144.687  |||| 367.048 |||| 367.048 
82.7265  72.7237  4.46018  82.7265  72.7237  4.46018  |||| 288.244 |||| 288.244 
20.2794  0.597386  120.563  20.2794  0.597386  120.563  |||| 204.9 |||| 204.9 
13.3099  21.0783  329.159  13.3099  21.0783  329.159  |||| 2606.35 |||| 2606.35 
70.8014  8.01756  189.274  70.8014  8.01756  189.274  |||| 377.357 |||| 377.357 
1.05973  128.69  118.4  1.05973  128.69  118.4  |||| 369.124 |||| 369.124 
243.726  68.4922  37.4432  243.726  68.4922  37.4432  |||| 1164.98 |||| 1164.98 
62.459  41.1138  156.572  62.459  41.1138  156.572  |||| 1859.26 |||| 1859.26 
147.733  0.270794  119.476  147.733  0.270794  119.476  |||| 622.217 |||| 622.217 
13.3808  28.6777  284.247  13.3808  28.6777  284.247  |||| 1017.37 |||| 1017.37 
29.2005  167.846  95.9925  29.2005  167.846  95.9925  |||| 1534.46 |||| 1534.46 
47.7801  191.498  81.8991  47.7801  191.498  81.8991  |||| 431.185 |||| 431.185 
27.2153  149.577  29.1437  27.2153  149.577  29.1437  |||| 711.732 |||| 711.732 
150.985  30.1538  22.5436  150.985  30.1538  22.5436  |||| 739.118 |||| 739.118 
10.5069  2.77336  29.9241  10.5069  2.77336  29.9241  |||| 199.532 |||| 199.532 
20.317  25.5892  208.343  20.317  25.5892  208.343  |||| 32525 |||| 32525 
7.1439  36.3372  156.557  7.1439  36.3372  156.557  |||| 371.431 |||| 371.431 
13.2625  12.4469  217.883  13.2625  12.4469  217.883  |||| 1015.47 |||| 1015.47 
18.1966  146.364  65.2903  18.1966  146.364  65.2903  |||| 728.538 |||| 728.538 
38.7908  155.715  113.813  38.7908  155.715  113.813  |||| 1002.46 |||| 1002.46 
299.659  8.49425  59.2013  299.659  8.49425  59.2013  |||| 1874.49 |||| 1874.49 
33.5996  57.5204  187.374  33.5996  57.5204  187.374  |||| 569.764 |||| 569.764 
130.681  50.4765  35.7486  130.681  50.4765  35.7486  |||| 883.481 |||| 883.481 
21.8364  113.716  83.4926  21.8364  113.716  83.4926  |||| 1337.53 |||| 1337.53 
187.054  11.9628  24.6803  187.054  11.9628  24.6803  |||| 1377.94 |||| 1377.94 
29.5895  58.2277  145.264  29.5895  58.2277  145.264  |||| 511.123 |||| 511.123 
3.86412  7.42112  45.0119  3.86412  7.42112  45.0119  |||| 58.7867 |||| 58.7867 
82.4515  34.7697  173.423  82.4515  34.7697  173.423  |||| 990.483 |||| 990.483 
127.905  63.2718  34.9054  127.905  63.2718  34.9054  |||| 1139.17 |||| 1139.17 
58.0814  107.45  14.5327  58.0814  107.45  14.5327  |||| 543.473 |||| 543.473 
55.465  30.4538  191.725  55.465  30.4538  191.725  |||| 613.515 |||| 613.515 
2.27946  195.635  75.4923  2.27946  195.635  75.4923  |||| 2056.98 |||| 2056.98 
58.8857  0.941946  138.128  58.8857  0.941946  138.128  |||| 657.132 |||| 657.132 
36.8821  64.9515  229.686  36.8821  64.9515  229.686  |||| 856.484 |||| 856.484 
6.55271  54.2274  76.5202  6.55271  54.2274  76.5202  |||| 277.363 |||| 277.363 
15.4222  22.7359  21.9632  15.4222  22.7359  21.9632  |||| 208.189 |||| 208.189 
10.1761  117.402  12.205  10.1761  117.402  12.205  |||| 373.57 |||| 373.57 
0.581844  102.463  129.882  0.581844  102.463  129.882  |||| 327.033 |||| 327.033 
0.470172  3.10964  122.008  0.470172  3.10964  122.008  |||| 138.163 |||| 138.163 
38.886  15.3412  151.621  38.886  15.3412  151.621  |||| 1543.33 |||| 1543.33 
175.137  146.193  79.073  175.137  146.193  79.073  |||| 3898.92 |||| 3898.92 
2.54797  247.999  14.5216  2.54797  247.999  14.5216  |||| 397.723 |||| 397.723 
66.4437  28.0238  225.495  66.4437  28.0238  225.495  |||| 1937.78 |||| 1937.78 
21.8101  201.067  49.7039  21.8101  201.067  49.7039  |||| 744.599 |||| 744.599 
184.701  1.9829  41.0871  184.701  1.9829  41.0871  |||| 7852.53 |||| 7852.53 
62.236  3.51527  123.486  62.236  3.51527  123.486  |||| 3396.7 |||| 3396.7 
9.34006  40.0062  148.629  9.34006  40.0062  148.629  |||| 1717.66 |||| 1717.66 
97.2636  43.7318  124.729  97.2636  43.7318  124.729  |||| 12480.1 |||| 12480.1 
160.614  170.943  30.1722  160.614  170.943  30.1722  |||| 62085.6 |||| 62085.6 
0.4999  4.99868e-05  4.95186e-05  0.485054  0.0148965  4.95186e-05  |||| 0.4999 |||| 148.965 
4.97471e-05  0.499901  4.97241e-05  4.97471e-05  0.499901  4.97241e-05  |||| 0.499901 |||| 0.499901 
4.9988e-05  4.98764e-05  0.4999  0.00312708  0.00327068  0.493602  |||| 0.4999 |||| 32.7068 
0.464103  0.0179489  0.017948  0.356833  0.0819978  0.0611695  |||| 0.500001 |||| 2.2842 
0.437825  0.0466322  0.0155433  7.67211  0.696649  0.310784  |||| 0.500002 |||| 9.99676 
0.419732  0.0200666  0.0602017  14.332  2.9338  2.7406  |||| 0.500002 |||| 73.0982 
0.405023  0.083105  0.011872  18.9131  4.18988  0.2758  |||| 0.5 |||| 25.2083 
0.392307  0.0403848  0.0673083  0.392746  0.0799346  0.0273193  |||| 0.5 |||| 0.989654 
0.38094  0.0744122  0.0446474  47.2439  9.30445  5.69536  |||| 0.500001 |||| 63.7815 
0.37057  0.0161778  0.113252  0.378009  0.00873861  0.113252  |||| 0.500002 |||| 0.510039 
0.360968  0.130342  0.00868951  0.614494  0.131446  0.0291901  |||| 0.500001 |||| 1.67962 
0.351989  0.0647546  0.0832561  27.9188  5.13615  6.25963  |||| 0.500001 |||| 39.6586 
0.343525  0.107577  0.0488985  0.279659  0.171442  0.0488985  |||| 0.5 |||| 0.796835 
0.335498  0.0308439  0.133659  0.26167  0.0310853  0.207244  |||| 0.500004 |||| 0.775267 
0.32784  0.139881  0.0322798  59.9914  22.9427  2.77883  |||| 0.5 |||| 91.4951 
0.320511  0.0560904  0.123399  21.4362  3.75141  6.94468  |||| 0.5 |||| 33.4408 
0.313469  0.104924  0.0816076  2.4365  1.07129  0.74424  |||| 0.500001 |||| 5.10508 
0.306685  0.0120801  0.181235  28.6736  1.12943  17.3091  |||| 0.500002 |||| 47.7534 
0.300134  0.193629  0.00623706  52.8093  23.9487  2.37459  |||| 0.500009 |||| 190.09 
0.293785  0.0966644  0.109551  23.7849  8.13732  7.18943  |||| 0.500005 |||| 42.0905 
0.287626  0.152645  0.0597291  3.22024  1.97111  0.734487  |||| 0.500002 |||| 6.45653 
0.281642  0.0477643  0.170594  17.35  2.73982  10.7997  |||| 0.500004 |||| 31.6536 
0.275818  0.189154  0.0350275  0.273124  0.187306  0.03957  |||| 0.500001 |||| 0.564826 
0.270143  0.0790143  0.150843  0.280241  0.0809494  0.13881  |||| 0.500003 |||| 0.518694 
0.264601  0.139768  0.0956305  51.707  30.8142  8.9498  |||| 0.5 |||| 110.233 
0.259193  0.0225739  0.218233  0.25268  0.02247  0.22485  |||| 0.500007 |||| 0.515156 
0.253897  0.223032  0.0230703  0.248716  0.222535  0.0287487  |||| 0.500002 |||| 0.623017 
0.248714  0.102085  0.149201  0.489053  0.201821  0.291805  |||| 0.500005 |||| 0.988502 
0.24364  0.16824  0.0881199  0.247038  0.156412  0.0965491  |||| 0.500006 |||| 0.547799 
0.23866  0.0408344  0.220506  0.227706  0.0389602  0.233334  |||| 0.5 |||| 0.529088 
0.233774  0.207989  0.0582367  13.4744  11.6192  3.35893  |||| 0.5 |||| 28.8385 
0.228977  0.0762251  0.194798  10.8831  4.32438  9.09096  |||| 0.500001 |||| 28.3657 
0.224263  0.146485  0.129251  22.1922  14.2912  12.7852  |||| 0.5 |||| 49.4781 
0.219628  0.00876159  0.27161  0.219408  0.00443984  0.276153  |||| 0.5 |||| 0.508362 
0.21507  0.28048  0.00445063  10.4669  17.4713  2.49569  |||| 0.500001 |||| 280.285 
0.210582  0.140187  0.149232  0.206827  0.147421  0.145752  |||| 0.5 |||| 0.5258 
0.206163  0.215786  0.0780506  0.202511  0.21306  0.0844291  |||| 0.500001 |||| 0.540862 
0.20181  0.0698873  0.228303  12.3615  2.78723  14.9401  |||| 0.500002 |||| 32.7201 
0.197519  0.259945  0.0425364  1.94262  2.64719  0.457706  |||| 0.500001 |||| 5.38017 
0.193289  0.110223  0.196488  31.2696  20.6014  34.3849  |||| 0.500002 |||| 93.4521 
0.189115  0.189445  0.121439  2.11477  2.06012  1.03474  |||| 0.5 |||| 5.59123 
0.184997  0.0344535  0.28055  2.62562  0.299414  3.96308  |||| 0.5 |||| 7.09637 
0.180933  0.29414  0.0249272  36.7742  58.4762  4.99782  |||| 0.500001 |||| 101.624 
0.176918  0.1363  0.186782  2.50226  1.9678  2.66564  |||| 0.500001 |||| 7.21863 
0.172955  0.219734  0.107312  8.41097  11.0968  5.33099  |||| 0.5 |||| 25.2506 
0.169038  0.0568829  0.274079  10.7747  4.24299  17.1036  |||| 0.500002 |||| 37.2951 
0.165167  0.266821  0.0680118  0.165461  0.266527  0.0680118  |||| 0.500002 |||| 0.500891 
0.16134  0.100539  0.238121  0.168934  0.111079  0.219987  |||| 0.500001 |||| 0.552414 
0.157551  0.187276  0.155172  0.158788  0.186584  0.154629  |||| 0.500008 |||| 0.503909 
0.153813  0.0162275  0.32996  0.144425  0.0256152  0.32996  |||| 0.500001 |||| 0.789253 
0.150111  0.33349  0.0163992  0.144562  0.319868  0.0355694  |||| 0.500002 |||| 1.08436 
0.146447  0.160203  0.19335  0.150549  0.164691  0.18476  |||| 0.500001 |||| 0.514007 
0.142817  0.251144  0.106038  0.555417  0.976539  0.435712  |||| 0.500004 |||| 2.05452 
0.13923  0.0732808  0.287489  0.14991  0.0781716  0.271918  |||| 0.500001 |||| 0.538353 
0.135675  0.301707  0.0626183  0.120251  0.31614  0.063609  |||| 0.500002 |||| 0.52392 
0.132156  0.120698  0.247146  25.0728  23.0527  46.1922  |||| 0.500001 |||| 95.4967 
0.128668  0.214676  0.156656  0.234537  0.423656  0.297116  |||| 0.500003 |||| 0.986735 
0.125214  0.0292799  0.345507  0.126582  0.0296643  0.349426  |||| 0.500002 |||| 0.506561 
0.121792  0.336842  0.0413663  0.14721  0.312043  0.0407468  |||| 0.500001 |||| 0.604351 
0.1184  0.149062  0.232538  4.59636  5.56986  8.34717  |||| 0.5 |||| 19.4103 
0.115037  0.246616  0.138346  6.50272  13.2336  8.00483  |||| 0.500002 |||| 28.9305 
0.111719  0.0546092  0.333739  5.3865  2.66507  16.0632  |||| 0.500071 |||| 24.4036 
0.108402  0.299823  0.0917823  4.3863  12.5437  4.20665  |||| 0.500008 |||| 22.9168 
0.105123  0.104889  0.289989  0.103486  0.0919214  0.304593  |||| 0.500001 |||| 0.525182 
0.101872  0.205285  0.192843  15.1536  29.4569  29.2339  |||| 0.500001 |||| 75.7971 
0.0986497  0.00626544  0.395085  8.7787  0.129392  49.3932  |||| 0.500007 |||| 62.5104 
0.0954514  0.401391  0.00315802  0.0787155  0.415641  0.00564364  |||| 0.500003 |||| 0.892828 
0.092278  0.200675  0.207047  0.0886265  0.222105  0.217224  |||| 0.500001 |||| 0.553394 
0.089129  0.304943  0.105928  1.31812  5.3159  0.779627  |||| 0.500001 |||| 8.71622 
0.0860049  0.100264  0.313731  14.0528  18.5186  45.1577  |||| 0.500001 |||| 92.3487 
0.082903  0.361703  0.0553942  1.28631  4.78958  0.763764  |||| 0.500003 |||| 7.75783 
0.0798263  0.154283  0.265891  0.0797627  0.16159  0.258648  |||| 0.500002 |||| 0.523681 
0.0767696  0.261213  0.162018  3.07328  11.1534  6.31699  |||| 0.5 |||| 21.3493 
0.0737357  0.0499527  0.376312  7.60518  5.98867  21.0184  |||| 0.500001 |||| 59.9433 
0.0707228  0.399094  0.0301832  14.5226  80.0201  6.07385  |||| 0.500001 |||| 102.672 
0.0677319  0.185739  0.246529  5.7708  17.6837  26.4887  |||| 0.500003 |||| 53.7235 
0.0647603  0.295827  0.139412  0.060301  0.297874  0.141825  |||| 0.500001 |||| 0.508651 
0.06181  0.0787365  0.359454  0.0572832  0.0802265  0.36249  |||| 0.500001 |||| 0.509459 
0.0588791  0.354965  0.0861558  0.113919  0.299885  0.0861954  |||| 0.500001 |||| 0.967402 
0.0559674  0.13529  0.308743  0.065143  0.110327  0.32453  |||| 0.500002 |||| 0.581972 
0.0530746  0.247905  0.199021  5.91151  25.5898  20.7123  |||| 0.500001 |||| 55.6907 
0.0502002  0.0245979  0.425202  0.0491445  0.0256536  0.425202  |||| 0.500001 |||| 0.521448 
0.0473431  0.434975  0.0176817  0.0470102  0.432361  0.0206292  |||| 0.500002 |||| 0.583344 
0.0445063  0.209954  0.24554  0.0413614  0.205474  0.253165  |||| 0.500001 |||| 0.515527 
0.0416862  0.325833  0.132481  0.0447851  0.307785  0.14743  |||| 0.500001 |||| 0.556418 
0.0388829  0.0972667  0.36385  6.47864  23.7346  97.8306  |||| 0.500001 |||| 134.438 
0.0360965  0.387794  0.0761095  0.0356628  0.383135  0.0812025  |||| 0.500004 |||| 0.533462 
0.0333271  0.156773  0.3099  0.976397  5.70144  10.064  |||| 0.5 |||| 18.1837 
0.0305725  0.275056  0.194372  2.90187  26.1076  18.4493  |||| 0.500002 |||| 47.459 
0.0278367  0.0405762  0.431587  8.27853  12.1564  127.962  |||| 0.500001 |||| 149.795 
0.0251127  0.426658  0.0482293  0.0314832  0.417996  0.0505204  |||| 0.500005 |||| 0.626773 
0.0224079  0.190294  0.287307  0.0407502  0.430059  0.71954  |||| 0.500011 |||| 1.25224 
0.0197183  0.311434  0.168848  0.00946324  0.314663  0.175874  |||| 0.500002 |||| 0.520803 
0.017043  0.0716886  0.411268  4.34237  9.98502  73.4311  |||| 0.500001 |||| 127.394 
0.0143817  0.375596  0.110022  0.0939482  1.98063  0.948855  |||| 0.500002 |||| 4.31208 
0.0117354  0.133509  0.354756  0.0507949  0.492664  1.34958  |||| 0.500002 |||| 2.16413 
0.00910257  0.256954  0.233944  0.00889054  0.246459  0.244651  |||| 0.500001 |||| 0.522886 
0.00648444  0.0115664  0.481949  0.609437  1.09969  47.8243  |||| 0.500001 |||| 49.6157 
0.00388091  0.484492  0.0116274  0.141645  15.966  0.391156  |||| 0.500001 |||| 18.2483 
0.00128931  0.237667  0.261044  0.00338435  0.235027  0.261589  |||| 0.500001 |||| 1.31143 
