0.533636  1.02828  0.533636  1.02828  |||| 8676.36 |||| 8676.36 
0.637842  0.962723  0.637842  0.962723  |||| 4529.42 |||| 4529.42 
0.252889  1.14248  0.252889  1.14248  |||| 192.439 |||| 192.439 
0.643736  0.933333  0.643736  0.933333  |||| 50.4821 |||| 50.4821 
0.582824  0.969154  0.582824  0.969154  |||| 31.6934 |||| 31.6934 
0.224266  1.18892  0.224266  1.18892  |||| 28.7917 |||| 28.7917 
0.953109  0.567276  0.953109  0.567276  |||| 8.85542 |||| 8.85542 
0.996431  0.5026  0.996431  0.5026  |||| 6.09295 |||| 6.09295 
0.325677  1.15498  0.325677  1.15498  |||| 14.9914 |||| 14.9914 
0.873109  0.687601  0.873109  0.687601  |||| 6.88551 |||| 6.88551 
0.513278  1.07015  0.513278  1.07015  |||| 10.486 |||| 10.486 
0.307506  1.14497  0.307506  1.14497  |||| 10.1541 |||| 10.1541 
0.44773  1.07568  0.44773  1.07568  |||| 8.54029 |||| 8.54029 
1.12885  0.203637  1.12885  0.203637  |||| 1.06944 |||| 1.06944 
0.953804  0.606611  0.953804  0.606611  |||| 3.49634 |||| 3.49634 
0.317928  1.13951  0.317928  1.13951  |||| 7.10583 |||| 7.10583 
0.291221  1.1503  0.291221  1.1503  |||| 6.68867 |||| 6.68867 
0.442366  1.09378  0.442366  1.09378  |||| 5.8998 |||| 5.8998 
0.73616  0.844602  0.73616  0.844602  |||| 4.06228 |||| 4.06228 
0.994851  0.540508  0.994851  0.540508  |||| 2.12722 |||| 2.12722 
0.674716  0.866094  0.674716  0.866094  |||| 3.73694 |||| 3.73694 
0.293516  1.13708  0.293516  1.13708  |||| 4.9072 |||| 4.9072 
0.588493  1.00257  0.588493  1.00257  |||| 4.0248 |||| 4.0248 
0.934214  0.646056  0.934214  0.646056  |||| 2.21255 |||| 2.21255 
1.15675  0.172886  1.15675  0.172886  |||| 1.26147 |||| 1.26147 
0.603485  1.011  0.603485  1.011  |||| 3.54614 |||| 3.54614 
0.266464  1.1037  0.266464  1.1037  |||| 3.77219 |||| 3.77219 
0.206931  1.18921  0.206931  1.18921  |||| 3.95291 |||| 3.95291 
0.558543  1.00752  0.558543  1.00752  |||| 3.13183 |||| 3.13183 
0.501308  1.02534  0.501308  1.02534  |||| 3.08145 |||| 3.08145 
0.456406  1.10894  0.456406  1.10894  |||| 3.26079 |||| 3.26079 
0.96725  0.593428  0.96725  0.593428  |||| 1.43771 |||| 1.43771 
0.264517  1.14743  0.264517  1.14743  |||| 3.17064 |||| 3.17064 
0.601709  1.00142  0.601709  1.00142  |||| 2.61572 |||| 2.61572 
0.184901  1.1463  0.184901  1.1463  |||| 2.97212 |||| 2.97212 
0.461077  1.02038  0.461077  1.02038  |||| 2.51503 |||| 2.51503 
0.475352  1.1021  0.475352  1.1021  |||| 2.67428 |||| 2.67428 
0.784199  0.755982  0.784199  0.755982  |||| 1.64345 |||| 1.64345 
0.608888  1.01165  0.608888  1.01165  |||| 2.28489 |||| 2.28489 
0.919507  0.637488  0.919507  0.637488  |||| 1.24614 |||| 1.24614 
0.498014  1.05449  0.498014  1.05449  |||| 2.27523 |||| 2.27523 
0.322326  1.16171  0.322326  1.16171  |||| 2.48365 |||| 2.48365 
0.43677  1.10616  0.43677  1.10616  |||| 2.28791 |||| 2.28791 
0.450115  1.12867  0.450115  1.12867  |||| 2.28594 |||| 2.28594 
0.260301  1.15838  0.260301  1.15838  |||| 2.30066 |||| 2.30066 
0.330155  1.15885  0.330155  1.15885  |||| 2.24882 |||| 2.24882 
1.04986  0.383207  1.04986  0.383207  |||| 1.58441 |||| 1.58441 
0.570988  1.04265  0.570988  1.04265  |||| 1.89969 |||| 1.89969 
0.273381  1.15265  0.273381  1.15265  |||| 2.09066 |||| 2.09066 
1.10316  0.320854  1.10316  0.320854  |||| 1.78196 |||| 1.78196 
1.15043  0.251302  1.15043  0.251302  |||| 1.91156 |||| 1.91156 
0.935485  0.570164  0.935485  0.570164  |||| 1.51664 |||| 1.51664 
1.00262  0.590269  1.00262  0.590269  |||| 1.68708 |||| 1.68708 
0.878309  0.682031  0.878309  0.682031  |||| 1.46138 |||| 1.46138 
0.459696  1.08522  0.459696  1.08522  |||| 1.72586 |||| 1.72586 
1.0063  0.422242  1.0063  0.422242  |||| 1.80892 |||| 1.80892 
1.12001  0.273126  1.12001  0.273126  |||| 2.10668 |||| 2.10668 
0.930776  0.559356  0.930776  0.559356  |||| 1.7199 |||| 1.7199 
0.289876  1.13501  0.289876  1.13501  |||| 1.69004 |||| 1.69004 
0.344365  1.12293  0.344365  1.12293  |||| 1.64006 |||| 1.64006 
0.201634  1.15038  0.201634  1.15038  |||| 1.658 |||| 1.658 
0.710007  0.903825  0.710007  0.903825  |||| 1.33664 |||| 1.33664 
0.328525  1.16173  0.328525  1.16173  |||| 1.62159 |||| 1.62159 
0.903983  0.64106  0.903983  0.64106  |||| 1.93069 |||| 1.93069 
1.16332  0.160649  1.16332  0.160649  |||| 2.70098 |||| 2.70098 
0.747253  0.810306  0.747253  0.810306  |||| 1.59741 |||| 1.59741 
0.46765  1.05274  0.46765  1.05274  |||| 1.35543 |||| 1.35543 
0.595489  0.995379  0.595489  0.995379  |||| 1.24891 |||| 1.24891 
0.729847  0.886017  0.729847  0.886017  |||| 1.69539 |||| 1.69539 
0.428208  1.10117  0.428208  1.10117  |||| 1.3655 |||| 1.3655 
0.210277  1.19342  0.210277  1.19342  |||| 1.47754 |||| 1.47754 
0.224808  1.1863  0.224808  1.1863  |||| 1.44625 |||| 1.44625 
0.490277  1.09091  0.490277  1.09091  |||| 1.29313 |||| 1.29313 
0.282865  1.17528  0.282865  1.17528  |||| 1.39069 |||| 1.39069 
0.948234  0.581205  0.948234  0.581205  |||| 2.9336 |||| 2.9336 
0.384841  1.15905  0.384841  1.15905  |||| 1.3312 |||| 1.3312 
0.485403  1.0811  0.485403  1.0811  |||| 1.25316 |||| 1.25316 
0.34932  1.13454  0.34932  1.13454  |||| 1.26412 |||| 1.26412 
0.932386  0.547571  0.932386  0.547571  |||| 3.40714 |||| 3.40714 
0.868506  0.694731  0.868506  0.694731  |||| 3.26796 |||| 3.26796 
0.738358  0.768152  0.738358  0.768152  |||| 2.78147 |||| 2.78147 
0.200374  1.15558  0.200374  1.15558  |||| 1.22645 |||| 1.22645 
0.962238  0.510404  0.962238  0.510404  |||| 4.3531 |||| 4.3531 
0.996914  0.439926  0.996914  0.439926  |||| 4.82287 |||| 4.82287 
0.80386  0.801886  0.80386  0.801886  |||| 3.91343 |||| 3.91343 
0.764635  0.826319  0.764635  0.826319  |||| 3.91821 |||| 3.91821 
0.472181  1.07489  0.472181  1.07489  |||| 2.08544 |||| 2.08544 
1.15774  0.186497  1.15774  0.186497  |||| 7.62708 |||| 7.62708 
0.727221  0.798547  0.727221  0.798547  |||| 4.62151 |||| 4.62151 
1.05459  0.360867  1.05459  0.360867  |||| 8.11706 |||| 8.11706 
0.819385  0.798533  0.819385  0.798533  |||| 6.5452 |||| 6.5452 
0.261613  1.14593  0.261613  1.14593  |||| 1.07885 |||| 1.07885 
1.04833  0.404913  1.04833  0.404913  |||| 11.2821 |||| 11.2821 
0.203268  1.1804  0.203268  1.1804  |||| 1.09219 |||| 1.09219 
0.235491  1.17382  0.235491  1.17382  |||| 1.07342 |||| 1.07342 
0.423528  1.11471  0.423528  1.11471  |||| 5.19677 |||| 5.19677 
0.226917  1.16678  0.226917  1.16678  |||| 1.17645 |||| 1.17645 
0.352867  1.13419  0.352867  1.13419  |||| 6.58426 |||| 6.58426 
0.885888  0.600756  0.885888  0.600756  |||| 45.7979 |||| 45.7979 
0.454264  1.07782  0.454264  1.07782  |||| 52.7952 |||| 52.7952 
1.01501  5.83873e-05  1.18244  0.204383  |||| 1.01485 |||| 2043.69 
0.000253063  1.00249  0.264318  1.20141  |||| 1.00248 |||| 2641.59 
1.00014  0.00164662  0.683449  0.903018  |||| 1.00511 |||| 176.989 
1.00014  0.00164662  1.00763  0.0466209  |||| 1.01553 |||| 3.04496 
1.00012  0.0198799  1.16311  0.160436  |||| 1.02613 |||| 6.28852 
1.00005  0.0358441  0.619937  1.00809  |||| 1.03693 |||| 28.2262 
1.00005  0.0424076  1.03806  0.0572061  |||| 1.04802 |||| 1.24551 
1.00005  0.0424076  1.07305  0.387797  |||| 1.05935 |||| 6.90959 
1.00005  0.0424076  1.01995  0.456304  |||| 1.07093 |||| 6.87945 
0.997557  0.0823389  1.05119  0.115913  |||| 1.08005 |||| 1.5144 
0.971289  0.0907914  1.1978  0.256118  |||| 1.06336 |||| 2.95272 
0.971042  0.0994552  1.01338  0.172179  |||| 1.0751 |||| 1.77602 
0.970929  0.115298  0.819661  0.796485  |||| 1.08726 |||| 7.43372 
0.957149  0.127128  0.853044  0.728189  |||| 1.08422 |||| 6.20531 
0.956324  0.139018  0.603975  0.955298  |||| 1.09595 |||| 7.48942 
0.947839  0.151237  0.523501  1.10078  |||| 1.09908 |||| 7.99078 
0.936638  0.161401  1.12715  0.20739  |||| 1.0991 |||| 1.40157 
0.936028  0.171749  0.542582  1.13594  |||| 1.1117 |||| 7.18202 
0.926572  0.187167  1.11508  0.26271  |||| 1.11397 |||| 1.56026 
0.924792  0.198736  1.18852  0.205827  |||| 1.12564 |||| 1.4467 
0.912828  0.212329  1.129  0.277457  |||| 1.12505 |||| 1.46969 
0.911137  0.2232  0.954682  0.226193  |||| 1.13727 |||| 1.19163 
0.890215  0.235412  0.276371  0.959088  |||| 1.12549 |||| 4.58483 
0.881121  0.247465  0.932582  0.280303  |||| 1.12855 |||| 1.27759 
0.880447  0.262155  0.960117  0.289908  |||| 1.14262 |||| 1.26265 
0.880298  0.277601  0.905474  0.295628  |||| 1.15777 |||| 1.23277 
0.879489  0.278172  0.595881  0.89847  |||| 1.17244 |||| 3.59382 
0.879489  0.278172  0.900191  0.300979  |||| 1.18861 |||| 1.21659 
0.856877  0.317375  1.1196  0.270142  |||| 1.17424 |||| 1.53433 
0.838919  0.326974  0.888435  0.629992  |||| 1.16593 |||| 2.24501 
0.833713  0.337602  1.06849  0.276367  |||| 1.17537 |||| 1.50642 
0.832552  0.350167  0.986748  0.504464  |||| 1.19087 |||| 1.6758 
0.832457  0.367028  0.188523  1.16355  |||| 1.20837 |||| 3.73857 
0.832457  0.367028  1.14004  0.378654  |||| 1.22654 |||| 1.67982 
0.805935  0.399838  0.642611  0.976112  |||| 1.20562 |||| 2.94331 
0.786071  0.407619  0.931666  0.570951  |||| 1.1941 |||| 1.6702 
0.784862  0.420347  1.09558  0.355264  |||| 1.21104 |||| 1.69057 
0.78439  0.440619  0.758769  0.889965  |||| 1.22967 |||| 2.45677 
0.768058  0.455193  0.796217  0.47616  |||| 1.22364 |||| 1.27842 
0.765508  0.472758  0.941209  0.537541  |||| 1.23974 |||| 1.52434 
0.75369  0.487761  0.829589  0.722795  |||| 1.24154 |||| 1.83981 
0.735884  0.497239  0.749993  0.848949  |||| 1.23362 |||| 2.10622 
0.725953  0.510866  0.489906  1.12405  |||| 1.237 |||| 2.7199 
0.723417  0.523753  1.01176  0.147954  |||| 1.2545 |||| 1.75464 
0.722237  0.551983  0.812634  0.567099  |||| 1.27502 |||| 1.43464 
0.697727  0.557168  0.586134  1.00613  |||| 1.2552 |||| 2.26664 
0.672349  0.558844  0.708971  0.615321  |||| 1.2313 |||| 1.35506 
0.667834  0.577859  1.18466  0.305444  |||| 1.24633 |||| 2.21107 
0.667834  0.585513  0.381235  1.1558  |||| 1.27053 |||| 2.43584 
0.651945  0.617535  0.644428  0.90801  |||| 1.27404 |||| 1.87334 
0.640122  0.626962  0.314595  1.20047  |||| 1.267 |||| 2.42567 
0.629212  0.641583  0.396212  1.08515  |||| 1.27108 |||| 2.14834 
0.618404  0.657455  0.77698  0.823568  |||| 1.27583 |||| 1.6027 
0.612306  0.67465  0.597529  0.939853  |||| 1.29011 |||| 1.78843 
0.59676  0.688255  0.647425  0.72361  |||| 1.28498 |||| 1.39411 
0.587755  0.706837  0.952086  0.540781  |||| 1.29474 |||| 2.09638 
0.565138  0.708215  1.21586  0.227275  |||| 1.27346 |||| 2.73882 
0.552437  0.720948  0.738029  0.808755  |||| 1.27349 |||| 1.70144 
0.55003  0.748608  0.173254  0.994453  |||| 1.29849 |||| 1.72487 
0.537647  0.763596  0.251654  1.20156  |||| 1.30141 |||| 2.04785 
0.515569  0.763994  0.969356  0.499982  |||| 1.27983 |||| 2.40459 
0.503482  0.777016  1.07508  0.290567  |||| 1.28118 |||| 2.73617 
0.497162  0.806668  0.857894  0.674621  |||| 1.30665 |||| 2.24155 
0.478188  0.808415  1.10664  0.314867  |||| 1.28818 |||| 2.97083 
0.459722  0.810225  0.463743  0.856933  |||| 1.27041 |||| 1.34365 
0.452175  0.831572  0.508416  0.852105  |||| 1.28399 |||| 1.44374 
0.443033  0.855086  0.866132  0.695414  |||| 1.29918 |||| 2.53329 
0.421806  0.856142  0.973653  0.502317  |||| 1.28092 |||| 2.93546 
0.408115  0.861367  0.784568  0.813891  |||| 1.26936 |||| 2.44038 
0.393855  0.87103  0.224299  1.21266  |||| 1.26499 |||| 1.76058 
0.375334  0.890628  0.537647  0.764154  |||| 1.27416 |||| 1.78556 
0.361401  0.890932  0.380263  1.13477  |||| 1.25626 |||| 1.60009 
0.34717  0.891261  1.10214  0.254574  |||| 1.2389 |||| 3.92707 
0.334377  0.902668  0.294831  1.23202  |||| 1.2372 |||| 1.68862 
0.325519  0.925047  0.404382  0.970575  |||| 1.2504 |||| 1.55348 
0.312078  0.938872  0.32312  1.15349  |||| 1.25181 |||| 1.53797 
0.296241  0.940225  0.304612  0.96945  |||| 1.23679 |||| 1.27523 
0.280437  0.943735  0.307999  1.01348  |||| 1.22496 |||| 1.34081 
0.256386  0.958765  0.298135  1.01323  |||| 1.2282 |||| 1.35821 
0.252713  0.958765  1.08512  0.392059  |||| 1.21236 |||| 5.18661 
0.237914  0.958783  0.354404  1.07298  |||| 1.19693 |||| 1.7803 
0.224857  0.965624  0.23402  0.999235  |||| 1.19031 |||| 1.23883 
0.208146  0.97825  0.208146  1.01252  |||| 1.19089 |||| 1.23262 
0.197956  0.978779  0.612896  0.988969  |||| 1.17692 |||| 3.63929 
0.183526  0.982316  1.10553  0.289834  |||| 1.16685 |||| 6.98883 
0.16804  0.991487  0.24576  1.16616  |||| 1.16364 |||| 1.65992 
0.154619  0.991501  0.276386  1.18249  |||| 1.14989 |||| 2.0052 
0.144193  0.992517  1.15439  0.15655  |||| 1.13761 |||| 9.04919 
0.0464814  1.00001  1.00648  0.362918  |||| 1.13295 |||| 8.57556 
0.0464814  1.00001  0.580255  1.05418  |||| 1.12 |||| 5.41422 
0.0464814  1.00001  0.0482278  1.06166  |||| 1.10734 |||| 1.17561 
0.0464814  1.00001  0.0642015  1.04036  |||| 1.09497 |||| 1.13915 
0.0464814  1.00001  0.0685214  1.04589  |||| 1.08287 |||| 1.13255 
0.0464814  1.00001  0.272942  1.20546  |||| 1.07104 |||| 4.11272 
0.0464814  1.00001  0.548331  0.902165  |||| 1.05946 |||| 9.76743 
0.0464814  1.00001  0.0962499  1.04167  |||| 1.04813 |||| 2.09264 
0.036532  1.00001  0.662884  0.913378  |||| 1.03704 |||| 18.5563 
0.0163484  1.00001  0.746525  0.601521  |||| 1.02618 |||| 29.2575 
0.0114304  1.00001  0.787477  0.852553  |||| 1.01554 |||| 51.4381 
0.00492857  1.00052  0.281997  1.19781  |||| 1.00564 |||| 55.2402 
