0.484061  0.737114  6.43735  0.484061  0.737114  6.43735  |||| 47744.4 |||| 47744.4 
2.24916  1.6897  2.11642  2.24916  1.6897  2.11642  |||| 18483.8 |||| 18483.8 
0.561589  0.568527  6.55659  0.561589  0.568527  6.55659  |||| 1665.68 |||| 1665.68 
0.521389  3.35191  4.74482  0.521389  3.35191  4.74482  |||| 85.8519 |||| 85.8519 
1.51643  1.6323  4.99396  1.51643  1.6323  4.99396  |||| 107.147 |||| 107.147 
0.578973  0.714661  6.56137  0.578973  0.714661  6.56137  |||| 40.6832 |||| 40.6832 
1.5112  2.76587  4.09407  1.5112  2.76587  4.09407  |||| 102.39 |||| 102.39 
0.564351  4.42453  2.07206  0.564351  4.42453  2.07206  |||| 49.8026 |||| 49.8026 
1.08179  4.17856  1.92916  1.08179  4.17856  1.92916  |||| 25.3761 |||| 25.3761 
0.918164  0.791576  6.39137  0.918164  0.791576  6.39137  |||| 20.8756 |||| 20.8756 
1.38821  2.74816  4.73748  1.38821  2.74816  4.73748  |||| 176.913 |||| 176.913 
1.44444  2.87868  4.43105  1.44444  2.87868  4.43105  |||| 19.1238 |||| 19.1238 
1.28971  3.13057  4.31114  1.28971  3.13057  4.31114  |||| 27.0788 |||| 27.0788 
0.839501  1.82285  5.9988  0.839501  1.82285  5.9988  |||| 23.033 |||| 23.033 
1.58934  2.98283  3.27507  1.58934  2.98283  3.27507  |||| 24.9713 |||| 24.9713 
1.24306  1.82216  5.61415  1.24306  1.82216  5.61415  |||| 16.01 |||| 16.01 
0.400776  0.401959  6.40065  0.400776  0.401959  6.40065  |||| 29.0276 |||| 29.0276 
1.19035  0.973268  5.85238  1.19035  0.973268  5.85238  |||| 23.6425 |||| 23.6425 
1.19438  1.32379  6.15588  1.19438  1.32379  6.15588  |||| 359.67 |||| 359.67 
2.28204  2.00503  1.95964  2.28204  2.00503  1.95964  |||| 8.29195 |||| 8.29195 
1.30604  3.28974  3.63047  1.30604  3.28974  3.63047  |||| 16.4702 |||| 16.4702 
0.955986  1.8868  6.00545  0.955986  1.8868  6.00545  |||| 15.5429 |||| 15.5429 
1.81738  2.39013  3.62431  1.81738  2.39013  3.62431  |||| 27.9972 |||| 27.9972 
0.855619  4.102  2.77292  0.855619  4.102  2.77292  |||| 23.4138 |||| 23.4138 
0.762725  1.21812  6.30706  0.762725  1.21812  6.30706  |||| 24.2817 |||| 24.2817 
1.53466  3.67695  2.09212  1.53466  3.67695  2.09212  |||| 72.5325 |||| 72.5325 
1.65378  2.58127  4.78896  1.65378  2.58127  4.78896  |||| 67.7448 |||| 67.7448 
0.505101  0.657457  6.49743  0.505101  0.657457  6.49743  |||| 16.2014 |||| 16.2014 
0.54122  0.548481  6.54003  0.54122  0.548481  6.54003  |||| 27.6717 |||| 27.6717 
1.02797  2.60477  5.23428  1.02797  2.60477  5.23428  |||| 26.9724 |||| 26.9724 
0.523696  1.22704  6.36535  0.523696  1.22704  6.36535  |||| 40.3732 |||| 40.3732 
0.779149  1.33384  6.33866  0.779149  1.33384  6.33866  |||| 12.0015 |||| 12.0015 
1.11594  1.39541  6.13665  1.11594  1.39541  6.13665  |||| 17.3063 |||| 17.3063 
0.944666  4.12097  2.42701  0.944666  4.12097  2.42701  |||| 212.233 |||| 212.233 
0.47607  0.657632  6.4698  0.47607  0.657632  6.4698  |||| 539.851 |||| 539.851 
0.875771  1.75634  6.25737  0.875771  1.75634  6.25737  |||| 15.3937 |||| 15.3937 
1.24677  2.7532  4.80088  1.24677  2.7532  4.80088  |||| 20.1021 |||| 20.1021 
2.04228  1.85135  3.04164  2.04228  1.85135  3.04164  |||| 10.3693 |||| 10.3693 
1.16543  0.911822  6.04747  1.16543  0.911822  6.04747  |||| 51.5388 |||| 51.5388 
0.787703  1.8742  5.68429  0.787703  1.8742  5.68429  |||| 10.2331 |||| 10.2331 
1.27797  1.78756  5.70687  1.27797  1.78756  5.70687  |||| 16.6501 |||| 16.6501 
0.593668  0.666385  6.55896  0.593668  0.666385  6.55896  |||| 8.72581 |||| 8.72581 
0.587183  3.66992  4.04855  0.587183  3.66992  4.04855  |||| 47.8521 |||| 47.8521 
0.778362  1.76753  6.38777  0.778362  1.76753  6.38777  |||| 12.6481 |||| 12.6481 
1.05549  2.48803  5.2679  1.05549  2.48803  5.2679  |||| 16.7967 |||| 16.7967 
0.507333  1.36989  6.36582  0.507333  1.36989  6.36582  |||| 8.5795 |||| 8.5795 
1.70606  3.54058  1.66292  1.70606  3.54058  1.66292  |||| 5.88151 |||| 5.88151 
0.917499  2.17543  5.63537  0.917499  2.17543  5.63537  |||| 8.81978 |||| 8.81978 
1.03144  3.38316  4.33427  1.03144  3.38316  4.33427  |||| 8.60782 |||| 8.60782 
0.534822  0.539825  6.53429  0.534822  0.539825  6.53429  |||| 7.38177 |||| 7.38177 
1.94573  2.45395  3.99479  1.94573  2.45395  3.99479  |||| 71.0891 |||| 71.0891 
0.614663  0.61468  6.61466  0.614663  0.61468  6.61466  |||| 12.8052 |||| 12.8052 
2.09266  1.91285  3.88503  2.09266  1.91285  3.88503  |||| 10.478 |||| 10.478 
0.505157  0.505174  6.50514  0.505157  0.505174  6.50514  |||| 8.42161 |||| 8.42161 
0.881137  3.53413  4.48006  0.881137  3.53413  4.48006  |||| 22.4947 |||| 22.4947 
1.32137  3.53214  3.07087  1.32137  3.53214  3.07087  |||| 12.9669 |||| 12.9669 
0.621718  1.06123  6.49298  0.621718  1.06123  6.49298  |||| 15.4162 |||| 15.4162 
0.788146  4.0854  2.54578  0.788146  4.0854  2.54578  |||| 62.9 |||| 62.9 
1.20148  1.17142  6.02003  1.20148  1.17142  6.02003  |||| 52.6648 |||| 52.6648 
1.07134  3.37982  4.26599  1.07134  3.37982  4.26599  |||| 9.98863 |||| 9.98863 
0.594881  1.03755  6.55605  0.594881  1.03755  6.55605  |||| 17.6844 |||| 17.6844 
0.473869  0.600513  6.41961  0.473869  0.600513  6.41961  |||| 7.12739 |||| 7.12739 
0.552257  0.552258  6.55226  0.552257  0.552258  6.55226  |||| 26.6359 |||| 26.6359 
0.915952  1.49396  6.17609  0.915952  1.49396  6.17609  |||| 7.78165 |||| 7.78165 
2.19006  1.3686  3.03173  2.19006  1.3686  3.03173  |||| 8.78196 |||| 8.78196 
0.565089  0.649508  6.56327  0.565089  0.649508  6.56327  |||| 19.7372 |||| 19.7372 
0.815295  1.10982  6.30909  0.815295  1.10982  6.30909  |||| 735.029 |||| 735.029 
1.59378  2.613  4.08077  1.59378  2.613  4.08077  |||| 6.46416 |||| 6.46416 
0.579541  2.39629  5.73118  0.579541  2.39629  5.73118  |||| 19.203 |||| 19.203 
1.32944  2.24181  5.35811  1.32944  2.24181  5.35811  |||| 9.175 |||| 9.175 
0.588585  0.619383  6.56359  0.588585  0.619383  6.56359  |||| 44.2335 |||| 44.2335 
0.816813  2.31582  5.75239  0.816813  2.31582  5.75239  |||| 7.69012 |||| 7.69012 
1.12405  2.16632  5.89068  1.12405  2.16632  5.89068  |||| 13.0472 |||| 13.0472 
1.07631  1.67092  5.70093  1.07631  1.67092  5.70093  |||| 12.7016 |||| 12.7016 
1.38251  1.111  5.69187  1.38251  1.111  5.69187  |||| 66.7409 |||| 66.7409 
0.677358  3.9957  3.49948  0.677358  3.9957  3.49948  |||| 9.6741 |||| 9.6741 
1.09841  1.80655  6.02499  1.09841  1.80655  6.02499  |||| 15.6445 |||| 15.6445 
0.588792  0.630104  6.5882  0.588792  0.630104  6.5882  |||| 6.85109 |||| 6.85109 
1.44864  2.0373  5.13066  1.44864  2.0373  5.13066  |||| 20.1247 |||| 20.1247 
1.07754  2.88709  5.15982  1.07754  2.88709  5.15982  |||| 9.18438 |||| 9.18438 
0.555357  0.557817  6.55535  0.555357  0.557817  6.55535  |||| 12.2912 |||| 12.2912 
0.693137  1.77926  6.23636  0.693137  1.77926  6.23636  |||| 27.9958 |||| 27.9958 
1.988  2.22725  3.77548  1.988  2.22725  3.77548  |||| 59.7381 |||| 59.7381 
0.50878  0.788791  6.49406  0.50878  0.788791  6.49406  |||| 9.83781 |||| 9.83781 
0.511648  0.583263  6.51019  0.511648  0.583263  6.51019  |||| 18.2942 |||| 18.2942 
1.49424  3.15716  4.57815  1.49424  3.15716  4.57815  |||| 14.1631 |||| 14.1631 
0.54993  0.622874  6.54882  0.54993  0.622874  6.54882  |||| 32.0981 |||| 32.0981 
0.861124  3.46436  4.46597  0.861124  3.46436  4.46597  |||| 9.76699 |||| 9.76699 
0.819257  2.93984  4.98012  0.819257  2.93984  4.98012  |||| 8.53314 |||| 8.53314 
0.548546  0.549112  6.54852  0.548546  0.549112  6.54852  |||| 5.66005 |||| 5.66005 
0.806643  1.97819  5.93842  0.806643  1.97819  5.93842  |||| 44.3237 |||| 44.3237 
0.472148  0.608375  6.42899  0.472148  0.608375  6.42899  |||| 8.29457 |||| 8.29457 
0.533163  1.63877  6.13009  0.533163  1.63877  6.13009  |||| 13.2283 |||| 13.2283 
1.12801  1.28591  6.03533  1.12801  1.28591  6.03533  |||| 21.3351 |||| 21.3351 
1.19713  2.06599  5.43572  1.19713  2.06599  5.43572  |||| 27.6855 |||| 27.6855 
1.04543  2.16948  5.72219  1.04543  2.16948  5.72219  |||| 27.4656 |||| 27.4656 
1.82164  2.00792  3.61294  1.82164  2.00792  3.61294  |||| 78.0396 |||| 78.0396 
0.405041  0.879426  6.33615  0.405041  0.879426  6.33615  |||| 20.6396 |||| 20.6396 
0.979823  2.43528  5.53738  0.979823  2.43528  5.53738  |||| 166.604 |||| 166.604 
0.755055  3.22567  4.67857  0.755055  3.22567  4.67857  |||| 137.283 |||| 137.283 
2  7.48327e-05  6.7606e-16  1.33582  1.81101  3.54527  |||| 2 |||| 35452.7 
5.85002e-16  4  0.000299604  0.48202  3.87845  0.392431  |||| 4 |||| 4820.2 
0.000302503  0.000599467  6  0.122226  0.236065  5.97872  |||| 6 |||| 2360.65 
1.99947  0.0770222  0.0766516  1.99947  0.0770222  0.0766516  |||| 2.15412 |||| 2.15412 
1.99703  0.212676  0.0706119  1.24571  2.94201  1.60171  |||| 2.28064 |||| 51.5211 
1.99715  0.0954536  0.286252  1.15271  2.47745  3.21495  |||| 2.37909 |||| 61.7276 
1.98947  0.408033  0.0582577  1.9769  0.734105  0.0669905  |||| 2.456 |||| 4.41673 
1.99411  0.205249  0.341996  1.99689  0.209044  0.346146  |||| 2.54152 |||| 2.58814 
1.98903  0.388499  0.232948  1.87658  1.30558  0.704966  |||| 2.61069 |||| 8.77257 
1.98924  0.0867852  0.607615  2.00323  0.026126  0.161248  |||| 2.68404 |||| 2.70292 
1.96812  0.710659  0.04717  0.976328  3.49099  0.0410121  |||| 2.72617 |||| 13.3916 
1.98549  0.365259  0.469524  1.98338  0.0739498  0.763884  |||| 2.82038 |||| 4.58756 
1.97377  0.618022  0.280543  1.95796  0.613073  0.807521  |||| 2.87282 |||| 8.25711 
1.98057  0.181068  0.78896  1.52997  1.59108  3.09273  |||| 2.95171 |||| 25.7918 
1.95499  0.834076  0.191739  1.95774  0.813558  0.192386  |||| 2.98163 |||| 2.98582 
1.97632  0.345485  0.760792  1.98105  0.27587  0.767007  |||| 3.08308 |||| 3.10783 
1.96539  0.657837  0.511454  1.96727  0.662002  0.514808  |||| 3.1349 |||| 3.15469 
1.96193  0.0772695  1.15927  1.95614  0.0770425  1.2443  |||| 3.19862 |||| 3.43285 
1.90339  1.22793  0.0388969  1.90339  1.22793  0.0388969  |||| 3.17095 |||| 3.17095 
1.9588  0.644508  0.730304  1.53928  1.78341  2.75014  |||| 3.33376 |||| 12.5517 
1.92884  1.02331  0.400181  1.93092  1.02993  0.404304  |||| 3.35304 |||| 3.3844 
1.95371  0.331326  1.18327  1.63442  2.18519  1.10443  |||| 3.46844 |||| 22.874 
1.89036  1.29638  0.239703  1.08855  3.34906  0.314981  |||| 3.42683 |||| 8.85272 
1.94623  0.569228  1.08656  1.47637  2.61514  0.997614  |||| 3.60225 |||| 16.5486 
1.92074  1.01437  0.694112  0.555292  1.25089  5.45939  |||| 3.62949 |||| 28.5442 
1.92395  0.167559  1.61945  1.42734  2.07198  2.84441  |||| 3.71147 |||| 45.8891 
1.83051  1.60798  0.166301  1.74629  1.534  1.80606  |||| 3.60484 |||| 39.1394 
1.92265  0.789089  1.15321  0.161534  2.06637  5.11448  |||| 3.86517 |||| 17.1396 
1.87837  1.29688  0.67913  1.87837  1.29688  0.67913  |||| 3.85485 |||| 3.85485 
1.90505  0.325938  1.76009  1.50921  0.244341  3.92542  |||| 3.99115 |||| 8.90094 
1.82215  1.621  0.453624  1.1648  3.21917  0.777058  |||| 3.89724 |||| 7.7388 
1.89993  0.632472  1.61632  1.36148  1.74438  3.53249  |||| 4.14873 |||| 11.4423 
1.87027  1.22162  1.07754  1.67895  2.06341  1.04567  |||| 4.16981 |||| 7.04304 
1.84882  0.0633093  2.2864  0.868591  2.45278  3.96254  |||| 4.20898 |||| 139.973 
1.6753  2.18471  0.034638  1.76463  1.7132  1.1961  |||| 3.89479 |||| 134.332 
1.85171  1.23261  1.31223  0.808585  3.36579  2.18088  |||| 4.39666 |||| 12.0046 
1.76105  1.8432  0.666448  1.5489  2.31726  1.56303  |||| 4.27102 |||| 10.013 
1.84729  0.639726  2.0897  1.08457  2.98782  2.31824  |||| 4.57682 |||| 21.3756 
1.66775  2.19482  0.358733  1.82077  1.64974  0.370587  |||| 4.22175 |||| 4.6091 
1.82872  1.04281  1.85884  1.95928  0.337172  1.10921  |||| 4.73056 |||| 5.0683 
1.75637  1.75944  1.12782  1.75637  1.75944  1.12782  |||| 4.64366 |||| 4.64366 
1.77888  0.331289  2.69691  1.11935  2.21181  3.7038  |||| 4.80786 |||| 32.0985 
1.55105  2.52153  0.213211  0.961812  3.50632  0.117419  |||| 4.28627 |||| 5.96028 
1.77318  1.36603  1.87187  1.77318  1.36603  1.87187  |||| 5.01128 |||| 5.01128 
1.66304  2.11283  1.03181  1.94468  0.605433  1.06739  |||| 4.80773 |||| 5.62193 
1.74052  0.585524  2.82208  1.6321  1.4188  2.73833  |||| 5.14832 |||| 12.471 
1.54706  2.49922  0.637018  0.872978  3.30919  2.13309  |||| 4.68334 |||| 15.6815 
1.72832  1.07698  2.55081  0.269569  1.56876  5.46115  |||| 5.35614 |||| 11.4672 
1.6547  1.96664  1.62953  1.61353  1.91771  2.0722  |||| 5.25115 |||| 6.67721 
1.62539  0.171225  3.48669  1.48607  1.12192  3.64586  |||| 5.28365 |||| 34.5684 
1.33772  2.97196  0.14601  1.88265  1.35087  0.0156007  |||| 4.45587 |||| 6.27088 
1.63693  1.79071  2.16112  0.515823  0.985737  5.60529  |||| 5.58885 |||| 14.4952 
1.47673  2.59674  1.09637  1.48482  2.3984  1.85881  |||| 5.16987 |||| 8.76486 
1.61012  0.847231  3.32455  1.61012  0.847231  3.32455  |||| 5.7822 |||| 5.7822 
1.33043  2.9585  0.613608  1.61418  1.91431  2.13996  |||| 4.90296 |||| 17.0874 
1.58259  1.44544  2.95971  1.75677  0.993443  2.47353  |||| 5.98778 |||| 6.64656 
1.46625  2.44634  1.78484  1.52848  2.54943  0.604192  |||| 5.69777 |||| 5.9396 
1.46663  0.342917  4.04679  1.58393  1.14356  3.2375  |||| 5.85643 |||| 19.5279 
1.1694  3.2342  0.39692  1.55424  2.5462  0.134347  |||| 4.80079 |||| 6.38072 
1.48056  1.86389  2.90782  1.25973  2.93012  1.54999  |||| 6.25236 |||| 9.82848 
1.31612  2.82148  1.58278  1.31221  2.80893  1.67269  |||| 5.72039 |||| 6.04533 
1.39645  0.682617  4.17145  1.39685  0.683353  4.17209  |||| 6.25061 |||| 6.25736 
1.15619  3.19797  0.978881  1.16206  3.20222  0.98144  |||| 5.33318 |||| 5.36006 
1.38199  1.37915  3.81294  1.38172  1.37907  3.81304  |||| 6.57431 |||| 6.57448 
1.28754  2.59454  2.43727  0.444699  1.32845  5.49998  |||| 6.31937 |||| 14.2602 
1.19906  0.0092932  4.8021  0.702267  2.82572  3.68955  |||| 6.07739 |||| 225.297 
0.858915  3.6123  0.0283891  0.763656  3.69645  0.0895649  |||| 4.49975 |||| 14.1692 
1.20801  2.62699  2.71044  1.59763  2.32295  0.941829  |||| 6.54549 |||| 8.65663 
0.989889  3.38675  1.17596  0.670105  3.69137  1.14266  |||| 5.55309 |||| 6.05255 
1.19137  1.38882  4.34588  1.12183  3.10623  1.7416  |||| 6.92614 |||| 15.4902 
0.829803  3.62065  0.554359  0.791775  3.45424  1.87463  |||| 5.00504 |||| 16.9204 
1.12397  2.17219  3.74382  1.87244  0.616666  1.89533  |||| 7.04013 |||| 11.7283 
0.954636  3.24842  2.01485  1.41116  2.54394  1.88198  |||| 6.21797 |||| 9.19083 
0.998907  0.676632  5.09799  1.86235  1.17823  1.289  |||| 6.77365 |||| 12.6285 
0.667377  3.76601  0.284661  0.588472  3.32069  2.84135  |||| 4.71821 |||| 47.068 
0.95802  2.62992  3.49063  1.1416  3.12827  1.51748  |||| 7.07959 |||| 8.42734 
0.770855  3.52127  1.65938  0.770261  3.5254  1.66815  |||| 5.95158 |||| 5.98279 
0.880327  1.12142  5.11954  0.819626  0.411029  5.43835  |||| 7.12131 |||| 7.56477 
0.622347  3.7526  0.910809  0.626482  3.75674  0.914942  |||| 5.28589 |||| 5.32008 
0.826799  2.00075  4.56581  1.04944  2.5392  3.40458  |||| 7.39423 |||| 9.38421 
0.706432  3.29965  2.64877  1.16222  2.74811  2.61839  |||| 6.65509 |||| 10.949 
0.665412  0.325973  5.63702  0.665412  0.325973  5.63702  |||| 6.62865 |||| 6.62865 
0.425096  3.90717  0.158784  0.914434  1.07801  5.09201  |||| 4.49127 |||| 143.99 
0.634069  2.99191  3.49901  1.0045  2.98009  2.65223  |||| 7.12515 |||| 11.2849 
0.479304  3.74818  1.52396  1.29785  1.12508  4.25654  |||| 5.7517 |||| 16.0647 
0.569911  1.42741  5.33956  0.567835  1.42597  5.34872  |||| 7.33758 |||| 7.35018 
0.362682  3.90044  0.765498  0.36272  3.90045  0.765506  |||| 5.02901 |||| 5.02903 
0.49783  2.34205  4.62964  1.74517  1.44801  2.01745  |||| 7.46957 |||| 26.1824 
0.394196  3.54758  2.5069  1.78669  1.46891  1.55396  |||| 6.44886 |||| 29.2192 
0.375082  0.548652  5.8358  1.66686  1.70466  2.11096  |||| 6.76087 |||| 29.9398 
0.233138  3.9615  0.447749  0.139634  3.39963  3.13378  |||| 4.64252 |||| 32.4875 
0.326443  2.78138  4.19937  0.423032  3.60434  2.27134  |||| 7.30832 |||| 9.47066 
0.235489  3.73569  2.02537  0.257148  3.75162  2.02012  |||| 5.99758 |||| 6.52038 
0.236784  1.00469  5.76405  0.236671  1.00369  5.76586  |||| 7.00766 |||| 7.00986 
0.14989  3.9148  1.14674  1.80135  1.32663  1.69781  |||| 5.21147 |||| 62.6247 
0.16731  1.9595  5.20665  1.67698  1.99638  1.41931  |||| 7.33838 |||| 71.4479 
0.120643  3.41321  3.1075  0.694707  3.09457  3.17957  |||| 6.64168 |||| 38.156 
0.0803306  0.143769  5.99128  1.85448  0.234729  2.2191  |||| 6.21569 |||| 142.975 
0.0315958  3.99899  0.0956132  1.08708  3.30832  0.859429  |||| 4.127 |||| 140.05 
0.0169658  3.22719  3.54462  0.308883  1.64856  5.38804  |||| 6.78933 |||| 119.692 
