510.575  819.803  618.571  510.575  819.803  618.571  |||| 8.17848e+06 |||| 8.17848e+06 
591.997  270.61  497.852  591.997  270.61  497.852  |||| 5.88619e+06 |||| 5.88619e+06 
13.417  46.0791  1171.33  13.417  46.0791  1171.33  |||| 441239 |||| 441239 
159.063  142.436  1043.67  159.063  142.436  1043.67  |||| 28702.8 |||| 28702.8 
156.424  164.449  803.738  156.424  164.449  803.738  |||| 25425.4 |||| 25425.4 
421.859  394.329  1022.87  421.859  394.329  1022.87  |||| 9776.33 |||| 9776.33 
117.042  671.891  1063.73  117.042  671.891  1063.73  |||| 44239.6 |||| 44239.6 
273.601  493.531  390.656  273.601  493.531  390.656  |||| 6086.1 |||| 6086.1 
206.81  623.185  385.01  206.81  623.185  385.01  |||| 4174.23 |||| 4174.23 
73.8135  840.362  677.432  73.8135  840.362  677.432  |||| 25910.4 |||| 25910.4 
14.0975  27.9319  751.345  14.0975  27.9319  751.345  |||| 42467.6 |||| 42467.6 
316.7  967.072  220.727  316.7  967.072  220.727  |||| 7452.07 |||| 7452.07 
145.021  729.328  1044.08  145.021  729.328  1044.08  |||| 10539.9 |||| 10539.9 
427.278  694.07  405.519  427.278  694.07  405.519  |||| 11219.4 |||| 11219.4 
645.675  823.889  820.361  645.675  823.889  820.361  |||| 12500.9 |||| 12500.9 
260.885  811.366  721.429  260.885  811.366  721.429  |||| 7215.22 |||| 7215.22 
801.239  978.617  1183.2  801.239  978.617  1183.2  |||| 7167.82 |||| 7167.82 
3.378  255.029  1044.7  3.378  255.029  1044.7  |||| 10473 |||| 10473 
103.694  500.895  1346.1  103.694  500.895  1346.1  |||| 106693 |||| 106693 
546.426  150.737  1041.43  546.426  150.737  1041.43  |||| 4692.38 |||| 4692.38 
317.254  1142.96  13.3009  317.254  1142.96  13.3009  |||| 3737.46 |||| 3737.46 
49.7448  531.065  743.059  49.7448  531.065  743.059  |||| 5538.57 |||| 5538.57 
945.731  200.059  114.241  945.731  200.059  114.241  |||| 1708.29 |||| 1708.29 
3.60603  29.8522  666.366  3.60603  29.8522  666.366  |||| 2164.69 |||| 2164.69 
1025.83  174.383  1001.36  1025.83  174.383  1001.36  |||| 5166.01 |||| 5166.01 
267.929  285.624  789.32  267.929  285.624  789.32  |||| 6282.54 |||| 6282.54 
105.178  285.162  867.476  105.178  285.162  867.476  |||| 18510.9 |||| 18510.9 
222.516  151.398  692.036  222.516  151.398  692.036  |||| 2274.57 |||| 2274.57 
267.009  1021.29  478.91  267.009  1021.29  478.91  |||| 3029.45 |||| 3029.45 
716.167  593.852  1034.42  716.167  593.852  1034.42  |||| 7247.51 |||| 7247.51 
74.9759  214.887  608.937  74.9759  214.887  608.937  |||| 5113.9 |||| 5113.9 
552.667  798.527  344.756  552.667  798.527  344.756  |||| 5225.1 |||| 5225.1 
459.901  789.008  136.011  459.901  789.008  136.011  |||| 2686.45 |||| 2686.45 
320.179  54.0352  897.58  320.179  54.0352  897.58  |||| 2972.06 |||| 2972.06 
704.188  661.256  794.736  704.188  661.256  794.736  |||| 87761.3 |||| 87761.3 
148.506  618.225  1359.89  148.506  618.225  1359.89  |||| 4511.75 |||| 4511.75 
322.817  42.1774  870.574  322.817  42.1774  870.574  |||| 5491.78 |||| 5491.78 
49.7561  1037.62  165.636  49.7561  1037.62  165.636  |||| 7409.42 |||| 7409.42 
855.771  244.077  113.156  855.771  244.077  113.156  |||| 2157.75 |||| 2157.75 
318.133  513.8  961.758  318.133  513.8  961.758  |||| 2413.53 |||| 2413.53 
4.51684  19.9603  1149.27  4.51684  19.9603  1149.27  |||| 4677.11 |||| 4677.11 
686.837  405.137  1074.54  686.837  405.137  1074.54  |||| 5851.11 |||| 5851.11 
688.653  155.751  394.321  688.653  155.751  394.321  |||| 7642.68 |||| 7642.68 
33.807  103.396  959.161  33.807  103.396  959.161  |||| 2532 |||| 2532 
130.502  438.168  1104.25  130.502  438.168  1104.25  |||| 5083.08 |||| 5083.08 
509.776  614.203  826.789  509.776  614.203  826.789  |||| 5381.54 |||| 5381.54 
204.25  62.7099  860.458  204.25  62.7099  860.458  |||| 6227.9 |||| 6227.9 
249.352  624.906  661.43  249.352  624.906  661.43  |||| 3098.04 |||| 3098.04 
481.849  721.842  512.973  481.849  721.842  512.973  |||| 1922.02 |||| 1922.02 
682.726  1146.64  612.178  682.726  1146.64  612.178  |||| 35269.8 |||| 35269.8 
627.77  150.877  619.724  627.77  150.877  619.724  |||| 18487.3 |||| 18487.3 
975.228  677.418  130.534  975.228  677.418  130.534  |||| 3318.11 |||| 3318.11 
596.287  131.955  647.14  596.287  131.955  647.14  |||| 2988.75 |||| 2988.75 
204.973  117.277  897.312  204.973  117.277  897.312  |||| 1537.48 |||| 1537.48 
991.251  84.6021  550.263  991.251  84.6021  550.263  |||| 4287.6 |||| 4287.6 
5.80802  1.95526  778.894  5.80802  1.95526  778.894  |||| 1548.87 |||| 1548.87 
836.238  240.413  599.806  836.238  240.413  599.806  |||| 3236.44 |||| 3236.44 
668.264  265.501  407.896  668.264  265.501  407.896  |||| 4500.42 |||| 4500.42 
934.238  325.703  67.0868  934.238  325.703  67.0868  |||| 3821.51 |||| 3821.51 
577.471  1089.78  559.593  577.471  1089.78  559.593  |||| 3648.9 |||| 3648.9 
973.806  157.441  180.418  973.806  157.441  180.418  |||| 4217.86 |||| 4217.86 
494.229  463.294  992.633  494.229  463.294  992.633  |||| 4224.41 |||| 4224.41 
406.741  751.628  447.121  406.741  751.628  447.121  |||| 2363.35 |||| 2363.35 
121.876  304.128  633.226  121.876  304.128  633.226  |||| 1440.44 |||| 1440.44 
393.133  604.826  569.902  393.133  604.826  569.902  |||| 1912.95 |||| 1912.95 
280.011  337.977  629.64  280.011  337.977  629.64  |||| 26791.3 |||| 26791.3 
792.574  592.687  235.972  792.574  592.687  235.972  |||| 35226.8 |||| 35226.8 
617.143  985.696  227.932  617.143  985.696  227.932  |||| 3325.63 |||| 3325.63 
37.8603  18.6683  1091.83  37.8603  18.6683  1091.83  |||| 5090.89 |||| 5090.89 
442.838  825.856  20.5529  442.838  825.856  20.5529  |||| 4108.64 |||| 4108.64 
28.4172  150.267  759.644  28.4172  150.267  759.644  |||| 6736.49 |||| 6736.49 
606.405  481.166  211.708  606.405  481.166  211.708  |||| 3777.13 |||| 3777.13 
142.642  86.1376  1139.71  142.642  86.1376  1139.71  |||| 3476.17 |||| 3476.17 
696.802  157.543  657.072  696.802  157.543  657.072  |||| 4702.07 |||| 4702.07 
544.502  652.161  195.495  544.502  652.161  195.495  |||| 3825.63 |||| 3825.63 
472.457  818.901  1555.08  472.457  818.901  1555.08  |||| 3462.76 |||| 3462.76 
532.669  29.277  986.812  532.669  29.277  986.812  |||| 4086.49 |||| 4086.49 
119.286  479.127  478.116  119.286  479.127  478.116  |||| 3030.16 |||| 3030.16 
1196.18  3.4941  341.998  1196.18  3.4941  341.998  |||| 10129.2 |||| 10129.2 
1006.06  312.872  329.108  1006.06  312.872  329.108  |||| 8957.71 |||| 8957.71 
57.2842  979.782  26.3252  57.2842  979.782  26.3252  |||| 1972.19 |||| 1972.19 
203.637  184.873  928.955  203.637  184.873  928.955  |||| 3718.07 |||| 3718.07 
497.413  632.549  681.403  497.413  632.549  681.403  |||| 18892.3 |||| 18892.3 
1025.61  114.532  527.795  1025.61  114.532  527.795  |||| 11484.1 |||| 11484.1 
1089.71  845.572  168.538  1089.71  845.572  168.538  |||| 13029.9 |||| 13029.9 
8.2058  103.821  1182.41  8.2058  103.821  1182.41  |||| 1606.58 |||| 1606.58 
783.235  542.934  648.704  783.235  542.934  648.704  |||| 10802.3 |||| 10802.3 
286.162  424.641  1384.41  286.162  424.641  1384.41  |||| 4242.54 |||| 4242.54 
121.972  250.767  803.741  121.972  250.767  803.741  |||| 2033.32 |||| 2033.32 
1027.93  62.6605  526.708  1027.93  62.6605  526.708  |||| 18402.8 |||| 18402.8 
1038.27  563.551  317.342  1038.27  563.551  317.342  |||| 20602.9 |||| 20602.9 
802.993  589.218  430.141  802.993  589.218  430.141  |||| 17841.1 |||| 17841.1 
343.005  536.401  813.585  343.005  536.401  813.585  |||| 8611.78 |||| 8611.78 
7.40822  113.043  887.536  7.40822  113.043  887.536  |||| 1062.85 |||| 1062.85 
404.112  713.228  89.9217  404.112  713.228  89.9217  |||| 13931.7 |||| 13931.7 
133.342  1312.18  354.836  133.342  1312.18  354.836  |||| 5537.13 |||| 5537.13 
789.76  608.005  209.363  789.76  608.005  209.363  |||| 43191.2 |||| 43191.2 
224.946  80.5965  855.161  224.946  80.5965  855.161  |||| 17082.2 |||| 17082.2 
349.055  742.041  325.974  349.055  742.041  325.974  |||| 44534.1 |||| 44534.1 
154.324  1146.61  1016.5  154.324  1146.61  1016.5  |||| 58491.4 |||| 58491.4 
1  7.8649e-05  9.74716e-05  133.371  0.0104895  0  |||| 1 |||| 133.371 
9.87575e-05  1  8.90749e-05  30.0713  76.4561  3.60569  |||| 1 |||| 300713 
9.78474e-05  8.83856e-05  1  6.95165  1.92459  149.843  |||| 1 |||| 69516.5 
0.998522  0.0384759  0.0383944  0.999263  0  0.0383944  |||| 1.07576 |||| 1.07656 
0.993795  0.105539  0.0351208  1  0  0  |||| 1.13493 |||| 1.14201 
0.988789  0.0471565  0.141675  0.984454  0.103818  0.141675  |||| 1.17789 |||| 2.58671 
0.979204  0.200839  0.0287016  0.979204  0.200839  0.0287016  |||| 1.20882 |||| 1.20882 
0.980593  0.100927  0.168082  162.945  4.53097  84.3427  |||| 1.24978 |||| 626.538 
0.975062  0.190309  0.114181  19.755  0  2.64628  |||| 1.27981 |||| 29.6353 
0.955515  0.0416896  0.291982  113.369  0  6.90449  |||| 1.28926 |||| 152.967 
0.940324  0.339527  0.0226073  0.949709  0.302498  0.080923  |||| 1.3025 |||| 4.65637 
0.958005  0.175884  0.226477  12.1414  2.22909  4.42491  |||| 1.36084 |||| 26.5741 
0.945621  0.296113  0.134605  128.472  55.9761  5.92539  |||| 1.37637 |||| 260.168 
0.925683  0.0848234  0.368667  24.3699  7.08563  5.37781  |||| 1.37958 |||| 114.86 
0.916031  0.390849  0.0901386  0.995929  0  0.0901386  |||| 1.39708 |||| 1.51893 
0.921052  0.161163  0.354528  77.5366  0  31.6231  |||| 1.43685 |||| 128.134 
0.920726  0.307909  0.2397  0.849013  0.350188  0.395657  |||| 1.46861 |||| 2.42414 
0.860427  0.0337967  0.508453  56.8694  13.0352  34.4508  |||| 1.40279 |||| 539.435 
0.840215  0.541974  0.0174017  114.696  73.9835  0  |||| 1.39976 |||| 191.077 
0.895435  0.294626  0.333753  19.7934  1.54673  19.9384  |||| 1.52398 |||| 90.9989 
0.868805  0.461111  0.180427  0.290084  0.58571  0.756832  |||| 1.51041 |||| 6.33539 
0.846507  0.143194  0.512759  2.66389  0.556147  1.51511  |||| 1.50288 |||| 5.82159 
0.820243  0.562462  0.104104  0.935831  0  0.35245  |||| 1.48693 |||| 5.0309 
0.845957  0.247388  0.472394  0.877533  0.00748947  0.479458  |||| 1.56582 |||| 1.62421 
0.842292  0.444886  0.304337  137.425  86.5306  92.4538  |||| 1.59162 |||| 483.391 
0.763252  0.0660715  0.642714  0.458591  0.0396983  0.88776  |||| 1.47253 |||| 2.03396 
0.749555  0.658439  0.0680088  0.950028  0.304666  0.0680088  |||| 1.47611 |||| 1.8709 
0.808979  0.331964  0.485131  69.0502  55.4205  10.3818  |||| 1.62632 |||| 271.444 
0.788696  0.544631  0.285195  0.953624  0.094202  0.285881  |||| 1.61863 |||| 1.95705 
0.72877  0.124485  0.673349  33.727  5.76107  34.7848  |||| 1.52683 |||| 78.8749 
0.734505  0.653478  0.182945  162.338  87.7032  34.3354  |||| 1.57097 |||| 347.211 
0.738293  0.245774  0.628107  0.860464  0.577962  0.0690276  |||| 1.6122 |||| 3.79113 
0.754036  0.492487  0.434612  0.78946  0.600664  0.126315  |||| 1.68126 |||| 2.05025 
0.628596  0.0245511  0.777344  18.6064  4.92879  91.3084  |||| 1.43104 |||| 281.272 
0.608446  0.793496  0.012573  43.3731  81.9932  1.16634  |||| 1.41454 |||| 146.166 
0.716986  0.477278  0.508071  0.644738  0.574563  0.504173  |||| 1.70239 |||| 2.04927 
0.668312  0.699587  0.25286  0.67487  0.706452  0.21325  |||| 1.62102 |||| 1.63692 
0.645537  0.223557  0.730277  122.207  79.9125  156.088  |||| 1.59938 |||| 571.715 
0.599813  0.789643  0.129186  36.7958  48.441  48.8691  |||| 1.51887 |||| 574.439 
0.651136  0.371229  0.661975  88.8455  63.7159  156.076  |||| 1.68452 |||| 397.166 
0.643436  0.64449  0.413066  25.5596  46.6055  32.1723  |||| 1.70118 |||| 132.462 
0.547635  0.100996  0.8306  0.546313  0.107915  0.8306  |||| 1.48031 |||| 1.5661 
0.522558  0.849561  0.0719704  0.496097  6.59213  0.781954  |||| 1.44414 |||| 15.6848 
0.607695  0.468108  0.641546  0.623594  0.583066  0.555938  |||| 1.71744 |||| 2.13891 
0.577359  0.733666  0.358315  8.22216  42.0423  0  |||| 1.6695 |||| 95.6666 
0.516831  0.173937  0.838244  0.391933  0.111954  0.913168  |||| 1.52921 |||| 1.66589 
0.514388  0.830998  0.211773  5.76604e-17  0.941666  0.336549  |||| 1.55722 |||| 2.47415 
0.529547  0.329772  0.781556  0.618344  0  0.785908  |||| 1.64109 |||| 1.91628 
0.543682  0.646276  0.535479  194.507  229.583  239.327  |||| 1.72548 |||| 771.175 
0.422082  0.0442185  0.905479  44.9535  0  78.4801  |||| 1.37211 |||| 146.13 
0.410006  0.910985  0.0447286  0.580808  0.81404  0  |||| 1.36584 |||| 1.9346 
0.503698  0.551162  0.665213  3.92006  3.27305  2.17929  |||| 1.72024 |||| 13.3839 
0.46403  0.816082  0.344509  15.1356  47.5989  22.9946  |||| 1.62474 |||| 108.427 
0.424858  0.223344  0.877276  0.443561  0.233176  0.86538  |||| 1.52576 |||| 1.5929 
0.402983  0.896138  0.185854  0.64147  0.581977  0.49982  |||| 1.48512 |||| 3.99102 
0.433041  0.395542  0.809952  0.39969  0.429216  0.809952  |||| 1.63861 |||| 1.77804 
0.435783  0.727061  0.530542  1.1935  47.4682  1.07236  |||| 1.69343 |||| 110.558 
0.339636  0.0790291  0.937231  0.168566  0.209005  0.963277  |||| 1.35632 |||| 3.56906 
0.33765  0.934263  0.114653  0.753072  0.647871  0.114653  |||| 1.3868 |||| 3.09163 
0.393909  0.496019  0.773822  2.74183  2.59495  5.77813  |||| 1.66387 |||| 12.4241 
0.376851  0.807882  0.453112  0.376851  0.807882  0.453112  |||| 1.63794 |||| 1.63794 
0.313681  0.153315  0.937069  0.135021  0.0191638  0.990657  |||| 1.4041 |||| 1.48439 
0.326625  0.903758  0.276655  6.55589  8.35323  4.21807  |||| 1.50717 |||| 30.2393 
0.322587  0.321977  0.890095  70.5054  56.1444  63.7664  |||| 1.53484 |||| 335.347 
0.339958  0.685425  0.643911  6.22711e-16  10.1696  8.5588  |||| 1.66952 |||| 24.7696 
0.242078  0.0147167  0.970145  0.426275  0  1.06622  |||| 1.22778 |||| 2.16056 
0.231323  0.972847  0.00765907  0.231118  0.971985  0.0428146  |||| 1.21185 |||| 6.7733 
0.304827  0.662761  0.68398  0.0964197  0.698404  0.709179  |||| 1.65175 |||| 1.74013 
0.266142  0.910564  0.316293  0.266142  0.910564  0.316293  |||| 1.49301 |||| 1.49301 
0.252227  0.294536  0.921754  0.139374  0.423807  0.894965  |||| 1.46902 |||| 2.11344 
0.220963  0.964049  0.147597  2.61623e-15  42.7263  14.7981  |||| 1.33266 |||| 133.568 
0.251234  0.48574  0.837221  0.497495  0.227069  0.837221  |||| 1.57437 |||| 3.11612 
0.242317  0.824471  0.511401  47.617  131.831  23.9816  |||| 1.57822 |||| 310.128 
0.190606  0.129078  0.97315  5.08167  3.10659  33.2141  |||| 1.29301 |||| 44.1312 
0.173998  0.981947  0.0741883  0.25123  0.915051  0.31554  |||| 1.23022 |||| 5.22702 
0.214281  0.587814  0.780102  63.9461  175.417  147.478  |||| 1.58236 |||| 472.21 
0.194133  0.887363  0.418211  0.633436  0.651045  0.418211  |||| 1.4999 |||| 4.89056 
0.165145  0.211029  0.963428  186.857  45.8628  223.189  |||| 1.34013 |||| 1511.54 
0.159123  0.959419  0.232798  47.5136  165.289  41.1683  |||| 1.35143 |||| 403.485 
0.163539  0.395976  0.903581  0.205282  0.497049  0.84309  |||| 1.46342 |||| 1.83696 
0.164646  0.769193  0.617441  0.208329  0.973268  0.0966903  |||| 1.55139 |||| 1.96299 
0.116963  0.0571187  0.991492  0.506327  0.264733  21.7361  |||| 1.16591 |||| 25.5598 
0.108082  0.993324  0.0403123  0.247004  0.969014  0  |||| 1.14182 |||| 2.60858 
0.136316  0.643814  0.752942  0.289975  0.578194  0.762631  |||| 1.53324 |||| 3.25766 
0.117643  0.919928  0.374023  0.344216  0.866142  0.362373  |||| 1.41166 |||| 4.12866 
0.102406  0.256581  0.961082  0.0392675  0.169402  0.984765  |||| 1.32071 |||| 1.35326 
0.0909146  0.977235  0.191693  6.00968e-17  0.981455  0.191693  |||| 1.25999 |||| 1.26543 
0.0953425  0.449333  0.888262  114.295  74.5889  135.931  |||| 1.43314 |||| 1714.73 
0.0903173  0.813358  0.57471  62.1899  112.314  50.0299  |||| 1.47854 |||| 1017.04 
0.0639701  0.0933536  0.993576  1.53464  38.4338  176.219  |||| 1.15107 |||| 473.596 
0.0581939  0.99199  0.11211  0.00254008  0.946731  0.547686  |||| 1.16252 |||| 5.6778 
0.064845  0.551037  0.831958  2.62766  22.3292  14.2288  |||| 1.44789 |||| 58.6714 
0.0552992  0.877759  0.4759  3.17772  129.011  47.1511  |||| 1.40925 |||| 207.126 
0.0405879  0.171496  0.984348  2.38178e-15  1.00637e-14  168.894  |||| 1.19672 |||| 205.333 
0.0367118  0.959027  0.280925  50.6526  175.899  5.15882  |||| 1.27668 |||| 1760.96 
0.0270354  0.351806  0.935682  11.13  30.6306  160.534  |||| 1.31877 |||| 474.194 
0.0219842  0.739261  0.673061  4.37479  147.111  124.096  |||| 1.43851 |||| 286.259 
0.0128996  0.0239699  0.999629  0.949285  1.76396  26.4966  |||| 1.03707 |||| 76.2511 
0.00792229  0.999681  0.0239921  0.0210441  0.999779  0  |||| 1.03168 |||| 2.71115 
4.1223e-17  0.673222  0.739441  1.06555e-16  1.74017  0.619411  |||| 1.41632 |||| 3.66096 
