7.47385  5.90679  7.47385  5.90679  |||| 24242.9 |||| 24242.9 
6.35716  6.27434  6.35716  6.27434  |||| 31925.8 |||| 31925.8 
5.55038  5.46954  5.55038  5.46954  |||| 389.46 |||| 389.46 
6.59824  6.95196  6.59824  6.95196  |||| 226.672 |||| 226.672 
6.38885  7.63582  6.38885  7.63582  |||| 162.81 |||| 162.81 
7.21606  7.73346  7.21606  7.73346  |||| 119.027 |||| 119.027 
6.31921  6.27342  6.31921  6.27342  |||| 60.7801 |||| 60.7801 
4.33818  6.06454  4.33818  6.06454  |||| 46.0073 |||| 46.0073 
6.47991  4.53205  6.47991  4.53205  |||| 15.824 |||| 15.824 
6.52552  5.15225  6.52552  5.15225  |||| 21.8181 |||| 21.8181 
6.73029  6.22391  6.73029  6.22391  |||| 31.6069 |||| 31.6069 
4.7293  7.99044  4.7293  7.99044  |||| 46.503 |||| 46.503 
6.50817  7.4041  6.50817  7.4041  |||| 36.6016 |||| 36.6016 
6.39737  4.28145  6.39737  4.28145  |||| 6.8085 |||| 6.8085 
3.96135  6.30829  3.96135  6.30829  |||| 22.1542 |||| 22.1542 
7.29053  6.50527  7.29053  6.50527  |||| 21.9431 |||| 21.9431 
6.10413  6.77138  6.10413  6.77138  |||| 22.2283 |||| 22.2283 
7.03528  6.36619  7.03528  6.36619  |||| 18.2324 |||| 18.2324 
5.25259  5.33312  5.25259  5.33312  |||| 10.9916 |||| 10.9916 
5.75742  7.18318  5.75742  7.18318  |||| 20.7239 |||| 20.7239 
8.39193  6.61402  8.39193  6.61402  |||| 16.5886 |||| 16.5886 
5.74183  6.10382  5.74183  6.10382  |||| 13.1738 |||| 13.1738 
6.86771  5.5954  6.86771  5.5954  |||| 10.1007 |||| 10.1007 
4.81987  6.85791  4.81987  6.85791  |||| 15.3856 |||| 15.3856 
6.55597  4.84251  6.55597  4.84251  |||| 5.92362 |||| 5.92362 
4.33108  6.21113  4.33108  6.21113  |||| 11.379 |||| 11.379 
4.56167  5.84784  4.56167  5.84784  |||| 9.46138 |||| 9.46138 
5.23565  6.94484  5.23565  6.94484  |||| 13.3063 |||| 13.3063 
6.17635  6.1936  6.17635  6.1936  |||| 10.026 |||| 10.026 
5.72065  5.59833  5.72065  5.59833  |||| 7.54006 |||| 7.54006 
7.05295  6.47829  7.05295  6.47829  |||| 10.3013 |||| 10.3013 
6.6677  4.63034  6.6677  4.63034  |||| 5.01176 |||| 5.01176 
5.06598  7.22284  5.06598  7.22284  |||| 12.0182 |||| 12.0182 
4.4269  4.49489  4.4269  4.49489  |||| 3.14968 |||| 3.14968 
6.00804  5.33535  6.00804  5.33535  |||| 5.58705 |||| 5.58705 
7.04199  7.05049  7.04199  7.05049  |||| 10.4377 |||| 10.4377 
6.42153  4.7512  6.42153  4.7512  |||| 5.02648 |||| 5.02648 
5.71099  5.35993  5.71099  5.35993  |||| 5.18277 |||| 5.18277 
6.40119  5.11173  6.40119  5.11173  |||| 5.15753 |||| 5.15753 
5.30858  6.82156  5.30858  6.82156  |||| 8.72609 |||| 8.72609 
6.23617  5.76605  6.23617  5.76605  |||| 5.81269 |||| 5.81269 
6.62981  5.75668  6.62981  5.75668  |||| 5.805 |||| 5.805 
6.35153  6.58166  6.35153  6.58166  |||| 7.49921 |||| 7.49921 
7.39973  5.02467  7.39973  5.02467  |||| 7.34592 |||| 7.34592 
5.20841  5.13976  5.20841  5.13976  |||| 3.82147 |||| 3.82147 
5.23552  5.50583  5.23552  5.50583  |||| 4.55831 |||| 4.55831 
6.60783  4.63333  6.60783  4.63333  |||| 6.30726 |||| 6.30726 
4.96706  8.2806  4.96706  8.2806  |||| 10.3344 |||| 10.3344 
7.0277  4.7541  7.0277  4.7541  |||| 7.3512 |||| 7.3512 
4.59303  6.57524  4.59303  6.57524  |||| 6.38081 |||| 6.38081 
6.79694  5.46027  6.79694  5.46027  |||| 7.19135 |||| 7.19135 
4.9217  8.43102  4.9217  8.43102  |||| 9.79708 |||| 9.79708 
6.72039  6.85538  6.72039  6.85538  |||| 7.33619 |||| 7.33619 
5.74582  5.95812  5.74582  5.95812  |||| 5.44003 |||| 5.44003 
3.16458  6.04131  3.16458  6.04131  |||| 4.77645 |||| 4.77645 
7.09586  7.64525  7.09586  7.64525  |||| 8.65765 |||| 8.65765 
5.42416  5.94234  5.42416  5.94234  |||| 5.09054 |||| 5.09054 
6.37133  7.83496  6.37133  7.83496  |||| 7.68542 |||| 7.68542 
6.31956  6.34365  6.31956  6.34365  |||| 7.45033 |||| 7.45033 
6.96599  6.3689  6.96599  6.3689  |||| 9.19849 |||| 9.19849 
3.87773  8.29194  3.87773  8.29194  |||| 8.05684 |||| 8.05684 
6.61647  5.57879  6.61647  5.57879  |||| 8.78663 |||| 8.78663 
6.85557  5.49088  6.85557  5.49088  |||| 9.6458 |||| 9.6458 
5.14838  7.6644  5.14838  7.6644  |||| 6.66385 |||| 6.66385 
7.26153  4.42553  7.26153  4.42553  |||| 11.3099 |||| 11.3099 
6.21636  6.49257  6.21636  6.49257  |||| 8.66883 |||| 8.66883 
5.57677  5.21531  5.57677  5.21531  |||| 7.05654 |||| 7.05654 
5.98095  7.22049  5.98095  7.22049  |||| 8.49242 |||| 8.49242 
4.41546  6.09679  4.41546  6.09679  |||| 3.89163 |||| 3.89163 
4.46927  4.53121  4.46927  4.53121  |||| 4.19213 |||| 4.19213 
7.67063  4.68272  7.67063  4.68272  |||| 14.9693 |||| 14.9693 
6.42779  5.26201  6.42779  5.26201  |||| 11.2209 |||| 11.2209 
6.16052  5.35057  6.16052  5.35057  |||| 10.6765 |||| 10.6765 
5.09649  3.4825  5.09649  3.4825  |||| 7.14444 |||| 7.14444 
7.36925  5.06588  7.36925  5.06588  |||| 16.1591 |||| 16.1591 
5.7399  5.93005  5.7399  5.93005  |||| 10.3013 |||| 10.3013 
5.07391  6.54859  5.07391  6.54859  |||| 7.9623 |||| 7.9623 
5.4179  5.51333  5.4179  5.51333  |||| 9.81445 |||| 9.81445 
7.76664  5.72697  7.76664  5.72697  |||| 20.9768 |||| 20.9768 
5.16899  5.04  5.16899  5.04  |||| 9.58205 |||| 9.58205 
5.087  6.07237  5.087  6.07237  |||| 9.66137 |||| 9.66137 
4.5461  6.00087  4.5461  6.00087  |||| 7.31831 |||| 7.31831 
5.83331  6.44623  5.83331  6.44623  |||| 14.9449 |||| 14.9449 
7.11341  8.27701  7.11341  8.27701  |||| 23.4537 |||| 23.4537 
7.75554  5.53544  7.75554  5.53544  |||| 29.0268 |||| 29.0268 
4.7947  7.24731  4.7947  7.24731  |||| 11.0174 |||| 11.0174 
7.09916  5.92397  7.09916  5.92397  |||| 28.5622 |||| 28.5622 
6.23316  5.58522  6.23316  5.58522  |||| 24.0577 |||| 24.0577 
5.14829  7.20449  5.14829  7.20449  |||| 16.9047 |||| 16.9047 
5.63269  6.57181  5.63269  6.57181  |||| 23.0357 |||| 23.0357 
6.25273  6.42928  6.25273  6.42928  |||| 31.8567 |||| 31.8567 
4.51973  6.10515  4.51973  6.10515  |||| 15.6241 |||| 15.6241 
4.16136  4.26608  4.16136  4.26608  |||| 13.0246 |||| 13.0246 
6.1383  5.47412  6.1383  5.47412  |||| 44.8346 |||| 44.8346 
7.9345  5.34573  7.9345  5.34573  |||| 84.9914 |||| 84.9914 
6.94826  5.47318  6.94826  5.47318  |||| 82.4002 |||| 82.4002 
6.4186  5.23143  6.4186  5.23143  |||| 91.1125 |||| 91.1125 
7.18741  4.60283  7.18741  4.60283  |||| 157.695 |||| 157.695 
5.02136  6.0966  5.02136  6.0966  |||| 121.31 |||| 121.31 
6.6297  7.75125  6.6297  7.75125  |||| 679.164 |||| 679.164 
2.60232  0.000488591  2.63836  0.0519455  |||| 2.60214 |||| 516.648 
0.000291729  1.19624  9.69131  10.8889  |||| 1.19596 |||| 96911.3 
1  0.0041317  3.40024  3.16853  |||| 1.00495 |||| 620.976 
1  0.0136581  1  0.0660819  |||| 1.01536 |||| 4.29902 
1  0.0203751  3.75912  2.07247  |||| 1.02599 |||| 81.2297 
1  0.0346023  1.64043  0.785499  |||| 1.03685 |||| 21.9861 
1  0.0480697  2.14856  1.68239  |||| 1.04794 |||| 36.6327 
1  0.0577509  3.73088  3.61893  |||| 1.05927 |||| 64.4777 
1  0.0707656  1.43054  1.05744  |||| 1.07085 |||| 15.9387 
1  0.0761639  1  0.304056  |||| 1.08268 |||| 3.96934 
1  0.0871659  1.00614  0.0871659  |||| 1.09478 |||| 1.1015 
1  0.105584  1.77645  0.748625  |||| 1.10715 |||| 7.71976 
1  0.116237  7.21668  6.53545  |||| 1.1198 |||| 60.9949 
1  0.12731  1  0.148398  |||| 1.13274 |||| 1.26221 
1  0.136458  2.22766  1.65498  |||| 1.14599 |||| 12.9729 
1  0.149007  1.98003  1.23369  |||| 1.15956 |||| 8.95363 
1  0.160414  1.54873  0.879565  |||| 1.17344 |||| 5.94275 
1  0.181205  8.56162  8.29349  |||| 1.18767 |||| 52.4346 
1  0.197318  1.01613  0.295785  |||| 1.20224 |||| 1.75512 
1  0.203907  1.62598  0.982781  |||| 1.21717 |||| 5.50202 
1  0.226609  1  0.325598  |||| 1.23248 |||| 1.7233 
1  0.239861  6.90111  6.95446  |||| 1.24818 |||| 34.9491 
1  0.249043  1  0.406762  |||| 1.26429 |||| 1.94318 
1  0.265533  2.20097  1.49957  |||| 1.28082 |||| 6.83397 
1  0.295854  1  0.269169  |||| 1.29778 |||| 1.29778 
1  0.312531  2.12359  1.22776  |||| 1.3152 |||| 5.11883 
1  0.322444  2.34751  1.51497  |||| 1.33309 |||| 6.05876 
0.918884  0.350005  2.94209  3.47811  |||| 1.34404 |||| 13.3658 
0.906648  0.350005  3.81959  3.00882  |||| 1.29332 |||| 11.1259 
0.8886  0.350005  0.951006  0.591315  |||| 1.24629 |||| 2.10623 
0.822798  0.350005  11.0456  9.82291  |||| 1.20256 |||| 33.7761 
0.807531  0.350005  9.8834  10.201  |||| 1.1618 |||| 33.8872 
0.765256  0.350005  11.162  10.0152  |||| 1.12371 |||| 32.1792 
0.731596  0.350005  0.763998  0.411351  |||| 1.08803 |||| 1.27888 
0.697453  0.350005  11.0974  10.1124  |||| 1.05455 |||| 30.492 
0.666537  0.350005  0.675443  0.350005  |||| 1.02307 |||| 1.02598 
0.650378  0.353175  4.75379  4.30934  |||| 1.00346 |||| 12.2402 
0.65  0.368455  4.84649  3.90062  |||| 1.01892 |||| 10.7671 
0.65  0.380265  11.2027  10.6298  |||| 1.03549 |||| 28.5395 
0.65  0.40259  10.8601  9.57515  |||| 1.0526 |||| 25.0223 
0.65  0.413184  1.87  1.42777  |||| 1.07029 |||| 3.63361 
0.65  0.438731  3.21916  3.0237  |||| 1.08859 |||| 7.50115 
0.65  0.447826  9.83039  9.8131  |||| 1.10752 |||| 23.7446 
0.65  0.461163  11.104  10.5332  |||| 1.12712 |||| 24.8729 
0.65  0.48037  0.669605  0.48037  |||| 1.14743 |||| 1.18205 
0.65  0.516061  1.37196  0.938004  |||| 1.16849 |||| 2.46669 
0.65  0.531197  0.658729  0.534033  |||| 1.19033 |||| 1.20632 
0.65  0.562739  0.651051  0.549934  |||| 1.213 |||| 1.21496 
0.65  0.577323  3.94472  2.76059  |||| 1.23655 |||| 7.50612 
0.65  0.595591  10.0697  9.80768  |||| 1.26104 |||| 20.2342 
0.65  0.624889  10.5047  9.8462  |||| 1.28651 |||| 20.7967 
0.478738  0.650001  0.46966  0.721909  |||| 1.28632 |||| 1.42868 
0.481381  0.650001  3.79515  3.28615  |||| 1.26084 |||| 7.82961 
0.528766  0.650001  0.626081  0.655254  |||| 1.23636 |||| 1.3191 
0.560959  0.650001  0.620551  0.675505  |||| 1.21281 |||| 1.33618 
0.479677  0.650001  2.43134  2.8756  |||| 1.19014 |||| 5.35402 
0.510729  0.650001  0.479677  0.650001  |||| 1.16831 |||| 1.16831 
0.493964  0.650001  2.20175  1.86924  |||| 1.14725 |||| 5.07656 
0.455546  0.650001  10.4583  10.0238  |||| 1.12695 |||| 24.6963 
0.449917  0.650001  10.285  10.2667  |||| 1.10735 |||| 24.8868 
0.431046  0.650001  6.60927  7.06174  |||| 1.08842 |||| 16.3973 
0.419175  0.650001  0.41919  0.689525  |||| 1.07013 |||| 1.13522 
0.402284  0.650001  9.91818  10.2039  |||| 1.05244 |||| 25.919 
0.385008  0.650001  4.74012  4.16925  |||| 1.03533 |||| 12.7264 
0.369164  0.650001  1.42711  0.653368  |||| 1.01876 |||| 3.93914 
0.353623  0.651019  10.1786  9.98897  |||| 1.00429 |||| 28.9127 
0.350005  0.673065  6.52592  6.93665  |||| 1.02337 |||| 19.0902 
0.350003  0.703446  10.2127  10.3072  |||| 1.05485 |||| 30.7947 
0.350003  0.728822  2.21575  3.15687  |||| 1.08834 |||| 6.89289 
0.350003  0.770683  0.352436  1.30479  |||| 1.12403 |||| 1.89395 
0.350003  0.806701  1.70337  2.29928  |||| 1.16213 |||| 5.65806 
0.350003  0.802521  2.94181  3.69185  |||| 1.20291 |||| 10.1151 
0.350003  0.891315  1.42955  1.944  |||| 1.24665 |||| 5.09378 
0.350003  0.930452  0.351956  0.930452  |||| 1.29369 |||| 1.30091 
0.350003  0.968143  0.351944  0.968143  |||| 1.34442 |||| 1.35188 
0.0191686  1  1.00095  1.95394  |||| 1.33296 |||| 4.00309 
0.036962  1  9.3896  9.08035  |||| 1.31507 |||| 39.1559 
0.0772074  1  10.2908  10.4729  |||| 1.29765 |||| 44.8214 
0.0275234  1  0.104373  1.01996  |||| 1.28069 |||| 1.30626 
0.0140523  1  1.02848  1.77431  |||| 1.26416 |||| 4.91579 
0.013656  1  10.4951  10.7939  |||| 1.24806 |||| 52.7438 
0.0322424  1  1.21135  2.43363  |||| 1.23236 |||| 6.4159 
0.0600942  1  0.0186871  1.08411  |||| 1.21705 |||| 1.31945 
0.039193  1  2.30367  2.67411  |||| 1.20212 |||| 13.6814 
0.0453671  1  6.69266  7.44171  |||| 1.18754 |||| 42.3138 
0.0216801  1  0.734373  1.92035  |||| 1.17332 |||| 4.96214 
0.060692  1  6.09796  6.49354  |||| 1.15944 |||| 44.2654 
0.0872649  1  1.62463  2.20129  |||| 1.14588 |||| 12.7357 
0.0524138  1  2.84872  3.41432  |||| 1.13263 |||| 24.2745 
0.0473113  1  10.7789  11.5743  |||| 1.11969 |||| 100.601 
0.0459268  1  4.18002  4.85751  |||| 1.10703 |||| 43.1184 
0.0393324  1  0.0459268  1  |||| 1.09467 |||| 1.09467 
0.0337224  1  2.33535  3.27481  |||| 1.08257 |||| 30.5129 
0.0233945  1  1.83404  2.28905  |||| 1.07074 |||| 27.649 
0.0259674  1  0.791532  1.83177  |||| 1.05916 |||| 14.1005 
0.00965542  1  1.20852  2.48823  |||| 1.04783 |||| 26.3149 
0.0085453  1  0.0241432  1.09186  |||| 1.03675 |||| 1.132 
0.0097906  1  2.25615  3.08196  |||| 1.02589 |||| 88.4341 
0.0138549  1  2.55836  3.4627  |||| 1.01526 |||| 167.135 
0.00514234  1  0.0138549  1  |||| 1.00485 |||| 2.68043 
