1.9822 0.000185877 2.69148e-05
0.000384893 3.92627 0.000186998
0.000598019 0.000565159 5.87878
1.63255 0.0631107 0.0627689
1.44063 0.153199 0.0508039
1.58316 0.075594 0.227062
1.27931 0.26233 0.036012
1.43222 0.147399 0.243627
1.28236 0.250392 0.14942
1.58334 0.06907 0.483319
1.11804 0.403727 0.0264895
1.28928 0.237016 0.304381
1.1495 0.359921 0.163546
1.44075 0.132191 0.573214
1.06057 0.452413 0.10279
1.29356 0.226229 0.49752
1.12364 0.375902 0.292465
1.58058 0.062236 0.92617
0.937756 0.605049 0.0191388
1.12365 0.369651 0.41246
0.987674 0.523841 0.203799
1.2911 0.218932 0.781234
0.911111 0.624718 0.115517
1.15 0.335935 0.640295
0.983067 0.519036 0.354937
1.01298 0.104046 1.19245
0.834517 0.732988 0.0754008
1.05105 0.4314 0.628709
0.900163 0.621616 0.325201
1.27681 0.218436 1.17885
0.824488 0.733399 0.204271
1.10411 0.367491 0.935564
0.911754 0.595168 0.525096
1.1094 0.0441558 1.37183
0.713987 0.930976 0.0146119
0.902774 0.600708 0.639608
0.770409 0.806133 0.291423
0.811022 0.252364 1.19244
0.703587 0.926259 0.151011
0.942992 0.537715 0.954967
0.778529 0.779731 0.498876
0.888975 0.165494 1.34815
0.64167 1.04312 0.0882303
0.851367 0.656034 0.894869
0.70626 0.8977 0.437844
0.781524 0.262643 1.26704
0.637974 1.03033 0.262023
0.70962 0.355532 1.19245
0.721169 0.857117 0.707866
0.949455 0.100066 2.03464
0.551352 1.22474 0.0601734
0.741529 0.811356 0.978851
0.60853 1.07022 0.449033
0.678934 0.356973 1.40181
0.545109 1.21304 0.250722
0.542065 0.57683 1.19244
0.618614 1.03204 0.752616
0.810985 0.189668 2.22887
0.487543 1.34838 0.165049
0.493237 0.655548 1.19245
0.548182 1.1753 0.658696
0.673501 0.329125 2.01181
0.482773 1.33521 0.407867
0.537667 0.536139 1.48125
0.559878 1.1288 1.06036
0.627232 0.0392942 2.50792
0.387112 1.62847 0.0127939
0.428754 0.771486 1.19244
0.426868 1.46107 0.506604
0.495758 0.578104 1.80871
0.372869 1.62654 0.249106
0.403821 0.780983 1.34272
0.423717 1.44247 0.894455
0.364012 0.289169 2.38994
0.31876 1.79957 0.132763
0.340287 0.93388 1.23902
0.356678 1.62875 0.761014
0.322132 0.35012 2.38994
0.301534 1.81844 0.439872
0.348999 0.843767 1.92531
0.266523 1.14251 1.19245
0.38594 0.188969 3.26824
0.229819 2.11095 0.0850671
0.245028 1.15585 1.34907
0.250559 1.9602 0.796966
0.191023 0.604394 2.38994
0.202268 2.17369 0.425147
0.235147 1.10861 2.18824
0.133718 1.58972 1.19245
0.0829712 0.301041 3.58499
0.143964 2.44982 0.27682
0.160147 1.36096 2.03896
0.0700229 1.90827 1.19245
0.1438 0.60462 3.46142
0.100749 2.63388 0.770293
0.0807666 0.919507 2.44567
0.064826 1.83756 1.67201
0.0430687 0.0428036 4.77081
0.0263244 3.32139 0.0795918
0.00223375 1.54495 2.38995
