1.99995 0.000169712
0.000414403 3.99926
1.99492 0.0102217
1.98461 0.0308458
1.97418 0.051692
1.96368 0.0727315
1.95304 0.093996
1.94229 0.11549
1.93144 0.137194
1.92046 0.159158
1.90936 0.181326
1.89816 0.203756
1.88683 0.226408
1.87538 0.249337
1.86378 0.272489
1.85208 0.295896
1.84025 0.319558
1.82829 0.343509
1.81619 0.367707
1.80395 0.392167
1.79159 0.416918
1.77907 0.441942
1.76642 0.467253
1.75361 0.492844
1.74067 0.518742
1.72757 0.54495
1.71432 0.571446
1.70091 0.598258
1.68735 0.625365
1.67363 0.65284
1.65973 0.680613
1.64569 0.708712
1.63145 0.737182
1.61706 0.765972
1.60248 0.795118
1.58772 0.824643
1.57279 0.854509
1.55767 0.884758
1.54234 0.91538
1.52684 0.94639
1.51114 0.977794
1.49525 1.00959
1.47914 1.04182
1.46282 1.07446
1.44628 1.1075
1.42954 1.14099
1.41257 1.17493
1.39537 1.20932
1.37795 1.24418
1.3603 1.27948
1.34241 1.31529
1.32426 1.35157
1.30587 1.38834
1.28724 1.42563
1.26832 1.46345
1.24915 1.50177
1.22972 1.54068
1.20998 1.5801
1.18999 1.62011
1.1697 1.66068
1.14912 1.70186
1.12822 1.74363
1.10704 1.78601
1.08553 1.82901
1.0637 1.8727
1.04154 1.91703
1.01905 1.96201
0.996188 2.00771
0.972997 2.05409
0.949446 2.10122
0.925519 2.14906
0.901214 2.19768
0.876525 2.24707
0.85143 2.29724
0.825935 2.34822
0.800014 2.40005
0.773682 2.45272
0.746913 2.50628
0.719691 2.56071
0.692012 2.61608
0.663859 2.67237
0.635223 2.72968
0.606088 2.78793
0.576433 2.84723
0.546279 2.90757
0.515579 2.96893
0.484321 3.03145
0.452512 3.09508
0.420104 3.15989
0.387113 3.22586
0.353509 3.29308
0.319265 3.36157
0.284377 3.43134
0.248816 3.50245
0.212581 3.57491
0.175627 3.64885
0.137946 3.72423
0.0995211 3.80106
0.0603125 3.87951
0.0203229 3.95945
