2.04999 0.0628487 0.0625636
0.137941 4.04576 0.131294
0.122824 0.117108 6.04518
2.04951 0.125649 0.119849
2.04704 0.262378 0.120824
2.04731 0.137435 0.332105
2.03961 0.457114 0.0625636
2.04438 0.245793 0.390425
2.03975 0.428894 0.261857
2.03932 0.137085 0.655443
2.01829 0.758953 0.0922446
2.0356 0.414037 0.517387
2.02395 0.665936 0.329599
2.03071 0.229783 0.836338
2.00519 0.882402 0.239893
2.02689 0.386299 0.80676
2.01554 0.706462 0.560202
2.01222 0.126597 1.20498
1.95409 1.2736 0.0859242
2.00936 0.689963 0.775801
1.97915 1.07113 0.449134
2.00402 0.380066 1.2295
1.94092 1.34331 0.287162
1.99664 0.616084 1.1336
1.97118 1.06179 0.741494
1.97439 0.217529 1.66474
1.88134 1.65423 0.209477
1.97313 0.837039 1.19915
1.92903 1.34369 0.726539
1.95564 0.374051 1.80519
1.87312 1.66676 0.502609
1.95064 0.680299 1.66071
1.9211 1.26777 1.12433
1.89967 0.12378 2.32951
1.72697 2.22957 0.0847299
1.90241 1.27999 1.3589
1.81264 1.88881 0.705754
1.89827 0.686747 2.13395
1.71954 2.23961 0.405542
1.87972 1.08956 1.90411
1.80785 1.80437 1.17457
1.83004 0.379416 2.74054
1.60335 2.56562 0.26227
1.82444 1.41305 1.91603
1.71475 2.15807 1.07887
1.79215 0.634417 2.86351
1.59936 2.54366 0.685652
1.78 1.12471 2.59269
1.70673 2.01203 1.67348
1.67753 0.215525 3.52832
1.39099 3.01608 0.195365
1.68881 1.83681 2.20528
1.52945 2.64093 1.14414
1.66224 0.894984 3.36659
1.38356 3.00295 0.662246
1.63467 1.49233 3.00274
1.51895 2.49097 1.83139
1.51932 0.390711 4.08841
1.22342 3.27839 0.446551
1.53315 1.91029 2.95101
1.36919 2.86626 1.62869
1.44972 0.728965 4.2129
1.21021 3.24241 1.02695
1.43543 1.42546 3.85375
1.34087 2.63965 2.4818
1.25288 0.115496 4.84251
0.913619 3.65781 0.0782919
1.26174 2.67204 2.75483
1.04381 3.43173 1.22468
1.2452 1.43717 4.3875
0.884184 3.66674 0.602649
1.17715 2.21954 3.78834
1.00956 3.29494 2.06196
1.05314 0.726331 5.1406
0.722729 3.81215 0.334469
1.01345 2.67583 3.53337
0.825641 3.5677 1.70632
0.935432 1.1687 5.16293
0.677471 3.79939 0.958974
0.881976 2.04815 4.60927
0.761499 3.34613 2.69554
0.721084 0.374543 5.68115
0.480439 3.95483 0.208454
0.688941 3.03942 3.54548
0.534859 3.79563 1.57224
0.626054 1.47574 5.3829
0.418808 3.94822 0.814561
0.553346 2.38995 4.67603
0.446556 3.59681 2.556
0.43231 0.599097 5.88148
0.289269 4.01004 0.497656
0.383098 2.83018 4.24645
0.291109 3.78434 2.07482
0.294838 1.05397 5.8113
0.205745 3.96395 1.19628
0.228185 2.00919 5.25363
0.17415 3.46298 3.15682
0.136108 0.193279 6.04058
0.137876 4.04282 0.294021
0.0836833 1.58047 5.59252
