2.09301 0.284047
0.15844 4.09324
2.09281 0.292273
2.09232 0.311542
2.09169 0.333357
2.09107 0.355041
2.09028 0.376786
2.08949 0.398222
2.08859 0.421165
2.08764 0.443494
2.08657 0.467174
2.08543 0.4909
2.0842 0.514888
2.08284 0.53993
2.08138 0.565221
2.07982 0.590968
2.07812 0.617449
2.0763 0.644435
2.07434 0.671977
2.07224 0.700145
2.06998 0.728938
2.06757 0.758336
2.06499 0.788309
2.06221 0.819179
2.05925 0.850618
2.0561 0.8827
2.05272 0.915601
2.04914 0.949132
2.04531 0.983468
2.04122 1.01858
2.03688 1.05446
2.03226 1.09112
2.02734 1.12868
2.02211 1.16697
2.01656 1.20612
2.01065 1.24623
2.00438 1.28716
1.99773 1.32895
1.99068 1.37166
1.98319 1.41532
1.97525 1.45987
1.96685 1.50533
1.95793 1.55177
1.9485 1.59913
1.93852 1.64744
1.92795 1.69671
1.91678 1.74689
1.90497 1.79804
1.89249 1.85009
1.87932 1.90304
1.86543 1.95688
1.85076 2.01162
1.8353 2.06722
1.81902 2.12361
1.80189 2.18076
1.78386 2.23865
1.76491 2.29722
1.74502 2.35642
1.72413 2.41619
1.70225 2.47642
1.67934 2.53706
1.65536 2.59805
1.63031 2.65927
1.60416 2.72062
1.57691 2.78199
1.54851 2.84332
1.51901 2.90442
1.4884 2.96516
1.45664 3.02548
1.42378 3.08521
1.38981 3.14423
1.35479 3.20235
1.3187 3.2595
1.28161 3.3155
1.24355 3.37022
1.20456 3.42355
1.16471 3.47533
1.12403 3.52545
1.08263 3.57377
1.04054 3.62024
0.99784 3.66473
0.954613 3.70716
0.910944 3.74743
0.866912 3.78551
0.822621 3.82132
0.778119 3.85485
0.733528 3.88606
0.688892 3.91496
0.644304 3.94155
0.599866 3.96582
0.555619 3.98782
0.51166 4.00757
0.468091 4.02511
0.424909 4.04052
0.38219 4.05385
0.34 4.06517
0.298423 4.07454
0.257478 4.08206
0.217183 4.0878
0.177577 4.09185
