1 9.98038e-05
9.90404e-05 1
0.999987 0.00512528
0.999879 0.0155408
0.999658 0.0261668
0.999315 0.0370105
0.998844 0.0480683
0.998237 0.0593542
0.997486 0.0708579
0.996584 0.0825888
0.995521 0.0945457
0.994289 0.106725
0.992877 0.119145
0.991279 0.131783
0.989482 0.144658
0.987478 0.157758
0.985256 0.171087
0.982805 0.184647
0.980116 0.198426
0.977177 0.212429
0.973977 0.226648
0.970505 0.241081
0.966751 0.255721
0.962702 0.270564
0.958349 0.285599
0.953679 0.300825
0.948683 0.316227
0.94335 0.331798
0.937671 0.347524
0.931633 0.3634
0.925229 0.379408
0.918452 0.395533
0.91129 0.411766
0.903739 0.428085
0.89579 0.444477
0.887442 0.460919
0.878688 0.477397
0.869527 0.493885
0.859951 0.510376
0.849965 0.526838
0.839572 0.543248
0.828766 0.559595
0.817559 0.575845
0.805953 0.59198
0.793956 0.607976
0.781567 0.623821
0.76881 0.639477
0.755689 0.654931
0.742218 0.670159
0.728412 0.68514
0.714286 0.699854
0.699855 0.714285
0.68514 0.728412
0.67016 0.742217
0.654929 0.75569
0.639476 0.768811
0.623819 0.781569
0.607981 0.793951
0.591978 0.805954
0.575845 0.817559
0.559595 0.828766
0.54325 0.839571
0.526837 0.849967
0.510377 0.859951
0.493891 0.869524
0.477396 0.878688
0.460919 0.887442
0.444476 0.895791
0.428082 0.90374
0.411765 0.91129
0.395534 0.918451
0.379408 0.925229
0.363399 0.931633
0.347525 0.937671
0.331798 0.94335
0.316228 0.948683
0.300823 0.95368
0.285598 0.95835
0.270564 0.962702
0.255721 0.966751
0.24108 0.970505
0.226646 0.973977
0.212428 0.977177
0.198425 0.980116
0.184647 0.982805
0.171088 0.985256
0.15776 0.987478
0.144661 0.989481
0.131786 0.991278
0.119144 0.992877
0.106728 0.994288
0.0945466 0.99552
0.0825882 0.996584
0.0708514 0.997487
0.0593528 0.998237
0.0480706 0.998844
0.0370105 0.999315
0.0261683 0.999658
0.0155373 0.999879
0.00512713 0.999987
