2.045 0.0452618 0.045422
0.0642574 4.0448 0.0593628
0.0629747 0.0597815 6.04472
2.04446 0.122076 0.122107
2.04206 0.256755 0.115838
2.04217 0.140094 0.330274
2.03453 0.451929 0.103253
2.03914 0.249696 0.386207
2.0341 0.432158 0.277796
2.03433 0.130752 0.650435
2.01322 0.754496 0.0924307
2.03054 0.409282 0.514106
2.01889 0.661504 0.325509
2.02568 0.226645 0.831006
2.00022 0.876931 0.236673
2.02142 0.389347 0.804597
2.0105 0.701735 0.555595
2.00712 0.122025 1.20151
1.94922 1.26771 0.0846469
2.00396 0.688255 0.774008
1.97414 1.06626 0.444033
1.99894 0.374309 1.22612
1.93628 1.33605 0.284256
1.99144 0.612683 1.12998
1.96605 1.05751 0.73754
1.96937 0.212425 1.65999
1.87605 1.65029 0.209908
1.96793 0.832951 1.19577
1.92422 1.33752 0.721684
1.95042 0.370234 1.80176
1.86769 1.66375 0.497164
1.94563 0.675118 1.65594
1.91614 1.26223 1.12005
1.89436 0.118134 2.32687
1.7212 2.22696 0.0797175
1.8972 1.27534 1.35578
1.80684 1.88556 0.709158
1.89281 0.683593 2.13137
1.71379 2.2367 0.40297
1.87438 1.08522 1.90128
1.80223 1.80158 1.17052
1.8247 0.37545 2.73726
1.59713 2.56361 0.258148
1.81915 1.40712 1.91499
1.7092 2.1545 1.07521
1.78631 0.628606 2.86356
1.59373 2.54029 0.679991
1.77414 1.12012 2.59256
1.70067 2.00931 1.67205
1.67141 0.216283 3.52741
1.38438 3.01399 0.190025
1.68307 1.8329 2.2033
1.5231 2.63882 1.14011
1.65637 0.890984 3.36481
1.37728 3.00015 0.658455
1.62887 1.48839 3.00045
1.51274 2.4885 1.82757
1.5137 0.366978 4.08889
1.21647 3.27622 0.441386
1.52699 1.90663 2.9494
1.36255 2.86389 1.62546
1.44355 0.722343 4.21206
1.2034 3.24018 1.02087
1.42859 1.42239 3.85319
1.3342 2.63664 2.48002
1.24581 0.103219 4.84238
0.906745 3.6546 0.0736224
1.25441 2.67003 2.75272
1.03682 3.42898 1.22019
1.23751 1.43261 4.38885
0.87585 3.66472 0.599013
1.17104 2.21532 3.78535
1.00059 3.29213 2.05944
1.04624 0.719053 5.13964
0.714628 3.80935 0.329738
1.00656 2.67055 3.53329
0.818324 3.56429 1.70347
0.927799 1.16529 5.15989
0.669292 3.79636 0.95539
0.873888 2.04417 4.60833
0.753262 3.3431 2.69283
0.71299 0.37084 5.67929
0.4734 3.95073 0.203433
0.68227 3.03646 3.5393
0.527464 3.79194 1.56687
0.618172 1.47133 5.38034
0.411169 3.94425 0.809116
0.545774 2.38453 4.67403
0.442448 3.59148 2.55078
0.424145 0.591699 5.87885
0.2806 4.00602 0.490647
0.375504 2.82517 4.24332
0.284541 3.77987 2.0693
0.287075 1.04923 5.80725
0.197093 3.95956 1.19101
0.219927 2.00342 5.25028
0.164877 3.45819 3.15281
0.0620552 0.063637 6.04472
0.0642551 4.04431 0.14058
0.0605388 3.27244 3.58914
