2.00491 0.0373587
0.0682633 4.00297
2.00486 0.0470979
2.00473 0.0672713
2.00454 0.0878633
2.0043 0.108885
2.00399 0.130347
2.00362 0.152263
2.00317 0.174645
2.00266 0.197507
2.00206 0.220859
2.00138 0.244716
2.00061 0.269094
1.99974 0.293987
1.99878 0.319454
1.99771 0.345463
1.99653 0.37206
1.99523 0.399235
1.99381 0.427033
1.99224 0.455502
1.99054 0.48456
1.98869 0.514302
1.98668 0.544722
1.9845 0.575809
1.98214 0.607634
1.97959 0.640174
1.97684 0.673487
1.97388 0.707552
1.97069 0.742398
1.96726 0.778063
1.96358 0.814532
1.95963 0.851854
1.9554 0.890047
1.95086 0.929099
1.94601 0.969069
1.94082 1.00994
1.93528 1.05172
1.92935 1.09449
1.92303 1.1382
1.9163 1.18288
1.90911 1.2285
1.90145 1.27522
1.8933 1.3229
1.88462 1.37159
1.8754 1.4213
1.86559 1.47205
1.85518 1.5238
1.84413 1.57659
1.8324 1.63038
1.81997 1.68518
1.8068 1.74097
1.79286 1.79769
1.7781 1.85541
1.7625 1.91401
1.74602 1.97348
1.72862 2.03379
1.71027 2.09489
1.69094 2.15672
1.6706 2.2192
1.6492 2.28227
1.62673 2.34586
1.60314 2.40986
1.57842 2.47419
1.55255 2.53875
1.5255 2.60343
1.49727 2.66809
1.46784 2.73263
1.43721 2.79691
1.40537 2.86078
1.37233 2.9241
1.33812 2.98675
1.30274 3.04853
1.26622 3.10932
1.22862 3.169
1.18992 3.22733
1.15023 3.28424
1.10956 3.33957
1.06801 3.39316
1.0256 3.44493
0.982443 3.4947
0.938594 3.5424
0.894145 3.58791
0.849169 3.63117
0.803769 3.67208
0.758023 3.7106
0.712032 3.74666
0.665872 3.78026
0.619644 3.81138
0.573444 3.83999
0.527343 3.86613
0.481426 3.88981
0.435779 3.91107
0.390475 3.92996
0.345579 3.94654
0.301165 3.96086
0.257292 3.97301
0.214011 3.98306
0.171367 3.9911
0.129421 3.99722
0.0881971 4.00151
