2.09552 0.204431 0.25687
0.210482 4.09993 0.191867
0.189048 0.188112 6.08702
2.09386 0.200819 0.252397
2.09307 0.26942 0.253516
2.09355 0.200402 0.32375
2.06892 0.80736 0.246704
2.08916 0.287518 0.481382
2.08396 0.486847 0.362954
2.08097 0.199529 0.794942
2.10106 0.814646 0.166527
2.07984 0.463442 0.596187
2.06922 0.714348 0.380224
2.07425 0.273513 0.92653
2.04989 0.929047 0.32192
2.07064 0.423556 0.894105
2.05968 0.754946 0.649709
2.02984 0.197538 1.61094
2.01034 1.24923 0.147066
2.05242 0.737916 0.867842
2.02333 1.11852 0.527027
2.04659 0.418193 1.31807
1.98507 1.39257 0.371854
2.03937 0.663178 1.22309
2.0155 1.10323 0.830432
2.0157 0.25705 1.75299
1.92585 1.70263 0.266434
2.01571 0.880822 1.28855
1.97345 1.39202 0.781134
1.99737 0.399011 1.8937
1.91645 1.71654 0.58601
1.99225 0.726657 1.74403
1.96466 1.31272 1.20192
1.95866 0.15478 2.40717
1.43581 3.06554 0.173032
1.94425 1.32603 1.4451
1.85575 1.93724 0.795832
1.93894 0.734685 2.21357
1.76282 2.28797 0.498361
1.92251 1.13517 1.9766
1.85091 1.85305 1.24807
1.87021 0.412334 2.81945
1.64829 2.61112 0.348573
1.86739 1.44722 1.99961
1.75805 2.20515 1.14877
1.83134 0.681017 2.94331
1.64385 2.59143 0.736366
1.81954 1.16648 2.67816
1.74845 2.05719 1.76026
1.71644 0.216161 3.60698
1.43439 3.06424 0.258382
1.72938 1.88084 2.29311
1.57022 2.68814 1.23477
1.69933 0.941457 3.44652
1.42745 3.04904 0.736036
1.67477 1.53006 3.081
1.56143 2.53199 1.9098
1.5573 0.430457 4.15842
1.26704 3.32431 0.521452
1.57231 1.95283 3.03194
1.41163 2.90881 1.70902
1.48818 0.771248 4.28197
1.25451 3.28564 1.11032
1.47183 1.46783 3.93065
1.38171 2.68192 2.55552
1.28789 0.167632 4.91089
0.230876 4.08799 0.141277
1.30019 2.71389 2.83472
1.08826 3.47494 1.29218
1.28062 1.47677 4.46193
0.928847 3.71023 0.685045
1.21921 2.25952 3.85946
1.0524 3.3299 2.14835
1.08967 0.770011 5.20448
0.765519 3.85805 0.411291
1.05135 2.71365 3.6093
0.867083 3.6076 1.79379
0.974374 1.20374 5.22212
0.719694 3.84268 1.04193
0.922754 2.08316 4.67596
0.803794 3.38269 2.77205
0.757721 0.417809 5.7358
0.525204 4 0.280985
0.730733 3.07428 3.62151
0.575379 3.838 1.64751
0.663395 1.51098 5.44179
0.462456 3.99066 0.897956
0.594698 2.42044 4.74291
0.490778 3.63142 2.63698
0.47254 0.640925 5.93041
0.330507 4.05448 0.581686
0.42606 2.86209 4.31308
0.325722 3.82343 2.15764
0.337325 1.09369 5.85988
0.246223 4.0046 1.28301
0.271009 2.0432 5.30921
0.220313 3.49527 3.23392
0.180316 0.242246 6.08578
0.199743 4.08334 0.435145
0.128603 1.36825 5.7824
