1.02574 0.00266507
0.000275945 0.995841
0.997168 0.00711789
0.993324 0.0163085
0.958868 0.0271422
0.952236 0.0372865
0.944186 0.0424889
0.903784 0.0562722
0.895597 0.0661674
0.876657 0.0749613
0.856446 0.0837971
0.836263 0.092348
0.826074 0.100644
0.800259 0.108569
0.789896 0.117411
0.773822 0.125606
0.758653 0.134294
0.749084 0.142661
0.734122 0.151129
0.718381 0.158441
0.70352 0.166456
0.69402 0.175096
0.67759 0.181315
0.662028 0.188436
0.652253 0.196933
0.637072 0.204107
0.625346 0.211002
0.613455 0.21896
0.605607 0.226577
0.591166 0.23404
0.581811 0.241095
0.569634 0.247802
0.558615 0.25488
0.548353 0.262293
0.537033 0.268987
0.527474 0.276142
0.517343 0.2835
0.50595 0.290198
0.495701 0.296678
0.486774 0.30325
0.476708 0.311017
0.466524 0.317709
0.457359 0.324637
0.44805 0.331559
0.438925 0.338454
0.429875 0.345311
0.420866 0.352321
0.411748 0.359281
0.402791 0.366215
0.394168 0.373047
0.385475 0.38011
0.376939 0.387166
0.368585 0.394269
0.3601 0.401131
0.351692 0.408149
0.343307 0.415046
0.334893 0.422061
0.326707 0.429055
0.318644 0.436083
0.310564 0.443238
0.302592 0.450497
0.294804 0.457834
0.286798 0.465175
0.278844 0.472529
0.271156 0.479913
0.263508 0.487348
0.255907 0.494882
0.24821 0.502441
0.240595 0.510018
0.23302 0.517721
0.225509 0.525629
0.21796 0.533563
0.210517 0.541675
0.203096 0.549882
0.195634 0.558109
0.188163 0.566491
0.18083 0.575059
0.17344 0.583771
0.166109 0.592682
0.158741 0.601793
0.15141 0.611122
0.144061 0.620661
0.136752 0.630452
0.129387 0.640494
0.122066 0.650878
0.114643 0.661697
0.107309 0.672668
0.09992 0.684263
0.0924184 0.696241
0.0849288 0.708926
0.0774973 0.721977
0.0699402 0.736134
0.0622202 0.750983
0.0544239 0.767279
0.0467194 0.784253
0.0387615 0.804034
0.0307467 0.825281
0.0224217 0.851091
0.0139357 0.883741
0.00500865 0.932229
