1.01884 0.00901252 0.0074722
0.0146968 1.76139 0.0171953
0.00132329 0.00208323 1.01795
1.0004 0.0312201 0.0217723
0.996441 0.102553 0.0211675
0.992695 0.0408376 0.139749
0.982173 0.200321 0.0290872
0.985105 0.0863761 0.170383
0.979392 0.192754 0.111488
0.96032 0.032814 0.29089
0.943535 0.340443 0.0171074
0.964905 0.167219 0.226128
0.950623 0.295837 0.1328
0.930302 0.0785499 0.370162
0.921576 0.394597 0.0694291
0.928258 0.162882 0.355589
0.929674 0.310938 0.239865
0.864183 0.0302112 0.5105
0.842599 0.544826 0.0122284
0.903995 0.295583 0.336205
0.877349 0.466065 0.181287
0.853928 0.139234 0.516986
0.824362 0.566085 0.105811
0.856179 0.246197 0.47837
0.848139 0.449124 0.305334
0.764565 0.0514739 0.648571
0.75344 0.663253 0.0685868
0.816466 0.336637 0.492775
0.796755 0.547944 0.283756
0.734559 0.126962 0.680632
0.742954 0.660819 0.177966
0.750473 0.250041 0.627957
0.762839 0.500952 0.437662
0.63168 0.0234733 0.782907
0.61013 0.799781 0.00886818
0.72685 0.485354 0.516184
0.67583 0.707478 0.244192
0.652838 0.212055 0.740014
0.604073 0.793828 0.127406
0.664089 0.364709 0.672758
0.654788 0.65556 0.421768
0.551413 0.0290744 0.837435
0.521118 0.852945 0.0712372
0.616139 0.47327 0.652376
0.586379 0.747812 0.35393
0.521115 0.154754 0.847059
0.521019 0.843573 0.201568
0.541377 0.333505 0.797416
0.542243 0.665116 0.547881
0.422153 0.0345502 0.909415
0.411084 0.915207 0.0404607
0.514224 0.551489 0.677838
0.463687 0.832409 0.344189
0.431752 0.219481 0.892677
0.406274 0.906094 0.180184
0.437957 0.391075 0.82771
0.447226 0.742139 0.544242
0.341843 0.0430223 0.94178
0.338962 0.939886 0.107606
0.39911 0.507004 0.791839
0.383878 0.833441 0.46221
0.31768 0.142667 0.947945
0.327482 0.919808 0.272683
0.330839 0.329144 0.916891
0.344011 0.702524 0.658024
0.240233 0.0157471 0.975445
0.232768 0.986485 0.00840877
0.297625 0.682345 0.702669
0.270934 0.927124 0.321812
0.256353 0.299664 0.946373
0.22274 0.972221 0.143961
0.255383 0.50142 0.866189
0.244559 0.845916 0.522033
0.192461 0.097737 0.981981
0.174147 0.986341 0.0616617
0.196951 0.613596 0.812728
0.197763 0.911084 0.426105
0.16234 0.197477 0.976423
0.162033 0.974672 0.231905
0.135863 0.409193 0.932486
0.167811 0.788373 0.629817
0.117909 0.0533827 0.994929
0.102555 0.998846 0.0415307
0.133442 0.660223 0.768512
0.0999008 0.945104 0.382798
0.104076 0.259388 0.981055
0.0922801 0.988025 0.182481
0.0694719 0.466 0.925289
0.091462 0.840548 0.593191
0.0616381 0.0589868 0.998595
0.0503572 0.997134 0.111415
0.0589368 0.566323 0.860552
0.0426764 0.913203 0.491786
0.0421647 0.0398107 0.999295
0.0351786 0.977799 0.274581
0.0223255 0.301186 0.983732
0.019957 0.755598 0.679176
0.0120811 0.0163845 1.00012
0.00744907 1.07308 0.0353359
0.00547991 0.0115243 1.0002
