1.9999 0.000262833
0.000483433 3.94965
1.99446 0.0103098
1.98773 0.0308607
1.98271 0.0519736
1.97852 0.0733544
1.97481 0.0951264
1.97141 0.117297
1.96824 0.139907
1.96526 0.162919
1.9624 0.186449
1.95966 0.210437
1.957 0.234923
1.95442 0.259916
1.9519 0.285439
1.94942 0.311518
1.94698 0.338175
1.94458 0.36542
1.9422 0.393281
1.93985 0.421775
1.93751 0.450938
1.93518 0.480779
1.93286 0.511322
1.93054 0.542622
1.92822 0.574701
1.9259 0.607555
1.92357 0.64125
1.92123 0.675781
1.91888 0.711242
1.91651 0.747592
1.91413 0.784973
1.38959 0.795004
1.38959 0.795004
1.38959 0.795004
1.38959 0.795004
1.38959 0.795004
1.38959 0.795004
1.38959 0.795004
1.3743 0.815673
1.36545 0.846393
1.35866 0.879168
1.35283 0.913482
1.34758 0.949187
1.34271 0.986271
1.33812 1.02471
1.33372 1.06455
1.32946 1.10582
1.3253 1.14862
1.32123 1.19297
1.3172 1.23896
1.3132 1.28667
1.30922 1.33622
1.30523 1.38765
1.30123 1.44114
1.2972 1.49673
1.29312 1.55461
0.833043 1.59333
0.833043 1.59333
0.833043 1.59333
0.833043 1.59333
0.833043 1.59333
0.833043 1.59333
0.833043 1.59333
0.833043 1.59333
0.833043 1.59333
0.833043 1.59333
0.828546 1.59518
0.811591 1.63558
0.800532 1.68991
0.791342 1.75121
0.783079 1.81823
0.77534 1.89061
0.767892 1.96847
0.76059 2.05199
0.753313 2.14163
0.745977 2.23774
0.738488 2.34097
0.391292 2.39003
0.391292 2.39003
0.391292 2.39003
0.391292 2.39003
0.391292 2.39003
0.391292 2.39003
0.391292 2.39003
0.391292 2.39003
0.391292 2.39003
0.383146 2.39777
0.363052 2.48276
0.347278 2.61156
0.33271 2.7719
0.318119 2.96276
0.107474 3.18058
0.107474 3.18058
0.107474 3.18058
0.107474 3.18058
0.107474 3.18058
0.107474 3.18058
0.0859605 3.28058
0.0571539 3.6713
0.00432326 3.89515
