2.00023 0.000264055 0.000392291
0.000604506 4.00023 0.000309517
0.00021175 0.000268974 6.00021
1.99977 0.0757044 0.0621942
1.99728 0.212557 0.0691216
1.99746 0.0917846 0.284371
1.98977 0.407045 0.0566043
1.99439 0.204212 0.341404
1.98937 0.387102 0.2321
1.98949 0.0854875 0.608023
1.96866 0.707563 0.0416431
1.986 0.35937 0.469551
1.97411 0.61649 0.27997
1.98093 0.177821 0.787967
1.95536 0.833853 0.184804
1.9766 0.344763 0.76098
1.96565 0.657996 0.510675
1.96224 0.0721931 1.15913
1.90371 1.22778 0.0238261
1.95917 0.644321 0.727751
1.9294 1.02152 0.397887
1.9541 0.330051 1.18218
1.89093 1.29531 0.232191
1.9468 0.564453 1.08714
1.92107 1.01475 0.691091
1.92419 0.166655 1.61984
1.83073 1.60818 0.161982
1.92334 0.786772 1.15041
1.87905 1.29499 0.677414
1.90548 0.323175 1.75962
1.82256 1.62051 0.45295
1.90018 0.6321 1.61687
1.87062 1.22204 1.07549
1.84907 0.0696936 2.28608
1.67547 2.18511 0.0220293
1.85221 1.23162 1.31166
1.76147 1.84332 0.662741
1.8477 0.639836 2.08863
1.66809 2.19464 0.358933
1.82905 1.04201 1.85947
1.75687 1.75926 1.12555
1.77926 0.323662 2.69844
1.55133 2.52146 0.211652
1.77408 1.3626 1.8724
1.66331 2.11296 1.03193
1.74101 0.582823 2.82224
1.54775 2.49841 0.636473
1.72922 1.07797 2.5462
1.65524 1.96571 1.63008
1.62611 0.16956 3.48513
1.33779 2.97262 0.140238
1.63771 1.79092 2.15737
1.47726 2.59657 1.09505
1.61091 0.847472 3.32233
1.33051 2.95895 0.614182
1.5833 1.44604 2.95689
1.46646 2.4465 1.78542
1.46757 0.317544 4.04938
1.1696 3.23456 0.395575
1.48117 1.86532 2.90437
1.31644 2.8225 1.57719
1.39701 0.676603 4.17297
1.15646 3.19821 0.978595
1.38244 1.37941 3.81152
1.28734 2.59503 2.43766
1.19916 0.0442029 4.80219
0.858954 3.61275 0.0115995
1.20824 2.62799 2.7076
0.989586 3.38729 1.17419
1.19141 1.38929 4.3464
0.829485 3.62155 0.552059
1.12418 2.17236 3.74386
0.954765 3.24858 2.01477
0.998268 0.674694 5.10039
0.667588 3.76623 0.284158
0.958242 2.62967 3.49071
0.77113 3.52172 1.65797
0.880181 1.11892 5.12033
0.621306 3.75374 0.910813
0.827829 1.9981 4.56697
0.704932 3.30046 2.65059
0.664444 0.323361 5.63889
0.425077 3.90751 0.159078
0.634325 2.99282 3.49756
0.479357 3.74876 1.52292
0.568565 1.42722 5.33982
0.363319 3.90052 0.765677
0.49628 2.34198 4.63132
0.393723 3.54816 2.50701
0.376593 0.546733 5.83575
0.23344 3.96185 0.445355
0.326933 2.78146 4.19965
0.234896 3.73607 2.02568
0.236252 1.00373 5.76503
0.149249 3.9154 1.14524
0.167982 1.95858 5.20769
0.120558 3.41363 3.10738
0.0807249 0.140126 5.9917
0.0314384 3.99926 0.0932423
0.0175734 3.2274 3.54487
