2.00002 3.95768e-05 0.000125958
0.000317968 4.00002 8.15805e-05
0.000287115 9.11259e-05 6.00002
1.99948 0.076509 0.0771828
1.99705 0.212562 0.0706607
1.99717 0.0951622 0.2864
1.98949 0.408121 0.056752
1.99414 0.205033 0.341736
1.98906 0.388455 0.23235
1.98927 0.0867145 0.607394
1.96815 0.710497 0.0470972
1.98553 0.364625 0.46948
1.97381 0.617923 0.279813
1.98057 0.181836 0.788874
1.95503 0.833833 0.192209
1.97635 0.345736 0.760329
1.96543 0.657515 0.511454
1.962 0.075077 1.1589
1.90344 1.22771 0.0393457
1.95881 0.644495 0.730468
1.92896 1.02249 0.400588
1.95379 0.330493 1.18281
1.89044 1.29607 0.239468
1.94627 0.569265 1.08626
1.92078 1.01427 0.693869
1.92399 0.165483 1.61973
1.83058 1.60749 0.166274
1.92267 0.789028 1.15328
1.87836 1.29705 0.679207
1.90514 0.325481 1.75959
1.82224 1.62083 0.452676
1.9 0.631838 1.6164
1.87039 1.22086 1.07793
1.8488 0.0707452 2.28622
1.67532 2.18474 0.0325297
1.85182 1.23244 1.31156
1.76123 1.84276 0.665514
1.84741 0.639018 2.08937
1.66782 2.19468 0.3591
1.82887 1.04242 1.85914
1.75649 1.75932 1.12668
1.77885 0.330851 2.69732
1.55106 2.52129 0.213533
1.77323 1.36599 1.87171
1.66308 2.11286 1.0315
1.74067 0.585158 2.82151
1.54716 2.49924 0.635573
1.72844 1.07675 2.55042
1.65483 1.96658 1.62878
1.62543 0.170815 3.48671
1.3378 2.97187 0.145707
1.63714 1.79006 2.16098
1.47676 2.59677 1.09606
1.61029 0.847512 3.32383
1.33043 2.95856 0.613066
1.58272 1.44532 2.95915
1.4663 2.44636 1.78463
1.46677 0.34035 4.04699
1.16943 3.23421 0.396855
1.48064 1.86368 2.90786
1.316 2.82145 1.58195
1.39613 0.682786 4.1725
1.15629 3.19799 0.978747
1.38222 1.37894 3.81259
1.28751 2.59451 2.43638
1.19909 0.00548891 4.8021
0.85903 3.61223 0.0283933
1.20818 2.62621 2.71075
0.989584 3.38664 1.17518
1.19138 1.38878 4.34587
0.829659 3.62101 0.552014
1.12405 2.17191 3.74413
0.954699 3.24829 2.0146
0.998989 0.676756 5.09803
0.667385 3.766 0.284677
0.958738 2.62904 3.4897
0.770603 3.52154 1.65934
0.879477 1.12137 5.11977
0.622402 3.75267 0.910121
0.827596 2.00029 4.56521
0.706384 3.29997 2.6472
0.665542 0.325998 5.63691
0.424928 3.90727 0.158828
0.633707 2.99225 3.49885
0.47879 3.74846 1.52404
0.570449 1.42702 5.33809
0.360928 3.90126 0.763786
0.497532 2.34204 4.62957
0.394378 3.54767 2.50645
0.376235 0.548403 5.83522
0.232685 3.96164 0.447508
0.324895 2.78184 4.20002
0.234642 3.73607 2.02459
0.23838 1.00435 5.76364
0.148424 3.91505 1.14675
0.170487 1.95934 5.20625
0.119934 3.41336 3.10769
0.0797455 0.143537 5.99138
0.0306779 3.99904 0.0951483
0.000676199 3.22745 3.54489
