2.09419 0.226517
0.158436 4.09326
2.09419 0.226517
2.09419 0.226517
2.09419 0.226517
2.09276 0.295355
2.09222 0.315738
2.09163 0.336156
2.09085 0.361635
2.09003 0.384741
2.08911 0.409513
2.08816 0.433701
2.08705 0.457883
2.08588 0.482393
2.08461 0.508005
2.08328 0.532439
2.08178 0.559608
2.0801 0.587073
2.0783 0.615132
2.07642 0.643392
2.07438 0.671997
2.07213 0.701762
2.06977 0.732058
2.06722 0.762981
2.06448 0.794292
2.06154 0.826859
2.0584 0.859812
2.05506 0.893576
2.05148 0.927847
2.04762 0.963357
2.04349 0.999436
2.03912 1.03654
2.03451 1.07399
2.02948 1.11292
2.02421 1.15205
2.0186 1.19243
2.01253 1.23393
2.00617 1.27591
1.99935 1.3193
1.99212 1.36326
1.98448 1.40812
1.97634 1.45409
1.96777 1.50066
1.9586 1.54881
1.94888 1.59757
1.93857 1.64739
1.92767 1.69806
1.91609 1.75006
1.90388 1.80286
1.89102 1.85642
1.87737 1.91104
1.86306 1.96604
1.84784 2.0228
1.8317 2.08013
1.8149 2.13775
1.79707 2.19666
1.77825 2.25656
1.75863 2.31639
1.7379 2.37729
1.71616 2.43865
1.69341 2.50028
1.66957 2.56238
1.64451 2.62495
1.61864 2.68711
1.59142 2.7498
1.56319 2.81213
1.53364 2.87482
1.50293 2.93687
1.47117 2.99838
1.43816 3.0596
1.40407 3.11992
1.36879 3.17964
1.33283 3.23758
1.29533 3.29523
1.25696 3.35143
1.21789 3.4059
1.17733 3.45955
1.13643 3.51059
1.0947 3.56001
1.05244 3.60758
1.00933 3.65327
0.965405 3.69696
0.921071 3.73845
0.876775 3.77737
0.831569 3.81444
0.786726 3.8486
0.741771 3.88056
0.696612 3.9102
0.651384 3.93763
0.606409 3.96255
0.561477 3.98512
0.516921 4.00536
0.472635 4.02348
0.428943 4.03928
0.385491 4.05298
0.342802 4.06451
0.300464 4.0742
0.258502 4.08194
0.217654 4.08777
0.177561 4.09187
