2.09517 0.147312
0.158495 4.09326
2.09517 0.147312
2.09493 0.174798
2.09469 0.195589
2.0944 0.216385
2.09401 0.239644
2.09358 0.261945
2.09318 0.280436
2.09246 0.307323
2.09181 0.330716
2.09105 0.354733
2.09023 0.379138
2.0893 0.40405
2.08827 0.42947
2.08714 0.455501
2.08589 0.482071
2.08453 0.509108
2.08303 0.536986
2.0814 0.565373
2.07963 0.594434
2.07771 0.624129
2.07562 0.654496
2.07336 0.685562
2.07093 0.717352
2.06831 0.749788
2.06547 0.783099
2.06243 0.817078
2.05916 0.851861
2.05565 0.88745
2.05188 0.923862
2.04785 0.961112
2.04353 0.999225
2.0389 1.0382
2.03396 1.07806
2.02868 1.11883
2.02303 1.16053
2.01702 1.20317
2.0106 1.24675
2.00377 1.29131
1.99647 1.33685
1.98873 1.38334
1.98048 1.43089
1.97171 1.47942
1.96238 1.52895
1.95248 1.57952
1.94198 1.63109
1.93082 1.68365
1.919 1.73722
1.90646 1.79179
1.8932 1.84732
1.87916 1.90383
1.86431 1.96127
1.84861 2.01958
1.83205 2.07878
1.81458 2.13878
1.79614 2.19957
1.77674 2.26106
1.75631 2.32319
1.73486 2.38588
1.71232 2.44914
1.68868 2.51273
1.66392 2.57666
1.638 2.64083
1.61092 2.70509
1.58267 2.76933
1.55322 2.83343
1.52259 2.89726
1.49075 2.96067
1.45773 3.02354
1.42354 3.08571
1.3882 3.14705
1.35175 3.20736
1.31418 3.26654
1.27557 3.32443
1.23596 3.38088
1.19539 3.43578
1.15394 3.48891
1.11166 3.54023
1.06864 3.58958
1.02494 3.63686
0.980617 3.68198
0.935825 3.72485
0.890603 3.76541
0.845033 3.80355
0.799218 3.8393
0.753268 3.87259
0.707244 3.90341
0.661241 3.93176
0.615345 3.95768
0.569632 3.98113
0.524211 4.0022
0.479121 4.02091
0.434432 4.03733
0.390232 4.05152
0.346559 4.06356
0.303515 4.07353
0.261055 4.0815
0.219292 4.08757
0.17832 4.09181
