0.6413  1.64044  0.203489  4.02509  5.94225  2.31293  12.9556  15.5291  7.76944  3.79372  4.92329  11.6033  19.0395  22.6136  22.3554  21.7237  15.824  31.1467  11.3889  5.81276  11.316  40.5191  22.1125  4.9458  0.32065  0.41011  0.0339149  0.503136  0.594225  0.192744  0.925397  0.970571  0.431636  0.189686  0.223786  0.48347  0.732287  0.807629  0.745182  0.678867  0.465413  0.865186  0.299708  0.145319  0.269428  0.920888  0.480706  0.103037  
0.826816  1.70074  1.15675  6.8785  9.39664  10.2208  10.0947  8.48566  10.1673  0.0895099  16.9522  1.46932  5.83196  9.52029  25.5724  9.3481  27.4505  19.2002  28.4796  14.7881  28.4359  15.2935  37.9648  23.0333  0.413408  0.425186  0.192792  0.859812  0.939664  0.851736  0.721047  0.530353  0.564851  0.0044755  0.770553  0.0612219  0.224306  0.34001  0.852415  0.292128  0.807367  0.53334  0.749464  0.369701  0.677045  0.347579  0.825323  0.479861  
1.5906  3.66185  3.27356  4.14436  9.76865  6.43448  3.18901  13.5909  6.19982  16.2071  6.7361  9.56914  24.7826  22.903  26.0557  12.0193  23.0458  18.8235  32.4687  16.9807  30.5212  23.4804  30.2021  39.5244  0.795299  0.915462  0.545594  0.518045  0.976865  0.536207  0.227787  0.849428  0.344434  0.810356  0.306186  0.398714  0.953175  0.817964  0.868523  0.375603  0.677816  0.522876  0.854441  0.424517  0.726696  0.533645  0.656568  0.823424  
0.272194  3.57428  0.288303  2.67432  1.18116  5.76348  12.9222  4.73655  3.45816  4.87321  19.6217  8.46453  22.2926  5.93112  22.3188  13.9667  10.218  31.4473  19.6892  26.1821  41.2045  24.3024  35.9754  30.794  0.136097  0.893569  0.0480504  0.33429  0.118116  0.48029  0.923013  0.296034  0.19212  0.243661  0.891895  0.352689  0.857407  0.211826  0.743961  0.43646  0.30053  0.873536  0.518136  0.654553  0.981059  0.552327  0.782074  0.641542  
1.50347  1.53687  4.7458  7.03369  9.5479  2.9275  11.844  7.26605  8.94997  0.37401  14.0182  18.3438  25.3414  20.0509  10.3752  7.48533  23.7221  29.6488  18.6676  13.3735  5.24092  13.4947  28.3303  16.6641  0.751733  0.384218  0.790967  0.879211  0.95479  0.243958  0.846002  0.454128  0.497221  0.0187005  0.637193  0.764327  0.974668  0.716103  0.345839  0.233917  0.69771  0.823577  0.491252  0.334339  0.124784  0.306698  0.615875  0.347168  
1.04938  2.16967  5.42024  1.38758  3.60724  11.6229  11.908  13.7435  9.54334  17.3065  8.63227  9.62306  13.0748  20.3898  13.1711  6.64645  17.495  13.9484  6.59804  13.2201  7.76819  31.0423  5.97178  25.2903  0.524689  0.542417  0.903374  0.173448  0.360724  0.968573  0.850574  0.858966  0.530186  0.865323  0.392376  0.400961  0.502876  0.728207  0.439037  0.207702  0.514558  0.387457  0.173633  0.330501  0.184957  0.705507  0.129821  0.52688  
0.345213  0.114193  3.4233  4.64348  9.45186  7.06541  1.48424  1.4161  13.5167  12.6974  11.7577  10.3275  4.32243  21.3467  5.39201  26.6785  33.4461  0.39857  7.91651  31.2956  18.6884  12.5182  1.40274  35.8033  0.172607  0.0285482  0.570549  0.580435  0.945186  0.588784  0.106017  0.0885063  0.750927  0.63487  0.534439  0.430312  0.166247  0.762381  0.179734  0.833703  0.983708  0.0110714  0.208329  0.78239  0.444961  0.284505  0.0304943  0.745902  
0.847947  1.05805  0.583939  4.13187  9.57049  0.326114  6.96345  14.1476  8.70351  18.0778  11.9577  3.08959  5.0724  15.1292  19.6328  26.8766  22.2925  9.79476  23.6317  0.888092  34.3829  18.0568  32.0649  25.5188  0.423974  0.264512  0.0973231  0.516484  0.957049  0.0271762  0.497389  0.884227  0.483528  0.903892  0.543531  0.128733  0.195092  0.54033  0.654427  0.839893  0.655661  0.272077  0.621886  0.0222023  0.81864  0.410382  0.697064  0.531642  
1.76387  2.45299  1.61948  4.83925  5.93189  11.9787  7.97625  13.9918  3.71  4.94082  17.1166  8.87929  22.1635  1.95677  11.4758  24.9252  9.45516  35.2887  1.70807  1.84441  12.62  9.47666  44.2311  22.3629  0.881936  0.613248  0.269914  0.604906  0.593189  0.998226  0.569732  0.874489  0.206111  0.247041  0.778029  0.36997  0.852442  0.0698846  0.382526  0.778911  0.278093  0.980243  0.0449493  0.0461103  0.300475  0.215379  0.961545  0.465893  
1.49178  1.13361  2.14482  6.16385  8.60101  9.82496  11.9823  1.24424  1.88668  11.6576  3.13878  16.9276  23.3977  17.4899  10.526  28.5022  15.5606  5.65235  25.314  25.933  1.4133  42.6458  41.8105  29.1616  0.745888  0.283403  0.357469  0.770481  0.860101  0.818747  0.855878  0.0777648  0.104815  0.582882  0.142672  0.705318  0.899913  0.624639  0.350866  0.890695  0.457666  0.15701  0.666157  0.648324  0.0336499  0.969222  0.908924  0.607533  
1.75728  2.38342  4.00318  4.64215  4.76396  9.73295  8.51506  14.5692  2.69904  14.6131  13.2078  22.9954  13.5643  17.5319  19.1822  5.86912  3.99591  8.22913  32.3777  27.6645  24.3273  5.89417  2.59245  36.5071  0.878641  0.595855  0.667197  0.580269  0.476396  0.811079  0.608219  0.910573  0.149947  0.730653  0.600353  0.958142  0.521703  0.626141  0.639406  0.18341  0.117527  0.228587  0.852046  0.691613  0.57922  0.133958  0.0563577  0.760564  
1.21977  2.99404  2.98922  4.48196  3.91927  0.275981  8.71212  7.7425  16.5923  11.5679  3.97441  12.251  5.01604  1.15338  20.3627  13.9466  29.0979  24.9806  15.0864  1.35913  15.9101  22.1199  43.8856  3.93892  0.609885  0.74851  0.498204  0.560245  0.391927  0.0229984  0.622295  0.483906  0.921794  0.578395  0.180655  0.510457  0.192925  0.0411921  0.678756  0.435832  0.855819  0.693906  0.397011  0.0339783  0.378811  0.502725  0.954034  0.0820608  
0.553403  2.19064  4.11574  4.95296  7.62604  10.3682  8.19627  7.98658  10.4437  11.1887  0.0312384  23.6371  21.3114  11.878  0.406205  22.9818  17.724  5.32929  4.69852  34.6588  19.9684  32.4552  36.4132  9.45601  0.276702  0.547659  0.685957  0.61912  0.762604  0.864015  0.585448  0.499161  0.580205  0.559433  0.00141993  0.984878  0.819668  0.424215  0.0135402  0.718183  0.521294  0.148036  0.123645  0.866469  0.475438  0.737619  0.791591  0.197  
1.47226  1.08316  0.237766  5.26629  7.77257  11.5619  8.79478  12.3968  2.44276  10.1087  13.2344  9.71958  22.836  8.49391  22.7132  25.697  27.8776  10.5177  18.3333  33.6068  34.9849  9.91291  30.2266  31.5471  0.736129  0.27079  0.0396276  0.658287  0.777257  0.963488  0.628198  0.774797  0.135709  0.505435  0.601564  0.404982  0.878309  0.303354  0.757108  0.803031  0.819929  0.292159  0.482456  0.84017  0.832973  0.225293  0.6571  0.657232  
1.24226  2.27538  0.612457  6.18872  1.43733  0.386596  11.0835  7.27135  0.347371  17.3716  0.389824  1.8691  5.07792  12.21  29.1138  19.5713  2.66977  28.8279  33.3694  1.27177  36.3941  7.54861  12.2783  29.423  0.621132  0.568846  0.102076  0.77359  0.143733  0.0322164  0.791681  0.454459  0.0192984  0.868581  0.0177193  0.0778792  0.195305  0.43607  0.970461  0.611603  0.0785226  0.800776  0.878142  0.0317943  0.866527  0.171559  0.26692  0.612978  
0.898645  1.33987  3.92512  7.13132  7.89537  10.9135  8.64985  6.00903  11.5604  15.2676  18.2081  8.90604  0.711591  6.16313  0.154409  8.8797  20.0005  25.7316  27.0671  33.3118  9.53371  32.7755  2.71941  43.7115  0.449322  0.334967  0.654187  0.891415  0.789537  0.90946  0.617846  0.375564  0.642245  0.763382  0.827643  0.371085  0.0273689  0.220112  0.00514697  0.277491  0.58825  0.714766  0.712292  0.832795  0.226993  0.744897  0.0591177  0.910655  
0.339789  3.32187  3.01422  5.26284  9.89951  9.73893  11.5211  11.3873  9.76022  12.3226  13.9183  6.95675  1.43042  12.7452  19.2459  15.532  31.5248  35.0777  24.3688  26.8074  16.4413  4.93359  25.4758  46.074  0.169895  0.830469  0.502371  0.657855  0.989951  0.811578  0.822935  0.711704  0.542234  0.616131  0.63265  0.289865  0.0550163  0.455184  0.64153  0.485374  0.927201  0.974381  0.641283  0.670185  0.391459  0.112127  0.553822  0.959875  
1.10788  0.433568  5.89605  4.01482  7.84401  10.0894  8.97862  2.98284  9.55338  13.7531  1.80509  13.9584  3.9013  25.2592  29.0556  26.0345  13.5477  8.78528  0.610844  30.4697  36.1551  22.5057  24.7016  17.4108  0.55394  0.108392  0.982676  0.501852  0.784401  0.840781  0.64133  0.186428  0.530743  0.687656  0.0820495  0.581601  0.15005  0.902113  0.96852  0.81358  0.398462  0.244036  0.0160748  0.761742  0.860837  0.511492  0.53699  0.362726  
1.17834  2.34256  2.06304  2.50813  5.01424  11.16  7.77347  12.257  11.7726  0.449214  6.34268  16.0605  19.632  6.88003  21.2088  16.1713  21.5941  34.0653  13.19  26.1445  17.9882  20.71  7.24634  8.00092  0.58917  0.585639  0.34384  0.313516  0.501424  0.93  0.555248  0.766063  0.654031  0.0224607  0.288304  0.669188  0.755076  0.245715  0.706959  0.505354  0.635119  0.946259  0.347105  0.653612  0.428291  0.470681  0.157529  0.166686  
1.36842  3.37221  5.08893  6.79265  1.19363  6.60631  11.2471  15.6398  6.53781  15.78  5.56269  16.4757  11.6319  26.0058  16.6969  13.4583  10.1423  24.3901  13.2413  0.446993  39.1751  1.98042  40.155  43.7751  0.684212  0.843054  0.848156  0.849081  0.119363  0.550526  0.803364  0.977486  0.363212  0.788999  0.25285  0.686489  0.44738  0.928779  0.556562  0.420573  0.298304  0.677502  0.348455  0.0111748  0.93274  0.0450096  0.872935  0.911982  
1.03378  3.44312  2.91057  0.568376  4.21543  3.1187  10.5632  7.2724  10.4948  7.84661  15.9916  15.6289  2.18155  27.2057  25.8948  19.7453  11.0215  35.1476  6.1882  3.46222  26.5028  31.3302  30.9392  43.9408  0.51689  0.860779  0.485095  0.071047  0.421543  0.259892  0.754515  0.454525  0.583043  0.392331  0.726893  0.651203  0.0839058  0.971633  0.86316  0.61704  0.324162  0.976322  0.162847  0.0865555  0.631018  0.712051  0.672592  0.915432  
0.662743  0.915754  0.866197  7.87418  3.96886  6.11531  11.7631  3.6188  13.8702  17.7698  20.957  9.16884  2.84558  24.9336  21.3637  17.9838  13.8463  26.0688  37.2778  18.2816  0.148731  31.7427  45.9509  35.9854  0.331371  0.228938  0.144366  0.984272  0.396886  0.509609  0.840219  0.226175  0.770569  0.888489  0.952593  0.382035  0.109445  0.890485  0.712125  0.561993  0.407246  0.724134  0.980994  0.457039  0.00354122  0.721426  0.998933  0.749696  
1.71144  2.76743  4.01048  2.96606  0.372058  1.39294  13.1102  5.50325  3.23048  1.16373  1.36884  2.13759  21.0995  4.97684  9.52325  23.1847  3.34657  28.1994  4.12872  18.7805  41.9154  12.8655  44.4191  20.1074  0.85572  0.691859  0.668413  0.370757  0.0372058  0.116078  0.936442  0.343953  0.179471  0.0581863  0.0622201  0.0890664  0.81152  0.177744  0.317442  0.724521  0.0984285  0.783316  0.10865  0.469513  0.997987  0.292397  0.965632  0.418903  
0.0857217  3.5607  3.3341  6.10809  7.2551  1.31205  12.414  1.04181  2.21305  16.2814  16.7363  19.3709  13.5644  13.3394  8.06882  0.847859  4.51506  2.02581  20.7034  35.8275  40.2493  15.3614  10.7162  29.0589  0.0428609  0.890175  0.555684  0.763511  0.72551  0.109338  0.886711  0.0651128  0.122947  0.814068  0.760739  0.807119  0.521708  0.476406  0.268961  0.0264956  0.132796  0.0562724  0.544827  0.895688  0.958316  0.349124  0.232961  0.605394  
0.87673  2.61043  5.70609  2.40611  2.67141  2.22228  9.35041  5.47174  3.95036  12.789  1.09311  16.1876  5.26845  15.1446  28.2147  1.66741  19.4233  14.7137  12.0304  24.8974  24.8505  37.6744  30.5496  20.0259  0.438365  0.652608  0.951014  0.300764  0.267141  0.18519  0.667886  0.341984  0.219464  0.639451  0.0496867  0.674485  0.202633  0.540878  0.940491  0.0521067  0.571272  0.408713  0.31659  0.622434  0.591678  0.856236  0.664122  0.417206  
1.59141  3.2617  2.89666  2.42344  4.11123  2.37446  8.39546  0.640978  11.9209  3.39735  14.5837  2.61519  12.4829  20.2283  0.294107  20.2036  33.228  29.5404  13.1377  28.5187  11.8378  21.8412  6.51689  6.4856  0.795704  0.815424  0.482777  0.30293  0.411123  0.197871  0.599676  0.0400611  0.662272  0.169867  0.662897  0.108966  0.480113  0.72244  0.00980356  0.631361  0.977295  0.820566  0.345728  0.712968  0.281851  0.496392  0.141671  0.135117  
0.135942  0.233301  5.15763  0.659279  7.44262  3.92483  11.9528  14.6514  9.82095  12.4283  10.1291  23.5483  4.63276  19.9825  22.1518  23.614  31.2378  9.38455  19.6247  8.06516  23.2696  30.6508  41.2043  41.6178  0.0679711  0.0583252  0.859604  0.0824099  0.744262  0.327069  0.853772  0.915712  0.545608  0.621414  0.460413  0.981177  0.178183  0.71366  0.738392  0.737938  0.918758  0.260682  0.516438  0.201629  0.554038  0.696609  0.895746  0.867037  
1.05053  2.05982  1.91778  3.33521  4.6625  4.794  9.99602  0.121187  5.61335  5.89979  12.8025  10.622  10.2053  18.2427  26.5672  7.65491  32.1214  28.9653  2.12816  23.4198  21.7339  5.45217  31.8721  18.4625  0.525266  0.514955  0.31963  0.416902  0.46625  0.3995  0.714002  0.00757417  0.311853  0.294989  0.581933  0.442583  0.392513  0.651526  0.885574  0.239216  0.944746  0.804592  0.0560042  0.585494  0.517475  0.123913  0.692871  0.384636  
1.11445  3.17199  5.38784  2.54269  2.2538  2.19354  13.9713  2.01927  6.81194  13.0987  4.64133  12.6245  12.9533  0.111254  7.42664  31.5509  16.6007  1.37787  24.4321  39.3494  19.4561  24.5159  21.5917  8.07622  0.557226  0.792997  0.897974  0.317836  0.22538  0.182795  0.997947  0.126204  0.378441  0.654934  0.210969  0.526022  0.498203  0.00397336  0.247555  0.985967  0.488257  0.0382742  0.642949  0.983734  0.46324  0.55718  0.469384  0.168255  
1.99972  1.86165  5.31093  2.52665  7.01801  1.73087  4.74431  15.2853  16.0364  1.92692  15.7236  3.70042  14.0589  4.05554  5.10536  1.4064  2.37005  29.7945  10.2751  2.6682  9.4043  18.7403  0.515293  42.5848  0.999862  0.465413  0.885155  0.315832  0.701801  0.144239  0.33888  0.95533  0.890911  0.096346  0.714708  0.154184  0.540727  0.144841  0.170179  0.04395  0.0697074  0.827626  0.270398  0.0667049  0.223912  0.425917  0.011202  0.887183  
1.90235  0.935185  4.74985  5.4099  3.63454  4.67  10.7796  12.9277  6.75782  8.2087  4.99668  18.7879  25.5849  15.3357  21.0912  21.3237  27.235  24.5777  23.0902  13.8829  7.6419  16.2169  30.4119  30.3798  0.951176  0.233796  0.791641  0.676238  0.363454  0.389166  0.769969  0.807979  0.375434  0.410435  0.227122  0.782831  0.984036  0.547704  0.703041  0.666366  0.801028  0.682714  0.607638  0.347073  0.18195  0.368567  0.661128  0.632912  
0.31812  0.721743  0.615234  0.0767374  5.55661  8.55225  11.1365  2.71502  0.965332  18.2559  12.5085  10.0015  13.5574  4.1  21.824  29.505  25.3456  19.1548  36.1193  8.47905  40.7533  22.7208  17.1947  31.6773  0.15906  0.180436  0.102539  0.00959218  0.555661  0.712687  0.795462  0.169689  0.0536295  0.912795  0.568568  0.416727  0.52144  0.146429  0.727466  0.922032  0.745458  0.532079  0.950508  0.211976  0.970317  0.516382  0.373797  0.659943  
0.976611  3.35387  1.1204  3.68516  6.6495  6.47368  2.86697  11.01  5.00912  19.1845  12.5752  23.0932  17.1574  20.9308  28.2529  2.94056  0.323665  28.0504  6.36481  17.8198  8.00122  7.07858  1.03216  22.7645  0.488306  0.838468  0.186733  0.460645  0.66495  0.539473  0.204784  0.688126  0.278285  0.959223  0.571598  0.962218  0.659899  0.74753  0.941762  0.0918925  0.00951956  0.779177  0.167495  0.445494  0.190505  0.160877  0.0224383  0.474261  
1.3268  0.728753  4.42714  7.1541  4.01222  0.0942491  7.01922  1.28901  17.6363  12.1607  19.3114  18.3079  20.5274  18.6405  1.11374  24.5799  4.9418  30.8784  2.01784  38.3179  19.8805  9.19375  43.4166  37.0124  0.663398  0.182188  0.737857  0.894263  0.401222  0.00785409  0.501373  0.080563  0.979795  0.608034  0.877792  0.762831  0.789515  0.665734  0.0371248  0.76812  0.145347  0.857733  0.0531012  0.957948  0.473345  0.208949  0.94384  0.771092  
0.81611  0.262602  1.43878  3.77219  7.9902  9.56776  12.6927  11.3564  8.25419  14.2263  9.55322  20.2704  24.2614  20.1732  25.2064  22.4942  4.7606  9.17654  27.4741  33.668  36.9434  13.8325  24.4732  5.03456  0.408055  0.0656505  0.239796  0.471523  0.79902  0.797313  0.906622  0.709773  0.458566  0.711315  0.434237  0.844598  0.93313  0.720472  0.840213  0.702945  0.140018  0.254904  0.723003  0.841701  0.879606  0.314376  0.532026  0.104887  
0.442975  3.00398  1.63113  0.682428  7.72233  9.66881  3.19817  4.5677  2.99833  3.49298  5.72965  9.28792  24.3944  16.6209  3.50403  22.6164  13.4548  21.5278  10.0681  26.2984  29.8829  35.8274  4.98419  6.23983  0.221488  0.750996  0.271854  0.0853034  0.772233  0.805734  0.228441  0.285481  0.166574  0.174649  0.260439  0.386997  0.938246  0.593603  0.116801  0.706764  0.395729  0.597994  0.26495  0.657459  0.711499  0.81426  0.108352  0.129997  
1.89698  3.48925  1.48425  5.3417  3.21114  4.96992  4.67139  4.08662  9.10687  3.67441  11.2498  2.26958  18.1564  18.256  17.2433  0.767727  23.1269  17.9661  16.1151  38.1052  26.5479  19.1203  19.2231  15.1894  0.948492  0.872312  0.247375  0.667713  0.321114  0.41416  0.333671  0.255414  0.505937  0.183721  0.511356  0.094566  0.698323  0.652001  0.574777  0.0239915  0.680204  0.499057  0.42408  0.952631  0.632094  0.434552  0.417894  0.316446  
1.18709  2.5339  1.67116  7.73971  3.31749  11.4729  10.4826  4.76841  8.37777  0.465348  16.6949  17.4606  20.6828  16.9918  23.9218  2.35565  32.5639  24.4979  0.189358  1.01417  22.9135  34.874  2.30787  36.2162  0.593545  0.633476  0.278527  0.967463  0.331749  0.956074  0.748759  0.298026  0.465432  0.0232674  0.758857  0.727525  0.795494  0.606852  0.797394  0.073614  0.957762  0.680496  0.00498312  0.0253542  0.545561  0.79259  0.050171  0.754504  
0.741753  2.20132  5.79816  2.68919  0.434028  3.74775  6.25375  14.3079  4.1505  16.3325  7.49863  0.237178  12.4654  26.538  18.4454  18.5918  8.5281  20.8849  35.9075  24.5397  31.1343  27.6814  44.7269  32.5568  0.370877  0.550329  0.966359  0.336149  0.0434028  0.312312  0.446696  0.894241  0.230584  0.816626  0.340847  0.00988242  0.479437  0.947785  0.614847  0.580993  0.250826  0.580137  0.944934  0.613492  0.741292  0.629123  0.972325  0.678267  
1.04229  0.908206  1.05827  5.87478  1.86893  6.29619  2.11714  13.4496  14.5267  8.77429  3.41571  16.8266  14.8021  5.04404  25.6596  8.09037  28.1034  18.1257  1.11366  12.7182  15.7314  28.3012  12.1744  34.6551  0.521147  0.227052  0.176378  0.734348  0.186893  0.524682  0.151225  0.840601  0.80704  0.438714  0.15526  0.70111  0.56931  0.180144  0.855319  0.252824  0.826571  0.503492  0.0293069  0.317956  0.374557  0.64321  0.264661  0.721981  
0.868425  1.06078  5.91355  5.04731  2.89726  0.907523  5.41355  2.86264  4.36103  8.79812  10.2634  21.6283  7.77495  8.06287  11.2453  12.2254  4.98468  33.6328  8.57828  6.38914  7.86804  4.5346  33.8397  27.505  0.434213  0.265196  0.985592  0.630914  0.289726  0.0756269  0.386682  0.178915  0.24228  0.439906  0.46652  0.901178  0.299036  0.28796  0.374843  0.382045  0.146608  0.934245  0.225744  0.159728  0.187334  0.103059  0.735645  0.573021  
0.677335  2.83237  4.98949  0.515336  0.392009  9.32736  0.655039  11.2089  12.5512  17.6459  19.5524  6.65665  14.534  10.3608  22.6641  25.0947  8.20075  12.0115  25.7425  7.22938  22.0709  29.96  0.773943  37.9481  0.338667  0.708093  0.831581  0.064417  0.0392009  0.77728  0.0467885  0.700557  0.69729  0.882293  0.888746  0.277361  0.559002  0.370029  0.755469  0.784209  0.241199  0.333651  0.677435  0.180734  0.525497  0.68091  0.0168249  0.790585  
0.940783  1.39337  2.27092  7.04594  8.14542  4.38125  3.11144  10.0848  6.92696  14.0955  11.707  1.75391  7.1882  0.627039  11.4191  17.9802  32.7384  28.9952  37.3575  36.655  34.4099  17.3996  33.4485  26.8665  0.470392  0.348342  0.378487  0.880742  0.814542  0.365104  0.222246  0.6303  0.384831  0.704773  0.532134  0.0730797  0.276469  0.0223943  0.380638  0.561883  0.962894  0.805422  0.983091  0.916376  0.819282  0.395446  0.727142  0.559719  
1.22828  2.12465  4.42602  7.85054  3.09727  11.0706  6.89019  2.8366  9.63462  16.5943  8.87499  8.99914  9.23784  1.95539  15.5113  26.206  19.5293  24.941  23.2371  30.6469  15.6089  26.7536  42.3092  24.7354  0.614139  0.531164  0.73767  0.981317  0.309727  0.92255  0.492156  0.177287  0.535257  0.829713  0.403409  0.374964  0.355301  0.0698353  0.517044  0.818937  0.574392  0.692806  0.611503  0.766172  0.371641  0.608036  0.919765  0.515321  
1.8085  0.0567371  2.69566  6.01109  2.23038  3.53959  11.3912  5.33136  12.6552  10.9815  14.3233  17.745  3.13846  10.9087  24.2176  11.4654  28.826  23.2537  5.28146  35.8675  23.2692  15.6056  27.5472  17.9556  0.904248  0.0141843  0.449276  0.751387  0.223038  0.294966  0.813654  0.33321  0.703064  0.549073  0.651057  0.739375  0.12071  0.389597  0.807252  0.358292  0.847823  0.645935  0.138986  0.896686  0.554029  0.354674  0.598851  0.374074  
1.35995  3.57536  1.11333  3.3514  5.21606  7.32215  9.00165  12.9108  17.6171  5.37974  8.5468  4.98357  20.8833  26.4728  7.37001  25.5569  27.6371  19.5768  24.2573  15.667  10.8226  29.9638  28.5149  34.0517  0.679977  0.893839  0.185555  0.418925  0.521606  0.610179  0.642975  0.806927  0.978727  0.268987  0.388491  0.207649  0.803205  0.945458  0.245667  0.798654  0.812856  0.543801  0.638351  0.391676  0.257681  0.680996  0.619888  0.709411  
1.91982  0.832107  1.22679  5.37794  1.42592  3.87941  7.07815  5.26766  10.1232  19.3038  19.0886  17.7132  9.90213  2.5888  3.16279  23.3763  32.7658  24.5787  25.1806  28.1867  20.7587  13.1527  6.66027  6.17375  0.95991  0.208027  0.204466  0.672243  0.142592  0.323285  0.505582  0.329229  0.562402  0.965192  0.867666  0.738052  0.380851  0.0924571  0.105426  0.73051  0.9637  0.682742  0.662646  0.704668  0.494256  0.298925  0.144788  0.12862  
0.732968  3.7128  0.0931764  4.70675  3.85475  6.64886  10.0098  7.48678  12.0644  8.5284  14.357  16.3472  5.2869  6.45969  25.828  8.80247  7.37279  25.4058  33.6977  15.3464  20.5708  23.7551  28.8546  2.78169  0.366484  0.9282  0.0155294  0.588344  0.385475  0.554071  0.714986  0.467924  0.670245  0.42642  0.652592  0.681131  0.203342  0.230703  0.860935  0.275077  0.216847  0.705717  0.886783  0.38366  0.48978  0.53989  0.627274  0.0579519  
0.93582  3.5706  5.72018  2.51662  3.72677  11.269  1.22478  7.47664  8.1326  15.72  12.0909  8.38505  21.1376  6.42286  28.6094  4.14412  0.448059  28.2998  33.0647  32.5702  34.3137  39.1575  35.0754  26.7927  0.46791  0.892649  0.953363  0.314578  0.372677  0.939086  0.0874841  0.46729  0.451811  0.785999  0.549585  0.349377  0.812985  0.229388  0.953647  0.129504  0.0131782  0.786105  0.870125  0.814256  0.816992  0.889943  0.762508  0.558182  
0.502949  2.0365  4.25063  5.52447  1.34536  4.18812  13.4685  12.7989  12.7969  11.6407  18.9609  14.49  15.7155  25.0214  29.3144  18.555  10.6452  9.88891  4.91983  30.0503  11.6738  38.2246  43.5991  34.0802  0.251474  0.509125  0.708438  0.690559  0.134536  0.34901  0.962033  0.799929  0.710939  0.582036  0.861859  0.60375  0.604441  0.89362  0.977148  0.579843  0.313095  0.274692  0.129469  0.751258  0.277947  0.868741  0.947806  0.710004  
1.34753  3.97449  5.91529  1.96903  6.89205  4.39986  3.10405  1.57665  7.94502  16.0498  10.6065  12.7687  8.98886  17.2824  14.4182  26.4823  15.6572  31.7122  15.3946  7.20714  4.50492  25.2709  24.4289  32.7978  0.673764  0.993623  0.985881  0.246129  0.689205  0.366655  0.221718  0.0985409  0.44139  0.802492  0.482112  0.53203  0.345725  0.61723  0.480606  0.827571  0.460507  0.880896  0.40512  0.180179  0.10726  0.574339  0.531063  0.683287  
0.788605  3.44828  3.17234  7.02428  9.03588  7.36173  10.3176  0.339677  9.29447  0.0869378  14.5599  20.2387  21.0759  26.7662  17.2456  0.388869  26.8036  2.38426  27.3353  16.7981  6.88045  43.4927  38.5644  24.538  0.394302  0.86207  0.528723  0.878035  0.903588  0.613477  0.736974  0.0212298  0.51636  0.00434689  0.661812  0.843281  0.810611  0.955935  0.574852  0.0121521  0.788342  0.0662294  0.719349  0.419953  0.16382  0.988471  0.838356  0.511209  
0.536388  2.55434  5.07054  6.38573  6.33985  6.72052  0.0361735  9.71909  11.2365  15.983  19.1219  7.5132  7.79815  19.8899  0.848285  24.5746  32.5117  16.6794  9.86322  29.9211  16.4006  27.8537  7.84535  25.9877  0.268194  0.638585  0.84509  0.798216  0.633985  0.560043  0.00258382  0.607443  0.624252  0.799152  0.869176  0.31305  0.299929  0.710354  0.0282762  0.767957  0.956228  0.463317  0.259558  0.748027  0.39049  0.633038  0.170551  0.54141  
0.914183  0.521959  2.43238  6.23674  5.3036  5.19333  4.41258  15.863  14.3182  18.318  1.78178  5.85153  18.2931  16.7217  26.8497  10.9985  24.6669  28.2891  19.749  28.6064  0.065323  33.5625  26.1779  27.2132  0.457091  0.13049  0.405397  0.779593  0.53036  0.432777  0.315184  0.99144  0.795458  0.915898  0.08099  0.243814  0.703582  0.597203  0.894991  0.343702  0.725497  0.785808  0.519709  0.715159  0.00155531  0.762785  0.569086  0.566941  
1.64035  0.0841061  2.99787  4.18025  8.63759  3.40995  9.38188  13.8213  16.516  1.31806  8.92657  21.5369  23.4088  20.0312  28.1566  8.29344  25.6228  18.3616  33.3589  4.69215  36.2899  16.4707  27.9692  33.9065  0.820177  0.0210265  0.499645  0.522532  0.863759  0.284162  0.670134  0.863832  0.917557  0.0659028  0.405753  0.897369  0.900338  0.715399  0.938552  0.25917  0.753611  0.510043  0.877867  0.117304  0.864046  0.374333  0.608026  0.706384  
0.915431  0.870285  1.58895  5.36314  3.28208  4.28005  5.80969  2.6789  10.4352  16.2468  0.426525  6.51458  5.62053  1.20099  27.9668  8.07251  26.2253  29.9487  12.633  13.3378  13.9431  23.8064  26.7107  42.4406  0.457716  0.217571  0.264824  0.670393  0.328208  0.356671  0.414978  0.167431  0.579731  0.812341  0.0193875  0.271441  0.216174  0.0428925  0.932226  0.252266  0.771333  0.831909  0.332447  0.333445  0.331978  0.541055  0.580667  0.884179  
0.299252  0.301843  0.593362  4.7442  0.290294  1.06834  1.59357  11.9898  9.15856  16.0947  4.4595  23.6694  9.09611  27.069  19.3357  5.09404  31.9608  33.4288  12.8149  25.7875  6.44098  33.648  45.7286  30.9855  0.149626  0.0754607  0.0988937  0.593025  0.0290294  0.0890283  0.113827  0.749361  0.508809  0.804733  0.202705  0.986226  0.34985  0.966748  0.644524  0.159189  0.940023  0.928579  0.337235  0.644687  0.153357  0.764727  0.994099  0.645531  
1.18068  2.37849  3.33311  2.01951  4.86336  8.10583  10.1503  10.5947  16.7919  3.793  11.2221  5.65912  1.58939  20.5316  26.7311  20.204  27.9577  29.2018  3.77858  3.12769  21.3895  36.2807  36.0268  11.3325  0.590342  0.594623  0.555519  0.252438  0.486336  0.675486  0.725023  0.662167  0.932883  0.18965  0.510097  0.235796  0.0611303  0.733271  0.891035  0.631374  0.822285  0.811161  0.0994363  0.0781921  0.509273  0.824561  0.783191  0.236094  
1.70638  2.75212  0.407636  3.27224  3.71691  2.666  9.21571  10.2956  15.6588  18.2356  2.03688  14.8674  1.73697  21.9691  28.6207  17.6036  28.6975  34.4348  7.84395  2.39845  26.8348  14.202  39.8307  43.398  0.85319  0.68803  0.0679393  0.40903  0.371691  0.222167  0.658265  0.643476  0.869934  0.911779  0.0925857  0.619474  0.0668066  0.78461  0.954023  0.550113  0.844044  0.956523  0.20642  0.0599613  0.638924  0.322772  0.865885  0.904125  
0.968001  1.45494  2.23117  7.31161  8.35703  5.38159  9.33233  11.7876  8.18213  14.0762  20.1689  5.89284  1.05259  10.9188  8.02896  15.5399  11.8588  8.23471  10.7446  25.7634  4.85391  24.77  12.2524  7.74209  0.484001  0.363734  0.371862  0.913951  0.835703  0.448466  0.666595  0.736725  0.454563  0.703812  0.916768  0.245535  0.0404841  0.389958  0.267632  0.485623  0.348788  0.228742  0.282754  0.644086  0.115569  0.562955  0.266356  0.161294  
0.561622  3.20911  3.50282  7.20774  8.43455  0.825944  7.45468  14.401  7.14906  3.00014  15.9021  19.5651  5.08754  6.8835  25.9151  13.255  15.9305  33.5136  20.9132  0.727839  37.8614  41.4982  43.745  44.0674  0.280811  0.802278  0.583803  0.900968  0.843455  0.0688287  0.532477  0.900065  0.39717  0.150007  0.722821  0.815212  0.195675  0.245839  0.863836  0.414217  0.468546  0.930933  0.550347  0.018196  0.901462  0.943141  0.950979  0.91807  
0.68465  1.37434  1.15099  5.9867  4.26536  11.5674  1.00873  3.25033  14.6525  6.92594  10.3175  12.0923  23.3956  12.8928  13.7431  26.3472  18.6016  17.3701  24.9755  3.12814  35.6195  40.0066  39.1211  33.0603  0.342325  0.343585  0.191831  0.748338  0.426536  0.963949  0.0720519  0.203145  0.814026  0.346297  0.468976  0.503847  0.89983  0.460456  0.458105  0.823351  0.547106  0.482502  0.657249  0.0782036  0.848083  0.90924  0.85046  0.688755  
0.720228  2.56025  3.82862  4.91388  1.9033  1.92511  8.42678  6.08359  10.8612  14.3634  3.18233  3.00294  8.96377  11.7813  1.59338  13.9923  30.9608  4.91626  13.9413  29.1799  18.9232  38.0474  42.4722  45.3166  0.360114  0.640062  0.638104  0.614235  0.19033  0.160426  0.601913  0.380224  0.603402  0.718172  0.144652  0.125123  0.34476  0.420761  0.0531125  0.437259  0.910611  0.136563  0.366876  0.729497  0.450552  0.864713  0.923309  0.944096  
1.49687  3.95116  2.80019  5.54422  9.92223  6.7126  7.59278  1.04551  13.2729  11.1366  6.83703  14.0167  14.6649  26.6764  14.8841  26.322  21.4823  29.8385  16.5138  30.5753  21.9919  30.2946  28.1291  43.9502  0.748436  0.987791  0.466698  0.693028  0.992223  0.559383  0.542342  0.0653446  0.737384  0.556831  0.310774  0.58403  0.564034  0.952729  0.496137  0.822562  0.631832  0.828846  0.434575  0.764383  0.523617  0.688513  0.611502  0.91563  
0.912973  3.57397  2.764  4.38877  1.7048  3.44512  13.0345  12.2702  5.1631  0.731495  16.2059  21.0372  15.6955  24.0795  12.4489  20.3498  32.3064  14.0339  5.81602  38.175  18.5551  26.4549  32.2688  3.44513  0.456487  0.893494  0.460666  0.548596  0.17048  0.287093  0.931034  0.766885  0.286839  0.0365748  0.736631  0.876548  0.603674  0.859981  0.414963  0.635931  0.950188  0.389831  0.153053  0.954374  0.441787  0.601248  0.701496  0.0717735  
0.152147  3.61803  3.22907  1.92689  5.75745  8.54866  12.1476  13.9024  5.94248  10.1865  0.60046  11.8471  3.13311  5.34912  25.2191  27.2918  7.63295  18.2245  35.0422  14.8922  24.5865  34.4846  13.8721  19.9402  0.0760736  0.904507  0.538178  0.240861  0.575745  0.712389  0.867683  0.868898  0.330138  0.509326  0.0272936  0.493629  0.120504  0.19104  0.840637  0.852868  0.224499  0.506235  0.922163  0.372305  0.585392  0.78374  0.301567  0.415422  
1.20054  2.4073  0.507185  5.79601  9.78968  5.36207  7.24557  3.60762  12.1003  19.4972  0.0247436  17.188  8.66002  10.3795  27.4776  12.6451  20.1994  20.2482  25.3372  1.01366  3.37521  35.1814  5.61283  5.60827  0.600269  0.601825  0.0845308  0.724501  0.978968  0.446839  0.517541  0.225476  0.672237  0.974861  0.00112471  0.716165  0.333078  0.370696  0.915919  0.395161  0.5941  0.56245  0.666768  0.0253416  0.0803622  0.799578  0.122018  0.116839  
0.46977  3.48736  0.745976  5.36365  1.19126  3.65586  5.38997  8.7802  6.3953  16.2515  9.87396  14.919  25.0005  10.057  21.3828  15.7404  13.8859  6.04132  13.8409  7.75927  26.5814  4.04319  6.46821  11.1909  0.234885  0.87184  0.124329  0.670456  0.119126  0.304655  0.384998  0.548762  0.355295  0.812576  0.448816  0.621626  0.961559  0.359177  0.712761  0.491887  0.40841  0.167815  0.364235  0.193982  0.632891  0.0918907  0.140613  0.233143  
1.13325  3.05296  1.27001  2.19613  0.512613  10.3105  13.8123  3.95941  4.78478  2.37336  14.0445  15.4487  12.3004  16.3783  2.49762  29.7958  26.8898  15.4584  7.32025  1.9398  22.2969  3.66295  14.895  31.1246  0.566626  0.763239  0.211668  0.274517  0.0512613  0.859206  0.986594  0.247463  0.265821  0.118668  0.638386  0.643695  0.473092  0.58494  0.0832541  0.931119  0.790875  0.4294  0.192638  0.0484949  0.530877  0.0832489  0.323805  0.64843  
0.873839  0.692243  3.58947  0.112758  4.94291  8.90987  6.69944  9.10603  5.94419  14.0801  14.0666  13.5599  16.4736  9.35458  9.69253  20.0839  17.9474  23.2539  21.9038  6.28497  27.8973  19.7738  0.361005  42.823  0.43692  0.173061  0.598246  0.0140948  0.494291  0.742489  0.478532  0.569127  0.330233  0.704004  0.639389  0.564998  0.6336  0.334092  0.323084  0.627621  0.527865  0.645942  0.576415  0.157124  0.66422  0.449405  0.00784794  0.892145  
1.64421  1.99955  0.0125608  7.99648  5.43251  7.42025  4.5599  11.1293  15.3088  1.93126  9.51393  9.09609  4.73884  20.3797  13.1248  23.8104  3.68736  4.01321  21.2324  24.6149  20.7778  23.6508  9.32338  46.3338  0.822104  0.499886  0.00209347  0.99956  0.543251  0.618354  0.325707  0.695581  0.850488  0.0965632  0.432451  0.379004  0.182263  0.727846  0.437494  0.744074  0.108452  0.111478  0.558748  0.615373  0.49471  0.537519  0.202682  0.965287  
1.84642  0.467014  1.29711  0.561971  8.17294  3.47124  8.08018  9.72828  12.5744  11.3356  12.3002  13.473  5.40562  26.6443  20.6417  21.3756  5.18992  31.3231  14.6137  18.048  34.6471  29.0469  35.7099  46.3018  0.92321  0.116754  0.216185  0.0702464  0.817294  0.28927  0.577156  0.608017  0.698577  0.566781  0.5591  0.561374  0.207908  0.951584  0.688058  0.667987  0.152645  0.870086  0.384572  0.451199  0.824932  0.660157  0.776302  0.964621  
0.836989  2.64632  5.68194  1.04647  7.90405  4.18713  4.98273  2.03461  5.51333  14.2312  0.693462  20.7633  15.4961  20.2123  13.251  2.18931  33.6484  7.81994  29.4451  35.044  13.348  5.56918  25.5768  13.688  0.418495  0.66158  0.94699  0.130809  0.790405  0.348927  0.355909  0.127163  0.306296  0.711559  0.031521  0.865139  0.596002  0.72187  0.441699  0.068416  0.989659  0.217221  0.774872  0.876099  0.31781  0.126572  0.556018  0.285166  
1.74181  0.411996  4.04658  0.471172  0.282422  4.74591  12.0833  11.6527  6.79723  19.9467  10.6859  13.5751  5.99536  8.69055  12.5361  7.98436  21.3165  9.81543  12.5776  23.8408  20.734  17.5841  35.1215  15.0079  0.870905  0.102999  0.67443  0.0588966  0.0282422  0.395492  0.863092  0.728292  0.377624  0.997334  0.485723  0.56563  0.230591  0.310377  0.417868  0.249511  0.626957  0.272651  0.330989  0.596021  0.493667  0.399638  0.763511  0.312664  
1.97492  1.03385  1.90454  3.77571  2.00393  8.38413  2.33289  2.08724  12.1745  8.67083  9.89815  9.29309  21.3127  27.4541  23.6135  18.5964  12.0684  35.9651  5.45459  0.237504  9.00495  11.0134  5.79097  42.6779  0.987458  0.258463  0.317423  0.471964  0.200393  0.698678  0.166635  0.130452  0.67636  0.433541  0.449916  0.387212  0.81972  0.980504  0.787116  0.581137  0.354953  0.99903  0.143542  0.00593759  0.214403  0.250304  0.125891  0.889123  
0.0522341  3.87808  3.93994  6.09579  9.9745  6.62986  13.6877  13.241  13.4047  7.96869  18.2554  20.3895  21.9816  12.2248  11.2549  9.49508  17.6999  26.3508  11.8534  10.0255  16.1079  18.7753  26.8708  15.8885  0.026117  0.969521  0.656657  0.761974  0.99745  0.552488  0.97769  0.827565  0.744703  0.398434  0.829792  0.849565  0.845448  0.436599  0.375164  0.296721  0.520585  0.731967  0.311933  0.250636  0.383523  0.426711  0.584148  0.331011  
0.218625  3.87982  5.75135  4.62946  8.98067  5.43182  10.1103  9.15474  0.588243  14.7101  7.33682  1.75257  19.5078  16.5626  19.7788  25.3231  33.7415  23.9731  12.821  34.6398  24.4981  4.74358  41.309  14.9261  0.109313  0.969956  0.958559  0.578683  0.898067  0.452651  0.722162  0.572171  0.0326802  0.735503  0.333492  0.0730236  0.7503  0.591521  0.659295  0.791348  0.992396  0.665919  0.337395  0.865994  0.583289  0.107809  0.898022  0.310961  
1.88196  0.698328  5.54775  4.04765  1.09699  7.43808  7.893  12.416  5.95476  17.3843  9.40099  3.63949  1.84692  12.4503  18.0416  11.2735  33.6669  26.7411  2.98626  11.4389  27.9399  37.0386  28.7655  34.521  0.94098  0.174582  0.924625  0.505956  0.109699  0.61984  0.563786  0.775998  0.33082  0.869213  0.427318  0.151645  0.0710353  0.444653  0.601386  0.352297  0.990204  0.742807  0.0785857  0.285971  0.665236  0.841787  0.625337  0.719188  
1.66858  3.90017  3.1748  3.2115  0.404006  10.2191  5.858  9.163  15.7243  14.1236  14.4276  19.5431  5.06254  2.85283  0.264787  25.0782  18.5366  6.41645  1.50755  18.1409  0.828295  0.2787  13.1171  25.4893  0.834288  0.975044  0.529134  0.401437  0.0404006  0.851594  0.418428  0.572687  0.873571  0.706181  0.655799  0.814298  0.194713  0.101887  0.00882622  0.783694  0.545195  0.178235  0.0396723  0.453522  0.0197213  0.00633409  0.285154  0.531027  
1.07422  3.67031  4.09391  1.669  8.98709  4.73755  8.37932  9.78275  11.9763  10.7116  3.91835  15.7558  24.467  11.9201  17.6904  9.60624  15.6949  13.7792  26.197  30.158  27.4059  11.7869  10.6746  46.8737  0.537111  0.917578  0.682319  0.208625  0.898709  0.394796  0.598523  0.611422  0.665349  0.535581  0.178107  0.656491  0.94104  0.425717  0.589681  0.300195  0.461615  0.382757  0.689396  0.753949  0.652522  0.267884  0.232056  0.976535  
0.667568  0.320689  1.85715  2.08192  6.11476  2.20659  6.46721  0.421301  1.17753  9.45273  8.95458  11.2886  5.19127  17.7761  9.64572  4.98938  21.0399  15.9293  35.4987  37.0038  23.3019  35.1934  10.7858  24.7739  0.333784  0.0801724  0.309525  0.26024  0.611476  0.183883  0.461943  0.0263313  0.0654184  0.472637  0.407026  0.47036  0.199664  0.634861  0.321524  0.155918  0.618821  0.44248  0.934177  0.925095  0.554808  0.79985  0.234473  0.516123  
0.479355  1.77056  1.67371  0.100303  2.78503  2.54539  10.7587  15.1525  0.55827  15.3392  14.8372  0.558619  1.81329  23.0062  15.3286  12.7211  5.69457  28.5647  23.3974  3.93327  8.63437  2.64549  4.63274  44.2537  0.239678  0.442641  0.278952  0.0125378  0.278503  0.212116  0.76848  0.94703  0.031015  0.766962  0.674419  0.0232758  0.0697419  0.821651  0.510952  0.397535  0.167487  0.793464  0.615722  0.0983319  0.20558  0.0601248  0.100712  0.921951  
1.00531  2.10608  2.81448  7.10698  1.79773  0.10199  13.2939  4.34076  3.31621  11.4077  18.9811  0.563287  12.6612  26.5181  6.24409  10.3489  26.2712  31.701  1.99412  26.6367  9.02515  0.428405  23.7034  21.2899  0.502656  0.526519  0.46908  0.888372  0.179773  0.00849917  0.949567  0.271297  0.184234  0.570383  0.862775  0.0234703  0.486971  0.947075  0.208136  0.323402  0.772681  0.880582  0.0524769  0.665917  0.214884  0.00973648  0.515292  0.443539  
0.910777  3.7484  3.6643  1.61912  4.61105  8.58306  6.79082  3.66581  10.9575  15.6376  11.1049  6.12352  25.8056  26.8478  17.5541  2.56416  28.5126  26.305  8.57091  29.2928  33.5982  41.5301  31.0433  38.0365  0.455389  0.937099  0.610717  0.20239  0.461105  0.715255  0.485059  0.229113  0.608751  0.781878  0.504766  0.255147  0.992523  0.958849  0.585136  0.0801301  0.838606  0.730694  0.22555  0.732319  0.799958  0.943866  0.674855  0.792426  
1.86271  2.91618  0.248906  1.9459  1.04967  8.41994  2.65684  3.58035  7.24229  5.15687  4.56572  0.0561764  11.9205  23.0935  15.6975  12.0703  27.5504  9.03842  2.70319  1.42617  11.1484  24.4209  37.9362  20.2585  0.931353  0.729044  0.0414844  0.243238  0.104967  0.701661  0.189774  0.223772  0.402349  0.257844  0.207533  0.00234068  0.458481  0.824769  0.52325  0.377198  0.810307  0.251067  0.0711365  0.0356543  0.265439  0.55502  0.824699  0.422053  
1.92109  0.239389  3.84993  1.67612  5.42279  4.27151  2.37191  9.36628  9.91356  6.64319  14.188  12.6735  0.717206  6.25413  20.9871  18.3833  9.87696  23.5311  18.3977  17.4554  29.2939  0.0180723  10.2379  44.8263  0.960543  0.0598472  0.641655  0.209515  0.542279  0.355959  0.169422  0.585393  0.550754  0.332159  0.64491  0.528063  0.0275848  0.223362  0.699568  0.574477  0.290499  0.653643  0.484149  0.436384  0.697474  0.000410734  0.222564  0.933881  
1.4832  2.81178  1.84456  7.29491  0.522769  4.38007  2.56033  6.32763  2.27229  3.09193  13.9017  6.58846  0.393175  24.3496  21.5323  1.73137  20.1267  12.1822  22.3095  16.7816  13.8558  27.3599  35.0869  6.01539  0.741599  0.702945  0.307426  0.911863  0.0522769  0.365006  0.182881  0.395477  0.126238  0.154596  0.631894  0.274519  0.0151221  0.869628  0.717743  0.0541054  0.591963  0.338394  0.587093  0.419541  0.329899  0.621815  0.762758  0.125321  
1.84228  2.386  5.57208  5.96862  8.45436  7.7201  2.7876  10.4142  3.40991  7.30193  17.9159  13.2516  25.3087  1.54878  6.58342  7.48582  11.5271  32.9669  30.3886  22.7294  19.4722  15.3024  2.93437  40.2759  0.921139  0.596501  0.92868  0.746078  0.845436  0.643342  0.199114  0.650887  0.189439  0.365096  0.814359  0.552149  0.97341  0.0553136  0.219447  0.233932  0.339031  0.915748  0.799699  0.568235  0.463624  0.347781  0.0637907  0.839081  
1.27365  2.5883  2.18127  7.68505  4.16014  9.69022  3.48269  8.71231  2.37955  14.4754  0.733168  13.358  14.6875  23.4241  6.95645  14.8953  6.82535  19.639  35.2787  0.30351  3.46946  23.1842  13.0691  7.13033  0.636827  0.647075  0.363546  0.960631  0.416014  0.807518  0.248764  0.544519  0.132197  0.72377  0.0333258  0.556581  0.564902  0.836576  0.231882  0.465477  0.200746  0.545528  0.928387  0.00758774  0.0826061  0.526914  0.284111  0.148549  
1.29453  2.03236  0.0115731  4.73486  2.86453  1.60244  4.88716  9.21368  5.41578  16.8  14.027  22.8427  17.6435  20.0741  11.4286  12.4029  20.0017  27.9457  3.96935  21.4301  38.6126  21.3167  44.798  2.99181  0.647265  0.50809  0.00192885  0.591858  0.286453  0.133537  0.349083  0.575855  0.300877  0.839999  0.637592  0.951779  0.678596  0.716932  0.380953  0.387591  0.588286  0.776269  0.104457  0.535753  0.919348  0.484471  0.973869  0.0623295  
1.27279  3.72607  0.278515  6.66874  0.282645  9.49158  11.1901  0.807682  10.5067  13.6286  14.3397  0.716294  25.0583  24.8821  10.7228  19.6475  11.0479  6.10363  24.242  0.243685  36.738  2.88125  9.75791  27.9229  0.636397  0.931517  0.0464192  0.833593  0.0282645  0.790965  0.799295  0.0504801  0.583704  0.681429  0.651805  0.0298456  0.963782  0.888648  0.357426  0.613985  0.324939  0.169545  0.637948  0.00609212  0.874714  0.065483  0.212128  0.581726  
1.9461  0.0075015  1.95547  2.03529  6.63648  4.16251  12.7349  5.54955  13.6118  10.3481  6.14017  6.20975  14.4465  2.18825  10.3296  17.3942  24.4297  24.9889  6.32613  13.1098  31.9325  36.963  29.4362  22.5705  0.973049  0.00187537  0.325911  0.254411  0.663648  0.346875  0.909634  0.346847  0.756209  0.517404  0.279098  0.25874  0.555633  0.0781516  0.344321  0.543569  0.718521  0.694137  0.166477  0.327744  0.760298  0.840067  0.639918  0.470218  
0.971633  3.9155  4.61189  2.86114  9.49589  1.06751  1.31235  12.612  16.0376  17.5529  9.13545  10.8729  14.5129  5.42163  11.0259  23.9227  1.99214  28.4961  24.8246  35.9223  40.8612  24.9647  1.96934  38.9757  0.485816  0.978876  0.768649  0.357642  0.949589  0.0889588  0.0937396  0.788249  0.89098  0.877643  0.415248  0.453036  0.55819  0.19363  0.36753  0.747583  0.0585925  0.79156  0.653278  0.898059  0.972885  0.567379  0.0428118  0.811994  
1.20027  1.64901  3.6119  3.02024  0.973886  3.50437  9.15694  8.86706  10.1274  3.51918  16.0825  2.9541  2.41843  24.3187  6.72388  29.9847  24.0581  33.7098  13.1794  33.9897  38.6222  43.4681  32.3555  39.3811  0.600133  0.412253  0.601984  0.37753  0.0973886  0.292031  0.654067  0.554191  0.562632  0.175959  0.731023  0.123088  0.0930164  0.868524  0.224129  0.937021  0.707591  0.936384  0.346825  0.849743  0.919577  0.987912  0.703381  0.82044  
0.909622  3.43558  1.84193  2.20725  4.85569  2.13508  5.33866  12.3002  4.42361  4.78704  16.1478  7.41041  12.6801  14.3213  5.75646  8.47623  3.9943  13.8941  29.3348  13.3162  20.2382  9.65323  23.8167  0.952659  0.454811  0.858895  0.306988  0.275907  0.485569  0.177923  0.381333  0.768763  0.245756  0.239352  0.733993  0.308767  0.487695  0.511473  0.191882  0.264882  0.117479  0.385947  0.771968  0.332904  0.481862  0.219392  0.517754  0.0198471  
0.517733  0.533189  4.22705  0.723781  4.89374  8.76269  0.159174  13.0096  17.9464  8.88744  12.8238  7.74375  3.22181  21.7985  7.48675  1.36444  12.8636  10.224  21.6036  30.863  11.6787  26.1649  26.627  37.3361  0.258866  0.133297  0.704509  0.0904726  0.489374  0.730224  0.0113696  0.813099  0.99702  0.444372  0.582899  0.322656  0.123916  0.778518  0.249558  0.0426386  0.378341  0.284  0.568515  0.771576  0.278065  0.594658  0.578849  0.777835  
0.367714  1.56915  1.53466  6.62384  9.28159  6.53139  3.24894  5.12412  7.75812  13.7371  8.32786  14.7555  21.4233  18.5282  15.8068  29.6821  12.7489  27.9177  7.15228  39.67  3.15342  10.1554  14.5987  13.0637  0.183857  0.392287  0.255777  0.82798  0.928159  0.544283  0.232067  0.320258  0.431007  0.686857  0.378539  0.614811  0.823974  0.66172  0.526893  0.927564  0.374968  0.775491  0.188218  0.99175  0.0750814  0.230805  0.317363  0.272159  
1.76853  0.960786  2.00076  7.38379  1.6474  10.4068  12.4873  9.23083  10.8048  14.9404  8.2828  5.24427  3.67156  24.0243  15.3233  20.2887  1.375  31.3063  5.65333  36.4548  37.5956  29.8762  38.9955  38.6537  0.884265  0.240197  0.33346  0.922974  0.16474  0.867235  0.891947  0.576927  0.600267  0.747018  0.376491  0.218511  0.141214  0.858011  0.510777  0.634023  0.0404411  0.869619  0.148772  0.911369  0.895134  0.679004  0.847729  0.805286  
0.801703  2.12616  2.42882  6.02008  2.50279  4.52933  2.56374  8.12163  11.4473  2.28189  6.50837  9.5157  24.6503  26.4195  17.8772  31.2503  10.3853  34.6492  30.9546  6.79701  19.5504  6.31139  11.3021  5.04278  0.400851  0.53154  0.404803  0.75251  0.250279  0.377444  0.183125  0.507602  0.635963  0.114095  0.295835  0.396488  0.948087  0.943555  0.595906  0.976573  0.305451  0.962479  0.814596  0.169925  0.465486  0.143441  0.245698  0.105058  
1.01672  3.77168  1.32033  6.86749  5.2294  7.27579  3.96226  6.27268  12.6312  10.5034  9.34923  17.9688  6.52924  1.08315  15.5145  30.3966  5.80756  27.9186  16.1575  3.15148  39.168  3.15903  37.0127  19.9147  0.508359  0.942921  0.220056  0.858436  0.52294  0.606316  0.283019  0.392042  0.701731  0.525172  0.424965  0.748702  0.251125  0.038684  0.517151  0.949895  0.170811  0.775517  0.425197  0.0787869  0.932571  0.0717962  0.804624  0.41489  
2  4  6  8  0  0.0084817  0  0  6.41748  6.70627  7.16526  7.61728  7.98165  8.44106  8.79401  9.11224  9.35147  9.8101  10.1551  10.3589  10.8112  10.9728  10.9987  11.5042  1  1  1  1  0  0.000706808  0  0  0.356527  0.335313  0.325694  0.317387  0.306987  0.301466  0.293134  0.284757  0.275043  0.272503  0.267238  0.258972  0.257411  0.249381  0.239103  0.239671  
2  4  0  0  3.53831  3.95261  4.4482  4.80253  5.0889  5.50808  5.69361  5.93844  6.47011  6.45178  6.78492  6.95311  7.24397  7.4907  7.33522  7.577  7.82126  8.45819  7.93185  8.26871  1  1  0  0  0.353831  0.329384  0.317729  0.300158  0.282717  0.275404  0.258801  0.247435  0.24885  0.230421  0.226164  0.217285  0.213058  0.208075  0.193032  0.189425  0.186221  0.192232  0.172431  0.172265  
0  0  6  8  3.65519  4.15801  4.47265  4.73349  5.31682  5.47438  5.82445  6.31232  6.7483  6.59893  7.12839  7.01345  7.25988  7.5719  7.75034  7.78055  8.13067  7.95239  8.07228  8.56471  0  0  1  1  0.365519  0.346501  0.319475  0.295843  0.295379  0.273719  0.264748  0.263013  0.25955  0.235676  0.237613  0.21917  0.213526  0.210331  0.203956  0.194514  0.193587  0.180736  0.175484  0.178432  
2  4  6  8  0.00844857  0.00530106  0  0  6.3917  6.71513  7.28613  7.58853  7.9775  8.3712  8.87177  9.05773  9.44904  9.82186  10.1163  10.3213  10.7107  11.2141  11.2914  11.4441  1  1  1  1  0.000844857  0.000441755  0  0  0.355095  0.335757  0.331188  0.316189  0.306827  0.298972  0.295726  0.283054  0.277913  0.272829  0.266217  0.258032  0.255016  0.254866  0.245466  0.23842  
2  4  5.36869  8  0.843049  0  0  0.0108795  6.28136  6.70627  7.20782  7.61728  7.98263  8.44106  8.69991  9.10565  9.40084  9.69537  10.218  10.3523  10.71  10.9728  11.0786  11.5042  1  1  0.894782  1  0.0843049  0  0  0.000679967  0.348965  0.335313  0.327628  0.317387  0.307024  0.301466  0.289997  0.284552  0.276495  0.269316  0.268896  0.258808  0.255001  0.249381  0.240839  0.239671  
1.99214  3.93381  6  8  0.186826  0.00106021  0  0  6.34196  6.71509  7.16243  7.61463  8.00974  8.3712  8.75493  9.05481  9.44692  9.72275  10.1956  10.3749  10.6079  10.8372  11.013  11.421  0.99607  0.983454  1  1  0.0186826  8.8351e-05  0  0  0.352331  0.335754  0.325565  0.317276  0.308067  0.298972  0.291831  0.282963  0.277851  0.270076  0.268304  0.259373  0.252568  0.2463  0.239413  0.237937  
2  4  5.84095  5.38865  0  0.00530106  0  4.80959  6.19214  6.68589  7.10143  7.41952  7.95751  8.40748  8.54566  8.93888  9.2427  9.6207  9.82233  10.1869  10.729  10.9503  10.9321  11.2805  1  1  0.973492  0.673582  0  0.000441755  0  0.3006  0.344008  0.334294  0.322792  0.309147  0.306058  0.300267  0.284855  0.27934  0.271844  0.267242  0.258482  0.254672  0.255452  0.24887  0.237655  0.235011  
1.98952  3.91175  6  8  0.243562  0.0164333  0  0  6.31678  6.71803  7.16148  7.61374  8.0191  8.38962  8.7419  9.03567  9.47874  9.69363  10.1814  10.3803  10.6161  10.792  11.0178  11.3933  0.99476  0.977938  1  1  0.0243562  0.00136944  0  0  0.350932  0.335901  0.325522  0.317239  0.308427  0.299629  0.291397  0.282365  0.278786  0.269268  0.26793  0.259507  0.252765  0.245274  0.239516  0.23736  
2  4  5.59256  8  0.0218174  0  0  0.97214  6.28136  6.76332  7.20782  7.51643  7.95194  8.39688  8.64167  9.00837  9.39  9.70049  10.0299  10.3173  10.676  11.0012  11.0642  11.5042  1  1  0.932093  1  0.00218174  0  0  0.0607588  0.348965  0.338166  0.327628  0.313184  0.305844  0.299889  0.288056  0.281512  0.276176  0.269458  0.263944  0.257932  0.254191  0.250027  0.240525  0.239671  
1.9346  3.78198  6  8  0.020168  0  0.69449  0.322338  6.26354  6.70164  7.10255  7.60597  7.99764  8.32194  8.71868  9.06086  9.38413  9.6951  10.1229  10.2806  10.6548  10.7895  11.104  11.433  0.967302  0.945496  1  1  0.0020168  0  0.0496064  0.0201461  0.347974  0.335082  0.322843  0.316916  0.307601  0.297212  0.290623  0.283152  0.276004  0.269308  0.266393  0.257015  0.253685  0.245216  0.241392  0.238187  
2  4  3.15704  6.99505  0.0314591  0.518754  0  5.59893  6.05782  6.33247  6.86648  7.18827  7.59712  7.9451  8.43266  8.48879  8.86326  9.23597  9.26568  9.78334  9.94061  10.2918  10.4587  10.5134  1  1  0.526174  0.874381  0.00314591  0.0432295  0  0.349933  0.336545  0.316623  0.312113  0.299511  0.292197  0.283754  0.281089  0.265275  0.260684  0.256555  0.243834  0.244584  0.236681  0.233905  0.227364  0.219029  
1.95173  3.83791  5.60424  8  0.488831  0.0503601  0.568394  0  6.26676  6.74078  7.11667  7.58842  8.00644  8.33942  8.668  8.96163  9.47286  9.75569  9.94095  10.3449  10.5711  10.8137  11.0648  11.5154  0.975863  0.959477  0.934039  1  0.0488831  0.00419667  0.0405996  0  0.348153  0.337039  0.323485  0.316184  0.30794  0.297836  0.288933  0.280051  0.278614  0.270991  0.261604  0.258621  0.251692  0.245766  0.240539  0.239905  
2  3.95528  5.97626  6.79421  0.0542309  0.00106021  0.0640101  2.06702  6.3399  6.79809  7.05131  7.5929  7.98278  8.3712  8.77834  9.0722  9.44904  9.65852  10.0454  10.3213  10.6079  10.9108  11.1501  11.3261  1  0.98882  0.996043  0.849276  0.00542309  8.8351e-05  0.00457215  0.129189  0.352217  0.339905  0.320514  0.316371  0.30703  0.298972  0.292611  0.283506  0.277913  0.268292  0.264352  0.258032  0.252568  0.247972  0.242394  0.23596  
1.91393  3.60652  6  8  0.113472  0  1.10478  0.644675  6.23366  6.76283  7.06039  7.6011  8.01589  8.3262  8.71004  9.10726  9.44017  9.63147  10.1209  10.2903  10.5449  10.7287  11.1571  11.4349  0.956965  0.90163  1  1  0.0113472  0  0.0789131  0.0402922  0.346315  0.338142  0.320927  0.316712  0.308303  0.297364  0.290335  0.284602  0.277652  0.267541  0.266338  0.257257  0.251069  0.243834  0.242546  0.238227  
1.99908  4  4.95524  7.53899  0  0.384111  0  2.40037  6.20993  6.60743  7.10717  7.50373  7.86287  8.45832  8.59941  9.02207  9.33114  9.73125  9.85114  10.172  10.6088  10.8664  10.9715  11.3009  0.999538  1  0.825874  0.942374  0  0.0320092  0  0.150023  0.344996  0.330371  0.323053  0.312655  0.302418  0.302083  0.286647  0.28194  0.274445  0.270312  0.25924  0.2543  0.252589  0.246963  0.23851  0.235435  
1.90345  3.65568  5.79347  8  0.253035  0.0153731  0.0640101  2.06702  6.21768  6.78626  7.23359  7.56696  7.98278  8.36476  8.77834  9.11113  9.44904  9.6825  10.0919  10.3213  10.5658  10.8798  11.2656  11.4472  0.951726  0.913919  0.965579  1  0.0253035  0.00128109  0.00457215  0.129189  0.345427  0.339313  0.3288  0.31529  0.30703  0.298741  0.292611  0.284723  0.277913  0.268958  0.265577  0.258032  0.251568  0.247269  0.244905  0.238482  
1.86758  3.97986  5.12933  7.80736  0  0.0325058  0.0332844  3.07374  6.25899  6.67988  7.15171  7.4869  7.97172  8.41456  8.71727  8.96163  9.26055  9.75569  10.0741  10.1963  10.7184  10.817  10.9124  11.1866  0.93379  0.994965  0.854888  0.97592  0  0.00270881  0.00237746  0.192109  0.347722  0.333994  0.325078  0.311954  0.306605  0.30052  0.290576  0.280051  0.272369  0.270991  0.265107  0.254906  0.255199  0.245842  0.237227  0.233054  
1.07888  3.97986  6  8  0.00211214  0  0  7.44602  6.43638  6.68962  7.15207  7.67158  8.07023  8.27595  9.01404  9.06046  9.43678  9.87907  9.98808  10.7233  10.585  10.602  11.3132  11.9504  0.53944  0.994965  1  1  0.000211214  0  0  0.465376  0.357577  0.334481  0.325094  0.319649  0.310393  0.29557  0.300468  0.283139  0.277552  0.274419  0.262844  0.268084  0.252024  0.240954  0.245939  0.248966  
2  4  2.09638  4.85952  0.180816  0.0257957  5.04201  5.4975  6.00527  6.09348  6.61366  6.97153  7.19318  7.75422  7.84742  7.97649  8.42776  8.66672  8.63715  9.27295  9.36731  9.45097  9.93202  10.1861  1  1  0.349397  0.60744  0.0180816  0.00214964  0.360144  0.343594  0.333626  0.304674  0.300621  0.29048  0.276661  0.276936  0.261581  0.249265  0.247875  0.240742  0.227293  0.231824  0.223031  0.214795  0.215913  0.212211  
1.88859  3.70185  5.17681  7.80736  0.148695  0.538874  0.0309626  2.61682  6.11049  6.61878  7.06273  7.37535  7.89688  8.4012  8.57542  8.87118  9.19384  9.6109  9.8049  10.3223  10.4035  10.5189  10.83  11.1186  0.944295  0.925463  0.862802  0.97592  0.0148695  0.0449062  0.00221161  0.163551  0.339472  0.330939  0.321033  0.307306  0.303726  0.300043  0.285847  0.277224  0.270407  0.266969  0.258024  0.258058  0.247703  0.239066  0.235436  0.231637  
1.91585  4  5.23259  6.60157  0.048645  0.0248192  0.00127935  4.64206  6.22719  6.64045  7.08116  7.61085  7.96033  8.34403  8.62809  8.98349  9.37534  9.71434  9.95702  10.3042  10.7213  10.7828  10.8523  11.1484  0.957927  1  0.872099  0.825196  0.0048645  0.00206827  9.13822e-05  0.290129  0.345955  0.332023  0.321871  0.317119  0.306167  0.298001  0.287603  0.280734  0.275745  0.269843  0.262027  0.257606  0.255269  0.245063  0.23592  0.232259  
1.87404  3.30294  5.68191  8  0.174438  0  0.273028  2.63917  6.2174  6.65766  7.09328  7.37535  7.7969  8.43382  8.57542  8.91755  9.21033  9.6109  10.1105  10.0587  10.6154  10.5189  10.8107  11.1186  0.937019  0.825734  0.946985  1  0.0174438  0  0.019502  0.164948  0.345411  0.332883  0.322422  0.307306  0.299881  0.301208  0.285847  0.278674  0.270892  0.266969  0.266067  0.251469  0.252748  0.239066  0.235015  0.231637  
1.96557  4  3.57916  8  0  0.00556612  0  6.36444  6.57872  6.72975  7.08633  7.49546  8.1007  8.25277  8.71312  9.06601  9.30148  9.70861  9.90798  10.0766  10.6832  10.9122  11.4576  11.2519  0.982784  1  0.596527  1  0  0.000463843  0  0.397778  0.365485  0.336487  0.322106  0.312311  0.311565  0.294742  0.290437  0.283313  0.273573  0.269684  0.260736  0.251915  0.254362  0.248004  0.249078  0.234415  
1.86758  3.41207  6  6.87588  0  0  0.0332844  4.92262  6.24916  6.67988  7.05024  7.40943  7.97172  8.2747  8.71727  9.08535  9.40869  9.47125  10.3011  10.1688  10.7534  11.1413  10.9566  11.1866  0.93379  0.853018  1  0.859484  0  0  0.00237746  0.307664  0.347176  0.333994  0.320466  0.308726  0.306605  0.295525  0.290576  0.283917  0.276726  0.26309  0.271081  0.25422  0.256034  0.253211  0.238186  0.233054  
1.75622  4  5.09742  6.76774  0  0  0  6.60316  6.39751  6.65145  7.13297  7.57714  8.05963  8.3097  8.74644  8.84251  9.5175  9.87529  9.85786  10.5987  10.6225  10.7897  11.1013  11.2423  0.878109  1  0.849569  0.845968  0  0  0  0.412698  0.355417  0.332572  0.324226  0.315714  0.309986  0.296775  0.291548  0.276328  0.279927  0.274314  0.259417  0.264967  0.252916  0.24522  0.241333  0.234214  
1.29622  4  6  8  0  0  0  5.66219  6.32959  6.83056  7.35754  7.38798  8.13755  8.9442  8.79401  9.11224  9.42578  10.1419  10.1551  10.3589  10.8661  10.9728  11.5685  11.4548  0.64811  1  1  1  0  0  0  0.353887  0.351644  0.341528  0.334433  0.307832  0.312983  0.319436  0.293134  0.284757  0.277229  0.281721  0.267238  0.258972  0.258717  0.249381  0.25149  0.238641  
2  4  2.88816  7.97643  0.0471886  0  0  5.61293  6.0553  6.40926  6.93466  7.19828  7.6855  8.02035  8.43074  8.44094  9.1011  9.2177  9.27644  9.75219  9.81404  10.1613  10.4456  10.5191  1  1  0.481359  0.997054  0.00471886  0  0  0.350808  0.336405  0.320463  0.315212  0.299928  0.295596  0.286441  0.281025  0.263779  0.267679  0.256047  0.244117  0.243805  0.233668  0.230938  0.227078  0.219147  
1.53225  4  4.65105  8  0.00960704  0.00106021  0  6.62867  6.30377  6.72969  7.44572  7.51212  7.8658  8.2404  8.64599  9.02726  9.47232  9.5647  9.89637  10.1914  10.5147  10.6527  11.8101  11.5194  0.766125  1  0.775175  1  0.000960704  8.8351e-05  0  0.414292  0.35021  0.336484  0.338442  0.313005  0.302531  0.2943  0.2882  0.282102  0.278598  0.265686  0.260431  0.254785  0.25035  0.242106  0.256742  0.239987  
1.75584  4  5.36235  5.58842  0.137084  0.0992034  0.208667  6.14749  6.34426  6.74464  7.15866  7.55508  7.94584  8.47086  8.73968  9.00693  9.1489  9.78531  9.78664  10.1075  10.6016  10.8084  11.0592  11.0454  0.87792  1  0.893724  0.698553  0.0137084  0.00826695  0.0149048  0.384218  0.352459  0.337232  0.325393  0.314795  0.305609  0.302531  0.291323  0.281467  0.269085  0.271814  0.257543  0.252688  0.25242  0.245645  0.240416  0.230113  
1.94899  2.59687  5.67671  8  0.0265042  0  0  6.64855  6.33718  6.77186  6.90283  7.47044  8.25062  8.14557  8.87684  9.00909  9.23689  9.7074  9.83367  10.3167  10.1879  10.9922  11.4868  11.4993  0.974497  0.649216  0.946119  1  0.00265042  0  0  0.415534  0.352066  0.338593  0.313765  0.311268  0.317332  0.290913  0.295895  0.281534  0.271673  0.26965  0.258781  0.257918  0.242569  0.249822  0.249714  0.23957  
1.96745  3.80326  4.16022  6.23915  0  0  0.424371  5.72882  5.97183  6.42724  6.85249  7.19828  7.5021  8.00968  8.16908  8.43685  8.96157  9.10774  9.27644  9.96062  9.95776  10.1613  10.8107  10.4382  0.983723  0.950815  0.69337  0.779894  0  0  0.0303122  0.358051  0.331768  0.321362  0.311477  0.299928  0.288542  0.28606  0.272303  0.263651  0.263576  0.252993  0.244117  0.249016  0.23709  0.230938  0.235015  0.217462  
2  2.62601  6  6.59018  0  0  0.118105  5.79071  6.15666  6.62274  7.05446  7.27262  7.75433  8.08073  8.54909  8.65892  9.31723  9.50947  10.4456  10.0522  10.6629  11.1656  10.6341  11.3112  1  0.656503  1  0.823772  0  0  0.0084361  0.361919  0.342037  0.331137  0.320657  0.303026  0.298243  0.288597  0.28497  0.270591  0.274036  0.264152  0.274885  0.251304  0.253879  0.253763  0.231175  0.235649  
1.85322  3.46028  5.08537  6.13969  0.0534433  0.016456  0.978957  5.3874  6.33233  6.76189  7.05041  7.54087  7.8767  8.06273  8.70753  8.8701  9.25085  9.3813  9.68067  9.89224  10.4561  10.6404  10.7756  11.1624  0.926612  0.865071  0.847561  0.767461  0.00534433  0.00137133  0.0699255  0.336712  0.351796  0.338094  0.320473  0.314203  0.30295  0.287955  0.290251  0.277191  0.272084  0.260592  0.254754  0.247306  0.248956  0.241828  0.234251  0.232549  
0.260441  3.82832  6  8  0  0.00367812  5.96406  6.44295  6.28851  6.58403  7.09328  7.37535  7.80094  8.27916  8.57542  8.87102  9.39081  9.64647  9.67972  10.1318  10.5267  10.7449  10.8107  11.3375  0.13022  0.95708  1  1  0  0.00030651  0.426004  0.402684  0.349361  0.329202  0.322422  0.307306  0.300036  0.295684  0.285847  0.277219  0.2762  0.267957  0.254729  0.253295  0.250637  0.244201  0.235015  0.236199  
2  4  2.37922  0.827003  0.00137315  4.21864  4.19034  4.64136  5.76627  5.97083  6.11864  6.5199  6.79876  7.09061  7.48047  7.39735  7.86645  8.13171  8.1078  8.60788  8.81768  8.65212  9.27337  9.08848  1  1  0.396536  0.103375  0.000137315  0.351553  0.29931  0.290085  0.320348  0.298541  0.27812  0.271663  0.261491  0.253236  0.249349  0.231167  0.231366  0.225881  0.213363  0.215197  0.209945  0.196639  0.201595  0.189343  
1.45805  3.99651  4.1012  7.38832  1.76246  0.0124959  0.00412231  6.36692  6.30912  6.66979  7.21826  7.35369  7.89594  8.31118  8.64226  9.27736  9.22797  9.66763  9.92809  10.225  10.5646  10.7475  11.1571  11.4349  0.729024  0.999129  0.683534  0.92354  0.176246  0.00104133  0.000294451  0.397933  0.350507  0.33349  0.328103  0.306404  0.30369  0.296828  0.288075  0.289918  0.271411  0.268545  0.261266  0.255625  0.251537  0.244261  0.242546  0.238227  
2  3.51853  5.68913  3.48546  0.0889734  2.4079  0.0173472  5.7032  6.2306  6.44574  6.88974  7.54308  7.57487  8.10373  8.65163  9.12743  9.23814  9.62221  9.75549  9.74065  10.7167  10.5849  10.6343  11.37  1  0.879632  0.948188  0.435682  0.00889734  0.200659  0.00123908  0.35645  0.346145  0.322287  0.31317  0.314295  0.291341  0.289419  0.288388  0.285232  0.27171  0.267284  0.256723  0.243516  0.255161  0.240566  0.231181  0.236874  
1.15443  3.86017  5.03336  7.82251  0.309174  1.27816  0.0821456  5.81798  6.2939  6.48978  7.2463  7.36026  8.31984  8.46457  8.53305  8.89135  9.37907  9.63779  9.98599  10.1218  11.0465  10.4356  10.6136  11.0792  0.577213  0.965043  0.838893  0.977814  0.0309174  0.106513  0.00586754  0.363624  0.349661  0.324489  0.329377  0.306677  0.319994  0.302306  0.284435  0.277855  0.275855  0.267716  0.262789  0.253046  0.263012  0.237173  0.23073  0.230817  
2  3.8227  5.00198  3.3117  0  0  3.54552  5.61335  6.04839  6.46899  6.77353  7.26723  7.55355  7.87592  8.3147  8.59674  8.89381  9.23281  9.88212  9.86756  10.3188  10.4383  10.7305  10.6912  1  0.955675  0.833663  0.413963  0  0  0.253251  0.350835  0.336022  0.32345  0.307888  0.302801  0.290521  0.281283  0.277157  0.268648  0.261583  0.256467  0.260056  0.246689  0.245686  0.237235  0.233271  0.222734  
1.19352  4  4.36054  7.52453  1.50252  0.0107237  1.27552  5.80901  6.21801  6.67731  7.08774  7.44595  7.82229  8.23088  8.3147  8.89135  9.37907  9.39683  9.88212  9.56915  10.3188  10.6676  10.8341  10.3574  0.59676  1  0.726756  0.940566  0.150252  0.000893645  0.0911088  0.363063  0.345445  0.333866  0.32217  0.310248  0.300857  0.29396  0.277157  0.277855  0.275855  0.261023  0.260056  0.239229  0.245686  0.242445  0.235523  0.215779  
1.68019  3.72493  5.54988  3.87883  0.00471479  0  4.55416  6.44839  6.02178  6.66061  7.0484  7.36101  8.31025  8.31409  8.64099  8.89498  9.09271  9.58322  10.6226  10.2391  10.569  10.6831  11.0449  11.1372  0.840095  0.931231  0.92498  0.484853  0.000471479  0  0.325297  0.403024  0.334543  0.33303  0.320382  0.306709  0.319625  0.296932  0.288033  0.277968  0.267433  0.266201  0.279542  0.255977  0.251643  0.242798  0.240107  0.232024  
1.51592  2.52842  5.74745  7.90368  0.098243  2.08264  0.0336478  6.80365  6.46019  6.69333  7.10549  7.81839  8.05465  8.27633  8.96409  9.08697  9.48511  9.68606  9.83337  10.4401  10.5234  10.7934  11.0425  11.378  0.75796  0.632106  0.957908  0.98796  0.0098243  0.173553  0.00240342  0.425228  0.358899  0.334666  0.322977  0.325766  0.309794  0.295583  0.298803  0.283968  0.278974  0.269057  0.258773  0.261002  0.250558  0.245304  0.240053  0.237041  
1.97904  3.97952  2.88419  5.02376  0  0.00954396  5.85405  6.04004  6.10913  6.57042  6.94338  7.28793  8.01789  8.13123  8.61601  8.76688  9.1525  9.39243  9.84977  10.533  10.567  10.5229  10.6189  11.4399  0.98952  0.99488  0.480698  0.62797  0  0.00079533  0.418146  0.377502  0.339396  0.328521  0.315608  0.303664  0.30838  0.290401  0.2872  0.273965  0.269191  0.260901  0.259205  0.263326  0.251594  0.239157  0.230845  0.238331  
1.18639  4  4.58184  6.23711  0  0.0284402  3.65747  5.6621  6.03395  6.39384  6.93039  7.08867  7.54847  8.42496  8.2943  8.95721  8.72362  9.66763  9.38512  9.77113  10.0643  10.3313  10.632  10.5641  0.593196  1  0.76364  0.779639  0  0.00237002  0.261248  0.353881  0.33522  0.319692  0.315018  0.295361  0.290326  0.300891  0.276477  0.279913  0.256577  0.268545  0.246977  0.244278  0.239625  0.234802  0.23113  0.220086  
2  3.17414  4.5425  4.10273  0  0  6.11262  5.6024  6.31892  6.77036  7.02233  7.51247  7.66632  8.36413  8.699  9.27736  9.46131  9.55018  9.92809  10.1524  10.7655  10.6409  10.3252  10.9219  1  0.793535  0.757083  0.512841  0  0  0.436616  0.35015  0.351051  0.338518  0.319197  0.31302  0.294858  0.298719  0.289967  0.289918  0.278274  0.265283  0.261266  0.253809  0.256321  0.241839  0.224461  0.22754  
0.954045  3.51853  5.03336  7.9215  0.926562  2.4079  0.0173472  6.0044  6.20295  6.44574  6.92402  7.29884  7.81641  8.10373  8.60698  8.74531  8.64042  9.38253  9.93799  9.92816  10.1296  10.5849  10.6343  10.9799  0.477023  0.879632  0.838893  0.990188  0.0926562  0.200659  0.00123908  0.375275  0.344608  0.322287  0.314728  0.304119  0.300631  0.289419  0.286899  0.273291  0.25413  0.260626  0.261526  0.248204  0.24118  0.240566  0.231181  0.228748  
1.93812  3.67157  5.66627  1.40802  0.00842376  0.00413755  5.9287  5.70989  5.99819  6.48536  7.01443  6.92528  7.73248  7.79642  8.17647  8.39491  9.21021  9.25012  9.65601  9.61105  9.90106  10.339  10.6928  10.4136  0.969058  0.917892  0.944379  0.176003  0.000842376  0.000344796  0.423479  0.356868  0.333233  0.324268  0.318838  0.288553  0.297403  0.278444  0.272549  0.262341  0.270889  0.256948  0.254105  0.240276  0.23574  0.234977  0.232452  0.216949  
0.855366  4  5.7874  5.34292  0  0.00530106  5.9201  5.57825  6.28496  6.66615  7.1535  7.59171  7.71283  8.35858  8.23609  9.1178  9.3516  9.6207  9.88356  10.0385  10.6578  10.6331  10.9489  11.3888  0.427683  1  0.964566  0.667865  0  0.000441755  0.422864  0.348641  0.349165  0.333307  0.325159  0.316321  0.296647  0.298521  0.274536  0.284931  0.275047  0.267242  0.260094  0.250963  0.253757  0.241662  0.238021  0.237267  
1.98062  2.66538  4.22204  4.85952  0.0988668  0.0257957  4.91247  5.4975  5.85848  6.14079  6.54225  6.81439  7.1837  8.39117  7.91464  8.97465  8.34872  8.67626  8.79566  9.0953  9.35877  9.8147  9.93202  10.1861  0.990312  0.666346  0.703673  0.60744  0.00988668  0.00214964  0.35089  0.343594  0.325471  0.307039  0.297375  0.283933  0.276296  0.299685  0.263821  0.280458  0.245551  0.241007  0.231465  0.227382  0.222828  0.223061  0.215913  0.212211  
0.810851  3.10117  6  8  0.113472  1.80891  2.42944  6.83183  6.43638  6.71  7.11338  7.7638  8.022  8.29267  8.90142  9.11115  9.49341  9.63039  9.98808  10.3122  10.585  10.602  11.0242  11.3441  0.405426  0.775292  1  1  0.0113472  0.150742  0.173532  0.426989  0.357577  0.3355  0.323335  0.323492  0.308538  0.296167  0.296714  0.284723  0.279218  0.267511  0.262844  0.257805  0.252024  0.240954  0.239657  0.236335  
2  4  2.40466  4.03177  0.488852  0.555691  4.91247  5.38722  5.82643  6.143  6.72988  6.74905  7.37334  7.82315  8.1965  7.83362  8.37312  8.67919  8.98356  8.88192  9.33363  9.94136  9.9842  10.1711  1  1  0.400777  0.503971  0.0488852  0.0463076  0.35089  0.336701  0.32369  0.30715  0.305904  0.28121  0.28359  0.279398  0.273217  0.244801  0.246268  0.241089  0.236409  0.222048  0.222229  0.22594  0.217048  0.211898  
1.11585  3.8675  2.98527  6.89663  0  0.248725  4.84966  5.38722  5.7763  6.14584  6.7836  6.85951  7.31332  7.82161  7.96592  8.13449  8.3859  9.0903  8.72929  9.2687  9.19583  10.8706  9.67191  9.59721  0.557926  0.966874  0.497546  0.862078  0  0.020727  0.346404  0.336701  0.320905  0.307292  0.308345  0.285813  0.281282  0.279343  0.265531  0.254203  0.246644  0.252508  0.229718  0.231717  0.218948  0.247059  0.210259  0.199942  
1.79631  3.52777  2.37922  5.31316  0.172426  0.885955  4.76696  5.36949  5.27636  5.97083  6.11864  6.55451  6.77055  6.73711  7.32789  7.55572  8.1281  8.13171  7.98126  8.74612  8.81768  8.71472  9.07795  9.26434  0.898155  0.881943  0.396536  0.664144  0.0172426  0.0738295  0.340497  0.335593  0.293131  0.298541  0.27812  0.273105  0.260406  0.240611  0.244263  0.236116  0.239062  0.225881  0.210033  0.218653  0.209945  0.198062  0.197347  0.193007  
0.77524  3.3672  6  5.58766  0.0582022  0.208681  4.90708  5.28535  5.78504  7.04198  6.92383  6.85603  7.1894  7.50383  8.04759  8.51283  8.27254  9.50779  9.17963  9.64733  10.5387  9.55855  10.2006  10.6467  0.38762  0.841801  1  0.698458  0.00582022  0.01739  0.350506  0.330334  0.321391  0.352099  0.314719  0.285668  0.276515  0.267994  0.268253  0.266026  0.24331  0.264105  0.241569  0.241183  0.250921  0.21724  0.221752  0.221806  
1.8505  3.87757  2.98527  3.25798  0  1.93475  4.84966  5.38722  5.80844  6.13816  6.93136  6.86872  6.79973  7.5284  7.8275  8.52954  8.378  9.14645  8.70163  9.26887  9.30348  9.39467  9.70034  9.59263  0.925251  0.969392  0.497546  0.407247  0  0.161229  0.346404  0.336701  0.322691  0.306908  0.315062  0.286197  0.261528  0.268871  0.260917  0.266548  0.246412  0.254068  0.22899  0.231722  0.221512  0.213515  0.210877  0.199846  
0.98428  3.32573  4.48651  5.66446  0.683782  1.86791  5.67309  5.64135  6.14949  6.33794  6.65711  7.00212  7.93613  7.57948  8.11743  8.47864  8.83836  9.17957  9.5664  10.3855  11.0603  10.4135  10.7042  10.9777  0.49214  0.831432  0.747752  0.708057  0.0683782  0.155659  0.405221  0.352585  0.341638  0.316897  0.302596  0.291755  0.305236  0.270696  0.270581  0.264957  0.259952  0.254988  0.251747  0.259636  0.26334  0.236671  0.2327  0.228702  
1.79631  2.86308  3.00467  4.7969  0.190513  1.89553  4.72028  5.36386  5.45696  6.12587  6.18416  6.90721  7.01935  7.35935  7.67616  7.87908  8.4749  8.56412  8.56132  9.13378  9.04884  8.88395  9.38841  9.62949  0.898155  0.715771  0.500778  0.599612  0.0190513  0.157961  0.337163  0.335241  0.303165  0.306294  0.281098  0.287801  0.269975  0.262834  0.255872  0.246221  0.249262  0.237892  0.225298  0.228345  0.215449  0.201908  0.204096  0.200614  
1.05276  1.99923  5.84781  7.30445  0.195771  0.252579  4.98102  5.25821  5.66485  6.10783  6.53222  6.90721  7.15645  7.68801  8.26919  8.14342  8.21473  9.33056  9.26465  9.20253  10.1771  9.43498  9.59231  10.3257  0.526378  0.499807  0.974636  0.913056  0.0195771  0.0210483  0.355787  0.328638  0.314714  0.305391  0.296919  0.287801  0.275248  0.274572  0.27564  0.254482  0.24161  0.259182  0.243807  0.230063  0.242313  0.214431  0.208529  0.21512  
1.91769  4  4.28648  0.381662  0.184868  1.98664  4.43531  5.19407  5.4406  5.91718  6.18804  6.83933  7.19613  7.07311  7.37877  7.67972  8.27235  8.28812  8.48458  8.58068  8.82747  9.12924  9.61725  9.2439  0.958847  1  0.714413  0.0477077  0.0184868  0.165553  0.316808  0.32463  0.302256  0.295859  0.281274  0.284972  0.276774  0.252611  0.245959  0.239991  0.243304  0.230225  0.223279  0.214517  0.210178  0.207483  0.209071  0.192581  
0.836602  3.69164  5.36382  3.05299  0.122342  4.65803  6.37026  5.59893  5.88704  6.29026  7.10962  7.12129  7.61768  7.9451  8.44626  8.92805  9.01197  9.50243  10.0086  9.84983  9.94061  10.2213  9.84138  11.2406  0.418301  0.922911  0.89397  0.381624  0.0122342  0.388169  0.455019  0.349933  0.327058  0.314513  0.323164  0.29672  0.292988  0.283754  0.281542  0.279001  0.265058  0.263956  0.263385  0.246246  0.236681  0.232302  0.213943  0.23418  
1.40847  3.83491  3.38786  2.925  0.0317404  4.67839  4.96413  5.51667  5.97407  6.13412  6.58866  6.64672  6.88585  7.61739  7.75875  8.43077  8.19022  9.81709  8.86276  9.27819  10.2516  8.45819  10.4568  10.4609  0.704236  0.958728  0.564644  0.365625  0.00317404  0.389866  0.354581  0.344792  0.331893  0.306706  0.299484  0.276947  0.26484  0.27205  0.258625  0.263462  0.240889  0.272697  0.233231  0.231955  0.244085  0.192232  0.227322  0.217935  
1.03372  1.87757  5.75276  6.06382  0.0140198  1.84742  4.84522  5.06036  5.59633  6.42724  6.74553  6.55376  6.82462  7.31575  7.71986  8.26009  8.08468  8.71606  8.51643  8.79146  8.94259  8.99133  9.28524  9.18446  0.51686  0.469392  0.958793  0.757978  0.00140198  0.153951  0.346087  0.316272  0.310907  0.321362  0.306615  0.273073  0.262485  0.261277  0.257329  0.258128  0.237785  0.242113  0.224117  0.219787  0.212919  0.204348  0.201853  0.191343  
1.60165  4  4.07542  0.708643  0  4.45545  5.29679  5.2864  5.61752  5.97311  6.12991  6.56563  7.05269  7.23226  7.45696  7.81433  7.97954  8.30664  9.09241  8.82269  8.78488  9.06247  9.87273  9.55922  0.800827  1  0.679236  0.0885804  0  0.371287  0.378342  0.3304  0.312085  0.298655  0.278632  0.273568  0.271257  0.258295  0.248565  0.244198  0.234692  0.23074  0.239274  0.220567  0.209164  0.205965  0.214625  0.19915  
0.476372  3.45558  6  3.28158  0  4.74906  5.38431  5.29965  5.97665  6.12587  6.52999  6.91601  7.25898  7.94271  7.79581  8.9013  8.77639  9.73051  9.21877  8.82863  10.447  10.7434  9.92523  10.6215  0.238186  0.863895  1  0.410198  0  0.395755  0.384593  0.331228  0.332036  0.306294  0.296818  0.288167  0.279191  0.283668  0.25986  0.278166  0.258129  0.270292  0.242599  0.220716  0.248737  0.244167  0.215766  0.221281  
1.91769  2.0387  5.59654  0.381662  0  4.10655  4.43531  4.97236  5.40953  5.91503  6.18804  5.91736  6.75648  6.90431  7.37546  7.0739  7.66887  7.87417  7.19824  8.18785  8.18318  9.30459  8.62441  8.62101  0.958847  0.509675  0.932757  0.0477077  0  0.342213  0.316808  0.310772  0.300529  0.295751  0.281274  0.246557  0.259865  0.246582  0.245849  0.221059  0.225555  0.218727  0.189427  0.204696  0.194838  0.211468  0.187487  0.179604  
1.0694  0.0779973  6  8  0  4.66494  4.80781  5.44658  6.05517  6.58415  6.87927  6.8532  7.27272  7.52684  8.29249  7.83638  8.32833  8.48127  8.73223  9.62618  9.40411  10.1191  10.3062  10.637  0.534698  0.0194993  1  1  0  0.388745  0.343415  0.340411  0.336398  0.329208  0.312694  0.28555  0.27972  0.268816  0.276416  0.244887  0.244951  0.235591  0.229796  0.240654  0.223907  0.22998  0.224048  0.221605  
2  4  0  0  3.52517  3.97243  4.38628  4.71668  5.41696  5.50839  5.72759  6.06581  6.39954  6.47935  6.71744  6.88061  7.17245  7.32801  7.30991  7.55104  8.0775  8.77377  7.91686  8.3381  1  1  0  0  0.352517  0.331036  0.313306  0.294792  0.300942  0.27542  0.260345  0.252742  0.246136  0.231405  0.223915  0.215019  0.210955  0.203556  0.192366  0.188776  0.192321  0.199404  0.172106  0.173711  
0.871232  3.84152  3.34244  3.02454  1.01282  4.55514  4.94896  5.05583  5.60189  6.01286  6.32559  6.87561  6.82088  7.25081  7.49822  7.84637  7.94958  8.09985  8.3287  8.95607  9.55633  9.67147  8.90474  8.99694  0.435616  0.960379  0.557073  0.378067  0.101282  0.379595  0.353497  0.315989  0.311216  0.300643  0.287527  0.286484  0.262342  0.258957  0.249941  0.245199  0.233811  0.224996  0.219176  0.223902  0.227532  0.219806  0.193581  0.187436  
1.52691  4  3.7443  0.196934  0  4.33267  4.48153  5.38722  5.53872  5.6489  5.97734  6.22475  6.69853  6.90693  7.34368  7.61105  7.28499  7.35991  7.85734  8.61331  8.62644  8.96852  8.85498  9.75362  0.763453  1  0.62405  0.0246168  0  0.361056  0.32011  0.336701  0.307706  0.282445  0.271697  0.259365  0.257636  0.246676  0.244789  0.237845  0.214264  0.204442  0.206772  0.215333  0.205391  0.20383  0.1925  0.2032  
1.00446  1.78719  4.07707  5.15352  2.15902  4.11668  4.46062  4.88819  5.27615  5.51915  5.99195  6.65906  6.44427  6.69639  7.38633  7.42042  8.48582  7.60832  7.75034  7.86309  8.76878  8.29775  8.55609  8.41526  0.502228  0.446798  0.679512  0.64419  0.215902  0.343057  0.318616  0.305512  0.29312  0.275958  0.272361  0.277461  0.247857  0.239157  0.246211  0.231888  0.249583  0.211342  0.203956  0.196577  0.20878  0.188585  0.186002  0.175318  
1.79631  4  3.1115  0  0  3.9542  4.43156  4.76384  5.10334  5.51915  5.76765  6.00138  6.46632  6.58913  6.82714  6.95843  7.42013  7.51963  7.13302  7.68497  7.78274  8.16171  7.89153  8.32659  0.898155  1  0.518583  0  0  0.329516  0.31654  0.29774  0.283519  0.275958  0.262166  0.250057  0.248705  0.235326  0.227571  0.217451  0.218239  0.208879  0.187711  0.192124  0.185303  0.185493  0.171555  0.173471  
0.250646  4  0  8  3.6567  4.36023  4.80031  5.02955  5.4428  5.7924  6.03849  6.57518  6.6924  6.89649  7.42616  7.60545  7.83084  7.7722  8.60179  8.62043  8.60323  9.31351  9.91103  9.06095  0.125323  1  0  1  0.36567  0.363353  0.342879  0.314347  0.302378  0.28962  0.274477  0.273966  0.2574  0.246303  0.247539  0.23767  0.230319  0.215894  0.226363  0.215511  0.204839  0.211671  0.215457  0.18877  
1.12749  4  3.23225  0.933575  1.82769  4.15967  4.48149  4.73349  5.47059  5.77012  5.76318  6.13766  6.87497  6.77542  6.78492  7.30527  7.42232  7.52897  8.10125  7.80249  8.15755  7.88869  9.06007  8.89832  0.563744  1  0.538709  0.116697  0.182769  0.346639  0.320106  0.295843  0.303922  0.288506  0.261963  0.255736  0.264422  0.241979  0.226164  0.22829  0.218303  0.209138  0.213191  0.195062  0.194227  0.179288  0.196958  0.185382  
0.0104799  2.69242  5.60931  5.31316  1.8543  4.27322  4.55055  5.15522  5.85708  5.67584  6.12712  6.55451  7.21086  6.73711  7.1799  7.75956  7.72045  8.25053  8.42652  8.59617  9.08459  9.31192  10.3332  9.26171  0.00523993  0.673104  0.934885  0.664144  0.18543  0.356102  0.32504  0.322201  0.325393  0.283792  0.278506  0.273105  0.277341  0.240611  0.23933  0.242486  0.227072  0.229181  0.22175  0.214904  0.2163  0.211635  0.224636  0.192952  
1.99476  3.94581  2.4471  0  0.121781  4.09397  4.40799  4.84454  5.27561  5.46715  5.94297  6.02846  6.60554  6.73336  6.69214  6.85735  7.22283  7.67472  7.34339  7.8531  8.32913  7.96761  8.07818  8.58293  0.99738  0.986452  0.40785  0  0.0121781  0.341164  0.314857  0.302784  0.293089  0.273358  0.270135  0.251186  0.254059  0.240477  0.223071  0.214292  0.212436  0.213187  0.193247  0.196328  0.198313  0.181082  0.175613  0.178811  
0.496468  3.83491  1.77796  3.97921  3.45953  3.94598  4.59388  4.80253  5.03883  5.47718  5.66339  6.37029  6.34347  6.70434  6.69946  7.17511  7.21957  7.39268  7.75034  7.94765  8.17741  8.04749  8.26569  8.28372  0.248234  0.958728  0.296327  0.497401  0.345953  0.328832  0.328134  0.300158  0.279935  0.273859  0.257427  0.265429  0.24398  0.239441  0.223315  0.224222  0.21234  0.205352  0.203956  0.198691  0.1947  0.182898  0.179689  0.172578  
1.63959  3.33585  0.100681  3.84655  3.48859  4.39261  5.29679  5.35338  5.43846  5.71338  6.12991  6.56563  7.05269  7.19697  7.96782  7.81433  8.08526  8.1921  8.79862  8.55901  8.57041  9.06247  9.08588  9.55922  0.819795  0.833962  0.0167801  0.480818  0.348859  0.366051  0.378342  0.334586  0.302137  0.285669  0.278632  0.273568  0.271257  0.257035  0.265594  0.244198  0.237802  0.227558  0.231543  0.213975  0.204057  0.205965  0.197519  0.19915  
0.3799  1.99433  4.98243  3.50808  3.65141  4.11317  4.30149  4.96437  5.78601  5.52803  5.72984  6.65501  6.63794  6.7972  6.89167  7.17772  7.51789  7.7304  7.60063  7.82182  7.98401  8.68651  8.62992  8.85482  0.18995  0.498582  0.830405  0.438509  0.365141  0.342764  0.307249  0.310273  0.321445  0.276401  0.260447  0.277292  0.255305  0.242757  0.229722  0.224304  0.221114  0.214733  0.200017  0.195545  0.190096  0.197421  0.187607  0.184475  
1.63357  4  0.465033  2.3883  2.39627  4.33267  4.48153  5.38722  5.74105  5.88846  6.19611  6.94225  6.69853  7.02423  7.34368  7.55237  7.84654  8.43267  8.12074  8.70358  8.85246  8.75906  8.90248  9.38106  0.816784  1  0.0775056  0.298538  0.239627  0.361056  0.32011  0.336701  0.318947  0.294423  0.281641  0.28926  0.257636  0.250866  0.244789  0.236011  0.23078  0.234241  0.213704  0.21759  0.210773  0.19907  0.193532  0.195439  
1.7747  0  0.0212199  6.925  3.3464  4.14346  4.29442  4.12181  4.63051  4.61438  5.15278  5.27102  5.37764  5.20909  6.00213  5.71051  5.79932  6.03834  5.87735  5.89264  6.15897  6.17883  6.38878  6.31839  0.88735  0  0.00353664  0.865625  0.33464  0.345289  0.306744  0.257613  0.257251  0.230719  0.234217  0.219626  0.206832  0.186039  0.200071  0.178453  0.170568  0.167732  0.154667  0.147316  0.146642  0.140428  0.138887  0.131633  
1.17475  3.32455  1.41776  2.15001  3.30256  4.09941  4.40799  4.84965  5.0228  5.51915  5.68875  6.03335  7.03505  6.69639  7.18975  6.97946  6.97872  7.11517  7.75034  7.86309  8.08399  7.9489  7.84367  8.11101  0.587377  0.831137  0.236293  0.268751  0.330256  0.341617  0.314857  0.303103  0.279044  0.275958  0.258579  0.251389  0.270579  0.239157  0.239658  0.218108  0.205256  0.197644  0.203956  0.196577  0.192476  0.180657  0.170515  0.168979  
0.751564  0.125588  5.55435  7.35122  1.07518  4.24745  4.46062  4.97925  5.39792  5.51915  5.76765  5.91718  6.41964  6.53516  7.0152  7.15129  7.39361  7.60832  7.75034  7.86309  7.83736  7.98279  8.81803  8.41526  0.375782  0.0313971  0.925725  0.918902  0.107518  0.353954  0.318616  0.311203  0.299885  0.275958  0.262166  0.246549  0.246909  0.233399  0.23384  0.223478  0.217459  0.211342  0.203956  0.196577  0.186604  0.181427  0.191696  0.175318  
1.98713  4  0.850095  0.736205  1.75596  4.06011  4.48896  5.21512  5.27561  5.46715  5.81517  6.43546  7.17008  6.81458  7.04361  7.25833  7.67566  7.60154  7.84153  7.87172  8.1922  8.32029  8.13354  8.41788  0.993565  1  0.141683  0.0920256  0.175596  0.338342  0.32064  0.325945  0.293089  0.273358  0.264326  0.268144  0.275772  0.243378  0.234787  0.226823  0.225755  0.211154  0.206356  0.196793  0.195052  0.189098  0.176816  0.175373  
1.09105  2.63379  2.95228  0  3.19961  3.81299  3.73071  4.68982  4.48154  5.0884  4.78281  5.48823  5.51249  5.76736  5.57213  6.66941  6.23263  6.31716  5.90487  6.74929  6.82121  6.89136  6.71384  6.60692  0.545526  0.658447  0.492046  0  0.319961  0.317749  0.26648  0.293114  0.248974  0.25442  0.217401  0.228676  0.212019  0.205977  0.185738  0.208419  0.183313  0.175477  0.155391  0.168732  0.16241  0.156622  0.145953  0.137644  
1.84641  3.00803  0.859382  1.37053  3.52249  4.07031  4.40799  4.76866  5.10309  5.47587  5.82585  6.30639  6.3191  6.13948  7.17926  7.18262  6.99047  7.46003  7.82364  7.92705  8.00214  7.8436  7.95192  8.4453  0.923207  0.752008  0.14323  0.171316  0.352249  0.339193  0.314857  0.298041  0.283505  0.273794  0.264811  0.262766  0.243042  0.219267  0.239309  0.224457  0.205602  0.207223  0.205885  0.198176  0.190527  0.178264  0.172868  0.175944  
1.09105  0.14075  2.95228  2.63816  3.37049  4.05859  4.62406  4.29924  4.12043  4.65653  4.50799  4.40472  4.41897  5.12161  4.62697  5.84981  5.14167  4.93696  4.81734  5.52411  5.00221  5.10093  4.9626  4.33471  0.545526  0.0351876  0.492046  0.32977  0.337049  0.338216  0.33029  0.268702  0.228913  0.232827  0.204909  0.18353  0.16996  0.182915  0.154232  0.182807  0.151226  0.137138  0.126772  0.138103  0.1191  0.11593  0.107883  0.0903065  
1.67974  4  0.030464  1.25894  3.75372  4.1195  4.4482  4.73349  5.28572  5.54461  5.71667  5.92997  6.52518  6.77542  6.78492  6.96832  7.40586  7.36223  7.82542  7.80249  7.83377  8.68966  8.91208  8.59557  0.839868  1  0.00507734  0.157368  0.375372  0.343292  0.317729  0.295843  0.293651  0.277231  0.259849  0.247082  0.250968  0.241979  0.226164  0.21776  0.217819  0.204506  0.205932  0.195062  0.186518  0.197492  0.193741  0.179074  
0.442074  2.54619  1.4686  1.79623  5.09786  3.94595  3.7142  3.73935  3.78622  3.96073  4.34037  4.15461  4.41385  3.94386  4.45563  4.71816  4.31155  2.78553  4.58077  4.36478  4.7021  4.18566  5.00596  4.16539  0.221037  0.636549  0.244767  0.224529  0.509786  0.328829  0.2653  0.233709  0.210346  0.198037  0.19729  0.173109  0.169764  0.140852  0.148521  0.147443  0.12681  0.0773758  0.120547  0.10912  0.111955  0.0951287  0.108825  0.0867789  
1.83123  2.14045  0.368231  1.53176  3.49352  3.5285  3.74782  4.67274  4.13057  4.97338  4.93661  4.99645  5.08781  5.49292  5.78073  6.23009  6.01908  5.98516  7.6727  5.81378  6.2656  5.85723  6.05052  6.47708  0.915615  0.535112  0.0613719  0.19147  0.349352  0.294042  0.267702  0.292046  0.229476  0.248669  0.224391  0.208185  0.195685  0.196176  0.192691  0.19469  0.177032  0.166255  0.201913  0.145345  0.149181  0.133119  0.131533  0.134939  
0.485988  0  6  5.99981  3.52468  4.16399  4.36177  4.73667  5.27561  5.46715  5.71968  6.29018  7.17008  6.53982  6.69214  6.9439  7.0714  7.38433  7.86754  7.75506  8.1922  7.94368  8.13354  8.68297  0.242994  0  1  0.749976  0.352468  0.346999  0.311555  0.296042  0.293089  0.273358  0.259986  0.262091  0.275772  0.233565  0.223071  0.216997  0.207982  0.20512  0.207041  0.193877  0.195052  0.180538  0.176816  0.180895  
1.97907  3.69559  0.515429  0  3.48951  4.11553  4.52279  4.73349  5.11348  5.53873  5.71856  6.00895  6.3476  6.70701  6.73537  6.93258  7.04911  7.63936  7.42161  7.4844  8.14678  7.99967  7.51425  8.23836  0.989533  0.923898  0.0859048  0  0.348951  0.34296  0.323057  0.295843  0.284082  0.276937  0.259935  0.250373  0.244139  0.239536  0.224512  0.216643  0.207327  0.212204  0.195306  0.18711  0.193971  0.181811  0.163353  0.171632  
0.715808  2.56859  0.718836  0.898117  3.30193  4.05859  4.04  3.53561  3.44243  4.26699  3.65137  3.36285  3.61524  3.78436  3.74342  4.83346  3.44211  3.41521  3.53033  4.33932  3.60796  2.99997  3.0969  4.3197  0.357904  0.642148  0.119806  0.112265  0.330193  0.338216  0.288571  0.220976  0.191246  0.21335  0.165971  0.140119  0.139048  0.135156  0.124781  0.151046  0.101239  0.094867  0.0929035  0.108483  0.0859037  0.0681812  0.0673238  0.0899938  
1.12792  4  0  1.13134  3.43497  3.61563  3.74782  7.23049  4.63922  5.12146  5.58188  5.41485  6.10454  5.72676  6.12141  6.72375  6.70001  6.48006  6.9445  6.94577  6.91952  7.02797  6.47777  7.10636  0.563962  1  0  0.141418  0.343497  0.301303  0.267702  0.451906  0.257734  0.256073  0.253722  0.225619  0.23479  0.204527  0.204047  0.210117  0.197059  0.180002  0.18275  0.173644  0.164751  0.159727  0.140821  0.148049  
0.0043041  1.23922  1.71115  1.03848  9.87139  4.06819  3.95817  3.62728  3.72205  3.87071  4.47644  3.86307  4.37443  4.14015  4.22344  5.02031  4.03247  4.20671  3.97446  4.27352  4.34568  4.6925  4.5257  4.34869  0.00215205  0.309804  0.285191  0.12981  0.987139  0.339016  0.282727  0.226705  0.206781  0.193535  0.203474  0.160961  0.168247  0.147862  0.140781  0.156885  0.118602  0.116853  0.104591  0.106838  0.103468  0.106648  0.0983848  0.0905978  
1.53787  4  0.521835  0  3.3504  3.79655  4.06306  4.23406  5.77636  5.22378  5.57431  5.49577  5.81219  5.86487  5.96522  6.69223  6.62478  6.51283  8.08309  6.89559  7.17401  6.84624  6.96678  7.09316  0.768933  1  0.0869725  0  0.33504  0.316379  0.290219  0.264629  0.320909  0.261189  0.253378  0.22899  0.223546  0.20946  0.198841  0.209132  0.194846  0.180912  0.212713  0.17239  0.17081  0.155596  0.151452  0.147774  
0  2.56859  0.46025  0  9.96383  4.07031  4.05153  3.62628  3.65018  3.79916  4.34541  3.95075  4.29374  3.91671  4.10796  4.37358  4.05759  4.04805  4.00435  4.08727  4.1406  4.40178  4.47668  3.61838  0  0.642148  0.0767084  0  0.996383  0.339193  0.289395  0.226643  0.202788  0.189958  0.197518  0.164615  0.165144  0.139883  0.136932  0.136674  0.119341  0.112446  0.105378  0.102182  0.0985858  0.10004  0.0973191  0.0753829  
1.62544  1.97913  0  0  5.14029  3.61563  3.74782  3.55549  3.73933  4.27507  4.45943  4.41495  4.30966  4.27145  4.51213  5.07544  4.71164  3.94683  4.71156  4.5167  4.09541  4.53466  4.33314  4.3833  0.812719  0.494783  0  0  0.514029  0.301303  0.267702  0.222218  0.207741  0.213754  0.202701  0.183956  0.165756  0.152552  0.150404  0.158608  0.138578  0.109634  0.123988  0.112917  0.0975098  0.10306  0.0941987  0.0913187  
0  0.185055  5.72483  8  3.48951  4.10192  4.32977  4.84475  5.08006  5.54174  5.69342  5.97526  6.3405  6.70347  7.12839  6.9212  7.04018  7.57186  7.29575  7.47971  7.67504  8.06629  7.5241  8.28533  0  0.0462637  0.954139  1  0.348951  0.341827  0.309269  0.302797  0.282225  0.277087  0.258792  0.248969  0.243865  0.23941  0.237613  0.216288  0.207064  0.210329  0.191993  0.186993  0.182739  0.183325  0.163567  0.172611  
2  4  0  0  3.52095  3.97402  4.38628  4.71668  5.31682  5.50396  5.66715  6.08018  6.40161  6.51428  6.67856  7.01345  7.12367  7.32213  7.3293  7.56984  8.12778  7.95239  7.77052  8.36813  1  1  0  0  0.352095  0.331168  0.313306  0.294792  0.295379  0.275198  0.257598  0.253341  0.246216  0.232653  0.222619  0.21917  0.20952  0.203393  0.192876  0.189246  0.193518  0.180736  0.168924  0.174336  
2  2.56859  0  0  3.45012  3.52731  3.6259  3.93291  3.9408  4.62886  4.39886  4.39753  4.36675  4.64327  4.66648  5.89787  4.53117  4.88276  4.80764  5.49043  5.88264  5.09717  5.57503  4.90892  1  0.642148  0  0  0.345012  0.293942  0.258993  0.245807  0.218934  0.231443  0.199948  0.18323  0.167952  0.165831  0.155549  0.184308  0.13327  0.135632  0.126517  0.137261  0.140063  0.115845  0.121196  0.102269  
