0.994073  3.24919  0.994073  3.24919  |||| 20292.1 |||| 20292.1 
1.07525  4.4502  1.07525  4.4502  |||| 5402.94 |||| 5402.94 
1.19313  4.39334  1.19313  4.39334  |||| 621.979 |||| 621.979 
1.03754  3.06263  1.03754  3.06263  |||| 120.387 |||| 120.387 
1.06493  4.47882  1.06493  4.47882  |||| 127.747 |||| 127.747 
1.58571  2.9711  1.58571  2.9711  |||| 49.0313 |||| 49.0313 
1.53545  4.34627  1.53545  4.34627  |||| 68.0837 |||| 68.0837 
0.964488  3.22198  0.964488  3.22198  |||| 35.6721 |||| 35.6721 
0.800614  2.99828  0.800614  2.99828  |||| 26.8113 |||| 26.8113 
0.780657  4.20388  0.780657  4.20388  |||| 38.9897 |||| 38.9897 
0.896805  3.03994  0.896805  3.03994  |||| 20.9831 |||| 20.9831 
1.413  2.53784  1.413  2.53784  |||| 13.5948 |||| 13.5948 
1.74503  4.45817  1.74503  4.45817  |||| 30.2231 |||| 30.2231 
1.21042  3.81401  1.21042  3.81401  |||| 22.1056 |||| 22.1056 
0.641008  3.84079  0.641008  3.84079  |||| 20.5472 |||| 20.5472 
1.20192  2.70681  1.20192  2.70681  |||| 10.7933 |||| 10.7933 
1.07056  4.06017  1.07056  4.06017  |||| 19.1958 |||| 19.1958 
0.91293  2.93829  0.91293  2.93829  |||| 10.8642 |||| 10.8642 
0.765309  4.43237  0.765309  4.43237  |||| 19.0797 |||| 19.0797 
0.796591  3.52864  0.796591  3.52864  |||| 12.9285 |||| 12.9285 
1.02951  3.12912  1.02951  3.12912  |||| 10.1133 |||| 10.1133 
0.993426  3.51844  0.993426  3.51844  |||| 11.5512 |||| 11.5512 
1.24037  3.61699  1.24037  3.61699  |||| 11.4588 |||| 11.4588 
1.2169  4.581  1.2169  4.581  |||| 15.32 |||| 15.32 
0.713627  3.90375  0.713627  3.90375  |||| 11.6893 |||| 11.6893 
1.25795  3.33241  1.25795  3.33241  |||| 8.80927 |||| 8.80927 
0.768328  4.44997  0.768328  4.44997  |||| 12.92 |||| 12.92 
1.35445  4.33043  1.35445  4.33043  |||| 11.9539 |||| 11.9539 
1.07136  4.48236  1.07136  4.48236  |||| 12.0647 |||| 12.0647 
1.31015  2.38877  1.31015  2.38877  |||| 4.16517 |||| 4.16517 
1.01154  4.03846  1.01154  4.03846  |||| 9.69162 |||| 9.69162 
0.857584  3.46927  0.857584  3.46927  |||| 7.47224 |||| 7.47224 
0.734145  4.5142  0.734145  4.5142  |||| 10.5847 |||| 10.5847 
1.08027  4.4219  1.08027  4.4219  |||| 9.96153 |||| 9.96153 
0.534958  3.6372  0.534958  3.6372  |||| 7.28884 |||| 7.28884 
1.07022  4.35237  1.07022  4.35237  |||| 9.16341 |||| 9.16341 
1.29836  3.73847  1.29836  3.73847  |||| 7.15399 |||| 7.15399 
1.25631  4.23815  1.25631  4.23815  |||| 8.33185 |||| 8.33185 
1.50022  3.77177  1.50022  3.77177  |||| 6.85139 |||| 6.85139 
1.31713  4.17912  1.31713  4.17912  |||| 7.73322 |||| 7.73322 
1.40946  3.60475  1.40946  3.60475  |||| 6.07033 |||| 6.07033 
1.41051  2.17858  1.41051  2.17858  |||| 2.37832 |||| 2.37832 
0.799946  4.41128  0.799946  4.41128  |||| 7.72217 |||| 7.72217 
0.898622  3.19523  0.898622  3.19523  |||| 4.66446 |||| 4.66446 
1.71155  4.61394  1.71155  4.61394  |||| 7.82609 |||| 7.82609 
1.19  4.54659  1.19  4.54659  |||| 7.49443 |||| 7.49443 
0.726499  4.34803  0.726499  4.34803  |||| 6.88873 |||| 6.88873 
1.34077  2.10923  1.34077  2.10923  |||| 1.91532 |||| 1.91532 
0.70749  4.44412  0.70749  4.44412  |||| 6.79496 |||| 6.79496 
1.08175  3.3378  1.08175  3.3378  |||| 4.3694 |||| 4.3694 
0.725837  4.49767  0.725837  4.49767  |||| 6.62297 |||| 6.62297 
0.722019  4.505  0.722019  4.505  |||| 6.50368 |||| 6.50368 
1.3996  2.15956  1.3996  2.15956  |||| 1.82334 |||| 1.82334 
1.38536  2.41164  1.38536  2.41164  |||| 2.26763 |||| 2.26763 
1.81257  2.71984  1.81257  2.71984  |||| 2.79975 |||| 2.79975 
1.13146  4.51426  1.13146  4.51426  |||| 6.03439 |||| 6.03439 
0.843394  2.94566  0.843394  2.94566  |||| 3.10307 |||| 3.10307 
0.942931  2.99826  0.942931  2.99826  |||| 3.14003 |||| 3.14003 
0.780509  4.33689  0.780509  4.33689  |||| 5.40633 |||| 5.40633 
1.47925  2.25736  1.47925  2.25736  |||| 2.28495 |||| 2.28495 
1.34814  3.95654  1.34814  3.95654  |||| 4.58433 |||| 4.58433 
0.658584  3.74585  0.658584  3.74585  |||| 4.16027 |||| 4.16027 
1.3284  2.84453  1.3284  2.84453  |||| 2.63151 |||| 2.63151 
1.3247  2.51371  1.3247  2.51371  |||| 2.12039 |||| 2.12039 
1.13815  3.67312  1.13815  3.67312  |||| 3.84653 |||| 3.84653 
1.0802  3.89106  1.0802  3.89106  |||| 4.12231 |||| 4.12231 
1.0196  3.77979  1.0196  3.77979  |||| 3.88932 |||| 3.88932 
0.987441  2.98418  0.987441  2.98418  |||| 2.63957 |||| 2.63957 
0.681795  4.43025  0.681795  4.43025  |||| 4.73093 |||| 4.73093 
1.56009  3.09159  1.56009  3.09159  |||| 3.29386 |||| 3.29386 
0.870298  3.70108  0.870298  3.70108  |||| 3.5496 |||| 3.5496 
1.31423  2.57069  1.31423  2.57069  |||| 2.6796 |||| 2.6796 
1.12282  4.52204  1.12282  4.52204  |||| 4.5901 |||| 4.5901 
0.915735  2.96321  0.915735  2.96321  |||| 2.38933 |||| 2.38933 
1.67782  4.40001  1.67782  4.40001  |||| 4.39219 |||| 4.39219 
0.875385  3.34394  0.875385  3.34394  |||| 2.83195 |||| 2.83195 
1.42566  2.46685  1.42566  2.46685  |||| 3.7144 |||| 3.7144 
1.53633  3.99654  1.53633  3.99654  |||| 4.36155 |||| 4.36155 
1.66447  2.84452  1.66447  2.84452  |||| 5.14845 |||| 5.14845 
1.16972  4.57  1.16972  4.57  |||| 4.23616 |||| 4.23616 
1.03696  3.54917  1.03696  3.54917  |||| 2.90778 |||| 2.90778 
1.32751  2.11583  1.32751  2.11583  |||| 4.1984 |||| 4.1984 
1.16555  4.58227  1.16555  4.58227  |||| 4.09322 |||| 4.09322 
0.765489  4.33551  0.765489  4.33551  |||| 3.74628 |||| 3.74628 
0.776982  3.87705  0.776982  3.87705  |||| 3.15628 |||| 3.15628 
0.790206  3.72875  0.790206  3.72875  |||| 2.94442 |||| 2.94442 
0.754915  4.19283  0.754915  4.19283  |||| 3.44781 |||| 3.44781 
1.06602  4.10895  1.06602  4.10895  |||| 4.16356 |||| 4.16356 
1.76419  4.02188  1.76419  4.02188  |||| 10.4752 |||| 10.4752 
1.53677  2.39042  1.53677  2.39042  |||| 9.35023 |||| 9.35023 
1.11484  4.02871  1.11484  4.02871  |||| 5.98193 |||| 5.98193 
1.24275  3.79944  1.24275  3.79944  |||| 8.16042 |||| 8.16042 
1.69562  1.21998  1.69562  1.21998  |||| 15.166 |||| 15.166 
1.22396  3.34169  1.22396  3.34169  |||| 10.388 |||| 10.388 
0.67556  3.76564  0.67556  3.76564  |||| 2.69702 |||| 2.69702 
0.954563  3.02695  0.954563  3.02695  |||| 9.13806 |||| 9.13806 
0.792343  4.56009  0.792343  4.56009  |||| 7.20679 |||| 7.20679 
0.77789  3.11214  0.77789  3.11214  |||| 9.52294 |||| 9.52294 
0.832645  2.86285  0.832645  2.86285  |||| 19.449 |||| 19.449 
1.14101  4.21065  1.14101  4.21065  |||| 118.786 |||| 118.786 
1.99985  0.000198227  0.634849  3.80663  |||| 1.99985 |||| 38066.3 
0.000395063  3.95136  0.815673  1.62082  |||| 3.95136 |||| 8156.73 
1.99441  0.0102271  0.383348  2.42105  |||| 2.00464 |||| 474.526 
1.98765  0.0308954  1.48494  1.53625  |||| 2.01855 |||| 100.369 
1.98266  0.051902  1.23715  2.45738  |||| 2.03456 |||| 96.3295 
1.97847  0.0732766  0.391432  2.39302  |||| 2.05175 |||| 67.0046 
1.97475  0.0950416  1.34385  0.979255  |||| 2.06979 |||| 21.326 
1.97136  0.117216  1.1134  3.99737  |||| 2.08857 |||| 71.2259 
1.96819  0.139817  1.39964  0.804035  |||| 2.10801 |||| 12.1224 
1.9652  0.162862  0.846781  1.60578  |||| 2.12807 |||| 20.9822 
1.96235  0.18636  2  2.09221e-08  |||| 2.14872 |||| 2.18994 
1.95961  0.210348  2.00602  0.0060194  |||| 2.16996 |||| 2.22136 
1.95695  0.234832  1.08372  3.99394  |||| 2.19178 |||| 37.2767 
1.95437  0.259829  1.31762  1.36879  |||| 2.21419 |||| 11.6645 
1.95184  0.285357  1.64202  3.81781  |||| 2.2372 |||| 29.9316 
1.94937  0.311437  1.68335  3.99528  |||| 2.2608 |||| 29.0028 
1.94693  0.338089  1.1615  3.5932  |||| 2.28502 |||| 24.2851 
1.94453  0.365335  2.00067  0.00461619  |||| 2.30986 |||| 2.37655 
1.94215  0.393195  1.69886  4.01301  |||| 2.33534 |||| 23.8349 
1.93979  0.421693  1.17941  3.36549  |||| 2.36149 |||| 18.8468 
1.93745  0.450855  0.849402  1.61793  |||| 2.38831 |||| 8.57062 
1.93512  0.4807  0.242747  3.96341  |||| 2.41582 |||| 19.9187 
1.9328  0.511258  0.211589  3.99247  |||| 2.44406 |||| 19.0859 
1.93048  0.542554  0.767727  1.99365  |||| 2.47304 |||| 9.08734 
1.92816  0.574619  1.72073  3.89586  |||| 2.50278 |||| 16.9686 
1.92584  0.60748  1.35268  0.914049  |||| 2.53332 |||| 3.81178 
1.92351  0.64117  1.97307  0.105775  |||| 2.56468 |||| 2.63076 
1.92117  0.675722  1.98082  0.060873  |||| 2.5969 |||| 2.67752 
1.91882  0.711171  1.92049  0.685948  |||| 2.62999 |||| 2.63228 
1.91646  0.747552  1.4852  1.48018  |||| 2.66401 |||| 5.27482 
1.91407  0.784905  1.94654  0.497227  |||| 2.69898 |||| 2.74476 
1.38951  0.794947  0.607606  3.97354  |||| 2.64085 |||| 13.2003 
1.38951  0.794947  1.50496  1.79391  |||| 2.55426 |||| 5.76406 
1.38951  0.794947  0.353509  2.61688  |||| 2.47317 |||| 8.1414 
1.38951  0.794947  0.638622  3.73053  |||| 2.39707 |||| 11.249 
1.3895  0.794947  1.5355  2.32373  |||| 2.32552 |||| 6.79779 
1.38951  0.794947  1.86251  1.7173  |||| 2.25811 |||| 4.87812 
1.38951  0.794947  1.87804  1.81943  |||| 2.1945 |||| 5.02266 
1.37424  0.815608  0.790934  1.77832  |||| 2.18985 |||| 4.77467 
1.3654  0.846322  1.60503  3.4265  |||| 2.21172 |||| 8.9546 
1.3586  0.879096  0.686689  3.25742  |||| 2.2377 |||| 8.29161 
1.35278  0.913412  0.59807  3.98491  |||| 2.26619 |||| 9.88662 
1.34753  0.949125  2  3.46996e-08  |||| 2.29665 |||| 3.40869 
1.34266  0.986199  1.59335  3.24542  |||| 2.32886 |||| 7.6639 
1.33806  1.02464  0.857914  1.62475  |||| 2.3627 |||| 3.74648 
1.33366  1.06448  1.22852  2.60861  |||| 2.39814 |||| 5.87686 
1.3294  1.10577  2.0093  0.00929893  |||| 2.43517 |||| 3.68059 
1.32525  1.14855  0.827824  1.60069  |||| 2.4738 |||| 3.44764 
1.32117  1.1929  0.784043  1.84024  |||| 2.51407 |||| 3.87835 
1.31714  1.2389  1.72133  3.89216  |||| 2.55604 |||| 8.03014 
1.31315  1.28662  1.27397  1.91456  |||| 2.59977 |||| 3.8686 
1.30916  1.33616  0.770933  1.99667  |||| 2.64532 |||| 3.95299 
1.30518  1.38761  1.97723  0.0988582  |||| 2.69279 |||| 4.07934 
1.30117  1.44108  1.64485  3.8395  |||| 2.74226 |||| 7.30624 
1.29714  1.4967  1.46222  1.20201  |||| 2.79384 |||| 3.14939 
1.29307  1.55458  0.57974  3.864  |||| 2.84765 |||| 7.07799 
0.832973  1.59328  1.44838  1.06635  |||| 2.86498 |||| 3.26301 
0.832972  1.59328  0.975534  2.96382  |||| 2.81335 |||| 5.23342 
0.832973  1.59328  0.184995  3.85008  |||| 2.76356 |||| 6.67801 
0.832973  1.59328  1.08357  3.99073  |||| 2.7155 |||| 6.80158 
0.832973  1.59328  1.18158  3.45433  |||| 2.66908 |||| 5.78674 
0.832974  1.59328  1.45345  1.14385  |||| 2.62422 |||| 3.69969 
0.832973  1.59328  1.67546  3.98212  |||| 2.58084 |||| 6.45037 
0.832972  1.59328  0.798001  1.85124  |||| 2.53888 |||| 2.94995 
0.832973  1.59328  1.16103  3.59414  |||| 2.49826 |||| 5.63562 
0.832974  1.59328  1.26561  1.97973  |||| 2.45892 |||| 3.59508 
0.828482  1.59513  0.789596  1.87035  |||| 2.42362 |||| 2.84177 
0.81153  1.63554  0.16025  3.59216  |||| 2.44707 |||| 5.37453 
0.800472  1.68988  1.36824  0.83499  |||| 2.49035 |||| 4.25673 
0.79128  1.7512  0.666655  3.4068  |||| 2.54248 |||| 4.94616 
0.783019  1.8182  0.589998  3.99823  |||| 2.60122 |||| 5.72009 
0.775279  1.8906  0.0412119  3.95818  |||| 2.66588 |||| 5.58132 
0.767833  1.96845  1.21175  2.93433  |||| 2.73628 |||| 4.31824 
0.760529  2.05199  1.41531  0.851926  |||| 2.81252 |||| 5.23399 
0.753254  2.14161  0.464063  2.89754  |||| 2.89486 |||| 3.91667 
0.745916  2.23775  0.78464  1.85282  |||| 2.98366 |||| 3.13856 
0.738428  2.34097  1.22999  2.57846  |||| 3.0794 |||| 5.12931 
0.391236  2.38997  0.960983  2.78686  |||| 3.10222 |||| 4.18561 
0.391236  2.38997  0.556931  3.90367  |||| 3.06166 |||| 5.00078 
0.391236  2.38997  1.96679  0.150421  |||| 3.02216 |||| 9.4022 
0.391236  2.38997  2  2.6389e-08  |||| 2.98366 |||| 10.0513 
0.391237  2.38997  0.0992512  3.19704  |||| 2.94613 |||| 3.94101 
0.391236  2.38997  0.0364943  3.97358  |||| 2.90953 |||| 4.8374 
0.391236  2.38997  0.189688  3.8881  |||| 2.87383 |||| 4.67526 
0.391235  2.38997  0.0899598  3.24697  |||| 2.839 |||| 3.857 
0.391236  2.38997  0.129975  3.27634  |||| 2.805 |||| 3.84528 
0.383072  2.39775  0.515039  3.54867  |||| 2.78082 |||| 4.11562 
0.362982  2.4828  1.67948  3.99221  |||| 2.84578 |||| 13.1671 
0.34721  2.61162  0.833578  1.59331  |||| 2.95883 |||| 7.10353 
0.332641  2.772  0.868695  1.6921  |||| 3.10464 |||| 8.10781 
0.31805  2.96288  0.913377  2.03217  |||| 3.28093 |||| 9.4222 
0.107418  3.18052  0.316848  2.97959  |||| 3.48258 |||| 3.65307 
0.107419  3.18052  0.126122  3.24378  |||| 3.4441 |||| 3.51261 
0.107421  3.18052  1.40385  0.808383  |||| 3.40646 |||| 21.1658 
0.10742  3.18052  0.0536272  3.85243  |||| 3.36963 |||| 4.0815 
0.107418  3.18052  0.138469  3.35195  |||| 3.33359 |||| 3.51327 
0.107418  3.18052  0.97702  3.0185  |||| 3.29832 |||| 27.3566 
0.0858828  3.28072  1.9949  0.136181  |||| 3.36661 |||| 78.1999 
0.0570721  3.67164  0.780304  1.84257  |||| 3.72872 |||| 50.9799 
0.00426491  3.8951  0.17016  3.67642  |||| 3.91507 |||| 33.3514 
