2.00086 0.00105067
0.100898 4.10003
2.00074 0.00988832
2.0005 0.027854
2.00046 0.0392453
2.00037 0.0683453
2.00009 0.0921024
1.99985 0.111817
1.99949 0.135224
1.99931 0.152064
1.99892 0.180953
1.99815 0.20449
1.99754 0.227904
1.99679 0.253059
1.99632 0.275022
1.99518 0.303402
1.99447 0.324799
1.99293 0.356314
1.99177 0.383865
1.99038 0.410539
1.98899 0.439707
1.9874 0.469712
1.9857 0.499686
1.98353 0.530215
1.98137 0.561524
1.9791 0.591572
1.97673 0.625205
1.97379 0.658957
1.97099 0.694205
1.96794 0.729513
1.9646 0.764874
1.96101 0.802328
1.95718 0.839404
1.95293 0.878387
1.94855 0.917888
1.94367 0.957969
1.93849 0.999479
1.93312 1.04179
1.92724 1.08485
1.92102 1.12865
1.91432 1.17419
1.90749 1.22107
1.89927 1.26696
1.89149 1.31632
1.88315 1.36473
1.87312 1.41537
1.86372 1.46696
1.85335 1.51804
1.84346 1.57183
1.83166 1.62922
1.81822 1.68276
1.80523 1.74064
1.79142 1.79855
1.77671 1.85685
1.75943 1.91447
1.74375 1.97576
1.72664 2.03791
1.70764 2.09886
1.68797 2.16146
1.67058 2.22954
1.64769 2.29179
1.62594 2.35789
1.60129 2.42191
1.57677 2.48847
1.551 2.55455
1.52458 2.6231
1.49626 2.68837
1.47604 2.77354
1.43038 2.81062
1.39748 2.87141
1.36503 2.93729
1.33055 2.9997
1.29362 3.05869
1.25725 3.12152
1.21933 3.18095
1.18098 3.24175
1.14006 3.29709
1.09921 3.35153
1.05593 3.40229
1.01486 3.4572
0.971404 3.50597
0.929721 3.56539
0.888079 3.6232
0.843285 3.67318
0.799952 3.7234
0.754798 3.76874
0.709037 3.80896
0.662553 3.84657
0.61698 3.88452
0.5696 3.91239
0.522941 3.93723
0.47649 3.96201
0.430351 3.98427
0.385515 4.01149
0.339669 4.02997
0.29491 4.04721
0.250284 4.06461
0.207346 4.0854
0.127463 4.0992
0.106168 4.09999
