0.987331548977463
0.986910679275328
0.987271833682767
0.986748807543759
0.984869965129453
0.987063217965161
0.987032854870737
0.986512887612196
0.984545678244823
0.986249393082713
0.986957051498058
0.9870434995732
0.983952833143973
0.985591705005103
0.98623341344933
0.987224316734142
0.987165683127136
0.988220900880481
0.984065699132337
0.987742066727466
0.987318266575377
0.986726905402802
0.987336918027668
0.986420643043583
0.986645748990082
0.9841661662553
0.986320511500669
0.987557244879943
0.986664112139234
0.987279507679096
0.987115124851388
0.987067675307673
0.985880462709798
0.986708230272063
0.987013995776294
