2.20035 0.200521
0.0875955 4.08719
2.20016 0.20934
2.2001 0.2308
2.19998 0.254493
2.19981 0.278506
2.19953 0.301862
2.1992 0.325896
2.19881 0.350183
2.19827 0.375175
2.19769 0.400462
2.197 0.426681
2.19623 0.452918
2.19531 0.479294
2.19431 0.507916
2.1931 0.535871
2.19175 0.565613
2.19024 0.59546
2.18834 0.625516
2.18622 0.655631
2.18336 0.687357
2.17972 0.719302
2.17487 0.752145
2.1676 0.785033
2.15798 0.817294
2.14417 0.84877
2.12453 0.879033
2.11417 0.912271
2.1106 0.949093
2.10657 0.986577
2.10273 1.02304
2.09818 1.06157
2.09357 1.1055
2.08821 1.14654
2.08239 1.18906
2.0767 1.23261
2.07041 1.27613
2.06345 1.32207
2.05643 1.36844
2.04866 1.41536
2.03941 1.46266
2.02463 1.50705
2.00528 1.55104
1.97352 1.5853
1.95311 1.6269
1.94026 1.67705
1.92849 1.73056
1.91637 1.78398
1.90344 1.8391
1.88934 1.89541
1.87529 1.95131
1.85975 2.00867
1.84428 2.06699
1.82592 2.12466
1.80385 2.17947
1.7714 2.2234
1.72677 2.25378
1.70431 2.31026
1.6826 2.36978
1.6603 2.432
1.63732 2.49494
1.61338 2.55677
1.58788 2.61951
1.56083 2.68208
1.53143 2.74338
1.49597 2.79283
1.4418 2.81475
1.40896 2.86324
1.37775 2.92473
1.34571 2.98562
1.30999 3.03904
1.27666 3.10059
1.24054 3.15765
1.20397 3.21464
1.16531 3.26886
1.12741 3.32321
1.08944 3.37649
1.04981 3.43183
1.00891 3.47663
0.965171 3.51915
0.923767 3.56972
0.883342 3.62303
0.84071 3.67262
0.799033 3.72038
0.756382 3.76328
0.711468 3.8029
0.668304 3.83965
0.62314 3.87366
0.578519 3.90302
0.530994 3.93172
0.489222 3.95341
0.444902 3.97636
0.400868 3.99358
0.356435 4.00986
0.313936 4.02987
0.271749 4.04712
0.228097 4.06208
0.188433 4.07122
0.147481 4.08023
0.106834 4.08587
