1.81605  9.34944e-16  1.81605  9.34944e-16  |||| 0.6047 |||| 0.6047 
1.86117  2.31922e-16  1.86117  2.31922e-16  |||| 6498.25 |||| 6498.25 
1.78408  1.36318e-23  1.78408  1.36318e-23  |||| 0.575668 |||| 0.575668 
1.84742  2.98965e-13  1.84742  2.98965e-13  |||| 0.645959 |||| 0.645959 
2.10581  4.54267e-34  2.10581  4.54267e-34  |||| 0.91788 |||| 0.91788 
1.43562  1.38152e-18  1.43562  1.38152e-18  |||| 0.232578 |||| 0.232578 
1.63364  3.88742e-147  1.63364  3.88742e-147  |||| 0.442616 |||| 0.442616 
1.95043  4.66928e-47  1.95043  4.66928e-47  |||| 0.783028 |||| 0.783028 
1.70499  5.43491e-54  1.70499  5.43491e-54  |||| 0.528713 |||| 0.528713 
1.8549  3.94327e-94  1.8549  3.94327e-94  |||| 0.696891 |||| 0.696891 
1.8889  8.98521e-181  1.8889  8.98521e-181  |||| 0.741905 |||| 0.741905 
2.20063  1.31081e-16  2.20063  1.31081e-16  |||| 1.09547 |||| 1.09547 
1.71629  3.00922e-30  1.71629  3.00922e-30  |||| 0.565538 |||| 0.565538 
1.88157  2.85319e-08  1.88157  2.85319e-08  |||| 0.759333 |||| 0.759333 
1.92364  1.17672e-07  1.92364  1.17672e-07  |||| 0.816436 |||| 0.816436 
1.88466  0.0123484  1.88466  0.0123484  |||| 0.780882 |||| 0.780882 
1.96715  7.06174e-109  1.96715  7.06174e-109  |||| 0.887048 |||| 0.887048 
1.81642  0.0103518  1.81642  0.0103518  |||| 0.718759 |||| 0.718759 
1.57596  3.34969e-14  1.57596  3.34969e-14  |||| 0.438427 |||| 0.438427 
1.91533  6.82136e-16  1.91533  6.82136e-16  |||| 0.857027 |||| 0.857027 
2.12763  0.799261  2.12763  0.799261  |||| 4.23391 |||| 4.23391 
1.65748  1.12935e-195  1.65748  1.12935e-195  |||| 0.556952 |||| 0.556952 
1.36471  2.62196e-27  1.36471  2.62196e-27  |||| 0.193933 |||| 0.193933 
1.9286  1.60514e-81  1.9286  1.60514e-81  |||| 0.918841 |||| 0.918841 
2.12478  4.31377e-11  2.12478  4.31377e-11  |||| 1.18565 |||| 1.18565 
1.64714  0.000315454  1.64714  0.000315454  |||| 0.573259 |||| 0.573259 
1.87102  1.92385e-40  1.87102  1.92385e-40  |||| 0.87957 |||| 0.87957 
2.07941  8.97849e-08  2.07941  8.97849e-08  |||| 1.17338 |||| 1.17338 
2.15876  2.34261e-40  2.15876  2.34261e-40  |||| 1.29855 |||| 1.29855 
1.88656  6.40082e-96  1.88656  6.40082e-96  |||| 0.938595 |||| 0.938595 
1.52849  3.8222e-38  1.52849  3.8222e-38  |||| 0.447196 |||| 0.447196 
2.40648  4.46762e-19  2.40648  4.46762e-19  |||| 1.70982 |||| 1.70982 
1.96106  2.96684e-32  1.96106  2.96684e-32  |||| 1.08847 |||| 1.08847 
2.20663  5.67306e-120  2.20663  5.67306e-120  |||| 1.46673 |||| 1.46673 
1.89079  0.128214  1.89079  0.128214  |||| 1.01658 |||| 1.01658 
1.61779  1.25543e-99  1.61779  1.25543e-99  |||| 0.617545 |||| 0.617545 
1.81927  7.17141e-35  1.81927  7.17141e-35  |||| 0.938211 |||| 0.938211 
2.12054  1.02336e-57  2.12054  1.02336e-57  |||| 1.42562 |||| 1.42562 
1.40843  6.18991e-33  1.40843  6.18991e-33  |||| 0.314057 |||| 0.314057 
1.84687  8.38253e-36  1.84687  8.38253e-36  |||| 1.02945 |||| 1.02945 
1.78034  2.48672e-51  1.78034  2.48672e-51  |||| 0.937163 |||| 0.937163 
1.76056  1.96936e-67  1.76056  1.96936e-67  |||| 0.920045 |||| 0.920045 
1.50509  3.16464e-34  1.50509  3.16464e-34  |||| 0.500635 |||| 0.500635 
2.74604  1.56761e-15  2.74604  1.56761e-15  |||| 2.66195 |||| 2.66195 
1.83682  6.17315e-66  1.83682  6.17315e-66  |||| 1.10443 |||| 1.10443 
2.21939  0.00617052  2.21939  0.00617052  |||| 1.81262 |||| 1.81262 
2.00385  1.30049e-41  2.00385  1.30049e-41  |||| 1.45168 |||| 1.45168 
1.93907  6.27838e-53  1.93907  6.27838e-53  |||| 1.35841 |||| 1.35841 
2.12049  0.0279394  2.12049  0.0279394  |||| 1.73002 |||| 1.73002 
2.029  1.9322e-07  2.029  1.9322e-07  |||| 1.58673 |||| 1.58673 
1.65743  5.06385e-64  1.65743  5.06385e-64  |||| 0.883152 |||| 0.883152 
2.12877  0.0125917  2.12877  0.0125917  |||| 1.85376 |||| 1.85376 
1.95566  2.25982e-28  1.95566  2.25982e-28  |||| 1.53563 |||| 1.53563 
1.66066  0.184724  1.66066  0.184724  |||| 0.946937 |||| 0.946937 
1.85333  5.27369e-28  1.85333  5.27369e-28  |||| 1.38274 |||| 1.38274 
1.80595  3.71435e-24  1.80595  3.71435e-24  |||| 1.30947 |||| 1.30947 
1.77488  1.00987e-43  1.77488  1.00987e-43  |||| 1.26957 |||| 1.26957 
2.1599  9.96584e-85  2.1599  9.96584e-85  |||| 2.18726 |||| 2.18726 
1.48931  1.27641e-77  1.48931  1.27641e-77  |||| 0.656396 |||| 0.656396 
1.67562  4.81515e-32  1.67562  4.81515e-32  |||| 1.12344 |||| 1.12344 
2.07249  1.20463e-19  2.07249  1.20463e-19  |||| 2.13652 |||| 2.13652 
1.73654  5.75004e-51  1.73654  5.75004e-51  |||| 1.33685 |||| 1.33685 
1.39004  0.0275348  1.39004  0.0275348  |||| 0.466978 |||| 0.466978 
1.8405  4.41e-22  1.8405  4.41e-22  |||| 1.68923 |||| 1.68923 
2.326  9.25173e-17  2.326  9.25173e-17  |||| 3.07708 |||| 3.07708 
1.95292  1.30968e-23  1.95292  1.30968e-23  |||| 2.1065 |||| 2.1065 
1.55946  6.6826e-12  1.55946  6.6826e-12  |||| 1.01836 |||| 1.01836 
1.70329  2.11377e-13  1.70329  2.11377e-13  |||| 1.48341 |||| 1.48341 
2.17117  9.39781e-112  2.17117  9.39781e-112  |||| 2.98613 |||| 2.98613 
1.33471  6.76624e-74  1.33471  6.76624e-74  |||| 0.396387 |||| 0.396387 
2.14785  1.33787e-82  2.14785  1.33787e-82  |||| 3.11111 |||| 3.11111 
1.51141  1.58611e-11  1.51141  1.58611e-11  |||| 1.03178 |||| 1.03178 
1.83339  4.7045e-97  1.83339  4.7045e-97  |||| 2.21673 |||| 2.21673 
2.15855  5.30729e-42  2.15855  5.30729e-42  |||| 3.50285 |||| 3.50285 
1.64296  0.00092352  1.64296  0.00092352  |||| 1.65874 |||| 1.65874 
1.84327  5.33214e-123  1.84327  5.33214e-123  |||| 2.5277 |||| 2.5277 
1.79522  3.28497e-53  1.79522  3.28497e-53  |||| 2.43488 |||| 2.43488 
1.96252  8.55969e-109  1.96252  8.55969e-109  |||| 3.27178 |||| 3.27178 
1.83674  2.71808e-29  1.83674  2.71808e-29  |||| 2.85063 |||| 2.85063 
1.88575  4.58095e-10  1.88575  4.58095e-10  |||| 3.22397 |||| 3.22397 
1.81073  2.70036e-47  1.81073  2.70036e-47  |||| 3.01229 |||| 3.01229 
1.71456  5.17314e-09  1.71456  5.17314e-09  |||| 2.66566 |||| 2.66566 
2.05724  1.53475e-88  2.05724  1.53475e-88  |||| 4.737 |||| 4.737 
1.79453  9.88125e-09  1.79453  9.88125e-09  |||| 3.46379 |||| 3.46379 
1.93602  4.30825e-73  1.93602  4.30825e-73  |||| 4.58181 |||| 4.58181 
1.21135  1.40348e-12  1.21135  1.40348e-12  |||| 1.64719e-12 |||| 1.64719e-12 
1.71801  1.26939e-49  1.71801  1.26939e-49  |||| 3.67798 |||| 3.67798 
1.66138  0.0114677  1.66138  0.0114677  |||| 3.52825 |||| 3.52825 
1.75663  3.28769e-46  1.75663  3.28769e-46  |||| 4.64674 |||| 4.64674 
2.01325  2.52216e-15  2.01325  2.52216e-15  |||| 7.4844 |||| 7.4844 
1.99783  9.73958e-14  1.99783  9.73958e-14  |||| 8.11319 |||| 8.11319 
1.79972  5.45424e-13  1.79972  5.45424e-13  |||| 6.78359 |||| 6.78359 
2.1051  7.71424e-41  2.1051  7.71424e-41  |||| 11.6784 |||| 11.6784 
2.07069  6.55477e-30  2.07069  6.55477e-30  |||| 12.9562 |||| 12.9562 
1.59892  7.49877e-09  1.59892  7.49877e-09  |||| 6.90585 |||| 6.90585 
2.17914  1.43068e-32  2.17914  1.43068e-32  |||| 21.0763 |||| 21.0763 
1.96959  7.38228e-10  1.96959  7.38228e-10  |||| 21.2309 |||| 21.2309 
1.88767  6.73548e-162  1.88767  6.73548e-162  |||| 26.512 |||| 26.512 
2.60571  6.08908e-49  2.60571  6.08908e-49  |||| 91.0983 |||| 91.0983 
2.16294  4.95633e-42  2.16294  4.95633e-42  |||| 186.512 |||| 186.512 
1  9.99913e-05  1  9.99913e-05  |||| 1 |||| 1 
9.92259e-05  1  9.92317e-05  1.00006  |||| 1 |||| 1.00006 
0.999987  0.00512808  0.935412  0.35356  |||| 1.00511 |||| 69.2977 
0.999879  0.0155417  1.00059  0.0415364  |||| 1.01542 |||| 2.71372 
0.999658  0.0261686  0.999994  0.0261775  |||| 1.02583 |||| 1.02617 
0.999315  0.0370107  0.999315  0.0370107  |||| 1.03633 |||| 1.03633 
0.998844  0.0480724  0.998844  0.0480724  |||| 1.04692 |||| 1.04692 
0.998237  0.0593538  0.998304  0.0593578  |||| 1.05759 |||| 1.05766 
0.997486  0.0708593  0.997486  0.0708593  |||| 1.06835 |||| 1.06835 
0.996584  0.0825896  0.935571  0.35314  |||| 1.07917 |||| 4.61436 
0.99552  0.0945462  0.997721  0.0947552  |||| 1.09007 |||| 1.09248 
0.994288  0.106731  0.724988  0.688761  |||| 1.10102 |||| 7.10511 
0.992877  0.119145  0.993761  0.119251  |||| 1.11202 |||| 1.11301 
0.991278  0.131788  0.996038  0.122717  |||| 1.12307 |||| 1.12846 
0.989481  0.144661  0.989591  0.144677  |||| 1.13414 |||| 1.13427 
0.987477  0.157762  0.987611  0.157784  |||| 1.14524 |||| 1.14539 
0.985255  0.171091  0.987461  0.171474  |||| 1.15635 |||| 1.15894 
0.982805  0.184647  0.982805  0.184647  |||| 1.16745 |||| 1.16745 
0.980116  0.198428  0.980531  0.198512  |||| 1.17854 |||| 1.17904 
0.977177  0.212429  0.981328  0.213332  |||| 1.18961 |||| 1.19466 
0.973977  0.226649  0.939333  0.344971  |||| 1.20063 |||| 1.82741 
0.970505  0.241081  0.878419  0.481909  |||| 1.21159 |||| 2.42189 
0.96675  0.255722  0.959275  0.297492  |||| 1.22247 |||| 1.42215 
0.962702  0.270563  0.145826  0.991803  |||| 1.23327 |||| 4.52077 
0.958349  0.285601  0.958349  0.285601  |||| 1.24395 |||| 1.24395 
0.953679  0.300825  0.95368  0.300825  |||| 1.2545 |||| 1.25451 
0.948683  0.316228  0.948737  0.316245  |||| 1.26491 |||| 1.26498 
0.94335  0.331798  0.991991  0.126589  |||| 1.27515 |||| 1.3409 
0.93767  0.347527  0.935871  0.352344  |||| 1.2852 |||| 1.30301 
0.931633  0.363401  0.497392  0.868371  |||| 1.29504 |||| 3.09456 
0.925229  0.379409  0.925229  0.379409  |||| 1.30464 |||| 1.30464 
0.918451  0.395536  0.978776  0.204935  |||| 1.31399 |||| 1.40029 
0.911289  0.411767  0.872663  0.490345  |||| 1.32306 |||| 1.57554 
0.903738  0.428086  0.903738  0.428086  |||| 1.33183 |||| 1.33183 
0.895791  0.444476  0.998829  0.0563946  |||| 1.34027 |||| 1.49443 
0.887442  0.46092  0.806187  0.591661  |||| 1.34836 |||| 1.73083 
0.878687  0.477398  0.723781  0.69003  |||| 1.35609 |||| 1.96008 
0.869526  0.493888  0.869657  0.493963  |||| 1.36342 |||| 1.36362 
0.859951  0.510376  0.816595  0.57721  |||| 1.37033 |||| 1.54977 
0.849965  0.526838  0.564443  0.825472  |||| 1.3768 |||| 2.15723 
0.839571  0.54325  0.84223  0.544971  |||| 1.38282 |||| 1.3872 
0.828767  0.559594  1.00181  0.0196881  |||| 1.38836 |||| 1.67825 
0.817559  0.575845  0.818944  0.57682  |||| 1.3934 |||| 1.39576 
0.805952  0.591981  0.806511  0.592391  |||| 1.39793 |||| 1.3989 
0.793952  0.60798  0.793952  0.60798  |||| 1.40193 |||| 1.40193 
0.781567  0.623821  0.967715  0.252045  |||| 1.40539 |||| 1.74011 
0.768809  0.639478  0.768809  0.639478  |||| 1.40829 |||| 1.40829 
0.755689  0.654931  0.755689  0.654931  |||| 1.41062 |||| 1.41062 
0.742218  0.670159  0.370688  0.93018  |||| 1.41238 |||| 1.96038 
0.728411  0.68514  0.728897  0.685597  |||| 1.41355 |||| 1.41449 
0.714285  0.699855  0.714285  0.699855  |||| 1.41414 |||| 1.41414 
0.699855  0.714285  0.703025  0.71752  |||| 1.41414 |||| 1.42055 
0.68514  0.728411  0.193236  0.981167  |||| 1.41355 |||| 1.90405 
0.670158  0.742218  0.670158  0.742218  |||| 1.41238 |||| 1.41238 
0.654931  0.755689  0.898317  0.439348  |||| 1.41062 |||| 1.93483 
0.639477  0.76881  0.639675  0.769049  |||| 1.40829 |||| 1.40873 
0.623821  0.781567  0.623848  0.781601  |||| 1.40539 |||| 1.40545 
0.60798  0.793952  0.988902  0.148569  |||| 1.40193 |||| 2.28029 
0.591981  0.805952  0.592484  0.806637  |||| 1.39793 |||| 1.39912 
0.575844  0.81756  0.748832  0.66277  |||| 1.39341 |||| 1.81199 
0.559594  0.828767  0.132475  0.991186  |||| 1.38836 |||| 1.66045 
0.543251  0.839571  0.543251  0.839571  |||| 1.38282 |||| 1.38282 
0.526838  0.849966  0.526838  0.849966  |||| 1.3768 |||| 1.3768 
0.510376  0.859952  0.0768269  0.998952  |||| 1.37033 |||| 1.59183 
0.493889  0.869525  0.493999  0.869719  |||| 1.36342 |||| 1.36372 
0.477398  0.878687  0.477955  0.879713  |||| 1.35609 |||| 1.35767 
0.460918  0.887443  0.516462  0.856796  |||| 1.34836 |||| 1.51084 
0.444477  0.89579  0.444477  0.89579  |||| 1.34027 |||| 1.34027 
0.428086  0.903738  0.0834437  0.996512  |||| 1.33183 |||| 1.46855 
0.411767  0.911289  0.980383  0.197853  |||| 1.32306 |||| 3.15009 
0.395536  0.91845  0.395838  0.919153  |||| 1.31399 |||| 1.31499 
0.379409  0.925229  1.00003  0.00122925  |||| 1.30464 |||| 3.4387 
0.363401  0.931633  0.365505  0.937027  |||| 1.29504 |||| 1.30253 
0.347528  0.93767  0.348159  0.939374  |||| 1.2852 |||| 1.28753 
0.331799  0.94335  0.993683  0.112219  |||| 1.27515 |||| 3.81886 
0.316227  0.948684  0.316227  0.948684  |||| 1.26491 |||| 1.26491 
0.300825  0.953679  0.967983  0.251015  |||| 1.2545 |||| 4.03669 
0.2856  0.958349  0.285618  0.958408  |||| 1.24395 |||| 1.24403 
0.270563  0.962702  0.970846  0.239703  |||| 1.23327 |||| 4.42525 
0.255721  0.966751  0.258587  0.977588  |||| 1.22247 |||| 1.23618 
0.241081  0.970505  0.58291  0.813305  |||| 1.21159 |||| 2.92949 
0.226649  0.973977  0.226649  0.973977  |||| 1.20063 |||| 1.20063 
0.212429  0.977176  0.212441  0.977232  |||| 1.18961 |||| 1.18967 
0.198427  0.980116  0.198427  0.980116  |||| 1.17854 |||| 1.17854 
0.184647  0.982805  0.381213  0.927276  |||| 1.16745 |||| 2.41025 
0.17109  0.985255  0.697707  0.716471  |||| 1.15635 |||| 4.71554 
0.157761  0.987477  0.900876  0.434216  |||| 1.14524 |||| 6.5397 
0.144659  0.989482  0.821756  0.570603  |||| 1.13414 |||| 6.44257 
0.131788  0.991278  0.332555  0.943256  |||| 1.12307 |||| 2.83395 
0.119143  0.992877  0.119146  0.9929  |||| 1.11202 |||| 1.11205 
0.106731  0.994288  0.106744  0.994406  |||| 1.10102 |||| 1.10115 
0.0945454  0.995521  0.0945454  0.995521  |||| 1.09007 |||| 1.09007 
0.0825873  0.996584  0.156701  0.992293  |||| 1.07917 |||| 2.04756 
0.0708587  0.997486  0.0709033  0.998114  |||| 1.06835 |||| 1.06902 
0.0593536  0.998237  0.0593556  0.998272  |||| 1.05759 |||| 1.05763 
0.0480702  0.998844  0.0480702  0.998844  |||| 1.04692 |||| 1.04692 
0.0370108  0.999315  0.0370114  0.999332  |||| 1.03633 |||| 1.03634 
0.0261689  0.999658  0.00606426  1  |||| 1.02583 |||| 1.02618 
0.015542  0.999879  1.00013  0.00113377  |||| 1.01542 |||| 65.3418 
0.00512771  0.999987  0.00512771  0.999987  |||| 1.00511 |||| 1.00511 
