2.11318  3.09224  2.11318  3.09224  |||| 10721.4 |||| 10721.4 
1.8464  3.42869  1.8464  3.42869  |||| 13377.3 |||| 13377.3 
1.39414  4.15323  1.39414  4.15323  |||| 418.094 |||| 418.094 
2.0162  3.23858  2.0162  3.23858  |||| 79.6078 |||| 79.6078 
1.2601  4.20531  1.2601  4.20531  |||| 85.6604 |||| 85.6604 
1.70144  3.64198  1.70144  3.64198  |||| 45.4126 |||| 45.4126 
0.822706  4.53689  0.822706  4.53689  |||| 54.81 |||| 54.81 
1.64841  3.55735  1.64841  3.55735  |||| 27.3911 |||| 27.3911 
1.21465  4.31587  1.21465  4.31587  |||| 34.6132 |||| 34.6132 
1.79806  3.43588  1.79806  3.43588  |||| 18.4996 |||| 18.4996 
1.76698  3.2949  1.76698  3.2949  |||| 14.6978 |||| 14.6978 
2.13582  2.70033  2.13582  2.70033  |||| 7.01713 |||| 7.01713 
1.62997  3.62378  1.62997  3.62378  |||| 14.9676 |||| 14.9676 
0.648472  4.55459  0.648472  4.55459  |||| 21.5983 |||| 21.5983 
0.919275  4.24699  0.919275  4.24699  |||| 17.4589 |||| 17.4589 
1.23014  4.30655  1.23014  4.30655  |||| 16.598 |||| 16.598 
1.61212  3.95007  1.61212  3.95007  |||| 13.044 |||| 13.044 
1.72357  3.55431  1.72357  3.55431  |||| 9.70021 |||| 9.70021 
1.46857  3.91354  1.46857  3.91354  |||| 11.2459 |||| 11.2459 
2.10295  2.49181  2.10295  2.49181  |||| 2.6416 |||| 2.6416 
1.62464  3.98718  1.62464  3.98718  |||| 10.4202 |||| 10.4202 
1.68479  3.86439  1.68479  3.86439  |||| 9.26872 |||| 9.26872 
2.03927  2.5424  2.03927  2.5424  |||| 2.49686 |||| 2.49686 
1.22945  4.3687  1.22945  4.3687  |||| 10.7053 |||| 10.7053 
1.7461  3.53725  1.7461  3.53725  |||| 6.60802 |||| 6.60802 
1.85102  3.76346  1.85102  3.76346  |||| 7.27018 |||| 7.27018 
0.773733  4.43995  0.773733  4.43995  |||| 9.67939 |||| 9.67939 
1.30096  4.26125  1.30096  4.26125  |||| 8.61305 |||| 8.61305 
1.77496  3.51018  1.77496  3.51018  |||| 5.51048 |||| 5.51048 
0.564481  4.54276  0.564481  4.54276  |||| 8.98985 |||| 8.98985 
1.49322  3.96912  1.49322  3.96912  |||| 6.70191 |||| 6.70191 
1.13871  4.27742  1.13871  4.27742  |||| 7.49891 |||| 7.49891 
0.997653  4.49415  0.997653  4.49415  |||| 7.94941 |||| 7.94941 
1.95494  3.16284  1.95494  3.16284  |||| 3.55519 |||| 3.55519 
0.829418  4.44767  0.829418  4.44767  |||| 7.32007 |||| 7.32007 
1.13871  4.38983  1.13871  4.38983  |||| 6.93234 |||| 6.93234 
0.610999  4.41297  0.610999  4.41297  |||| 6.79712 |||| 6.79712 
1.45419  4.03072  1.45419  4.03072  |||| 5.55044 |||| 5.55044 
0.930807  4.42394  0.930807  4.42394  |||| 6.45416 |||| 6.45416 
1.44117  4.17181  1.44117  4.17181  |||| 5.62315 |||| 5.62315 
0.857856  4.35272  0.857856  4.35272  |||| 5.93759 |||| 5.93759 
2.11405  2.46256  2.11405  2.46256  |||| 2.68935 |||| 2.68935 
2.13558  2.95708  2.13558  2.95708  |||| 2.77281 |||| 2.77281 
2.19238  2.537  2.19238  2.537  |||| 2.92042 |||| 2.92042 
1.9787  2.93031  1.9787  2.93031  |||| 2.59573 |||| 2.59573 
0.927646  4.45162  0.927646  4.45162  |||| 5.4779 |||| 5.4779 
2.0863  2.95974  2.0863  2.95974  |||| 2.88987 |||| 2.88987 
2.17922  2.33412  2.17922  2.33412  |||| 3.11836 |||| 3.11836 
2.26968  2.36866  2.26968  2.36866  |||| 3.35104 |||| 3.35104 
1.64968  3.59377  1.64968  3.59377  |||| 3.24673 |||| 3.24673 
1.65859  3.91416  1.65859  3.91416  |||| 3.82718 |||| 3.82718 
1.73898  3.68343  1.73898  3.68343  |||| 3.29305 |||| 3.29305 
0.508671  4.44573  0.508671  4.44573  |||| 4.70717 |||| 4.70717 
0.669137  4.54998  0.669137  4.54998  |||| 4.81415 |||| 4.81415 
1.54113  3.8528  1.54113  3.8528  |||| 3.42104 |||| 3.42104 
1.73691  3.64377  1.73691  3.64377  |||| 2.97419 |||| 2.97419 
1.20993  4.10488  1.20993  4.10488  |||| 3.74878 |||| 3.74878 
1.97867  3.26301  1.97867  3.26301  |||| 3.38965 |||| 3.38965 
1.87525  3.36645  1.87525  3.36645  |||| 3.22711 |||| 3.22711 
1.73815  3.21331  1.73815  3.21331  |||| 2.97503 |||| 2.97503 
1.86229  3.65775  1.86229  3.65775  |||| 3.35835 |||| 3.35835 
1.08724  4.40482  1.08724  4.40482  |||| 3.92777 |||| 3.92777 
2.16376  3.18281  2.16376  3.18281  |||| 4.32531 |||| 4.32531 
1.22637  4.16237  1.22637  4.16237  |||| 3.4137 |||| 3.4137 
0.643869  4.47961  0.643869  4.47961  |||| 3.85652 |||| 3.85652 
2.37944  2.0201  2.37944  2.0201  |||| 5.31408 |||| 5.31408 
1.80834  3.42671  1.80834  3.42671  |||| 3.80202 |||| 3.80202 
1.14604  4.17939  1.14604  4.17939  |||| 3.2307 |||| 3.2307 
1.46781  3.75163  1.46781  3.75163  |||| 2.98398 |||| 2.98398 
1.70646  3.66979  1.70646  3.66979  |||| 3.84864 |||| 3.84864 
1.11417  4.2386  1.11417  4.2386  |||| 3.17391 |||| 3.17391 
1.36339  3.96485  1.36339  3.96485  |||| 2.93903 |||| 2.93903 
0.801823  4.61638  0.801823  4.61638  |||| 3.60902 |||| 3.60902 
1.14307  4.41158  1.14307  4.41158  |||| 3.27783 |||| 3.27783 
2.25391  2.59506  2.25391  2.59506  |||| 6.7072 |||| 6.7072 
2.28302  2.60022  2.28302  2.60022  |||| 7.09742 |||| 7.09742 
1.59203  3.91891  1.59203  3.91891  |||| 4.51783 |||| 4.51783 
1.73492  3.70337  1.73492  3.70337  |||| 5.341 |||| 5.341 
1.65606  3.48057  1.65606  3.48057  |||| 5.22996 |||| 5.22996 
1.22687  4.14391  1.22687  4.14391  |||| 3.43333 |||| 3.43333 
1.30344  4.29991  1.30344  4.29991  |||| 3.99423 |||| 3.99423 
0.997651  4.26788  0.997651  4.26788  |||| 2.77085 |||| 2.77085 
1.42073  4.06535  1.42073  4.06535  |||| 5.10755 |||| 5.10755 
0.608607  4.5059  0.608607  4.5059  |||| 2.98906 |||| 2.98906 
1.68826  3.48342  1.68826  3.48342  |||| 7.45804 |||| 7.45804 
2.02584  3.45589  2.02584  3.45589  |||| 10.254 |||| 10.254 
2.09133  2.58469  2.09133  2.58469  |||| 11.489 |||| 11.489 
2.04843  2.85054  2.04843  2.85054  |||| 12.0717 |||| 12.0717 
1.51207  4.02702  1.51207  4.02702  |||| 8.55067 |||| 8.55067 
1.14897  4.3193  1.14897  4.3193  |||| 5.97612 |||| 5.97612 
1.93465  3.37025  1.93465  3.37025  |||| 14.7101 |||| 14.7101 
1.62959  3.62033  1.62959  3.62033  |||| 12.9235 |||| 12.9235 
2.18107  3.0669  2.18107  3.0669  |||| 21.8527 |||| 21.8527 
1.56967  3.98158  1.56967  3.98158  |||| 15.9966 |||| 15.9966 
0.685977  4.57148  0.685977  4.57148  |||| 3.15927 |||| 3.15927 
2.01382  2.99181  2.01382  2.99181  |||| 32.7789 |||| 32.7789 
0.930925  4.38375  0.930925  4.38375  |||| 11.8231 |||| 11.8231 
1.84309  3.45839  1.84309  3.45839  |||| 52.3093 |||| 52.3093 
1.31201  4.08579  1.31201  4.08579  |||| 52.485 |||| 52.485 
0.871631  4.50974  0.871631  4.50974  |||| 71.1403 |||| 71.1403 
2  9.42733e-05  1.45842  2.7372  |||| 1.99984 |||| 27372 
0.000441593  4  1.95656  0.829151  |||| 4 |||| 19564 
1.99999  0.0102267  1.23112  3.15239  |||| 2.01009 |||| 617.869 
1.99994  0.0310746  1.99994  0.0310746  |||| 2.03087 |||| 2.03087 
1.99983  0.0523467  1.75338  1.92424  |||| 2.05202 |||| 75.4302 
1.99966  0.0740419  1.84935  1.55417  |||| 2.07356 |||| 43.5167 
1.99942  0.096217  1.54259  2.54948  |||| 2.09549 |||| 55.522 
1.99912  0.118855  1.01711  3.4546  |||| 2.11782 |||| 61.5547 
1.99874  0.141973  1.85012  1.5193  |||| 2.14056 |||| 22.9064 
1.99829  0.165589  1.88402  1.36038  |||| 2.16372 |||| 17.7756 
1.99775  0.189711  1.96964  0.694294  |||| 2.18731 |||| 8.0048 
1.99713  0.21436  1.85944  1.47309  |||| 2.21134 |||| 15.1961 
1.99641  0.239547  1.74106  1.96852  |||| 2.23581 |||| 18.3729 
1.9956  0.26528  1.99278  0.339887  |||| 2.26073 |||| 2.89642 
1.99468  0.291589  1.7434  1.96143  |||| 2.28612 |||| 15.3776 
1.99365  0.318477  0.873506  3.6044  |||| 2.31198 |||| 26.1653 
1.99251  0.34597  1.99709  0.288465  |||| 2.33833 |||| 2.34371 
1.99124  0.374075  1.401  2.85462  |||| 2.36516 |||| 18.0486 
1.98983  0.40281  1.20064  3.20241  |||| 2.39249 |||| 19.0204 
1.98829  0.432197  1.67871  2.18886  |||| 2.42034 |||| 12.2576 
1.9866  0.462248  1.35117  2.95009  |||| 2.4487 |||| 15.6274 
1.98475  0.492981  1.60923  2.38919  |||| 2.47759 |||| 12.0072 
1.98274  0.52442  1.89637  1.27086  |||| 2.50701 |||| 6.07532 
1.98054  0.556574  1.3868  2.88399  |||| 2.53697 |||| 13.1456 
1.97816  0.589471  1.46658  2.71968  |||| 2.56748 |||| 11.8457 
1.97558  0.623114  1.11288  3.33022  |||| 2.59855 |||| 13.8877 
1.97279  0.657537  0.864009  3.60749  |||| 2.63018 |||| 14.4299 
1.96978  0.692756  1.96978  0.692756  |||| 2.66238 |||| 2.66238 
1.96652  0.728785  1.54988  2.52815  |||| 2.69516 |||| 9.34938 
1.96302  0.765643  1.23449  3.15503  |||| 2.72852 |||| 11.2434 
1.95925  0.803358  1.92161  1.10892  |||| 2.76246 |||| 3.81312 
1.95519  0.841941  1.6642  2.2185  |||| 2.79699 |||| 7.36995 
1.95084  0.88141  1.9521  0.88185  |||| 2.8321 |||| 2.83393 
1.94617  0.921788  1.33206  2.99219  |||| 2.86781 |||| 9.30903 
1.94116  0.963085  1.23089  3.15957  |||| 2.90411 |||| 9.5273 
1.9358  1.00532  1.81354  1.70518  |||| 2.94098 |||| 4.98828 
1.93006  1.04852  1.93007  1.04852  |||| 2.97844 |||| 2.97844 
1.92393  1.09269  1.57224  2.4723  |||| 3.01648 |||| 6.82494 
1.91737  1.13786  1.93949  0.976492  |||| 3.05508 |||| 3.09032 
1.91037  1.18401  1.62509  2.33206  |||| 3.09424 |||| 6.09445 
1.9029  1.23119  1.71228  2.08852  |||| 3.13394 |||| 5.31622 
1.89494  1.27937  0.689121  3.75507  |||| 3.17417 |||| 9.31638 
1.88645  1.32861  1.0862  3.36914  |||| 3.2149 |||| 8.15249 
1.87741  1.37887  1.5511  2.52514  |||| 3.25613 |||| 5.963 
1.8678  1.43016  1.06546  3.38515  |||| 3.29781 |||| 7.80576 
1.85756  1.48251  1.04956  3.40495  |||| 3.33993 |||| 7.67092 
1.84669  1.53589  1.93639  1.00079  |||| 3.38244 |||| 3.54675 
1.83514  1.5903  1.82561  1.64059  |||| 3.4253 |||| 3.53358 
1.82288  1.64574  1.89802  1.29262  |||| 3.46848 |||| 3.61147 
1.80987  1.70219  1.89915  1.25424  |||| 3.51192 |||| 3.68518 
1.79609  1.75963  1.79609  1.75963  |||| 3.55558 |||| 3.55558 
1.78148  1.81805  1.57713  2.47149  |||| 3.59938 |||| 4.89305 
1.76603  1.87738  1.89499  1.27907  |||| 3.64328 |||| 3.90935 
1.74968  1.93763  1.9485  0.901891  |||| 3.68718 |||| 4.10618 
1.73241  1.99875  1.86434  1.44822  |||| 3.73101 |||| 4.01517 
1.71418  2.06067  1.57221  2.47242  |||| 3.7747 |||| 4.52891 
1.69495  2.12336  1.5867  2.45624  |||| 3.81815 |||| 4.41673 
1.67468  2.18673  1.59075  2.42528  |||| 3.86126 |||| 4.28247 
1.65335  2.25071  1.77347  1.84911  |||| 3.90394 |||| 4.1876 
1.63091  2.31527  1.95714  0.823683  |||| 3.94603 |||| 4.73542 
1.60736  2.38026  1.96385  0.827788  |||| 3.98749 |||| 4.87195 
1.58263  2.44564  1.25355  3.11714  |||| 4.02811 |||| 5.13412 
1.55673  2.51126  1.64249  2.28231  |||| 4.06784 |||| 4.29196 
1.52962  2.57705  1.89642  1.27055  |||| 4.10652 |||| 5.09135 
1.50129  2.64281  1.38834  2.90217  |||| 4.14399 |||| 4.5506 
1.47173  2.70854  1.62537  2.34604  |||| 4.18011 |||| 4.61656 
1.44091  2.774  1.97931  0.589221  |||| 4.21476 |||| 5.78977 
1.40887  2.83909  1.40266  2.85874  |||| 4.2478 |||| 4.2772 
1.37558  2.90367  1.55221  2.52242  |||| 4.27909 |||| 4.8286 
1.34104  2.96757  1.56174  2.50213  |||| 4.30847 |||| 5.01755 
1.30531  3.03062  1.92307  1.09871  |||| 4.33578 |||| 6.388 
1.26838  3.09271  1.32197  3.00161  |||| 4.36094 |||| 4.54519 
1.2303  3.15365  0.634569  3.80079  |||| 4.3838 |||| 5.28336 
1.19109  3.21329  1.67464  2.19717  |||| 4.40423 |||| 6.19245 
1.15081  3.27147  1.15149  3.27142  |||| 4.42213 |||| 4.42474 
1.10952  3.32808  1.66974  2.20904  |||| 4.43745 |||| 6.67835 
1.06725  3.3829  1.06725  3.38289  |||| 4.44999 |||| 4.44999 
1.02409  3.43586  1.08417  3.3665  |||| 4.45979 |||| 4.72148 
0.980107  3.4868  0.980112  3.48676  |||| 4.46675 |||| 4.46677 
0.935366  3.53559  0.78232  3.68129  |||| 4.47081 |||| 4.65505 
0.889988  3.58213  1.21476  3.19095  |||| 4.47197 |||| 6.10416 
0.844009  3.62638  1.45307  2.74853  |||| 4.47025 |||| 7.6965 
0.797578  3.66817  1.55831  2.50733  |||| 4.4656 |||| 8.72569 
0.750733  3.70751  0.749401  3.71425  |||| 4.4581 |||| 4.46622 
0.703628  3.74429  1.96672  0.736659  |||| 4.44776 |||| 12.4338 
0.656291  3.77851  0.550561  3.84627  |||| 4.43466 |||| 4.51418 
0.608804  3.81017  0.609356  3.81034  |||| 4.4189 |||| 4.42235 
0.561414  3.83917  1.32032  3.00452  |||| 4.40046 |||| 10.3501 
0.514067  3.86561  0.516425  3.86643  |||| 4.37953 |||| 4.39951 
0.466859  3.8895  1.75312  1.92518  |||| 4.35623 |||| 16.361 
0.419937  3.91083  1.23503  3.15082  |||| 4.33064 |||| 12.7387 
0.373097  3.92978  1.36147  2.93012  |||| 4.303 |||| 15.6951 
0.327162  3.94612  1.48838  2.67409  |||| 4.27315 |||| 19.4461 
0.281354  3.96022  0.539958  3.85591  |||| 4.24155 |||| 8.13855 
0.236236  3.972  0.870399  3.60768  |||| 4.20817 |||| 15.5062 
0.191659  3.98159  1.69071  2.13682  |||| 4.17322 |||| 36.8165 
0.147893  3.98905  0.440773  3.90165  |||| 4.13679 |||| 12.3373 
0.104695  3.99452  0.0899597  3.99836  |||| 4.09908 |||| 4.10303 
0.0622204  3.99806  1.81397  1.68791  |||| 4.06021 |||| 118.503 
0.0194951  3.99981  0.788016  3.67647  |||| 4.02032 |||| 154.421 
