0.66447  0.770155  4.23307  0.66447  0.770155  4.23307  |||| 23536.8 |||| 23536.8 
0.802591  0.83392  6.57736  0.802591  0.83392  6.57736  |||| 46979.6 |||| 46979.6 
0.656761  0.758601  6.42818  0.656761  0.758601  6.42818  |||| 3389.7 |||| 3389.7 
0.941916  0.616025  4.19883  0.941916  0.616025  4.19883  |||| 64.612 |||| 64.612 
0.645694  3.50085  4.40166  0.645694  3.50085  4.40166  |||| 81.1318 |||| 81.1318 
0.724552  0.908048  6.54895  0.724552  0.908048  6.54895  |||| 38.7821 |||| 38.7821 
0.582233  0.581107  5.7759  0.582233  0.581107  5.7759  |||| 164.103 |||| 164.103 
0.778679  1.53987  5.64896  0.778679  1.53987  5.64896  |||| 28.0021 |||| 28.0021 
0.519921  1.89086  3.53647  0.519921  1.89086  3.53647  |||| 18.5573 |||| 18.5573 
0.505451  0.534762  5.24483  0.505451  0.534762  5.24483  |||| 14.858 |||| 14.858 
0.738146  0.913168  5.4061  0.738146  0.913168  5.4061  |||| 202.929 |||| 202.929 
0.411794  0.419631  6.26036  0.411794  0.419631  6.26036  |||| 26.3102 |||| 26.3102 
0.672057  1.83967  4.82348  0.672057  1.83967  4.82348  |||| 30.104 |||| 30.104 
0.643722  1.57775  3.41236  0.643722  1.57775  3.41236  |||| 18.7735 |||| 18.7735 
0.543814  1.15062  5.10403  0.543814  1.15062  5.10403  |||| 49.9478 |||| 49.9478 
0.692621  1.40117  5.27288  0.692621  1.40117  5.27288  |||| 13.75 |||| 13.75 
0.619832  0.517598  6.10082  0.619832  0.517598  6.10082  |||| 25.8642 |||| 25.8642 
0.667562  0.683547  5.48868  0.667562  0.683547  5.48868  |||| 10.9216 |||| 10.9216 
0.887682  1.73562  3.79915  0.887682  1.73562  3.79915  |||| 153.68 |||| 153.68 
0.970673  0.808723  6.18108  0.970673  0.808723  6.18108  |||| 19.6329 |||| 19.6329 
0.538146  0.943908  4.55393  0.538146  0.943908  4.55393  |||| 22.3883 |||| 22.3883 
0.79276  0.679195  6.47948  0.79276  0.679195  6.47948  |||| 13.4827 |||| 13.4827 
0.711175  0.629355  6.05907  0.711175  0.629355  6.05907  |||| 59.6611 |||| 59.6611 
0.55135  0.700765  6.27396  0.55135  0.700765  6.27396  |||| 14.5665 |||| 14.5665 
0.663586  1.94231  3.08473  0.663586  1.94231  3.08473  |||| 6.30203 |||| 6.30203 
0.523014  1.77919  2.96179  0.523014  1.77919  2.96179  |||| 30.1106 |||| 30.1106 
0.645853  0.589119  6.4956  0.645853  0.589119  6.4956  |||| 100.038 |||| 100.038 
0.656461  1.2225  4.56362  0.656461  1.2225  4.56362  |||| 8.99537 |||| 8.99537 
0.667244  1.8001  4.58332  0.667244  1.8001  4.58332  |||| 15.3415 |||| 15.3415 
0.781635  0.883018  5.87644  0.781635  0.883018  5.87644  |||| 9.06335 |||| 9.06335 
0.606699  1.02146  6.38663  0.606699  1.02146  6.38663  |||| 38.6974 |||| 38.6974 
0.569574  1.86817  3.24061  0.569574  1.86817  3.24061  |||| 9.50166 |||| 9.50166 
1.18913  1.21379  2.22514  1.18913  1.21379  2.22514  |||| 2.7107 |||| 2.7107 
0.712004  0.665682  4.81156  0.712004  0.665682  4.81156  |||| 14.0414 |||| 14.0414 
1.61059  0.637141  3.89806  1.61059  0.637141  3.89806  |||| 226.713 |||| 226.713 
0.838133  1.05867  3.04147  0.838133  1.05867  3.04147  |||| 3.89355 |||| 3.89355 
0.544777  0.53391  5.92626  0.544777  0.53391  5.92626  |||| 25.9247 |||| 25.9247 
0.651534  0.732903  4.11256  0.651534  0.732903  4.11256  |||| 4.89082 |||| 4.89082 
0.755801  0.8137  6.40931  0.755801  0.8137  6.40931  |||| 53.2475 |||| 53.2475 
0.882911  1.55313  1.87939  0.882911  1.55313  1.87939  |||| 5.14177 |||| 5.14177 
0.935049  1.49543  2.07112  0.935049  1.49543  2.07112  |||| 2.83935 |||| 2.83935 
0.673895  1.54229  5.29675  0.673895  1.54229  5.29675  |||| 16.2924 |||| 16.2924 
0.608218  0.593778  5.70751  0.608218  0.593778  5.70751  |||| 76.786 |||| 76.786 
0.587067  0.791572  5.43339  0.587067  0.791572  5.43339  |||| 9.51377 |||| 9.51377 
0.520778  0.535036  6.40308  0.520778  0.535036  6.40308  |||| 21.0773 |||| 21.0773 
0.855151  0.665704  6.53198  0.855151  0.665704  6.53198  |||| 8.48771 |||| 8.48771 
0.62188  0.834246  6.09976  0.62188  0.834246  6.09976  |||| 31.0262 |||| 31.0262 
1.2419  0.584635  5.38112  1.2419  0.584635  5.38112  |||| 7.35285 |||| 7.35285 
1.3887  0.582948  6.28565  1.3887  0.582948  6.28565  |||| 14.1981 |||| 14.1981 
0.673275  0.707076  4.38567  0.673275  0.707076  4.38567  |||| 8.85672 |||| 8.85672 
0.658184  0.636815  4.90724  0.658184  0.636815  4.90724  |||| 92.3065 |||| 92.3065 
0.807037  0.816895  6.03866  0.807037  0.816895  6.03866  |||| 10.7558 |||| 10.7558 
0.63178  1.95885  5.59269  0.63178  1.95885  5.59269  |||| 17.5094 |||| 17.5094 
0.926733  0.938027  2.98774  0.926733  0.938027  2.98774  |||| 3.53702 |||| 3.53702 
0.603569  0.77444  5.52367  0.603569  0.77444  5.52367  |||| 29.0993 |||| 29.0993 
0.656485  1.46731  3.57858  0.656485  1.46731  3.57858  |||| 4.34006 |||| 4.34006 
0.538862  0.605692  5.28927  0.538862  0.605692  5.28927  |||| 10.8834 |||| 10.8834 
0.729465  0.709567  4.31662  0.729465  0.709567  4.31662  |||| 4.95107 |||| 4.95107 
0.567546  0.92591  4.12508  0.567546  0.92591  4.12508  |||| 27.1438 |||| 27.1438 
0.7064  1.10101  4.28343  0.7064  1.10101  4.28343  |||| 5.16913 |||| 5.16913 
0.530168  1.39089  6.48226  0.530168  1.39089  6.48226  |||| 16.6353 |||| 16.6353 
0.796735  0.756924  4.94773  0.796735  0.756924  4.94773  |||| 4.59757 |||| 4.59757 
0.684003  0.972219  5.50554  0.684003  0.972219  5.50554  |||| 19.7543 |||| 19.7543 
0.979859  0.820645  4.54696  0.979859  0.820645  4.54696  |||| 4.59945 |||| 4.59945 
0.551277  1.44717  3.28565  0.551277  1.44717  3.28565  |||| 3.64611 |||| 3.64611 
0.57566  0.502973  5.32795  0.57566  0.502973  5.32795  |||| 6.64495 |||| 6.64495 
0.925047  0.655854  4.28345  0.925047  0.655854  4.28345  |||| 380.323 |||| 380.323 
0.543521  0.715016  5.63101  0.543521  0.715016  5.63101  |||| 9.05983 |||| 9.05983 
0.621145  0.623951  6.49728  0.621145  0.623951  6.49728  |||| 21.7974 |||| 21.7974 
1.12788  0.806221  3.79925  1.12788  0.806221  3.79925  |||| 4.16305 |||| 4.16305 
0.594093  1.4037  5.46287  0.594093  1.4037  5.46287  |||| 32.3445 |||| 32.3445 
0.658454  0.795009  4.17628  0.658454  0.795009  4.17628  |||| 4.31922 |||| 4.31922 
0.686808  1.13506  5.11402  0.686808  1.13506  5.11402  |||| 9.9823 |||| 9.9823 
0.596211  1.50049  6.40705  0.596211  1.50049  6.40705  |||| 10.8188 |||| 10.8188 
0.68195  1.68252  2.52426  0.68195  1.68252  2.52426  |||| 10.6824 |||| 10.6824 
1.11926  0.425308  3.24218  1.11926  0.425308  3.24218  |||| 5.22252 |||| 5.22252 
0.663005  0.742727  4.22028  0.663005  0.742727  4.22028  |||| 8.39552 |||| 8.39552 
0.616901  1.1241  4.56264  0.616901  1.1241  4.56264  |||| 4.47354 |||| 4.47354 
0.609067  1.11816  5.64057  0.609067  1.11816  5.64057  |||| 21.8276 |||| 21.8276 
0.603894  0.832099  4.61098  0.603894  0.832099  4.61098  |||| 4.42374 |||| 4.42374 
0.553699  0.442729  6.04463  0.553699  0.442729  6.04463  |||| 10.4643 |||| 10.4643 
0.697318  1.18715  3.91948  0.697318  1.18715  3.91948  |||| 15.601 |||| 15.601 
0.796769  0.564532  4.62652  0.796769  0.564532  4.62652  |||| 77.6822 |||| 77.6822 
0.740155  1.80086  3.65639  0.740155  1.80086  3.65639  |||| 3.6889 |||| 3.6889 
0.572644  0.949498  5.59345  0.572644  0.949498  5.59345  |||| 14.0173 |||| 14.0173 
0.961313  0.694299  2.94971  0.961313  0.694299  2.94971  |||| 7.06631 |||| 7.06631 
1.17038  1.30581  6.54579  1.17038  1.30581  6.54579  |||| 30.656 |||| 30.656 
0.567387  3.21768  1.8924  0.567387  3.21768  1.8924  |||| 8.92389 |||| 8.92389 
0.523482  0.522512  6.37557  0.523482  0.522512  6.37557  |||| 11.5659 |||| 11.5659 
0.71738  0.883477  6.50995  0.71738  0.883477  6.50995  |||| 5.71569 |||| 5.71569 
1.15174  0.659249  3.91952  1.15174  0.659249  3.91952  |||| 21.1497 |||| 21.1497 
1.05749  0.50554  6.43704  1.05749  0.50554  6.43704  |||| 14.4068 |||| 14.4068 
1.49612  0.646928  2.36782  1.49612  0.646928  2.36782  |||| 27.4947 |||| 27.4947 
0.653943  2.03025  6.19779  0.653943  2.03025  6.19779  |||| 11.2334 |||| 11.2334 
0.693386  1.19386  4.42892  0.693386  1.19386  4.42892  |||| 11.5863 |||| 11.5863 
0.635702  0.845875  4.42957  0.635702  0.845875  4.42957  |||| 9.53963 |||| 9.53963 
0.652968  0.964139  6.34184  0.652968  0.964139  6.34184  |||| 13.2462 |||| 13.2462 
0.83882  1.22204  3.19641  0.83882  1.22204  3.19641  |||| 34.6858 |||| 34.6858 
0.627235  1.45283  5.04612  0.627235  1.45283  5.04612  |||| 136.17 |||| 136.17 
0.599476  0.615804  6.43618  0.599476  0.615804  6.43618  |||| 72.7266 |||| 72.7266 
1.9806  0.000305592  0.000330227  0.268173  0.46457  2.44627  |||| 1.98048 |||| 24461 
0.000435309  3.92853  0.000310689  0.746825  0.581659  5.98805  |||| 3.92842 |||| 59878.7 
0.000699858  0.000687663  5.87476  1.19281  0.118544  5.53423  |||| 5.87459 |||| 11926.9 
1.63272  0.0631472  0.0628662  0.200577  0.0816929  3.67066  |||| 1.75889 |||| 102.248 
1.44034  0.153462  0.051026  1.11017  0.102951  1.22726  |||| 1.64476 |||| 39.4708 
1.58337  0.0757037  0.223525  0.214971  0.192027  5.05733  |||| 1.88603 |||| 42.0012 
1.279  0.262506  0.0373843  0.264803  2.03722  0.046545  |||| 1.57877 |||| 12.2562 
1.43244  0.147479  0.241654  0.983175  0.432207  3.00661  |||| 1.82552 |||| 22.3332 
1.28217  0.250581  0.150181  0.978103  0.266269  5.43184  |||| 1.68296 |||| 60.8284 
1.5833  0.0692037  0.482154  0.728732  0.864402  0.484497  |||| 2.13616 |||| 26.7102 
1.11816  0.403894  0.0256895  1.00459  0.0630131  2.46114  |||| 1.54892 |||| 141.606 
1.28911  0.237291  0.303652  0.528983  1.22093  0.578382  |||| 1.83134 |||| 9.42645 
1.14969  0.360064  0.161288  0.247033  1.08039  2.11433  |||| 1.67321 |||| 21.6178 
1.44057  0.132496  0.569173  0.720855  0.124274  5.98426  |||| 2.14676 |||| 22.3855 
1.06047  0.452596  0.103586  0.25747  2.0083  0.103941  |||| 1.61738 |||| 7.17823 
1.29361  0.226451  0.493903  0.394591  1.55546  0.394445  |||| 2.01786 |||| 13.8646 
1.12355  0.376174  0.291222  0.284397  0.782088  5.61127  |||| 1.79206 |||| 34.3786 
1.58084  0.0622008  0.928758  0.235126  0.899087  5.64676  |||| 2.57712 |||| 37.2022 
0.937878  0.605044  0.0192321  0.768774  0.259828  1.44841  |||| 1.56227 |||| 115.934 
1.12346  0.36975  0.417313  1.20499  0.297768  0.417321  |||| 1.91195 |||| 2.05063 
0.987479  0.52409  0.205075  1.10087  0.403374  0.205077  |||| 1.71641 |||| 1.91352 
1.29121  0.219029  0.779423  1.04496  0.439166  0.623913  |||| 2.29209 |||| 4.59586 
0.91117  0.624798  0.115624  0.420316  1.53916  0.121546  |||| 1.65155 |||| 4.06824 
1.1497  0.336374  0.639026  0.665775  0.380724  1.34857  |||| 2.12784 |||| 4.46946 
0.982981  0.51931  0.354243  0.606895  0.968394  3.05509  |||| 1.85734 |||| 15.9725 
1.13298  0.0479257  1.19253  0.206603  1.30161  1.21813  |||| 2.73183 |||| 28.8247 
0.834541  0.733103  0.0757159  1.07044  0.0626898  1.30463  |||| 1.64324 |||| 28.269 
1.05143  0.431497  0.620799  0.240427  2.11749  0.512567  |||| 2.11349 |||| 10.3707 
0.900341  0.621589  0.324709  0.505815  1.24937  0.92629  |||| 1.84747 |||| 5.25459 
1.27668  0.218616  1.18009  0.136395  2.42323  0.984594  |||| 2.67547 |||| 29.6699 
0.824433  0.733589  0.205074  0.55213  0.568672  1.19907  |||| 1.76325 |||| 10.2932 
1.10409  0.367513  0.939303  0.625364  1.02129  0.726008  |||| 2.41068 |||| 6.69835 
0.9117  0.595425  0.524544  0.331872  0.25294  3.3194  |||| 2.0324 |||| 12.8402 
1.1097  0.0442339  1.36913  0.962492  0.552416  0.430606  |||| 2.52605 |||| 31.5183 
0.71399  0.931129  0.0147037  1.10362  0.431925  0.0204737  |||| 1.65969 |||| 2.56547 
0.902724  0.60095  0.639025  0.607966  1.08221  0.380068  |||| 2.14313 |||| 3.85947 
0.770375  0.806386  0.291224  0.615101  0.430164  1.7114  |||| 1.86822 |||| 10.9623 
0.758781  0.303021  1.19253  0.00937258  0.0382864  5.81199  |||| 2.61137 |||| 12.7284 
0.703797  0.926172  0.150182  0.254644  2.02882  0.154549  |||| 1.7813 |||| 3.9022 
0.943184  0.537657  0.954826  1.31709  0.225444  0.165032  |||| 2.43954 |||| 3.40677 
0.778555  0.779948  0.497931  0.770916  0.791472  0.497931  |||| 2.0582 |||| 2.08862 
0.889235  0.165647  1.34493  0.282829  1.14412  1.34387  |||| 2.40306 |||| 16.6022 
0.641932  1.04335  0.0848397  1.25512  0.25895  0.925314  |||| 1.77363 |||| 18.5569 
0.851458  0.656054  0.895142  0.341739  0.951774  1.19301  |||| 2.40623 |||| 3.49105 
0.706509  0.897574  0.436125  1.04635  0.451863  0.331763  |||| 2.04215 |||| 3.0246 
0.781439  0.262966  1.26627  0.373138  1.00401  2.25966  |||| 2.3111 |||| 8.82403 
0.637912  1.03066  0.261538  0.0247113  2.23577  1.21373  |||| 1.93116 |||| 8.92147 
0.675519  0.395187  1.19253  0.0968596  0.670929  4.85042  |||| 2.50369 |||| 10.1844 
0.721301  0.857128  0.706842  0.810953  0.702448  1.18356  |||| 2.28866 |||| 3.8132 
0.949484  0.100104  2.03692  0.722962  0.396564  1.76205  |||| 3.08637 |||| 12.2153 
0.551402  1.22483  0.0602429  0.184356  0.49815  3.67029  |||| 1.83627 |||| 111.887 
0.74169  0.811352  0.977323  0.350511  1.70632  0.125162  |||| 2.5319 |||| 5.3251 
0.608586  1.07019  0.450386  1.45244  0.100539  2.056  |||| 2.13043 |||| 9.69386 
0.678956  0.357498  1.3969  0.703446  0.530194  4.55151  |||| 2.43842 |||| 7.91569 
0.545427  1.21266  0.250061  0.230449  0.844214  5.9919  |||| 2.00961 |||| 47.8435 
0.615107  0.471867  1.19253  0.363418  1.68656  0.3569  |||| 2.41226 |||| 6.98615 
0.618772  1.03207  0.750184  0.0885888  1.78934  1.2106  |||| 2.40406 |||| 4.16727 
0.81142  0.189537  2.22712  0.65092  0.629924  5.09003  |||| 3.23965 |||| 10.7549 
0.487616  1.34848  0.164971  0.495852  0.595754  1.55179  |||| 2.00149 |||| 18.7545 
0.439474  0.751365  1.19253  0.598187  0.494962  1.19254  |||| 2.5638 |||| 2.56381 
0.548375  1.17532  0.65561  1.54786  0.112129  0.500183  |||| 2.38295 |||| 6.72709 
0.673537  0.32932  2.01002  0.660533  0.349482  2.01259  |||| 3.01448 |||| 3.1991 
0.482897  1.33543  0.405049  0.402922  0.526567  5.84337  |||| 2.22688 |||| 31.8323 
0.537628  0.536272  1.48224  0.395938  0.781237  1.48225  |||| 2.55659 |||| 3.72356 
0.560126  1.12884  1.05321  0.684367  0.900577  1.05322  |||| 2.74918 |||| 3.35836 
0.626499  0.0396467  2.50932  0.310787  0.353838  2.51552  |||| 3.1755 |||| 28.2026 
0.387356  1.62836  0.0120339  0.207246  0.0215357  5.46864  |||| 2.02848 |||| 865.116 
0.328489  0.984988  1.19253  0.923317  0.623819  0.16641  |||| 2.87945 |||| 5.00228 
0.427079  1.46116  0.501106  0.0275341  3.30008  0.112445  |||| 2.3956 |||| 5.41078 
0.49608  0.577781  1.80835  0.166673  2.1197  3.9706  |||| 2.88335 |||| 10.57 
0.372944  1.62674  0.248161  0.700785  0.566566  5.29219  |||| 2.24858 |||| 47.7658 
0.403999  0.780734  1.34342  0.207654  0.523021  2.60091  |||| 2.52984 |||| 4.89059 
0.423946  1.44237  0.89087  0.580988  1.10128  0.892607  |||| 2.7607 |||| 3.7832 
0.387307  0.258774  2.39003  0.970841  0.181554  2.22418  |||| 3.17537 |||| 6.58244 
0.318866  1.79923  0.135059  0.765  0.83553  0.137609  |||| 2.25401 |||| 5.40757 
0.340399  0.933778  1.23915  0.117929  2.10374  5.57971  |||| 2.51336 |||| 11.3162 
0.356599  1.62885  0.766306  1.72502  0.0219776  0.82367  |||| 2.75285 |||| 13.3175 
0.258451  0.460035  2.39003  0.521209  0.353238  5.84808  |||| 3.3243 |||| 8.13446 
0.301575  1.81847  0.441084  1.09053  0.408536  0.284528  |||| 2.56132 |||| 9.25982 
0.348829  0.844228  1.92695  0.160404  1.36926  1.92696  |||| 3.12038 |||| 5.06001 
0.242761  1.21012  1.19253  1.45074  0.13098  0.4294  |||| 2.99556 |||| 13.666 
0.385624  0.189307  3.27222  0.320459  0.27637  3.35383  |||| 3.84765 |||| 5.61531 
0.229911  2.1117  0.0814571  0.226738  1.61744  5.60196  |||| 2.42725 |||| 158.405 
0.244992  1.15604  1.35076  0.389212  0.806903  1.37027  |||| 2.75279 |||| 4.37122 
0.250853  1.95985  0.791226  1.02069  0.229716  5.40208  |||| 3.00744 |||| 20.3874 
0.22366  0.530403  2.39003  0.685586  0.230577  4.71686  |||| 3.28412 |||| 8.81453 
0.202276  2.17412  0.423972  0.451664  1.39941  0.639649  |||| 2.80304 |||| 6.25469 
0.235616  1.10791  2.18236  0.555298  0.521501  1.55167  |||| 3.53316 |||| 8.32927 
0.18683  1.38768  1.19253  0.518312  0.565404  1.48651  |||| 3.06722 |||| 8.47448 
0.227016  0.0724905  3.58507  0.717666  0.153834  5.84343  |||| 4.15316 |||| 12.8886 
0.14428  2.44922  0.272449  0.637541  1.04158  0.276403  |||| 2.87014 |||| 12.69 
0.160249  1.36054  2.0442  0.702118  0.359043  1.19746  |||| 3.57461 |||| 15.6631 
0.119281  1.65312  1.19253  1.24145  0.163031  5.73729  |||| 3.53085 |||| 31.476 
0.143829  0.604337  3.46801  0.58885  0.752137  5.22598  |||| 4.21619 |||| 17.272 
0.100928  2.63366  0.766105  1.02788  0.153433  2.6726  |||| 3.50583 |||| 35.7309 
0.080883  0.919932  2.44372  0.0716318  0.875374  3.09953  |||| 3.44475 |||| 4.36832 
0.0649022  1.83807  1.66728  0.983921  0.242354  4.53559  |||| 3.57644 |||| 54.0345 
0.0349201  0.0566005  4.77089  0.123603  0.965708  2.8853  |||| 4.94942 |||| 41.7401 
0.026482  3.32044  0.0798983  1.49943  0.119633  0.0798951  |||| 3.42823 |||| 193.159 
0.00679906  1.45549  2.39003  0.176136  1.09087  5.41575  |||| 4.57751 |||| 68.208 
