0.0377436  0.0574963  2.1956  0.0377436  0.0574963  2.1956  |||| 21543.6 |||| 21543.6 
0.0154762  0.0527666  1.67337  0.0154762  0.0527666  1.67337  |||| 16321.3 |||| 16321.3 
0.738442  0.0367847  1.46116  0.738442  0.0367847  1.46116  |||| 7365.95 |||| 7365.95 
0.153629  0.244772  1.69418  0.153629  0.244772  1.69418  |||| 46.0455 |||| 46.0455 
1.33126  0.831058  0.364009  1.33126  0.831058  0.364009  |||| 10.3821 |||| 10.3821 
1.15497  0.683722  1.17414  1.15497  0.683722  1.17414  |||| 16.9084 |||| 16.9084 
0.989857  1.3869  0.739311  0.989857  1.3869  0.739311  |||| 29.3994 |||| 29.3994 
0.153596  0.203914  1.74576  0.153596  0.203914  1.74576  |||| 12.6619 |||| 12.6619 
0.0206914  0.120669  1.78443  0.0206914  0.120669  1.78443  |||| 19.5217 |||| 19.5217 
0.0692287  0.385137  1.82371  0.0692287  0.385137  1.82371  |||| 11.7448 |||| 11.7448 
1.6925  0.548232  0.22583  1.6925  0.548232  0.22583  |||| 10.6211 |||| 10.6211 
0.79211  0.276529  1.6864  0.79211  0.276529  1.6864  |||| 9.88007 |||| 9.88007 
0.0356759  0.187428  2.18553  0.0356759  0.187428  2.18553  |||| 21.9259 |||| 21.9259 
0.337325  0.530938  1.28378  0.337325  0.530938  1.28378  |||| 8.52396 |||| 8.52396 
1.6124  0.696486  0.775982  1.6124  0.696486  0.775982  |||| 11.3807 |||| 11.3807 
1.37585  0.288  2.09098  1.37585  0.288  2.09098  |||| 8.30533 |||| 8.30533 
0.38459  0.478374  1.50053  0.38459  0.478374  1.50053  |||| 8.94088 |||| 8.94088 
0.536815  0.404176  1.58199  0.536815  0.404176  1.58199  |||| 16.5149 |||| 16.5149 
0.194177  1.32596  0.886104  0.194177  1.32596  0.886104  |||| 67.6325 |||| 67.6325 
0.577279  0.226571  1.83022  0.577279  0.226571  1.83022  |||| 8.16488 |||| 8.16488 
1.69261  0.0545825  0.868773  1.69261  0.0545825  0.868773  |||| 6.92717 |||| 6.92717 
1.09766  1.39464  0.211765  1.09766  1.39464  0.211765  |||| 14.5453 |||| 14.5453 
1.50408  0.619531  1.04384  1.50408  0.619531  1.04384  |||| 14.3111 |||| 14.3111 
0.56652  0.121321  1.61474  0.56652  0.121321  1.61474  |||| 5.21561 |||| 5.21561 
2.05269  0.221248  0.551984  2.05269  0.221248  0.551984  |||| 3.87535 |||| 3.87535 
0.857688  1.52044  0.0521275  0.857688  1.52044  0.0521275  |||| 33.5609 |||| 33.5609 
1.37017  0.0262174  1.45207  1.37017  0.0262174  1.45207  |||| 30.5741 |||| 30.5741 
0.413273  0.447631  1.77247  0.413273  0.447631  1.77247  |||| 5.80168 |||| 5.80168 
1.14597  0.448097  0.901103  1.14597  0.448097  0.901103  |||| 4.87865 |||| 4.87865 
0.90595  1.56071  0.853747  0.90595  1.56071  0.853747  |||| 19.0477 |||| 19.0477 
0.437706  0.964769  1.25992  0.437706  0.964769  1.25992  |||| 10.463 |||| 10.463 
1.45748  1.1672  1.25191  1.45748  1.1672  1.25191  |||| 7.62275 |||| 7.62275 
0.0417973  0.0813683  1.44627  0.0417973  0.0813683  1.44627  |||| 5.43525 |||| 5.43525 
1.20546  0.683406  1.42093  1.20546  0.683406  1.42093  |||| 38.709 |||| 38.709 
0.703165  1.3975  1.37397  0.703165  1.3975  1.37397  |||| 149.676 |||| 149.676 
0.689647  0.768938  1.54605  0.689647  0.768938  1.54605  |||| 5.04184 |||| 5.04184 
0.164086  1.43606  0.599091  0.164086  1.43606  0.599091  |||| 3.57362 |||| 3.57362 
0.0989326  0.0548583  1.94538  0.0989326  0.0548583  1.94538  |||| 4.1702 |||| 4.1702 
0.393998  1.58745  1.31294  0.393998  1.58745  1.31294  |||| 14.9483 |||| 14.9483 
0.0337616  0.722835  1.6376  0.0337616  0.722835  1.6376  |||| 4.06223 |||| 4.06223 
0.120176  0.379283  1.49226  0.120176  0.379283  1.49226  |||| 5.97421 |||| 5.97421 
0.518632  0.592079  1.25003  0.518632  0.592079  1.25003  |||| 8.51842 |||| 8.51842 
0.0213562  1.25604  0.922746  0.0213562  1.25604  0.922746  |||| 17.6815 |||| 17.6815 
1.47903  1.54101  0.496789  1.47903  1.54101  0.496789  |||| 5.63429 |||| 5.63429 
1.81534  0.332872  0.3798  1.81534  0.332872  0.3798  |||| 5.24269 |||| 5.24269 
0.722763  1.06026  1.12265  0.722763  1.06026  1.12265  |||| 9.27466 |||| 9.27466 
0.611138  1.14082  1.60047  0.611138  1.14082  1.60047  |||| 11.4627 |||| 11.4627 
0.769271  1.25334  1.52587  0.769271  1.25334  1.52587  |||| 6.20771 |||| 6.20771 
1.05331  0.967453  1.48312  1.05331  0.967453  1.48312  |||| 4.64611 |||| 4.64611 
1.47976  0.117484  0.807478  1.47976  0.117484  0.807478  |||| 4.80424 |||| 4.80424 
0.00184684  1.6436  0.322844  0.00184684  1.6436  0.322844  |||| 8.58476 |||| 8.58476 
0.00338553  0.0540668  1.95591  0.00338553  0.0540668  1.95591  |||| 4.95131 |||| 4.95131 
0.386023  0.352723  1.59853  0.386023  0.352723  1.59853  |||| 7.34307 |||| 7.34307 
1.53424  0.778958  0.180004  1.53424  0.778958  0.180004  |||| 5.50307 |||| 5.50307 
0.113081  0.173399  1.43168  0.113081  0.173399  1.43168  |||| 11.1025 |||| 11.1025 
1.58455  1.01572  0.583856  1.58455  1.01572  0.583856  |||| 5.98801 |||| 5.98801 
1.14723  0.734096  1.64022  1.14723  0.734096  1.64022  |||| 5.10348 |||| 5.10348 
0.283187  0.124468  1.61682  0.283187  0.124468  1.61682  |||| 2.28011 |||| 2.28011 
0.945276  0.493866  1.16944  0.945276  0.493866  1.16944  |||| 13.6366 |||| 13.6366 
0.601859  0.462338  2.07251  0.601859  0.462338  2.07251  |||| 4.36761 |||| 4.36761 
0.0447879  0.221045  1.4721  0.0447879  0.221045  1.4721  |||| 5.17127 |||| 5.17127 
0.876883  1.20969  1.03507  0.876883  1.20969  1.03507  |||| 11.0303 |||| 11.0303 
0.111904  0.210192  1.7653  0.111904  0.210192  1.7653  |||| 9.39223 |||| 9.39223 
1.98774  0.592051  0.406483  1.98774  0.592051  0.406483  |||| 9.44556 |||| 9.44556 
0.617684  0.855965  1.17627  0.617684  0.855965  1.17627  |||| 3.02257 |||| 3.02257 
0.952941  0.974905  1.18185  0.952941  0.974905  1.18185  |||| 77.3233 |||| 77.3233 
1.60362  0.693288  0.0412456  1.60362  0.693288  0.0412456  |||| 8.39055 |||| 8.39055 
0.104617  1.15616  1.1611  0.104617  1.15616  1.1611  |||| 2.86796 |||| 2.86796 
0.447152  0.821338  1.37286  0.447152  0.821338  1.37286  |||| 6.28549 |||| 6.28549 
0.0579501  1.30904  0.926685  0.0579501  1.30904  0.926685  |||| 6.50248 |||| 6.50248 
0.356134  0.202051  2.23815  0.356134  0.202051  2.23815  |||| 19.8293 |||| 19.8293 
1.78446  0.130164  0.608122  1.78446  0.130164  0.608122  |||| 11.1656 |||| 11.1656 
0.589734  1.2112  0.138402  0.589734  1.2112  0.138402  |||| 3.82889 |||| 3.82889 
0.875115  1.02336  0.887475  0.875115  1.02336  0.887475  |||| 10.1922 |||| 10.1922 
0.672999  0.61444  1.91346  0.672999  0.61444  1.91346  |||| 31.0139 |||| 31.0139 
0.0872885  0.00666201  1.71172  0.0872885  0.00666201  1.71172  |||| 3.388 |||| 3.388 
0.451622  1.59413  0.598892  0.451622  1.59413  0.598892  |||| 3.47258 |||| 3.47258 
1.66382  1.07536  0.361732  1.66382  1.07536  0.361732  |||| 13.4442 |||| 13.4442 
0.103287  1.70201  1.49216  0.103287  1.70201  1.49216  |||| 8.42025 |||| 8.42025 
1.44392  0.363436  1.23986  1.44392  0.363436  1.23986  |||| 12.8831 |||| 12.8831 
0.463261  1.94452  0.397642  0.463261  1.94452  0.397642  |||| 4.34686 |||| 4.34686 
0.14837  1.23094  1.02566  0.14837  1.23094  1.02566  |||| 24.9171 |||| 24.9171 
1.09247  0.078087  1.46755  1.09247  0.078087  1.46755  |||| 40.3325 |||| 40.3325 
1.39566  0.115339  0.39611  1.39566  0.115339  0.39611  |||| 15.6586 |||| 15.6586 
0.288051  0.047214  2.33777  0.288051  0.047214  2.33777  |||| 8.66734 |||| 8.66734 
0.564003  0.876598  0.268549  0.564003  0.876598  0.268549  |||| 7.22881 |||| 7.22881 
0.0580905  0.646209  1.68217  0.0580905  0.646209  1.68217  |||| 10.7801 |||| 10.7801 
0.117286  0.0168111  2.00708  0.117286  0.0168111  2.00708  |||| 3.17172 |||| 3.17172 
0.478005  1.00028  0.884102  0.478005  1.00028  0.884102  |||| 7.787 |||| 7.787 
0.201724  0.141396  1.6598  0.201724  0.141396  1.6598  |||| 3.59017 |||| 3.59017 
0.132145  1.66778  0.847562  0.132145  1.66778  0.847562  |||| 8.35899 |||| 8.35899 
1.38959  1.16995  0.86762  1.38959  1.16995  0.86762  |||| 30.9634 |||| 30.9634 
0.955175  1.57196  0.393102  0.955175  1.57196  0.393102  |||| 24.1731 |||| 24.1731 
0.27934  1.51982  1.78046  0.27934  1.51982  1.78046  |||| 10.5645 |||| 10.5645 
0.109818  0.0118029  1.82766  0.109818  0.0118029  1.82766  |||| 8.11837 |||| 8.11837 
1.02331  0.607793  1.08027  1.02331  0.607793  1.08027  |||| 43.5196 |||| 43.5196 
0.504748  0.194416  1.58852  0.504748  0.194416  1.58852  |||| 27.6213 |||| 27.6213 
1.77225  0.00510086  0.16788  1.77225  0.00510086  0.16788  |||| 136.493 |||| 136.493 
0.507773  0.771462  1.69403  0.507773  0.771462  1.69403  |||| 71.0703 |||| 71.0703 
0.670133  0.0551347  1.98739  0.670133  0.0551347  1.98739  |||| 258.96 |||| 258.96 
1  5.50535e-05  9.8278e-05  0.982994  0.18364  9.8278e-05  |||| 1 |||| 1836.4 
7.82882e-05  1  9.8278e-05  0.612238  0.787171  0.074337  |||| 1 |||| 6122.38 
9.9053e-05  9.72918e-05  1  0.32623  0.496427  0.804447  |||| 1 |||| 4964.27 
0.998518  0.0383941  0.0385643  0.251706  0.161866  0.954821  |||| 1.07575 |||| 26.5982 
0.993759  0.105839  0.0352237  0.981353  0.112716  0.156496  |||| 1.13489 |||| 5.0339 
0.988783  0.0471285  0.141729  0.490963  0.870223  0.1536  |||| 1.17788 |||| 21.6823 
0.979207  0.200823  0.0286872  0.529707  0.443671  0.722887  |||| 1.20883 |||| 30.4448 
0.980573  0.100901  0.168215  0.797556  0.0820685  0.597636  |||| 1.24975 |||| 4.43953 
0.975026  0.190436  0.114277  0.390108  0.887345  0.245832  |||| 1.27978 |||| 5.96234 
0.955506  0.0417047  0.292007  0.304823  0.951322  0.0503161  |||| 1.28924 |||| 29.4 
0.940333  0.339504  0.0226125  0.776178  0.229637  0.589563  |||| 1.30252 |||| 33.9239 
0.957962  0.176085  0.226501  0.982272  0.180554  0.0504115  |||| 1.36078 |||| 1.39532 
0.945647  0.296037  0.134585  0.184329  0.437298  0.880223  |||| 1.37639 |||| 9.0005 
0.925641  0.0850708  0.368715  0.441465  0.203625  0.874166  |||| 1.37952 |||| 3.30081 
0.916031  0.390836  0.0901907  0.216826  0.972651  0.0902451  |||| 1.39707 |||| 3.47672 
0.921022  0.161162  0.354606  0.589449  0.804759  0.0700855  |||| 1.43682 |||| 7.17376 
0.920692  0.308055  0.239641  0.429236  0.880843  0.201593  |||| 1.46855 |||| 4.19755 
0.860421  0.0338529  0.508458  0.545405  0.320752  0.774372  |||| 1.40278 |||| 13.2737 
0.840187  0.542027  0.0171061  0.830886  0.536027  0.149477  |||| 1.39971 |||| 11.9659 
0.895408  0.294566  0.333881  0.0958612  0.984097  0.149543  |||| 1.52393 |||| 5.09027 
0.868829  0.461088  0.180371  0.869234  0.461302  0.180455  |||| 1.51035 |||| 1.51105 
0.846512  0.143526  0.512657  0.519838  0.0881384  0.849714  |||| 1.50282 |||| 2.49048 
0.82025  0.562442  0.104159  0.666831  0.457243  0.588534  |||| 1.48694 |||| 8.40079 
0.845992  0.247356  0.472348  0.554532  0.162137  0.816225  |||| 1.56583 |||| 2.70551 
0.842278  0.444908  0.304344  0.484756  0.173224  0.857331  |||| 1.5916 |||| 4.48252 
0.763269  0.0663113  0.642669  0.765761  0.0357584  0.643047  |||| 1.47243 |||| 1.47722 
0.749566  0.658431  0.0679628  0.907662  0.414162  0.0679628  |||| 1.47613 |||| 1.78746 
0.808912  0.331984  0.48523  0.240528  0.840653  0.48523  |||| 1.62619 |||| 4.11744 
0.788664  0.544631  0.285283  0.746522  0.420392  0.515727  |||| 1.61864 |||| 2.92613 
0.728776  0.12453  0.673333  0.114556  0.620653  0.775672  |||| 1.52681 |||| 7.59962 
0.734532  0.653478  0.18284  0.470841  0.847033  0.248625  |||| 1.57103 |||| 2.1346 
0.73837  0.245616  0.628078  0.970654  0.0491162  0.235412  |||| 1.61233 |||| 2.11955 
0.754067  0.492484  0.43456  0.458044  0.388326  0.810274  |||| 1.68121 |||| 3.13449 
0.628582  0.0248682  0.777346  0.173729  0.200975  0.964068  |||| 1.43101 |||| 11.4691 
0.608424  0.793518  0.0122409  0.534786  0.697478  0.477  |||| 1.41458 |||| 53.5708 
0.716926  0.477355  0.508084  0.841215  0.184952  0.508084  |||| 1.70256 |||| 1.99736 
0.668329  0.69952  0.252999  0.943446  0.0467704  0.340159  |||| 1.62087 |||| 2.28811 
0.645538  0.223555  0.730277  0.724112  0.618508  0.306122  |||| 1.59937 |||| 4.42496 
0.599884  0.789586  0.129199  0.868038  0.270587  0.416284  |||| 1.51876 |||| 4.89326 
0.651115  0.371363  0.661921  0.990191  0.00868533  0.139609  |||| 1.68458 |||| 2.56144 
0.643427  0.644471  0.413109  0.683631  0.445286  0.578246  |||| 1.70115 |||| 2.3808 
0.547636  0.101465  0.830542  0.55362  0.530099  0.642517  |||| 1.48021 |||| 7.69297 
0.52257  0.849556  0.0719369  0.440395  0.715963  0.544293  |||| 1.44413 |||| 10.9177 
0.60763  0.468048  0.641652  0.139621  0.754181  0.641652  |||| 1.71765 |||| 2.76662 
0.577457  0.733594  0.358306  0.304692  0.387076  0.873287  |||| 1.66946 |||| 4.06892 
0.516933  0.17394  0.838168  0.812262  0.255443  0.528876  |||| 1.52907 |||| 2.40261 
0.514407  0.831016  0.211653  0.274236  0.443023  0.853811  |||| 1.55726 |||| 6.27682 
0.529518  0.329776  0.781574  0.659278  0.410588  0.629897  |||| 1.64113 |||| 2.04313 
0.543734  0.646253  0.535452  0.568727  0.10954  0.815371  |||| 1.72553 |||| 2.62735 
0.422101  0.0445136  0.905455  0.151007  0.708973  0.688879  |||| 1.37212 |||| 21.8448 
0.410032  0.910972  0.0447691  0.101645  0.333256  0.941126  |||| 1.36582 |||| 28.691 
0.503808  0.551053  0.66522  0.680616  0.162419  0.715318  |||| 1.72025 |||| 2.32377 
0.464095  0.816023  0.344561  0.926854  0.363339  0.0947349  |||| 1.62475 |||| 3.24482 
0.424971  0.222254  0.877498  0.903582  0.338683  0.262693  |||| 1.52615 |||| 3.24491 
0.402972  0.896187  0.18564  0.342229  0.407186  0.846805  |||| 1.4852 |||| 6.76167 
0.433066  0.395522  0.809949  0.318365  0.620658  0.717584  |||| 1.63861 |||| 2.5711 
0.435662  0.727071  0.530628  0.269696  0.208971  0.941581  |||| 1.69362 |||| 3.00527 
0.33961  0.0782892  0.937302  0.725093  0.5517  0.412151  |||| 1.35642 |||| 9.42107 
0.337772  0.934219  0.114652  0.579963  0.666104  0.470275  |||| 1.38673 |||| 5.68425 
0.393936  0.496059  0.773783  0.735486  0.3255  0.594231  |||| 1.66393 |||| 3.10594 
0.376816  0.80786  0.453179  0.0669709  0.758319  0.648476  |||| 1.63789 |||| 2.34367 
0.313574  0.15301  0.937155  0.344825  0.877252  0.338544  |||| 1.40423 |||| 8.03285 
0.326741  0.903728  0.276614  0.238261  0.517923  0.821576  |||| 1.50713 |||| 4.47574 
0.32263  0.321932  0.890095  0.339122  0.559482  0.756291  |||| 1.53471 |||| 2.66702 
0.34007  0.68541  0.643867  0.868346  0.484  0.108254  |||| 1.66942 |||| 4.26191 
0.242066  0.0146353  0.970149  0.619559  0.699983  0.355204  |||| 1.22779 |||| 55.8102 
0.231337  0.972844  0.00763916  0.132252  0.0702179  0.989344  |||| 1.21185 |||| 156.515 
0.304802  0.662852  0.683903  0.304802  0.662852  0.683903  |||| 1.65157 |||| 1.65157 
0.265853  0.910634  0.316335  0.217912  0.746422  0.628783  |||| 1.49317 |||| 2.96799 
0.252629  0.294338  0.921707  0.349908  0.789393  0.504464  |||| 1.46895 |||| 3.93655 
0.220971  0.964058  0.147528  0.221532  0.966503  0.234754  |||| 1.33269 |||| 2.11889 
0.251307  0.485744  0.837196  0.763297  0.13003  0.632827  |||| 1.57432 |||| 4.781 
0.242276  0.824509  0.511358  0.794537  0.37556  0.477142  |||| 1.57823 |||| 5.17479 
0.190192  0.129114  0.97322  0.184837  0.136955  0.973938  |||| 1.29311 |||| 1.37085 
0.173939  0.981959  0.0741775  0.0550241  0.995727  0.0741776  |||| 1.23024 |||| 1.24749 
0.214019  0.58782  0.780169  0.49076  0.387932  0.780169  |||| 1.58237 |||| 3.62281 
0.194079  0.887395  0.418166  0.0472094  0.53342  0.845323  |||| 1.49986 |||| 3.03173 
0.165488  0.210892  0.963399  0.165488  0.210892  0.9634  |||| 1.34009 |||| 1.34009 
0.15913  0.959407  0.232842  0.194935  0.965523  0.172528  |||| 1.35141 |||| 1.65538 
0.163713  0.395899  0.903583  0.163732  0.395944  0.903686  |||| 1.46333 |||| 1.4635 
0.16445  0.76917  0.617522  0.514298  0.803807  0.298983  |||| 1.55139 |||| 4.84506 
0.116922  0.0567848  0.991516  0.11697  0.0568084  0.991929  |||| 1.16594 |||| 1.16642 
0.107992  0.993336  0.040279  0.410343  0.911041  0.040279  |||| 1.14183 |||| 4.33358 
0.136  0.64384  0.752976  0.352603  0.913072  0.208964  |||| 1.53331 |||| 3.96124 
0.117599  0.919932  0.374026  0.188975  0.79381  0.579334  |||| 1.41166 |||| 2.26663 
0.102557  0.256758  0.961019  0.366912  0.511274  0.777158  |||| 1.32062 |||| 4.71816 
0.0909205  0.977231  0.191711  0.594315  0.718581  0.361151  |||| 1.25999 |||| 8.23225 
0.09492  0.449362  0.888293  0.287779  0.376143  0.880758  |||| 1.43319 |||| 4.31747 
0.0903678  0.813326  0.574747  0.0845141  0.979593  0.182359  |||| 1.47848 |||| 1.78073 
0.0637331  0.0933592  0.993591  0.0637331  0.0933592  0.993591  |||| 1.15109 |||| 1.15109 
0.0582317  0.99199  0.112094  0.0581614  0.990794  0.122251  |||| 1.16252 |||| 1.26736 
0.064684  0.551053  0.83196  0.914719  0.259041  0.314102  |||| 1.44793 |||| 20.4093 
0.0554664  0.877783  0.475836  0.276151  0.569319  0.774357  |||| 1.40927 |||| 7.00223 
0.0407135  0.171549  0.984334  0.603903  0.155798  0.781841  |||| 1.19671 |||| 17.717 
0.0366827  0.959072  0.280776  0.749016  0.140394  0.647506  |||| 1.27674 |||| 26.0399 
0.0305962  0.351981  0.935507  0.0647234  0.744582  0.664386  |||| 1.31853 |||| 2.78849 
0.0256908  0.739196  0.673  0.391698  0.372485  0.841325  |||| 1.43839 |||| 21.5136 
0.0131709  0.0239838  0.999626  0.429637  0.782357  0.451  |||| 1.03707 |||| 33.8192 
0.00797029  0.999682  0.0239387  0.539399  0.764337  0.355368  |||| 1.03168 |||| 69.4916 
0.00348699  0.673211  0.739442  0.0044982  0.868439  0.519552  |||| 1.41632 |||| 1.82701 
