2.80391  0.988144  1.03774  2.80391  0.988144  1.03774  |||| 690.302 |||| 690.302 
2.89431  0.982744  0.983456  2.89431  0.982744  0.983456  |||| 3304.98 |||| 3304.98 
2.88553  0.984054  0.99234  2.88553  0.984054  0.99234  |||| 3217.2 |||| 3217.2 
2.84066  0.984227  1.01659  2.84066  0.984227  1.01659  |||| 1.33385 |||| 1.33385 
2.86575  0.986162  0.98231  2.86575  0.986162  0.98231  |||| 0.437442 |||| 0.437442 
2.90948  0.967766  0.968711  2.90948  0.967766  0.968711  |||| 0.411778 |||| 0.411778 
2.93197  0.984921  0.984455  2.93197  0.984921  0.984455  |||| 0.663054 |||| 0.663054 
2.85193  0.98419  0.987868  2.85193  0.98419  0.987868  |||| 0.367212 |||| 0.367212 
2.78331  0.984442  0.971644  2.78331  0.984442  0.971644  |||| 0.288108 |||| 0.288108 
2.77357  0.985403  1.06108  2.77357  0.985403  1.06108  |||| 0.54506 |||| 0.54506 
2.85945  0.981579  0.981675  2.85945  0.981579  0.981675  |||| 0.74595 |||| 0.74595 
2.90717  0.977301  0.981422  2.90717  0.977301  0.981422  |||| 0.487752 |||| 0.487752 
2.91737  0.982981  0.9815  2.91737  0.982981  0.9815  |||| 0.514613 |||| 0.514613 
2.90318  0.985611  0.986868  2.90318  0.985611  0.986868  |||| 0.505779 |||| 0.505779 
2.76208  0.985174  0.991541  2.76208  0.985174  0.991541  |||| 0.35362 |||| 0.35362 
2.89999  0.983479  0.986161  2.89999  0.983479  0.986161  |||| 0.524455 |||| 0.524455 
2.8629  0.984889  0.981391  2.8629  0.984889  0.981391  |||| 0.477075 |||| 0.477075 
2.80423  0.980129  1.01133  2.80423  0.980129  1.01133  |||| 0.511618 |||| 0.511618 
2.81781  0.988624  0.988593  2.81781  0.988624  0.988593  |||| 1.59164 |||| 1.59164 
2.84701  0.986579  1.00742  2.84701  0.986579  1.00742  |||| 0.481994 |||| 0.481994 
2.87726  0.992988  0.991082  2.87726  0.992988  0.991082  |||| 0.544893 |||| 0.544893 
2.84039  0.986189  0.980517  2.84039  0.986189  0.980517  |||| 0.491023 |||| 0.491023 
2.87121  0.985392  0.982261  2.87121  0.985392  0.982261  |||| 0.557256 |||| 0.557256 
2.88837  0.98155  0.982076  2.88837  0.98155  0.982076  |||| 0.600731 |||| 0.600731 
2.56381  0.999646  1.5634  2.56381  0.999646  1.5634  |||| 3.10928 |||| 3.10928 
2.90122  0.983819  0.984211  2.90122  0.983819  0.984211  |||| 0.65089 |||| 0.65089 
2.82362  0.990528  0.995612  2.82362  0.990528  0.995612  |||| 0.582976 |||| 0.582976 
2.88753  0.983542  0.999524  2.88753  0.983542  0.999524  |||| 0.650782 |||| 0.650782 
2.75069  0.983301  1.23115  2.75069  0.983301  1.23115  |||| 1.48904 |||| 1.48904 
2.91334  0.980025  0.981686  2.91334  0.980025  0.981686  |||| 0.732283 |||| 0.732283 
2.8657  0.983039  0.981878  2.8657  0.983039  0.981878  |||| 0.645694 |||| 0.645694 
2.83203  0.981151  1.00766  2.83203  0.981151  1.00766  |||| 0.585693 |||| 0.585693 
2.81254  0.984501  1.04379  2.81254  0.984501  1.04379  |||| 0.55456 |||| 0.55456 
2.86764  0.984197  0.994299  2.86764  0.984197  0.994299  |||| 0.937663 |||| 0.937663 
2.6566  0.980592  1.19425  2.6566  0.980592  1.19425  |||| 25.3294 |||| 25.3294 
2.87904  0.980493  0.983071  2.87904  0.980493  0.983071  |||| 0.748478 |||| 0.748478 
2.85265  0.991423  0.992301  2.85265  0.991423  0.992301  |||| 0.700518 |||| 0.700518 
2.89649  0.983285  0.983674  2.89649  0.983285  0.983674  |||| 0.824259 |||| 0.824259 
2.91148  0.986544  0.98461  2.91148  0.986544  0.98461  |||| 0.88009 |||| 0.88009 
2.90533  0.987058  0.987188  2.90533  0.987058  0.987188  |||| 0.88345 |||| 0.88345 
2.92369  0.972487  0.972934  2.92369  0.972487  0.972934  |||| 0.951484 |||| 0.951484 
2.9091  0.977589  0.980015  2.9091  0.977589  0.980015  |||| 0.933243 |||| 0.933243 
2.83108  0.988053  0.98876  2.83108  0.988053  0.98876  |||| 0.738605 |||| 0.738605 
2.80602  0.991435  0.996024  2.80602  0.991435  0.996024  |||| 0.684519 |||| 0.684519 
2.94507  0.987431  0.987291  2.94507  0.987431  0.987291  |||| 1.10221 |||| 1.10221 
2.85927  0.996627  0.990296  2.85927  0.996627  0.990296  |||| 0.873957 |||| 0.873957 
2.79786  0.983688  1.0571  2.79786  0.983688  1.0571  |||| 0.708544 |||| 0.708544 
2.91806  0.980248  0.982922  2.91806  0.980248  0.982922  |||| 1.09785 |||| 1.09785 
2.8222  0.976927  0.992058  2.8222  0.976927  0.992058  |||| 0.819992 |||| 0.819992 
2.85898  0.988594  0.996886  2.85898  0.988594  0.996886  |||| 0.959524 |||| 0.959524 
2.61833  0.992216  1.32597  2.61833  0.992216  1.32597  |||| 10.8914 |||| 10.8914 
2.81654  0.984116  0.983269  2.81654  0.984116  0.983269  |||| 0.862874 |||| 0.862874 
2.89044  0.983834  0.980454  2.89044  0.983834  0.980454  |||| 1.1435 |||| 1.1435 
2.91009  0.975425  0.974759  2.91009  0.975425  0.974759  |||| 1.24356 |||| 1.24356 
2.94944  0.986969  0.988093  2.94944  0.986969  0.988093  |||| 1.42114 |||| 1.42114 
2.84436  0.986803  0.980719  2.84436  0.986803  0.980719  |||| 1.06144 |||| 1.06144 
2.84938  0.977609  0.984534  2.84938  0.977609  0.984534  |||| 1.10974 |||| 1.10974 
2.83997  0.986428  1.0151  2.83997  0.986428  1.0151  |||| 1.10276 |||| 1.10276 
2.79069  0.992201  0.981195  2.79069  0.992201  0.981195  |||| 0.93145 |||| 0.93145 
2.91361  0.991037  0.989442  2.91361  0.991037  0.989442  |||| 1.47722 |||| 1.47722 
2.89124  0.989102  0.985645  2.89124  0.989102  0.985645  |||| 1.42313 |||| 1.42313 
2.77184  0.988892  1.0123  2.77184  0.988892  1.0123  |||| 0.931162 |||| 0.931162 
2.89753  0.979952  0.989418  2.89753  0.979952  0.989418  |||| 1.53931 |||| 1.53931 
2.82708  0.981275  1.04379  2.82708  0.981275  1.04379  |||| 1.25221 |||| 1.25221 
2.8201  0.971216  1.00985  2.8201  0.971216  1.00985  |||| 1.2579 |||| 1.2579 
2.83847  0.98285  1.04722  2.83847  0.98285  1.04722  |||| 1.39214 |||| 1.39214 
2.86504  0.982212  0.990824  2.86504  0.982212  0.990824  |||| 3.49831 |||| 3.49831 
2.81185  0.988654  0.990598  2.81185  0.988654  0.990598  |||| 1.34402 |||| 1.34402 
2.81908  0.990375  0.988589  2.81908  0.990375  0.988589  |||| 1.43205 |||| 1.43205 
2.93482  0.988366  0.989674  2.93482  0.988366  0.989674  |||| 2.15691 |||| 2.15691 
2.75996  0.984451  1.17808  2.75996  0.984451  1.17808  |||| 1.88977 |||| 1.88977 
2.841  0.994262  0.987436  2.841  0.994262  0.987436  |||| 1.73626 |||| 1.73626 
2.82764  0.981099  1.00974  2.82764  0.981099  1.00974  |||| 1.71831 |||| 1.71831 
2.79428  0.989576  0.986455  2.79428  0.989576  0.986455  |||| 1.56285 |||| 1.56285 
2.94299  0.987044  0.988391  2.94299  0.987044  0.988391  |||| 2.68077 |||| 2.68077 
2.80889  0.994451  0.98407  2.80889  0.994451  0.98407  |||| 1.8092 |||| 1.8092 
2.89909  0.973977  0.980962  2.89909  0.973977  0.980962  |||| 2.58863 |||| 2.58863 
2.93311  0.981497  0.98119  2.93311  0.981497  0.98119  |||| 2.98736 |||| 2.98736 
2.8894  0.97876  0.978888  2.8894  0.97876  0.978888  |||| 2.76494 |||| 2.76494 
2.82496  0.985926  0.983363  2.82496  0.985926  0.983363  |||| 2.33311 |||| 2.33311 
2.87513  0.9883  0.991642  2.87513  0.9883  0.991642  |||| 2.93292 |||| 2.93292 
2.85754  0.984766  0.979427  2.85754  0.984766  0.979427  |||| 2.92558 |||| 2.92558 
2.82706  0.985385  1.03014  2.82706  0.985385  1.03014  |||| 2.78019 |||| 2.78019 
2.84456  0.986557  0.995166  2.84456  0.986557  0.995166  |||| 3.15408 |||| 3.15408 
2.77968  0.996215  1.03537  2.77968  0.996215  1.03537  |||| 2.5892 |||| 2.5892 
2.82985  0.982904  1.03041  2.82985  0.982904  1.03041  |||| 3.4211 |||| 3.4211 
2.83195  0.9708  0.975938  2.83195  0.9708  0.975938  |||| 3.71423 |||| 3.71423 
2.84376  0.986649  1.00593  2.84376  0.986649  1.00593  |||| 4.20013 |||| 4.20013 
2.92778  0.9768  0.977552  2.92778  0.9768  0.977552  |||| 5.95235 |||| 5.95235 
2.8801  0.9901  0.985043  2.8801  0.9901  0.985043  |||| 5.68119 |||| 5.68119 
2.88303  0.983701  0.9815  2.88303  0.983701  0.9815  |||| 6.35512 |||| 6.35512 
2.86956  0.984368  0.985707  2.86956  0.984368  0.985707  |||| 6.82191 |||| 6.82191 
2.94164  0.97276  0.972799  2.94164  0.97276  0.972799  |||| 9.58049 |||| 9.58049 
2.82344  0.985815  1.03421  2.82344  0.985815  1.03421  |||| 7.61693 |||| 7.61693 
2.71304  0.992514  1.02565  2.71304  0.992514  1.02565  |||| 5.18824 |||| 5.18824 
2.85171  0.986273  0.998233  2.85171  0.986273  0.998233  |||| 12.2663 |||| 12.2663 
2.76335  0.979194  1.0924  2.76335  0.979194  1.0924  |||| 10.9594 |||| 10.9594 
2.81704  0.983596  1.00886  2.81704  0.983596  1.00886  |||| 19.5237 |||| 19.5237 
2.85382  0.976003  0.989019  2.85382  0.976003  0.989019  |||| 37.3622 |||| 37.3622 
2.87352  0.984244  0.986626  2.87352  0.984244  0.986626  |||| 120.014 |||| 120.014 
2.58234  0.763047  0.756329  2.37156  0.79147  1.04143  |||| 45.3644 |||| 2878.61 
0.763234  4.65707  0.76793  1.15283  2.18553  0.893546  |||| 143.621 |||| 3998.57 
0.807039  0.81484  5.55459  2.12461  0.992939  0.884518  |||| 563.298 |||| 13716.4 
2.29558  0.812912  0.812489  2.1953  0.828162  1.11118  |||| 1.66193 |||| 9.96202 
2.14156  0.905015  0.801617  2.13683  0.91491  0.788516  |||| 1.58579 |||| 1.67693 
2.20006  0.826599  0.958573  2.36526  0.786515  1.05461  |||| 1.72383 |||| 2.50023 
1.98799  1.01213  0.787347  2.08785  1.00651  0.822543  |||| 1.52587 |||| 2.90496 
2.06423  0.888092  0.967388  2.17061  0.908156  0.848379  |||| 1.67122 |||| 1.85273 
1.94732  0.993589  0.893404  2.26503  0.807615  1.27837  |||| 1.57957 |||| 5.87716 
2.16045  0.819005  1.16655  2.02891  1.02737  0.803229  |||| 1.89908 |||| 8.30894 
1.84322  1.14326  0.773553  1.84037  1.10566  0.867847  |||| 1.51018 |||| 6.57573 
1.92873  0.973731  0.995024  2.34179  0.824165  0.829297  |||| 1.67016 |||| 2.25692 
1.82395  1.09729  0.892205  1.7682  1.19297  0.878089  |||| 1.57461 |||| 2.0193 
2.04019  0.875582  1.26635  2.07487  0.841954  1.49947  |||| 1.91839 |||| 2.7903 
1.74495  1.18554  0.817763  2.3623  0.802548  0.879858  |||| 1.52641 |||| 2.45444 
1.90883  0.961616  1.16457  2.15156  0.912023  0.814961  |||| 1.81052 |||| 2.18182 
1.78013  1.09912  1.01629  2.27868  0.828815  1.06745  |||| 1.63838 |||| 2.43358 
2.10355  0.81085  1.4829  2.13107  0.849148  1.55472  |||| 2.20191 |||| 3.75088 
1.65614  1.35357  0.771948  1.8557  1.03329  1.61343  |||| 1.53663 |||| 68.8339 
1.77108  1.09355  1.13214  1.66532  1.08108  1.74538  |||| 1.73299 |||| 4.52665 
1.66778  1.24414  0.943706  1.67735  1.25956  0.955995  |||| 1.59164 |||| 1.69451 
1.87768  0.944334  1.4313  2.22552  0.828787  1.3391  |||| 1.9967 |||| 2.61422 
1.61208  1.34631  0.85584  1.56071  1.31583  1.30695  |||| 1.55739 |||| 7.89905 
1.76583  1.05337  1.27556  2.10464  0.96662  0.845865  |||| 1.87469 |||| 2.50178 
1.64382  1.22526  1.076  2.07257  0.903078  0.971184  |||| 1.68582 |||| 2.49356 
1.94504  0.857815  1.71729  2.04176  0.878566  1.27557  |||| 2.29961 |||| 2.65891 
1.54737  1.45187  0.822608  1.91428  0.989344  1.18658  |||| 1.56442 |||| 9.38384 
1.6771  1.13781  1.28876  2.26833  0.81981  0.989946  |||| 1.85781 |||| 3.04639 
1.58068  1.32966  1.04173  2.22052  0.855582  0.842986  |||| 1.69865 |||| 3.01174 
1.81243  0.936303  1.73443  1.86566  0.991702  1.80131  |||| 2.22412 |||| 2.85533 
1.51897  1.42686  0.936319  2.60403  0.806542  0.806872  |||| 1.63833 |||| 3.95908 
1.70276  1.07378  1.55435  2.03564  0.840545  1.73156  |||| 2.07398 |||| 2.80086 
1.56715  1.29156  1.22159  1.64285  1.27313  1.25873  |||| 1.81945 |||| 1.984 
1.77659  0.797568  2.02884  2.58999  0.78491  0.794114  |||| 2.34762 |||| 4.18211 
1.45726  1.65901  0.766319  1.45106  1.64719  0.817237  |||| 1.63736 |||| 7.15056 
1.55199  1.28679  1.32235  1.61181  1.28451  1.35442  |||| 1.9057 |||| 2.03921 
1.46049  1.49488  1.00746  1.50979  1.42761  1.05536  |||| 1.71592 |||| 1.93332 
1.64962  1.06443  1.77094  1.87857  1.09979  0.833456  |||| 2.22813 |||| 2.78876 
1.40591  1.6214  0.892756  1.1839  1.89486  1.46055  |||| 1.65975 |||| 8.31036 
1.56614  1.21938  1.58228  2.22737  0.857093  0.953665  |||| 2.10881 |||| 3.814 
1.4503  1.45042  1.16231  1.5254  1.46585  0.917441  |||| 1.84367 |||| 2.04221 
1.58051  0.910014  2.01435  2.23881  0.838316  1.04139  |||| 2.24698 |||| 4.01584 
1.35422  1.7479  0.829746  2.4448  0.789192  0.882825  |||| 1.68183 |||| 4.6753 
1.48239  1.32879  1.48626  2.45536  0.793906  1.13835  |||| 2.09199 |||| 4.81121 
1.3916  1.56505  1.14655  1.21997  1.97357  1.27666  |||| 1.84623 |||| 2.76485 
1.5056  1.00587  1.96749  1.68717  1.10475  1.42208  |||| 2.2262 |||| 3.04342 
1.33828  1.71672  0.996334  2.37273  0.797282  1.15985  |||| 1.7956 |||| 4.90342 
1.49298  1.21045  1.84678  2.07879  0.807735  1.86086  |||| 2.29551 |||| 4.10877 
1.38591  1.51114  1.38395  0.84458  3.399  0.858908  |||| 2.03127 |||| 7.0498 
1.57159  0.844979  2.47073  2.12908  0.940395  0.776721  |||| 2.66427 |||| 5.6042 
1.27537  1.92395  0.810621  2.23669  0.837513  1.00766  |||| 1.74735 |||| 7.74618 
1.38518  1.45328  1.59637  1.9631  1.05524  0.820526  |||| 2.17947 |||| 4.13164 
1.29197  1.72651  1.1525  2.06845  0.919824  1.19919  |||| 1.92719 |||| 4.60535 
1.38664  1.09149  2.06169  1.98122  0.99944  0.869788  |||| 2.2756 |||| 4.41086 
1.24673  1.87259  0.982491  1.51425  1.43  1.11213  |||| 1.8463 |||| 2.8631 
1.36458  1.33058  1.92247  1.42568  1.39133  1.95928  |||| 2.36983 |||| 2.62149 
1.29428  1.66322  1.39378  2.18028  0.83102  1.24548  |||| 2.10714 |||| 5.54643 
1.43958  0.910633  2.62529  1.94269  0.981479  1.11001  |||| 2.74172 |||| 4.75068 
1.20868  2.0143  0.900738  1.35144  1.74178  0.907957  |||| 1.87084 |||| 2.45695 
1.31265  1.46498  1.85239  2.44989  0.782919  1.00753  |||| 2.36973 |||| 7.16606 
1.23703  1.78922  1.33935  1.45187  1.76121  0.823549  |||| 2.11708 |||| 3.03767 
1.34162  1.04616  2.50552  2.23339  0.801189  1.3036  |||| 2.63482 |||| 6.62646 
1.18858  1.95574  1.12252  1.30712  1.84964  1.14364  |||| 2.00998 |||| 2.55602 
1.25049  1.23981  2.11618  1.5478  1.57914  0.883236  |||| 2.36634 |||| 3.91189 
1.22838  1.7246  1.65161  1.09332  2.44639  0.791512  |||| 2.35304 |||| 4.11108 
1.35808  0.790182  3.19112  2.25995  0.858987  0.791588  |||| 3.08488 |||| 8.0111 
1.12851  2.37423  0.764237  2.55557  0.80895  0.823719  |||| 2.01267 |||| 11.0981 
1.19133  1.73713  1.75743  1.01575  2.81601  0.783277  |||| 2.43832 |||| 5.12644 
1.13608  2.06265  1.20951  2.14041  0.889158  0.871742  |||| 2.15215 |||| 7.78324 
1.19346  1.27146  2.32995  1.47368  1.45545  1.17599  |||| 2.56081 |||| 4.18991 
1.09156  2.26032  0.980605  2.30338  0.835094  0.810166  |||| 2.07603 |||| 9.35065 
1.13199  1.49857  2.03225  2.1667  0.890313  1.03733  |||| 2.40453 |||| 8.85507 
1.1187  2.00083  1.52583  1.86054  0.993941  1.51805  |||| 2.38326 |||| 7.21357 
1.20071  1.06293  3.06045  1.90865  1.02415  1.19533  |||| 3.06513 |||| 7.83661 
1.05388  2.45501  0.851748  1.86713  0.995559  1.28581  |||| 2.12735 |||| 8.81675 
1.07423  1.6779  1.97163  1.19435  1.48676  2.00056  |||| 2.47494 |||| 3.25825 
1.06718  2.1905  1.40127  2.25189  0.839537  0.864529  |||| 2.42589 |||| 11.5727 
1.12595  1.22677  2.87719  1.72824  0.77219  2.8869  |||| 3.01713 |||| 7.88923 
1.0229  2.39989  1.15118  2.19919  0.866198  1.14249  |||| 2.31203 |||| 12.2813 
1.05369  1.50006  2.43317  2.32082  0.784558  1.29329  |||| 2.74056 |||| 14.0068 
1.03576  2.09937  1.8192  2.36073  0.818813  0.800913  |||| 2.7044 |||| 15.1462 
1.0794  0.919823  3.56072  1.76304  1.10091  1.22007  |||| 3.30097 |||| 10.0604 
0.966168  2.7786  0.831948  0.976973  2.75082  0.922325  |||| 2.32208 |||| 4.77207 
0.982201  1.85057  2.02292  1.15474  1.97316  1.38838  |||| 2.60072 |||| 4.51356 
0.969594  2.48841  1.45743  0.982771  2.50158  1.47061  |||| 2.65647 |||| 2.7563 
0.998872  1.37505  3.10761  1.87596  1.01303  1.16656  |||| 3.23491 |||| 14.4406 
0.9337  2.73439  1.12689  2.41737  0.794399  0.929993  |||| 2.54759 |||| 23.0546 
0.954949  1.68774  2.59492  1.36411  1.02065  2.58018  |||| 3.03022 |||| 9.1688 
0.930106  2.3882  1.90708  1.98807  0.82981  1.88573  |||| 2.96729 |||| 20.1985 
0.958406  1.06437  3.74977  2.3802  0.814496  1.00125  |||| 3.76894 |||| 29.2281 
0.885045  3.03627  1.00611  1.54821  1.35219  1.09207  |||| 2.66933 |||| 15.8317 
0.893226  1.92012  2.54114  1.76236  1.17854  0.881007  |||| 3.12936 |||| 22.5215 
0.876685  2.71562  1.81056  1.30901  1.45777  1.91894  |||| 3.14211 |||| 14.0992 
0.86704  1.26572  3.7481  1.54871  0.789909  3.18408  |||| 3.64061 |||| 23.3451 
0.831748  3.13251  1.44776  1.45853  1.72478  0.776193  |||| 3.16032 |||| 24.5289 
0.824769  1.66696  3.19488  0.967274  1.24133  3.19773  |||| 3.44085 |||| 9.13039 
0.807126  2.46006  2.17134  1.27607  1.23895  2.10023  |||| 3.31101 |||| 28.7304 
0.80197  0.847264  5.53334  0.834391  0.94332  4.62664  |||| 4.9588 |||| 7.98883 
0.758983  4.48383  0.834536  1.99107  0.983015  0.889205  |||| 3.84457 |||| 159.505 
0.763693  2.75974  2.93558  1.12103  2.41528  0.787504  |||| 4.21017 |||| 142.623 
