1.51312  2.54343  1.51312  2.54343  |||| 12019 |||| 12019 
1.56767  2.50573  1.56767  2.50573  |||| 6214.48 |||| 6214.48 
1.76346  2.19332  1.76346  2.19332  |||| 166.951 |||| 166.951 
1.58975  2.41927  1.58975  2.41927  |||| 70.4122 |||| 70.4122 
1.59719  2.7124  1.59719  2.7124  |||| 53.738 |||| 53.738 
1.74899  2.15998  1.74899  2.15998  |||| 22.9165 |||| 22.9165 
1.97179  2.18494  1.97179  2.18494  |||| 18.3675 |||| 18.3675 
2.13153  1.34153  2.13153  1.34153  |||| 1.25578 |||| 1.25578 
1.55391  2.31206  1.55391  2.31206  |||| 14.6327 |||| 14.6327 
1.2604  3.35927  1.2604  3.35927  |||| 26.3651 |||| 26.3651 
1.27674  2.73493  1.27674  2.73493  |||| 16.0651 |||| 16.0651 
2.14858  1.42415  2.14858  1.42415  |||| 1.33142 |||| 1.33142 
1.7382  2.31012  1.7382  2.31012  |||| 9.04018 |||| 9.04018 
1.04572  3.58957  1.04572  3.58957  |||| 19.1572 |||| 19.1572 
1.5105  2.91686  1.5105  2.91686  |||| 12.3506 |||| 12.3506 
1.19583  3.48245  1.19583  3.48245  |||| 15.5415 |||| 15.5415 
1.19513  3.06531  1.19513  3.06531  |||| 11.6504 |||| 11.6504 
1.34565  2.43451  1.34565  2.43451  |||| 6.91047 |||| 6.91047 
1.00471  3.55672  1.00471  3.55672  |||| 13.1569 |||| 13.1569 
1.5615  2.50525  1.5615  2.50525  |||| 6.51682 |||| 6.51682 
2.15902  1.44825  2.15902  1.44825  |||| 1.49501 |||| 1.49501 
1.78663  2.13256  1.78663  2.13256  |||| 3.97542 |||| 3.97542 
1.38838  3.18882  1.38838  3.18882  |||| 8.83094 |||| 8.83094 
1.50563  2.74975  1.50563  2.74975  |||| 6.41884 |||| 6.41884 
1.02567  3.9625  1.02567  3.9625  |||| 11.4158 |||| 11.4158 
1.54663  2.38407  1.54663  2.38407  |||| 4.3476 |||| 4.3476 
1.38622  2.76113  1.38622  2.76113  |||| 5.67838 |||| 5.67838 
1.53395  2.80255  1.53395  2.80255  |||| 5.61489 |||| 5.61489 
1.45353  2.56764  1.45353  2.56764  |||| 4.53429 |||| 4.53429 
1.51858  2.7067  1.51858  2.7067  |||| 4.86498 |||| 4.86498 
1.6696  2.26938  1.6696  2.26938  |||| 3.19051 |||| 3.19051 
1.87019  1.71562  1.87019  1.71562  |||| 1.32188 |||| 1.32188 
1.14002  3.2908  1.14002  3.2908  |||| 6.26324 |||| 6.26324 
1.29044  3.16165  1.29044  3.16165  |||| 5.6626 |||| 5.6626 
1.86425  1.95774  1.86425  1.95774  |||| 1.85812 |||| 1.85812 
1.79697  1.96313  1.79697  1.96313  |||| 1.81842 |||| 1.81842 
1.41466  2.84261  1.41466  2.84261  |||| 4.26394 |||| 4.26394 
1.60097  2.54956  1.60097  2.54956  |||| 3.33486 |||| 3.33486 
1.73773  2.16243  1.73773  2.16243  |||| 2.20406 |||| 2.20406 
1.15856  2.93103  1.15856  2.93103  |||| 4.15389 |||| 4.15389 
1.45578  2.69297  1.45578  2.69297  |||| 3.44003 |||| 3.44003 
1.90587  1.89731  1.90587  1.89731  |||| 1.60761 |||| 1.60761 
1.38358  2.98853  1.38358  2.98853  |||| 3.98533 |||| 3.98533 
1.83661  1.7589  1.83661  1.7589  |||| 1.54439 |||| 1.54439 
1.52206  2.84303  1.52206  2.84303  |||| 3.4623 |||| 3.4623 
1.426  3.14981  1.426  3.14981  |||| 4.07382 |||| 4.07382 
1.8912  2.0956  1.8912  2.0956  |||| 1.73097 |||| 1.73097 
1.35296  2.87272  1.35296  2.87272  |||| 3.29794 |||| 3.29794 
1.48051  2.99301  1.48051  2.99301  |||| 3.48053 |||| 3.48053 
2.06691  1.51522  2.06691  1.51522  |||| 2.17478 |||| 2.17478 
1.79095  2.01946  1.79095  2.01946  |||| 1.67238 |||| 1.67238 
1.53974  2.34149  1.53974  2.34149  |||| 1.97972 |||| 1.97972 
0.946227  4.01743  0.946227  4.01743  |||| 5.19284 |||| 5.19284 
1.7895  2.27378  1.7895  2.27378  |||| 1.77722 |||| 1.77722 
1.70986  2.56136  1.70986  2.56136  |||| 2.27701 |||| 2.27701 
1.75065  2.18746  1.75065  2.18746  |||| 1.77153 |||| 1.77153 
1.487  2.69423  1.487  2.69423  |||| 2.43238 |||| 2.43238 
1.75626  2.18293  1.75626  2.18293  |||| 1.86784 |||| 1.86784 
1.96604  1.68825  1.96604  1.68825  |||| 2.40824 |||| 2.40824 
1.58236  2.82696  1.58236  2.82696  |||| 2.53169 |||| 2.53169 
1.68294  2.13749  1.68294  2.13749  |||| 1.8278 |||| 1.8278 
2.0027  1.70876  2.0027  1.70876  |||| 2.6892 |||| 2.6892 
1.71803  2.51357  1.71803  2.51357  |||| 2.01697 |||| 2.01697 
1.46629  2.66527  1.46629  2.66527  |||| 2.10938 |||| 2.10938 
1.76037  2.47387  1.76037  2.47387  |||| 2.24748 |||| 2.24748 
1.95646  1.5863  1.95646  1.5863  |||| 2.86965 |||| 2.86965 
1.56185  2.54637  1.56185  2.54637  |||| 1.83061 |||| 1.83061 
1.02239  3.40718  1.02239  3.40718  |||| 3.09059 |||| 3.09059 
2.21921  1.3713  2.21921  1.3713  |||| 3.96038 |||| 3.96038 
1.70554  2.18891  1.70554  2.18891  |||| 2.43977 |||| 2.43977 
1.04654  3.59007  1.04654  3.59007  |||| 3.21688 |||| 3.21688 
1.5434  2.83578  1.5434  2.83578  |||| 2.107 |||| 2.107 
1.55094  2.68208  1.55094  2.68208  |||| 2.15497 |||| 2.15497 
1.36473  3.04858  1.36473  3.04858  |||| 2.33974 |||| 2.33974 
1.3794  2.73128  1.3794  2.73128  |||| 1.87856 |||| 1.87856 
0.994005  3.2248  0.994005  3.2248  |||| 2.51103 |||| 2.51103 
1.84177  1.85085  1.84177  1.85085  |||| 3.73461 |||| 3.73461 
1.49473  2.50322  1.49473  2.50322  |||| 2.38903 |||| 2.38903 
1.53549  2.4258  1.53549  2.4258  |||| 2.68594 |||| 2.68594 
1.35295  2.66939  1.35295  2.66939  |||| 1.94435 |||| 1.94435 
1.739  2.03562  1.739  2.03562  |||| 3.98421 |||| 3.98421 
1.32905  2.85659  1.32905  2.85659  |||| 2.0279 |||| 2.0279 
1.08404  3.63496  1.08404  3.63496  |||| 2.79201 |||| 2.79201 
1.47684  2.71216  1.47684  2.71216  |||| 3.15151 |||| 3.15151 
1.33435  2.94614  1.33435  2.94614  |||| 2.45392 |||| 2.45392 
1.82016  2.00101  1.82016  2.00101  |||| 5.90657 |||| 5.90657 
1.74539  1.86925  1.74539  1.86925  |||| 5.80135 |||| 5.80135 
1.698  1.99176  1.698  1.99176  |||| 5.8939 |||| 5.8939 
1.63714  2.54679  1.63714  2.54679  |||| 5.88779 |||| 5.88779 
1.44909  2.4451  1.44909  2.4451  |||| 4.69341 |||| 4.69341 
1.78632  2.39371  1.78632  2.39371  |||| 8.66619 |||| 8.66619 
1.3727  3.04778  1.3727  3.04778  |||| 4.91693 |||| 4.91693 
1.3182  3.16698  1.3182  3.16698  |||| 4.86051 |||| 4.86051 
1.79526  2.42789  1.79526  2.42789  |||| 12.8008 |||| 12.8008 
1.49565  2.45551  1.49565  2.45551  |||| 9.78964 |||| 9.78964 
1.2735  3.32215  1.2735  3.32215  |||| 7.12734 |||| 7.12734 
1.33569  3.26347  1.33569  3.26347  |||| 10.9048 |||| 10.9048 
1.97328  1.8563  1.97328  1.8563  |||| 40.2607 |||| 40.2607 
1.56944  2.51318  1.56944  2.51318  |||| 40.7166 |||| 40.7166 
1.491  2.61222  1.491  2.61222  |||| 106.776 |||| 106.776 
1.99993  0.000315361  1.76789  0.503351  |||| 1.99973 |||| 5032.27 
0.000599408  3.99897  0.679742  2.64463  |||| 3.99885 |||| 6795.41 
1.99492  0.0103253  1.15682  1.71674  |||| 2.00495 |||| 336.456 
1.98461  0.0309619  1.75155  0.561572  |||| 2.01525 |||| 36.6813 
1.9742  0.0517688  1.29667  1.40684  |||| 2.02568 |||| 55.1431 
1.96367  0.0728367  1.45244  1.09529  |||| 2.03619 |||| 30.6646 
1.95303  0.0941042  1.48162  1.05151  |||| 2.04682 |||| 22.8969 
1.94229  0.115593  1.91262  0.174933  |||| 2.05756 |||| 3.11478 
1.93143  0.137313  1.09015  1.81988  |||| 2.06842 |||| 27.4364 
1.92046  0.159257  1.18169  1.64294  |||| 2.0794 |||| 21.4661 
1.90937  0.181435  1.36395  1.28086  |||| 2.09049 |||| 14.7662 
1.89816  0.203856  1.83537  0.33382  |||| 2.10169 |||| 3.44234 
1.88683  0.226519  1.13175  1.77377  |||| 2.11302 |||| 16.554 
1.87538  0.249424  0.980885  2.05126  |||| 2.12447 |||| 17.4792 
1.8638  0.272578  1.62524  0.819401  |||| 2.13605 |||| 6.42313 
1.85209  0.295988  1.12751  1.74515  |||| 2.14776 |||| 12.6676 
1.84026  0.319655  1.35906  1.28205  |||| 2.15959 |||| 8.66406 
1.8283  0.343582  0.944967  2.11806  |||| 2.17155 |||| 13.3908 
1.8162  0.367776  0.959462  2.08125  |||| 2.18365 |||| 12.3607 
1.80396  0.392245  0.916901  2.16637  |||| 2.19589 |||| 12.131 
1.79159  0.416986  0.466566  3.07488  |||| 2.20826 |||| 16.2879 
1.77908  0.442012  1.69032  0.619527  |||| 2.22077 |||| 3.11289 
1.76643  0.46732  1.76356  0.477631  |||| 2.23342 |||| 2.28271 
1.75363  0.492916  1.42666  1.14685  |||| 2.24622 |||| 5.22695 
1.74068  0.51881  1.6121  0.780794  |||| 2.25917 |||| 3.40025 
1.72759  0.545003  1.02561  1.96315  |||| 2.27226 |||| 8.18622 
1.71434  0.571498  0.907449  2.18528  |||| 2.28552 |||| 8.74061 
1.70093  0.598312  0.931783  2.16876  |||| 2.29892 |||| 8.33437 
1.68737  0.625437  1.07833  1.84351  |||| 2.31248 |||| 6.81704 
1.67365  0.652883  1.21515  1.5801  |||| 2.32621 |||| 5.63046 
1.65976  0.68066  1.65511  0.728377  |||| 2.34009 |||| 2.50417 
1.6457  0.708766  1.13449  1.73652  |||| 2.35415 |||| 5.76838 
1.63148  0.737218  1.69123  0.617715  |||| 2.36837 |||| 2.45512 
1.61708  0.766016  1.16267  1.72323  |||| 2.38277 |||| 5.36077 
1.60251  0.795159  1.15432  1.69154  |||| 2.39735 |||| 5.10025 
1.58775  0.824667  0.678862  2.67035  |||| 2.4121 |||| 7.8114 
1.57282  0.854539  1.49396  1.01936  |||| 2.42703 |||| 2.89522 
1.5577  0.884781  1.78728  0.431947  |||| 2.44215 |||| 2.80214 
1.54239  0.915403  1.54239  0.915403  |||| 2.45746 |||| 2.45746 
1.52688  0.946412  1.2883  1.4559  |||| 2.47297 |||| 3.80442 
1.51118  0.977817  1.58013  0.842762  |||| 2.48867 |||| 2.60223 
1.49528  1.00962  1.23482  1.53054  |||| 2.50457 |||| 3.79699 
1.47917  1.04183  1.46104  1.09491  |||| 2.52068 |||| 2.64911 
1.46286  1.07446  1.27879  1.44473  |||| 2.53699 |||| 3.41137 
1.44633  1.10752  0.969131  2.06191  |||| 2.55352 |||| 4.75424 
1.42958  1.14101  1.56494  0.875985  |||| 2.57027 |||| 2.81366 
1.41262  1.17494  1.18631  1.62756  |||| 2.58723 |||| 3.58401 
1.39543  1.20932  1.26844  1.46329  |||| 2.60442 |||| 3.15144 
1.37801  1.24416  0.703142  2.60147  |||| 2.62184 |||| 5.48241 
1.36035  1.27947  1.38076  1.23866  |||| 2.6395 |||| 2.6791 
1.34246  1.31526  1.34246  1.31526  |||| 2.65739 |||| 2.65739 
1.32432  1.35154  0.533833  2.93251  |||| 2.67553 |||| 5.80553 
1.30593  1.38832  1.07193  1.86013  |||| 2.69392 |||| 3.60952 
1.28728  1.4256  1.41188  1.17642  |||| 2.71257 |||| 2.97515 
1.26838  1.46341  1.21413  1.57623  |||| 2.73147 |||| 2.94207 
1.24921  1.50175  0.850734  2.32431  |||| 2.75063 |||| 4.25738 
1.22978  1.54062  1.521  0.958182  |||| 2.77007 |||| 3.42616 
1.21006  1.58006  1.62311  0.753947  |||| 2.78979 |||| 3.74225 
1.19006  1.62005  0.917348  2.16548  |||| 2.80979 |||| 3.75583 
1.16977  1.66063  0.102932  3.79431  |||| 2.83008 |||| 6.46661 
1.14919  1.70179  1.57109  0.867278  |||| 2.85066 |||| 3.89741 
1.12831  1.74356  1.74986  0.50045  |||| 2.87154 |||| 4.45368 
1.10711  1.78595  1.20484  1.62334  |||| 2.89273 |||| 3.14812 
1.08561  1.82896  1.4976  1.00498  |||| 2.91424 |||| 4.02041 
1.06378  1.87262  1.05151  1.90711  |||| 2.93607 |||| 2.99016 
1.04162  1.91693  1.33295  1.33427  |||| 2.95823 |||| 3.78578 
1.01912  1.96193  0.806033  2.38811  |||| 2.98073 |||| 3.62826 
0.996283  2.00761  1.34392  1.34602  |||| 3.00357 |||| 4.05183 
0.973089  2.054  1.03005  1.94507  |||| 3.02676 |||| 3.20398 
0.949532  2.10111  0.519616  2.96094  |||| 3.05032 |||| 4.29866 
0.925609  2.14896  1.74167  0.516831  |||| 3.07424 |||| 5.78523 
0.901306  2.19756  1.37181  1.26082  |||| 3.09854 |||| 4.71642 
0.876617  2.24694  0.508566  2.98986  |||| 3.12323 |||| 4.15594 
0.85153  2.29711  0.668391  2.66339  |||| 3.14832 |||| 3.65035 
0.826039  2.3481  0.753168  2.56876  |||| 3.17381 |||| 3.47208 
0.80013  2.39991  1.30459  1.43387  |||| 3.19972 |||| 5.21757 
0.773796  2.45258  1.09366  1.82054  |||| 3.22606 |||| 4.55995 
0.747024  2.50613  0.794579  2.42868  |||| 3.25283 |||| 3.45996 
0.719802  2.56057  0.533969  2.93224  |||| 3.28005 |||| 3.75617 
0.692124  2.61593  0.516293  2.97581  |||| 3.30773 |||| 3.7628 
0.663973  2.67223  1.07148  1.85722  |||| 3.33588 |||| 5.38383 
0.635339  2.7295  1.65832  0.683539  |||| 3.36451 |||| 8.78351 
0.606207  2.78776  1.7081  0.612849  |||| 3.39364 |||| 9.56424 
0.576568  2.84704  0.567109  2.86595  |||| 3.42328 |||| 3.44603 
0.546408  2.90736  0.999461  2.01993  |||| 3.45344 |||| 6.31791 
0.51571  2.96875  0.520237  2.9597  |||| 3.48414 |||| 3.51473 
0.484462  3.03125  0.745415  2.50934  |||| 3.51539 |||| 5.4097 
0.452649  3.09488  0.633594  2.75598  |||| 3.5472 |||| 4.9658 
0.42025  3.15967  1.266  1.47202  |||| 3.5796 |||| 10.7868 
0.387264  3.22565  0.887255  2.25024  |||| 3.61259 |||| 8.27916 
0.353657  3.29286  0.640142  2.79931  |||| 3.64619 |||| 6.60149 
0.31942  3.36133  0.714999  2.57806  |||| 3.68043 |||| 8.2412 
0.28453  3.43111  1.10002  1.80014  |||| 3.71533 |||| 14.3709 
0.248981  3.50221  1.77246  0.466215  |||| 3.75087 |||| 26.7203 
0.212741  3.57469  0.521189  2.9578  |||| 3.78711 |||| 9.28307 
0.175794  3.64859  0.50777  2.98463  |||| 3.82406 |||| 11.0537 
0.138117  3.72394  0.138117  3.72394  |||| 3.86173 |||| 3.86173 
0.0996914  3.80079  0.381903  3.23637  |||| 3.90016 |||| 14.9627 
0.0604966  3.87918  0.254441  3.52658  |||| 3.93935 |||| 16.6104 
0.0204807  3.95921  1.5404  0.92681  |||| 3.97939 |||| 301.879 
