1 9.99882e-05
9.94533e-05 1
0.999987 0.00512813
0.999879 0.0155418
0.999658 0.0261671
0.999315 0.0370101
0.998844 0.0480726
0.998237 0.0593542
0.997486 0.0708589
0.996584 0.0825895
0.995521 0.0945451
0.994288 0.106731
0.992877 0.11914
0.991278 0.131788
0.989481 0.14466
0.987477 0.15776
0.985255 0.171091
0.982805 0.184646
0.980116 0.198427
0.977177 0.212428
0.973977 0.226649
0.970505 0.241081
0.966751 0.255718
0.962702 0.270563
0.95835 0.285597
0.95368 0.300824
0.948683 0.316228
0.943351 0.331797
0.93767 0.347527
0.931632 0.363402
0.925229 0.379409
0.918451 0.395536
0.91129 0.411765
0.903739 0.428084
0.895791 0.444475
0.887442 0.46092
0.878688 0.477397
0.869525 0.493889
0.859952 0.510375
0.849967 0.526836
0.83957 0.543251
0.828767 0.559594
0.817557 0.575847
0.805952 0.591981
0.793952 0.60798
0.781568 0.62382
0.768808 0.63948
0.755689 0.654931
0.742219 0.670158
0.728412 0.68514
0.714286 0.699854
0.699854 0.714286
0.68514 0.728411
0.670159 0.742218
0.654931 0.755689
0.639477 0.76881
0.623823 0.781566
0.60798 0.793952
0.591976 0.805956
0.575845 0.817559
0.559594 0.828767
0.54325 0.839571
0.526837 0.849966
0.510376 0.859951
0.493891 0.869524
0.477397 0.878688
0.460917 0.887443
0.44447 0.895794
0.428083 0.903739
0.411763 0.911291
0.395537 0.91845
0.379409 0.925229
0.363402 0.931633
0.347526 0.93767
0.331798 0.943351
0.316227 0.948683
0.30082 0.953681
0.285598 0.95835
0.270562 0.962703
0.255719 0.966751
0.24108 0.970505
0.226647 0.973977
0.212428 0.977177
0.198422 0.980117
0.184644 0.982805
0.17109 0.985255
0.15776 0.987478
0.14466 0.989481
0.131785 0.991278
0.11914 0.992877
0.10673 0.994288
0.0945426 0.995521
0.0825832 0.996584
0.0708577 0.997486
0.0593543 0.998237
0.0480708 0.998844
0.0370108 0.999315
0.0261685 0.999658
0.0155358 0.999879
0.00512564 0.999987
