1.04419 0.000103456
0.00010418 1.04419
1.04418 0.00535421
1.04407 0.0162273
1.04384 0.0273247
1.04348 0.0386472
1.04299 0.050195
1.04235 0.0619772
1.04157 0.0739908
1.04063 0.0862347
1.03952 0.0987241
1.03823 0.111446
1.03676 0.12441
1.03509 0.137612
1.03321 0.151053
1.03112 0.164732
1.0288 0.178653
1.02624 0.192807
1.02343 0.207196
1.02036 0.221817
1.01702 0.236664
1.0134 0.251736
1.00948 0.267022
1.00525 0.282521
1.0007 0.298222
0.995826 0.31412
0.99061 0.330203
0.985041 0.346462
0.979109 0.362886
0.972806 0.379461
0.966119 0.396176
0.959041 0.413015
0.951563 0.429965
0.943678 0.447005
0.935379 0.46412
0.926661 0.481291
0.91752 0.498496
0.907953 0.515716
0.897955 0.532933
0.887529 0.550121
0.876674 0.56726
0.865395 0.584323
0.85369 0.601295
0.84157 0.618143
0.82904 0.63485
0.816108 0.651391
0.802786 0.667739
0.789086 0.683875
0.77502 0.699776
0.760604 0.715419
0.745853 0.730783
0.730785 0.745852
0.715418 0.760604
0.699776 0.77502
0.683875 0.789086
0.667739 0.802786
0.65139 0.816108
0.63485 0.82904
0.618142 0.841571
0.601291 0.853692
0.584324 0.865394
0.567259 0.876675
0.550121 0.887529
0.532933 0.897955
0.515715 0.907954
0.498496 0.91752
0.48129 0.926661
0.46412 0.935379
0.447004 0.943678
0.429964 0.951563
0.413014 0.959042
0.396178 0.966118
0.379463 0.972805
0.362886 0.979109
0.346462 0.985041
0.330203 0.99061
0.314119 0.995827
0.298223 1.0007
0.282521 1.00525
0.267021 1.00948
0.251736 1.0134
0.236665 1.01702
0.221817 1.02036
0.207197 1.02343
0.192807 1.02624
0.17865 1.0288
0.164734 1.03112
0.151053 1.03321
0.137612 1.03509
0.124408 1.03676
0.111448 1.03823
0.0987234 1.03952
0.0862393 1.04063
0.07399 1.04157
0.0619771 1.04235
0.0501972 1.04299
0.0386468 1.04348
0.0273251 1.04384
0.0162282 1.04407
0.00535449 1.04418
