2.99985 1.00007 0.999927
0.857182 1.71445 0.856978
0.000453044 0.000732867 5.99849
2.99985 1.00007 0.999927
1.99997 1.50001 0.499986
2.33444 1 2.99669
1.50003 1.74999 0.250015
2.78 1 1.65999
2.49991 1.25004 0.749956
0.300094 0.600125 4.19974
1.25005 1.87497 0.125031
2.90737 1 1.27788
2.24994 1.37503 0.62497
0.409197 0.81829 3.54519
1.74998 1.62501 0.375002
2.60014 1 2.19959
2.74989 1.12506 0.874944
0.16677 0.333492 4.99965
1.12506 1.93747 0.0625379
2.9571 1 1.12871
2.12496 1.43752 0.562479
0.456639 0.91314 3.26065
1.62501 1.68749 0.312508
2.69895 1 1.90315
2.39754 1.26652 0.866404
0.23695 0.473825 4.57863
1.37504 1.81248 0.187523
2.6093 1.0711 1.56496
2.05517 1.41921 0.743268
0.357242 0.714409 3.85683
1.78849 1.59125 0.445391
2.48166 1 2.55501
2.03335 1.32823 1.17149
0.0883297 0.176621 5.47024
1.06256 1.96871 0.0312918
1.9584 1.30382 1.38778
1.55483 1.62741 0.588138
0.478848 0.95755 3.12741
1.35552 1.78388 0.291821
2.03255 1.15917 2.0658
1.52079 1.52436 0.977079
0.26933 0.53859 4.38434
1.16272 1.89012 0.160184
1.67419 1.29041 1.76812
1.28839 1.63791 0.799862
0.383807 0.767574 3.69744
1.11321 1.79824 0.458318
1.78736 1.11408 2.6382
1.26686 1.50578 1.24742
0.128672 0.257307 5.22818
0.982139 1.96444 0.107227
1.26631 1.38545 1.67191
0.985645 1.73307 0.731595
0.43344 0.866766 3.39976
0.928596 1.85734 0.428502
0.594959 1.18878 2.43381
0.95343 1.59062 1.16059
0.202809 0.405547 4.78347
0.946437 1.89297 0.321425
1.03766 1.30863 2.04122
0.833065 1.6662 1.00167
0.329378 0.658669 4.02407
0.876371 1.75283 0.741839
0.520666 1.04092 2.87736
0.76022 1.52051 1.43878
0.0455459 0.0910588 5.72696
0.994554 1.98928 0.0327351
0.727889 1.45585 1.63276
0.834705 1.66949 0.991847
0.489574 0.979039 3.06296
0.899833 1.79976 0.601063
0.635384 1.27033 2.18902
0.739847 1.47979 1.56105
0.284909 0.569758 4.29085
0.933614 1.86731 0.398355
0.622506 1.24502 2.26516
0.736006 1.47208 1.58407
0.396661 0.793224 3.62039
0.803984 1.60809 1.17621
0.521091 1.04222 2.8736
0.615476 1.23101 2.30726
0.147996 0.295936 5.1123
0.941421 1.88299 0.351549
0.521072 1.04219 2.87375
0.653815 1.3076 2.07734
0.390808 0.781563 3.65544
0.740024 1.48011 1.55998
0.392307 0.784603 3.64639
0.485649 0.971334 3.08627
0.220111 0.440152 4.67965
0.757598 1.51527 1.4545
0.318936 0.637811 4.08668
0.412126 0.82421 3.52754
0.199283 0.398549 4.80456
0.439678 0.879386 3.36209
0.165773 0.331494 5.00565
0.189442 0.378842 4.86364
0.0672544 0.134481 5.59667
0.667028 1.33412 1.99794
0.0289702 0.0578824 5.82656
