1 9.9455e-05 9.99754e-05
9.33736e-05 1 9.84077e-05
8.40174e-05 8.92413e-05 1
0.99851 0.0385689 0.0386057
0.993767 0.105749 0.0352705
0.988771 0.0471387 0.141807
0.979224 0.200769 0.0285125
0.980572 0.100885 0.168228
0.975057 0.190297 0.114238
0.955529 0.041693 0.291936
0.940324 0.339528 0.0226059
0.957928 0.176183 0.226567
0.945656 0.296002 0.134604
0.925636 0.0848174 0.368787
0.91606 0.390784 0.090119
0.921043 0.161193 0.354538
0.920701 0.308031 0.239639
0.860434 0.0335518 0.508456
0.840168 0.542045 0.0174688
0.89545 0.294553 0.333779
0.868856 0.461076 0.180272
0.846531 0.143121 0.51274
0.820238 0.562468 0.104108
0.845973 0.247291 0.472415
0.842312 0.444851 0.304332
0.763286 0.0664118 0.642639
0.749559 0.658435 0.0680069
0.808933 0.332009 0.485178
0.788766 0.544502 0.285247
0.72876 0.124684 0.673323
0.734417 0.65356 0.183003
0.738356 0.245737 0.628048
0.754115 0.492407 0.434565
0.628572 0.0246582 0.77736
0.608438 0.793502 0.0125732
0.717033 0.477068 0.508202
0.668288 0.699575 0.252954
0.645514 0.223374 0.730353
0.599955 0.789574 0.128943
0.651177 0.371331 0.661877
0.643537 0.644682 0.412607
0.547667 0.101419 0.830527
0.522456 0.849623 0.0719764
0.607783 0.468157 0.641428
0.577443 0.733597 0.358321
0.516943 0.173563 0.83824
0.514529 0.830886 0.21187
0.529536 0.329908 0.781507
0.543846 0.646046 0.535589
0.422074 0.0443899 0.905474
0.409949 0.911011 0.0447335
0.503849 0.551167 0.665095
0.463725 0.816211 0.344613
0.424735 0.222551 0.877537
0.402978 0.896114 0.18598
0.432054 0.395573 0.810464
0.43515 0.727286 0.530753
0.339053 0.0788571 0.937457
0.337676 0.934248 0.114698
0.393085 0.496134 0.774168
0.376357 0.808074 0.45318
0.313056 0.152221 0.937457
0.326669 0.903747 0.276638
0.322713 0.321761 0.890127
0.339911 0.685418 0.643943
0.242176 0.0150098 0.970116
0.231339 0.972843 0.00763368
0.30464 0.662924 0.683905
0.266162 0.910618 0.31612
0.251952 0.294536 0.921829
0.220804 0.96408 0.147635
0.251154 0.485302 0.837498
0.24163 0.824623 0.511479
0.190593 0.129066 0.973148
0.173798 0.981977 0.0742626
0.213398 0.587778 0.780371
0.194164 0.887445 0.418021
0.165652 0.210526 0.963451
0.158857 0.959446 0.232867
0.16362 0.395668 0.903701
0.163784 0.769226 0.61763
0.116679 0.0573056 0.991515
0.108117 0.993319 0.0403522
0.136083 0.643823 0.752976
0.117087 0.92003 0.373946
0.101922 0.256712 0.961099
0.0908003 0.977238 0.191731
0.094897 0.449364 0.888294
0.0900961 0.813294 0.574835
0.063167 0.0931219 0.993649
0.0575099 0.992032 0.112096
0.062379 0.551101 0.832104
0.05553 0.877748 0.475893
0.0407897 0.171532 0.984334
0.0367084 0.959072 0.280772
0.0300039 0.351943 0.93554
0.0237205 0.739221 0.673045
0.0133976 0.0238547 0.999626
0.00683094 0.999689 0.0239808
0.00337707 0.673219 0.739435
