8.62124 0.233546 0.242183
0.0127209 1.06431 0.00354858
0.00844745 0.00443421 1.25687
6.28141 0.250029 0.228639
5.53611 0.588861 0.194553
5.80115 0.250395 0.319926
3.46836 0.716984 0.101103
2.77219 0.410489 0.495222
2.63414 0.546027 0.288913
1.78441 0.103568 0.999997
1.19075 0.909176 0.0563462
2.3925 0.497591 0.498083
1.90422 0.584414 0.254818
1.91031 0.160008 0.999997
1.74121 0.764158 0.135135
0.908935 0.410829 0.999997
1.75147 0.581098 0.439845
1.32666 0.0643 0.999999
1.44104 0.966701 0.0208095
1.63775 0.564155 0.554905
1.14576 0.737559 0.261477
1.19311 0.255581 0.999997
0.929504 0.8783 0.120274
1.64598 0.310044 0.999997
1.14869 0.712788 0.397682
1.15843 0.0962007 0.999999
0.96041 0.92434 0.0893661
1.52378 0.620834 0.603681
1.07051 0.730837 0.35261
0.766256 0.176634 0.999998
0.65323 0.868345 0.202281
0.59031 0.318197 0.999997
1.07873 0.730598 0.503222
0.764753 0.0284523 1
0.583776 1.00001 0.0130506
1.06784 0.735547 0.752955
0.815765 0.850103 0.294965
0.6562 0.290458 0.999997
0.601262 0.890252 0.12933
0.693908 0.534415 0.999997
0.733697 0.856825 0.494488
0.533646 0.0691915 0.999999
0.559721 0.966865 0.0789528
0.859764 0.724663 0.999997
0.673241 0.855485 0.212327
0.619924 0.143413 0.999998
0.472911 0.930173 0.210682
0.653529 0.417632 0.999997
0.692327 0.866605 0.489888
0.422814 0.0394007 1
0.431582 0.986495 0.0485807
0.738189 0.367392 0.999997
0.42518 0.933325 0.212542
0.403351 0.213856 0.999998
0.385471 0.954492 0.177694
0.483358 0.357942 0.999997
0.554268 0.90155 0.646585
0.344233 0.0812177 1
0.290662 0.973667 0.117967
0.373388 0.306739 0.999998
0.425449 0.936243 0.507294
0.338107 0.15159 1
0.345186 0.957791 0.282683
0.32636 0.267777 0.999998
0.457614 0.920863 0.578737
0.0577865 0.0136861 1
0.174896 1.00152 0.00635793
0.418634 0.936068 0.844044
0.250694 0.979016 0.230939
0.221124 0.241087 0.999998
0.194494 0.994342 0.0973365
0.256795 0.389901 0.999998
0.289837 0.973837 0.366347
0.126067 0.116425 1
0.125375 0.998002 0.0593848
0.163032 0.532845 0.999998
0.17852 0.991275 0.320221
0.168982 0.182719 1
0.162509 0.995747 0.137004
0.162342 0.291599 0.999998
0.209679 0.983629 0.535488
0.0995634 0.0421543 1
0.0745684 0.99967 0.0380626
0.138823 0.708498 0.999998
0.126798 0.99632 0.244119
0.0790571 0.250271 1
0.0859621 0.998795 0.18857
0.104543 0.270402 0.999999
0.106514 0.997954 0.276779
0.0283134 0.080876 1
0.0574823 0.999753 0.108758
0.0441539 0.650883 1
0.061618 0.999319 0.540184
0.0403044 0.146672 1
0.0411306 0.999875 0.156228
0.0311536 0.247901 1
0.0322549 0.99992 0.415136
0.0124696 0.021695 1.06842
0.0122321 1.10736 0.0104629
0.007358 0.11967 1
