1.00311 1.20794e-05
9.30384e-05 1.00495
1.00058 0.00328807
1 0.0107718
1 0.0238797
1 0.0361491
1 0.0461486
1 0.0577641
1 0.0657509
1 0.0711774
1 0.0829449
1 0.100725
1 0.110699
1 0.127676
1 0.133492
1 0.157084
1 0.164254
1 0.178809
1 0.190228
1 0.214262
1 0.218984
1 0.246767
1 0.253713
1 0.275754
1 0.286168
1 0.311759
1 0.317612
0.918429 0.350012
0.879071 0.350012
0.871979 0.350012
0.839504 0.350012
0.788582 0.350012
0.769397 0.350012
0.717366 0.350012
0.692961 0.350016
0.667768 0.350016
0.6532 0.354555
0.650412 0.367641
0.650017 0.374994
0.650017 0.39848
0.650017 0.404053
0.650013 0.422999
0.650013 0.442139
0.650008 0.458073
0.650008 0.481545
0.650008 0.49037
0.650008 0.529625
0.650008 0.540711
0.650008 0.57775
0.650008 0.609506
0.650008 0.597763
0.650008 0.650288
0.617642 0.676062
0.547852 0.676072
0.562617 0.676052
0.546372 0.676072
0.506281 0.67606
0.509356 0.676041
0.477575 0.676072
0.473763 0.676072
0.450206 0.676041
0.434853 0.676072
0.410951 0.676162
0.397326 0.676883
0.383903 0.680436
0.378281 0.696994
0.372656 0.702632
0.372206 0.74564
0.372137 0.767255
0.372141 0.804177
0.371967 0.844103
0.371967 0.86658
0.371988 0.826198
0.0770176 1
0.138261 1
0.0247563 1
0.0383809 1
0.197577 1
0.12813 1
0.0741478 1
0.114892 1
0.18174 1
0.171233 1
0.0944973 1
0.0257926 1
0.042202 1
0.0491313 1
0.0583872 1
0.07363 1
0.0729485 1
0.0485324 1
0.0671818 1
0.0735238 1
0.0282039 1
0.0183039 1
0.0171034 1
0.0148371 1
0.0173594 1
0.0108947 1
0.00419741 1
