2.10021 0.239148 0.263067
0.20433 4.08791 0.253114
0.188858 0.188906 6.08702
2.10121 0.214623 0.261797
2.09314 0.248473 0.254477
2.09408 0.200947 0.330272
2.06197 0.814229 0.252488
2.08889 0.304775 0.455094
2.08412 0.485215 0.35111
2.08641 0.200023 0.650911
2.01494 1.21639 0.253038
2.08049 0.459017 0.586485
2.06965 0.712659 0.361381
2.07594 0.281373 0.879666
2.05135 0.918775 0.301648
2.07217 0.43605 0.862866
2.06035 0.756425 0.610932
2.04285 0.198231 1.45522
0.601673 3.96346 0.252502
2.05421 0.741556 0.824241
2.02447 1.12028 0.495658
2.04864 0.418556 1.29082
1.9865 1.39115 0.300736
2.04224 0.665829 1.17463
2.01659 1.10756 0.7845
2.01914 0.23325 1.72272
1.92521 1.70474 0.283441
2.01823 0.878506 1.25974
1.97353 1.39003 0.790293
2.00014 0.403456 1.86495
1.91742 1.715 0.55811
1.99322 0.730433 1.7299
1.96539 1.31731 1.18897
1.88004 0.190162 2.79958
1.70248 2.4957 0.119115
1.94626 1.32276 1.42899
1.85809 1.93571 0.751574
1.94277 0.717743 2.1978
1.76426 2.28777 0.437846
1.92384 1.13588 1.9651
1.85128 1.85257 1.23571
1.87297 0.417404 2.80473
1.64702 2.61689 0.308613
1.86785 1.45906 1.97654
1.75837 2.20606 1.13531
1.83478 0.664971 2.93079
1.64258 2.59429 0.735823
1.82222 1.17523 2.65195
1.74885 2.06203 1.74269
1.71968 0.251711 3.58798
1.4342 3.07045 0.261678
1.73458 1.881 2.25288
1.57412 2.69038 1.18799
1.70446 0.942399 3.42464
1.4253 3.05295 0.728807
1.67671 1.53241 3.06953
1.56243 2.54267 1.89756
1.56166 0.42001 4.14915
1.26715 3.32503 0.510504
1.57772 1.94462 3.01903
1.40918 2.91778 1.68976
1.49358 0.778056 4.26932
1.2531 3.29108 1.08574
1.47858 1.47184 3.91851
1.38426 2.68836 2.53821
1.29248 0.167488 4.90047
0.65597 3.93384 0.25262
1.30624 2.71053 2.82091
1.08624 3.47874 1.28032
1.28592 1.47162 4.45266
0.929153 3.71599 0.602361
1.22145 2.26231 3.84348
1.05231 3.33798 2.12025
1.09613 0.762962 5.19565
0.766267 3.86051 0.339776
1.05382 2.72257 3.58863
0.869993 3.61682 1.73699
0.97846 1.21075 5.2131
0.718208 3.84802 1.01199
0.923895 2.0872 4.66652
0.805383 3.39078 2.75439
0.763099 0.417027 5.73138
0.522042 4.00146 0.277409
0.732973 3.08373 3.60979
0.570923 3.84332 1.63159
0.668008 1.51887 5.43968
0.456019 3.99538 0.876945
0.589558 2.43494 4.73077
0.483511 3.64169 2.61559
0.470976 0.639548 5.93296
0.331559 4.05728 0.56077
0.425223 2.87418 4.3054
0.332737 3.8277 2.13323
0.335748 1.1012 5.85815
0.238786 4.00894 1.25761
0.26616 2.05262 5.30383
0.194835 3.50566 3.21757
0.180435 0.241822 6.08583
0.19977 4.08435 0.407488
0.128675 1.37058 5.78124
