1.27711  3.64024  1.27711  3.64024  |||| 14914.7 |||| 14914.7 
1.96428  2.59039  1.96428  2.59039  |||| 12353.8 |||| 12353.8 
1.78345  2.95529  1.78345  2.95529  |||| 158.077 |||| 158.077 
1.76685  3.34638  1.76685  3.34638  |||| 78.2438 |||| 78.2438 
1.55338  3.71805  1.55338  3.71805  |||| 61.5158 |||| 61.5158 
1.71268  3.17067  1.71268  3.17067  |||| 28.6131 |||| 28.6131 
1.55966  3.17594  1.55966  3.17594  |||| 22.3694 |||| 22.3694 
1.12838  3.90901  1.12838  3.90901  |||| 31.3643 |||| 31.3643 
1.4398  3.89487  1.4398  3.89487  |||| 26.3258 |||| 26.3258 
1.85989  3.21093  1.85989  3.21093  |||| 13.8789 |||| 13.8789 
2.02497  2.68781  2.02497  2.68781  |||| 6.21482 |||| 6.21482 
1.52611  3.60697  1.52611  3.60697  |||| 15.0424 |||| 15.0424 
1.4272  3.65836  1.4272  3.65836  |||| 14.0895 |||| 14.0895 
1.56093  3.61894  1.56093  3.61894  |||| 12.5283 |||| 12.5283 
1.43457  3.6057  1.43457  3.6057  |||| 11.4223 |||| 11.4223 
1.57569  3.54027  1.57569  3.54027  |||| 10.1012 |||| 10.1012 
1.22241  3.75529  1.22241  3.75529  |||| 10.8579 |||| 10.8579 
0.831718  4.13511  0.831718  4.13511  |||| 12.5588 |||| 12.5588 
1.96979  2.79738  1.96979  2.79738  |||| 3.85233 |||| 3.85233 
1.15991  4.00801  1.15991  4.00801  |||| 10.4118 |||| 10.4118 
1.89678  2.95259  1.89678  2.95259  |||| 4.25805 |||| 4.25805 
1.74035  3.58186  1.74035  3.58186  |||| 7.20217 |||| 7.20217 
1.87553  3.14419  1.87553  3.14419  |||| 4.75856 |||| 4.75856 
1.47622  3.48136  1.47622  3.48136  |||| 6.0741 |||| 6.0741 
0.728897  4.2675  0.728897  4.2675  |||| 9.22824 |||| 9.22824 
1.13674  4.00983  1.13674  4.00983  |||| 7.76102 |||| 7.76102 
1.24055  3.9037  1.24055  3.9037  |||| 7.01971 |||| 7.01971 
1.56917  3.65129  1.56917  3.65129  |||| 5.77437 |||| 5.77437 
1.03204  4.1127  1.03204  4.1127  |||| 7.26284 |||| 7.26284 
1.29297  4.02561  1.29297  4.02561  |||| 6.68838 |||| 6.68838 
1.56702  3.5838  1.56702  3.5838  |||| 4.93448 |||| 4.93448 
1.41895  3.68871  1.41895  3.68871  |||| 5.11573 |||| 5.11573 
1.35748  3.78699  1.35748  3.78699  |||| 5.26379 |||| 5.26379 
1.42615  3.46576  1.42615  3.46576  |||| 4.0973 |||| 4.0973 
1.80066  3.3414  1.80066  3.3414  |||| 3.59623 |||| 3.59623 
1.68257  2.84986  1.68257  2.84986  |||| 2.05094 |||| 2.05094 
1.28599  3.93639  1.28599  3.93639  |||| 5.07786 |||| 5.07786 
1.51367  3.58198  1.51367  3.58198  |||| 3.95647 |||| 3.95647 
1.76277  3.18527  1.76277  3.18527  |||| 2.78292 |||| 2.78292 
1.56811  3.49409  1.56811  3.49409  |||| 3.51576 |||| 3.51576 
2.07648  2.58605  2.07648  2.58605  |||| 2.21954 |||| 2.21954 
1.16258  4.01108  1.16258  4.01108  |||| 4.6204 |||| 4.6204 
1.61272  3.64149  1.61272  3.64149  |||| 3.61201 |||| 3.61201 
1.29601  3.87658  1.29601  3.87658  |||| 4.08014 |||| 4.08014 
1.59431  3.46331  1.59431  3.46331  |||| 3.03117 |||| 3.03117 
0.745573  4.20476  0.745573  4.20476  |||| 4.63188 |||| 4.63188 
1.85622  3.08878  1.85622  3.08878  |||| 2.07013 |||| 2.07013 
1.90015  3.16817  1.90015  3.16817  |||| 2.19562 |||| 2.19562 
1.63548  3.12912  1.63548  3.12912  |||| 2.0661 |||| 2.0661 
1.56369  3.37654  1.56369  3.37654  |||| 2.53307 |||| 2.53307 
1.63823  3.42255  1.63823  3.42255  |||| 2.57382 |||| 2.57382 
1.62009  3.36016  1.62009  3.36016  |||| 2.3983 |||| 2.3983 
1.80402  3.23302  1.80402  3.23302  |||| 2.21815 |||| 2.21815 
1.2869  3.76157  1.2869  3.76157  |||| 3.06901 |||| 3.06901 
1.91607  2.74516  1.91607  2.74516  |||| 2.55699 |||| 2.55699 
1.17355  3.861  1.17355  3.861  |||| 3.13642 |||| 3.13642 
1.09412  4.13299  1.09412  4.13299  |||| 3.56795 |||| 3.56795 
1.72208  3.20786  1.72208  3.20786  |||| 2.29016 |||| 2.29016 
1.64655  3.09782  1.64655  3.09782  |||| 2.16699 |||| 2.16699 
1.60035  3.7202  1.60035  3.7202  |||| 2.67826 |||| 2.67826 
1.79041  3.27405  1.79041  3.27405  |||| 2.63364 |||| 2.63364 
1.13139  3.80065  1.13139  3.80065  |||| 2.72074 |||| 2.72074 
1.19375  4.06927  1.19375  4.06927  |||| 3.11088 |||| 3.11088 
1.43465  3.75374  1.43465  3.75374  |||| 2.55751 |||| 2.55751 
1.74162  3.07491  1.74162  3.07491  |||| 2.79569 |||| 2.79569 
1.47954  3.70576  1.47954  3.70576  |||| 2.40291 |||| 2.40291 
1.41255  3.71651  1.41255  3.71651  |||| 2.38199 |||| 2.38199 
1.63871  3.3462  1.63871  3.3462  |||| 2.74343 |||| 2.74343 
1.31021  3.90768  1.31021  3.90768  |||| 2.59207 |||| 2.59207 
1.29044  3.93396  1.29044  3.93396  |||| 2.59182 |||| 2.59182 
0.978994  4.197  0.978994  4.197  |||| 2.93031 |||| 2.93031 
1.63373  3.17078  1.63373  3.17078  |||| 3.11136 |||| 3.11136 
1.15949  4.1198  1.15949  4.1198  |||| 2.73986 |||| 2.73986 
1.71624  3.0324  1.71624  3.0324  |||| 3.65129 |||| 3.65129 
1.41654  3.86757  1.41654  3.86757  |||| 2.6427 |||| 2.6427 
2.01086  2.14877  2.01086  2.14877  |||| 5.12786 |||| 5.12786 
1.57297  3.49479  1.57297  3.49479  |||| 3.51996 |||| 3.51996 
1.16593  4.07906  1.16593  4.07906  |||| 2.50553 |||| 2.50553 
1.59293  3.53407  1.59293  3.53407  |||| 3.93837 |||| 3.93837 
1.26569  3.99916  1.26569  3.99916  |||| 2.56613 |||| 2.56613 
1.72693  3.58048  1.72693  3.58048  |||| 5.01574 |||| 5.01574 
1.81161  3.04192  1.81161  3.04192  |||| 5.73541 |||| 5.73541 
1.58852  3.6354  1.58852  3.6354  |||| 4.81391 |||| 4.81391 
1.90559  2.73146  1.90559  2.73146  |||| 6.98883 |||| 6.98883 
1.52001  3.35126  1.52001  3.35126  |||| 5.00191 |||| 5.00191 
1.42059  3.72272  1.42059  3.72272  |||| 4.67487 |||| 4.67487 
1.6108  3.40744  1.6108  3.40744  |||| 6.40198 |||| 6.40198 
1.39489  3.81545  1.39489  3.81545  |||| 5.22137 |||| 5.22137 
1.18732  3.9456  1.18732  3.9456  |||| 3.90655 |||| 3.90655 
1.4814  3.77787  1.4814  3.77787  |||| 7.02335 |||| 7.02335 
1.51547  3.57844  1.51547  3.57844  |||| 8.11413 |||| 8.11413 
1.80382  2.96724  1.80382  2.96724  |||| 12.3932 |||| 12.3932 
1.28402  3.79835  1.28402  3.79835  |||| 7.25354 |||| 7.25354 
1.45654  3.66136  1.45654  3.66136  |||| 10.9706 |||| 10.9706 
1.50456  3.66927  1.50456  3.66927  |||| 13.8209 |||| 13.8209 
1.82644  3.02314  1.82644  3.02314  |||| 23.902 |||| 23.902 
1.68691  3.55073  1.68691  3.55073  |||| 26.8245 |||| 26.8245 
1.37204  4.02317  1.37204  4.02317  |||| 25.2112 |||| 25.2112 
1.05413  4.039  1.05413  4.039  |||| 21.2486 |||| 21.2486 
1.97008  2.75241  1.97008  2.75241  |||| 243.272 |||| 243.272 
2  0.000215805  1.64641  2.27097  |||| 1.99966 |||| 22709.5 
0.000739855  4  0.643038  3.80849  |||| 3.99998 |||| 6426.97 
1.99999  0.0102714  1.6071  2.38919  |||| 2.00991 |||| 468.278 
1.99994  0.0310982  1.99994  0.0310982  |||| 2.03068 |||| 2.03068 
1.99983  0.0523593  1.99983  0.0523593  |||| 2.05183 |||| 2.05183 
1.99966  0.0740653  1.88927  1.3125  |||| 2.07336 |||| 36.7494 
1.99942  0.096229  1.9906  0.387369  |||| 2.09529 |||| 8.43567 
1.99912  0.118843  1.99548  0.268735  |||| 2.11762 |||| 4.78808 
1.99874  0.14198  2.00597  0.149205  |||| 2.14036 |||| 2.2493 
1.99829  0.165592  1.98919  0.41527  |||| 2.16352 |||| 5.42597 
1.99775  0.189714  0.703672  3.75882  |||| 2.18711 |||| 43.3368 
1.99713  0.214359  1.9899  0.465102  |||| 2.21113 |||| 4.79772 
1.99641  0.239545  2.01471  0.387999  |||| 2.2356 |||| 3.62116 
1.9956  0.265281  1.9956  0.265281  |||| 2.26052 |||| 2.26052 
1.99468  0.291586  1.99468  0.291586  |||| 2.28591 |||| 2.28591 
1.99365  0.318473  1.99462  0.319438  |||| 2.31177 |||| 2.31876 
1.99251  0.34596  1.77985  1.84929  |||| 2.33811 |||| 12.4986 
1.99124  0.374063  1.89282  1.34985  |||| 2.36494 |||| 8.53446 
1.98983  0.402796  1.99794  0.385926  |||| 2.39227 |||| 2.40202 
1.98829  0.432178  1.96493  0.769303  |||| 2.42011 |||| 4.30802 
1.9866  0.462229  1.77455  1.84497  |||| 2.44847 |||| 9.77326 
1.98475  0.492961  1.30026  3.05356  |||| 2.47736 |||| 15.346 
1.98274  0.524393  1.58041  2.46241  |||| 2.50677 |||| 11.7714 
1.98055  0.556545  1.98055  0.556545  |||| 2.53673 |||| 2.53673 
1.97817  0.589434  1.97817  0.589434  |||| 2.56724 |||| 2.56724 
1.97559  0.623081  1.88425  1.41489  |||| 2.59831 |||| 5.90033 
1.9728  0.657501  1.98016  0.664869  |||| 2.62994 |||| 2.65941 
1.96978  0.692716  1.82656  1.62932  |||| 2.66214 |||| 6.26163 
1.96653  0.728742  1.64593  2.27238  |||| 2.69491 |||| 8.40345 
1.96302  0.765601  1.96606  0.768646  |||| 2.72827 |||| 2.73912 
1.95925  0.80331  1.85211  1.50954  |||| 2.76221 |||| 5.19065 
1.9552  0.841887  1.9552  0.841887  |||| 2.79673 |||| 2.79673 
1.95085  0.881352  1.76418  1.90728  |||| 2.83184 |||| 6.12827 
1.94618  0.92173  1.71708  2.05104  |||| 2.86755 |||| 6.38094 
1.94117  0.963024  1.94117  0.963024  |||| 2.90384 |||| 2.90384 
1.93581  1.00526  0.805466  3.67459  |||| 2.94071 |||| 10.7495 
1.93007  1.04845  1.41887  2.81908  |||| 2.97817 |||| 8.00778 
1.92394  1.09262  1.88286  1.34885  |||| 3.0162 |||| 3.72354 
1.91739  1.13777  1.93914  0.979259  |||| 3.0548 |||| 3.08947 
1.91039  1.18393  1.77591  1.83974  |||| 3.09396 |||| 4.80781 
1.90292  1.2311  1.83749  1.57942  |||| 3.13366 |||| 4.02031 
1.89496  1.27928  1.7616  1.89395  |||| 3.17388 |||| 4.69888 
1.88647  1.32851  1.90294  1.34497  |||| 3.21462 |||| 3.25446 
1.87743  1.37876  1.87828  1.37961  |||| 3.25584 |||| 3.25784 
1.86781  1.43006  1.75119  1.96322  |||| 3.29752 |||| 4.52692 
1.85758  1.4824  1.85787  1.48269  |||| 3.33963 |||| 3.34027 
1.84671  1.53578  1.65853  2.26244  |||| 3.38214 |||| 4.98242 
1.83516  1.5902  1.97922  0.592389  |||| 3.425 |||| 3.69392 
1.8229  1.64563  1.8229  1.64563  |||| 3.46818 |||| 3.46818 
1.8099  1.70207  1.17523  3.27967  |||| 3.51162 |||| 6.76645 
1.79612  1.75951  1.43701  2.78208  |||| 3.55527 |||| 5.62149 
1.78152  1.81791  1.54637  2.61158  |||| 3.59907 |||| 5.17036 
1.76606  1.87726  0.429438  3.91306  |||| 3.64296 |||| 7.59362 
1.74972  1.9375  1.63638  2.30506  |||| 3.68686 |||| 4.3863 
1.73245  1.99861  0.987397  3.52546  |||| 3.7307 |||| 6.58082 
1.71422  2.06052  1.81949  1.66068  |||| 3.77439 |||| 4.00621 
1.69499  2.1232  1.40971  2.83899  |||| 3.81784 |||| 5.10495 
1.67473  2.18658  1.70357  2.09556  |||| 3.86095 |||| 3.92745 
1.6534  2.25057  0.949611  3.52036  |||| 3.90361 |||| 6.10608 
1.63097  2.31511  0.989457  3.47619  |||| 3.94573 |||| 5.92461 
1.60741  2.38011  1.60741  2.38011  |||| 3.98716 |||| 3.98716 
1.58269  2.44547  1.48127  2.68762  |||| 4.02781 |||| 4.42664 
1.55679  2.51109  1.43773  2.7806  |||| 4.06753 |||| 4.50408 
1.52969  2.57686  1.52969  2.57686  |||| 4.10619 |||| 4.10619 
1.50136  2.64266  1.12912  3.30327  |||| 4.14366 |||| 5.1795 
1.4718  2.70836  1.81794  1.66743  |||| 4.1798 |||| 5.16304 
1.441  2.77382  1.441  2.77382  |||| 4.21446 |||| 4.21446 
1.40895  2.83891  1.44891  2.75729  |||| 4.2475 |||| 4.36798 
1.37567  2.90347  1.53687  2.5597  |||| 4.27878 |||| 4.78032 
1.34115  2.96738  1.35593  2.98216  |||| 4.30816 |||| 4.35568 
1.30541  3.03044  1.30752  3.03255  |||| 4.3355 |||| 4.34248 
1.26849  3.09253  1.44274  2.7702  |||| 4.36066 |||| 4.95984 
1.23041  3.15347  1.12452  3.3124  |||| 4.38352 |||| 4.60444 
1.19121  3.21311  1.20018  3.22208  |||| 4.40396 |||| 4.43713 
1.15093  3.2713  1.15182  3.2722  |||| 4.42188 |||| 4.42531 
1.10963  3.32789  1.04034  3.418  |||| 4.43717 |||| 4.55731 
1.06737  3.38273  1.44333  2.7732  |||| 4.44975 |||| 6.01756 
1.02422  3.43568  1.12957  3.30096  |||| 4.45954 |||| 4.9184 
0.980237  3.48662  1.49477  2.70117  |||| 4.4665 |||| 6.81179 
0.935516  3.53543  1.03925  3.43597  |||| 4.47058 |||| 4.96648 
0.890133  3.58199  0.92412  3.54739  |||| 4.47177 |||| 4.64257 
0.844177  3.62622  1.15214  3.26961  |||| 4.47004 |||| 6.10138 
0.797734  3.66804  0.389563  3.92339  |||| 4.46541 |||| 4.77627 
0.750907  3.70737  0.750907  3.70737  |||| 4.45791 |||| 4.45791 
0.703785  3.74416  0.586452  3.83758  |||| 4.44759 |||| 4.55856 
0.656464  3.77839  0.440496  3.90645  |||| 4.4345 |||| 4.58479 
0.60904  3.81002  1.50741  2.6445  |||| 4.41871 |||| 10.9402 
0.561605  3.83906  0.968909  3.50419  |||| 4.40031 |||| 7.59357 
0.514251  3.86551  1.40518  2.87507  |||| 4.37941 |||| 11.9717 
0.467068  3.88939  0.736493  3.71891  |||| 4.35611 |||| 6.87074 
0.420137  3.91075  0.428744  3.91935  |||| 4.33053 |||| 4.41931 
0.373534  3.92962  1.15677  3.26305  |||| 4.3028 |||| 13.333 
0.32736  3.94605  0.773115  3.69246  |||| 4.27306 |||| 10.0976 
0.281661  3.96013  0.734011  3.72088  |||| 4.24144 |||| 11.0615 
0.236504  3.97193  1.783  1.81349  |||| 4.20808 |||| 31.7637 
0.191965  3.98153  0.60964  3.81789  |||| 4.17314 |||| 13.2692 
0.148078  3.98902  1.30715  3.02746  |||| 4.13674 |||| 36.5905 
0.104908  3.99449  0.104908  3.99449  |||| 4.09904 |||| 4.09904 
0.0624867  3.99805  0.226895  3.98645  |||| 4.06018 |||| 14.8015 
0.020851  3.99978  0.983897  3.48605  |||| 4.02028 |||| 192.777 
