41.6719  701.194  318.047  41.6719  701.194  318.047  |||| 6.95946e+06 |||| 6.95946e+06 
1082.89  557.872  931.364  1082.89  557.872  931.364  |||| 1.07669e+07 |||| 1.07669e+07 
357.234  456.572  974.417  357.234  456.572  974.417  |||| 4.51324e+06 |||| 4.51324e+06 
152.234  475.033  795.489  152.234  475.033  795.489  |||| 21736.2 |||| 21736.2 
40.2558  605.582  811.049  40.2558  605.582  811.049  |||| 25599.3 |||| 25599.3 
105.981  490.514  880.356  105.981  490.514  880.356  |||| 12090.8 |||| 12090.8 
536.435  981.773  996.263  536.435  981.773  996.263  |||| 41317.8 |||| 41317.8 
152.68  747.971  931.066  152.68  747.971  931.066  |||| 9195.5 |||| 9195.5 
832.576  926.282  177.093  832.576  926.282  177.093  |||| 6188.7 |||| 6188.7 
614.395  930.178  34.4197  614.395  930.178  34.4197  |||| 28584.4 |||| 28584.4 
916.032  185.366  213.888  916.032  185.366  213.888  |||| 11432.4 |||| 11432.4 
92.344  72.2132  1090.02  92.344  72.2132  1090.02  |||| 6454.87 |||| 6454.87 
65.2807  441.808  699.7  65.2807  441.808  699.7  |||| 6999.15 |||| 6999.15 
815.954  478.883  524.104  815.954  478.883  524.104  |||| 7677.74 |||| 7677.74 
716.323  641.653  886.279  716.323  641.653  886.279  |||| 13492.5 |||| 13492.5 
416.859  676.573  615.586  416.859  676.573  615.586  |||| 5984.3 |||| 5984.3 
73.9744  264.937  694.965  73.9744  264.937  694.965  |||| 4164.82 |||| 4164.82 
55.3584  152.146  1216.64  55.3584  152.146  1216.64  |||| 6079.07 |||| 6079.07 
1287.9  169.129  437.324  1287.9  169.129  437.324  |||| 33791.5 |||| 33791.5 
171.095  134.795  537.484  171.095  134.795  537.484  |||| 2383.69 |||| 2383.69 
281.14  217.581  873.589  281.14  217.581  873.589  |||| 7185.48 |||| 7185.48 
218.898  504.811  646.918  218.898  504.811  646.918  |||| 5229.28 |||| 5229.28 
389.84  619.141  1091.3  389.84  619.141  1091.3  |||| 15360.2 |||| 15360.2 
1384.98  132.124  30.9298  1384.98  132.124  30.9298  |||| 2551.97 |||| 2551.97 
457.612  640.477  78.1956  457.612  640.477  78.1956  |||| 2272.44 |||| 2272.44 
1015.86  8.8144  811.58  1015.86  8.8144  811.58  |||| 1947.73 |||| 1947.73 
817.798  369.563  321.495  817.798  369.563  321.495  |||| 6637.67 |||| 6637.67 
509.419  212.081  552.839  509.419  212.081  552.839  |||| 1801.72 |||| 1801.72 
683.161  672.103  606.569  683.161  672.103  606.569  |||| 3355.28 |||| 3355.28 
661.423  360.998  1152.19  661.423  360.998  1152.19  |||| 4356 |||| 4356 
737.718  175.751  498.89  737.718  175.751  498.89  |||| 4152.74 |||| 4152.74 
574.168  421.741  1118  574.168  421.741  1118  |||| 2830.6 |||| 2830.6 
259.199  287.662  1250.18  259.199  287.662  1250.18  |||| 4777.4 |||| 4777.4 
779.105  506.003  22.1002  779.105  506.003  22.1002  |||| 28576.7 |||| 28576.7 
319.589  244.003  819.57  319.589  244.003  819.57  |||| 90336.7 |||| 90336.7 
8.91129  5.77877  970.852  8.91129  5.77877  970.852  |||| 3201.9 |||| 3201.9 
524.422  431.106  722.407  524.422  431.106  722.407  |||| 4530.42 |||| 4530.42 
589.223  346.203  924.301  589.223  346.203  924.301  |||| 2439.28 |||| 2439.28 
706.805  607.44  524.353  706.805  607.44  524.353  |||| 5984.87 |||| 5984.87 
763.008  509.71  92.2473  763.008  509.71  92.2473  |||| 2288.34 |||| 2288.34 
53.1823  252.836  1471.51  53.1823  252.836  1471.51  |||| 5996 |||| 5996 
366.813  1064.2  180.828  366.813  1064.2  180.828  |||| 15367.9 |||| 15367.9 
705.257  406.191  847.245  705.257  406.191  847.245  |||| 16689.5 |||| 16689.5 
24.6407  963.146  557.658  24.6407  963.146  557.658  |||| 3513.93 |||| 3513.93 
1020.06  528.726  29.7588  1020.06  528.726  29.7588  |||| 2931.01 |||| 2931.01 
74.0586  1000.94  957.416  74.0586  1000.94  957.416  |||| 8751.98 |||| 8751.98 
959.249  712.132  375.516  959.249  712.132  375.516  |||| 2885.11 |||| 2885.11 
9.01416  76.4299  736.627  9.01416  76.4299  736.627  |||| 1514.83 |||| 1514.83 
706.855  268.864  592.887  706.855  268.864  592.887  |||| 2223.51 |||| 2223.51 
326.464  49.5211  940.753  326.464  49.5211  940.753  |||| 1402.52 |||| 1402.52 
96.6166  606.1  727.406  96.6166  606.1  727.406  |||| 21712.1 |||| 21712.1 
921.634  446.955  136.183  921.634  446.955  136.183  |||| 3125.49 |||| 3125.49 
185.155  653.934  828.026  185.155  653.934  828.026  |||| 3832.71 |||| 3832.71 
398.772  359.235  951.74  398.772  359.235  951.74  |||| 2415.25 |||| 2415.25 
355.973  184.864  841.837  355.973  184.864  841.837  |||| 6600.61 |||| 6600.61 
304.209  740.312  867.397  304.209  740.312  867.397  |||| 3045.03 |||| 3045.03 
529.315  657.99  995.195  529.315  657.99  995.195  |||| 3127.86 |||| 3127.86 
600.691  763.797  896.646  600.691  763.797  896.646  |||| 12953.3 |||| 12953.3 
16.116  36.6476  1354.22  16.116  36.6476  1354.22  |||| 16184.8 |||| 16184.8 
87.0357  531.404  899.692  87.0357  531.404  899.692  |||| 1901.82 |||| 1901.82 
68.6847  505.784  813.898  68.6847  505.784  813.898  |||| 2886.58 |||| 2886.58 
544.828  202.562  1021.71  544.828  202.562  1021.71  |||| 2410.94 |||| 2410.94 
1040.67  412.979  502.789  1040.67  412.979  502.789  |||| 4771.53 |||| 4771.53 
209.77  361.188  1050.11  209.77  361.188  1050.11  |||| 1784.4 |||| 1784.4 
688.47  431.963  313.453  688.47  431.963  313.453  |||| 3348.63 |||| 3348.63 
956.639  741.263  528.786  956.639  741.263  528.786  |||| 58683.1 |||| 58683.1 
448.679  502.098  932.385  448.679  502.098  932.385  |||| 145099 |||| 145099 
479.187  685.681  1195.48  479.187  685.681  1195.48  |||| 2850.26 |||| 2850.26 
67.7916  893.458  28.15  67.7916  893.458  28.15  |||| 1456.35 |||| 1456.35 
1299.84  574.571  322.854  1299.84  574.571  322.854  |||| 7520.73 |||| 7520.73 
459.11  79.0765  1056.77  459.11  79.0765  1056.77  |||| 9401.15 |||| 9401.15 
1506.65  278.904  155.973  1506.65  278.904  155.973  |||| 9398.28 |||| 9398.28 
618.942  53.6291  436.803  618.942  53.6291  436.803  |||| 3990.76 |||| 3990.76 
171.464  841.476  676.392  171.464  841.476  676.392  |||| 8370.18 |||| 8370.18 
234.282  5.24805  1085.54  234.282  5.24805  1085.54  |||| 17730.5 |||| 17730.5 
67.6567  240.42  1192.23  67.6567  240.42  1192.23  |||| 2387.21 |||| 2387.21 
585.836  612.955  124.428  585.836  612.955  124.428  |||| 4475.19 |||| 4475.19 
182.561  874.614  125.608  182.561  874.614  125.608  |||| 5520.7 |||| 5520.7 
403.124  352.173  1164.61  403.124  352.173  1164.61  |||| 6670.47 |||| 6670.47 
453.813  1002.38  582.514  453.813  1002.38  582.514  |||| 3998.86 |||| 3998.86 
356.495  438.398  849.866  356.495  438.398  849.866  |||| 3300.02 |||| 3300.02 
146.445  302.298  1206.59  146.445  302.298  1206.59  |||| 6038 |||| 6038 
628.215  757.211  802.532  628.215  757.211  802.532  |||| 22263.7 |||| 22263.7 
6.20062  132.226  422.897  6.20062  132.226  422.897  |||| 830.199 |||| 830.199 
1023.57  287.012  1066.03  1023.57  287.012  1066.03  |||| 12202.7 |||| 12202.7 
209.013  208.823  954.032  209.013  208.823  954.032  |||| 2607.98 |||| 2607.98 
626.83  917.702  984.427  626.83  917.702  984.427  |||| 8596.73 |||| 8596.73 
65.2316  494.589  1056.84  65.2316  494.589  1056.84  |||| 1680.6 |||| 1680.6 
160.066  33.6948  1254.12  160.066  33.6948  1254.12  |||| 3186.98 |||| 3186.98 
767.735  50.663  68.9012  767.735  50.663  68.9012  |||| 13678.6 |||| 13678.6 
513.849  774.787  312.79  513.849  774.787  312.79  |||| 10106.4 |||| 10106.4 
138.015  613.759  1036.01  138.015  613.759  1036.01  |||| 2941.05 |||| 2941.05 
124.235  915.102  322.363  124.235  915.102  322.363  |||| 2992.96 |||| 2992.96 
457.05  373.7  493.689  457.05  373.7  493.689  |||| 13226.8 |||| 13226.8 
322.578  515.076  408.057  322.578  515.076  408.057  |||| 10999 |||| 10999 
8.85852  41.1402  915.46  8.85852  41.1402  915.46  |||| 1268.84 |||| 1268.84 
1060.65  230.395  15.2039  1060.65  230.395  15.2039  |||| 57914.3 |||| 57914.3 
618.324  831.586  465.052  618.324  831.586  465.052  |||| 47192.8 |||| 47192.8 
741.196  604.614  450.724  741.196  604.614  450.724  |||| 94690.5 |||| 94690.5 
401.223  519.675  664.518  401.223  519.675  664.518  |||| 153071 |||| 153071 
1  8.51186e-05  4.03263e-05  16.4883  0.00140346  0.000664911  |||| 1 |||| 16.4883 
8.11564e-05  1  4.8402e-05  0.00312966  38.5634  51.7509  |||| 1 |||| 517509 
9.87359e-05  8.02805e-05  1  0.000735332  0.000723744  8.1078  |||| 1 |||| 8.1078 
0.998509  0.0386056  0.0386052  120.022  4.64045  135.65  |||| 1.07574 |||| 3778.78 
0.993758  0.105831  0.0352799  171.925  332.455  206.504  |||| 1.13489 |||| 6642.46 
0.988769  0.0471608  0.141813  0.988769  0.0471608  0.141813  |||| 1.17786 |||| 1.17786 
0.979203  0.200858  0.0286034  0.900833  0.433222  0.0286034  |||| 1.20882 |||| 2.60647 
0.980568  0.100917  0.168233  0.981513  0.0912727  0.168233  |||| 1.24975 |||| 1.25095 
0.975035  0.190437  0.114197  0.526983  0.388723  0.755767  |||| 1.27977 |||| 8.46371 
0.955506  0.041625  0.29202  0.222139  0.136019  0.965481  |||| 1.28924 |||| 4.2625 
0.940319  0.339545  0.0225694  33.2029  12.9237  4.20422  |||| 1.30251 |||| 241.914 
0.957929  0.176175  0.22657  0.293572  0.0539916  0.954411  |||| 1.36074 |||| 5.73178 
0.945624  0.296122  0.134559  1.39754  0.529195  0.202928  |||| 1.37636 |||| 2.45961 
0.925627  0.0850412  0.368759  115.056  62.9464  95.4076  |||| 1.37949 |||| 1020.38 
0.916047  0.390798  0.0901911  0.517217  0.851089  0.0901911  |||| 1.3971 |||| 3.0422 
0.921048  0.161074  0.354578  0.864655  0.478745  0.152237  |||| 1.43685 |||| 4.26761 
0.920687  0.308085  0.239622  0.710948  0.661161  0.239622  |||| 1.46855 |||| 3.15068 
0.860421  0.0338746  0.508457  0.860421  0.0338746  0.508457  |||| 1.40278 |||| 1.40278 
0.840168  0.542045  0.0174524  110.968  71.5925  2.30508  |||| 1.39973 |||| 184.874 
0.895398  0.294611  0.333867  0.233881  0.91374  0.332234  |||| 1.52392 |||| 4.72635 
0.868838  0.46106  0.180402  4.14815  2.20127  9.98197  |||| 1.51037 |||| 83.5584 
0.846479  0.143558  0.512703  6.62842  20.5703  3.57499  |||| 1.50276 |||| 215.324 
0.820217  0.562495  0.104136  0.812595  0.57345  0.104136  |||| 1.48688 |||| 1.51583 
0.845998  0.247414  0.472306  0.297681  0.432607  0.851021  |||| 1.56585 |||| 2.82085 
0.842283  0.444875  0.304379  0.842283  0.444875  0.304379  |||| 1.59161 |||| 1.59161 
0.76326  0.0662211  0.642689  82.6583  7.17151  8.27175  |||| 1.47247 |||| 159.455 
0.749549  0.658438  0.0680855  0.457324  0.88669  0.0680855  |||| 1.47611 |||| 1.98781 
0.808916  0.332001  0.485212  0.808916  0.332001  0.485212  |||| 1.62619 |||| 1.62619 
0.788695  0.544605  0.285248  0.788695  0.544605  0.285248  |||| 1.61858 |||| 1.61858 
0.728776  0.124637  0.673313  0.864233  0.147803  0.48089  |||| 1.52681 |||| 1.8106 
0.734504  0.653479  0.182945  12.7361  12.417  27.8045  |||| 1.57097 |||| 238.719 
0.73828  0.245781  0.62812  0.123897  0.80654  0.578051  |||| 1.61223 |||| 5.29048 
0.754043  0.492519  0.434561  0.118798  0.0546151  0.991415  |||| 1.68116 |||| 3.83522 
0.628585  0.0239013  0.777374  68.8127  2.61654  85.1011  |||| 1.43105 |||| 156.66 
0.60845  0.793493  0.0125613  0.603757  0.787373  0.124584  |||| 1.41454 |||| 13.9917 
0.716972  0.477291  0.508079  0.590634  0.58122  0.559763  |||| 1.70236 |||| 2.07302 
0.66829  0.699559  0.252993  39.2501  53.9891  12.9888  |||| 1.62095 |||| 125.098 
0.645541  0.223549  0.730276  0.920836  15.4853  1.27105  |||| 1.59938 |||| 110.786 
0.599972  0.789521  0.129192  4.48874  0.325955  0.586347  |||| 1.51877 |||| 11.3628 
0.651158  0.371279  0.661926  102.542  58.4679  104.238  |||| 1.68442 |||| 265.258 
0.64338  0.644497  0.413142  0.903898  0.418926  0.0864194  |||| 1.70103 |||| 2.38981 
0.547611  0.101936  0.830501  110.159  20.5056  167.065  |||| 1.48013 |||| 297.746 
0.522559  0.84956  0.0719661  0.522559  0.84956  0.0719661  |||| 1.44414 |||| 1.44414 
0.607667  0.468158  0.641537  0.358771  0.832059  0.423038  |||| 1.71738 |||| 3.05231 
0.577464  0.733602  0.358279  24.4773  14.1209  132.534  |||| 1.66941 |||| 617.516 
0.516835  0.173717  0.838274  24.112  8.10445  39.1082  |||| 1.52926 |||| 71.345 
0.5144  0.830995  0.211755  100.658  32.9653  81.8777  |||| 1.55722 |||| 601.927 
0.529525  0.329882  0.781525  0.815013  0.507734  0.279213  |||| 1.64103 |||| 2.52576 
0.543622  0.646308  0.5355  0.542662  0.645167  0.537845  |||| 1.72557 |||| 1.73308 
0.42209  0.0441736  0.905477  7.44442  0.77909  15.9699  |||| 1.3721 |||| 24.1998 
0.410001  0.910985  0.0447729  42.106  93.5556  4.59805  |||| 1.36584 |||| 140.268 
0.503812  0.551151  0.665136  5.81417  9.79446  17.6819  |||| 1.72015 |||| 45.7251 
0.464031  0.816092  0.344483  0.845924  0.473202  0.325038  |||| 1.62476 |||| 2.96149 
0.424835  0.223482  0.877252  0.270018  0.396887  0.877252  |||| 1.52572 |||| 2.70796 
0.402926  0.896135  0.185991  0.40534  0.901503  0.151633  |||| 1.48513 |||| 1.49401 
0.433099  0.395477  0.809953  0.241198  0.573116  0.783174  |||| 1.63861 |||| 2.37415 
0.435767  0.727067  0.530547  0.435767  0.727067  0.530547  |||| 1.69341 |||| 1.69341 
0.33966  0.0793955  0.937191  0.700724  0.713393  0.00748175  |||| 1.35631 |||| 12.1822 
0.33777  0.934215  0.114691  0.188188  0.225928  12.6054  |||| 1.38673 |||| 152.363 
0.393841  0.495951  0.773901  0.491455  0.869355  0.0519065  |||| 1.66403 |||| 2.91607 
0.376817  0.807856  0.453186  43.1464  92.5012  51.8908  |||| 1.63788 |||| 187.54 
0.313641  0.153311  0.937083  44.6892  21.8446  133.521  |||| 1.40412 |||| 200.066 
0.326738  0.903727  0.276622  0.930402  0.240485  0.276622  |||| 1.50712 |||| 4.29152 
0.322618  0.321831  0.890136  60.1233  44.5337  115.611  |||| 1.53478 |||| 285.966 
0.340136  0.685358  0.643887  0.921336  0.200093  0.333319  |||| 1.66946 |||| 4.52199 
0.242184  0.0145993  0.97012  0.878489  0.052957  0.474819  |||| 1.22775 |||| 4.4526 
0.231319  0.972848  0.00764927  0.497065  0.86768  0.00764927  |||| 1.21185 |||| 2.60377 
0.304698  0.662874  0.683928  0.413523  0.899623  0.140275  |||| 1.65163 |||| 2.24149 
0.266137  0.910562  0.316303  16.8489  57.6471  20.0249  |||| 1.49302 |||| 94.5219 
0.252505  0.294461  0.921702  0.248227  0.298077  0.921702  |||| 1.46894 |||| 1.48645 
0.220896  0.964058  0.147636  0.220896  0.964058  0.147636  |||| 1.33267 |||| 1.33267 
0.251213  0.485776  0.837206  0.21923  0.42393  0.878762  |||| 1.57434 |||| 1.65248 
0.242035  0.824586  0.511348  33.727  114.904  71.2553  |||| 1.57838 |||| 219.944 
0.190631  0.129118  0.973133  38.3184  13.3825  171.548  |||| 1.29299 |||| 259.835 
0.173999  0.981943  0.0742503  0.865762  0.496563  0.0623023  |||| 1.23022 |||| 6.12075 
0.214333  0.587704  0.78017  0.207216  0.590251  0.78017  |||| 1.58232 |||| 1.58892 
0.194255  0.887374  0.418129  29.9137  136.648  136.506  |||| 1.49982 |||| 489.577 
0.165488  0.21101  0.963374  0.423746  0.250082  0.870574  |||| 1.34006 |||| 3.42781 
0.159126  0.959404  0.232859  0.30929  0.909068  0.279167  |||| 1.35141 |||| 2.62649 
0.163653  0.395908  0.90359  0.999031  0.0211584  0.0385919  |||| 1.46334 |||| 8.9251 
0.164653  0.769132  0.617516  5.73282  33.4177  7.26991  |||| 1.55138 |||| 67.4005 
0.116988  0.0572323  0.991483  46.3217  81.604  175.252  |||| 1.1659 |||| 1658.73 
0.108085  0.993321  0.0403777  0.108128  0.993716  0.0289219  |||| 1.14182 |||| 1.14227 
0.136422  0.643798  0.752936  0.595236  0.280681  0.752936  |||| 1.53323 |||| 6.68705 
0.117691  0.919924  0.374018  0.117691  0.919924  0.374018  |||| 1.41165 |||| 1.41165 
0.102601  0.256882  0.960981  0.169692  0.660935  0.731006  |||| 1.32057 |||| 3.39753 
0.0908974  0.977225  0.191752  18.752  201.601  39.5583  |||| 1.25998 |||| 259.933 
0.0945954  0.44931  0.888354  39.6544  8.51291  116.896  |||| 1.43329 |||| 594.926 
0.0903069  0.813346  0.574728  2.16232  19.4749  5.76487  |||| 1.47852 |||| 35.4019 
0.0639731  0.0931336  0.993596  0.0875731  0.0713959  0.993596  |||| 1.1511 |||| 1.57298 
0.058351  0.99198  0.112122  0.123237  0.986023  0.112122  |||| 1.16251 |||| 2.45342 
0.0648369  0.551046  0.831952  10.9501  93.0648  147.258  |||| 1.44791 |||| 256.279 
0.0555512  0.877754  0.47588  0.0685701  0.879633  0.47739  |||| 1.40922 |||| 1.7387 
0.0403241  0.171485  0.984361  0.211773  0.871168  0.442966  |||| 1.19674 |||| 6.2129 
0.0366202  0.959038  0.280902  5.42756  142.141  41.6331  |||| 1.27669 |||| 189.222 
0.030312  0.352046  0.935492  161.434  23.9638  35.4809  |||| 1.31851 |||| 6877.94 
0.0247668  0.739212  0.673018  68.3604  105.684  44.5696  |||| 1.43842 |||| 3754.62 
0.0131518  0.0239407  0.999627  0.0257616  0.00908137  0.999627  |||| 1.03707 |||| 1.98613 
0.00794037  0.999681  0.0239755  25.6597  19.0782  8.41813  |||| 1.03168 |||| 3305.78 
0.000558884  0.673178  0.739481  0.0747165  89.9963  98.8603  |||| 1.41639 |||| 189.356 
