1.34262  3.89758  1.34262  3.89758  |||| 24762.2 |||| 24762.2 
1.42992  3.76103  1.42992  3.76103  |||| 7692.15 |||| 7692.15 
1.1561  4.12922  1.1561  4.12922  |||| 530.74 |||| 530.74 
1.90439  2.78658  1.90439  2.78658  |||| 89.1944 |||| 89.1944 
0.919842  4.23426  0.919842  4.23426  |||| 110.266 |||| 110.266 
1.21377  4.00673  1.21377  4.00673  |||| 72.3904 |||| 72.3904 
1.72829  3.22064  1.72829  3.22064  |||| 39.1843 |||| 39.1843 
1.15517  4.19524  1.15517  4.19524  |||| 49.4256 |||| 49.4256 
1.81094  3.29222  1.81094  3.29222  |||| 28.2068 |||| 28.2068 
2.02114  2.74818  2.02114  2.74818  |||| 17.3371 |||| 17.3371 
1.94927  2.94116  1.94927  2.94116  |||| 17.5224 |||| 17.5224 
2.2464  1.42136  2.2464  1.42136  |||| 1.75592 |||| 1.75592 
1.86147  3.18067  1.86147  3.18067  |||| 16.4202 |||| 16.4202 
1.13162  3.87321  1.13162  3.87321  |||| 20.8941 |||| 20.8941 
1.77995  3.15909  1.77995  3.15909  |||| 13.6238 |||| 13.6238 
1.54425  3.46839  1.54425  3.46839  |||| 14.8599 |||| 14.8599 
1.4522  3.78639  1.4522  3.78639  |||| 15.9843 |||| 15.9843 
1.2752  3.77064  1.2752  3.77064  |||| 14.8536 |||| 14.8536 
1.71864  3.26701  1.71864  3.26701  |||| 10.9621 |||| 10.9621 
1.12841  4.01449  1.12841  4.01449  |||| 14.5216 |||| 14.5216 
1.87186  2.91801  1.87186  2.91801  |||| 7.92816 |||| 7.92816 
1.90034  2.99303  1.90034  2.99303  |||| 7.89864 |||| 7.89864 
1.1288  4.17644  1.1288  4.17644  |||| 13.1706 |||| 13.1706 
1.31711  3.77425  1.31711  3.77425  |||| 10.7248 |||| 10.7248 
1.08968  4.0578  1.08968  4.0578  |||| 11.4832 |||| 11.4832 
1.14381  3.92708  1.14381  3.92708  |||| 10.4494 |||| 10.4494 
1.00203  4.2637  1.00203  4.2637  |||| 11.3693 |||| 11.3693 
1.87573  2.86897  1.87573  2.86897  |||| 5.56338 |||| 5.56338 
1.76133  3.46316  1.76133  3.46316  |||| 7.55082 |||| 7.55082 
1.62757  3.37925  1.62757  3.37925  |||| 6.97723 |||| 6.97723 
1.42156  3.58013  1.42156  3.58013  |||| 7.42313 |||| 7.42313 
1.62404  3.71661  1.62404  3.71661  |||| 7.62493 |||| 7.62493 
1.50773  3.87211  1.50773  3.87211  |||| 7.87456 |||| 7.87456 
1.49524  3.7549  1.49524  3.7549  |||| 7.25989 |||| 7.25989 
1.98832  2.72824  1.98832  2.72824  |||| 3.94074 |||| 3.94074 
1.34686  3.90724  1.34686  3.90724  |||| 7.27212 |||| 7.27212 
1.71329  3.13138  1.71329  3.13138  |||| 4.85746 |||| 4.85746 
1.1633  3.96499  1.1633  3.96499  |||| 7.02186 |||| 7.02186 
1.25671  3.93205  1.25671  3.93205  |||| 6.74103 |||| 6.74103 
1.4714  3.72011  1.4714  3.72011  |||| 6.00741 |||| 6.00741 
1.09379  3.98149  1.09379  3.98149  |||| 6.51669 |||| 6.51669 
1.18733  4.1288  1.18733  4.1288  |||| 6.7172 |||| 6.7172 
0.87761  4.50059  0.87761  4.50059  |||| 7.45098 |||| 7.45098 
0.690701  4.20443  0.690701  4.20443  |||| 6.57207 |||| 6.57207 
1.38622  3.7801  1.38622  3.7801  |||| 5.43897 |||| 5.43897 
1.51035  3.40385  1.51035  3.40385  |||| 4.4663 |||| 4.4663 
0.81535  4.13875  0.81535  4.13875  |||| 5.98435 |||| 5.98435 
1.15633  3.98823  1.15633  3.98823  |||| 5.52864 |||| 5.52864 
0.759085  4.18549  0.759085  4.18549  |||| 5.82548 |||| 5.82548 
1.56858  3.58142  1.56858  3.58142  |||| 4.45655 |||| 4.45655 
1.59429  3.62775  1.59429  3.62775  |||| 4.45827 |||| 4.45827 
1.12577  3.98104  1.12577  3.98104  |||| 5.06766 |||| 5.06766 
1.05695  4.31027  1.05695  4.31027  |||| 5.60621 |||| 5.60621 
1.68717  3.57892  1.68717  3.57892  |||| 4.10565 |||| 4.10565 
1.39283  3.70838  1.39283  3.70838  |||| 4.26912 |||| 4.26912 
1.35784  3.77311  1.35784  3.77311  |||| 4.30789 |||| 4.30789 
1.62446  3.57922  1.62446  3.57922  |||| 3.88019 |||| 3.88019 
1.61708  3.42386  1.61708  3.42386  |||| 3.53594 |||| 3.53594 
1.5815  3.33236  1.5815  3.33236  |||| 3.31466 |||| 3.31466 
1.61131  3.48298  1.61131  3.48298  |||| 3.51372 |||| 3.51372 
1.17509  4.08825  1.17509  4.08825  |||| 4.46761 |||| 4.46761 
1.66709  3.37745  1.66709  3.37745  |||| 3.22179 |||| 3.22179 
1.45442  3.40711  1.45442  3.40711  |||| 3.21659 |||| 3.21659 
1.4019  3.73523  1.4019  3.73523  |||| 3.68715 |||| 3.68715 
1.32478  3.89672  1.32478  3.89672  |||| 3.88136 |||| 3.88136 
1.07545  3.90417  1.07545  3.90417  |||| 3.83175 |||| 3.83175 
1.33997  3.84069  1.33997  3.84069  |||| 3.67589 |||| 3.67589 
1.57571  3.68491  1.57571  3.68491  |||| 3.38669 |||| 3.38669 
1.50047  3.66004  1.50047  3.66004  |||| 3.2991 |||| 3.2991 
1.82807  3.18773  1.82807  3.18773  |||| 3.75091 |||| 3.75091 
1.29937  3.87734  1.29937  3.87734  |||| 3.51367 |||| 3.51367 
1.67846  3.28694  1.67846  3.28694  |||| 3.49968 |||| 3.49968 
0.97274  4.07424  0.97274  4.07424  |||| 3.68769 |||| 3.68769 
1.54887  3.77209  1.54887  3.77209  |||| 3.28456 |||| 3.28456 
0.660702  4.23506  0.660702  4.23506  |||| 3.80334 |||| 3.80334 
1.45964  3.5619  1.45964  3.5619  |||| 3.19575 |||| 3.19575 
1.29664  3.78937  1.29664  3.78937  |||| 3.11496 |||| 3.11496 
1.29047  3.8143  1.29047  3.8143  |||| 3.10607 |||| 3.10607 
1.61813  3.5892  1.61813  3.5892  |||| 4.36409 |||| 4.36409 
1.53597  3.44935  1.53597  3.44935  |||| 4.18421 |||| 4.18421 
1.77552  2.78076  1.77552  2.78076  |||| 5.60268 |||| 5.60268 
1.78207  3.33477  1.78207  3.33477  |||| 5.94021 |||| 5.94021 
1.44721  3.59226  1.44721  3.59226  |||| 4.40443 |||| 4.40443 
1.56306  3.47308  1.56306  3.47308  |||| 5.3595 |||| 5.3595 
0.799068  4.22455  0.799068  4.22455  |||| 3.32985 |||| 3.32985 
1.69762  3.25773  1.69762  3.25773  |||| 7.00813 |||| 7.00813 
1.51  3.64771  1.51  3.64771  |||| 6.16531 |||| 6.16531 
1.38805  3.74864  1.38805  3.74864  |||| 5.7024 |||| 5.7024 
1.94069  2.58809  1.94069  2.58809  |||| 10.9077 |||| 10.9077 
2.16057  2.32906  2.16057  2.32906  |||| 13.9987 |||| 13.9987 
1.12903  4.08988  1.12903  4.08988  |||| 4.8312 |||| 4.8312 
1.5309  3.64382  1.5309  3.64382  |||| 10.0328 |||| 10.0328 
1.2036  4.15505  1.2036  4.15505  |||| 7.09392 |||| 7.09392 
0.768534  4.27127  0.768534  4.27127  |||| 3.05237 |||| 3.05237 
1.20714  3.93708  1.20714  3.93708  |||| 9.73658 |||| 9.73658 
1.90419  3.02512  1.90419  3.02512  |||| 27.0804 |||| 27.0804 
1.34926  3.85603  1.34926  3.85603  |||| 19.2797 |||| 19.2797 
1.39357  3.83932  1.39357  3.83932  |||| 28.7282 |||| 28.7282 
1.55969  3.76492  1.55969  3.76492  |||| 58.7339 |||| 58.7339 
0.796078  4.22267  0.796078  4.22267  |||| 26.5337 |||| 26.5337 
2  0.00020491  2.01435  0.0145587  |||| 1.99961 |||| 145.524 
0.000786758  4  0.0092461  4.00846  |||| 3.99999 |||| 88.5493 
1.99999  0.0102604  1.9938  0.314734  |||| 2.00986 |||| 61.6866 
1.99994  0.0310841  1.99994  0.0310841  |||| 2.03063 |||| 2.03063 
1.99983  0.0523463  1.99983  0.0523463  |||| 2.05178 |||| 2.05178 
1.99966  0.0740527  1.99966  0.0740527  |||| 2.07331 |||| 2.07331 
1.99942  0.0962066  1.97715  0.602913  |||| 2.09524 |||| 13.1299 
1.99912  0.118845  2.01622  0.13595  |||| 2.11757 |||| 2.42227 
1.99874  0.141959  1.99874  0.141959  |||| 2.14031 |||| 2.14031 
1.99829  0.165576  1.8296  1.63455  |||| 2.16347 |||| 21.358 
1.99775  0.189698  2.01335  0.205295  |||| 2.18705 |||| 2.36686 
1.99713  0.214338  1.83825  1.57585  |||| 2.21107 |||| 16.256 
1.99641  0.239529  2.00372  0.199893  |||| 2.23554 |||| 2.24373 
1.9956  0.265263  1.99728  0.266947  |||| 2.26046 |||| 2.2748 
1.99468  0.291568  1.9954  0.53947  |||| 2.28585 |||| 4.2294 
1.99365  0.318455  1.94658  0.970545  |||| 2.31171 |||| 7.0454 
1.99251  0.345938  1.99289  0.34632  |||| 2.33805 |||| 2.34061 
1.99124  0.374038  1.99185  0.37465  |||| 2.36488 |||| 2.36872 
1.98983  0.402776  1.98999  0.402926  |||| 2.39221 |||| 2.39311 
1.98829  0.432158  1.98829  0.432158  |||| 2.42005 |||| 2.42005 
1.9866  0.462207  1.9866  0.462207  |||| 2.44841 |||| 2.44841 
1.98476  0.492937  1.98476  0.492937  |||| 2.4773 |||| 2.4773 
1.98274  0.524369  1.98274  0.524369  |||| 2.50671 |||| 2.50671 
1.98055  0.556518  1.98055  0.556518  |||| 2.53667 |||| 2.53667 
1.97817  0.589406  1.98916  0.6004  |||| 2.56718 |||| 2.61505 
1.97559  0.623052  1.97861  0.62607  |||| 2.59825 |||| 2.61082 
1.9728  0.657472  1.74419  2.01276  |||| 2.62988 |||| 8.05103 
1.96978  0.692689  1.96355  0.838926  |||| 2.66207 |||| 3.22408 
1.96653  0.728715  1.96781  0.729992  |||| 2.69485 |||| 2.69957 
1.96303  0.765572  1.97887  0.781415  |||| 2.7282 |||| 2.78466 
1.95926  0.803278  1.95926  0.803278  |||| 2.76214 |||| 2.76214 
1.9552  0.841857  1.9552  0.841857  |||| 2.79666 |||| 2.79666 
1.95085  0.88132  1.95085  0.88132  |||| 2.83178 |||| 2.83178 
1.94618  0.921695  1.95494  0.930456  |||| 2.86748 |||| 2.89473 
1.94118  0.96299  1.94828  0.968228  |||| 2.90377 |||| 2.91956 
1.93581  1.00523  1.93826  1.00767  |||| 2.94065 |||| 2.9478 
1.93008  1.04842  1.93008  1.04842  |||| 2.9781 |||| 2.9781 
1.92395  1.09258  1.93504  1.10368  |||| 3.01613 |||| 3.04675 
1.91739  1.13774  1.92525  1.14536  |||| 3.05473 |||| 3.07521 
1.91039  1.18389  1.92415  1.19753  |||| 3.09389 |||| 3.12954 
1.90293  1.23106  1.90293  1.23106  |||| 3.13359 |||| 3.13359 
1.89496  1.27924  1.89651  1.28079  |||| 3.17381 |||| 3.17765 
1.88648  1.32846  1.88648  1.32846  |||| 3.21454 |||| 3.21454 
1.87744  1.37872  1.8787  1.37998  |||| 3.25576 |||| 3.25873 
1.86782  1.43001  1.86782  1.43001  |||| 3.29745 |||| 3.29745 
1.85759  1.48236  1.82782  1.62367  |||| 3.33956 |||| 3.65789 
1.84672  1.53574  1.85457  1.54358  |||| 3.38206 |||| 3.39934 
1.83517  1.59015  1.83909  1.59407  |||| 3.42493 |||| 3.43336 
1.82291  1.64558  1.82538  1.64805  |||| 3.4681 |||| 3.47329 
1.80991  1.70203  1.75135  1.97362  |||| 3.51154 |||| 4.07187 
1.79613  1.75946  1.79613  1.75946  |||| 3.55519 |||| 3.55519 
1.78153  1.81787  1.78153  1.81787  |||| 3.599 |||| 3.599 
1.76608  1.87721  1.76608  1.87721  |||| 3.64289 |||| 3.64289 
1.74973  1.93745  1.74973  1.93745  |||| 3.68679 |||| 3.68679 
1.73247  1.99855  1.74817  2.01426  |||| 3.73062 |||| 3.76445 
1.71424  2.06047  1.70187  2.12205  |||| 3.77431 |||| 3.88711 
1.69501  2.12315  1.69586  2.12173  |||| 3.81776 |||| 3.81967 
1.67475  2.18652  1.67718  2.18895  |||| 3.86087 |||| 3.86648 
1.65342  2.25052  1.92635  1.19499  |||| 3.90354 |||| 4.54805 
1.63099  2.31506  1.6352  2.31927  |||| 3.94565 |||| 3.95584 
1.60743  2.38005  1.60905  2.38167  |||| 3.98709 |||| 3.99111 
1.58272  2.44541  1.58272  2.44541  |||| 4.02774 |||| 4.02774 
1.55682  2.51104  1.68754  2.14681  |||| 4.06745 |||| 4.40909 
1.52971  2.5768  1.52971  2.5768  |||| 4.10612 |||| 4.10612 
1.50139  2.6426  1.50185  2.64307  |||| 4.14359 |||| 4.14487 
1.47183  2.70829  1.47493  2.71139  |||| 4.17975 |||| 4.18855 
1.44103  2.77376  1.44103  2.77376  |||| 4.2144 |||| 4.2144 
1.40898  2.83885  1.40898  2.83885  |||| 4.24744 |||| 4.24744 
1.3757  2.90342  1.3757  2.90342  |||| 4.27872 |||| 4.27872 
1.34118  2.96732  1.3455  2.97164  |||| 4.3081 |||| 4.32199 
1.30544  3.03039  1.30544  3.03039  |||| 4.33544 |||| 4.33544 
1.26852  3.09247  1.14057  3.30817  |||| 4.3606 |||| 4.66475 
1.23044  3.15342  1.27629  3.09823  |||| 4.38347 |||| 4.54683 
1.19124  3.21306  1.19657  3.21839  |||| 4.40391 |||| 4.4236 
1.15097  3.27125  1.156  3.27629  |||| 4.42182 |||| 4.44117 
1.10967  3.32784  1.11797  3.33614  |||| 4.43712 |||| 4.4703 
1.06741  3.38268  1.06741  3.38268  |||| 4.4497 |||| 4.4497 
1.02426  3.43564  1.0402  3.45158  |||| 4.4595 |||| 4.52895 
0.980277  3.48658  0.980277  3.48658  |||| 4.46646 |||| 4.46646 
0.935556  3.53538  0.938016  3.53784  |||| 4.47054 |||| 4.4823 
0.890176  3.58195  0.891089  3.58286  |||| 4.47173 |||| 4.47632 
0.844216  3.62618  0.844216  3.62618  |||| 4.47001 |||| 4.47001 
0.797777  3.668  0.797777  3.668  |||| 4.46538 |||| 4.46538 
0.750951  3.70733  0.750951  3.70733  |||| 4.45788 |||| 4.45788 
0.703827  3.74413  0.712132  3.75243  |||| 4.44756 |||| 4.50005 
0.656508  3.77836  0.656508  3.77836  |||| 4.43447 |||| 4.43447 
0.609087  3.80999  0.621529  3.82244  |||| 4.41868 |||| 4.509 
0.561653  3.83903  0.567754  3.84514  |||| 4.40029 |||| 4.44812 
0.514298  3.86549  0.522107  3.8733  |||| 4.37939 |||| 4.44592 
0.467114  3.88937  0.467273  3.88953  |||| 4.35609 |||| 4.35756 
0.420186  3.91073  0.420186  3.91073  |||| 4.33052 |||| 4.33052 
0.373591  3.9296  0.373591  3.9296  |||| 4.30279 |||| 4.30279 
0.327408  3.94604  0.327408  3.94604  |||| 4.27305 |||| 4.27305 
0.281711  3.96012  0.281711  3.96012  |||| 4.24144 |||| 4.24144 
0.236554  3.97192  0.244593  3.97996  |||| 4.20808 |||| 4.35123 
0.192012  3.98152  0.194621  3.98413  |||| 4.17314 |||| 4.22988 
0.148131  3.98901  0.148366  3.98925  |||| 4.13675 |||| 4.14329 
0.104958  3.99449  0.105049  3.99458  |||| 4.09905 |||| 4.1026 
0.0625343  3.99804  0.0685741  4.00408  |||| 4.06018 |||| 4.45462 
0.0209028  3.99978  0.0209028  3.99978  |||| 4.02029 |||| 4.02029 
