8.00857  6.65083  7.42312  8.00857  6.65083  7.42312  |||| 60264 |||| 60264 
3.72199  2.06112  4.09749  3.72199  2.06112  4.09749  |||| 27007.7 |||| 27007.7 
7.2734  6.56819  6.94057  7.2734  6.56819  6.94057  |||| 58437.5 |||| 58437.5 
2.7078  3.88226  3.41236  2.7078  3.88226  3.41236  |||| 66.8338 |||| 66.8338 
3.57441  4.50616  4.43964  3.57441  4.50616  4.43964  |||| 97.8793 |||| 97.8793 
6.61797  10.1283  8.07591  6.61797  10.1283  8.07591  |||| 215.402 |||| 215.402 
3.36535  6.30929  2.9169  3.36535  6.30929  2.9169  |||| 64.0235 |||| 64.0235 
6.75883  6.74327  6.10056  6.75883  6.74327  6.10056  |||| 65.1254 |||| 65.1254 
4.29998  2.82276  3.61595  4.29998  2.82276  3.61595  |||| 24.8529 |||| 24.8529 
6.10184  4.45861  5.38694  6.10184  4.45861  5.38694  |||| 91.957 |||| 91.957 
2.83389  2.95591  2.53791  2.83389  2.95591  2.53791  |||| 65.6652 |||| 65.6652 
6.50647  16.2708  8.52385  6.50647  16.2708  8.52385  |||| 114.182 |||| 114.182 
3.30795  4.42293  3.28744  3.30795  4.42293  3.28744  |||| 19.3331 |||| 19.3331 
2.5257  2.77013  2.56623  2.5257  2.77013  2.56623  |||| 20.8636 |||| 20.8636 
2.22472  3.8443  3.44509  2.22472  3.8443  3.44509  |||| 31.7282 |||| 31.7282 
4.2639  2.49983  4.00959  4.2639  2.49983  4.00959  |||| 10.5871 |||| 10.5871 
12.7548  7.9522  5.93233  12.7548  7.9522  5.93233  |||| 30.8279 |||| 30.8279 
7.08308  4.68568  5.61896  7.08308  4.68568  5.61896  |||| 132.534 |||| 132.534 
5.37757  1.87738  2.5476  5.37757  1.87738  2.5476  |||| 92.1304 |||| 92.1304 
5.11918  5.90086  3.96078  5.11918  5.90086  3.96078  |||| 22.8511 |||| 22.8511 
8.71626  11.1224  10.6287  8.71626  11.1224  10.6287  |||| 77.2802 |||| 77.2802 
5.81187  6.83779  3.12047  5.81187  6.83779  3.12047  |||| 56.0517 |||| 56.0517 
7.66446  6.56494  3.14738  7.66446  6.56494  3.14738  |||| 24.9891 |||| 24.9891 
2.58961  3.81865  3.91368  2.58961  3.81865  3.91368  |||| 14.7795 |||| 14.7795 
4.55336  3.69316  2.36867  4.55336  3.69316  2.36867  |||| 7.90628 |||| 7.90628 
2.1378  2.46943  4.86305  2.1378  2.46943  4.86305  |||| 21.8454 |||| 21.8454 
4.24783  4.55801  4.46799  4.24783  4.55801  4.46799  |||| 66.5578 |||| 66.5578 
2.40097  7.50482  5.13502  2.40097  7.50482  5.13502  |||| 29.4939 |||| 29.4939 
3.10786  11.5538  6.99767  3.10786  11.5538  6.99767  |||| 31.7787 |||| 31.7787 
8.34138  2.49596  5.51834  8.34138  2.49596  5.51834  |||| 14.4803 |||| 14.4803 
3.53428  4.59261  3.25639  3.53428  4.59261  3.25639  |||| 15.9664 |||| 15.9664 
3.02083  5.13069  4.88288  3.02083  5.13069  4.88288  |||| 23.9265 |||| 23.9265 
5.92218  6.58643  7.60117  5.92218  6.58643  7.60117  |||| 24.0015 |||| 24.0015 
4.85862  4.56451  4.11307  4.85862  4.56451  4.11307  |||| 175.849 |||| 175.849 
2.43198  5.52403  7.6043  2.43198  5.52403  7.6043  |||| 697.161 |||| 697.161 
5.79252  7.89403  3.31436  5.79252  7.89403  3.31436  |||| 22.8657 |||| 22.8657 
3.36407  2.45632  4.75834  3.36407  2.45632  4.75834  |||| 21.5349 |||| 21.5349 
4.59661  3.05407  3.69735  4.59661  3.05407  3.69735  |||| 11.2394 |||| 11.2394 
5.84678  6.92376  4.18599  5.84678  6.92376  4.18599  |||| 32.7869 |||| 32.7869 
4.37454  5.31201  3.77654  4.37454  5.31201  3.77654  |||| 17.3688 |||| 17.3688 
2.61004  1.86504  3.87461  2.61004  1.86504  3.87461  |||| 10.2022 |||| 10.2022 
6.90127  4.46108  6.20471  6.90127  4.46108  6.20471  |||| 43.2178 |||| 43.2178 
2.32078  3.44596  3.1238  2.32078  3.44596  3.1238  |||| 34.6426 |||| 34.6426 
11.0468  6.53312  1.99578  11.0468  6.53312  1.99578  |||| 27.1796 |||| 27.1796 
1.44945  4.28555  2.7889  1.44945  4.28555  2.7889  |||| 6.4866 |||| 6.4866 
2.73562  3.07837  3.15918  2.73562  3.07837  3.15918  |||| 14.0224 |||| 14.0224 
4.33867  3.13773  3.18877  4.33867  3.13773  3.18877  |||| 13.1744 |||| 13.1744 
7.37694  2.35868  6.28358  7.37694  2.35868  6.28358  |||| 18.4309 |||| 18.4309 
2.08384  3.73477  3.35085  2.08384  3.73477  3.35085  |||| 6.29674 |||| 6.29674 
4.43464  5.43932  6.5921  4.43464  5.43932  6.5921  |||| 121.9 |||| 121.9 
5.58146  6.83285  1.39672  5.58146  6.83285  1.39672  |||| 13.8292 |||| 13.8292 
3.77659  5.66248  4.7868  3.77659  5.66248  4.7868  |||| 13.044 |||| 13.044 
8.2726  3.11976  5.96263  8.2726  3.11976  5.96263  |||| 23.9565 |||| 23.9565 
2.12518  3.36913  4.86264  2.12518  3.36913  4.86264  |||| 12.8686 |||| 12.8686 
4.80219  5.40154  6.5998  4.80219  5.40154  6.5998  |||| 41.5462 |||| 41.5462 
3.88051  6.70817  4.23167  3.88051  6.70817  4.23167  |||| 21.6452 |||| 21.6452 
5.72641  6.92038  5.99795  5.72641  6.92038  5.99795  |||| 16.697 |||| 16.697 
3.50613  7.98014  6.51439  3.50613  7.98014  6.51439  |||| 110.947 |||| 110.947 
2.8515  4.57665  3.23798  2.8515  4.57665  3.23798  |||| 22.2555 |||| 22.2555 
4.80667  12.1735  9.0157  4.80667  12.1735  9.0157  |||| 35.8588 |||| 35.8588 
9.17044  1.48307  5.85569  9.17044  1.48307  5.85569  |||| 33.6445 |||| 33.6445 
3.52423  2.91691  4.52014  3.52423  2.91691  4.52014  |||| 13.1294 |||| 13.1294 
2.74777  2.71115  3.5689  2.74777  2.71115  3.5689  |||| 11.8335 |||| 11.8335 
5.15275  9.11428  5.83525  5.15275  9.11428  5.83525  |||| 36.3775 |||| 36.3775 
1.98133  2.26871  3.33262  1.98133  2.26871  3.33262  |||| 5.01937 |||| 5.01937 
6.28038  6.96331  5.25203  6.28038  6.96331  5.25203  |||| 436.944 |||| 436.944 
5.8114  3.18988  3.17395  5.8114  3.18988  3.17395  |||| 281.16 |||| 281.16 
6.3278  3.94999  4.75646  6.3278  3.94999  4.75646  |||| 26.5402 |||| 26.5402 
3.70829  2.31969  3.42573  3.70829  2.31969  3.42573  |||| 12.7828 |||| 12.7828 
4.18407  1.90391  3.60372  4.18407  1.90391  3.60372  |||| 16.0131 |||| 16.0131 
7.54089  5.76922  9.34391  7.54089  5.76922  9.34391  |||| 71.7314 |||| 71.7314 
6.67251  4.25698  5.00175  6.67251  4.25698  5.00175  |||| 32.8393 |||| 32.8393 
3.73199  3.23079  3.59506  3.73199  3.23079  3.59506  |||| 14.995 |||| 14.995 
2.25897  3.55769  3.63992  2.25897  3.55769  3.63992  |||| 20.7658 |||| 20.7658 
2.28238  4.64637  2.4148  2.28238  4.64637  2.4148  |||| 16.8649 |||| 16.8649 
3.2825  3.00263  4.70927  3.2825  3.00263  4.70927  |||| 13.6778 |||| 13.6778 
2.73853  4.05089  4.79571  2.73853  4.05089  4.79571  |||| 12.1904 |||| 12.1904 
4.27711  3.98966  4.71086  4.27711  3.98966  4.71086  |||| 23.034 |||| 23.034 
2.40085  5.27691  7.71336  2.40085  5.27691  7.71336  |||| 36.658 |||| 36.658 
7.76763  6.69013  8.30725  7.76763  6.69013  8.30725  |||| 56.6219 |||| 56.6219 
1.87211  3.58389  2.65011  1.87211  3.58389  2.65011  |||| 4.23716 |||| 4.23716 
3.34566  6.53891  2.68907  3.34566  6.53891  2.68907  |||| 102.768 |||| 102.768 
5.27756  6.52292  6.0274  5.27756  6.52292  6.0274  |||| 130.945 |||| 130.945 
1.42965  4.26478  1.72682  1.42965  4.26478  1.72682  |||| 6.62456 |||| 6.62456 
2.72086  3.51285  3.67528  2.72086  3.51285  3.67528  |||| 15.4872 |||| 15.4872 
4.26863  4.49433  5.41444  4.26863  4.49433  5.41444  |||| 36.5067 |||| 36.5067 
1.47216  2.84829  1.66608  1.47216  2.84829  1.66608  |||| 1.76959 |||| 1.76959 
6.33208  7.44129  2.26655  6.33208  7.44129  2.26655  |||| 73.55 |||| 73.55 
3.65546  3.61438  2.99897  3.65546  3.61438  2.99897  |||| 36.4004 |||| 36.4004 
2.80109  3.47045  3.94665  2.80109  3.47045  3.94665  |||| 24.6335 |||| 24.6335 
9.46839  5.83085  6.04596  9.46839  5.83085  6.04596  |||| 160.037 |||| 160.037 
2.31903  2.49463  4.22606  2.31903  2.49463  4.22606  |||| 19.844 |||| 19.844 
5.97002  5.53853  4.07067  5.97002  5.53853  4.07067  |||| 115.128 |||| 115.128 
2.53055  5.03989  5.03307  2.53055  5.03989  5.03307  |||| 32.2976 |||| 32.2976 
3.3633  1.8077  3.79976  3.3633  1.8077  3.79976  |||| 67.2243 |||| 67.2243 
4.58445  3.57918  4.7104  4.58445  3.57918  4.7104  |||| 134.411 |||| 134.411 
1.86518  4.21549  2.67542  1.86518  4.21549  2.67542  |||| 23.9208 |||| 23.9208 
9.49494  6.38514  5.40501  9.49494  6.38514  5.40501  |||| 621.808 |||| 621.808 
2.83507  3.50629  5.50974  2.83507  3.50629  5.50974  |||| 181.062 |||| 181.062 
6.04643  8.25961  4.52913  6.04643  8.25961  4.52913  |||| 1789 |||| 1789 
1.03021  0.0113009  0.0105677  1.68193  0.617975  0.480806  |||| 104.353 |||| 6171.1 
0.00964329  3.43409  0.00730193  1.0379  1.24591  1.90112  |||| 71.7058 |||| 18999.5 
0.0103912  0.00563058  1.05695  0.291887  0.568498  0.864837  |||| 79.1851 |||| 5676.32 
0.982826  0.011703  0.0369978  2.67435  3.42489  0.209395  |||| 1.05618 |||| 95.3822 
0.941385  0.0954295  0.0291891  15.5016  16.5554  14.1733  |||| 1.07225 |||| 455.863 
0.899837  0.0381745  0.126534  5.20948  5.12556  5.00114  |||| 1.06898 |||| 127.686 
0.886859  0.178289  0.0254834  2.08403  1.55577  2.19109  |||| 1.09177 |||| 92.2297 
0.865806  0.0380353  0.147766  1.82872  2.88764  1.63664  |||| 1.10033 |||| 35.7405 
0.83332  0.148938  0.0899843  3.00262  2.52257  2.12863  |||| 1.09052 |||| 23.8251 
0.784572  0.0290094  0.240047  0.84025  0.245015  0.941323  |||| 1.05527 |||| 7.54528 
0.774958  0.279587  0.0173375  3.77626  5.48991  4.06572  |||| 1.07002 |||| 233.877 
0.774841  0.139222  0.16635  1.71231  1.09084  1.30403  |||| 1.09715 |||| 8.41614 
0.745879  0.230019  0.106793  13.6922  12.1487  12.4559  |||| 1.08203 |||| 127.352 
0.718258  0.0661707  0.28046  1.37253  1.69052  1.96468  |||| 1.06676 |||| 27.3897 
0.72588  0.282464  0.0724663  1.08357  1.35247  2.21126  |||| 1.1044 |||| 34.2331 
0.695764  0.111286  0.265872  0.871819  1.5482  1.63912  |||| 1.08154 |||| 13.7932 
0.666639  0.219336  0.160997  1.85256  1.95262  2.8982  |||| 1.05938 |||| 17.7498 
0.644665  0.0173757  0.378688  5.28721  5.24362  4.49854  |||| 1.04699 |||| 216.961 
0.762235  0.380763  0.0148328  2.52063  1.73326  2.15474  |||| 1.26573 |||| 172.398 
0.626511  0.205666  0.233267  5.79666  6.96899  4.51732  |||| 1.06208 |||| 36.0428 
0.662545  0.264908  0.138224  4.90168  1.27011  4.07682  |||| 1.14745 |||| 34.117 
0.612766  0.0641975  0.37473  0.485101  0.460398  1.01119  |||| 1.0949 |||| 4.81026 
0.70469  0.337285  0.0891069  3.51219  4.99502  4.92116  |||| 1.27297 |||| 70.2285 
0.570487  0.158683  0.326006  14.7293  14.9577  12.7797  |||| 1.07673 |||| 94.6467 
0.606323  0.281106  0.212217  0.965133  0.363929  0.455704  |||| 1.14106 |||| 2.37653 
0.560558  0.0369035  0.463912  1.90739  0.906327  0.757233  |||| 1.0766 |||| 20.0536 
0.719875  0.357691  0.0663544  7.18572  6.87381  8.05434  |||| 1.41279 |||| 174.521 
0.538789  0.213501  0.318126  5.74951  3.13794  5.04295  |||| 1.07818 |||| 16.896 
0.608261  0.278334  0.22009  5.60959  8.8547  9.33553  |||| 1.24322 |||| 52.9612 
0.508482  0.0877177  0.455615  0.20359  0.8094  0.668186  |||| 1.06346 |||| 9.90013 
0.643941  0.367374  0.159706  9.05255  7.20901  1.84156  |||| 1.37198 |||| 19.3565 
0.489  0.160365  0.395128  1.41912  1.4974  2.42877  |||| 1.0624 |||| 9.81649 
0.53841  0.236169  0.309929  9.41165  7.09719  7.82041  |||| 1.19489 |||| 30.2482 
0.457542  0.018904  0.573082  2.55099  1.41288  1.34192  |||| 1.05283 |||| 80.5798 
0.295919  0.754821  0.00437305  5.49884  9.95986  7.03422  |||| 1.34405 |||| 789.867 
0.505455  0.220965  0.356416  0.305408  0.212038  0.838115  |||| 1.19427 |||| 2.8042 
0.244276  0.599863  0.217801  2.4457  2.51608  1.78313  |||| 1.38794 |||| 11.4155 
0.422584  0.142019  0.485533  0.420944  0.313206  1.46957  |||| 1.0608 |||| 3.21593 
0.451194  0.682842  0.110594  0.889396  1.20701  1.69579  |||| 1.31177 |||| 19.9197 
0.440222  0.248271  0.44266  1.0578  0.825608  0.998432  |||| 1.13238 |||| 3.74119 
0.258697  0.513753  0.331378  1.74908  0.465128  1.2297  |||| 1.35957 |||| 5.05821 
0.402087  0.0683342  0.585204  1.48514  2.4397  2.96185  |||| 1.08006 |||| 35.3932 
0.350549  0.715637  0.0591769  9.6156  9.65843  7.98326  |||| 1.21502 |||| 160.108 
0.429645  0.262075  0.454953  2.25228  2.45194  3.40637  |||| 1.21475 |||| 9.11549 
0.239764  0.561176  0.274302  1.19877  1.46057  2.17942  |||| 1.27498 |||| 10.1492 
0.36101  0.108303  0.588053  0.496556  0.215865  0.698483  |||| 1.07066 |||| 1.8898 
0.262408  0.639186  0.163405  3.75388  4.87265  4.04076  |||| 1.19616 |||| 29.6972 
0.368179  0.205232  0.535554  1.38892  1.84129  1.01838  |||| 1.13334 |||| 9.15274 
0.289614  0.466681  0.388848  3.12504  1.12258  0.607728  |||| 1.24922 |||| 9.90938 
0.333443  0.0287897  0.703978  0.125567  1.73744  0.55937  |||| 1.07588 |||| 53.5072 
0.316069  0.73946  0.0372397  0.491774  0.646219  0.520811  |||| 1.10738 |||| 15.8418 
0.166713  0.403565  0.488263  1.77032  2.63166  3.32565  |||| 1.25963 |||| 8.59709 
0.25201  0.58189  0.247118  0.298247  0.868601  0.148653  |||| 1.15974 |||| 1.72758 
0.301138  0.13851  0.625294  2.21112  2.44523  2.7541  |||| 1.08548 |||| 16.6779 
0.242019  0.663148  0.135232  2.77997  3.45798  2.65377  |||| 1.09756 |||| 21.1809 
0.316895  0.267574  0.597105  0.0931493  0.284419  1.17038  |||| 1.20564 |||| 2.36544 
0.232397  0.494614  0.356811  4.61904  0.321138  2.10119  |||| 1.14999 |||| 17.9397 
0.258958  0.0620001  0.740468  4.44309  4.59226  3.32894  |||| 1.06989 |||| 78.4047 
0.253037  0.698182  0.0867983  1.83217  1.67147  3.27257  |||| 1.03508 |||| 39.5417 
0.16604  0.353857  0.543416  1.57749  1.61512  2.10883  |||| 1.18404 |||| 6.65125 
0.209678  0.537394  0.297391  1.60826  1.99198  1.24052  |||| 1.08778 |||| 6.97936 
0.240428  0.119098  0.725765  1.25727  1.72008  1.96693  |||| 1.08573 |||| 15.7425 
0.215655  0.628161  0.195174  1.86808  2.05664  2.49945  |||| 1.0569 |||| 13.61 
0.25141  0.177842  0.693977  2.83457  1.79165  2.49726  |||| 1.19455 |||| 13.4704 
0.165346  0.450118  0.42488  1.01285  0.895814  1.30862  |||| 1.0986 |||| 4.95903 
0.201769  0.0110837  0.823268  1.53915  1.32945  1.76876  |||| 1.04043 |||| 105.929 
0.204614  0.886667  0.00751856  2.0866  2.06375  3.55645  |||| 1.10342 |||| 562.449 
0.183814  0.429807  0.450918  0.914426  0.895812  2.00224  |||| 1.08611 |||| 4.94133 
0.189712  0.657285  0.215806  3.13188  3.21424  3.3918  |||| 1.0763 |||| 17.5554 
0.0820035  0.231421  0.721313  0.296945  0.3488  1.3009  |||| 1.14974 |||| 2.07142 
0.177036  0.777638  0.107465  8.21357  11.3627  8.75823  |||| 1.07378 |||| 79.0413 
0.141481  0.338321  0.573934  0.231099  0.171436  1.53447  |||| 1.09363 |||| 2.88333 
0.148278  0.560588  0.348654  0.188683  0.617156  0.382817  |||| 1.07237 |||| 1.21278 
0.161403  0.0718383  0.854682  1.20201  2.31377  1.34881  |||| 1.13406 |||| 23.1509 
0.129436  0.852941  0.061548  4.84416  4.48799  4.5603  |||| 1.06751 |||| 75.5237 
0.140264  0.38858  0.515711  3.13958  2.34168  3.66028  |||| 1.0437 |||| 23.1582 
0.119154  0.626475  0.292606  4.88841  3.67485  4.65884  |||| 1.05739 |||| 37.7229 
0.108053  0.176971  0.804961  4.58782  5.56472  3.73318  |||| 1.11831 |||| 37.0923 
0.107585  0.753346  0.181763  0.863831  1.39491  1.12127  |||| 1.05994 |||| 7.31464 
0.106926  0.282183  0.653294  10.7946  14.715  12.6504  |||| 1.05611 |||| 96.4142 
0.109261  0.518335  0.417712  2.27495  1.72047  2.53219  |||| 1.04649 |||| 21.4083 
0.107634  0.0351116  0.919187  2.63297  0.508126  1.38491  |||| 1.07951 |||| 26.2 
0.102969  0.927347  0.0223833  3.90756  0.374516  1.97965  |||| 1.06499 |||| 55.9468 
0.0859706  0.450143  0.524419  0.481535  0.465996  1.0748  |||| 1.06994 |||| 5.38192 
0.0834693  0.689358  0.283795  3.46004  4.02355  4.02624  |||| 1.06667 |||| 41.4714 
0.083501  0.205589  0.765401  3.08046  4.54325  3.78523  |||| 1.05238 |||| 39.5801 
0.0723956  0.81446  0.156114  0.130603  0.955453  0.0807648  |||| 1.049 |||| 1.77482 
0.0730664  0.319788  0.673417  0.970244  1.1788  0.849978  |||| 1.08463 |||| 14.5192 
0.0616286  0.580109  0.414302  3.4544  2.65248  2.17264  |||| 1.06275 |||| 56.4521 
0.056268  0.0831039  0.935778  15.1373  15.9242  14.2711  |||| 1.08276 |||| 271.85 
0.0433591  0.92602  0.102036  4.1529  3.31245  3.04466  |||| 1.0842 |||| 82.6275 
0.0315081  0.401909  0.612125  7.58848  8.37054  7.30952  |||| 1.06328 |||| 169.26 
0.0204703  0.667647  0.353102  1.51317  2.23998  0.974953  |||| 1.07051 |||| 38.306 
0.0301216  0.147095  0.87824  4.07194  4.56609  3.1277  |||| 1.0663 |||| 119.388 
0.0167538  0.809471  0.233601  9.62058  10.9015  10.051  |||| 1.07643 |||| 334.378 
0.0166785  0.274121  0.743387  3.61285  4.86723  5.3738  |||| 1.0461 |||| 153.821 
0.0190455  0.538702  0.481511  2.11213  1.72603  2.70619  |||| 1.04656 |||| 115.87 
0.0125385  0.0242456  1.01237  0.622262  0.904326  0.90568  |||| 1.04908 |||| 47.7838 
0.00927112  1.01305  0.0210075  1.2169  1.90495  1.79484  |||| 1.04459 |||| 156.456 
0.00407806  0.556329  0.659235  0.663821  0.0882568  0.518032  |||| 1.26046 |||| 256.272 
