1.91999  1.00674  4.41566  1.91999  1.00674  4.41566  |||| 36776.8 |||| 36776.8 
0.933896  3.94957  3.11872  0.933896  3.94957  3.11872  |||| 23807.4 |||| 23807.4 
1.57778  2.562  4.4795  1.57778  2.562  4.4795  |||| 20476 |||| 20476 
1.14326  2.98477  4.73596  1.14326  2.98477  4.73596  |||| 111.371 |||| 111.371 
1.62708  1.39262  5.18802  1.62708  1.39262  5.18802  |||| 143.141 |||| 143.141 
1.52488  1.92237  4.90609  1.52488  1.92237  4.90609  |||| 35.0809 |||| 35.0809 
0.598945  0.690466  6.5766  0.598945  0.690466  6.5766  |||| 245.897 |||| 245.897 
1.0835  1.49279  6.01499  1.0835  1.49279  6.01499  |||| 39.2002 |||| 39.2002 
2.13596  2.21758  2.7162  2.13596  2.21758  2.7162  |||| 22.1538 |||| 22.1538 
0.559249  1.10099  6.46272  0.559249  1.10099  6.46272  |||| 25.2741 |||| 25.2741 
0.487071  0.516412  6.48673  0.487071  0.516412  6.48673  |||| 330.787 |||| 330.787 
1.39554  1.52778  5.66017  1.39554  1.52778  5.66017  |||| 29.5606 |||| 29.5606 
1.73276  3.15801  3.10607  1.73276  3.15801  3.10607  |||| 24.2143 |||| 24.2143 
1.62367  2.18192  4.80521  1.62367  2.18192  4.80521  |||| 27.0309 |||| 27.0309 
1.12893  2.93763  4.67575  1.12893  2.93763  4.67575  |||| 60.9939 |||| 60.9939 
0.5296  2.50048  5.74841  0.5296  2.50048  5.74841  |||| 20.3018 |||| 20.3018 
0.501143  0.547383  6.4976  0.501143  0.547383  6.4976  |||| 35.2886 |||| 35.2886 
1.80899  1.83117  5.09433  1.80899  1.83117  5.09433  |||| 54.4921 |||| 54.4921 
0.937456  3.22814  4.83225  0.937456  3.22814  4.83225  |||| 327.754 |||| 327.754 
0.927616  2.00953  5.91102  0.927616  2.00953  5.91102  |||| 23.6098 |||| 23.6098 
0.892334  1.15028  6.22801  0.892334  1.15028  6.22801  |||| 45.9567 |||| 45.9567 
0.475062  0.806311  6.44573  0.475062  0.806311  6.44573  |||| 16.7292 |||| 16.7292 
1.06304  2.38148  5.80931  1.06304  2.38148  5.80931  |||| 72.3887 |||| 72.3887 
1.45817  3.04948  3.76392  1.45817  3.04948  3.76392  |||| 16.042 |||| 16.042 
0.370349  1.95963  5.87068  0.370349  1.95963  5.87068  |||| 26.8361 |||| 26.8361 
1.69914  2.89247  3.68648  1.69914  2.89247  3.68648  |||| 52.6682 |||| 52.6682 
0.57028  2.91801  5.42807  0.57028  2.91801  5.42807  |||| 101.639 |||| 101.639 
2.2809  0.744611  2.72853  2.2809  0.744611  2.72853  |||| 6.67073 |||| 6.67073 
1.43545  0.78496  5.72108  1.43545  0.78496  5.72108  |||| 28.2731 |||| 28.2731 
1.8103  2.08387  4.8265  1.8103  2.08387  4.8265  |||| 19.2174 |||| 19.2174 
0.677596  1.74907  5.87769  0.677596  1.74907  5.87769  |||| 44.1275 |||| 44.1275 
1.33642  1.7592  5.40864  1.33642  1.7592  5.40864  |||| 11.9885 |||| 11.9885 
0.833654  0.577801  6.38942  0.833654  0.577801  6.38942  |||| 21.8622 |||| 21.8622 
1.05365  1.77442  5.79466  1.05365  1.77442  5.79466  |||| 71.9058 |||| 71.9058 
1.03117  2.54336  5.67033  1.03117  2.54336  5.67033  |||| 553.942 |||| 553.942 
0.609651  0.559431  6.50542  0.609651  0.559431  6.50542  |||| 19.3238 |||| 19.3238 
1.64143  2.75329  4.41209  1.64143  2.75329  4.41209  |||| 23.5368 |||| 23.5368 
0.5239  0.531654  6.52384  0.5239  0.531654  6.52384  |||| 12.6715 |||| 12.6715 
0.715253  3.32893  4.96098  0.715253  3.32893  4.96098  |||| 49.6398 |||| 49.6398 
1.68154  2.67086  3.67243  1.68154  2.67086  3.67243  |||| 9.78211 |||| 9.78211 
0.958523  1.34272  6.08075  0.958523  1.34272  6.08075  |||| 21.9977 |||| 21.9977 
1.756  3.19873  2.36557  1.756  3.19873  2.36557  |||| 38.9559 |||| 38.9559 
0.503913  0.520193  6.49408  0.503913  0.520193  6.49408  |||| 115.458 |||| 115.458 
0.695765  0.695847  6.69576  0.695765  0.695847  6.69576  |||| 15.9485 |||| 15.9485 
1.5261  2.88666  3.85662  1.5261  2.88666  3.85662  |||| 14.5307 |||| 14.5307 
0.497232  1.04006  6.37787  0.497232  1.04006  6.37787  |||| 10.2888 |||| 10.2888 
1.63601  2.28693  4.81362  1.63601  2.28693  4.81362  |||| 29.9622 |||| 29.9622 
0.560139  0.80346  6.54871  0.560139  0.80346  6.54871  |||| 12.2012 |||| 12.2012 
1.17869  1.9734  5.57851  1.17869  1.9734  5.57851  |||| 15.5975 |||| 15.5975 
0.507839  0.5144  6.50647  0.507839  0.5144  6.50647  |||| 8.74121 |||| 8.74121 
1.33814  3.53586  3.52929  1.33814  3.53586  3.52929  |||| 85.0954 |||| 85.0954 
0.508395  1.77855  6.19769  0.508395  1.77855  6.19769  |||| 14.1188 |||| 14.1188 
1.2137  2.94969  4.61572  1.2137  2.94969  4.61572  |||| 18.2848 |||| 18.2848 
1.20198  2.56196  5.14054  1.20198  2.56196  5.14054  |||| 13.9705 |||| 13.9705 
0.865104  1.23741  6.44549  0.865104  1.23741  6.44549  |||| 45.5741 |||| 45.5741 
1.22586  1.26081  6.11668  1.22586  1.26081  6.11668  |||| 10.8816 |||| 10.8816 
0.638126  2.67089  5.8056  0.638126  2.67089  5.8056  |||| 16.1744 |||| 16.1744 
0.743685  1.60636  6.05753  0.743685  1.60636  6.05753  |||| 18.6467 |||| 18.6467 
0.556569  0.61093  6.55587  0.556569  0.61093  6.55587  |||| 70.3213 |||| 70.3213 
0.531207  3.28813  4.87845  0.531207  3.28813  4.87845  |||| 9.30393 |||| 9.30393 
1.17564  1.04509  6.17412  1.17564  1.04509  6.17412  |||| 19.6469 |||| 19.6469 
0.771797  1.66597  6.21233  0.771797  1.66597  6.21233  |||| 10.5447 |||| 10.5447 
1.11648  3.02188  4.48988  1.11648  3.02188  4.48988  |||| 20.4394 |||| 20.4394 
1.23981  3.40356  3.726  1.23981  3.40356  3.726  |||| 13.7725 |||| 13.7725 
1.18476  1.83314  5.83444  1.18476  1.83314  5.83444  |||| 13.214 |||| 13.214 
1.00338  3.22843  4.18342  1.00338  3.22843  4.18342  |||| 216.392 |||| 216.392 
0.585868  0.585876  6.58587  0.585868  0.585876  6.58587  |||| 925.141 |||| 925.141 
1.13329  1.3929  5.90284  1.13329  1.3929  5.90284  |||| 12.4727 |||| 12.4727 
0.97322  1.85916  5.75655  0.97322  1.85916  5.75655  |||| 23.6887 |||| 23.6887 
0.454673  0.605713  6.43422  0.454673  0.605713  6.43422  |||| 9.07824 |||| 9.07824 
1.20039  2.72329  5.02564  1.20039  2.72329  5.02564  |||| 38.7004 |||| 38.7004 
0.505046  0.546323  6.5004  0.505046  0.546323  6.5004  |||| 10.836 |||| 10.836 
1.08507  2.66002  5.21692  1.08507  2.66002  5.21692  |||| 13.8224 |||| 13.8224 
0.517649  0.517042  6.51648  0.517649  0.517042  6.51648  |||| 7.67783 |||| 7.67783 
1.43601  3.64538  2.50475  1.43601  3.64538  2.50475  |||| 29.2671 |||| 29.2671 
1.31607  2.85437  4.74587  1.31607  2.85437  4.74587  |||| 8.12868 |||| 8.12868 
0.85938  1.30829  6.22529  0.85938  1.30829  6.22529  |||| 19.6801 |||| 19.6801 
1.44167  2.80073  4.08558  1.44167  2.80073  4.08558  |||| 14.5188 |||| 14.5188 
0.484824  0.600985  6.47874  0.484824  0.600985  6.47874  |||| 33.3159 |||| 33.3159 
0.683094  2.26767  5.93715  0.683094  2.26767  5.93715  |||| 8.41994 |||| 8.41994 
1.12232  1.6996  5.91039  1.12232  1.6996  5.91039  |||| 12.9946 |||| 12.9946 
1.54516  3.72617  0.737978  1.54516  3.72617  0.737978  |||| 65.2842 |||| 65.2842 
0.561866  0.584782  6.55862  0.561866  0.584782  6.55862  |||| 164.594 |||| 164.594 
0.616993  1.06071  6.53903  0.616993  1.06071  6.53903  |||| 11.8129 |||| 11.8129 
1.52432  3.0271  4.12703  1.52432  3.0271  4.12703  |||| 13.8412 |||| 13.8412 
1.41489  2.74747  4.67578  1.41489  2.74747  4.67578  |||| 13.4318 |||| 13.4318 
1.77159  2.28224  4.42726  1.77159  2.28224  4.42726  |||| 24.2368 |||| 24.2368 
1.73337  3.48604  1.99158  1.73337  3.48604  1.99158  |||| 20.4491 |||| 20.4491 
1.17234  2.08418  5.73394  1.17234  2.08418  5.73394  |||| 13.1155 |||| 13.1155 
0.465391  0.53556  6.46447  0.465391  0.53556  6.46447  |||| 6.63423 |||| 6.63423 
1.08797  0.790265  6.06347  1.08797  0.790265  6.06347  |||| 55.2088 |||| 55.2088 
0.917347  1.45689  6.11612  0.917347  1.45689  6.11612  |||| 12.2046 |||| 12.2046 
0.633973  1.95119  6.25891  0.633973  1.95119  6.25891  |||| 16.3487 |||| 16.3487 
0.770867  1.54641  6.36968  0.770867  1.54641  6.36968  |||| 11.7502 |||| 11.7502 
1.18242  3.92757  2.69853  1.18242  3.92757  2.69853  |||| 28.2321 |||| 28.2321 
1.82817  0.956099  5.11969  1.82817  0.956099  5.11969  |||| 62.111 |||| 62.111 
1.32925  3.55346  3.27524  1.32925  3.55346  3.27524  |||| 52.6666 |||| 52.6666 
1.43549  2.93048  4.85786  1.43549  2.93048  4.85786  |||| 104.441 |||| 104.441 
1.50335  2.99831  3.63182  1.50335  2.99831  3.63182  |||| 145.967 |||| 145.967 
0.668055  0.671894  6.66805  0.668055  0.671894  6.66805  |||| 115.361 |||| 115.361 
2.00011  0.000106288  0.000106288  1.34743  2.69258  1.8543  |||| 2.00002 |||| 26924.9 
0.00010825  4.00011  0.00010825  1.35816  0.797797  4.24538  |||| 4.00001 |||| 42453 
0.000100503  0.000100503  6.0001  0.386341  0.950793  5.7122  |||| 6.00002 |||| 9506.99 
1.99962  0.0769002  0.0771701  1.81784  1.66934  0.00027408  |||| 2.1542 |||| 46.4999 
1.99725  0.211616  0.0608503  2.00349  0.00633886  0.32675  |||| 2.28079 |||| 10.5076 
1.99737  0.0927433  0.285769  1.20469  3.19648  0.252048  |||| 2.37924 |||| 79.6408 
1.98967  0.407972  0.0359656  1.9915  0.409215  0.0377188  |||| 2.45614 |||| 2.46147 
1.99438  0.203466  0.338553  1.84616  0.579353  2.13989  |||| 2.54175 |||| 15.8955 
1.98923  0.387746  0.232345  1.99934  0.000238311  0.180364  |||| 2.61083 |||| 2.6241 
1.98953  0.0756878  0.60771  1.86696  0.490051  2.05595  |||| 2.68431 |||| 15.1418 
1.96832  0.710683  0.0249078  1.9878  0.444106  0.0252044  |||| 2.72632 |||| 2.75331 
1.98567  0.365306  0.468842  1.77515  1.82573  0.444176  |||| 2.82052 |||| 14.0965 
1.97407  0.616909  0.279091  1.87201  1.43264  0.533347  |||| 2.87314 |||| 6.65825 
1.98079  0.18083  0.788153  1.8897  1.22115  0.755038  |||| 2.95191 |||| 19.7936 
1.95527  0.833264  0.188208  0.523767  3.37382  2.83234  |||| 2.98193 |||| 43.8701 
1.97661  0.345104  0.760693  1.9909  0.370527  0.156467  |||| 3.0834 |||| 3.3021 
1.96571  0.655759  0.511666  1.32815  2.98949  0.155996  |||| 3.13528 |||| 14.2456 
1.96211  0.0750696  1.15948  1.29589  2.69129  2.15332  |||| 3.19877 |||| 111.37 
1.90359  1.22797  0.0114932  0.979186  3.17861  2.19981  |||| 3.17113 |||| 176.092 
1.95904  0.643991  0.730006  1.95211  0.641753  0.887081  |||| 3.33403 |||| 4.04826 
1.92913  1.02308  0.39893  0.612268  2.87875  3.74821  |||| 3.3534 |||| 31.3754 
1.95399  0.329863  1.18241  0.1425  3.73429  2.10848  |||| 3.46877 |||| 39.0885 
1.89062  1.29617  0.238162  1.9962  0.34817  0.462882  |||| 3.42715 |||| 6.60602 
1.94655  0.567721  1.08642  1.61758  1.9448  1.98839  |||| 3.60267 |||| 12.3061 
1.92106  1.01405  0.692054  1.86482  1.0946  1.4531  |||| 3.62993 |||| 7.59705 
1.92412  0.166901  1.61961  1.57082  2.47273  0.344297  |||| 3.71162 |||| 54.7624 
1.83072  1.60768  0.162877  1.98534  0.32448  0.582126  |||| 3.60507 |||| 12.6135 
1.92297  0.788843  1.15195  1.25394  3.03579  1.0593  |||| 3.86565 |||| 14.8685 
1.87857  1.29667  0.679518  1.49958  2.16781  2.27945  |||| 3.85507 |||| 12.9327 
1.90539  0.3246  1.75959  0.504709  0.90476  5.64538  |||| 3.99167 |||| 12.8008 
1.8225  1.62098  0.451102  1.07945  2.89629  2.58006  |||| 3.8978 |||| 22.1507 
1.9005  0.631696  1.61386  1.9846  0.445923  0.335695  |||| 4.1498 |||| 4.33344 
1.87058  1.22141  1.07751  0.682858  1.04876  5.42395  |||| 4.1703 |||| 20.9818 
1.849  0.0730414  2.28572  0.000346827  0.000346827  6.00035  |||| 4.20918 |||| 11.0457 
1.6755  2.18506  0.0233613  0.243247  0.960935  5.77936  |||| 3.89507 |||| 649.058 
1.85198  1.23289  1.31217  1.80261  1.20003  1.87757  |||| 4.39708 |||| 6.29053 
1.76144  1.84347  0.662276  1.4816  1.23526  3.58043  |||| 4.27175 |||| 22.9361 
1.84756  0.639727  2.0899  1.79276  0.48002  2.56259  |||| 4.57725 |||| 5.6121 
1.66801  2.195  0.354983  1.99598  0.000201009  0.389804  |||| 4.22219 |||| 5.0524 
1.82935  1.03974  1.85932  0.882159  3.54538  0.862311  |||| 4.73195 |||| 16.0821 
1.75671  1.75951  1.12693  0.141203  0.419907  5.95457  |||| 4.64433 |||| 24.5163 
1.77913  0.329366  2.698  1.46962  0.361762  4.0349  |||| 4.8083 |||| 7.19091 
1.55117  2.52154  0.21116  1.97244  0.276695  0.906533  |||| 4.28634 |||| 18.182 
1.77375  1.36575  1.86992  1.0133  3.31174  1.47205  |||| 5.01263 |||| 12.1484 
1.66353  2.11288  1.02941  1.43468  2.46745  1.95578  |||| 4.80891 |||| 9.11221 
1.74073  0.58536  2.82209  1.56395  2.27813  1.52334  |||| 5.14869 |||| 20.0235 
1.54737  2.49957  0.637067  1.41808  1.18804  3.86939  |||| 4.68401 |||| 28.4453 
1.72879  1.07733  2.54957  1.91356  1.19407  0.376037  |||| 5.35733 |||| 5.93785 
1.65527  1.96729  1.62585  1.35102  2.92627  0.561085  |||| 5.25269 |||| 7.81255 
1.62574  0.168201  3.48635  0.867506  3.27875  2.25689  |||| 5.28449 |||| 101.022 
1.33788  2.97245  0.143791  1.3487  2.93947  0.480844  |||| 4.45647 |||| 14.6564 
1.63752  1.78974  2.16074  1.76295  1.18429  2.22884  |||| 5.59054 |||| 6.0188 
1.47704  2.59703  1.09474  0.630808  2.53455  4.24419  |||| 5.17064 |||| 20.0123 
1.61048  0.847602  3.32376  1.86775  0.983321  1.56169  |||| 5.78319 |||| 6.70857 
1.33074  2.95899  0.607372  1.66994  2.16447  0.636234  |||| 4.9038 |||| 6.15381 
1.58305  1.44416  2.95956  1.76567  1.61122  1.45418  |||| 5.98899 |||| 6.67993 
1.46655  2.44653  1.78423  1.01161  2.95117  2.70339  |||| 5.69859 |||| 8.62823 
1.46689  0.341671  4.0472  1.07326  1.07655  4.79974  |||| 5.85712 |||| 18.382 
1.16944  3.23454  0.396647  1.33299  0.520037  4.41381  |||| 4.80114 |||| 53.349 
1.48109  1.86333  2.90837  0.000280301  3.00182  3.96628  |||| 6.25422 |||| 10.0687 
1.31619  2.82194  1.58058  1.19673  3.03299  1.55671  |||| 5.72113 |||| 6.149 
1.39687  0.68246  4.17109  1.98505  0.493529  0.0127836  |||| 6.25208 |||| 8.88483 
1.15639  3.19831  0.978406  0.882565  3.08149  2.77022  |||| 5.33358 |||| 15.091 
1.38228  1.37878  3.81295  1.40313  2.87004  0.00662328  |||| 6.57418 |||| 13.6809 
1.28761  2.59472  2.43647  1.84633  0.00212546  2.3238  |||| 6.31957 |||| 9.06149 
1.19904  0.0632946  4.80186  1.43102  0.113331  4.18942  |||| 6.07698 |||| 9.02848 
0.859043  3.61251  0.00014494  1.71148  2.07145  0.000420239  |||| 4.4999 |||| 8.96474 
1.20802  2.62693  2.71053  1.75062  1.90741  0.685401  |||| 6.54551 |||| 9.4851 
0.98996  3.3867  1.1759  1.38469  2.76918  1.22396  |||| 5.553 |||| 7.76736 
1.1914  1.38864  4.34655  0.389414  2.0823  4.99588  |||| 6.92707 |||| 10.3836 
0.829711  3.62137  0.551843  0.744017  3.68998  0.622817  |||| 5.0059 |||| 5.62079 
1.12382  2.17188  3.74513  1.4215  2.28434  2.51206  |||| 7.04243 |||| 8.90316 
0.954851  3.24865  2.01391  1.29817  1.3268  4.12515  |||| 6.21833 |||| 12.7303 
0.999102  0.676114  5.09868  1.68237  2.09513  0.857788  |||| 6.77444 |||| 20.9702 
0.666983  3.76679  0.281062  1.4124  2.82461  0.318828  |||| 4.71908 |||| 9.98471 
0.958726  2.62952  3.4895  1.26066  2.52015  2.72991  |||| 7.07825 |||| 9.30555 
0.770981  3.52177  1.65853  1.73622  1.12416  2.46407  |||| 5.95226 |||| 13.4041 
0.879682  1.12125  5.12005  1.95944  0.813203  0.089898  |||| 7.12189 |||| 15.8498 
0.621991  3.75323  0.910356  0.992943  3.41597  0.941765  |||| 5.28664 |||| 8.43131 
0.827337  2.00148  4.5674  1.64608  0.538007  3.31216  |||| 7.39666 |||| 14.7049 
0.706502  3.29967  2.64912  1.55929  2.42221  1.04186  |||| 6.65515 |||| 14.6888 
0.665621  0.324299  5.63736  1.08137  3.36532  0.000178851  |||| 6.62895 |||| 68.4033 
0.424729  3.90757  0.158578  1.92285  0.00164608  1.66918  |||| 4.49162 |||| 47.198 
0.63295  2.99313  3.50031  1.30924  1.29598  4.11774  |||| 7.12784 |||| 14.7074 
0.479204  3.74876  1.523  1.02389  3.31464  1.42954  |||| 5.75245 |||| 12.2798 
0.570259  1.42693  5.3384  1.57944  1.72895  2.61411  |||| 7.33587 |||| 20.3091 
0.362339  3.90076  0.765571  1.40021  2.80022  0.848471  |||| 5.02931 |||| 19.394 
0.495549  2.34296  4.63132  0.865503  1.11832  5.14296  |||| 7.47216 |||| 12.9836 
0.394291  3.54789  2.50716  1.94717  0.893061  0.308779  |||| 6.44926 |||| 31.8422 
0.375454  0.547988  5.83598  1.97479  0.0485742  0.955773  |||| 6.76098 |||| 35.4693 
0.232634  3.96185  0.447409  1.87235  1.22387  1.07185  |||| 4.64282 |||| 37.2733 
0.32646  2.78192  4.20009  1.56501  0.232616  3.74998  |||| 7.30945 |||| 34.9167 
0.235157  3.73596  2.0255  1.2857  0.787221  4.44434  |||| 5.99787 |||| 32.5986 
0.238576  1.00459  5.76371  1.8866  1.3608  0.00499569  |||| 7.00714 |||| 55.3456 
0.149154  3.91526  1.14571  0.826622  0.605777  5.38844  |||| 5.21196 |||| 28.7348 
0.169956  1.95961  5.20687  0.871582  1.70611  4.75787  |||| 7.33858 |||| 37.1302 
0.119638  3.41391  3.10791  1.85612  1.47467  0.330865  |||| 6.64288 |||| 101.941 
0.0804125  0.143454  5.99152  1.94769  0.934958  0.30066  |||| 6.21585 |||| 150.154 
0.0281242  3.99927  0.0912136  0.0244246  3.43002  3.08733  |||| 4.12719 |||| 132.753 
0.00957742  3.22747  3.54482  0.0118405  4.00012  0.000187471  |||| 6.78972 |||| 8.41521 
