2.092e+00  1.307e-01  1.307e-01  
1.305e-01  4.084e+00  1.309e-01  
1.305e-01  1.305e-01  6.131e+00  
1.671e+00  1.901e-01  1.901e-01  
1.495e+00  2.759e-01  1.790e-01  
1.580e+00  1.998e-01  3.384e-01  
1.348e+00  3.804e-01  1.662e-01  
1.438e+00  2.651e-01  3.549e-01  
1.318e+00  3.625e-01  2.697e-01  
1.538e+00  1.920e-01  5.605e-01  
1.200e+00  5.168e-01  1.563e-01  
1.299e+00  3.455e-01  4.069e-01  
1.193e+00  4.632e-01  2.817e-01  
1.399e+00  2.472e-01  6.359e-01  
1.121e+00  5.532e-01  2.281e-01  
1.279e+00  3.314e-01  5.725e-01  
1.150e+00  4.719e-01  3.960e-01  
1.474e+00  1.834e-01  9.242e-01  
1.031e+00  7.118e-01  1.493e-01  
1.136e+00  4.613e-01  5.054e-01  
1.037e+00  6.117e-01  3.188e-01  
1.245e+00  3.195e-01  8.054e-01  
9.797e-01  7.130e-01  2.384e-01  
1.136e+00  4.247e-01  6.922e-01  
1.016e+00  5.983e-01  4.506e-01  
1.307e+00  2.330e-01  1.121e+00  
9.154e-01  8.200e-01  2.019e-01  
1.051e+00  5.084e-01  6.828e-01  
9.445e-01  6.924e-01  4.249e-01  
1.185e+00  3.107e-01  1.105e+00  
8.875e-01  8.040e-01  3.191e-01  
1.068e+00  4.427e-01  9.282e-01  
9.374e-01  6.575e-01  5.955e-01  
1.159e+00  1.713e-01  1.405e+00  
8.187e-01  1.028e+00  1.448e-01  
9.205e-01  6.565e-01  6.904e-01  
8.299e-01  8.625e-01  3.953e-01  
1.021e+00  4.387e-01  1.138e+00  
7.822e-01  9.880e-01  2.708e-01  
9.298e-01  5.864e-01  9.431e-01  
8.213e-01  8.226e-01  5.742e-01  
9.598e-01  2.850e-01  1.388e+00  
7.322e-01  1.109e+00  2.134e-01  
8.568e-01  6.900e-01  8.972e-01  
7.613e-01  9.321e-01  5.219e-01  
8.796e-01  3.816e-01  1.345e+00  
7.117e-01  1.069e+00  3.698e-01  
8.627e-01  5.866e-01  1.212e+00  
7.573e-01  8.755e-01  7.478e-01  
9.354e-01  2.153e-01  1.860e+00  
6.513e-01  1.288e+00  1.874e-01  
7.574e-01  8.172e-01  9.592e-01  
6.732e-01  1.085e+00  5.334e-01  
7.559e-01  4.597e-01  1.422e+00  
6.281e-01  1.237e+00  3.602e-01  
7.485e-01  6.946e-01  1.287e+00  
6.657e-01  1.024e+00  7.827e-01  
8.040e-01  2.881e-01  1.991e+00  
5.809e-01  1.376e+00  2.835e-01  
6.865e-01  8.321e-01  1.225e+00  
6.094e-01  1.157e+00  7.064e-01  
7.032e-01  4.105e-01  1.841e+00  
5.630e-01  1.327e+00  4.967e-01  
6.183e-01  6.172e-01  1.476e+00  
5.999e-01  1.076e+00  1.019e+00  
7.317e-01  1.680e-01  2.540e+00  
5.043e-01  1.702e+00  1.429e-01  
5.726e-01  1.092e+00  1.123e+00  
5.071e-01  1.430e+00  5.820e-01  
5.613e-01  6.330e-01  1.703e+00  
4.707e-01  1.616e+00  3.579e-01  
5.075e-01  8.592e-01  1.386e+00  
4.890e-01  1.368e+00  8.980e-01  
5.758e-01  4.323e-01  2.404e+00  
4.265e-01  1.801e+00  2.569e-01  
4.619e-01  1.030e+00  1.337e+00  
4.387e-01  1.538e+00  7.939e-01  
4.962e-01  5.963e-01  2.257e+00  
3.997e-01  1.754e+00  5.245e-01  
4.292e-01  8.555e-01  1.785e+00  
4.124e-01  1.447e+00  1.187e+00  
4.561e-01  2.899e-01  2.888e+00  
3.461e-01  2.111e+00  2.110e-01  
3.588e-01  1.208e+00  1.390e+00  
3.465e-01  1.820e+00  8.174e-01  
3.774e-01  7.480e-01  2.441e+00  
3.107e-01  2.077e+00  5.125e-01  
3.271e-01  1.055e+00  1.959e+00  
3.075e-01  1.732e+00  1.262e+00  
3.271e-01  4.170e-01  3.178e+00  
2.614e-01  2.359e+00  3.824e-01  
2.661e-01  1.282e+00  1.869e+00  
2.510e-01  2.044e+00  1.168e+00  
2.492e-01  6.296e-01  2.994e+00  
2.173e-01  2.408e+00  7.975e-01  
2.085e-01  1.034e+00  2.532e+00  
1.870e-01  1.757e+00  1.611e+00  
1.899e-01  2.366e-01  4.551e+00  
1.305e-01  3.839e+00  2.195e-01  
1.305e-01  2.119e+00  2.315e+00  
