2.29516  2.45716  2.29516  2.45716  |||| 9216.3 |||| 9216.3 
1.94907  3.88837  1.94907  3.88837  |||| 12343.6 |||| 12343.6 
2.19323  3.49605  2.19323  3.49605  |||| 384.262 |||| 384.262 
2.345  3.26194  2.345  3.26194  |||| 112.793 |||| 112.793 
2.56526  2.27875  2.56526  2.27875  |||| 29.1343 |||| 29.1343 
2.00229  3.82433  2.00229  3.82433  |||| 64.0863 |||| 64.0863 
2.60822  2.62845  2.60822  2.62845  |||| 23.8014 |||| 23.8014 
2.32355  3.74298  2.32355  3.74298  |||| 39.3328 |||| 39.3328 
1.97054  3.41417  1.97054  3.41417  |||| 28.3241 |||| 28.3241 
2.4564  2.99315  2.4564  2.99315  |||| 19.0462 |||| 19.0462 
2.7085  2.61388  2.7085  2.61388  |||| 12.4327 |||| 12.4327 
0.714715  4.64735  0.714715  4.64735  |||| 32.1009 |||| 32.1009 
1.58037  4.62449  1.58037  4.62449  |||| 28.8302 |||| 28.8302 
2.2899  3.33947  2.2899  3.33947  |||| 15.3727 |||| 15.3727 
2.14886  3.28153  2.14886  3.28153  |||| 13.6887 |||| 13.6887 
1.61789  3.96443  1.61789  3.96443  |||| 17.632 |||| 17.632 
2.10177  3.15512  2.10177  3.15512  |||| 10.9462 |||| 10.9462 
2.16221  2.93436  2.16221  2.93436  |||| 8.84425 |||| 8.84425 
1.65057  4.59478  1.65057  4.59478  |||| 18.1701 |||| 18.1701 
1.00294  4.78325  1.00294  4.78325  |||| 18.1873 |||| 18.1873 
1.51949  4.2916  1.51949  4.2916  |||| 14.5997 |||| 14.5997 
2.3335  3.12751  2.3335  3.12751  |||| 8.0007 |||| 8.0007 
2.5642  1.89848  2.5642  1.89848  |||| 2.33871 |||| 2.33871 
2.33505  1.95403  2.33505  1.95403  |||| 2.07572 |||| 2.07572 
2.36803  3.33105  2.36803  3.33105  |||| 7.82046 |||| 7.82046 
1.72222  3.69356  1.72222  3.69356  |||| 8.99943 |||| 8.99943 
2.15235  3.29157  2.15235  3.29157  |||| 7.02415 |||| 7.02415 
2.48919  2.97919  2.48919  2.97919  |||| 5.54817 |||| 5.54817 
1.08487  4.77321  1.08487  4.77321  |||| 11.9733 |||| 11.9733 
0.755186  4.65555  0.755186  4.65555  |||| 11.1186 |||| 11.1186 
0.755327  4.64665  0.755327  4.64665  |||| 10.6979 |||| 10.6979 
2.72547  1.92937  2.72547  1.92937  |||| 2.8767 |||| 2.8767 
2.05823  4.13014  2.05823  4.13014  |||| 8.3368 |||| 8.3368 
2.15469  2.9414  2.15469  2.9414  |||| 4.3738 |||| 4.3738 
2.79613  1.53553  2.79613  1.53553  |||| 3.11418 |||| 3.11418 
1.83183  3.18702  1.83183  3.18702  |||| 4.83122 |||| 4.83122 
2.48063  2.30827  2.48063  2.30827  |||| 2.72536 |||| 2.72536 
1.1459  4.83896  1.1459  4.83896  |||| 9.11933 |||| 9.11933 
2.44767  3.22465  2.44767  3.22465  |||| 4.53516 |||| 4.53516 
2.73364  2.13577  2.73364  2.13577  |||| 3.27032 |||| 3.27032 
1.63093  4.1855  1.63093  4.1855  |||| 6.74538 |||| 6.74538 
2.15821  3.90737  2.15821  3.90737  |||| 5.88456 |||| 5.88456 
2.52115  2.47579  2.52115  2.47579  |||| 3.0788 |||| 3.0788 
2.34066  2.57328  2.34066  2.57328  |||| 2.82023 |||| 2.82023 
2.5  1.983  2.5  1.983  |||| 3.1524 |||| 3.1524 
2.38288  3.00619  2.38288  3.00619  |||| 3.31321 |||| 3.31321 
2.49663  3.30928  2.49663  3.30928  |||| 3.90624 |||| 3.90624 
1.88649  4.063  1.88649  4.063  |||| 5.44379 |||| 5.44379 
2.38843  2.62382  2.38843  2.62382  |||| 3.18494 |||| 3.18494 
2.54526  1.98491  2.54526  1.98491  |||| 3.55235 |||| 3.55235 
1.66473  4.312  1.66473  4.312  |||| 5.61018 |||| 5.61018 
2.7798  2.50398  2.7798  2.50398  |||| 4.17275 |||| 4.17275 
2.25495  3.2565  2.25495  3.2565  |||| 3.33969 |||| 3.33969 
1.98442  2.92178  1.98442  2.92178  |||| 2.67593 |||| 2.67593 
2.29413  3.38624  2.29413  3.38624  |||| 3.45466 |||| 3.45466 
2.15269  3.0905  2.15269  3.0905  |||| 3.16676 |||| 3.16676 
1.95281  3.77334  1.95281  3.77334  |||| 4.02395 |||| 4.02395 
2.31234  3.36758  2.31234  3.36758  |||| 3.68394 |||| 3.68394 
2.73475  1.86017  2.73475  1.86017  |||| 4.77022 |||| 4.77022 
2.27446  3.3868  2.27446  3.3868  |||| 3.7742 |||| 3.7742 
2.81857  1.8196  2.81857  1.8196  |||| 5.21969 |||| 5.21969 
2.46552  2.83112  2.46552  2.83112  |||| 4.4566 |||| 4.4566 
2.40699  3.63148  2.40699  3.63148  |||| 4.42248 |||| 4.42248 
2.34692  2.68313  2.34692  2.68313  |||| 4.38235 |||| 4.38235 
1.91641  4.07423  1.91641  4.07423  |||| 3.98068 |||| 3.98068 
2.75426  1.93648  2.75426  1.93648  |||| 5.79348 |||| 5.79348 
2.41436  2.93876  2.41436  2.93876  |||| 4.9721 |||| 4.9721 
2.53735  2.79524  2.53735  2.79524  |||| 5.49593 |||| 5.49593 
2.44963  1.84282  2.44963  1.84282  |||| 5.3975 |||| 5.3975 
2.49774  2.61946  2.49774  2.61946  |||| 5.72906 |||| 5.72906 
1.20721  4.74401  1.20721  4.74401  |||| 4.59024 |||| 4.59024 
2.14014  3.60364  2.14014  3.60364  |||| 4.90147 |||| 4.90147 
2.3087  2.91889  2.3087  2.91889  |||| 5.68038 |||| 5.68038 
2.44844  2.23307  2.44844  2.23307  |||| 6.41151 |||| 6.41151 
2.53296  2.80643  2.53296  2.80643  |||| 6.98775 |||| 6.98775 
1.27342  4.03138  1.27342  4.03138  |||| 3.3278 |||| 3.3278 
1.87739  4.01974  1.87739  4.01974  |||| 4.84859 |||| 4.84859 
2.72339  2.0705  2.72339  2.0705  |||| 8.74888 |||| 8.74888 
1.02536  4.48421  1.02536  4.48421  |||| 3.77739 |||| 3.77739 
2.33826  3.36964  2.33826  3.36964  |||| 7.76132 |||| 7.76132 
1.80934  4.13072  1.80934  4.13072  |||| 5.50119 |||| 5.50119 
1.42894  4.51325  1.42894  4.51325  |||| 3.78343 |||| 3.78343 
2.34795  3.2525  2.34795  3.2525  |||| 9.14616 |||| 9.14616 
1.78368  3.84789  1.78368  3.84789  |||| 6.349 |||| 6.349 
2.73414  1.58821  2.73414  1.58821  |||| 12.768 |||| 12.768 
2.42348  2.32471  2.42348  2.32471  |||| 11.5489 |||| 11.5489 
2.48661  3.26669  2.48661  3.26669  |||| 12.8627 |||| 12.8627 
1.83561  4.25974  1.83561  4.25974  |||| 8.78779 |||| 8.78779 
0.774842  4.542  0.774842  4.542  |||| 3.40618 |||| 3.40618 
1.20091  4.75255  1.20091  4.75255  |||| 4.53778 |||| 4.53778 
1.95631  4.10931  1.95631  4.10931  |||| 12.8081 |||| 12.8081 
2.3478  2.3658  2.3478  2.3658  |||| 18.8286 |||| 18.8286 
1.5593  4.27877  1.5593  4.27877  |||| 11.0359 |||| 11.0359 
2.40487  2.77124  2.40487  2.77124  |||| 25.4824 |||| 25.4824 
2.53558  1.63831  2.53558  1.63831  |||| 32.4445 |||| 32.4445 
2.75193  2.31125  2.75193  2.31125  |||| 44.366 |||| 44.366 
2.43054  2.84264  2.43054  2.84264  |||| 48.043 |||| 48.043 
2.69544  2.12047  2.69544  2.12047  |||| 77.6446 |||| 77.6446 
2.72603  2.30421  2.72603  2.30421  |||| 131.406 |||| 131.406 
1.90311  4.23461  1.90311  4.23461  |||| 232.925 |||| 232.925 
2.00039  0.191283  2.00699  0.330731  |||| 1.93435 |||| 1396.39 
0.0664135  4.00109  0.179064  3.98758  |||| 3.81 |||| 1130.3 
1.99998  0.201009  1.99409  0.411639  |||| 1.94386 |||| 43.2271 
1.99945  0.221145  2.0203  0.339418  |||| 1.96347 |||| 9.69063 
1.99886  0.241689  1.99889  0.240633  |||| 1.98343 |||| 1.98346 
1.99821  0.262652  2.00136  0.31051  |||| 2.00373 |||| 3.34371 
1.99748  0.284048  2.00014  0.296706  |||| 2.0244 |||| 2.30002 
1.99668  0.305886  1.99758  0.338325  |||| 2.04544 |||| 2.62342 
1.9958  0.328178  1.9958  0.328193  |||| 2.06685 |||| 2.06706 
1.99484  0.350937  2.0004  0.353497  |||| 2.08865 |||| 2.12208 
1.99379  0.374173  2.00264  0.318009  |||| 2.11084 |||| 2.12053 
1.99264  0.397892  1.99435  0.417067  |||| 2.13342 |||| 2.33111 
1.9914  0.422125  1.98737  0.49258  |||| 2.15641 |||| 2.81388 
1.99006  0.446886  1.78471  1.87486  |||| 2.17982 |||| 14.3486 
1.9886  0.472167  2.00406  0.442501  |||| 2.20364 |||| 2.22137 
1.98703  0.497992  1.98733  0.495619  |||| 2.2279 |||| 2.22825 
1.98534  0.524384  1.99234  0.523648  |||| 2.2526 |||| 2.26081 
1.98352  0.551346  1.99697  0.576517  |||| 2.27774 |||| 2.43688 
1.98156  0.578896  2.13248  0.855706  |||| 2.30333 |||| 3.94741 
1.97946  0.607052  1.97929  0.609278  |||| 2.32939 |||| 2.34185 
1.97721  0.635829  1.97722  0.635617  |||| 2.35591 |||| 2.35593 
1.9748  0.665244  1.98172  0.662091  |||| 2.38291 |||| 2.39155 
1.97221  0.695305  1.97865  0.718412  |||| 2.41039 |||| 2.52084 
1.96945  0.726037  1.96921  0.728646  |||| 2.43836 |||| 2.45024 
1.96649  0.757453  1.95442  0.873708  |||| 2.46682 |||| 2.97317 
1.96334  0.789571  1.97021  0.816002  |||| 2.49578 |||| 2.60601 
1.95997  0.822403  1.9709  0.81332  |||| 2.52525 |||| 2.53982 
1.95638  0.855973  1.86675  1.53009  |||| 2.55523 |||| 5.14596 
1.95256  0.890291  1.9461  1.06626  |||| 2.58572 |||| 3.23646 
1.94848  0.92538  1.9792  0.693752  |||| 2.61674 |||| 2.65943 
1.94414  0.96121  1.81236  1.73195  |||| 2.64827 |||| 5.29839 
1.93953  0.997914  1.99723  0.291301  |||| 2.68033 |||| 2.76288 
1.93461  1.0354  1.93649  1.02121  |||| 2.71289 |||| 2.71562 
1.92939  1.07374  1.79754  1.83712  |||| 2.746 |||| 5.12096 
1.92383  1.11289  1.98801  0.525057  |||| 2.77961 |||| 2.87563 
1.91793  1.15293  2.00453  0.535464  |||| 2.81374 |||| 2.94531 
1.91168  1.19384  1.98939  0.507259  |||| 2.8484 |||| 2.96834 
1.90502  1.23562  1.98961  0.487506  |||| 2.88354 |||| 3.01617 
1.89797  1.27833  1.86564  1.46254  |||| 2.91918 |||| 3.41374 
1.8905  1.32196  1.99024  0.443886  |||| 2.95534 |||| 3.11689 
1.88256  1.36649  1.99606  0.574422  |||| 2.99192 |||| 3.17887 
1.87416  1.41197  1.88622  1.4021  |||| 3.029 |||| 3.0492 
1.86526  1.45837  1.86534  1.45797  |||| 3.06651 |||| 3.06665 
1.85584  1.50572  1.86053  1.48237  |||| 3.10443 |||| 3.11257 
1.84585  1.55401  2.00491  0.295909  |||| 3.14274 |||| 3.42361 
1.83531  1.60325  1.83624  1.6062  |||| 3.18145 |||| 3.18807 
1.82413  1.65343  1.70068  2.12989  |||| 3.22045 |||| 4.26972 
1.81234  1.70456  1.81268  1.70311  |||| 3.25978 |||| 3.26042 
1.79987  1.7566  1.99476  0.352741  |||| 3.29934 |||| 3.6702 
1.78671  1.80954  1.82165  1.66438  |||| 3.33914 |||| 3.40693 
1.77281  1.8634  2.0013  0.517984  |||| 3.3791 |||| 3.83144 
1.75817  1.91809  2.00013  0.32432  |||| 3.41916 |||| 3.90807 
1.74272  1.97367  1.92294  1.11901  |||| 3.45927 |||| 3.83109 
1.72646  2.03006  1.97659  0.643618  |||| 3.49939 |||| 4.02655 
1.70934  2.08721  1.73694  2.00228  |||| 3.53942 |||| 3.59888 
1.69132  2.14509  1.69103  2.146  |||| 3.57928 |||| 3.58095 
1.67239  2.20365  1.58148  2.46983  |||| 3.61891 |||| 4.09755 
1.6525  2.26283  1.67805  2.22638  |||| 3.65822 |||| 3.71713 
1.63164  2.32258  1.62471  2.34193  |||| 3.6971 |||| 3.73066 
1.60976  2.3828  1.60824  2.38691  |||| 3.73544 |||| 3.74243 
1.58686  2.44348  1.99508  0.345647  |||| 3.77322 |||| 4.78599 
1.56291  2.50444  1.98872  0.470456  |||| 3.81023 |||| 4.89411 
1.53787  2.56565  1.9984  0.497604  |||| 3.8464 |||| 5.04993 
1.51175  2.62702  1.94295  1.19819  |||| 3.88164 |||| 5.03938 
1.4845  2.68837  2.00818  0.248733  |||| 3.91576 |||| 5.36141 
1.45614  2.74968  1.4562  2.74954  |||| 3.94869 |||| 3.94888 
1.42665  2.81078  2.00686  0.258846  |||| 3.9803 |||| 5.67763 
1.39604  2.87157  1.80632  1.74772  |||| 4.01048 |||| 5.24763 
1.3643  2.93188  2.00652  0.500164  |||| 4.03906 |||| 6.03706 
1.33146  2.99163  2.00981  0.396034  |||| 4.06596 |||| 6.24557 
1.29751  3.05062  1.3345  2.98618  |||| 4.09101 |||| 4.21388 
1.26249  3.10878  1.99395  0.405774  |||| 4.11415 |||| 6.62935 
1.22644  3.16594  0.648318  3.78816  |||| 4.13525 |||| 5.00017 
1.18936  3.22194  1.90326  1.2791  |||| 4.15417 |||| 6.79428 
1.15131  3.27668  0.971195  3.50191  |||| 4.17086 |||| 4.47531 
1.11234  3.33001  1.81371  1.70084  |||| 4.18522 |||| 6.99072 
1.0725  3.38181  2.03184  0.277663  |||| 4.19718 |||| 8.19782 
1.03185  3.43194  1.96425  0.804441  |||| 4.20667 |||| 8.26778 
0.990451  3.48031  2.00344  0.248945  |||| 4.21363 |||| 8.83098 
0.948385  3.52678  0.439697  3.9057  |||| 4.21806 |||| 4.69718 
0.905704  3.57129  1.91478  1.17381  |||| 4.21987 |||| 9.29112 
0.862483  3.61374  1.27295  3.0936  |||| 4.21912 |||| 6.39339 
0.818847  3.65405  1.99797  0.270637  |||| 4.21577 |||| 10.8188 
0.774832  3.69213  1.94776  0.936106  |||| 4.20984 |||| 11.1763 
0.73054  3.72798  1.79329  1.78335  |||| 4.2014 |||| 10.9207 
0.686046  3.76155  0.800265  3.67454  |||| 4.19048 |||| 4.9624 
0.641456  3.7928  0.641727  3.79261  |||| 4.17714 |||| 4.17911 
0.596827  3.82173  2.00206  0.251859  |||| 4.16144 |||| 15.1785 
0.552258  3.84834  1.83547  1.60252  |||| 4.14348 |||| 15.0787 
0.507824  3.87267  2.01839  0.260287  |||| 4.12337 |||| 18.222 
0.463593  3.8947  1.91052  1.20135  |||| 4.10117 |||| 19.0274 
0.419639  3.91447  1.97903  0.705143  |||| 4.07699 |||| 22.0557 
0.376052  3.93207  1.99944  0.222542  |||| 4.05101 |||| 25.2632 
0.332884  3.94751  2.02866  0.29376  |||| 4.02327 |||| 29.5904 
0.290169  3.96086  1.24642  3.13461  |||| 3.99392 |||| 21.0324 
0.248004  3.97219  1.67167  2.22344  |||| 3.96308 |||| 34.9672 
0.206424  3.98162  1.6792  2.18291  |||| 3.93092 |||| 45.1687 
0.165457  3.98917  2.0099  0.346189  |||| 3.8975 |||| 76.1997 
0.125159  3.99493  2.00851  0.249316  |||| 3.86297 |||| 126.909 
0.0855613  3.99902  1.99866  0.249553  |||| 3.82746 |||| 378.795 
