0.780647  4.3059  3.21411  0.780647  4.3059  3.21411  |||| 35396 |||| 35396 
2.36293  2.30077  3.82108  2.36293  2.30077  3.82108  |||| 24040 |||| 24040 
2.66008  1.75713  1.95379  2.66008  1.75713  1.95379  |||| 21678.5 |||| 21678.5 
2.44335  2.95729  1.76967  2.44335  2.95729  1.76967  |||| 61.034 |||| 61.034 
1.65863  1.63331  4.71808  1.65863  1.63331  4.71808  |||| 106.181 |||| 106.181 
1.9835  2.26732  4.25614  1.9835  2.26732  4.25614  |||| 37.3992 |||| 37.3992 
0.795313  0.998901  6.78161  0.795313  0.998901  6.78161  |||| 225.93 |||| 225.93 
2.3262  2.78322  3.27076  2.3262  2.78322  3.27076  |||| 24.971 |||| 24.971 
1.97365  2.83596  3.67792  1.97365  2.83596  3.67792  |||| 25.3188 |||| 25.3188 
1.93763  2.35438  5.13734  1.93763  2.35438  5.13734  |||| 49.0786 |||| 49.0786 
0.761052  1.3324  6.52541  0.761052  1.3324  6.52541  |||| 293.937 |||| 293.937 
1.92655  3.6856  2.74253  1.92655  3.6856  2.74253  |||| 22.5411 |||| 22.5411 
1.44273  4.28789  1.41708  1.44273  4.28789  1.41708  |||| 16.3677 |||| 16.3677 
2.41131  2.59049  2.26294  2.41131  2.59049  2.26294  |||| 29.5705 |||| 29.5705 
2.34987  2.18735  3.87976  2.34987  2.18735  3.87976  |||| 38.1456 |||| 38.1456 
2.55648  1.83417  1.72893  2.55648  1.83417  1.72893  |||| 9.51919 |||| 9.51919 
1.01177  0.885906  6.66113  1.01177  0.885906  6.66113  |||| 32.1298 |||| 32.1298 
0.598885  0.804545  6.5846  0.598885  0.804545  6.5846  |||| 14.2565 |||| 14.2565 
1.43476  1.09756  6.31578  1.43476  1.09756  6.31578  |||| 392.15 |||| 392.15 
1.58645  2.13914  5.66677  1.58645  2.13914  5.66677  |||| 19.3956 |||| 19.3956 
2.17287  3.23005  3.22602  2.17287  3.23005  3.22602  |||| 15.1425 |||| 15.1425 
1.90639  2.13743  4.99255  1.90639  2.13743  4.99255  |||| 14.3525 |||| 14.3525 
2.18218  1.58666  3.62499  2.18218  1.58666  3.62499  |||| 31.516 |||| 31.516 
2.13995  1.88416  5.17685  2.13995  1.88416  5.17685  |||| 12.4624 |||| 12.4624 
1.84922  2.52708  5.50324  1.84922  2.52708  5.50324  |||| 21.3644 |||| 21.3644 
0.492235  2.34496  5.71808  0.492235  2.34496  5.71808  |||| 34.9633 |||| 34.9633 
1.78944  2.60195  4.80413  1.78944  2.60195  4.80413  |||| 73.4011 |||| 73.4011 
0.924026  0.987008  6.41391  0.924026  0.987008  6.41391  |||| 16.7454 |||| 16.7454 
1.0089  0.891199  6.84724  1.0089  0.891199  6.84724  |||| 30.8096 |||| 30.8096 
2.53075  2.81153  1.61037  2.53075  2.81153  1.61037  |||| 25.0429 |||| 25.0429 
1.59728  2.71324  4.93427  1.59728  2.71324  4.93427  |||| 30.1972 |||| 30.1972 
2.10974  2.95364  3.94917  2.10974  2.95364  3.94917  |||| 14.3478 |||| 14.3478 
1.44265  3.19479  4.80997  1.44265  3.19479  4.80997  |||| 13.1252 |||| 13.1252 
1.60566  2.77914  4.15885  1.60566  2.77914  4.15885  |||| 114.867 |||| 114.867 
1.92839  1.48171  5.35787  1.92839  1.48171  5.35787  |||| 442.583 |||| 442.583 
2.09183  2.23906  3.76551  2.09183  2.23906  3.76551  |||| 7.86844 |||| 7.86844 
1.99056  1.02303  5.35495  1.99056  1.02303  5.35495  |||| 25.2264 |||| 25.2264 
0.930688  1.19363  6.83035  0.930688  1.19363  6.83035  |||| 11.8555 |||| 11.8555 
1.95415  1.79303  5.65213  1.95415  1.79303  5.65213  |||| 49.7816 |||| 49.7816 
1.06436  2.14511  6.36121  1.06436  2.14511  6.36121  |||| 12.5813 |||| 12.5813 
2.00658  2.77975  2.49704  2.00658  2.77975  2.49704  |||| 5.31406 |||| 5.31406 
1.51182  1.32915  6.399  1.51182  1.32915  6.399  |||| 8.87888 |||| 8.87888 
1.81152  2.50416  5.21579  1.81152  2.50416  5.21579  |||| 76.1964 |||| 76.1964 
0.823084  0.86224  6.72617  0.823084  0.86224  6.72617  |||| 14.212 |||| 14.212 
2.17662  1.98934  4.79379  2.17662  1.98934  4.79379  |||| 15.7332 |||| 15.7332 
1.38227  1.73545  6.50709  1.38227  1.73545  6.50709  |||| 9.2857 |||| 9.2857 
0.922398  0.922045  6.75166  0.922398  0.922045  6.75166  |||| 39.2174 |||| 39.2174 
0.745888  1.43216  6.57578  0.745888  1.43216  6.57578  |||| 10.8321 |||| 10.8321 
1.9528  2.40616  5.21315  1.9528  2.40616  5.21315  |||| 12.232 |||| 12.232 
0.809796  2.01274  6.48329  0.809796  2.01274  6.48329  |||| 38.405 |||| 38.405 
0.975937  2.89869  5.06104  0.975937  2.89869  5.06104  |||| 111.089 |||| 111.089 
1.03766  3.67286  4.63156  1.03766  3.67286  4.63156  |||| 9.07143 |||| 9.07143 
1.53559  2.76568  5.90359  1.53559  2.76568  5.90359  |||| 21.1553 |||| 21.1553 
1.20155  2.06158  6.45233  1.20155  2.06158  6.45233  |||| 8.83766 |||| 8.83766 
1.62853  1.30777  6.39148  1.62853  1.30777  6.39148  |||| 39.7203 |||| 39.7203 
1.85017  3.74502  2.68799  1.85017  3.74502  2.68799  |||| 12.3394 |||| 12.3394 
1.372  2.13371  6.21313  1.372  2.13371  6.21313  |||| 15.3077 |||| 15.3077 
0.920638  2.66328  5.83263  0.920638  2.66328  5.83263  |||| 32.3936 |||| 32.3936 
1.66027  1.09091  6.03331  1.66027  1.09091  6.03331  |||| 55.7968 |||| 55.7968 
2.55999  1.93818  2.98813  2.55999  1.93818  2.98813  |||| 8.73205 |||| 8.73205 
0.862879  0.766302  6.75006  0.862879  0.766302  6.75006  |||| 19.2741 |||| 19.2741 
1.01915  3.48057  4.91238  1.01915  3.48057  4.91238  |||| 24.8541 |||| 24.8541 
1.42352  3.78863  4.41518  1.42352  3.78863  4.41518  |||| 16.3329 |||| 16.3329 
1.42008  1.70132  5.70153  1.42008  1.70132  5.70153  |||| 7.38729 |||| 7.38729 
0.908985  0.925013  6.81029  0.908985  0.925013  6.81029  |||| 13.9834 |||| 13.9834 
1.71935  1.79926  6.07032  1.71935  1.79926  6.07032  |||| 82.3585 |||| 82.3585 
2.35311  2.56226  3.75887  2.35311  2.56226  3.75887  |||| 370.473 |||| 370.473 
0.816971  1.15206  6.783  0.816971  1.15206  6.783  |||| 12.9583 |||| 12.9583 
0.786029  0.983419  6.76134  0.786029  0.983419  6.76134  |||| 25.2261 |||| 25.2261 
0.704258  0.954311  6.67976  0.704258  0.954311  6.67976  |||| 8.38727 |||| 8.38727 
1.12136  1.182  6.49302  1.12136  1.182  6.49302  |||| 45.8155 |||| 45.8155 
2.2432  2.38206  3.78551  2.2432  2.38206  3.78551  |||| 10.9674 |||| 10.9674 
2.2453  2.93887  2.13607  2.2453  2.93887  2.13607  |||| 11.4176 |||| 11.4176 
1.44457  3.68149  4.51423  1.44457  3.68149  4.51423  |||| 29.1794 |||| 29.1794 
2.18365  1.63451  5.17423  2.18365  1.63451  5.17423  |||| 62.2385 |||| 62.2385 
1.1605  2.18861  6.33238  1.1605  2.18861  6.33238  |||| 9.96905 |||| 9.96905 
2.25474  1.17878  4.79533  2.25474  1.17878  4.79533  |||| 13.6078 |||| 13.6078 
2.19579  3.26332  3.22202  2.19579  3.26332  3.22202  |||| 15.8567 |||| 15.8567 
0.810495  1.14894  6.77844  0.810495  1.14894  6.77844  |||| 31.1141 |||| 31.1141 
1.49312  1.64432  6.10283  1.49312  1.64432  6.10283  |||| 8.94169 |||| 8.94169 
1.23522  1.46494  6.39667  1.23522  1.46494  6.39667  |||| 12.5102 |||| 12.5102 
2.02231  1.8835  5.35453  2.02231  1.8835  5.35453  |||| 22.7087 |||| 22.7087 
1.67205  1.77426  6.1494  1.67205  1.77426  6.1494  |||| 133.819 |||| 133.819 
0.72016  0.987452  6.69619  0.72016  0.987452  6.69619  |||| 10.75 |||| 10.75 
2.04384  2.13733  4.50446  2.04384  2.13733  4.50446  |||| 18.6105 |||| 18.6105 
2.33442  2.49257  3.14713  2.33442  2.49257  3.14713  |||| 23.6888 |||| 23.6888 
0.559555  0.790942  6.52962  0.559555  0.790942  6.52962  |||| 33.587 |||| 33.587 
2.31972  2.87385  3.11344  2.31972  2.87385  3.11344  |||| 27.4173 |||| 27.4173 
0.933894  2.09724  6.39895  0.933894  2.09724  6.39895  |||| 12.8154 |||| 12.8154 
1.45283  2.54302  5.90989  1.45283  2.54302  5.90989  |||| 21.8935 |||| 21.8935 
0.814383  1.17067  6.75943  0.814383  1.17067  6.75943  |||| 55.3835 |||| 55.3835 
0.821025  0.99204  6.78132  0.821025  0.99204  6.78132  |||| 9.33559 |||| 9.33559 
1.90792  3.58544  3.97508  1.90792  3.58544  3.97508  |||| 35.8969 |||| 35.8969 
1.51575  2.72292  5.68158  1.51575  2.72292  5.68158  |||| 30.0274 |||| 30.0274 
1.8496  1.57474  6.08333  1.8496  1.57474  6.08333  |||| 47.1894 |||| 47.1894 
1.95108  3.18671  2.36232  1.95108  3.18671  2.36232  |||| 62.1543 |||| 62.1543 
1.30756  2.1439  6.14678  1.30756  2.1439  6.14678  |||| 44.7809 |||| 44.7809 
0.912495  3.62591  4.86787  0.912495  3.62591  4.86787  |||| 123.613 |||| 123.613 
0.641657  1.43125  6.49517  0.641657  1.43125  6.49517  |||| 218.36 |||| 218.36 
2.69729  1.30875  2.23746  2.69729  1.30875  2.23746  |||| 854.456 |||| 854.456 
2.00446  0.111528  0.25892  2.01479  0.444231  0.290217  |||| 985.298 |||| 4312.33 
0.1119  3.99851  0.251855  2.01808  0.446216  0.276894  |||| 972.876 |||| 20034.7 
0.0981016  0.0964837  5.99594  0.112238  0.110304  6.00187  |||| 834.889 |||| 976.254 
2.00447  0.111527  0.258596  1.99074  0.432579  0.999768  |||| 2.74471 |||| 23.2677 
2.00238  0.224614  0.235005  2.00878  0.228511  0.261454  |||| 2.27006 |||| 3.11843 
2.00047  0.111251  0.459187  0.250228  3.98155  0.262943  |||| 2.44805 |||| 98.8799 
1.99473  0.419235  0.221687  2.00393  0.463486  0.423552  |||| 2.44445 |||| 10.9098 
1.99716  0.217001  0.504564  1.97707  0.809221  0.608523  |||| 2.52678 |||| 9.85786 
1.99299  0.399448  0.396315  1.99476  0.398538  0.399197  |||| 2.59671 |||| 2.62826 
1.98688  0.110608  0.839666  1.98511  0.121699  0.877654  |||| 3.01656 |||| 3.35933 
1.97376  0.72042  0.211579  1.95562  0.455825  1.4513  |||| 2.71374 |||| 74.0431 
1.98752  0.375646  0.631127  1.98969  0.457014  0.861055  |||| 2.80252 |||| 4.18318 
1.97741  0.627516  0.443583  1.98925  0.122439  0.877505  |||| 2.85685 |||| 7.29059 
1.98011  0.193677  0.94748  1.66902  2.29575  0.435221  |||| 2.92926 |||| 37.004 
1.95951  0.842832  0.355847  1.97421  0.787167  0.551883  |||| 2.96624 |||| 6.00025 
1.97597  0.356087  0.919645  1.98326  0.415717  1.15462  |||| 3.05974 |||| 4.01185 
1.96662  0.666358  0.672662  1.92114  1.22069  0.641296  |||| 3.11355 |||| 5.75509 
1.9357  0.107992  1.58729  1.9635  0.127602  1.43432  |||| 3.93113 |||| 4.74266 
1.90967  1.23497  0.19071  0.510316  2.04096  5.03094  |||| 3.15707 |||| 389.567 
1.95757  0.652271  0.888989  1.9871  0.70567  0.383042  |||| 3.3068 |||| 3.58287 
1.9301  1.02951  0.562143  1.93917  1.01701  0.594064  |||| 3.32983 |||| 3.5958 
1.94789  0.339773  1.33519  1.97054  0.406076  1.3893  |||| 3.43217 |||| 4.11463 
1.89475  1.30235  0.403003  1.7157  1.72399  2.00739  |||| 3.4083 |||| 26.3055 
1.94274  0.576745  1.24116  1.16981  3.11543  1.55993  |||| 3.56875 |||| 19.6322 
1.91987  1.01931  0.853024  1.88628  1.28345  1.15643  |||| 3.60024 |||| 5.18623 
1.91803  0.178069  1.76713  1.94309  0.667263  1.45339  |||| 3.67186 |||| 14.4903 
1.83567  1.61267  0.329282  0.745102  0.0653558  5.58427  |||| 3.58623 |||| 117.452 
1.91878  0.794419  1.30677  1.92181  0.799207  1.30433  |||| 3.82803 |||| 3.85077 
1.87801  1.29972  0.838074  1.91142  1.24272  0.760397  |||| 3.82412 |||| 3.89269 
1.89721  0.334536  1.90385  1.65619  1.82392  2.13422  |||| 3.94411 |||| 22.1739 
1.82673  1.62377  0.61561  2.00296  0.147812  0.666538  |||| 3.87579 |||| 4.31025 
1.89389  0.638591  1.76327  1.90904  0.664701  1.70504  |||| 4.10365 |||| 4.27484 
1.86675  1.22264  1.23186  1.87617  1.20142  1.22082  |||| 4.12939 |||| 4.1504 
1.76927  0.099336  2.84109  1.72754  0.141386  3.14454  |||| 4.92726 |||| 7.32675 
1.68282  2.18829  0.175872  1.99011  0.698454  0.187513  |||| 3.8783 |||| 4.59271 
1.84666  1.23259  1.46275  1.80235  1.53089  1.44083  |||| 4.34996 |||| 5.41383 
1.76205  1.84198  0.825908  1.7851  1.80678  0.865786  |||| 4.23799 |||| 4.49247 
1.83851  0.643673  2.22715  1.98597  0.723797  0.290748  |||| 4.51886 |||| 5.08523 
1.67442  2.19731  0.517547  2.0147  0.162595  0.600177  |||| 4.20164 |||| 5.12115 
1.82358  1.045  2.00279  2.01291  0.189562  0.512076  |||| 4.68135 |||| 5.16922 
1.75431  1.75572  1.28145  1.17454  3.16647  1.30436  |||| 4.59957 |||| 8.32291 
1.76546  0.339009  2.81967  1.73136  0.32528  3.13128  |||| 4.7321 |||| 5.28744 
1.55812  2.52219  0.376364  2.02422  0.165395  0.441333  |||| 4.26541 |||| 5.55346 
1.7665  1.36265  2.014  1.76654  1.36316  2.01505  |||| 4.95111 |||| 4.95378 
1.6627  2.10673  1.18694  1.43114  2.75906  1.09349  |||| 4.7645 |||| 6.24862 
1.7279  0.589218  2.94241  2.01648  0.203875  0.540964  |||| 5.06778 |||| 5.92136 
1.55126  2.49538  0.797207  1.99272  0.158378  0.828717  |||| 4.65181 |||| 5.98822 
1.72201  1.0771  2.68407  2.02595  0.164493  0.364504  |||| 5.29196 |||| 6.23324 
1.64987  1.95665  1.77495  1.5912  2.1863  1.73714  |||| 5.18946 |||| 5.80248 
1.60982  0.180819  3.58651  0.956327  0.164965  5.37983  |||| 5.18554 |||| 7.90297 
1.34663  2.97223  0.306065  2.01136  0.224804  0.411495  |||| 4.43678 |||| 7.52966 
1.62808  1.77803  2.29469  1.63321  1.81463  2.31968  |||| 5.50871 |||| 5.62294 
1.47904  2.58787  1.25082  0.647021  3.70171  1.28325  |||| 5.12682 |||| 7.34388 
1.59717  0.846024  3.43236  2.0196  0.170654  0.305689  |||| 5.68374 |||| 7.20023 
1.33605  2.95147  0.774371  1.33888  2.94754  0.83884  |||| 4.86983 |||| 5.3845 
1.57287  1.43568  3.07357  2.01519  0.178968  0.22481  |||| 5.89551 |||| 7.56902 
1.46673  2.43576  1.93245  1.47938  2.42916  1.93295  |||| 5.64285 |||| 5.692 
1.45199  0.310162  4.13059  1.37367  0.293782  4.36677  |||| 5.73962 |||| 6.08133 
1.17704  3.22794  0.559272  1.56402  2.52301  0.97737  |||| 4.77219 |||| 9.82514 
1.47266  1.84865  3.02481  1.98928  0.262754  1.06512  |||| 6.15732 |||| 8.33898 
1.31819  2.80836  1.73206  1.16549  2.47554  3.21589  |||| 5.66743 |||| 11.0281 
1.38317  0.673987  4.25258  1.37705  0.685579  4.26622  |||| 6.12574 |||| 6.15871 
1.16103  3.18459  1.13468  1.18036  3.25578  0.539576  |||| 5.28919 |||| 5.4079 
1.3707  1.36643  3.90589  1.23296  1.37741  4.29046  |||| 6.45175 |||| 7.11401 
1.28567  2.57463  2.56774  2.01958  0.127023  0.205849  |||| 6.23923 |||| 9.84051 
1.18586  0.0759658  4.85517  1.94032  1.04181  0.881477  |||| 5.93641 |||| 82.0281 
0.870679  3.61365  0.19084  2.01365  0.120684  0.192839  |||| 4.48524 |||| 10.4716 
1.20602  2.60314  2.83778  1.24231  2.53688  2.83259  |||| 6.45574 |||| 6.65215 
0.997075  3.37431  1.33155  1.95691  0.611283  1.2082  |||| 5.51143 |||| 10.8959 
1.1816  1.37346  4.42147  1.20977  1.59892  4.29145  |||| 6.78442 |||| 7.90872 
0.840094  3.61452  0.713888  0.787987  3.6611  0.711769  |||| 4.97859 |||| 5.04299 
1.11712  2.14381  3.83692  1.33646  2.28966  2.9872  |||| 6.90585 |||| 8.27956 
0.958867  3.22587  2.15725  0.969679  3.21211  2.18822  |||| 6.14993 |||| 6.24533 
0.990049  0.673749  5.14267  1.0163  0.727057  5.15649  |||| 6.61442 |||| 7.14734 
0.679369  3.76429  0.446289  0.588754  3.81262  0.644693  |||| 4.69977 |||| 7.95446 
0.956378  2.59561  3.59237  0.990655  2.51893  3.69814  |||| 6.95228 |||| 7.20518 
0.777374  3.49762  1.80662  0.120433  3.88015  1.55819  |||| 5.88965 |||| 6.53619 
0.875017  1.10905  5.16829  0.845777  1.13812  5.23295  |||| 6.96028 |||| 7.14484 
0.632955  3.74243  1.06949  1.9413  1.2198  0.371561  |||| 5.25325 |||| 16.3614 
0.823082  1.96745  4.62467  1.22577  2.78305  2.49252  |||| 7.22314 |||| 10.8202 
0.711991  3.2746  2.78203  2.01415  0.141681  0.258688  |||| 6.57836 |||| 18.8371 
0.662959  0.330225  5.65757  1.9689  0.34982  1.11918  |||| 6.45937 |||| 19.4648 
0.438491  3.90797  0.320221  2.01746  0.175862  0.280148  |||| 4.47726 |||| 21.1518 
0.638207  2.95488  3.60502  0.681907  2.90714  3.62096  |||| 7.00602 |||| 7.49657 
0.489383  3.72402  1.67335  1.69751  0.600105  3.22016  |||| 5.69468 |||| 20.1853 
0.570122  1.40269  5.36303  0.620875  1.41079  5.34863  |||| 7.14378 |||| 7.79598 
0.375462  3.89114  0.925352  2.00417  0.16595  0.962779  |||| 5.00027 |||| 27.5587 
0.502238  2.30684  4.69883  0.516143  2.30848  4.71867  |||| 7.31582 |||| 7.52434 
0.403578  3.51332  2.63807  0.923498  3.16636  2.56526  |||| 6.36299 |||| 14.8637 
0.380813  0.546334  5.84231  0.381518  0.545755  5.84204  |||| 6.57783 |||| 6.59029 
0.246108  3.95966  0.610605  2.00764  0.21453  0.653761  |||| 4.62513 |||| 39.6775 
0.33041  2.7412  4.2832  2.03236  0.144419  0.286666  |||| 7.16853 |||| 45.0202 
0.246864  3.71257  2.16967  0.289216  3.9951  0.378076  |||| 5.93961 |||| 6.96301 
0.24682  0.992585  5.78476  0.250331  1.8853  5.29951  |||| 6.83284 |||| 13.0585 
0.163063  3.89764  1.30216  0.177514  3.90725  1.32244  |||| 5.17132 |||| 5.66334 
0.179847  1.9278  5.25141  2.01315  0.156645  0.409025  |||| 7.17101 |||| 85.148 
0.131208  3.37652  3.22566  1.97851  0.904007  0.227789  |||| 6.545 |||| 107.865 
0.0913519  0.152901  5.9944  0.0955173  0.155805  5.99819  |||| 6.04826 |||| 6.23749 
0.111892  3.99819  0.263721  1.83239  0.168673  2.57745  |||| 12.5327 |||| 234.187 
0.0420042  1.26208  5.70639  0.132799  4.01666  0.293171  |||| 10.6149 |||| 45.797 
