0.518687  2.13926  6.00397  0.518687  2.13926  6.00397  |||| 53091.2 |||| 53091.2 
1.0316  2.19705  5.96696  1.0316  2.19705  5.96696  |||| 52721 |||| 52721 
0.653902  1.38853  6.31152  0.653902  1.38853  6.31152  |||| 8729.37 |||| 8729.37 
1.7002  2.53114  4.0671  1.7002  2.53114  4.0671  |||| 93.94 |||| 93.94 
0.644033  1.10687  6.53989  0.644033  1.10687  6.53989  |||| 188.013 |||| 188.013 
1.74063  2.66059  3.8272  1.74063  2.66059  3.8272  |||| 53.4444 |||| 53.4444 
0.626617  0.62662  6.62662  0.626617  0.62662  6.62662  |||| 249.819 |||| 249.819 
1.01935  3.2667  4.19505  1.01935  3.2667  4.19505  |||| 34.0609 |||| 34.0609 
1.75911  1.40972  5.56632  1.75911  1.40972  5.56632  |||| 54.5548 |||| 54.5548 
1.31198  2.1754  5.69128  1.31198  2.1754  5.69128  |||| 51.2952 |||| 51.2952 
0.526317  0.57031  6.49208  0.526317  0.57031  6.49208  |||| 333.576 |||| 333.576 
2.17212  1.64931  3.60419  2.17212  1.64931  3.60419  |||| 17.4722 |||| 17.4722 
0.806084  1.29235  6.29936  0.806084  1.29235  6.29936  |||| 57.3075 |||| 57.3075 
1.65451  2.60191  4.36884  1.65451  2.60191  4.36884  |||| 33.8198 |||| 33.8198 
1.85142  3.00245  2.73016  1.85142  3.00245  2.73016  |||| 31.5258 |||| 31.5258 
1.71374  2.71524  3.48714  1.71374  2.71524  3.48714  |||| 19.608 |||| 19.608 
0.626788  0.625438  6.58975  0.626788  0.625438  6.58975  |||| 36.1174 |||| 36.1174 
0.547847  0.548307  6.54785  0.547847  0.548307  6.54785  |||| 16.1476 |||| 16.1476 
2.11984  2.26742  1.88119  2.11984  2.26742  1.88119  |||| 94.9687 |||| 94.9687 
2.14673  1.90291  3.08351  2.14673  1.90291  3.08351  |||| 10.9018 |||| 10.9018 
0.857069  1.86514  5.9498  0.857069  1.86514  5.9498  |||| 43.9888 |||| 43.9888 
1.69855  2.49763  4.22018  1.69855  2.49763  4.22018  |||| 20.7474 |||| 20.7474 
1.22057  1.26359  5.83411  1.22057  1.26359  5.83411  |||| 73.3583 |||| 73.3583 
1.21845  3.96972  2.4594  1.21845  3.96972  2.4594  |||| 21.8577 |||| 21.8577 
1.14628  3.43193  4.02261  1.14628  3.43193  4.02261  |||| 17.399 |||| 17.399 
0.646258  3.01481  5.48128  0.646258  3.01481  5.48128  |||| 55.3512 |||| 55.3512 
0.510837  1.04087  6.39706  0.510837  1.04087  6.39706  |||| 123.573 |||| 123.573 
1.19955  2.81857  4.99146  1.19955  2.81857  4.99146  |||| 14.3988 |||| 14.3988 
0.550775  0.583218  6.54445  0.550775  0.583218  6.54445  |||| 33.1894 |||| 33.1894 
0.744805  1.68117  6.19687  0.744805  1.68117  6.19687  |||| 14.272 |||| 14.272 
0.985823  4.01554  2.83455  0.985823  4.01554  2.83455  |||| 18.3706 |||| 18.3706 
1.23809  3.96216  3.13956  1.23809  3.96216  3.13956  |||| 22.6077 |||| 22.6077 
1.38768  2.90583  4.43955  1.38768  2.90583  4.43955  |||| 14.4861 |||| 14.4861 
1.17567  0.954615  6.02883  1.17567  0.954615  6.02883  |||| 25.0539 |||| 25.0539 
0.680609  1.04341  6.53486  0.680609  1.04341  6.53486  |||| 655.879 |||| 655.879 
1.63318  2.76266  3.97448  1.63318  2.76266  3.97448  |||| 10.9884 |||| 10.9884 
0.934375  2.66203  5.66595  0.934375  2.66203  5.66595  |||| 31.8454 |||| 31.8454 
2.39412  1.75152  0.694855  2.39412  1.75152  0.694855  |||| 8.84215 |||| 8.84215 
0.646561  1.44359  6.35468  0.646561  1.44359  6.35468  |||| 66.5292 |||| 66.5292 
0.546945  2.96466  5.15232  0.546945  2.96466  5.15232  |||| 11.3429 |||| 11.3429 
0.689276  1.51021  5.98254  0.689276  1.51021  5.98254  |||| 21.7709 |||| 21.7709 
0.581708  0.677288  6.48819  0.581708  0.677288  6.48819  |||| 10.325 |||| 10.325 
2.00416  2.15354  3.49159  2.00416  2.15354  3.49159  |||| 56.0982 |||| 56.0982 
0.567915  0.568876  6.56758  0.567915  0.568876  6.56758  |||| 15.7208 |||| 15.7208 
1.61222  3.07923  2.90163  1.61222  3.07923  2.90163  |||| 10.282 |||| 10.282 
1.86594  1.58125  4.53314  1.86594  1.58125  4.53314  |||| 9.36691 |||| 9.36691 
0.50902  0.529333  6.50663  0.50902  0.529333  6.50663  |||| 42.7255 |||| 42.7255 
0.500612  0.601148  6.49765  0.500612  0.601148  6.49765  |||| 12.1846 |||| 12.1846 
1.376  1.60081  5.49165  1.376  1.60081  5.49165  |||| 15.4566 |||| 15.4566 
0.460557  0.655544  6.45342  0.460557  0.655544  6.45342  |||| 8.72618 |||| 8.72618 
0.480272  0.947659  6.42174  0.480272  0.947659  6.42174  |||| 174.589 |||| 174.589 
1.74893  3.06064  3.50145  1.74893  3.06064  3.50145  |||| 7.94316 |||| 7.94316 
1.32172  2.55321  4.81841  1.32172  2.55321  4.81841  |||| 19.4439 |||| 19.4439 
1.77836  3.12514  2.29889  1.77836  3.12514  2.29889  |||| 17.805 |||| 17.805 
0.616925  0.959586  6.53361  0.616925  0.959586  6.53361  |||| 46.622 |||| 46.622 
0.682368  1.49364  6.49425  0.682368  1.49364  6.49425  |||| 11.7327 |||| 11.7327 
0.684588  0.806479  6.556  0.684588  0.806479  6.556  |||| 18.7072 |||| 18.7072 
0.54115  1.36821  6.39209  0.54115  1.36821  6.39209  |||| 14.5597 |||| 14.5597 
0.890869  2.75143  5.33052  0.890869  2.75143  5.33052  |||| 56.0316 |||| 56.0316 
1.16356  1.82147  5.89915  1.16356  1.82147  5.89915  |||| 11.1902 |||| 11.1902 
0.516205  0.516205  6.5162  0.516205  0.516205  6.5162  |||| 21.0391 |||| 21.0391 
0.612914  2.61314  5.74576  0.612914  2.61314  5.74576  |||| 19.2069 |||| 19.2069 
1.10083  1.99009  5.8065  1.10083  1.99009  5.8065  |||| 27.847 |||| 27.847 
1.36864  1.5687  5.10986  1.36864  1.5687  5.10986  |||| 7.6124 |||| 7.6124 
0.515508  0.515591  6.5155  0.515508  0.515591  6.5155  |||| 15.0917 |||| 15.0917 
1.10653  4.17032  2.17138  1.10653  4.17032  2.17138  |||| 291.394 |||| 291.394 
1.05272  2.24645  5.94933  1.05272  2.24645  5.94933  |||| 831.262 |||| 831.262 
0.49635  0.522097  6.49619  0.49635  0.522097  6.49619  |||| 14.0098 |||| 14.0098 
0.602757  0.603919  6.60275  0.602757  0.603919  6.60275  |||| 27.8865 |||| 27.8865 
0.473257  3.28145  4.72299  0.473257  3.28145  4.72299  |||| 13.7928 |||| 13.7928 
1.3199  4.24568  1.26611  1.3199  4.24568  1.26611  |||| 5.34718 |||| 5.34718 
1.36233  2.47489  5.00711  1.36233  2.47489  5.00711  |||| 8.10904 |||| 8.10904 
1.04829  3.38494  4.30744  1.04829  3.38494  4.30744  |||| 11.1487 |||| 11.1487 
1.37886  2.86667  4.21007  1.37886  2.86667  4.21007  |||| 23.533 |||| 23.533 
0.91815  2.45676  5.64728  0.91815  2.45676  5.64728  |||| 82.0386 |||| 82.0386 
0.671342  3.00765  5.24886  0.671342  3.00765  5.24886  |||| 9.23628 |||| 9.23628 
1.6846  1.9216  4.81239  1.6846  1.9216  4.81239  |||| 14.7674 |||| 14.7674 
0.943043  2.09424  5.80498  0.943043  2.09424  5.80498  |||| 10.0248 |||| 10.0248 
0.631725  0.669352  6.63146  0.631725  0.669352  6.63146  |||| 34.4524 |||| 34.4524 
1.9906  2.89179  1.96844  1.9906  2.89179  1.96844  |||| 13.9126 |||| 13.9126 
1.32617  2.24313  4.99106  1.32617  2.24313  4.99106  |||| 10.7933 |||| 10.7933 
0.885254  2.48069  5.43527  0.885254  2.48069  5.43527  |||| 39.9436 |||| 39.9436 
0.468533  0.660441  6.36653  0.468533  0.660441  6.36653  |||| 160.381 |||| 160.381 
0.555696  0.568212  6.55565  0.555696  0.568212  6.55565  |||| 11.9345 |||| 11.9345 
1.10257  1.84116  5.62523  1.10257  1.84116  5.62523  |||| 18.6078 |||| 18.6078 
0.864965  3.68198  3.84759  0.864965  3.68198  3.84759  |||| 16.2768 |||| 16.2768 
0.615023  0.622804  6.61495  0.615023  0.622804  6.61495  |||| 38.8922 |||| 38.8922 
1.65158  1.71749  5.17975  1.65158  1.71749  5.17975  |||| 18.2777 |||| 18.2777 
0.651766  0.777889  6.53404  0.651766  0.777889  6.53404  |||| 15.0207 |||| 15.0207 
1.44965  3.34911  3.187  1.44965  3.34911  3.187  |||| 34.9157 |||| 34.9157 
0.43329  3.19567  4.71757  0.43329  3.19567  4.71757  |||| 41.7031 |||| 41.7031 
0.517935  0.518364  6.51792  0.517935  0.518364  6.51792  |||| 10.1341 |||| 10.1341 
0.756363  3.54142  4.47769  0.756363  3.54142  4.47769  |||| 11.2018 |||| 11.2018 
1.87798  3.29746  1.82739  1.87798  3.29746  1.82739  |||| 42.3834 |||| 42.3834 
0.898104  2.62297  5.32017  0.898104  2.62297  5.32017  |||| 21.0198 |||| 21.0198 
1.85069  1.21197  4.35097  1.85069  1.21197  4.35097  |||| 60.3888 |||| 60.3888 
0.643477  0.713801  6.50839  0.643477  0.713801  6.50839  |||| 12.4251 |||| 12.4251 
0.53196  1.08529  6.47022  0.53196  1.08529  6.47022  |||| 24.6267 |||| 24.6267 
0.565935  3.2435  5.02305  0.565935  3.2435  5.02305  |||| 186.114 |||| 186.114 
0.726798  1.82275  6.14864  0.726798  1.82275  6.14864  |||| 113.734 |||| 113.734 
2.00001  0.000205208  1.29406e-05  2.0044  0.0104899  0.140324  |||| 1.99999 |||| 1403.11 
2.12715e-05  4.00002  0.000270148  0.643705  3.79008  0.00174073  |||| 4.00001 |||| 6436.83 
0.000446435  0.000272779  6.00003  0.0767081  0.0469538  5.99866  |||| 6.00001 |||| 766.868 
1.9995  0.077313  0.0770819  1.98925  0.418522  0.000218769  |||| 2.15414 |||| 11.6583 
1.99711  0.212715  0.0707405  1.99539  0.212538  0.259388  |||| 2.2807 |||| 8.34313 
1.99728  0.0954338  0.286465  1.98052  0.451999  0.526397  |||| 2.37921 |||| 11.2616 
1.98956  0.408225  0.0580216  1.99424  0.370314  0.00270305  |||| 2.45609 |||| 2.46186 
1.99434  0.205281  0.342135  1.97257  0.627181  0.327649  |||| 2.54178 |||| 7.76483 
1.98926  0.388558  0.232959  1.98969  0.389905  0.232477  |||| 2.61096 |||| 2.6198 
1.98935  0.0866708  0.607968  1.9889  0.000108284  0.634476  |||| 2.68416 |||| 2.80109 
1.96825  0.710692  0.0463649  1.96198  0.778759  0.0455209  |||| 2.72632 |||| 2.98731 
1.98579  0.365321  0.469652  1.98892  0.496576  0.281188  |||| 2.82078 |||| 3.83417 
1.974  0.617957  0.280934  1.97426  0.600895  0.342293  |||| 2.87312 |||| 3.4999 
1.98078  0.182082  0.789121  1.92343  1.09948  0.148791  |||| 2.95199 |||| 17.8227 
1.95521  0.834196  0.19242  1.97393  0.638495  0.197479  |||| 2.98193 |||| 3.05865 
1.97658  0.34591  0.76097  1.98221  0.00307298  0.867429  |||| 3.08346 |||| 3.51468 
1.96562  0.657884  0.511557  1.95775  0.652854  0.746802  |||| 3.13524 |||| 4.5755 
1.96222  0.0772813  1.15954  1.97265  0.158619  1.07474  |||| 3.19906 |||| 6.56359 
1.90364  1.22809  0.0381716  1.90347  1.228  0.0926065  |||| 3.17134 |||| 7.41231 
1.95922  0.644602  0.730588  1.96418  0.607983  0.680723  |||| 3.33445 |||| 3.34289 
1.92915  1.02375  0.400593  1.94363  0.892531  0.472731  |||| 3.35355 |||| 3.95709 
1.95416  0.331416  1.18362  1.96184  0.354021  1.09695  |||| 3.46919 |||| 3.70566 
1.89067  1.29657  0.239944  1.91343  1.14563  0.444388  |||| 3.42736 |||| 6.34305 
1.94675  0.569281  1.08704  1.94797  0.666948  0.942232  |||| 3.60316 |||| 4.22036 
1.92132  1.0148  0.694193  1.91489  1.04949  0.739051  |||| 3.63055 |||| 3.86403 
1.92437  0.167314  1.62016  1.93956  0.0762705  1.48717  |||| 3.71224 |||| 3.74154 
1.83093  1.60835  0.1656  1.83208  1.6038  0.152168  |||| 3.60562 |||| 3.60789 
1.92321  0.789314  1.15368  1.92602  0.774068  1.14673  |||| 3.86626 |||| 3.87192 
1.87899  1.29743  0.679487  1.89346  1.2104  0.678855  |||| 3.85607 |||| 3.88578 
1.90551  0.325967  1.76052  1.8125  0.787763  2.28516  |||| 3.99206 |||| 9.64565 
1.82259  1.62153  0.453567  1.81973  1.67507  0.456911  |||| 3.89815 |||| 4.02679 
1.90075  0.632546  1.61692  1.91894  0.61992  1.42802  |||| 4.15049 |||| 4.19022 
1.87077  1.22191  1.07818  1.86358  1.31725  1.00695  |||| 4.17088 |||| 4.49612 
1.84949  0.0734929  2.28721  1.83916  0.0947663  2.35916  |||| 4.21046 |||| 5.4073 
1.67578  2.18542  0.0342991  1.62957  2.32132  0.034163  |||| 3.89587 |||| 4.13811 
1.85254  1.23321  1.31282  1.85025  1.24743  1.31208  |||| 4.39858 |||| 4.44911 
1.76169  1.8439  0.666924  1.76924  1.84211  0.669534  |||| 4.2725 |||| 4.29082 
1.84806  0.63996  2.09059  1.87077  0.633779  1.96869  |||| 4.57868 |||| 4.63493 
1.66848  2.19579  0.359303  1.67149  2.19927  0.37017  |||| 4.22355 |||| 4.35106 
1.83023  1.04366  1.8605  1.88193  0.649333  1.79888  |||| 4.7344 |||| 4.86814 
1.75724  1.7603  1.1284  1.75205  1.76433  1.18743  |||| 4.6459 |||| 4.88893 
1.77971  0.331372  2.69885  1.82916  0.425541  2.3497  |||| 4.81004 |||| 6.1754 
1.552  2.52305  0.213785  1.54811  2.56096  0.300426  |||| 4.28884 |||| 6.02582 
1.77448  1.36706  1.87339  1.79085  1.30512  1.83271  |||| 5.0149 |||| 5.06117 
1.6644  2.11452  1.03262  1.68429  2.06399  0.968246  |||| 4.81159 |||| 4.8691 
1.74144  0.585929  2.82317  1.74582  0.502258  2.83614  |||| 5.15098 |||| 5.17394 
1.54799  2.50068  0.637412  1.53854  2.5304  0.650077  |||| 4.68607 |||| 4.77897 
1.73004  1.07806  2.55329  1.75574  0.982265  2.4813  |||| 5.3614 |||| 5.44104 
1.65605  1.96835  1.63084  1.6576  1.96425  1.62791  |||| 5.25535 |||| 5.26028 
1.6261  0.170748  3.48827  1.68685  0.147182  3.26912  |||| 5.2859 |||| 5.48337 
1.33843  2.97344  0.145823  1.30366  3.04009  0.188875  |||| 4.45808 |||| 5.75764 
1.63849  1.79232  2.16319  1.57404  2.02732  2.12645  |||| 5.59408 |||| 6.32727 
1.47784  2.59858  1.09657  1.50507  2.52922  1.12739  |||| 5.17368 |||| 5.31592 
1.61122  0.847931  3.32694  1.50855  0.727904  3.7982  |||| 5.7862 |||| 6.60582 
1.33108  2.95994  0.614058  1.32981  2.9745  0.459943  |||| 4.90532 |||| 4.92945 
1.58421  1.44655  2.96261  1.58672  1.46063  2.99154  |||| 5.99362 |||| 6.05216 
1.46837  2.44985  1.78772  1.46779  2.45759  1.77868  |||| 5.70592 |||| 5.72394 
1.46777  0.343041  4.05  1.46316  0.332627  4.06694  |||| 5.86097 |||| 5.88549 
1.17042  3.23699  0.397517  1.07595  3.35906  0.565091  |||| 4.8049 |||| 6.83015 
1.48214  1.86594  2.9109  1.48784  1.75153  3.04391  |||| 6.25897 |||| 6.54496 
1.31849  2.82652  1.58528  1.31329  2.79249  1.75339  |||| 5.73057 |||| 6.33694 
1.39879  0.683755  4.17848  1.39796  0.698389  4.17559  |||| 6.26101 |||| 6.39492 
1.1574  3.20115  0.979787  1.08614  3.30378  0.989908  |||| 5.33846 |||| 5.50961 
1.38333  1.38007  3.81594  1.30436  1.32557  4.09945  |||| 6.57948 |||| 7.06828 
1.28963  2.59865  2.44077  1.3065  2.63537  2.26519  |||| 6.32947 |||| 6.4188 
1.19948  0.0750329  4.80366  0.940963  0.148856  5.31307  |||| 6.0794 |||| 11.8674 
0.859022  3.61247  0.0252388  0.962145  3.51504  0.00397301  |||| 4.49995 |||| 5.03988 
1.20991  2.63109  2.7147  1.19464  2.70509  2.61006  |||| 6.55573 |||| 6.73992 
0.991193  3.39126  1.17803  0.873846  3.48096  1.43295  |||| 5.56047 |||| 6.76374 
1.19324  1.39098  4.35274  1.21347  1.27739  4.41947  |||| 6.93704 |||| 7.05452 
0.830115  3.62162  0.554592  0.780296  3.67294  0.431966  |||| 5.00636 |||| 5.0773 
1.12757  2.17921  3.75568  1.09861  2.11884  3.90742  |||| 7.06255 |||| 7.34774 
0.956119  3.25323  2.01773  0.94902  3.2442  2.0795  |||| 6.22714 |||| 6.41746 
0.999683  0.67639  5.10172  0.975934  0.535412  5.17995  |||| 6.77865 |||| 6.88253 
0.66755  3.76685  0.284746  0.676516  3.76245  0.258582  |||| 4.71929 |||| 4.78268 
0.9609  2.63504  3.49739  0.947044  2.69089  3.43525  |||| 7.09332 |||| 7.24368 
0.771838  3.52581  1.66155  0.691832  3.63211  1.47991  |||| 5.95923 |||| 6.1389 
0.881029  1.1222  5.12341  0.788612  0.875568  5.36153  |||| 7.12674 |||| 7.4579 
0.622701  3.75419  0.911233  0.628476  3.77726  0.645511  |||| 5.28817 |||| 5.33683 
0.828516  2.00312  4.5714  0.856763  1.96033  4.58124  |||| 7.40326 |||| 7.65393 
0.706631  3.30207  2.65077  0.70074  3.25207  2.79986  |||| 6.65996 |||| 7.03403 
0.665728  0.326183  5.63862  0.665188  0.328289  5.64256  |||| 6.63052 |||| 6.6727 
0.425276  3.90739  0.15828  0.48644  3.87942  0.243321  |||| 4.49151 |||| 6.88016 
0.634804  2.99495  3.50254  0.591515  3.05518  3.45315  |||| 7.13238 |||| 7.27581 
0.479552  3.75052  1.52447  0.871493  3.24851  2.35969  |||| 5.75527 |||| 10.4528 
0.570894  1.4281  5.34203  0.697332  1.64887  5.06303  |||| 7.34105 |||| 8.96678 
0.363174  3.90177  0.765667  0.363223  3.90227  0.762351  |||| 5.03071 |||| 5.03135 
0.498247  2.34413  4.63381  0.48083  2.37671  4.61611  |||| 7.47628 |||| 7.58004 
0.394495  3.54916  2.50804  0.39095  3.51917  2.60661  |||| 6.45171 |||| 6.70519 
0.376378  0.548681  5.83641  0.378813  0.552234  5.83424  |||| 6.76156 |||| 6.80468 
0.23319  3.96227  0.447867  0.227246  3.97989  0.173567  |||| 4.6434 |||| 4.66406 
0.327743  2.78298  4.20174  0.262065  2.89709  4.10286  |||| 7.31243 |||| 7.61227 
0.236381  3.73686  2.02593  0.148457  3.81013  1.82064  |||| 5.99944 |||| 6.11709 
0.239092  1.00561  5.76933  0.15751  0.897722  5.83369  |||| 7.01406 |||| 7.09231 
0.149835  3.91567  1.147  0.106219  3.9185  1.16864  |||| 5.2126 |||| 5.31082 
0.172277  1.95973  5.20776  0.158384  2.01489  5.17155  |||| 7.33993 |||| 7.54581 
0.120993  3.41565  3.10978  0.0025476  3.48391  2.95603  |||| 6.64641 |||| 6.77923 
0.080626  0.143806  5.99147  0.0812902  0.141678  5.9915  |||| 6.21587 |||| 6.26558 
0.0320346  3.9991  0.0959856  0.0154365  4.00169  0.34387  |||| 4.1271 |||| 14.786 
0.0169488  3.22912  3.54674  0.13561  3.25254  3.48849  |||| 6.79337 |||| 52.5405 
