80.5229  54.9624  79.134  80.5229  54.9624  79.134  |||| 766241 |||| 766241 
145.73  99.4384  6.16354  145.73  99.4384  6.16354  |||| 1.45082e+06 |||| 1.45082e+06 
67.6067  63.0579  265.395  67.6067  63.0579  265.395  |||| 669580 |||| 669580 
40.0568  47.72  152.448  40.0568  47.72  152.448  |||| 4176.79 |||| 4176.79 
8.58926  17.2277  353.858  8.58926  17.2277  353.858  |||| 11301.5 |||| 11301.5 
72.0045  16.1775  130.495  72.0045  16.1775  130.495  |||| 1062.95 |||| 1062.95 
24.5693  23.34  227.023  24.5693  23.34  227.023  |||| 9455.48 |||| 9455.48 
35.8294  24.578  257.64  35.8294  24.578  257.64  |||| 1895.23 |||| 1895.23 
199.056  8.8831  35.8625  199.056  8.8831  35.8625  |||| 373.511 |||| 373.511 
12.4409  70.967  45.7711  12.4409  70.967  45.7711  |||| 2192.34 |||| 2192.34 
107.934  125.511  110.584  107.934  125.511  110.584  |||| 6218.64 |||| 6218.64 
53.9637  199.423  125.229  53.9637  199.423  125.229  |||| 1539.61 |||| 1539.61 
85.1764  98.8073  199.177  85.1764  98.8073  199.177  |||| 2010.97 |||| 2010.97 
120.342  62.9013  127.716  120.342  62.9013  127.716  |||| 1019.2 |||| 1019.2 
18.1013  12.4998  275.267  18.1013  12.4998  275.267  |||| 4224.85 |||| 4224.85 
5.86844  0.811137  228.402  5.86844  0.811137  228.402  |||| 915.292 |||| 915.292 
180.274  19.0244  13.3056  180.274  19.0244  13.3056  |||| 286.511 |||| 286.511 
53.8523  1.54576  356.319  53.8523  1.54576  356.319  |||| 976.111 |||| 976.111 
212.798  63.1127  25.4299  212.798  63.1127  25.4299  |||| 1834.79 |||| 1834.79 
222.261  13.8934  107.949  222.261  13.8934  107.949  |||| 481.223 |||| 481.223 
50.471  61.9298  301.704  50.471  61.9298  301.704  |||| 2504.53 |||| 2504.53 
47.5005  7.75271  238.832  47.5005  7.75271  238.832  |||| 692.652 |||| 692.652 
9.34795  17.0921  359.095  9.34795  17.0921  359.095  |||| 5089.93 |||| 5089.93 
81.9244  29.4907  98.0695  81.9244  29.4907  98.0695  |||| 316.748 |||| 316.748 
73.4907  75.8315  120.258  73.4907  75.8315  120.258  |||| 615.64 |||| 615.64 
3.44771  26.9214  150.249  3.44771  26.9214  150.249  |||| 595.629 |||| 595.629 
52.7547  81.35  232.737  52.7547  81.35  232.737  |||| 4989.28 |||| 4989.28 
40.7463  121.037  54.5658  40.7463  121.037  54.5658  |||| 592.691 |||| 592.691 
15.2721  156.033  68.7368  15.2721  156.033  68.7368  |||| 463.646 |||| 463.646 
1.40306  142.943  30.8181  1.40306  142.943  30.8181  |||| 1749.93 |||| 1749.93 
32.3687  59.5205  253.741  32.3687  59.5205  253.741  |||| 2156.97 |||| 2156.97 
48.6614  55.2237  72.8399  48.6614  55.2237  72.8399  |||| 362.059 |||| 362.059 
10.1189  228.581  58.4343  10.1189  228.581  58.4343  |||| 780.123 |||| 780.123 
20.524  291.167  75.1841  20.524  291.167  75.1841  |||| 16614.5 |||| 16614.5 
3.85646  108.807  117.671  3.85646  108.807  117.671  |||| 12933.5 |||| 12933.5 
62.286  85.3607  81.2584  62.286  85.3607  81.2584  |||| 304.355 |||| 304.355 
76.409  72.7803  114.825  76.409  72.7803  114.825  |||| 719.5 |||| 719.5 
103.63  124.092  94.6092  103.63  124.092  94.6092  |||| 887.591 |||| 887.591 
14.0562  0.320292  118.335  14.0562  0.320292  118.335  |||| 1361.49 |||| 1361.49 
55.407  41.8662  250.464  55.407  41.8662  250.464  |||| 630.967 |||| 630.967 
22.0322  64.9699  321.249  22.0322  64.9699  321.249  |||| 1312.34 |||| 1312.34 
153.936  45.6099  103.609  153.936  45.6099  103.609  |||| 661.506 |||| 661.506 
196.759  17.5929  37.2775  196.759  17.5929  37.2775  |||| 697.384 |||| 697.384 
24.5308  50.4733  102.083  24.5308  50.4733  102.083  |||| 266.55 |||| 266.55 
35.1592  32.3679  348.907  35.1592  32.3679  348.907  |||| 1613.97 |||| 1613.97 
107.026  0.0275285  106.62  107.026  0.0275285  106.62  |||| 314.655 |||| 314.655 
138.369  6.01286  47.1423  138.369  6.01286  47.1423  |||| 416.912 |||| 416.912 
99.4694  38.3581  24.3796  99.4694  38.3581  24.3796  |||| 306.25 |||| 306.25 
3.70438  2.27246  240.853  3.70438  2.27246  240.853  |||| 768.006 |||| 768.006 
208.382  91.1574  70.2655  208.382  91.1574  70.2655  |||| 2807.88 |||| 2807.88 
148.074  64.2332  127.851  148.074  64.2332  127.851  |||| 3821.13 |||| 3821.13 
141.222  88.6667  149.277  141.222  88.6667  149.277  |||| 479.948 |||| 479.948 
35.7117  92.6861  15.7603  35.7117  92.6861  15.7603  |||| 184.474 |||| 184.474 
19.1644  20.7524  115.134  19.1644  20.7524  115.134  |||| 195.877 |||| 195.877 
20.7333  211.732  21.6191  20.7333  211.732  21.6191  |||| 350.846 |||| 350.846 
287.475  53.6982  40.6134  287.475  53.6982  40.6134  |||| 1085.18 |||| 1085.18 
30.8151  37.6405  135.514  30.8151  37.6405  135.514  |||| 424.511 |||| 424.511 
55.2598  312.689  4.44326  55.2598  312.689  4.44326  |||| 5339.14 |||| 5339.14 
143.511  99.5468  81.6144  143.511  99.5468  81.6144  |||| 956.142 |||| 956.142 
43.3442  192.048  13.3309  43.3442  192.048  13.3309  |||| 644.093 |||| 644.093 
0.648712  148.311  123.186  0.648712  148.311  123.186  |||| 436.138 |||| 436.138 
70.5313  24.3003  71.9066  70.5313  24.3003  71.9066  |||| 312.8 |||| 312.8 
28.8899  143.564  70.2007  28.8899  143.564  70.2007  |||| 368.763 |||| 368.763 
4.24127  0.0999281  319.673  4.24127  0.0999281  319.673  |||| 546.856 |||| 546.856 
67.0099  21.7778  78.0254  67.0099  21.7778  78.0254  |||| 325.706 |||| 325.706 
59.7856  76.7244  32.3048  59.7856  76.7244  32.3048  |||| 6115.1 |||| 6115.1 
81.4128  140.692  85.1706  81.4128  140.692  85.1706  |||| 13077 |||| 13077 
153.686  24.1039  46.402  153.686  24.1039  46.402  |||| 829.218 |||| 829.218 
2.71585  3.12253  87.2247  2.71585  3.12253  87.2247  |||| 399.872 |||| 399.872 
32.5657  20.7243  400.111  32.5657  20.7243  400.111  |||| 633.667 |||| 633.667 
13.9974  68.1283  223.872  13.9974  68.1283  223.872  |||| 1998.02 |||| 1998.02 
80.8201  37.0362  144.853  80.8201  37.0362  144.853  |||| 502.164 |||| 502.164 
19.995  325.996  22.4677  19.995  325.996  22.4677  |||| 623.953 |||| 623.953 
34.0181  16.3954  329.189  34.0181  16.3954  329.189  |||| 434.054 |||| 434.054 
121.883  88.7467  61.9498  121.883  88.7467  61.9498  |||| 984.643 |||| 984.643 
27.667  23.2051  173.17  27.667  23.2051  173.17  |||| 346.127 |||| 346.127 
10.6296  60.4612  311.532  10.6296  60.4612  311.532  |||| 1108.3 |||| 1108.3 
259.526  47.5584  59.1139  259.526  47.5584  59.1139  |||| 2094.14 |||| 2094.14 
46.4002  192.909  2.5099  46.4002  192.909  2.5099  |||| 388.521 |||| 388.521 
117.842  86.2741  76.3992  117.842  86.2741  76.3992  |||| 1046.97 |||| 1046.97 
106.441  97.2653  205.874  106.441  97.2653  205.874  |||| 996.638 |||| 996.638 
59.3246  72.2916  81.876  59.3246  72.2916  81.876  |||| 1468.88 |||| 1468.88 
3.89355  29.6935  230.199  3.89355  29.6935  230.199  |||| 6438.49 |||| 6438.49 
51.04  27.5175  86.2745  51.04  27.5175  86.2745  |||| 566.11 |||| 566.11 
4.69452  28.2007  270.138  4.69452  28.2007  270.138  |||| 1010.06 |||| 1010.06 
87.4225  57.3449  124.531  87.4225  57.3449  124.531  |||| 1115.83 |||| 1115.83 
75.6221  164.961  117.467  75.6221  164.961  117.467  |||| 1038.5 |||| 1038.5 
72.9139  51.4179  186.237  72.9139  51.4179  186.237  |||| 1084.18 |||| 1084.18 
82.5563  196.572  5.81509  82.5563  196.572  5.81509  |||| 1339.5 |||| 1339.5 
192.535  11.8266  28.2077  192.535  11.8266  28.2077  |||| 3446.63 |||| 3446.63 
34.937  8.73229  261.721  34.937  8.73229  261.721  |||| 2687.21 |||| 2687.21 
48.0877  95.2537  200.6  48.0877  95.2537  200.6  |||| 1058.46 |||| 1058.46 
98.374  8.78484  160.671  98.374  8.78484  160.671  |||| 2477.98 |||| 2477.98 
79.214  176.411  41.8771  79.214  176.411  41.8771  |||| 2304.91 |||| 2304.91 
3.96337  12.1684  105.857  3.96337  12.1684  105.857  |||| 469.664 |||| 469.664 
55.2311  5.96173  73.6928  55.2311  5.96173  73.6928  |||| 2325.5 |||| 2325.5 
73.0131  160.215  23.8575  73.0131  160.215  23.8575  |||| 3974.54 |||| 3974.54 
179.8  18.9959  8.00964  179.8  18.9959  8.00964  |||| 13812 |||| 13812 
59.0694  7.06774  144.882  59.0694  7.06774  144.882  |||| 7526.42 |||| 7526.42 
65.1617  51.5597  59.0731  65.1617  51.5597  59.0731  |||| 24998.8 |||| 24998.8 
0.4999  4.98984e-05  4.98669e-05  0.5  0  0  |||| 0.4999 |||| 0.5 
4.96289e-05  0.4999  4.99874e-05  4.96339e-05  0.49995  0  |||| 0.4999 |||| 0.49995 
4.93246e-05  4.95428e-05  0.499901  0.00178746  0.00175688  0.496456  |||| 0.499901 |||| 17.8746 
0.464103  0.0179489  0.0179479  91.0828  4.95555  0.689394  |||| 0.500001 |||| 138.046 
0.43784  0.0466336  0.0155443  3.69178  0.457263  0.132272  |||| 0.50002 |||| 4.90281 
0.419732  0.0200673  0.0602011  150.728  11.8373  16.3912  |||| 0.500002 |||| 294.937 
0.405024  0.0831045  0.0118717  1.63057  0.285506  0.0466007  |||| 0.500001 |||| 2.01293 
0.392307  0.0403848  0.0673081  61.2571  11.0428  11.2309  |||| 0.500001 |||| 136.718 
0.380941  0.0744124  0.0446466  0.380468  0.0736184  0.0459137  |||| 0.500001 |||| 0.514181 
0.370569  0.0161777  0.113253  28.0482  0.480272  8.35413  |||| 0.500001 |||| 37.8448 
0.360968  0.130343  0.00868877  73.6086  35.8509  0.527721  |||| 0.500001 |||| 137.526 
0.351989  0.0647548  0.0832558  7.59042  1.0907  1.81157  |||| 0.500001 |||| 10.8795 
0.343525  0.107577  0.048898  0.275635  0.175467  0.048898  |||| 0.500002 |||| 0.815541 
0.335497  0.030844  0.133659  53.7078  11.5161  29.662  |||| 0.500003 |||| 186.68 
0.32784  0.139879  0.0322802  0.323822  0.140915  0.0352625  |||| 0.500003 |||| 0.546196 
0.320512  0.0560898  0.123399  16.3185  2.85575  6.55296  |||| 0.500002 |||| 26.5519 
0.313469  0.104923  0.0816072  0.281509  0.126664  0.091827  |||| 0.500001 |||| 0.603604 
0.306685  0.0120816  0.181234  0.334686  0  0.165314  |||| 0.500001 |||| 0.545653 
0.300129  0.193625  0.0062459  0.331743  0.162782  0.00547517  |||| 0.500001 |||| 0.552667 
0.293785  0.0966618  0.109554  24.0795  8.56552  7.98382  |||| 0.500005 |||| 44.3054 
0.287626  0.152645  0.0597286  0.292853  0.155982  0.0511649  |||| 0.500002 |||| 0.510931 
0.281644  0.047762  0.170594  97.0274  14.6487  53.9926  |||| 0.500005 |||| 172.253 
0.275819  0.189155  0.035027  7.01356  4.67984  0.264497  |||| 0.500002 |||| 12.7141 
0.270142  0.0790141  0.150844  0.265817  0.0809884  0.153195  |||| 0.500001 |||| 0.512494 
0.264602  0.139768  0.0956298  26.7078  14.0286  11.134  |||| 0.500001 |||| 58.2136 
0.25919  0.022576  0.218235  5.45499  0.428495  5.08245  |||| 0.5 |||| 11.6445 
0.253897  0.223031  0.0230718  0.251636  0.221045  0.0273194  |||| 0.500001 |||| 0.592041 
0.248717  0.102081  0.149202  7.63454  3.09889  3.36875  |||| 0.500005 |||| 15.348 
0.243638  0.168238  0.0881242  0.230477  0.167037  0.102486  |||| 0.5 |||| 0.581483 
0.23866  0.0408341  0.220506  1.73481  0.296822  1.99557  |||| 0.5 |||| 4.52498 
0.233775  0.207989  0.0582362  0.23777  0.208797  0.0534334  |||| 0.500001 |||| 0.508546 
0.228976  0.0762256  0.194799  47.8028  16.4687  35.5996  |||| 0.500002 |||| 108.026 
0.224264  0.146485  0.129251  5.06751  3.17701  2.69168  |||| 0.500002 |||| 11.2981 
0.219629  0.00876032  0.271611  0.647556  0.0146313  0.766499  |||| 0.500002 |||| 1.47421 
0.215069  0.28048  0.00445182  0.221546  0.278454  0  |||| 0.500001 |||| 0.515059 
0.210581  0.140188  0.149231  0.812046  0.513827  0.542881  |||| 0.500002 |||| 1.9281 
0.206162  0.215787  0.078051  39.044  40.3603  14.5486  |||| 0.500003 |||| 94.6921 
0.20181  0.0698888  0.228302  35.6921  8.06228  41.5219  |||| 0.500002 |||| 90.9364 
0.197519  0.259946  0.0425356  0.961854  1.26786  0.224872  |||| 0.500002 |||| 2.64329 
0.193288  0.110224  0.196488  0.245023  0.0887152  0.166262  |||| 0.5 |||| 0.633828 
0.189116  0.189446  0.121438  0.180084  0.189383  0.130534  |||| 0.500002 |||| 0.537444 
0.184996  0.034453  0.280551  0.183525  0.0417113  0.274764  |||| 0.500003 |||| 0.605328 
0.180932  0.294142  0.0249257  2.27166  4.03063  0.354567  |||| 0.500003 |||| 7.11206 
0.176919  0.1363  0.186781  10.1344  8.26988  10.9749  |||| 0.5 |||| 30.337 
0.172955  0.219733  0.107312  0.172955  0.219733  0.107312  |||| 0.5 |||| 0.5 
0.169038  0.0568818  0.27408  8.2848  2.44521  11.6967  |||| 0.500004 |||| 24.5058 
0.165164  0.266823  0.0680136  1.48523  2.28603  0.611387  |||| 0.500005 |||| 4.49616 
0.161339  0.10054  0.238121  8.70881  5.19946  11.5114  |||| 0.500001 |||| 26.989 
0.157556  0.187274  0.15517  0.149123  0.195707  0.15517  |||| 0.500001 |||| 0.522514 
0.153813  0.0162262  0.329961  0.182363  0.00218812  0.315449  |||| 0.500002 |||| 0.592808 
0.150113  0.333494  0.0164012  0.121656  0.330741  0.0476116  |||| 0.500009 |||| 1.45148 
0.146447  0.160204  0.193349  6.5817  7.26497  8.43668  |||| 0.5 |||| 22.6741 
0.14282  0.251142  0.106038  0.145983  0.258411  0.0956062  |||| 0.500001 |||| 0.514472 
0.139231  0.07328  0.287489  0.251488  0.12967  0.475954  |||| 0.500002 |||| 0.903135 
0.135675  0.301707  0.0626178  5.14357  11.4718  1.79531  |||| 0.500001 |||| 19.0115 
0.132156  0.120699  0.247145  0.139588  0.127303  0.260633  |||| 0.500001 |||| 0.52812 
0.128669  0.214676  0.156655  21.041  29.7618  22.7546  |||| 0.500001 |||| 81.7639 
0.125215  0.0292795  0.345506  0.124979  0.0290032  0.346018  |||| 0.500001 |||| 0.500742 
0.121792  0.336842  0.0413664  10.1479  25.6969  3.03437  |||| 0.5 |||| 41.6606 
0.118397  0.149063  0.232541  0.117527  0.137647  0.244826  |||| 0.500007 |||| 0.526422 
0.115036  0.246618  0.138347  0.115795  0.248246  0.135959  |||| 0.500002 |||| 0.503304 
0.111705  0.0546006  0.333694  12.7198  6.18494  37.9325  |||| 0.500005 |||| 56.9348 
0.1084  0.299819  0.0917812  0.103948  0.306648  0.0894034  |||| 0.500001 |||| 0.51139 
0.105123  0.104889  0.289988  36.1325  34.549  91.0833  |||| 0.500002 |||| 171.858 
0.101872  0.205285  0.192843  0.0994716  0.192004  0.208525  |||| 0.500001 |||| 0.54066 
0.09865  0.0062705  0.395088  1.67023  0.15557  6.98003  |||| 0.500011 |||| 12.4037 
0.0954515  0.401391  0.00315732  0.886464  7.48446  0.754205  |||| 0.500003 |||| 119.316 
0.0922782  0.200675  0.207047  0.0953671  0.203039  0.201594  |||| 0.500001 |||| 0.516738 
0.0891343  0.304959  0.105933  0.106798  0.287296  0.105933  |||| 0.500027 |||| 0.599115 
0.086005  0.100264  0.313731  0.0705918  0.0868908  0.342517  |||| 0.500001 |||| 0.545878 
0.0829045  0.361703  0.0553951  0.0709267  0.37368  0.0553951  |||| 0.500003 |||| 0.51656 
0.0798254  0.154282  0.265892  9.62224  18.5974  35.2351  |||| 0.500001 |||| 66.2584 
0.0767692  0.261213  0.162018  0.805421  2.28016  1.48793  |||| 0.500001 |||| 5.24567 
0.073736  0.0499526  0.376311  0.0861732  0.0583782  0.355449  |||| 0.500001 |||| 0.584336 
0.0707225  0.399094  0.0301834  0.0707048  0.399711  0.0295845  |||| 0.500001 |||| 0.500774 
0.0677294  0.18574  0.24653  0.112483  0.290904  0.39168  |||| 0.500005 |||| 0.830357 
0.06476  0.295827  0.139413  0.0621484  0.283897  0.153955  |||| 0.500001 |||| 0.552155 
0.0618091  0.0787371  0.359454  0.62581  0.673361  3.88223  |||| 0.500002 |||| 5.40019 
0.0588779  0.354965  0.0861568  0.0568252  0.317084  0.126091  |||| 0.500002 |||| 0.731753 
0.0559674  0.13529  0.308743  0.0630133  0.13128  0.305708  |||| 0.500003 |||| 0.562946 
0.0530723  0.247905  0.199023  0.0629207  0.257203  0.198738  |||| 0.500003 |||| 0.592758 
0.0502004  0.0245978  0.425202  5.61987  2.83667  48.4767  |||| 0.500001 |||| 57.6596 
0.0473443  0.434979  0.0176768  0.0835156  0.576713  0.0131863  |||| 0.500006 |||| 0.881997 
0.0445056  0.209954  0.245541  0.0364601  0.217999  0.245541  |||| 0.500002 |||| 0.51916 
0.041686  0.325834  0.13248  0.0229143  0.344983  0.132102  |||| 0.500002 |||| 0.529387 
0.0388829  0.0972658  0.363851  0.250299  0.360688  1.6021  |||| 0.500002 |||| 3.21861 
0.0360964  0.387794  0.0761091  9.66649  78.3693  8.64783  |||| 0.500001 |||| 133.897 
0.0333267  0.156772  0.309901  4.49223  21.9466  42.5069  |||| 0.500002 |||| 69.9948 
0.0305734  0.275055  0.194371  0.950466  7.56759  5.41725  |||| 0.500001 |||| 15.5437 
0.0278366  0.0405762  0.431587  0.0278136  0.0405426  0.431644  |||| 0.500001 |||| 0.500066 
0.0251126  0.426657  0.0482309  5.99509  72.1257  9.72687  |||| 0.500004 |||| 119.351 
0.0224068  0.190291  0.287303  0.666246  9.67751  12.8673  |||| 0.500004 |||| 25.4283 
0.0197171  0.311434  0.168849  0.485462  12.452  7.64218  |||| 0.500002 |||| 22.6302 
0.0170415  0.0716892  0.411269  0.0249011  0.0599397  0.415159  |||| 0.500002 |||| 0.730535 
0.0143819  0.375595  0.110023  0.0878124  2.2933  0.889236  |||| 0.5 |||| 4.04114 
0.011735  0.133509  0.354756  2.80793  31.952  87.1545  |||| 0.500001 |||| 122.838 
0.0091045  0.257008  0.233993  1.98955  48.5607  45.2087  |||| 0.500106 |||| 109.274 
0.00648488  0.0115647  0.48195  0.678555  1.21009  45.1183  |||| 0.500003 |||| 52.3145 
0.00388104  0.484491  0.0116276  0.00418095  0.521931  0.0129937  |||| 0.5 |||| 0.558736 
0.00129068  0.23775  0.261135  0.000639995  0.257753  0.241782  |||| 0.500176 |||| 0.542258 
