0.703558  0.71783  1.52839  0.703558  0.71783  1.52839  |||| 15096 |||| 15096 
1.03849  0.817087  0.25846  1.03849  0.817087  0.25846  |||| 10205.6 |||| 10205.6 
0.884313  1.94703  0.222525  0.884313  1.94703  0.222525  |||| 19354.1 |||| 19354.1 
0.890355  1.49764  0.371876  0.890355  1.49764  0.371876  |||| 41.3959 |||| 41.3959 
0.800295  1.54907  0.506849  0.800295  1.54907  0.506849  |||| 16.4846 |||| 16.4846 
0.304895  0.426595  1.4433  0.304895  0.426595  1.4433  |||| 11.8309 |||| 11.8309 
0.682243  1.07992  0.682419  0.682243  1.07992  0.682419  |||| 27.949 |||| 27.949 
0.764766  0.742782  1.42033  0.764766  0.742782  1.42033  |||| 10.4113 |||| 10.4113 
1.11971  1.24466  1.94127  1.11971  1.24466  1.94127  |||| 21.5296 |||| 21.5296 
0.608247  0.357131  1.59415  0.608247  0.357131  1.59415  |||| 10.6778 |||| 10.6778 
1.51634  0.642807  1.4282  1.51634  0.642807  1.4282  |||| 81.0981 |||| 81.0981 
1.04454  0.468719  1.67142  1.04454  0.468719  1.67142  |||| 9.92495 |||| 9.92495 
0.749552  0.658621  1.68433  0.749552  0.658621  1.68433  |||| 17.0306 |||| 17.0306 
0.675111  0.550834  1.37345  0.675111  0.550834  1.37345  |||| 8.7408 |||| 8.7408 
0.0323704  0.0470904  1.98652  0.0323704  0.0470904  1.98652  |||| 30.4789 |||| 30.4789 
0.576498  0.63612  1.53835  0.576498  0.63612  1.53835  |||| 6.15707 |||| 6.15707 
1.54479  0.823694  0.482968  1.54479  0.823694  0.482968  |||| 3.86984 |||| 3.86984 
0.508786  0.836001  1.57584  0.508786  0.836001  1.57584  |||| 34.1154 |||| 34.1154 
1.22906  0.793727  1.63381  1.22906  0.793727  1.63381  |||| 129.285 |||| 129.285 
1.36314  1.29938  1.00631  1.36314  1.29938  1.00631  |||| 6.66096 |||| 6.66096 
0.128426  0.199199  2.04293  0.128426  0.199199  2.04293  |||| 16.9439 |||| 16.9439 
0.640743  1.19641  1.04054  0.640743  1.19641  1.04054  |||| 12.4021 |||| 12.4021 
1.00255  1.39327  0.588996  1.00255  1.39327  0.588996  |||| 8.13913 |||| 8.13913 
0.268982  0.370851  1.23663  0.268982  0.370851  1.23663  |||| 4.0367 |||| 4.0367 
0.501218  0.626438  1.45375  0.501218  0.626438  1.45375  |||| 7.50264 |||| 7.50264 
1.37707  1.22716  0.29396  1.37707  1.22716  0.29396  |||| 26.921 |||| 26.921 
0.576186  0.342051  1.6835  0.576186  0.342051  1.6835  |||| 36.076 |||| 36.076 
0.0617179  0.124199  1.76924  0.0617179  0.124199  1.76924  |||| 5.8661 |||| 5.8661 
0.599709  0.774872  1.56916  0.599709  0.774872  1.56916  |||| 8.79644 |||| 8.79644 
0.22689  0.112875  1.97934  0.22689  0.112875  1.97934  |||| 4.44556 |||| 4.44556 
1.64747  1.20904  0.0459428  1.64747  1.20904  0.0459428  |||| 3.4853 |||| 3.4853 
0.525594  0.596418  1.79452  0.525594  0.596418  1.79452  |||| 4.55786 |||| 4.55786 
1.29155  1.55584  0.679262  1.29155  1.55584  0.679262  |||| 5.27091 |||| 5.27091 
1.23592  0.803225  0.629871  1.23592  0.803225  0.629871  |||| 45.1747 |||| 45.1747 
1.39279  0.677743  1.60819  1.39279  0.677743  1.60819  |||| 178.502 |||| 178.502 
0.664905  0.696762  1.45929  0.664905  0.696762  1.45929  |||| 4.82638 |||| 4.82638 
0.814196  1.36882  0.587562  0.814196  1.36882  0.587562  |||| 3.64359 |||| 3.64359 
0.294615  0.49675  1.58856  0.294615  0.49675  1.58856  |||| 3.47074 |||| 3.47074 
0.913042  0.739358  1.07629  0.913042  0.739358  1.07629  |||| 12.4305 |||| 12.4305 
0.365143  0.300114  1.55519  0.365143  0.300114  1.55519  |||| 3.90965 |||| 3.90965 
1.086  0.805961  1.40177  1.086  0.805961  1.40177  |||| 5.69409 |||| 5.69409 
1.14747  1.46347  0.152696  1.14747  1.46347  0.152696  |||| 21.0698 |||| 21.0698 
1.19071  1.21593  0.0187928  1.19071  1.21593  0.0187928  |||| 3.24092 |||| 3.24092 
1.13811  1.7769  0.128938  1.13811  1.7769  0.128938  |||| 6.47571 |||| 6.47571 
0.601351  0.411963  1.68914  0.601351  0.411963  1.68914  |||| 7.78265 |||| 7.78265 
0.388613  0.422472  1.35217  0.388613  0.422472  1.35217  |||| 3.61132 |||| 3.61132 
1.34818  1.30845  0.0964343  1.34818  1.30845  0.0964343  |||| 4.027 |||| 4.027 
1.42018  0.988038  0.887468  1.42018  0.988038  0.887468  |||| 4.8559 |||| 4.8559 
1.51515  1.15453  0.0289279  1.51515  1.15453  0.0289279  |||| 4.75138 |||| 4.75138 
0.645708  0.972806  1.00677  0.645708  0.972806  1.00677  |||| 29.616 |||| 29.616 
0.219679  0.229163  2.10621  0.219679  0.229163  2.10621  |||| 63.6368 |||| 63.6368 
1.51934  0.732973  0.639131  1.51934  0.732973  0.639131  |||| 5.12613 |||| 5.12613 
1.37157  1.05314  0.590115  1.37157  1.05314  0.590115  |||| 4.73897 |||| 4.73897 
0.0653604  0.0372596  1.51432  0.0653604  0.0372596  1.51432  |||| 2.60103 |||| 2.60103 
0.482763  0.649035  1.76904  0.482763  0.649035  1.76904  |||| 13.9756 |||| 13.9756 
0.651267  0.507834  1.50116  0.651267  0.507834  1.50116  |||| 2.99897 |||| 2.99897 
1.01442  1.3515  0.570422  1.01442  1.3515  0.570422  |||| 3.8723 |||| 3.8723 
0.827347  1.07344  1.35675  0.827347  1.07344  1.35675  |||| 18.1321 |||| 18.1321 
0.322214  0.639496  1.82862  0.322214  0.639496  1.82862  |||| 21.8756 |||| 21.8756 
0.955007  0.653818  1.16373  0.955007  0.653818  1.16373  |||| 3.95724 |||| 3.95724 
1.27503  1.09133  0.117244  1.27503  1.09133  0.117244  |||| 5.46382 |||| 5.46382 
0.109847  0.213277  1.72025  0.109847  0.213277  1.72025  |||| 2.54944 |||| 2.54944 
0.513389  1.07096  1.30918  0.513389  1.07096  1.30918  |||| 7.0297 |||| 7.0297 
0.891157  0.569791  1.14104  0.891157  0.569791  1.14104  |||| 4.15335 |||| 4.15335 
1.17692  1.08548  0.651705  1.17692  1.08548  0.651705  |||| 5.68837 |||| 5.68837 
1.6277  1.01168  0.227559  1.6277  1.01168  0.227559  |||| 79.7358 |||| 79.7358 
0.933822  0.418181  1.69231  0.933822  0.418181  1.69231  |||| 264.752 |||| 264.752 
0.0179314  0.0159749  1.59791  0.0179314  0.0159749  1.59791  |||| 3.81343 |||| 3.81343 
0.023838  0.0116197  1.9857  0.023838  0.0116197  1.9857  |||| 9.28422 |||| 9.28422 
0.819553  0.92684  1.87283  0.819553  0.92684  1.87283  |||| 4.66032 |||| 4.66032 
0.442366  0.365564  1.61967  0.442366  0.365564  1.61967  |||| 14.4495 |||| 14.4495 
0.881816  1.48083  0.540679  0.881816  1.48083  0.540679  |||| 5.41105 |||| 5.41105 
0.877864  0.962005  1.22608  0.877864  0.962005  1.22608  |||| 5.6007 |||| 5.6007 
0.550298  0.578976  1.93834  0.550298  0.578976  1.93834  |||| 5.67893 |||| 5.67893 
0.701987  0.36154  1.88318  0.701987  0.36154  1.88318  |||| 30.8842 |||| 30.8842 
2.0202  0.769736  0.149818  2.0202  0.769736  0.149818  |||| 14.7808 |||| 14.7808 
1.2345  1.15728  0.875779  1.2345  1.15728  0.875779  |||| 9.39274 |||| 9.39274 
0.804992  0.490754  1.60068  0.804992  0.490754  1.60068  |||| 6.36678 |||| 6.36678 
0.170244  0.108751  1.45069  0.170244  0.108751  1.45069  |||| 8.30986 |||| 8.30986 
1.55889  0.960597  0.531663  1.55889  0.960597  0.531663  |||| 13.7665 |||| 13.7665 
1.80796  0.785152  1.07301  1.80796  0.785152  1.07301  |||| 16.8634 |||| 16.8634 
0.792086  1.02955  0.957885  0.792086  1.02955  0.957885  |||| 20.6911 |||| 20.6911 
0.696432  0.889072  1.80234  0.696432  0.889072  1.80234  |||| 50.4345 |||| 50.4345 
0.130224  0.162067  1.39556  0.130224  0.162067  1.39556  |||| 2.80355 |||| 2.80355 
0.365575  0.554954  1.55662  0.365575  0.554954  1.55662  |||| 5.80393 |||| 5.80393 
0.315469  0.805061  2.11355  0.315469  0.805061  2.11355  |||| 4.07868 |||| 4.07868 
1.47288  0.867575  1.04651  1.47288  0.867575  1.04651  |||| 20.1535 |||| 20.1535 
1.57755  0.802643  0.109829  1.57755  0.802643  0.109829  |||| 23.3987 |||| 23.3987 
0.376999  0.391013  2.1788  0.376999  0.391013  2.1788  |||| 5.87211 |||| 5.87211 
0.776146  1.05681  0.301217  0.776146  1.05681  0.301217  |||| 13.6189 |||| 13.6189 
0.0591962  0.0406192  1.75303  0.0591962  0.0406192  1.75303  |||| 17.9787 |||| 17.9787 
0.878387  0.775598  1.48231  0.878387  0.775598  1.48231  |||| 19.1985 |||| 19.1985 
0.900262  1.06337  0.871452  0.900262  1.06337  0.871452  |||| 22.3729 |||| 22.3729 
1.24231  0.896086  1.11347  1.24231  0.896086  1.11347  |||| 35.9201 |||| 35.9201 
0.761926  1.55005  0.258989  0.761926  1.55005  0.258989  |||| 25.8653 |||| 25.8653 
0.0927004  0.142408  1.87221  0.0927004  0.142408  1.87221  |||| 3.18555 |||| 3.18555 
1.42429  1.00081  0.718579  1.42429  1.00081  0.718579  |||| 77.2429 |||| 77.2429 
0.857286  0.959354  1.12876  0.857286  0.959354  1.12876  |||| 64.7116 |||| 64.7116 
1.24283  0.606757  1.51878  1.24283  0.606757  1.51878  |||| 157.806 |||| 157.806 
0.754396  1.60719  0.564039  0.754396  1.60719  0.564039  |||| 285.38 |||| 285.38 
0.57735  0.57735  0.57735  0.558831  0.558763  0.61291  |||| 5773.5 |||| 6129.1 
0.57735  0.57735  0.57735  0.611506  0.611506  0.502118  |||| 5773.5 |||| 6115.06 
9.97001e-05  9.97001e-05  1  0.010822  0.0108213  1.00345  |||| 1 |||| 108.22 
0.57735  0.57735  0.57735  0.473891  0.47048  0.750646  |||| 16.0831 |||| 20.9106 
0.688247  0.688247  0.229415  0.690448  0.690233  0.217461  |||| 7.37944 |||| 7.40073 
0.301512  0.301512  0.904534  0.416461  0.416465  0.808199  |||| 7.51243 |||| 10.3766 
0.703527  0.703527  0.100503  0.703195  0.703195  0.105044  |||| 4.23276 |||| 4.42396 
0.457496  0.457496  0.762492  0.458506  0.457624  0.763441  |||| 5.66416 |||| 5.67121 
0.650945  0.650945  0.390566  0.651617  0.651617  0.388319  |||| 4.37389 |||| 4.37841 
0.140027  0.140027  0.980196  0.167668  0.167417  0.973861  |||| 4.32746 |||| 5.17393 
0.706322  0.706322  0.047088  0.707107  0.707107  0  |||| 2.70949 |||| 2.7125 
0.523206  0.523206  0.67269  0.549986  0.549986  0.628514  |||| 4.03989 |||| 4.24667 
0.673189  0.673189  0.305995  0.619287  0.619287  0.482666  |||| 3.12887 |||| 4.93538 
0.219382  0.219382  0.950654  0.16813  0.16813  0.971321  |||| 3.55624 |||| 3.63355 
0.697877  0.697877  0.161048  0.706084  0.705974  0.057025  |||| 2.49455 |||| 2.52349 
0.38236  0.38236  0.841191  0.395937  0.395937  0.828534  |||| 3.40842 |||| 3.52945 
0.619585  0.619585  0.481901  0.645007  0.645007  0.409794  |||| 2.95256 |||| 3.0737 
0.0663721  0.0663721  0.995585  0.0447083  0.0447437  0.998559  |||| 2.74668 |||| 2.75489 
0.706923  0.706923  0.0228038  0.698622  0.696375  0.177464  |||| 1.82549 |||| 14.2064 
0.551784  0.551784  0.625355  0.541214  0.541214  0.643564  |||| 2.85412 |||| 2.93723 
0.6815  0.6815  0.266674  0.68177  0.681542  0.266735  |||| 2.23231 |||| 2.23282 
0.260333  0.260333  0.92976  0.287555  0.28809  0.915259  |||| 2.72509 |||| 3.01564 
0.701121  0.701121  0.129837  0.701121  0.701121  0.129837  |||| 1.85331 |||| 1.85331 
0.420903  0.420903  0.803543  0.422118  0.421746  0.805507  |||| 2.66347 |||| 2.66998 
0.636524  0.636524  0.435515  0.638738  0.638738  0.428984  |||| 2.27707 |||| 2.28499 
0.102359  0.102359  0.989467  0.0953168  0.0953168  0.990873  |||| 2.26698 |||| 2.2702 
0.705223  0.705223  0.0729534  0.704336  0.704336  0.0884441  |||| 1.58099 |||| 1.91668 
0.491705  0.491705  0.718646  0.478556  0.47845  0.736447  |||| 2.40832 |||| 2.46798 
0.663085  0.663085  0.347329  0.664644  0.664644  0.341315  |||| 1.97067 |||| 1.97531 
0.179144  0.179144  0.967375  0.125453  0.125505  0.984776  |||| 2.19354 |||| 2.23299 
0.693642  0.693642  0.194219  0.692727  0.692695  0.200899  |||| 1.6675 |||| 1.72484 
0.342377  0.342377  0.874961  0.354335  0.354946  0.866616  |||| 2.24582 |||| 2.32826 
0.599918  0.599918  0.529337  0.603467  0.603466  0.521207  |||| 2.0477 |||| 2.05982 
0.0322244  0.0322244  0.998961  0.0469613  0.0469613  0.997792  |||| 1.83896 |||| 2.67995 
0.707031  0.707031  0.0146354  0.707  0.707096  0.0183997  |||| 1.64373 |||| 2.06644 
0.564945  0.564945  0.601394  0.583654  0.583654  0.564531  |||| 2.01497 |||| 2.0817 
0.683055  0.683055  0.258595  0.681768  0.681768  0.265301  |||| 1.65659 |||| 1.69955 
0.280927  0.280927  0.917693  0.268138  0.268138  0.925313  |||| 2.00982 |||| 2.02651 
0.699048  0.699048  0.150542  0.698629  0.698629  0.154389  |||| 1.76957 |||| 1.81478 
0.439472  0.439472  0.783408  0.398335  0.398098  0.826884  |||| 1.99353 |||| 2.10416 
0.643843  0.643843  0.413441  0.628897  0.628897  0.457139  |||| 1.70225 |||| 1.88217 
0.120995  0.120995  0.985251  0.0858496  0.0858454  0.992986  |||| 1.75593 |||| 1.76972 
0.703775  0.703775  0.0969591  0.706432  0.706432  0.0436918  |||| 1.94486 |||| 1.9522 
0.50781  0.50781  0.695887  0.52505  0.524969  0.670021  |||| 1.86284 |||| 1.92579 
0.647527  0.647527  0.401767  0.647628  0.647649  0.401461  |||| 1.87196 |||| 1.87225 
0.199145  0.199145  0.959522  0.267267  0.26726  0.925867  |||| 1.75045 |||| 2.34916 
0.678912  0.678912  0.279565  0.679672  0.679672  0.275848  |||| 2.05524 |||| 2.05754 
0.362513  0.362513  0.858585  0.363658  0.363381  0.860969  |||| 1.80284 |||| 1.80784 
0.580265  0.580265  0.571477  0.572592  0.572592  0.586751  |||| 1.84145 |||| 1.89067 
0.0490617  0.0490617  0.99759  0.109226  0.109832  0.992194  |||| 1.51169 |||| 3.38413 
0.705006  0.705006  0.0770288  0.705272  0.705272  0.0719998  |||| 2.34829 |||| 2.34917 
0.516872  0.516872  0.682413  0.527687  0.52788  0.66734  |||| 1.76471 |||| 1.80164 
0.626073  0.626073  0.464829  0.626162  0.626685  0.46509  |||| 2.19182 |||| 2.19304 
0.239798  0.239798  0.940741  0.2534  0.253436  0.93367  |||| 1.63614 |||| 1.7292 
0.672216  0.672216  0.310245  0.673653  0.673191  0.310802  |||| 2.47728 |||| 2.48258 
0.401845  0.401845  0.822825  0.402154  0.402154  0.822523  |||| 1.66466 |||| 1.66594 
0.535878  0.535878  0.652433  0.532962  0.532962  0.657194  |||| 2.08239 |||| 2.09758 
0.0841436  0.0841436  0.992895  0.0844264  0.0844251  0.99288  |||| 1.43687 |||| 1.44168 
0.687555  0.687555  0.233527  0.689303  0.689636  0.223531  |||| 2.82266 |||| 2.82984 
0.413191  0.413191  0.811508  0.413191  0.413191  0.811508  |||| 1.7449 |||| 1.7449 
0.538673  0.538673  0.647814  0.526375  0.526578  0.667934  |||| 2.34128 |||| 2.414 
0.159423  0.159423  0.974253  0.154894  0.154913  0.975887  |||| 1.45981 |||| 1.46226 
0.606687  0.606687  0.513675  0.633323  0.636203  0.456064  |||| 2.79837 |||| 2.92123 
0.322017  0.322017  0.890287  0.374945  0.374945  0.84784  |||| 1.53504 |||| 1.78734 
0.423207  0.423207  0.801119  0.410015  0.410015  0.814724  |||| 2.07713 |||| 2.1124 
0.015869  0.015869  0.999748  0.0218199  0.0218153  1.00001  |||| 1.26525 |||| 1.73935 
0.706913  0.706913  0.0234068  0.707106  0.707106  0.00140557  |||| 3.70302 |||| 3.70403 
0.377042  0.377042  0.845978  0.377039  0.377292  0.847756  |||| 2.04297 |||| 2.04726 
0.541336  0.541336  0.64336  0.504366  0.504619  0.701155  |||| 3.03679 |||| 3.3096 
0.2556  0.2556  0.932383  0.317256  0.316274  0.896793  |||| 1.48596 |||| 1.84441 
0.639337  0.639337  0.427197  0.632834  0.633129  0.446494  |||| 3.85588 |||| 4.03006 
0.276344  0.276344  0.920472  0.309142  0.309303  0.899738  |||| 1.73092 |||| 1.93635 
0.39363  0.39363  0.830729  0.36187  0.36187  0.859128  |||| 2.56369 |||| 2.65133 
0.130464  0.130464  0.982832  0.0209641  0.0209641  0.99956  |||| 1.30588 |||| 1.3281 
0.676953  0.676953  0.288911  0.676774  0.676774  0.289748  |||| 4.78591 |||| 4.79978 
0.256092  0.256092  0.932113  0.260992  0.260992  0.929396  |||| 1.89048 |||| 1.92665 
0.388244  0.388244  0.835783  0.411651  0.411651  0.813072  |||| 2.99752 |||| 3.17824 
0.167086  0.167086  0.971681  0.156336  0.156317  0.975339  |||| 1.35161 |||| 1.3567 
0.491403  0.491403  0.71906  0.491674  0.491435  0.719282  |||| 4.17299 |||| 4.17529 
0.175598  0.175598  0.968675  0.263641  0.263669  0.928036  |||| 1.56875 |||| 2.3553 
0.249522  0.249522  0.93567  0.246775  0.246778  0.937133  |||| 2.35067 |||| 2.35435 
0.0576584  0.0576584  0.99667  0.0643546  0.0643546  0.99585  |||| 1.172 |||| 1.30811 
0.683669  0.683669  0.255331  0.683669  0.683669  0.255331  |||| 7.22014 |||| 7.22014 
0.175583  0.175583  0.96868  0.232243  0.232243  0.944524  |||| 1.97255 |||| 2.60909 
0.287478  0.287478  0.913626  0.287478  0.287478  0.913626  |||| 3.44813 |||| 3.44813 
0.105666  0.105666  0.988772  0.103898  0.103898  0.989146  |||| 1.35876 |||| 1.35928 
0.393883  0.393883  0.83049  0.450649  0.451079  0.771996  |||| 5.45592 |||| 6.24222 
0.106319  0.106319  0.988632  0.0888084  0.0885814  0.993885  |||| 1.59508 |||| 1.60356 
0.153543  0.153543  0.97614  0.131787  0.132535  0.986095  |||| 2.51102 |||| 2.53662 
0.0642318  0.0642318  0.995866  0.049437  0.0493616  0.998531  |||| 1.15373 |||| 1.15681 
0.419303  0.419303  0.805214  0.442271  0.442272  0.780266  |||| 8.34756 |||| 8.8048 
0.0775296  0.0775296  0.993971  0.0738114  0.0738111  0.994542  |||| 1.72985 |||| 1.73084 
0.115222  0.115222  0.986634  0.112301  0.112301  0.987308  |||| 2.92165 |||| 2.92364 
0.0413692  0.0413692  0.998287  0.0414379  0.0415235  1.00098  |||| 1.21367 |||| 1.21694 
0.128541  0.128541  0.983338  0.0724285  0.0723783  0.997263  |||| 4.46879 |||| 4.53207 
0.0330448  0.0330448  0.998907  0.0319078  0.0319277  0.999528  |||| 1.40789 |||| 1.40876 
0.0388545  0.0388545  0.998489  0.0575641  0.0575641  0.996681  |||| 2.13404 |||| 3.16165 
0.013454  0.013454  0.999819  0.013454  0.013454  0.999819  |||| 1.03727 |||| 1.03727 
0.301836  0.301836  0.904317  0.30221  0.302734  0.905116  |||| 38.886 |||| 38.9342 
0.00494276  0.00494276  0.999976  0.00380938  0.00378891  1.00553  |||| 1.91534 |||| 1.92599 
