1.40857  0.761413  1.40857  0.761413  |||| 2827.19 |||| 2827.19 
0.810567  1.28218  0.810567  1.28218  |||| 3528.98 |||| 3528.98 
1.23107  0.876409  1.23107  0.876409  |||| 77.9522 |||| 77.9522 
0.969252  1.34357  0.969252  1.34357  |||| 56.505 |||| 56.505 
0.801995  0.987727  0.801995  0.987727  |||| 19.9541 |||| 19.9541 
0.955185  1.32356  0.955185  1.32356  |||| 23.6562 |||| 23.6562 
0.846348  1.4213  0.846348  1.4213  |||| 20.5279 |||| 20.5279 
2.16296  1.41512  2.16296  1.41512  |||| 16.6854 |||| 16.6854 
1.44498  0.819222  1.44498  0.819222  |||| 5.13411 |||| 5.13411 
0.746458  1.36589  0.746458  1.36589  |||| 11.5927 |||| 11.5927 
0.740913  1.45672  0.740913  1.45672  |||| 11.2761 |||| 11.2761 
0.854743  1.28593  0.854743  1.28593  |||| 8.32729 |||| 8.32729 
1.12174  1.07878  1.12174  1.07878  |||| 5.60076 |||| 5.60076 
1.57134  1.06643  1.57134  1.06643  |||| 5.00854 |||| 5.00854 
1.98545  1.0973  1.98545  1.0973  |||| 4.84987 |||| 4.84987 
1.4737  1.16919  1.4737  1.16919  |||| 5.01247 |||| 5.01247 
1.2777  0.985612  1.2777  0.985612  |||| 3.42607 |||| 3.42607 
1.64878  0.792197  1.64878  0.792197  |||| 1.98215 |||| 1.98215 
1.182  0.850561  1.182  0.850561  |||| 2.20867 |||| 2.20867 
0.9185  1.10977  0.9185  1.10977  |||| 3.53403 |||| 3.53403 
0.823644  1.83835  0.823644  1.83835  |||| 7.2025 |||| 7.2025 
1.27257  1.18688  1.27257  1.18688  |||| 3.55906 |||| 3.55906 
1.06222  1.02246  1.06222  1.02246  |||| 2.59944 |||| 2.59944 
1.95176  0.685478  1.95176  0.685478  |||| 1.914 |||| 1.914 
1.9485  1.28062  1.9485  1.28062  |||| 3.49283 |||| 3.49283 
1.72521  1.11604  1.72521  1.11604  |||| 2.65789 |||| 2.65789 
0.500439  1.31954  0.500439  1.31954  |||| 3.36338 |||| 3.36338 
1.60274  1.15016  1.60274  1.15016  |||| 2.58055 |||| 2.58055 
2.09294  1.13795  2.09294  1.13795  |||| 2.438 |||| 2.438 
1.52079  1.29377  1.52079  1.29377  |||| 2.90463 |||| 2.90463 
0.592078  1.30492  0.592078  1.30492  |||| 2.84108 |||| 2.84108 
0.890553  1.30193  0.890553  1.30193  |||| 2.73481 |||| 2.73481 
0.788474  0.72742  0.788474  0.72742  |||| 0.799187 |||| 0.799187 
2.39623  0.915543  2.39623  0.915543  |||| 2.85682 |||| 2.85682 
1.13014  1.44655  1.13014  1.44655  |||| 2.91845 |||| 2.91845 
2.06388  1.04815  2.06388  1.04815  |||| 2.44045 |||| 2.44045 
0.965867  1.347  0.965867  1.347  |||| 2.46649 |||| 2.46649 
1.05666  1.51361  1.05666  1.51361  |||| 2.85696 |||| 2.85696 
0.736826  0.954642  0.736826  0.954642  |||| 1.27789 |||| 1.27789 
1.62108  0.817249  1.62108  0.817249  |||| 1.88454 |||| 1.88454 
1.21701  1.01717  1.21701  1.01717  |||| 1.37068 |||| 1.37068 
1.78057  1.24359  1.78057  1.24359  |||| 2.21614 |||| 2.21614 
1.44035  0.672688  1.44035  0.672688  |||| 1.67482 |||| 1.67482 
1.15622  0.999273  1.15622  0.999273  |||| 1.22932 |||| 1.22932 
0.876734  1.60008  0.876734  1.60008  |||| 2.58579 |||| 2.58579 
1.94981  0.478694  1.94981  0.478694  |||| 2.68312 |||| 2.68312 
2.0243  1.76231  2.0243  1.76231  |||| 2.86972 |||| 2.86972 
1.90115  1.62848  1.90115  1.62848  |||| 2.69449 |||| 2.69449 
0.725163  1.60983  0.725163  1.60983  |||| 2.3839 |||| 2.3839 
1.01716  1.51368  1.01716  1.51368  |||| 2.13533 |||| 2.13533 
2.03463  1.09102  2.03463  1.09102  |||| 3.12207 |||| 3.12207 
0.813143  1.24273  0.813143  1.24273  |||| 1.51263 |||| 1.51263 
1.7856  0.962508  1.7856  0.962508  |||| 2.73972 |||| 2.73972 
1.31289  1.21434  1.31289  1.21434  |||| 1.80241 |||| 1.80241 
1.24037  1.09503  1.24037  1.09503  |||| 1.68582 |||| 1.68582 
2.0514  0.80092  2.0514  0.80092  |||| 3.5098 |||| 3.5098 
2.02549  1.72371  2.02549  1.72371  |||| 3.5321 |||| 3.5321 
1.47436  1.02249  1.47436  1.02249  |||| 2.34438 |||| 2.34438 
0.689267  1.34921  0.689267  1.34921  |||| 1.50992 |||| 1.50992 
1.46272  0.941739  1.46272  0.941739  |||| 2.43198 |||| 2.43198 
1.18497  0.867967  1.18497  0.867967  |||| 1.80445 |||| 1.80445 
0.957227  1.26678  0.957227  1.26678  |||| 1.29802 |||| 1.29802 
1.58549  0.732476  1.58549  0.732476  |||| 2.94737 |||| 2.94737 
0.717514  1.52483  0.717514  1.52483  |||| 1.66701 |||| 1.66701 
1.71592  1.29393  1.71592  1.29393  |||| 3.47349 |||| 3.47349 
1.82978  0.54885  1.82978  0.54885  |||| 3.89758 |||| 3.89758 
0.947293  1.26725  0.947293  1.26725  |||| 1.43233 |||| 1.43233 
1.01129  1.19778  1.01129  1.19778  |||| 1.66939 |||| 1.66939 
1.38528  0.842804  1.38528  0.842804  |||| 2.88589 |||| 2.88589 
1.12103  1.35252  1.12103  1.35252  |||| 2.13144 |||| 2.13144 
1.42451  0.841308  1.42451  0.841308  |||| 3.2119 |||| 3.2119 
0.602461  1.3574  0.602461  1.3574  |||| 1.23904 |||| 1.23904 
0.690099  0.924836  0.690099  0.924836  |||| 0.828299 |||| 0.828299 
1.43328  0.898712  1.43328  0.898712  |||| 3.60791 |||| 3.60791 
1.58202  1.58047  1.58202  1.58047  |||| 4.32105 |||| 4.32105 
0.779438  1.42636  0.779438  1.42636  |||| 1.28708 |||| 1.28708 
1.58514  1.00736  1.58514  1.00736  |||| 4.70179 |||| 4.70179 
1.15102  1.13195  1.15102  1.13195  |||| 3.01991 |||| 3.01991 
0.962028  1.2115  0.962028  1.2115  |||| 2.29894 |||| 2.29894 
1.26134  1.39486  1.26134  1.39486  |||| 3.84192 |||| 3.84192 
1.04663  0.845104  1.04663  0.845104  |||| 2.9599 |||| 2.9599 
1.67544  0.981539  1.67544  0.981539  |||| 6.45089 |||| 6.45089 
1.96006  0.596256  1.96006  0.596256  |||| 8.41344 |||| 8.41344 
1.40101  0.882663  1.40101  0.882663  |||| 5.6029 |||| 5.6029 
0.897849  1.30902  0.897849  1.30902  |||| 2.78308 |||| 2.78308 
1.35972  0.752552  1.35972  0.752552  |||| 6.0966 |||| 6.0966 
0.895131  1.32183  0.895131  1.32183  |||| 3.17566 |||| 3.17566 
1.34576  0.829391  1.34576  0.829391  |||| 6.96265 |||| 6.96265 
2.04501  1.7471  2.04501  1.7471  |||| 13.5269 |||| 13.5269 
1.03332  0.973594  1.03332  0.973594  |||| 5.37274 |||| 5.37274 
0.983407  1.14458  0.983407  1.14458  |||| 5.4234 |||| 5.4234 
1.60729  1.01422  1.60729  1.01422  |||| 13.2544 |||| 13.2544 
1.79471  0.798903  1.79471  0.798903  |||| 17.4707 |||| 17.4707 
1.4221  1.13725  1.4221  1.13725  |||| 14.5406 |||| 14.5406 
1.81934  0.96978  1.81934  0.96978  |||| 24.2626 |||| 24.2626 
0.457669  1.41311  0.457669  1.41311  |||| 0.979388 |||| 0.979388 
2.08294  1.13808  2.08294  1.13808  |||| 45.5075 |||| 45.5075 
2.11058  1.3489  2.11058  1.3489  |||| 64.7941 |||| 64.7941 
1.6687  1.47829  1.6687  1.47829  |||| 79.1207 |||| 79.1207 
1.30292  1.30105  1.30292  1.30105  |||| 165.668 |||| 165.668 
0.999996  0.000117666  1.00013  0.000280494  |||| 0.999974 |||| 2.58271 
0.000109355  0.991015  0.000701036  1.00093  |||| 0.990993 |||| 6.78695 
0.990213  0.00509271  0.990306  0.00506295  |||| 0.995269 |||| 0.995362 
0.970173  0.0150997  1.22354  0.220531  |||| 0.98523 |||| 14.4066 
0.950986  0.0249068  0.952039  0.0247412  |||| 0.975858 |||| 0.976938 
0.932501  0.0345476  1.29636  0.313956  |||| 0.967015 |||| 8.79013 
0.914115  0.0440156  0.916065  0.0507575  |||| 0.958086 |||| 1.1049 
0.896322  0.0533071  0.89571  0.0573083  |||| 0.949592 |||| 1.02073 
0.879032  0.0624652  0.87804  0.0647467  |||| 0.941453 |||| 0.975847 
0.862311  0.0714808  0.891231  0.0858795  |||| 0.933749 |||| 1.12187 
0.845883  0.080354  1.18034  0.531808  |||| 0.926194 |||| 6.13118 
0.829979  0.0891098  0.828845  0.0940377  |||| 0.919048 |||| 0.969844 
0.814176  0.0977097  0.981463  0.348638  |||| 0.911852 |||| 3.25375 
0.799001  0.106238  0.801035  0.108963  |||| 0.905201 |||| 0.928364 
0.78399  0.114627  0.787543  0.129834  |||| 0.898583 |||| 1.01772 
0.769381  0.122937  1.13292  0.390391  |||| 0.892274 |||| 2.83379 
0.755056  0.131136  0.940467  0.428302  |||| 0.886148 |||| 2.89458 
0.741009  0.139229  0.741393  0.139929  |||| 0.880202 |||| 0.884573 
0.727269  0.147256  1.64771  0.899356  |||| 0.87448 |||| 5.34151 
0.713772  0.155182  0.838088  0.238545  |||| 0.868912 |||| 1.33573 
0.700605  0.163051  0.731853  0.17437  |||| 0.863612 |||| 0.923569 
0.68765  0.170833  0.713673  0.177832  |||| 0.85844 |||| 0.893606 
0.674943  0.178543  0.762811  0.220219  |||| 0.853449 |||| 1.05264 
0.662429  0.186188  0.661658  0.186714  |||| 0.848574 |||| 0.850968 
0.650104  0.193755  0.650257  0.207198  |||| 0.843814 |||| 0.902365 
0.638042  0.201277  0.690633  0.306885  |||| 0.839274 |||| 1.27968 
0.626192  0.208737  0.626302  0.20883  |||| 0.834893 |||| 0.83523 
0.614504  0.21615  0.613264  0.217279  |||| 0.830609 |||| 0.83495 
0.602995  0.223497  0.639221  0.234446  |||| 0.826452 |||| 0.876104 
0.591747  0.230835  0.712377  0.492451  |||| 0.822538 |||| 1.75484 
0.580578  0.238089  0.5806  0.23809  |||| 0.818625 |||| 0.818655 
0.569636  0.245326  0.570011  0.246058  |||| 0.814921 |||| 0.817342 
0.558786  0.2525  0.576237  0.25067  |||| 0.811241 |||| 0.836578 
0.548163  0.259668  0.544395  0.265452  |||| 0.807786 |||| 0.825781 
0.53781  0.266864  0.539931  0.277811  |||| 0.804629 |||| 0.837639 
0.527314  0.273887  0.52739  0.273977  |||| 0.801156 |||| 0.801421 
0.517141  0.280974  0.516384  0.281586  |||| 0.798073 |||| 0.799805 
0.507042  0.288004  0.507792  0.350189  |||| 0.795008 |||| 0.966656 
0.497042  0.295  0.494294  0.298775  |||| 0.791998 |||| 0.80213 
0.487246  0.30202  0.48689  0.378288  |||| 0.789222 |||| 0.988534 
0.477537  0.308998  0.492993  0.40917  |||| 0.786494 |||| 1.04147 
0.467974  0.315959  0.532335  0.332195  |||| 0.783919 |||| 0.891736 
0.458468  0.322927  0.449731  0.357624  |||| 0.78135 |||| 0.865308 
0.44909  0.329868  0.449092  0.329872  |||| 0.778914 |||| 0.778923 
0.439834  0.336814  0.435983  0.366524  |||| 0.776604 |||| 0.84511 
0.430688  0.343765  0.433305  0.343185  |||| 0.774408 |||| 0.779114 
0.421674  0.350739  0.423029  0.349736  |||| 0.772371 |||| 0.774854 
0.412681  0.357657  0.414526  0.360176  |||| 0.770297 |||| 0.775716 
0.403791  0.364592  0.403806  0.364605  |||| 0.768339 |||| 0.768368 
0.394989  0.371525  0.405334  0.491587  |||| 0.76647 |||| 1.01418 
0.386298  0.378494  0.377121  0.441848  |||| 0.764748 |||| 0.892762 
0.377683  0.385469  0.378859  0.384614  |||| 0.763107 |||| 0.765485 
0.369143  0.392463  0.36277  0.399953  |||| 0.761568 |||| 0.776103 
0.360675  0.399456  0.378508  0.394708  |||| 0.760088 |||| 0.797669 
0.352288  0.406481  0.382277  0.399076  |||| 0.758726 |||| 0.823318 
0.343978  0.413541  0.343371  0.414071  |||| 0.757476 |||| 0.758445 
0.33572  0.420611  0.33635  0.420286  |||| 0.756289 |||| 0.757704 
0.327543  0.427729  0.327094  0.42814  |||| 0.755229 |||| 0.755955 
0.319431  0.434875  0.465584  0.483003  |||| 0.754266 |||| 1.0994 
0.311348  0.442026  0.390614  0.452089  |||| 0.753331 |||| 0.945135 
0.303348  0.449255  0.281689  0.494548  |||| 0.752561 |||| 0.828437 
0.295395  0.456508  0.295397  0.45651  |||| 0.751859 |||| 0.751862 
0.287505  0.463828  0.289132  0.465011  |||| 0.751289 |||| 0.755541 
0.279657  0.471194  0.286994  0.465681  |||| 0.75081 |||| 0.770501 
0.271873  0.478632  0.284574  0.470192  |||| 0.750461 |||| 0.785523 
0.264114  0.486109  0.262316  0.509556  |||| 0.750181 |||| 0.786367 
0.256426  0.493691  0.258731  0.492312  |||| 0.750075 |||| 0.756819 
0.248737  0.501288  0.247545  0.508032  |||| 0.749986 |||| 0.760076 
0.241107  0.508982  0.249639  0.516174  |||| 0.750046 |||| 0.776584 
0.233521  0.516782  0.378896  0.471935  |||| 0.750259 |||| 1.21737 
0.22598  0.524703  0.22732  0.523292  |||| 0.750639 |||| 0.755093 
0.218449  0.53268  0.199098  0.572052  |||| 0.751085 |||| 0.806603 
0.210949  0.540764  0.208272  0.546237  |||| 0.751669 |||| 0.759277 
0.203462  0.548974  0.206072  0.550475  |||| 0.752409 |||| 0.761996 
0.196026  0.557306  0.198391  0.555366  |||| 0.753294 |||| 0.762359 
0.188622  0.565833  0.201837  0.553488  |||| 0.754415 |||| 0.807258 
0.181198  0.574404  0.181425  0.574624  |||| 0.755563 |||| 0.756486 
0.173798  0.583134  0.12525  0.65661  |||| 0.756888 |||| 0.85226 
0.166425  0.592117  0.197898  0.571407  |||| 0.758501 |||| 0.901942 
0.159045  0.601205  0.161899  0.597747  |||| 0.760206 |||| 0.773849 
0.151687  0.610579  0.146078  0.618109  |||| 0.762224 |||| 0.771625 
0.144328  0.620158  0.145077  0.620623  |||| 0.764445 |||| 0.768397 
0.136967  0.629984  0.14824  0.617835  |||| 0.766909 |||| 0.83002 
0.129595  0.640053  0.142124  0.63019  |||| 0.769607 |||| 0.843999 
0.12222  0.650442  0.0653802  0.770644  |||| 0.77262 |||| 0.915405 
0.114832  0.661188  0.154506  0.608663  |||| 0.775979 |||| 1.0441 
0.10743  0.672335  0.0656269  0.752529  |||| 0.779723 |||| 0.872729 
0.0999986  0.683864  0.0603367  0.766507  |||| 0.783819 |||| 0.878543 
0.0925377  0.695906  0.115969  0.665318  |||| 0.788401 |||| 0.98807 
0.0850382  0.708494  0.0846446  0.709177  |||| 0.793489 |||| 0.794253 
0.0774892  0.721762  0.0987026  0.687476  |||| 0.799215 |||| 1.01796 
0.0698913  0.735727  0.0327717  0.82246  |||| 0.805576 |||| 0.900547 
0.0622268  0.750626  0.0854403  0.722303  |||| 0.812809 |||| 1.11613 
0.0544815  0.766669  0.103526  0.721786  |||| 0.821108 |||| 1.56051 
0.0466432  0.78411  0.049129  0.78623  |||| 0.830709 |||| 0.874992 
0.0386858  0.803366  0.036019  0.812293  |||| 0.842007 |||| 0.851364 
0.0305842  0.825194  0.0307996  0.825716  |||| 0.855734 |||| 0.861763 
0.0222877  0.850835  0.0129413  0.886763  |||| 0.873085 |||| 0.909954 
0.0137419  0.882924  0.0137468  0.883991  |||| 0.896625 |||| 0.897709 
0.00477457  0.931044  0.02843  0.838421  |||| 0.935797 |||| 5.5679 
