0.337012687525455
0.358454685426141
0.278044761462232
0.629842639646458
0.627008194168037
0.346821397238688
0.402573635496648
0.643602596624966
0.146969710806845
0.408411875346791
0.324917757319479
0.642845908148186
0.151096898583298
0.397236235195228
0.358942479795188
0.213531784674244
0.402418819089728
0.313297081473295
0.305868880769909
0.36363711717201
0.322261134922444
0.349476048623488
0.379893982049238
0.277545842692877
0.468839707933874
0.318934888418761
0.269294252123946
0.339046264594383
0.281987580864096
0.269796381207394
0.211284968826848
0.57600861497607
0.146481776570503
0.359329790004934
0.215239052157788
