0.000182869 0.993871
1.0122 0.00361987
0.00483307 0.931227
0.0138042 0.884153
0.0223264 0.851708
0.030605 0.826357
0.0385682 0.80418
0.0465217 0.785308
0.05436 0.767507
0.0620247 0.751408
0.0697282 0.736493
0.077292 0.722399
0.0847969 0.709263
0.0922767 0.696667
0.0997215 0.684742
0.107118 0.673247
0.114476 0.662064
0.121825 0.651531
0.129068 0.641103
0.136545 0.631033
0.143831 0.621379
0.151173 0.611785
0.158233 0.602484
0.165832 0.593178
0.173187 0.584512
0.180598 0.575648
0.187922 0.566924
0.195269 0.558633
0.202764 0.550338
0.210202 0.542177
0.217793 0.534314
0.225247 0.526383
0.232656 0.518308
0.240145 0.510341
0.247744 0.502607
0.255524 0.495286
0.263203 0.487827
0.270913 0.480296
0.278869 0.473116
0.286498 0.46571
0.294604 0.458629
0.302312 0.451293
0.310115 0.443639
0.318389 0.436881
0.326445 0.429637
0.334544 0.422319
0.342579 0.415323
0.350825 0.408083
0.359297 0.401397
0.367912 0.394599
0.376512 0.387827
0.385226 0.380862
0.393835 0.373941
0.402441 0.366723
0.411154 0.359746
0.420077 0.352793
0.429564 0.346028
0.438073 0.338851
0.447492 0.33217
0.457488 0.325664
0.465906 0.318305
0.476052 0.31155
0.485704 0.304518
0.495716 0.297564
0.505036 0.290277
0.515145 0.283375
0.525747 0.276542
0.535253 0.2691
0.546235 0.262154
0.557487 0.255277
0.567952 0.248392
0.579436 0.240749
0.589838 0.233583
0.601005 0.226317
0.612803 0.218981
0.624922 0.21157
0.636551 0.204312
0.648984 0.196633
0.660154 0.189004
0.672029 0.181252
0.685473 0.173774
0.700278 0.166193
0.712971 0.158352
0.725483 0.150332
0.743427 0.143095
0.752934 0.13418
0.768219 0.126072
0.782814 0.117669
0.797843 0.109341
0.819026 0.100473
0.82819 0.0923144
0.847053 0.0839541
0.866116 0.0751838
0.881885 0.0660543
0.898189 0.056865
0.914851 0.0466666
0.935326 0.03799
0.958177 0.0272624
0.978142 0.0175757
0.994036 0.00782516
