0.999953 3.04366e-05
1.71833e-10 0.999999
0.989964 0.00505593
0.970342 0.0149979
0.951003 0.0248861
0.932405 0.0345206
0.914325 0.0439945
0.896672 0.0532618
0.879337 0.0624218
0.862595 0.0714565
0.846063 0.0803524
0.830083 0.0890823
0.814457 0.0977261
0.799094 0.106244
0.784175 0.114641
0.769461 0.122955
0.755177 0.13111
0.741192 0.139171
0.727424 0.147257
0.713927 0.15519
0.700638 0.163021
0.687768 0.170844
0.675049 0.178539
0.662521 0.186198
0.650216 0.193732
0.638116 0.201266
0.626228 0.208725
0.614567 0.216143
0.603061 0.223511
0.591751 0.230832
0.58064 0.238105
0.569697 0.245328
0.558876 0.252526
0.548208 0.259667
0.537698 0.266797
0.52736 0.273923
0.517143 0.280961
0.507051 0.287999
0.497093 0.295017
0.487267 0.302025
0.477569 0.309024
0.467974 0.315982
0.458511 0.322945
0.449132 0.329907
0.439859 0.336846
0.430735 0.343779
0.421656 0.35072
0.412708 0.357677
0.403809 0.364605
0.395024 0.371556
0.386343 0.378536
0.377711 0.385503
0.369178 0.392489
0.360716 0.399501
0.352333 0.40652
0.344015 0.413584
0.335776 0.42067
0.327576 0.4278
0.319459 0.434927
0.311363 0.442088
0.303361 0.449323
0.295426 0.456575
0.287517 0.4639
0.279695 0.471234
0.271872 0.478688
0.264124 0.486143
0.256412 0.493725
0.248766 0.501356
0.241122 0.509053
0.233539 0.516873
0.225982 0.524748
0.218454 0.532703
0.210966 0.540838
0.203478 0.549033
0.195998 0.5574
0.188607 0.565853
0.181206 0.574466
0.173809 0.583276
0.166385 0.592244
0.15906 0.601304
0.151665 0.610696
0.144341 0.620308
0.136961 0.630129
0.129594 0.640173
0.122203 0.650554
0.114777 0.661387
0.107444 0.672553
0.0999914 0.684014
0.0925532 0.696184
0.084989 0.708713
0.0774788 0.72198
0.0699016 0.736043
0.0622236 0.750876
0.0544722 0.767204
0.0466514 0.784646
0.0386134 0.804306
0.0303706 0.826914
0.0223026 0.853439
0.0137781 0.888877
0.00443775 0.944355
