0.999923 0.000111662
4.85697e-05 0.999953
0.995426 0.00504557
0.990085 0.0136831
0.977762 0.0252349
0.968913 0.0348284
0.961095 0.0440908
0.945798 0.0562403
0.9366 0.065897
0.923503 0.0765475
0.914462 0.0866214
0.90785 0.0971095
0.896693 0.107026
0.886935 0.116943
0.875124 0.127951
0.866797 0.137979
0.853217 0.148141
0.845555 0.158797
0.833828 0.168773
0.821863 0.178675
0.811722 0.188903
0.801267 0.199006
0.791404 0.209295
0.782049 0.21976
0.772662 0.229787
0.762571 0.240028
0.752008 0.250153
0.74155 0.260803
0.730658 0.270808
0.720502 0.281055
0.709957 0.291142
0.699843 0.301372
0.689373 0.311502
0.679061 0.321678
0.668605 0.331764
0.658368 0.341964
0.648176 0.352091
0.637959 0.362364
0.627729 0.372537
0.617547 0.382786
0.607355 0.392991
0.59709 0.403147
0.586851 0.413364
0.576656 0.423566
0.566388 0.433726
0.556217 0.443961
0.545973 0.454151
0.535765 0.464343
0.525554 0.474528
0.515336 0.48473
0.505127 0.49493
0.494932 0.505141
0.484722 0.515312
0.474515 0.525549
0.464296 0.535733
0.454095 0.545935
0.443891 0.556142
0.43368 0.566339
0.423473 0.576543
0.413269 0.586744
0.403064 0.596946
0.39286 0.607149
0.382656 0.617352
0.372452 0.627555
0.362247 0.637758
0.352044 0.647962
0.341839 0.658165
0.331634 0.668368
0.321432 0.678572
0.311226 0.688776
0.301023 0.698979
0.290819 0.709183
0.280615 0.719387
0.270411 0.72959
0.260207 0.739794
0.250004 0.749997
0.2398 0.760201
0.229596 0.770404
0.219393 0.780611
0.209189 0.790812
0.198984 0.801017
0.188781 0.81122
0.178576 0.821425
0.168373 0.831629
0.158168 0.841832
0.147965 0.852037
0.137761 0.862239
0.127558 0.872443
0.117354 0.882647
0.10715 0.892852
0.0969463 0.903057
0.0867422 0.913258
0.0765384 0.923463
0.0663339 0.933668
0.0561285 0.943875
0.0459272 0.954074
0.0357234 0.964278
0.0255189 0.97449
0.0153156 0.984686
0.00505535 0.994948
