0.999919 0.000107736
9.32817e-05 0.999953
0.995863 0.00505327
0.98826 0.0152527
0.980193 0.0253584
0.971103 0.0345164
0.956522 0.0458189
0.947252 0.0561274
0.934275 0.0663031
0.923503 0.0765399
0.914916 0.0868267
0.90528 0.0968817
0.894403 0.10684
0.884023 0.117445
0.874521 0.127704
0.864488 0.138056
0.85418 0.14833
0.843285 0.158385
0.832761 0.168557
0.821741 0.178643
0.811494 0.188845
0.801146 0.199003
0.791983 0.209462
0.782114 0.219573
0.771973 0.229978
0.761177 0.239842
0.75086 0.250276
0.740939 0.260475
0.73064 0.270785
0.720022 0.280869
0.709866 0.291085
0.699374 0.301193
0.689141 0.311364
0.679077 0.321625
0.668729 0.331817
0.658435 0.34196
0.648247 0.352215
0.637956 0.362342
0.627665 0.372536
0.617532 0.382733
0.607245 0.392916
0.597033 0.40313
0.586831 0.413328
0.57666 0.423557
0.566383 0.433715
0.55617 0.443917
0.545983 0.454137
0.535775 0.46433
0.525545 0.474516
0.515353 0.484736
0.505123 0.494925
0.494937 0.505138
0.484736 0.515346
0.474528 0.525543
0.464317 0.535744
0.454101 0.545933
0.443893 0.556135
0.433691 0.566343
0.423479 0.576538
0.413275 0.586741
0.403071 0.59695
0.392865 0.607144
0.382663 0.61735
0.372456 0.627551
0.362252 0.637756
0.352047 0.647957
0.341846 0.658164
0.331639 0.668366
0.321436 0.678568
0.311231 0.688773
0.301026 0.698978
0.290823 0.709179
0.280618 0.719386
0.270417 0.729591
0.260211 0.739791
0.250008 0.749995
0.239804 0.760199
0.229601 0.770405
0.219397 0.780607
0.209192 0.790809
0.198988 0.801014
0.188784 0.811218
0.17858 0.821421
0.168376 0.831626
0.158172 0.84183
0.147968 0.852034
0.137765 0.862238
0.127561 0.872441
0.117357 0.882644
0.107153 0.892848
0.0969494 0.903052
0.0867441 0.913258
0.0765417 0.92346
0.0663377 0.933665
0.0561334 0.943868
0.0459303 0.954075
0.0357245 0.964278
0.0255214 0.974481
0.0153152 0.984689
0.0050936 0.994913
