2.08838 0.109736
0.109555 4.10952
2.03131 0.119393
1.99578 0.138856
1.9735 0.158332
1.95603 0.177925
1.94116 0.19769
1.92792 0.217657
1.91581 0.237851
1.90451 0.258291
1.89381 0.278993
1.88357 0.299968
1.87367 0.321232
1.86404 0.342795
1.8546 0.364664
1.84531 0.386848
1.8361 0.409358
1.82693 0.432198
1.81777 0.455374
1.80857 0.47889
1.7993 0.502752
1.78991 0.526955
1.78036 0.551498
1.77062 0.576376
1.76062 0.60158
1.75031 0.627096
1.73963 0.652898
1.72849 0.678957
1.71679 0.705228
1.7044 0.731643
1.69115 0.758108
1.6768 0.784486
1.66101 0.810571
1.64327 0.836041
1.62269 0.860338
1.59769 0.882452
1.56489 0.900237
1.51725 0.909118
1.45892 0.91039
1.41668 0.919752
1.38747 0.936424
1.36474 0.957058
1.34565 0.980184
1.32884 1.00513
1.31355 1.03152
1.29933 1.05918
1.28586 1.08797
1.27293 1.1178
1.26037 1.14863
1.24805 1.18041
1.23587 1.21311
1.22372 1.24669
1.21152 1.28112
1.19918 1.31633
1.18659 1.35228
1.17367 1.38888
1.16031 1.42601
1.14636 1.4635
1.13167 1.50111
1.11604 1.53851
1.09918 1.57521
1.08073 1.61047
1.06017 1.64322
1.03674 1.6718
1.00941 1.69382
0.977151 1.70644
0.940543 1.70952
0.903976 1.71063
0.87201 1.71919
0.845181 1.73759
0.822204 1.76437
0.801855 1.79781
0.78326 1.83671
0.765824 1.88026
0.749113 1.92793
0.732796 1.97931
0.716598 2.03404
0.700269 2.09176
0.683561 2.15197
0.666205 2.21398
0.647894 2.27674
0.62825 2.33858
0.606793 2.3969
0.582921 2.44775
0.555976 2.48572
0.525637 2.50568
0.492974 2.50953
0.460875 2.51266
0.431753 2.53312
0.405814 2.57847
0.382118 2.64878
0.35957 2.74218
0.337166 2.85619
0.313912 2.98644
0.288705 3.12274
0.260289 3.24172
0.227867 3.30431
0.193369 3.31174
0.160789 3.40641
0.128501 3.80639
