1.9999 0.00020139
0.000410541 3.99921
1.99489 0.0102399
1.98464 0.0307478
1.97416 0.0516849
1.96364 0.0727369
1.95301 0.0940028
1.94226 0.115494
1.9314 0.137212
1.92043 0.159159
1.90934 0.181336
1.89813 0.20376
1.8868 0.226418
1.87535 0.249315
1.86376 0.272485
1.85206 0.295895
1.84023 0.319565
1.82827 0.343491
1.81616 0.367692
1.80393 0.39216
1.79155 0.416909
1.77904 0.441933
1.76639 0.46724
1.75358 0.492846
1.74064 0.518736
1.72754 0.544935
1.71429 0.571436
1.70088 0.598248
1.68732 0.625369
1.6736 0.652813
1.65971 0.680599
1.64565 0.708707
1.63143 0.737157
1.61703 0.765961
1.60245 0.795113
1.5877 0.82462
1.57276 0.854495
1.55764 0.884745
1.54233 0.915362
1.52682 0.946375
1.51112 0.97778
1.49522 1.00958
1.47912 1.04178
1.46279 1.07444
1.44627 1.10749
1.42951 1.14099
1.41255 1.17492
1.39536 1.2093
1.37794 1.24415
1.36028 1.27947
1.34239 1.31525
1.32424 1.35153
1.30585 1.38831
1.28721 1.42561
1.2683 1.46342
1.24914 1.50175
1.2297 1.54063
1.20997 1.58007
1.18997 1.62008
1.16969 1.66065
1.1491 1.70182
1.12822 1.74359
1.10702 1.78598
1.08551 1.829
1.06368 1.87266
1.04152 1.91697
1.01902 1.96197
0.99618 2.00766
0.972989 2.05405
0.949435 2.10116
0.925501 2.14902
0.901202 2.19762
0.876506 2.24701
0.851417 2.29719
0.825923 2.34817
0.800011 2.40001
0.773678 2.45268
0.746908 2.50621
0.719684 2.56067
0.691998 2.61602
0.663846 2.67234
0.635211 2.72961
0.606071 2.78788
0.576434 2.84716
0.546273 2.90748
0.51557 2.96889
0.484321 3.03139
0.452502 3.09502
0.42011 3.15981
0.387114 3.2258
0.353506 3.29302
0.319267 3.3615
0.284375 3.43128
0.248825 3.50238
0.212582 3.57486
0.175618 3.64879
0.137949 3.72413
0.0995161 3.801
0.0603199 3.87939
0.020318 3.9594
