0.00104353 4.00071
2.00071 0.00078644
0.021198 4.0005
0.0628542 3.99877
0.10526 3.99524
0.148452 3.98978
0.192338 3.9823
0.236885 3.97272
0.282032 3.96094
0.32771 3.94688
0.373907 3.93045
0.42052 3.91159
0.467455 3.89025
0.514646 3.86638
0.562004 3.83995
0.609442 3.81092
0.656877 3.7793
0.704197 3.74509
0.751319 3.70831
0.79816 3.66898
0.844606 3.62718
0.890572 3.58296
0.935962 3.53641
0.98068 3.48762
1.02468 3.43668
1.06784 3.38374
1.11011 3.32891
1.15141 3.27232
1.1917 3.21414
1.23091 3.1545
1.269 3.09356
1.30593 3.03148
1.34167 2.96841
1.3762 2.90451
1.40949 2.83995
1.44155 2.77485
1.47236 2.70939
1.50192 2.64369
1.53026 2.57788
1.55737 2.51212
1.58328 2.44649
1.608 2.38113
1.63157 2.31612
1.654 2.25158
1.67534 2.18758
1.69561 2.12419
1.71484 2.06152
1.73308 1.99959
1.75035 1.93848
1.7667 1.87822
1.78216 1.81888
1.79676 1.76047
1.81055 1.70303
1.82355 1.64658
1.83582 1.59112
1.84737 1.53671
1.85825 1.48332
1.86848 1.43098
1.8781 1.37967
1.88714 1.32941
1.89563 1.28018
1.90359 1.23198
1.91107 1.18481
1.91807 1.13864
1.92462 1.09349
1.93076 1.04932
1.9365 1.00611
1.94186 0.963867
1.94687 0.922568
1.95154 0.882185
1.95589 0.84272
1.95995 0.804125
1.96372 0.766419
1.96722 0.729544
1.97048 0.693511
1.97349 0.658299
1.97629 0.623874
1.97887 0.590219
1.98125 0.557329
1.98344 0.525168
1.98546 0.493731
1.9873 0.462999
1.989 0.432928
1.99054 0.40355
1.99194 0.374814
1.99321 0.346692
1.99435 0.319219
1.99538 0.292323
1.9963 0.266018
1.99712 0.240272
1.99783 0.215084
1.99845 0.190436
1.99899 0.166309
1.99945 0.142692
1.99982 0.119561
2.00013 0.0969351
2.00036 0.0747656
2.00053 0.0530576
2.00065 0.0317819
2.0007 0.0109484
