0.328918  0.705182  3.93541  0.874209  8.86936  8.16385  6.38208  3.70589  7.76078  3.19105  6.81922  17.3295  9.30487  5.96632  1.50526  25.965  3.40341  1.48556  14.5498  36.956  22.6013  12.5359  27.3018  44.6853  0.164459  0.176296  0.655901  0.109276  0.886936  0.680321  0.455863  0.231618  0.431154  0.159553  0.309964  0.722061  0.357879  0.213083  0.0501754  0.811405  0.1001  0.0412656  0.382889  0.9239  0.538125  0.284906  0.593516  0.930944  
0.127647  0.631434  0.865012  3.75414  9.7431  1.84703  13.4225  3.45247  1.92009  13.9097  2.7372  8.75902  21.4275  13.3951  8.07518  30.8325  7.31874  32.6744  11.0075  24.1332  32.725  10.4003  15.5698  5.66291  0.0638236  0.157859  0.144169  0.469268  0.97431  0.153919  0.958751  0.215779  0.106672  0.695483  0.124418  0.364959  0.824134  0.478395  0.269173  0.963517  0.215257  0.907622  0.289671  0.60333  0.779168  0.23637  0.338473  0.117977  
0.0578291  1.24677  1.14096  3.62222  6.78516  3.50557  9.3211  11.1017  17.5083  15.8647  17.4759  19.3691  25.2875  18.0295  25.6916  18.6288  25.8319  15.5336  29.3023  33.6236  6.1517  29.5679  18.5802  37.6636  0.0289146  0.311693  0.190161  0.452778  0.678516  0.292131  0.665793  0.693858  0.972684  0.793235  0.794361  0.807047  0.972596  0.643912  0.856388  0.58215  0.75976  0.431489  0.771113  0.840591  0.146469  0.671999  0.403918  0.784659  
1.18685  3.32198  0.92528  0.0763124  9.551  5.85891  11.5717  1.18762  9.62126  11.4944  5.00458  17.3496  6.62873  8.46326  22.9089  24.8175  11.4145  25.3277  35.6863  34.7353  25.5544  13.2532  4.3939  41.9847  0.593426  0.830496  0.154213  0.00953904  0.9551  0.488242  0.826548  0.074226  0.534514  0.574719  0.227481  0.722901  0.254951  0.302259  0.763629  0.775548  0.335721  0.703547  0.939113  0.868383  0.608438  0.30121  0.0955196  0.87468  
1.95715  2.35527  3.59895  7.85375  9.10288  6.27335  1.56662  15.9367  0.263009  19.2976  20.442  5.58783  24.597  21.9363  14.4266  24.7274  23.1086  15.697  8.94043  35.4415  40.156  19.8146  12.7059  25.5269  0.978576  0.588817  0.599825  0.981719  0.910288  0.522779  0.111901  0.996045  0.0146116  0.964881  0.929183  0.232826  0.946039  0.78344  0.480885  0.772733  0.679663  0.436028  0.235274  0.886038  0.956095  0.450332  0.276214  0.53181  
0.558088  0.0211929  1.93398  7.21981  1.81126  5.69634  12.8574  9.72019  9.8305  16.3713  11.3052  6.72012  16.7171  2.63194  11.9827  4.33976  32.4036  18.6865  9.50289  11.7738  26.6937  7.22175  11.5302  21.7384  0.279044  0.00529822  0.32233  0.902477  0.181126  0.474695  0.918383  0.607512  0.546139  0.818563  0.513873  0.280005  0.642967  0.0939978  0.399422  0.135618  0.953046  0.519069  0.250076  0.294345  0.635564  0.164131  0.250657  0.452884  
0.739557  3.19066  0.301491  1.35565  1.33831  5.72065  9.8192  0.490678  14.8358  1.88588  5.43005  1.40483  20.3363  5.15669  26.2773  27.6674  22.3009  0.193174  33.1199  3.0785  7.56318  31.837  1.13245  15.1124  0.369778  0.797664  0.0502484  0.169457  0.133831  0.476721  0.701372  0.0306674  0.824209  0.094294  0.246821  0.0585344  0.782164  0.184167  0.875909  0.864607  0.65591  0.00536596  0.871576  0.0769626  0.180076  0.723568  0.0246185  0.314842  
0.562049  2.36819  1.79686  0.977207  9.72512  9.25335  3.57979  4.08283  4.34281  17.7337  6.05349  21.9019  16.3364  6.43554  23.2636  12.0288  21.0252  15.8048  30.7153  27.9053  3.33782  19.4922  38.3944  35.8675  0.281025  0.592048  0.299476  0.122151  0.972512  0.771113  0.255699  0.255177  0.241267  0.886683  0.275159  0.912581  0.628325  0.229841  0.775453  0.375899  0.618389  0.439022  0.808297  0.697632  0.0794718  0.443004  0.83466  0.747239  
1.18588  1.01376  5.72372  1.64467  6.85669  4.00089  5.21584  4.9074  2.69933  15.3228  2.21079  23.0696  0.402889  26.8153  18.8679  13.0973  20.2619  17.0742  5.71581  20.0319  4.31613  7.8051  11.7999  30.7007  0.59294  0.253441  0.953953  0.205583  0.685669  0.333408  0.37256  0.306713  0.149963  0.766139  0.10049  0.961235  0.0154957  0.95769  0.628931  0.409291  0.595938  0.474282  0.150416  0.500796  0.102765  0.177389  0.25652  0.639598  
1.57201  1.18652  1.61233  2.93918  3.55163  3.00352  3.93955  8.10404  2.94064  9.29423  7.95041  18.7609  13.4731  16.1405  28.2206  11.8029  27.911  15.0727  14.9226  25.7181  31.4006  29.9709  45.6341  34.9716  0.786006  0.29663  0.268722  0.367397  0.355163  0.250293  0.281396  0.506502  0.163369  0.464712  0.361382  0.781703  0.518197  0.576445  0.940686  0.368841  0.820911  0.418687  0.392701  0.642953  0.747634  0.681157  0.992046  0.728575  
1.48554  3.42097  4.21805  0.759197  7.40878  11.2543  9.35165  1.89605  10.8963  5.85669  0.362925  13.1876  24.2564  10.4419  5.98531  3.3779  31.5972  32.6626  0.311507  11.2215  33.0753  9.58056  14.4312  21.9974  0.742771  0.855242  0.703009  0.0948996  0.740878  0.937855  0.667975  0.118503  0.605351  0.292835  0.0164966  0.549484  0.93294  0.372924  0.19951  0.105559  0.929329  0.907293  0.00819755  0.280538  0.787507  0.21774  0.313722  0.458279  
1.65285  1.64971  4.07846  2.59545  0.735602  7.79461  13.4168  13.702  13.2148  10.3573  8.07527  22.9526  3.58238  15.1335  22.3811  16.5367  29.5995  27.1908  23.8525  39.65  24.8107  12.6677  0.57394  34.7915  0.826424  0.412427  0.679744  0.324432  0.0735602  0.649551  0.958339  0.856376  0.734155  0.517864  0.367058  0.95636  0.137784  0.54048  0.746038  0.516771  0.870572  0.755299  0.627698  0.99125  0.590731  0.287901  0.012477  0.724823  
0.873961  1.1726  5.4535  0.200262  3.63927  3.44845  2.09922  12.3922  0.231635  13.4978  17.1894  18.9628  14.3853  9.02202  15.0723  0.305458  15.2026  13.1093  4.49242  2.22426  3.55786  4.28559  13.152  20.4329  0.436981  0.293151  0.908916  0.0250328  0.363927  0.287371  0.149944  0.774511  0.0128686  0.67489  0.781336  0.790117  0.553281  0.322215  0.50241  0.00954556  0.447136  0.364148  0.118221  0.0556065  0.0847109  0.0973997  0.285913  0.425686  
1.59455  2.99528  4.45762  0.784366  1.70054  5.16292  9.76139  10.8374  14.2546  13.335  20.2794  19.3431  13.6977  1.59005  20.5624  2.05369  6.00869  20.3763  30.3189  23.5888  8.39985  14.752  24.3563  24.6921  0.797276  0.748821  0.742936  0.0980458  0.170054  0.430244  0.697242  0.677339  0.791925  0.66675  0.921791  0.805964  0.526834  0.0567874  0.685413  0.0641779  0.176726  0.566008  0.797867  0.58972  0.199996  0.335273  0.529485  0.514419  
1.03617  0.593522  2.1701  4.90405  9.57807  2.68958  3.42805  9.88099  11.494  19.708  14.2106  0.539355  9.21051  3.58374  6.23591  26.6804  8.64584  32.5296  8.64153  10.7273  27.9647  31.0654  39.3665  38.8495  0.518086  0.148381  0.361683  0.613006  0.957807  0.224131  0.244861  0.617562  0.638558  0.985399  0.645938  0.0224731  0.354251  0.127991  0.207864  0.833762  0.254289  0.903601  0.227409  0.268181  0.665826  0.706032  0.855793  0.809365  
0.72497  3.12143  0.641956  3.30926  2.91492  10.0913  0.474976  7.77355  4.33363  8.05122  16.1696  17.6033  13.0274  13.2355  26.5834  22.83  12.3788  12.8555  3.11745  30.1345  11.3468  18.2922  35.0394  14.0576  0.362485  0.780358  0.106993  0.413657  0.291492  0.840946  0.0339268  0.485847  0.240757  0.402561  0.734983  0.73347  0.501053  0.472695  0.886115  0.713437  0.364084  0.357098  0.0820381  0.753364  0.270163  0.415732  0.761725  0.292866  
0.936657  2.14243  2.69516  5.94011  1.59037  7.06019  0.589379  3.72533  14.5212  8.19876  4.2075  2.03431  15.9469  11.1673  22.5161  28.8549  5.8173  1.84462  1.30014  19.4754  40.0559  28.2943  36.8082  37.574  0.468329  0.535608  0.449193  0.742514  0.159037  0.588349  0.0420985  0.232833  0.806735  0.409938  0.19125  0.0847631  0.613341  0.398832  0.750537  0.901715  0.171097  0.0512395  0.0342142  0.486886  0.953711  0.643053  0.800178  0.782793  
1.66751  0.921216  0.835595  2.67027  7.1129  3.65318  7.16686  1.25208  17.8796  7.66665  2.97832  17.8387  0.658971  21.6717  7.56949  14.3069  3.78731  6.8581  36.3235  1.69162  14.5759  11.3626  7.19093  9.82516  0.833757  0.230304  0.139266  0.333783  0.71129  0.304431  0.511918  0.0782551  0.993311  0.383333  0.135378  0.74328  0.025345  0.773989  0.252316  0.447091  0.111391  0.190503  0.955881  0.0422904  0.347046  0.25824  0.156324  0.204691  
1.1218  1.09016  4.85353  7.03037  2.43  6.80512  10.0198  0.168972  13.524  13.6315  3.27654  4.84564  13.51  14.4191  19.0029  22.3723  8.54047  31.3977  10.6643  35.8781  0.513446  3.47336  0.9917  13.7302  0.560901  0.272541  0.808921  0.878796  0.243  0.567093  0.715699  0.0105607  0.751333  0.681576  0.148933  0.201902  0.519616  0.514968  0.633431  0.699134  0.25119  0.872157  0.28064  0.896953  0.0122249  0.0789401  0.0215587  0.286045  
0.529031  3.2695  4.59744  6.7255  6.27428  4.46306  12.7971  13.1503  5.75988  15.2294  8.86903  22.8825  16.8957  11.5308  15.8644  12.6789  2.20378  2.40036  27.2501  16.8452  33.6908  42.1802  14.189  13.7692  0.264515  0.817374  0.766239  0.840687  0.627428  0.371922  0.91408  0.821891  0.319993  0.76147  0.403138  0.953437  0.649836  0.411815  0.528812  0.396215  0.0648171  0.0666767  0.717109  0.421129  0.802163  0.958641  0.308456  0.286858  
0.213447  3.82236  2.31134  1.82203  1.65699  8.20574  2.53876  9.7965  3.45209  5.34928  2.65142  12.552  23.8348  4.14292  7.08834  19.1899  32.6901  26.0169  15.1835  10.4989  23.9601  36.7719  12.7938  25.7111  0.106724  0.95559  0.385223  0.227753  0.165699  0.683812  0.18134  0.612281  0.191783  0.267464  0.120519  0.523  0.916723  0.147961  0.236278  0.599686  0.961474  0.722693  0.399565  0.262471  0.570477  0.835725  0.278125  0.535649  
1.0223  1.54694  3.2237  4.20534  0.634245  7.15186  6.70899  3.94196  15.0252  8.74966  18.6782  7.31958  3.12201  6.49837  6.0058  10.4722  2.45398  0.761475  23.3212  37.342  12.4785  27.4766  35.8758  16.9791  0.511149  0.386736  0.537284  0.525668  0.0634245  0.595988  0.479213  0.246372  0.834732  0.437483  0.849011  0.304982  0.120077  0.232085  0.200193  0.327256  0.072176  0.0211521  0.613715  0.933549  0.297107  0.624469  0.779908  0.353732  
1.63776  2.24824  1.8817  6.58146  6.46723  6.35927  13.1349  9.98154  8.16916  10.2233  5.12792  17.063  1.10977  6.40019  4.93216  31.2148  29.7483  27.2408  22.8047  34.715  27.9688  18.4189  38.4809  25.1443  0.81888  0.562061  0.313616  0.822682  0.646723  0.529939  0.938206  0.623846  0.453842  0.511165  0.233087  0.710959  0.0426834  0.228578  0.164405  0.975463  0.874949  0.756688  0.600124  0.867875  0.665923  0.418612  0.836541  0.52384  
1.71065  2.74068  0.605935  2.78987  7.06876  8.78218  8.8998  9.47884  16.072  13.3595  5.74726  7.71804  10.0151  11.7408  25.2822  25.0239  25.9945  11.9982  14.6205  13.5002  20.3167  10.5321  6.99802  29.983  0.855326  0.685171  0.100989  0.348733  0.706876  0.731848  0.6357  0.592427  0.89289  0.667975  0.261239  0.321585  0.385198  0.419316  0.84274  0.781997  0.764544  0.333283  0.384749  0.337505  0.483732  0.239366  0.152131  0.624646  
1.6223  2.82779  2.15705  7.7454  7.32427  7.56873  5.77851  9.02565  7.09191  8.05297  9.55686  0.339041  0.491067  6.74552  4.13433  22.8679  21.324  4.07081  34.0252  30.4107  27.9565  12.7666  32.3623  14.3061  0.811151  0.706946  0.359509  0.968175  0.732427  0.630728  0.412751  0.564103  0.393995  0.402648  0.434403  0.0141267  0.0188872  0.240911  0.137811  0.714622  0.627177  0.113078  0.895399  0.760267  0.66563  0.29015  0.703528  0.298043  
1.81432  1.08242  1.43942  2.16181  6.79016  1.9613  7.31049  7.71959  17.0847  19.166  17.3666  20.6005  6.39785  11.4754  16.1113  20.4097  5.36684  33.3239  15.8281  3.03409  30.7603  21.0823  22.9738  9.00503  0.907159  0.270605  0.239904  0.270226  0.679016  0.163441  0.522178  0.482475  0.949148  0.9583  0.789391  0.858353  0.246071  0.409835  0.537044  0.637802  0.157848  0.925664  0.41653  0.0758524  0.732387  0.479144  0.499431  0.187605  
1.67191  3.0973  2.92248  6.62893  4.03278  6.29175  5.90461  4.10718  8.84175  3.61067  21.2083  20.6518  14.2878  19.053  25.3619  15.0406  17.4556  13.2425  11.6168  8.44868  38.2974  19.1799  41.2457  17.0534  0.835955  0.774324  0.48708  0.828617  0.403278  0.524312  0.421758  0.256699  0.491208  0.180534  0.964015  0.860492  0.54953  0.680463  0.845396  0.47002  0.5134  0.367848  0.305706  0.211217  0.911843  0.435907  0.896645  0.35528  
1.73308  3.00783  1.92547  1.38167  8.24914  9.43808  7.99194  1.19199  8.24715  7.33327  14.0841  16.2874  3.94805  17.2151  0.740951  14.9573  27.342  18.5125  23.5035  25.2526  0.00507794  40.6759  31.3073  33.8231  0.866539  0.751957  0.320911  0.172709  0.824914  0.786506  0.570853  0.0744993  0.458175  0.366664  0.640186  0.678641  0.151848  0.614825  0.0246984  0.467414  0.804178  0.514236  0.618514  0.631315  0.000120903  0.924453  0.680594  0.704648  
0.796077  3.98711  5.22736  6.87095  3.38367  5.24911  13.5805  10.8298  11.7702  4.03609  2.04858  17.3987  17.2189  23.9537  25.7202  26.3217  16.7758  1.95359  1.35932  15.3241  32.7054  33.4199  29.2468  27.5999  0.398038  0.996778  0.871227  0.858869  0.338367  0.437426  0.970033  0.67686  0.6539  0.201804  0.0931174  0.724946  0.662267  0.855489  0.857341  0.822553  0.493405  0.0542663  0.0357717  0.383103  0.778701  0.759543  0.6358  0.574998  
0.35646  1.5712  0.184134  6.12681  9.72529  1.84956  11.2285  11.7937  14.474  8.39445  3.4558  14.8949  2.32514  6.99322  15.4564  7.98616  9.16747  26.7507  23.5419  11.0639  18.3701  30.5774  12.1602  33.1794  0.17823  0.3928  0.0306891  0.765852  0.972529  0.15413  0.802038  0.737106  0.80411  0.419723  0.157082  0.620623  0.0894286  0.249758  0.515214  0.249567  0.269631  0.743074  0.619525  0.276596  0.437383  0.69494  0.264352  0.691238  
1.53556  1.68315  4.17403  0.686128  5.33533  1.47214  7.67195  9.505  12.218  10.2654  8.49525  4.5332  13.1679  20.463  17.2176  24.7394  14.5413  26.0815  33.9603  24.6767  25.5665  3.19462  33.8606  3.73238  0.767782  0.420788  0.695671  0.0857661  0.533533  0.122678  0.547996  0.594062  0.678779  0.513272  0.386148  0.188883  0.506459  0.730823  0.573919  0.773105  0.427686  0.724487  0.893692  0.616918  0.608725  0.0726049  0.7361  0.0777579  
1.42231  2.57535  0.784295  4.17056  2.68235  5.49381  5.8225  6.26314  9.45178  19.7454  8.91317  1.42421  24.8991  21.0032  22.7101  13.1629  0.700097  22.5477  26.8508  23.4648  32.2734  22.8416  32.5059  47.4552  0.711153  0.643837  0.130716  0.52132  0.268235  0.457817  0.415893  0.391446  0.525099  0.987269  0.405144  0.0593422  0.957656  0.750114  0.757002  0.41134  0.0205911  0.626325  0.706599  0.586619  0.768415  0.519128  0.70665  0.98865  
1.76698  2.80396  0.231863  3.2123  9.99305  9.13815  9.19733  0.174579  8.66905  16.0113  3.75657  2.66645  20.028  15.4891  12.6587  23.8652  29.8653  24.1909  0.316541  15.564  34.8935  29.6107  5.82641  34.3556  0.883492  0.700991  0.0386439  0.401537  0.999305  0.761513  0.656952  0.0109112  0.481614  0.800564  0.170753  0.111102  0.770308  0.553182  0.421957  0.745786  0.87839  0.671969  0.00833004  0.3891  0.830797  0.672971  0.126661  0.715741  
1.75518  3.54742  2.08034  6.68505  8.68675  4.08847  8.74642  15.7699  12.3492  4.81084  11.4378  10.9592  19.4431  17.8018  28.5911  16.3104  1.61013  11.1063  0.486945  10.1964  22.4969  27.3057  21.2246  10.9675  0.87759  0.886856  0.346723  0.835631  0.868675  0.340706  0.624744  0.985616  0.686068  0.240542  0.5199  0.456633  0.747812  0.63578  0.953036  0.509701  0.0473567  0.308507  0.0128143  0.254909  0.53564  0.620584  0.461404  0.22849  
0.1421  1.61658  0.926346  3.75486  5.81415  10.7409  9.45718  11.7799  9.3413  13.6099  4.8503  20.4678  10.6575  0.33493  14.0518  31.3847  28.2921  6.53231  23.8813  9.74719  22.1472  30.5965  19.0126  31.8709  0.07105  0.404146  0.154391  0.469357  0.581415  0.895075  0.675513  0.736241  0.518961  0.680495  0.220468  0.852826  0.409906  0.0119618  0.468392  0.980773  0.832121  0.181453  0.628454  0.24368  0.527314  0.695375  0.413318  0.663978  
0.541426  0.912376  3.28468  2.0238  5.83468  1.09897  7.53398  9.08829  6.7264  11.0805  14.8637  11.0667  6.22999  14.2787  28.3042  29.6688  30.4633  33.5167  5.64153  30.9518  3.15809  14.1045  40.7381  6.75861  0.270713  0.228094  0.547446  0.252975  0.583468  0.0915812  0.538142  0.568018  0.373689  0.554024  0.675624  0.461112  0.239615  0.509955  0.943472  0.927149  0.89598  0.931018  0.148461  0.773795  0.0751926  0.320558  0.885612  0.140804  
1.06653  2.23466  2.42903  3.32994  7.98135  11.4943  2.07744  15.1416  11.6426  1.7754  20.0838  23.3504  5.96622  11.3134  2.68692  1.48534  27.2655  5.56522  9.15889  21.479  27.6352  12.2276  23.6699  16.0209  0.533266  0.558665  0.404839  0.416243  0.798135  0.957856  0.148389  0.946351  0.646812  0.08877  0.912901  0.972933  0.22947  0.404048  0.089564  0.046417  0.801928  0.154589  0.241024  0.536974  0.657981  0.277899  0.514563  0.333769  
1.81901  1.586  4.22182  1.12902  2.65291  5.85746  11.5732  7.02389  16.4391  16.0081  21.0254  4.06476  5.02575  8.2953  7.2395  22.8963  2.40895  0.76565  31.1489  13.5651  40.0919  30.3221  8.7335  3.63277  0.909506  0.3965  0.703637  0.141128  0.265291  0.488121  0.826654  0.438993  0.913284  0.800405  0.9557  0.169365  0.193298  0.296261  0.241317  0.71551  0.0708516  0.0212681  0.819708  0.339126  0.95457  0.689138  0.189859  0.0756826  
1.89914  1.64703  3.34206  2.88995  7.0208  8.50067  5.38422  14.4652  13.0839  5.17781  16.2486  15.8761  2.25167  23.4478  13.1942  27.3346  13.9751  20.4835  11.6566  10.1153  0.648833  29.588  7.45066  32.3641  0.949569  0.411758  0.557009  0.361244  0.70208  0.708389  0.384587  0.904073  0.726885  0.258891  0.738572  0.661506  0.0866028  0.837423  0.439806  0.854206  0.411033  0.568986  0.306754  0.252882  0.0154484  0.672455  0.161971  0.674251  
0.687034  1.84572  4.82912  0.25153  3.43936  11.8071  5.94588  5.95631  4.77019  16.8039  10.9383  8.50862  7.37204  15.1133  2.94809  2.88602  16.0165  16.5235  32.3623  8.74052  39.1309  27.8097  13.7905  10.8371  0.343517  0.461429  0.804854  0.0314412  0.343936  0.983927  0.424706  0.372269  0.265011  0.840193  0.497196  0.354526  0.28354  0.539761  0.0982696  0.0901881  0.471073  0.458986  0.851639  0.218513  0.931688  0.63204  0.299794  0.225773  
1.29602  2.79139  4.64692  5.66416  0.922051  7.75205  5.75881  14.235  9.26744  11.0777  1.41486  19.8584  5.47567  0.767578  12.1006  4.04806  12.4409  13.1359  6.85148  25.9848  22.3039  16.6963  30.0617  40.3792  0.648011  0.697849  0.774487  0.70802  0.0922051  0.646004  0.411344  0.88969  0.514858  0.553884  0.0643117  0.827431  0.210603  0.0274135  0.403355  0.126502  0.365908  0.364886  0.180302  0.649619  0.531044  0.379462  0.653516  0.841234  
0.344434  3.06631  5.50205  2.60863  3.00957  2.52894  2.77018  3.48602  0.702646  4.10165  16.9188  4.28814  19.6381  3.0821  4.2481  19.9721  15.0883  34.6157  3.52762  15.1474  15.817  32.1343  16.4241  33.0153  0.172217  0.766578  0.917008  0.326079  0.300957  0.210745  0.19787  0.217876  0.0390359  0.205082  0.769034  0.178672  0.755313  0.110075  0.141603  0.624127  0.443773  0.961547  0.0928322  0.378685  0.376594  0.730324  0.357047  0.687818  
1.8731  0.21056  3.81056  4.36558  3.11968  0.420277  3.61128  14.9503  14.3263  12.4227  14.9535  14.4297  16.5683  22.1351  7.0452  3.71067  19.8551  0.228069  31.534  32.6919  3.80036  38.6282  13.6521  17.0458  0.936549  0.0526401  0.635093  0.545698  0.311968  0.0350231  0.257949  0.934394  0.795906  0.621136  0.679703  0.601238  0.637243  0.79054  0.23484  0.115958  0.583975  0.00633526  0.829843  0.817297  0.0904847  0.877914  0.296784  0.35512  
0.447017  3.77316  1.91492  1.1978  4.98753  11.983  3.99482  3.76925  2.82046  11.9301  15.6251  1.40555  21.4982  6.3064  26.157  2.15119  10.3513  9.78328  9.3214  18.6885  5.00786  27.7562  34.4959  4.08765  0.223508  0.943291  0.319153  0.149724  0.498753  0.998582  0.285344  0.235578  0.156692  0.596503  0.710232  0.0585646  0.826853  0.225229  0.871899  0.0672246  0.30445  0.271758  0.2453  0.467212  0.119235  0.630823  0.74991  0.0851594  
1.14308  1.18602  1.37716  1.2028  2.00578  8.51233  6.4815  11.8579  14.9971  14.1011  9.10189  4.08241  20.6234  11.5159  23.2519  5.29563  18.4049  8.29041  26.5078  27.1191  3.0284  33.3618  22.2762  35.7294  0.571542  0.296506  0.229527  0.15035  0.200578  0.709361  0.462964  0.741116  0.833174  0.705055  0.413722  0.1701  0.79321  0.411281  0.775062  0.165489  0.541322  0.230289  0.697574  0.677977  0.0721049  0.758222  0.484266  0.744363  
0.318851  2.44779  2.94001  5.79272  4.31688  4.81073  8.96597  4.7839  11.3836  3.40876  1.50424  13.9591  13.1707  4.96377  24.5808  30.6297  19.261  35.2271  35.5241  22.0782  34.3323  37.5269  21.8569  31.0247  0.159426  0.611948  0.490002  0.72409  0.431688  0.400894  0.640427  0.298994  0.632424  0.170438  0.0683746  0.581627  0.506566  0.177278  0.819361  0.957178  0.566499  0.978531  0.934844  0.551954  0.817435  0.852885  0.47515  0.646348  
1.76621  3.9858  1.79737  6.71805  0.315797  5.73954  10.3736  13.0813  0.532062  3.57975  12.3128  23.7329  19.1705  16.4316  9.82149  28.4909  19.211  18.4551  8.10749  35.0162  1.56393  32.7482  34.6549  29.4255  0.883103  0.99645  0.299562  0.839756  0.0315797  0.478295  0.740974  0.817583  0.029559  0.178988  0.559673  0.988872  0.737326  0.586843  0.327383  0.890342  0.565028  0.512642  0.213355  0.875406  0.0372363  0.744278  0.753368  0.613032  
0.482057  3.19017  5.76876  5.52779  6.43477  10.8762  13.3097  10.4691  3.59566  0.130778  18.6398  11.8113  10.45  2.52236  22.325  26.811  24.6532  0.0886637  8.70028  30.6837  12.3962  10.2489  39.5506  37.4405  0.241028  0.797542  0.96146  0.690974  0.643477  0.906348  0.950695  0.654317  0.199759  0.00653889  0.847262  0.492139  0.401925  0.0900842  0.744168  0.837845  0.725093  0.00246288  0.228955  0.767093  0.295148  0.232929  0.859795  0.780011  
0.111822  1.6095  1.30466  0.349724  0.960494  2.81904  12.768  13.2441  1.88045  7.82392  13.6694  17.3493  11.4562  1.19549  9.65964  16.1462  5.39503  2.9899  25.4174  21.5864  13.5136  43.6825  38.8795  31.188  0.0559112  0.402374  0.217443  0.0437155  0.0960494  0.23492  0.911997  0.827753  0.104469  0.391196  0.621336  0.722886  0.440622  0.0426962  0.321988  0.504569  0.158677  0.0830528  0.668878  0.539659  0.321753  0.992784  0.845206  0.649749  
0.991704  1.35799  4.48194  3.07465  5.73679  0.352827  4.10065  10.7319  2.54544  17.5822  12.785  0.326186  8.22747  12.8881  9.30822  5.91731  2.71944  23.0065  7.0075  4.42154  8.45902  29.8938  15.3524  14.3111  0.495852  0.339498  0.74699  0.384332  0.573679  0.0294023  0.292904  0.670744  0.141413  0.87911  0.581137  0.0135911  0.316441  0.46029  0.310274  0.184916  0.0799835  0.639069  0.184408  0.110538  0.201405  0.679404  0.333749  0.298149  
0.239642  2.80241  3.59474  5.82987  6.1478  8.36438  4.44446  10.6089  16.7459  12.204  17.5506  23.0324  12.1529  17.8366  10.3958  17.3017  21.3207  35.1857  30.8681  35.8693  34.8662  40.3234  20.4909  22.1681  0.119821  0.700603  0.599123  0.728734  0.61478  0.697032  0.317461  0.663059  0.930329  0.6102  0.797754  0.959682  0.46742  0.637023  0.346526  0.54068  0.62708  0.97738  0.812317  0.896733  0.830148  0.916441  0.445455  0.461835  
0.825917  1.50287  5.12615  7.06262  7.23827  10.1517  11.788  7.30914  1.80705  7.18495  21.9111  4.7932  7.53183  0.762113  19.4026  10.8401  17.8264  3.35734  14.647  28.7107  11.524  10.5984  37.3337  38.0781  0.412958  0.375718  0.854358  0.882827  0.723827  0.845972  0.841998  0.456821  0.100392  0.359248  0.995958  0.199717  0.289686  0.0272183  0.646754  0.338753  0.524305  0.0932593  0.385447  0.717766  0.274382  0.240873  0.811601  0.793294  
1.27129  3.35962  0.998849  2.03081  4.51757  10.8196  8.45385  2.93851  14.5201  19.3015  16.5507  8.35351  19.9684  8.80521  25.7716  30.8169  29.4435  35.8576  19.6441  32.2573  28.597  13.0475  7.09569  30.3984  0.635645  0.839905  0.166475  0.253852  0.451757  0.901636  0.603847  0.183657  0.806674  0.965076  0.752307  0.348063  0.768017  0.314472  0.859055  0.963027  0.865985  0.996046  0.516949  0.806433  0.68088  0.296534  0.154254  0.6333  
0.928192  0.770145  2.62836  4.45544  1.08367  0.0574373  7.34243  0.208618  0.133841  3.03795  8.25566  16.5974  9.0426  5.00791  0.506165  7.18877  10.814  18.1934  33.8465  37.7423  12.1667  2.15577  26.0088  15.4585  0.464096  0.192536  0.438059  0.556929  0.108367  0.00478644  0.524459  0.0130386  0.00743559  0.151897  0.375257  0.691557  0.347792  0.178854  0.0168722  0.224649  0.318059  0.505373  0.890696  0.943557  0.289684  0.0489948  0.565408  0.322052  
1.85668  0.0295599  4.92018  5.76027  4.1403  9.50009  12.3999  12.6368  1.52006  13.3172  16.7198  16.2861  0.883375  24.4852  25.5269  18.0521  20.678  26.267  36.9537  36.0089  25.761  29.6653  25.4459  16.3356  0.928341  0.00738999  0.82003  0.720034  0.41403  0.791674  0.885705  0.789803  0.0844478  0.665861  0.759991  0.678589  0.033976  0.874471  0.850896  0.564129  0.608176  0.729638  0.972467  0.900224  0.613358  0.674212  0.553171  0.340325  
1.40436  0.472181  4.80369  4.45288  1.52661  2.91371  13.7799  5.9988  11.3473  7.46195  21.2589  4.91605  6.76212  27.4948  11.3762  10.8745  11.1673  24.5973  7.24805  10.908  12.7556  4.01863  35.7854  33.6153  0.70218  0.118045  0.800615  0.556611  0.152661  0.242809  0.984277  0.374925  0.630406  0.373098  0.966316  0.204835  0.260081  0.981958  0.379208  0.339828  0.328449  0.683258  0.190738  0.2727  0.303704  0.0913325  0.777944  0.700319  
0.146804  1.30202  3.3145  0.617982  3.54483  0.668866  13.1052  13.9955  4.9951  13.8008  18.4842  10.5683  4.22878  25.1814  22.9876  25.448  5.99482  29.1602  7.49713  32.7034  29.2688  21.0156  9.62646  25.1404  0.0734018  0.325506  0.552417  0.0772478  0.354483  0.0557388  0.936083  0.874717  0.277506  0.69004  0.840191  0.440347  0.162645  0.899337  0.766253  0.795251  0.176318  0.810005  0.197293  0.817585  0.696877  0.477627  0.209271  0.523758  
1.52647  1.27846  3.92179  0.33329  9.23919  0.525843  10.6745  15.5705  6.02643  6.04286  7.57325  6.09235  7.03683  13.9462  25.431  29.8769  15.2592  34.7774  7.9286  30.0884  39.6078  13.4486  9.52666  45.2454  0.763236  0.319615  0.653631  0.0416612  0.923919  0.0438202  0.762465  0.973154  0.334802  0.302143  0.344239  0.253848  0.270647  0.49808  0.847699  0.933653  0.448799  0.96604  0.208647  0.752211  0.943044  0.305649  0.207101  0.942613  
1.08494  3.18621  3.65865  0.147785  3.35621  10.0054  9.04339  10.0375  1.73135  1.52084  6.43635  7.16142  16.6466  8.029  15.8473  2.60803  11.6228  9.12658  18.9159  12.9501  24.0843  32.5499  41.2754  47.972  0.542469  0.796552  0.609775  0.0184731  0.335621  0.833784  0.645956  0.627343  0.0961861  0.0760418  0.292561  0.298392  0.640253  0.28675  0.528245  0.081501  0.341846  0.253516  0.497787  0.323753  0.573437  0.73977  0.897291  0.999417  
0.863103  0.669878  3.18476  6.99469  7.49429  5.12773  4.34742  12.0593  6.38383  7.16803  14.0613  20.8329  20.3284  13.7654  6.41119  16.1428  6.15876  1.51468  3.51438  1.93539  8.85233  34.17  39.8705  4.75205  0.431552  0.167469  0.530793  0.874336  0.749429  0.427311  0.31053  0.753704  0.354657  0.358402  0.639151  0.868038  0.781862  0.491622  0.213706  0.504464  0.18114  0.0420745  0.0924837  0.0483848  0.21077  0.776591  0.866751  0.0990009  
0.218865  3.69734  0.52817  7.78044  7.76075  8.51102  3.57886  0.662877  14.5896  10.2049  2.02623  4.49076  21.0467  4.67386  15.9107  16.3436  31.3808  20.2055  18.7513  3.19365  35.1864  12.0172  28.8721  8.19545  0.109433  0.924335  0.0880283  0.972555  0.776075  0.709252  0.255633  0.0414298  0.810532  0.510246  0.0921015  0.187115  0.809487  0.166924  0.530355  0.510738  0.922964  0.561263  0.493456  0.0798413  0.837773  0.273119  0.627654  0.170739  
0.308565  3.73367  1.50795  0.117796  4.81974  4.68922  0.280694  7.4131  0.834029  11.0794  8.99953  12.7855  4.57794  21.5483  6.20269  0.00156237  16.4165  30.4731  33.6471  18.3583  9.12298  37.7705  6.2337  2.97425  0.154282  0.933418  0.251324  0.0147246  0.481974  0.390768  0.0200496  0.463319  0.046335  0.553968  0.409069  0.53273  0.176075  0.769581  0.206756  4.88241e-05  0.482837  0.846474  0.88545  0.458958  0.217214  0.85842  0.135515  0.0619636  
0.926302  0.97868  4.47164  0.0265289  2.59277  6.22089  0.296631  12.2933  14.1993  16.8139  5.86168  1.61765  23.2933  3.28792  28.271  21.0493  4.81955  6.02279  18.3987  27.9302  10.5085  1.45403  2.46555  34.4667  0.463151  0.24467  0.745273  0.00331611  0.259277  0.518407  0.0211879  0.76833  0.78885  0.840696  0.26644  0.067402  0.895896  0.117426  0.942365  0.657791  0.141751  0.1673  0.484176  0.698254  0.250203  0.0330461  0.0535989  0.718057  
1.6984  1.69599  0.414767  4.40239  0.175399  10.498  6.11181  13.2173  2.93137  4.32149  5.3619  16.9315  25.2964  18.2047  0.0907901  28.8339  31.9861  2.45155  27.7452  27.0698  41.8455  8.86393  17.8567  33.4332  0.849202  0.423998  0.0691278  0.550299  0.0175399  0.874837  0.436558  0.826078  0.162854  0.216074  0.243723  0.705481  0.972937  0.650168  0.00302634  0.901061  0.940767  0.0680986  0.730136  0.676746  0.996322  0.201453  0.38819  0.696525  
1.96524  3.70953  4.57414  2.13742  3.17477  3.12322  13.8904  0.875621  14.0263  4.8543  20.5377  8.45419  9.99017  7.96972  20.008  22.2097  10.7349  11.4279  27.9764  4.57413  24.4549  33.7268  33.9469  34.3605  0.982621  0.927382  0.762357  0.267177  0.317477  0.260268  0.992168  0.0547263  0.779241  0.242715  0.933534  0.352258  0.384237  0.284633  0.666933  0.694052  0.315734  0.317441  0.73622  0.114353  0.582259  0.766519  0.737977  0.715843  
1.3741  2.84645  0.57734  3.90432  3.02189  5.29769  6.33163  10.6833  0.880578  3.4675  18.3966  5.03279  7.76717  27.7123  1.22765  17.3606  6.12091  20.8322  35.3955  19.1874  27.9293  16.2055  33.6548  30.2524  0.687052  0.711613  0.0962234  0.488041  0.302189  0.441474  0.45226  0.667709  0.048921  0.173375  0.83621  0.2097  0.298737  0.989724  0.0409215  0.542517  0.180027  0.578673  0.931461  0.479684  0.664982  0.368306  0.731626  0.630258  
0.172208  0.86702  4.91823  0.6646  7.58117  11.142  3.46412  4.30794  8.97289  1.65847  17.5281  22.0992  1.83232  16.9305  20.3944  10.5602  26.8533  3.49938  4.29961  17.739  33.3354  23.2363  21.1878  3.32955  0.0861041  0.216755  0.819705  0.083075  0.758117  0.928497  0.247437  0.269246  0.498494  0.0829234  0.79673  0.920801  0.0704739  0.604661  0.679814  0.330005  0.789802  0.0972049  0.113148  0.443474  0.793701  0.528098  0.460604  0.0693657  
0.268189  0.419181  1.61262  6.59947  4.53331  0.508825  12.5233  11.2715  17.8536  5.66578  8.22147  13.83  3.17984  7.51878  29.4938  11.1785  10.2324  6.27316  14.3231  11.1964  17.3619  8.15221  41.0859  24.0434  0.134094  0.104795  0.268769  0.824934  0.453331  0.0424021  0.89452  0.704467  0.991869  0.283289  0.373703  0.576251  0.122301  0.268528  0.983126  0.349328  0.300953  0.174254  0.376925  0.27991  0.413379  0.185278  0.893172  0.500904  
0.479534  3.28589  3.9686  4.97785  1.96699  1.93932  10.3987  4.69297  1.09363  11.8844  15.7315  5.08293  6.40935  26.0364  4.84979  3.86858  32.8727  10.387  32.4217  21.7114  6.52235  21.6565  4.22293  14.8681  0.239767  0.821474  0.661434  0.622232  0.196699  0.16161  0.742768  0.29331  0.060757  0.59422  0.715068  0.211789  0.246513  0.929871  0.16166  0.120893  0.966844  0.288528  0.853202  0.542785  0.155294  0.492193  0.0918028  0.309752  
0.0200789  2.48082  4.21689  4.06926  0.106079  1.97949  5.32642  8.24215  16.0543  12.2619  5.60217  16.4648  22.8139  14.0689  1.72628  24.6657  2.4932  4.63511  7.94346  4.41078  34.9097  12.768  45.0749  13.3668  0.0100395  0.620204  0.702814  0.508658  0.0106079  0.164958  0.380459  0.515134  0.891905  0.613095  0.254644  0.686033  0.877458  0.50246  0.0575426  0.770802  0.0733294  0.128753  0.209038  0.110269  0.831183  0.290183  0.97989  0.278475  
1.88135  1.09497  3.85374  3.14618  7.66428  11.328  2.10637  3.14871  15.8262  16.0168  4.16145  23.645  12.9441  4.61334  0.368211  3.69876  29.6985  23.568  22.2701  9.51369  40.1134  5.0944  4.58637  10.3257  0.940677  0.273742  0.64229  0.393272  0.766428  0.944003  0.150455  0.196794  0.879236  0.80084  0.189157  0.98521  0.497851  0.164762  0.0122737  0.115586  0.873485  0.654668  0.586057  0.237842  0.955081  0.115782  0.0997036  0.215119  
1.11971  2.54623  2.06458  4.78998  5.89005  4.08976  8.05615  4.66561  7.82328  5.97187  9.25377  8.34513  8.70611  25.3691  5.58924  27.599  28.494  1.64336  3.64101  34.6758  3.91737  26.5911  21.9142  13.5942  0.559853  0.636558  0.344096  0.598747  0.589005  0.340813  0.575439  0.291601  0.434627  0.298594  0.420626  0.347714  0.33485  0.906039  0.186308  0.862468  0.83806  0.0456489  0.0958159  0.866896  0.0932707  0.604342  0.476395  0.283213  
1.54741  2.96088  3.25115  7.61575  7.76388  6.73291  0.143949  12.8712  13.0732  10.9239  13.9946  17.8815  23.828  23.2113  29.443  7.57412  13.4508  35.5496  23.7372  38.3069  15.6963  14.2006  14.5446  25.2719  0.773703  0.740219  0.541858  0.951969  0.776388  0.561076  0.0102821  0.804451  0.726291  0.546194  0.636116  0.745061  0.916462  0.828975  0.981435  0.236691  0.395612  0.987489  0.624664  0.957673  0.373722  0.322741  0.316187  0.526497  
0.940038  1.46791  4.46779  0.683709  1.66976  7.94701  4.88237  4.1172  7.48239  13.1171  10.0123  14.9  14.6675  27.0337  13.7006  5.3969  21.3643  28.2635  23.2118  10.5683  7.69398  25.7939  21.5314  43.2804  0.470019  0.366978  0.744631  0.0854637  0.166976  0.662251  0.348741  0.257325  0.415688  0.655853  0.455106  0.620832  0.564134  0.96549  0.456686  0.168653  0.628361  0.785098  0.610838  0.264207  0.18319  0.586225  0.468075  0.901675  
1.88678  1.31606  5.46311  1.82216  6.37825  10.7606  11.1436  14.0607  13.5663  2.66668  3.54958  15.4382  4.00019  3.77256  6.44192  27.1147  3.32311  11.9375  0.43687  16.955  2.35565  13.3171  11.241  44.7719  0.943392  0.329014  0.910518  0.22777  0.637825  0.89672  0.795974  0.878793  0.753681  0.133334  0.161344  0.643258  0.153853  0.134734  0.214731  0.847335  0.0977386  0.331597  0.0114966  0.423874  0.056087  0.302662  0.244369  0.932748  
0.764235  3.33533  0.256801  5.61473  1.76275  10.352  9.98771  15.6788  1.56658  12.5588  21.2394  9.78956  8.97616  13.2277  13.9052  18.0037  9.32448  10.6237  21.0186  16.3164  4.07373  12.1207  29.1232  15.995  0.382118  0.833832  0.0428002  0.701841  0.176275  0.862664  0.713408  0.979927  0.0870324  0.627938  0.965428  0.407899  0.345237  0.472419  0.463507  0.562616  0.274249  0.295103  0.553121  0.407911  0.0969935  0.275471  0.633112  0.333228  
0.904823  0.0674548  2.70998  7.98249  1.90116  10.1795  12.5647  5.56434  17.0638  17.0919  8.74632  16.6716  11.2863  1.19346  20.9851  10.5488  9.55434  10.2339  37.321  16.1899  28.6678  20.4372  24.1582  20.6585  0.452412  0.0168637  0.451664  0.997811  0.190116  0.84829  0.897477  0.347771  0.947986  0.854594  0.39756  0.694651  0.434089  0.0426236  0.699504  0.329651  0.28101  0.284275  0.982131  0.404748  0.682568  0.464481  0.525179  0.430386  
1.10136  2.31647  4.54197  2.96878  5.66518  5.70343  6.92873  1.54116  9.96305  12.8868  9.63428  13.6727  8.96291  3.5371  2.33232  29.389  12.7409  14.6753  4.81983  23.7965  12.8171  41.9664  45.8457  12.1324  0.550678  0.579117  0.756995  0.371098  0.566518  0.475285  0.494909  0.0963224  0.553503  0.644341  0.437922  0.569697  0.344727  0.126325  0.0777439  0.918406  0.374733  0.407648  0.126838  0.594913  0.305169  0.953783  0.996646  0.252758  
1.39639  3.55898  0.405241  7.25813  5.68926  2.79135  8.92845  12.836  11.9262  3.39385  19.0641  13.4979  15.7824  25.7385  3.77663  25.1961  32.2449  16.6805  27.6311  36.7323  31.4868  27.2025  45.6393  35.2066  0.698193  0.889746  0.0675401  0.907266  0.568926  0.232613  0.637747  0.802247  0.662565  0.169693  0.866552  0.562413  0.607017  0.919233  0.125888  0.787378  0.94838  0.463348  0.727133  0.918306  0.749687  0.618239  0.992159  0.733472  
1.16647  2.61326  1.27637  5.70889  1.81252  2.14067  3.58725  5.77395  1.53834  17.4906  16.7406  20.0174  23.5748  21.1572  10.4333  17.0483  17.4248  20.2891  12.8609  3.41876  15.4291  15.5485  45.4393  47.8245  0.583236  0.653315  0.212729  0.713611  0.181252  0.178389  0.256232  0.360872  0.0854633  0.87453  0.760938  0.834059  0.906724  0.755616  0.347775  0.532759  0.512493  0.563585  0.338446  0.085469  0.367359  0.353376  0.987811  0.996343  
0.446562  2.29153  5.53961  0.614968  9.9683  3.41289  0.757023  3.44757  2.6185  19.0275  0.698204  9.60892  1.40622  1.19941  14.2719  13.4535  15.7978  22.1679  36.58  11.9897  21.037  41.7531  4.72166  6.60993  0.223281  0.572881  0.923269  0.076871  0.99683  0.284407  0.0540731  0.215473  0.145472  0.951373  0.0317366  0.400372  0.0540854  0.0428361  0.475731  0.420423  0.464642  0.615776  0.96263  0.299743  0.500882  0.948934  0.102645  0.137707  
0.979573  2.25198  3.75256  0.455578  3.28692  5.54533  1.98382  6.53534  5.14334  14.3799  3.16868  7.43555  7.43903  8.96209  7.25185  26.8471  21.3826  25.8911  19.4926  25.1716  39.0177  3.13001  4.46624  39.1684  0.489787  0.562996  0.625427  0.0569473  0.328692  0.462111  0.141701  0.408459  0.285741  0.718995  0.144031  0.309815  0.286116  0.320074  0.241728  0.838971  0.628901  0.719198  0.512963  0.629291  0.928992  0.0711367  0.0970921  0.816008  
0.676625  3.33325  5.62859  5.25608  3.21303  11.9849  10.1458  2.09739  10.0249  5.92784  14.0251  18.7146  0.386494  6.36561  16.46  29.3307  1.288  10.0766  18.4855  37.2804  17.4966  34.9633  3.9423  7.42291  0.338312  0.833313  0.938098  0.65701  0.321303  0.998739  0.724697  0.131087  0.556941  0.296392  0.637506  0.779774  0.0148652  0.227343  0.548666  0.916585  0.0378823  0.279906  0.486461  0.932009  0.416586  0.794619  0.0857022  0.154644  
0.17464  1.12603  3.23559  2.37619  9.37578  7.54437  1.30244  12.7457  16.1485  9.49475  17.8865  4.34076  5.94041  25.4978  18.0268  26.7384  6.51393  35.6653  1.01536  16.3591  38.3212  37.3819  34.9498  2.17386  0.0873201  0.281508  0.539265  0.297024  0.937578  0.628698  0.0930315  0.796608  0.897138  0.474737  0.813024  0.180865  0.228477  0.910635  0.600893  0.835576  0.191586  0.990704  0.02672  0.408979  0.912409  0.84959  0.759778  0.0452888  
0.832934  2.44656  0.965288  5.46615  5.17618  9.5677  13.3899  12.8246  9.80514  7.85111  16.1557  1.87896  19.489  5.12306  11.0878  29.4834  5.44615  14.1646  31.257  12.1671  27.3963  8.38986  30.2459  3.26851  0.416467  0.611641  0.160881  0.683269  0.517618  0.797308  0.95642  0.801537  0.54473  0.392555  0.73435  0.0782898  0.749578  0.182967  0.369594  0.921357  0.160181  0.393462  0.822553  0.304178  0.652293  0.190679  0.657521  0.068094  
1.42986  1.68917  4.2421  4.36791  2.97007  4.29557  12.8757  12.8552  8.81506  18.4683  21.5053  13.1926  0.926728  12.8568  17.3626  19.7782  20.3546  29.3139  28.8663  6.04229  17.2162  24.7216  14.5817  32.3677  0.714928  0.422292  0.707016  0.545989  0.297007  0.357964  0.919692  0.803447  0.489725  0.923415  0.977512  0.549692  0.0356434  0.45917  0.578755  0.61807  0.598665  0.814276  0.759638  0.151057  0.409909  0.561855  0.316994  0.674327  
0.613731  2.40026  4.49128  2.7183  2.38211  6.76668  8.7519  3.66721  7.53411  10.2732  6.90596  17.7412  15.0297  11.0188  25.3557  10.2553  20.0811  7.92605  30.0058  8.19559  37.5206  2.49713  42.8105  10.8625  0.306866  0.600066  0.748547  0.339787  0.238211  0.56389  0.625136  0.2292  0.418562  0.513661  0.313907  0.739218  0.578064  0.393528  0.845191  0.320478  0.59062  0.220168  0.789625  0.20489  0.893348  0.056753  0.930663  0.226301  
0.978535  2.13856  5.69032  2.41194  9.02101  5.65039  8.36937  15.684  7.90837  18.651  16.603  11.6023  12.5084  23.7913  28.3362  5.2994  6.22896  25.8622  36.3666  12.8937  5.22975  3.83936  44.8145  5.3322  0.489268  0.53464  0.948386  0.301492  0.902101  0.470866  0.597812  0.980252  0.439354  0.932552  0.75468  0.483429  0.481091  0.849689  0.944541  0.165606  0.183205  0.718394  0.957017  0.322343  0.124518  0.0872581  0.974228  0.111087  
0.601182  2.48882  3.32892  3.15635  6.84281  2.20798  6.57371  1.61059  1.78831  6.84054  1.86761  17.6413  25.4445  24.4192  21.5923  16.932  23.1628  11.681  17.3164  23.4818  10.8939  22.1691  22.8433  17.5829  0.300591  0.622205  0.55482  0.394544  0.684281  0.183999  0.469551  0.100662  0.0993503  0.342027  0.0848913  0.735054  0.978633  0.872114  0.719742  0.529125  0.681259  0.324471  0.455695  0.587045  0.259379  0.503843  0.496594  0.366311  
1.18199  2.14324  5.46229  1.95332  1.41623  6.96721  1.57639  4.52091  0.831779  11.552  3.16327  16.1293  15.9037  21.2546  7.02544  23.5588  24.5586  20.0971  28.6883  38.3765  37.5888  22.785  31.0465  3.43179  0.590996  0.535811  0.910382  0.244165  0.141623  0.580601  0.112599  0.282557  0.04621  0.577598  0.143785  0.672055  0.61168  0.759094  0.234181  0.736212  0.722313  0.558253  0.754955  0.959413  0.894972  0.51784  0.674923  0.0714956  
0.659125  3.81946  5.06666  2.70554  1.4735  10.5287  10.583  4.392  9.07621  3.71597  20.9195  10.4972  19.1353  24.019  4.37833  13.6201  24.7314  4.36242  26.6298  31.456  26.5613  4.70895  32.6918  45.2399  0.329563  0.954864  0.844443  0.338192  0.14735  0.877393  0.755931  0.2745  0.504234  0.185799  0.950887  0.437384  0.735975  0.857822  0.145944  0.425627  0.727395  0.121178  0.700783  0.786401  0.632411  0.107022  0.710691  0.942498  
1.01375  2.22695  5.5923  2.6447  9.85523  6.76396  12.2047  8.59751  14.6786  16.5641  1.32436  12.7133  19.5548  1.89644  22.012  9.01662  9.74675  35.5313  0.0554979  21.1721  22.9476  11.9375  30.5389  30.3035  0.506877  0.556738  0.93205  0.330588  0.985523  0.563663  0.871761  0.537344  0.81548  0.828207  0.0601983  0.529722  0.752106  0.0677298  0.733735  0.281769  0.286669  0.98698  0.00146047  0.529302  0.546372  0.271306  0.663889  0.631323  
0.241706  0.362354  1.44839  2.45637  4.76582  10.801  9.708  10.569  3.82494  19.1388  0.932976  17.2087  6.14209  11.3867  1.23226  27.6499  2.31292  20.7068  1.92366  5.24107  13.6081  3.82021  6.9944  37.3549  0.120853  0.0905884  0.241398  0.307046  0.476582  0.900081  0.693428  0.660563  0.212497  0.95694  0.042408  0.717028  0.236234  0.406668  0.0410754  0.86406  0.0680271  0.575188  0.0506227  0.131027  0.324004  0.086823  0.152052  0.778226  
0.319995  0.302158  4.49983  4.962  7.90364  3.95995  11.4775  8.75991  10.7363  13.3045  15.2517  8.40219  21.2251  24.3458  1.39921  20.6426  26.4925  3.42418  36.1653  4.20026  35.2345  13.6898  37.585  30.3377  0.159998  0.0755394  0.749972  0.62025  0.790364  0.329996  0.819818  0.547495  0.596462  0.665223  0.693257  0.350091  0.816351  0.869491  0.0466402  0.645081  0.779191  0.0951162  0.951718  0.105007  0.838918  0.311131  0.817064  0.632036  
0.895207  2.57391  3.11995  6.03437  4.83798  4.0384  7.54963  3.51593  10.9024  15.2039  14.2265  0.106525  6.21508  16.0057  3.78804  4.68117  15.4784  16.6449  8.39766  29.3677  28.1604  6.72655  3.74446  39.925  0.447603  0.643478  0.519991  0.754296  0.483798  0.336533  0.539259  0.219746  0.605689  0.760195  0.646658  0.00443855  0.239042  0.571634  0.126268  0.146286  0.455248  0.462359  0.220991  0.734192  0.670486  0.152876  0.0814014  0.831771  
1.9675  0.482194  4.9383  3.48298  5.86553  8.84713  6.9139  6.33695  10.8645  9.01267  20.5835  16.8891  4.17665  10.8529  7.50877  1.92531  17.3426  18.4523  17.0472  15.1495  21.7979  25.2661  7.13035  21.4161  0.983749  0.120548  0.82305  0.435372  0.586553  0.737261  0.49385  0.396059  0.603581  0.450634  0.935613  0.703713  0.16064  0.387602  0.250292  0.0601659  0.510077  0.512565  0.448609  0.378737  0.518998  0.574229  0.155008  0.446169  
0.497903  2.75652  4.94233  0.775187  5.51521  3.69284  1.30018  1.52093  10.8516  1.28565  2.47897  8.27207  22.8135  13.7158  28.4385  1.75556  2.51839  24.0278  25.9158  31.837  5.52564  12.36  42.7999  3.51494  0.248952  0.68913  0.823722  0.0968984  0.551521  0.307737  0.0928701  0.0950583  0.602865  0.0642826  0.11268  0.34467  0.877441  0.489849  0.947951  0.0548612  0.0740702  0.66744  0.681995  0.795925  0.131563  0.280909  0.930432  0.0732279  
1.94353  2.36088  0.371582  6.69296  4.28569  1.8909  5.16793  2.29767  15.8105  13.8649  19.5651  18.0693  18.5771  27.726  24.955  12.9664  1.60282  2.99879  0.806065  37.7226  20.7407  4.64255  13.1032  38.022  0.971766  0.59022  0.0619303  0.83662  0.428569  0.157575  0.369138  0.143604  0.878361  0.693245  0.889325  0.752887  0.714505  0.990214  0.831835  0.405201  0.0471417  0.0832996  0.0212122  0.943065  0.493826  0.105513  0.284852  0.792125  
1.41079  0.0970173  3.16373  4.65046  7.09636  7.78298  13.507  5.85173  9.42693  8.60723  5.07248  13.1635  12.255  25.1755  16.9361  20.031  29.2073  28.094  36.7781  13.1517  18.3416  27.1979  4.28599  17.3416  0.705394  0.0242543  0.527289  0.581307  0.709636  0.648582  0.964788  0.365733  0.523718  0.430361  0.230567  0.54848  0.471347  0.899126  0.564536  0.625969  0.859039  0.780388  0.967845  0.328793  0.436704  0.618134  0.0931737  0.361282  
1.47547  0.851467  0.872511  3.61605  4.98755  4.39327  13.4101  7.93573  13.5524  19.8938  18.3545  18.4649  7.07801  3.92238  20.048  7.81906  25.4705  15.7515  7.27947  23.5756  2.89737  21.2162  1.29694  42.3411  0.737737  0.212867  0.145419  0.452007  0.498755  0.366106  0.957862  0.495983  0.752908  0.994689  0.834297  0.769372  0.272231  0.140085  0.668266  0.244346  0.749131  0.437541  0.191565  0.589389  0.0689849  0.482187  0.0281943  0.882106  
1.99891  3.99981  5.99965  7.99939  0.135964  0.0485903  0.0871783  0.00773068  7.97139  7.02915  7.35926  7.86629  8.2257  8.53456  9.0831  9.33206  9.76154  10.2332  10.3595  10.8683  11.1427  11.3919  11.6447  11.6924  0.999455  0.999952  0.999941  0.999924  0.0135964  0.00404919  0.00622702  0.000483168  0.442855  0.351457  0.334512  0.327762  0.316373  0.304806  0.30277  0.291627  0.287104  0.284255  0.272618  0.271707  0.265302  0.258908  0.253145  0.243592  
0.00297584  0.0045542  0.0028041  0.0115046  9.77219  7.52253  2.4822  2.40977  2.2562  2.24413  2.32692  2.52097  2.01476  2.12011  1.83181  1.84233  1.71062  1.77801  1.37498  1.55726  1.37889  1.14171  1.0451  1.17113  0.00148792  0.00113855  0.00046735  0.00143807  0.977219  0.626877  0.1773  0.15061  0.125344  0.112207  0.105769  0.10504  0.0774909  0.0757181  0.0610604  0.0575727  0.0503122  0.0493893  0.0361837  0.0389316  0.0328307  0.025948  0.0227195  0.0243985  
1.99619  3.99499  5.99723  7.98725  0.0354083  0.120889  0.0850922  0.00773068  7.42398  6.92788  7.31386  7.78411  8.14233  8.48971  8.96366  9.29261  9.64761  10.0743  10.2577  10.7193  11.0082  11.2379  11.4798  11.5868  0.998096  0.998746  0.999539  0.998406  0.00354083  0.0100741  0.00607802  0.000483168  0.412443  0.346394  0.332448  0.324338  0.313166  0.303204  0.298789  0.290394  0.283753  0.279842  0.269939  0.267982  0.2621  0.255406  0.249561  0.241392  
1.99619  3.99499  5.99723  7.98725  0.0354083  0.120889  0.0850922  0.00773068  7.42398  6.92788  7.31386  7.78411  8.14233  8.48971  8.96366  9.29261  9.64761  10.0743  10.2577  10.7193  11.0082  11.2379  11.4798  11.5868  0.998096  0.998746  0.999539  0.998406  0.00354083  0.0100741  0.00607802  0.000483168  0.412443  0.346394  0.332448  0.324338  0.313166  0.303204  0.298789  0.290394  0.283753  0.279842  0.269939  0.267982  0.2621  0.255406  0.249561  0.241392  
1.97128  3.99981  5.98975  7.85432  0.135964  0.172792  0.0679936  0.00773068  6.31802  6.75157  7.1792  7.62081  7.98562  8.38101  8.76245  9.08629  9.46214  9.82175  10.0523  10.7347  10.6224  10.8975  11.1481  11.5133  0.985642  0.999952  0.998292  0.981791  0.0135964  0.0143993  0.00485669  0.000483168  0.351001  0.337579  0.326327  0.317534  0.307139  0.299322  0.292082  0.283946  0.278298  0.272826  0.264533  0.268368  0.252914  0.24767  0.24235  0.239861  
1.99904  3.98403  5.99723  7.70319  0.0297856  0.0616004  0.382772  0.00400081  6.30102  6.73991  7.1986  7.66229  7.97177  8.3845  8.77024  9.10472  9.4257  9.83313  10.0276  10.2796  10.6847  10.8924  11.1561  11.3828  0.999522  0.996008  0.999539  0.962899  0.00297856  0.00513337  0.0273409  0.000250051  0.350057  0.336996  0.327209  0.319262  0.306606  0.299447  0.292341  0.284522  0.277226  0.273143  0.263885  0.256991  0.254398  0.247554  0.242525  0.237141  
1.99904  3.93026  5.99723  7.67061  0.136751  0.213653  0.382772  0.00400081  6.30211  6.76728  7.15814  7.62014  7.96315  8.36869  8.77024  9.10637  9.42607  9.83926  10.0276  10.3351  10.6273  10.8641  11.1561  11.3512  0.999522  0.982565  0.999539  0.958826  0.0136751  0.0178044  0.0273409  0.000250051  0.350117  0.338364  0.32537  0.317506  0.306275  0.298882  0.292341  0.284574  0.277237  0.273313  0.263885  0.258376  0.253031  0.24691  0.242525  0.236483  
1.97515  3.84502  5.97401  7.81612  0.262463  0.231542  0.395384  0.0568057  6.29988  6.7566  7.16949  7.59907  7.98495  8.36973  8.7513  9.07779  9.38803  9.76884  10.0511  10.3408  10.6412  10.9554  11.1994  11.3745  0.987576  0.961254  0.995668  0.977015  0.0262463  0.0192951  0.0282417  0.00355036  0.349993  0.33783  0.325886  0.316628  0.307113  0.298919  0.29171  0.283681  0.276119  0.271357  0.264504  0.258521  0.253363  0.248987  0.243466  0.236968  
1.95743  3.84502  5.90601  7.82969  0.239392  0.205614  0.497703  0.222054  6.28949  6.74629  7.17743  7.62334  7.98965  8.39899  8.7466  9.0722  9.4257  9.76096  10.0884  10.3482  10.6701  10.9545  11.1855  11.3828  0.978717  0.961255  0.984335  0.978712  0.0239392  0.0171345  0.0355502  0.0138784  0.349416  0.337315  0.326247  0.317639  0.307294  0.299964  0.291553  0.283506  0.277226  0.271138  0.265484  0.258704  0.254051  0.248965  0.243162  0.237141  
1.95416  3.7819  5.87999  7.89547  0.336902  0.263383  0.461026  0.287819  6.2973  6.74983  7.17607  7.59589  8.00342  8.38152  8.74348  9.06358  9.42312  9.72256  10.0616  10.3503  10.6579  10.9907  11.2056  11.3959  0.97708  0.945475  0.979998  0.986934  0.0336902  0.0219486  0.0329305  0.0179887  0.34985  0.337491  0.326185  0.316495  0.307824  0.29934  0.291449  0.283237  0.277151  0.270071  0.264779  0.258758  0.25376  0.249788  0.2436  0.237415  
1.97087  3.68779  5.87999  7.86989  0.336902  0.506276  0.461026  0.287819  6.29816  6.74983  7.16975  7.61296  7.98519  8.35644  8.74651  9.1048  9.44897  9.73035  10.0546  10.3864  10.697  10.9354  11.1769  11.3955  0.985435  0.921946  0.979998  0.983736  0.0336902  0.0421896  0.0329305  0.0179887  0.349898  0.337491  0.325898  0.317206  0.307123  0.298444  0.29155  0.284525  0.277911  0.270287  0.264595  0.259661  0.254689  0.248533  0.242975  0.237406  
1.99881  3.79726  5.59123  7.80542  0.945614  0.374767  0.0172901  0.203909  6.29026  6.74447  7.21374  7.60638  7.98825  8.37102  8.73662  9.07611  9.43866  9.77141  10.0746  10.3602  10.7144  10.9422  11.1903  11.4144  0.999406  0.949316  0.931872  0.975677  0.0945614  0.0312306  0.001235  0.0127443  0.349459  0.337224  0.327897  0.316933  0.307241  0.298965  0.291221  0.283628  0.277608  0.271428  0.265121  0.259005  0.255104  0.248687  0.243268  0.237799  
1.98687  3.72776  5.57962  7.86188  1.06195  0.459738  0.0235961  0.230311  6.29684  6.75282  7.19918  7.60806  7.99485  8.36973  8.72715  9.06264  9.41983  9.73926  10.0864  10.3954  10.6926  10.9737  11.212  11.4102  0.993433  0.931939  0.929937  0.982736  0.106195  0.0383115  0.00168544  0.0143945  0.349825  0.337641  0.327236  0.317003  0.307494  0.298919  0.290905  0.283208  0.277054  0.270535  0.265431  0.259885  0.254586  0.249403  0.243738  0.237713  
1.97421  3.74682  5.53534  7.7952  0.556344  0.292105  0.191837  1.32308  6.31073  6.74226  7.20788  7.61761  7.98895  8.3985  8.74822  9.07751  9.42851  9.77201  10.0699  10.3775  10.6923  10.9368  11.1805  11.3978  0.987104  0.936704  0.922556  0.9744  0.0556344  0.0243421  0.0137027  0.0826926  0.350596  0.337113  0.327631  0.3174  0.307267  0.299946  0.291607  0.283672  0.277309  0.271445  0.264998  0.259438  0.254577  0.248564  0.243053  0.237454  
1.93139  3.66754  5.63466  7.85088  0.345884  0.419268  0.479061  1.41793  6.3082  6.74628  7.17743  7.62403  7.99461  8.36973  8.76378  9.11247  9.44759  9.73699  10.0696  10.4026  10.7031  10.9083  11.1501  11.4029  0.965697  0.916885  0.93911  0.981359  0.0345884  0.034939  0.0342186  0.0886204  0.350456  0.337314  0.326247  0.317668  0.307485  0.298919  0.292126  0.284765  0.27787  0.270472  0.26499  0.260064  0.254835  0.247917  0.242393  0.237559  
1.89771  3.70122  5.53453  7.90946  0.282831  0.445062  0.430223  1.75578  6.29684  6.73991  7.1986  7.60806  7.98419  8.36973  8.76695  9.07223  9.53904  9.72589  10.0736  10.3954  10.6776  10.9369  11.1379  11.3825  0.948856  0.925304  0.922421  0.988683  0.0282831  0.0370885  0.0307302  0.109736  0.349825  0.336996  0.327209  0.317003  0.307084  0.298919  0.292232  0.283507  0.28056  0.270163  0.265094  0.259885  0.254228  0.248566  0.242127  0.237136  
1.92194  3.67027  5.4635  7.82121  0.243755  0.304299  0.401267  2.40305  6.31148  6.7523  7.17743  7.61955  7.98965  8.40399  8.76728  9.07892  9.41975  9.75013  10.0711  10.3949  10.6701  10.9314  11.1541  11.3959  0.960971  0.917568  0.910583  0.977651  0.0243755  0.0253583  0.0286619  0.150191  0.350638  0.337615  0.326247  0.317481  0.307294  0.300143  0.292243  0.283716  0.277052  0.270837  0.265028  0.259871  0.254051  0.248441  0.242481  0.237415  
1.89428  3.64417  5.44756  7.85745  0.320435  0.399157  0.436149  2.36384  6.29177  6.76455  7.15285  7.61026  7.98965  8.38201  8.77472  9.07892  9.42114  9.72764  10.0769  10.3949  10.6701  10.9314  11.1376  11.4106  0.947141  0.911043  0.907927  0.982181  0.0320435  0.0332631  0.0311535  0.14774  0.349543  0.338227  0.32513  0.317094  0.307294  0.299357  0.292491  0.283716  0.277092  0.270212  0.265181  0.259871  0.254051  0.248441  0.242122  0.237721  
1.87098  3.80904  5.13085  7.89747  0.257771  0.0809618  2.69688  0.709919  6.30807  6.74993  7.17973  7.61134  8.00622  8.39482  8.77533  9.10467  9.42217  9.71609  10.0817  10.3785  10.6509  10.9168  11.1404  11.3327  0.935491  0.95226  0.855142  0.987184  0.0257771  0.00674682  0.192634  0.0443699  0.350448  0.337496  0.326351  0.317139  0.307932  0.299815  0.292511  0.284521  0.277123  0.269891  0.265307  0.259462  0.253592  0.248109  0.242182  0.236099  
1.87521  3.74141  5.12358  7.85745  0.195007  0.0893676  2.00725  1.8971  6.31738  6.74439  7.19145  7.61803  8.02225  8.4081  8.77802  9.07892  9.42036  9.73584  10.0916  10.3826  10.6701  10.9365  11.1521  11.4106  0.937604  0.935353  0.85393  0.982181  0.0195007  0.0074473  0.143375  0.118569  0.350965  0.33722  0.326884  0.317418  0.308548  0.300289  0.292601  0.283716  0.277069  0.27044  0.265569  0.259564  0.254051  0.248556  0.242436  0.237721  
1.8911  3.65239  5.127  7.81215  0.0714086  0.114409  0.186966  4.41033  6.31317  6.74911  7.18272  7.62224  8.02536  8.4023  8.76903  9.05796  9.46548  9.74683  10.0711  10.3701  10.7123  10.9516  11.1557  11.3925  0.945552  0.913097  0.8545  0.976519  0.00714086  0.0095341  0.0133547  0.275646  0.350732  0.337455  0.326487  0.317593  0.308668  0.300082  0.292301  0.283061  0.278396  0.270745  0.265028  0.259251  0.255055  0.248901  0.242515  0.237343  
1.95469  3.35843  5.29129  7.75989  0.0244472  0.0203488  0.00622065  5.03458  6.3002  6.76327  7.18893  7.64077  7.92544  8.4038  8.76236  9.06221  9.40148  9.78883  10.0127  10.3609  10.6258  10.9878  11.1796  11.2183  0.977347  0.839607  0.881882  0.969986  0.00244472  0.00169573  0.000444332  0.314661  0.350011  0.338163  0.32677  0.318365  0.304825  0.300136  0.292079  0.283194  0.276514  0.271912  0.263492  0.259023  0.252994  0.249722  0.243035  0.233715  
1.86972  3.63177  4.96166  7.83276  0.00119093  0.0394876  0.0504585  5.43249  6.31158  6.73991  7.18801  7.6294  8.06602  8.36634  8.76728  9.07056  9.53904  9.7304  10.0711  10.353  10.7874  10.9488  11.1532  11.3959  0.934861  0.907943  0.826943  0.979094  0.000119093  0.00329063  0.00360418  0.33953  0.350644  0.336996  0.326728  0.317892  0.310231  0.298798  0.292243  0.283455  0.28056  0.270289  0.265028  0.258824  0.256843  0.248836  0.242461  0.237415  
1.92144  3.54014  4.9402  7.65019  0.00846033  0.000942162  0.0172901  5.70696  6.27581  6.7201  7.15964  7.61114  7.96715  8.37422  8.96187  9.09215  9.39772  9.79538  10.0585  10.3774  10.6885  10.9112  11.1582  11.2939  0.960718  0.885035  0.823367  0.956274  0.000846033  7.85135e-05  0.001235  0.356685  0.348656  0.336005  0.325438  0.317131  0.306429  0.299079  0.298729  0.28413  0.276403  0.272094  0.264698  0.259435  0.254489  0.247981  0.24257  0.235289  
1.95515  3.0447  5.59123  7.42386  0.0192186  0.0492715  0.0172901  6.31384  6.29848  6.73078  7.21374  7.8886  7.99726  8.39299  8.7646  9.10136  9.42785  9.84979  10.0489  10.2563  10.6485  10.9199  11.2081  11.3379  0.977575  0.761175  0.931872  0.927983  0.00192186  0.00410595  0.001235  0.394615  0.349916  0.336539  0.327897  0.328692  0.307587  0.29975  0.292153  0.284418  0.27729  0.273605  0.264444  0.256407  0.253535  0.24818  0.243653  0.236206  
1.99881  3.55747  4.12635  7.97606  0.045615  0.0154804  0.0172901  6.65295  6.26937  6.74447  7.22887  7.64774  7.96949  8.30681  8.77616  9.03757  9.43553  9.71738  10.0489  10.3045  10.5349  10.8703  11.1497  11.3706  0.999406  0.889368  0.687725  0.997007  0.0045615  0.00129004  0.001235  0.415809  0.348298  0.337224  0.328585  0.318656  0.306519  0.296672  0.292539  0.282424  0.277516  0.269927  0.264445  0.257613  0.250832  0.247052  0.242384  0.236888  
1.95515  2.92005  5.39775  7.49059  0.00803573  0.0152566  0.00161582  7.19593  6.30555  6.73078  7.21374  7.60731  7.97525  8.40221  8.86641  9.16205  9.37271  9.78971  10.0489  10.4186  10.6241  10.9739  11.4707  11.3151  0.977575  0.730013  0.899626  0.936324  0.000803573  0.00127138  0.000115416  0.449745  0.350308  0.336539  0.327897  0.316971  0.30674  0.300079  0.295547  0.286314  0.275668  0.271936  0.264444  0.260465  0.252955  0.249406  0.249364  0.235731  
1.95637  3.32378  4.61761  7.52341  0.0450947  0.000942162  0.0172901  7.53112  6.28287  6.76583  7.21374  7.63753  7.91122  8.39143  8.77494  9.08831  9.37926  9.82621  9.99965  10.3353  10.6345  10.9602  11.1933  11.4144  0.978184  0.830945  0.769601  0.940426  0.00450947  7.85135e-05  0.001235  0.470695  0.349048  0.338292  0.327897  0.318231  0.304278  0.299694  0.292498  0.28401  0.275861  0.27295  0.263149  0.258382  0.253203  0.249096  0.243333  0.237799  
1.86102  3.52366  4.12271  7.95604  0.0142327  0.0196833  0.371372  7.24654  6.35485  6.73774  7.19963  7.65109  7.99073  8.37037  8.93333  9.20028  9.53565  9.83646  10.0278  10.262  10.5173  10.8798  11.1283  11.4901  0.930512  0.880915  0.687118  0.994505  0.00142327  0.00164028  0.0265266  0.452909  0.353047  0.336887  0.327256  0.318795  0.307336  0.298942  0.297778  0.287509  0.28046  0.273235  0.263889  0.256549  0.250413  0.247268  0.24192  0.239378  
1.92529  3.60098  4.11613  7.34825  0.294337  0.241046  0.119289  7.39614  6.33169  6.73762  7.1733  7.60904  8.06147  8.37924  8.77419  9.07422  9.44061  9.6978  10.1273  10.4124  10.688  10.922  11.1324  11.4014  0.962645  0.900244  0.686022  0.918531  0.0294337  0.0200872  0.00852067  0.462259  0.35176  0.336881  0.326059  0.317043  0.310056  0.299259  0.292473  0.283569  0.277665  0.269383  0.266508  0.260309  0.254475  0.248228  0.24201  0.23753  
1.88729  3.54771  4.11817  7.41298  0.363697  0.392624  0.147672  7.32495  6.32914  6.75794  7.1762  7.59387  8.06193  8.33627  8.73384  9.06294  9.48616  9.77069  10.1791  10.1586  10.5631  10.9365  11.0991  11.6523  0.943647  0.886927  0.686362  0.926622  0.0363697  0.0327187  0.010548  0.457809  0.351619  0.337897  0.326191  0.316411  0.310074  0.297724  0.291128  0.283217  0.279005  0.271408  0.267872  0.253966  0.251502  0.248557  0.241286  0.242757  
1.89623  3.06813  4.3156  7.84893  0.168673  1.0585  0.0809201  7.45843  6.35573  6.72535  7.22306  7.61975  7.97558  8.49477  8.72479  9.2137  9.41975  9.75654  10.032  10.4213  10.8992  10.9297  11.2032  11.3755  0.948115  0.767032  0.719267  0.981116  0.0168673  0.0882085  0.00578001  0.466152  0.353096  0.336267  0.328321  0.31749  0.306753  0.303385  0.290826  0.287928  0.277052  0.271015  0.264001  0.260531  0.259504  0.248403  0.243548  0.236991  
1.88729  3.06222  4.11817  7.94703  0.0702054  1.40139  0.147672  7.32495  6.36018  6.766  7.30505  7.59387  8.00729  8.3789  8.71098  9.06294  9.5496  9.76572  10.0195  10.3856  10.6187  10.8678  11.0991  11.3863  0.943647  0.765556  0.686362  0.993378  0.00702054  0.116782  0.010548  0.457809  0.353343  0.3383  0.332048  0.316411  0.307973  0.299246  0.290366  0.283217  0.280871  0.27127  0.263671  0.259639  0.252826  0.246995  0.241286  0.237215  
1.84639  3.00827  4.25731  7.84893  0.366804  1.29911  0.161644  7.32495  6.3096  6.74628  7.17743  7.62403  8.00729  8.44119  8.72778  9.11192  9.53275  9.67683  10.0532  10.323  10.8547  10.9557  11.1937  11.4199  0.923197  0.752066  0.709552  0.981116  0.0366804  0.108259  0.011546  0.457809  0.350533  0.337314  0.326247  0.317668  0.307973  0.301471  0.290926  0.284748  0.280375  0.268801  0.264559  0.258074  0.258444  0.248993  0.243341  0.237915  
1.93952  2.12866  5.08782  7.88556  0.305346  0.257645  1.47724  5.59404  5.97363  6.43156  6.8863  7.31603  7.6177  7.94923  8.19891  8.64684  8.83948  9.43326  9.61826  9.73848  9.94901  10.2859  10.6998  10.5798  0.969759  0.532165  0.847969  0.985694  0.0305346  0.0214705  0.105517  0.349627  0.331868  0.321578  0.313014  0.304835  0.292988  0.283901  0.273297  0.270214  0.259985  0.262035  0.253112  0.243462  0.236881  0.233769  0.232605  0.220412  
1.95349  3.35843  3.89836  6.73477  0.55014  0.775648  1.39587  7.56867  6.29596  6.88524  7.18801  7.6294  8.14826  8.38268  8.73034  9.07056  9.44331  9.7304  10.1481  10.284  10.7372  10.9488  11.0907  11.6862  0.976744  0.839607  0.649727  0.841846  0.055014  0.0646374  0.099705  0.473042  0.349776  0.344262  0.326728  0.317892  0.313395  0.299381  0.291011  0.283455  0.277744  0.270289  0.267055  0.2571  0.255648  0.248836  0.241103  0.243462  
1.86218  2.2824  4.98048  7.569  0.685849  0.0123577  1.53648  5.64474  5.95719  6.41347  6.89737  7.25106  7.59934  7.95909  8.33574  8.54316  8.88005  9.37569  9.59148  9.72515  10.1614  10.3242  10.5859  10.5623  0.931092  0.570601  0.830079  0.946125  0.0685849  0.00102981  0.109748  0.352796  0.330955  0.320674  0.313517  0.302127  0.292282  0.284253  0.277858  0.266974  0.261178  0.260436  0.252407  0.243129  0.241939  0.234641  0.230129  0.220049  
1.86218  2.03966  4.98048  7.83602  0.671246  0.51674  1.53648  5.64474  5.97271  6.4175  6.9618  7.25106  7.57202  7.96574  8.32431  8.52966  8.91178  9.37321  9.51167  9.83861  10.1892  10.2898  10.5859  10.5518  0.931092  0.509915  0.830079  0.979503  0.0671246  0.0430616  0.109748  0.352796  0.331817  0.320875  0.316445  0.302127  0.291232  0.284491  0.277477  0.266552  0.262111  0.260367  0.250307  0.245965  0.242601  0.23386  0.230129  0.219829  
1.8561  2.15427  4.77167  7.64835  1.20193  0.211426  1.35689  5.64474  5.97271  6.41992  6.89766  7.25106  7.61088  7.9517  8.3142  8.52213  8.91178  9.32875  9.51167  9.83861  10.1654  10.3649  10.6138  10.5518  0.928048  0.538566  0.795279  0.956044  0.120193  0.0176189  0.0969206  0.352796  0.331817  0.320996  0.31353  0.302127  0.292726  0.283989  0.27714  0.266317  0.262111  0.259132  0.250307  0.245965  0.242033  0.235566  0.230736  0.219829  
1.54191  2.69583  5.02749  7.26082  0.937975  0.586421  1.66618  5.49003  5.88111  6.41686  6.82117  7.19787  7.5135  7.84394  8.27787  8.51616  8.84787  9.20014  9.36521  9.67698  9.73943  10.0546  10.4707  10.6229  0.770956  0.673958  0.837914  0.907602  0.0937975  0.0488684  0.119013  0.343127  0.326728  0.320843  0.310053  0.299911  0.288981  0.280141  0.275929  0.26613  0.260231  0.25556  0.246453  0.241924  0.231891  0.228513  0.227623  0.22131  
1.53097  3.5227  3.58373  7.28897  0.178691  2.31275  1.61638  5.72092  6.10355  6.59789  6.97439  7.29439  7.58259  8.08882  8.32093  8.6519  8.93024  9.32174  9.54481  9.87834  10.1586  10.338  10.6974  10.7387  0.765485  0.880675  0.597288  0.911121  0.0178691  0.192729  0.115456  0.357557  0.339086  0.329895  0.317018  0.303933  0.291638  0.288886  0.277364  0.270372  0.262654  0.258937  0.251179  0.246958  0.241871  0.234954  0.232552  0.223723  
1.93952  2.60236  3.3584  7.531  0.127841  0.0123577  4.92507  5.72092  6.09335  6.5948  6.97973  7.29712  7.57948  8.08684  8.17716  8.64684  8.89752  9.34075  9.54481  9.7022  9.85098  10.3216  10.6998  10.7281  0.969759  0.650591  0.559733  0.941375  0.0127841  0.00102981  0.351791  0.357557  0.338519  0.32974  0.31726  0.304047  0.291519  0.288816  0.272572  0.270214  0.261692  0.259465  0.251179  0.242555  0.234547  0.234582  0.232605  0.223501  
1.3401  3.69181  4.02543  6.62694  0.0434334  0.0222094  5.54044  5.65005  5.98174  6.4419  6.88924  7.31097  7.64789  8.19985  8.71314  8.57503  9.04695  9.38037  9.54049  10.0457  10.1453  10.5033  10.7616  10.9009  0.670051  0.922952  0.670906  0.828368  0.00434334  0.00185078  0.395746  0.353128  0.332319  0.322095  0.313147  0.304624  0.29415  0.292852  0.290438  0.26797  0.266087  0.260566  0.251066  0.251142  0.241555  0.238711  0.233947  0.227102  
1.91018  2.2824  3.8215  7.10954  0.00632114  0.0123577  6.26821  5.64079  6.03305  6.4297  6.84229  7.28025  7.55586  7.90513  8.10969  8.6171  8.88005  9.33546  9.5537  9.57914  9.92903  10.3758  10.5692  10.6248  0.955092  0.570601  0.636917  0.888692  0.000632114  0.00102981  0.447729  0.352549  0.335169  0.321485  0.311013  0.303344  0.29061  0.282326  0.270323  0.269284  0.261178  0.259318  0.251413  0.239478  0.236405  0.235813  0.229766  0.221351  
1.8826  1.79247  4.33935  7.19334  0.00632114  0.0264197  6.25935  5.65169  6.05464  6.40989  6.70602  7.15497  7.52855  7.88581  8.21116  8.72813  8.97568  9.23788  9.26241  9.40033  9.84023  10.178  10.3502  10.1584  0.9413  0.448118  0.723225  0.899168  0.000632114  0.00220164  0.447097  0.353231  0.336369  0.320495  0.304819  0.298124  0.28956  0.281636  0.273705  0.272754  0.263991  0.256608  0.243748  0.235008  0.234291  0.231319  0.225004  0.211634  
1.85522  2.111  3.8215  7.10954  0.00632114  0.449309  6.26821  5.58503  6.03305  6.46832  6.84229  7.38292  7.55586  8.05656  8.30945  8.68651  9.2943  9.33546  9.51509  9.9955  10.2735  10.4926  10.5692  10.7089  0.927608  0.527751  0.636917  0.888692  0.000632114  0.0374424  0.447729  0.349065  0.335169  0.323416  0.311013  0.307622  0.29061  0.287734  0.276982  0.271453  0.273362  0.259318  0.250397  0.249888  0.244608  0.238469  0.229766  0.223102  
1.14379  3.93495  3.11076  6.91899  0.0104581  0.0255114  4.77754  5.23279  5.70849  5.86773  6.36652  6.86755  7.32888  7.33423  7.86032  7.98177  8.41814  8.35974  8.78035  9.1552  9.26308  9.41242  9.73268  9.92356  0.571896  0.983739  0.518461  0.864873  0.00104581  0.00212595  0.341253  0.327049  0.317139  0.293386  0.289387  0.286148  0.28188  0.261937  0.262011  0.24943  0.247592  0.232215  0.231062  0.22888  0.22055  0.213919  0.21158  0.206741  
1.11968  2.46416  5.05336  7.08484  0.308343  0.104072  4.83705  5.24283  5.73571  6.06102  6.52013  6.73814  7.32888  7.47935  7.89617  7.94987  8.30212  8.52163  8.59919  9.19314  9.1438  9.45136  10.178  9.64718  0.559839  0.616039  0.842227  0.885605  0.0308343  0.00867268  0.345504  0.327677  0.31865  0.303051  0.296369  0.280756  0.28188  0.26712  0.263206  0.248434  0.24418  0.236712  0.226295  0.229829  0.217709  0.214804  0.221261  0.200983  
1.28533  3.71007  3.17113  6.13176  0.121852  0.193193  4.72888  5.10311  5.58677  5.89763  6.21895  6.57726  6.95548  7.22722  7.60933  7.71188  8.15423  8.26946  8.49059  8.51397  9.02281  9.06342  9.14341  8.92003  0.642665  0.927516  0.528522  0.76647  0.0121852  0.0160994  0.337777  0.318945  0.310376  0.294882  0.28268  0.274053  0.267518  0.258115  0.253644  0.240996  0.23983  0.229707  0.223437  0.212849  0.214829  0.205987  0.19877  0.185834  
1.07527  2.56748  4.55135  7.11606  0.308343  0.98276  4.83705  5.28092  5.58486  6.10581  6.3789  6.75134  7.24158  7.51847  7.73208  8.08887  8.27722  8.52163  8.79724  9.19314  9.1438  9.46906  9.7884  9.64718  0.537634  0.641871  0.758559  0.889507  0.0308343  0.0818966  0.345504  0.330057  0.31027  0.305291  0.28995  0.281306  0.278522  0.268517  0.257736  0.252777  0.243448  0.236712  0.231506  0.229829  0.217709  0.215206  0.212791  0.200983  
1.2514  3.78115  2.53134  6.35997  0.152936  0.886259  4.80191  5.21668  5.61409  5.91524  6.23959  6.57943  6.85111  7.21556  7.56096  7.66232  8.24267  8.25746  8.4759  8.49745  8.64524  9.01036  8.95761  8.95566  0.625701  0.945288  0.42189  0.794997  0.0152936  0.0738549  0.342993  0.326043  0.311894  0.295762  0.283618  0.274143  0.263504  0.257699  0.252032  0.239448  0.242432  0.229374  0.22305  0.212436  0.205839  0.204781  0.194731  0.186576  
1.12809  3.27161  4.09571  5.44894  1.45783  0.425865  4.75026  5.41076  5.73772  5.9366  6.42604  6.74686  7.09441  7.376  7.45326  7.85172  8.08965  8.27105  8.53663  8.73886  8.98848  9.07751  9.9221  9.47803  0.564044  0.817902  0.682618  0.681118  0.145783  0.0354887  0.339304  0.338172  0.318762  0.29683  0.292093  0.281119  0.272862  0.263429  0.248442  0.245366  0.237931  0.229751  0.224648  0.218472  0.214011  0.206307  0.215698  0.197459  
1.57092  1.67832  3.89053  6.78982  0.644534  2.13049  4.88665  5.20015  5.6796  5.99994  6.21895  6.77822  7.30595  7.34714  7.66844  8.01307  8.23677  8.34092  8.60119  8.88707  9.02281  9.54703  9.50848  9.45181  0.785459  0.419581  0.648422  0.848727  0.0644534  0.17754  0.349046  0.325009  0.315533  0.299997  0.28268  0.282426  0.280998  0.262398  0.255615  0.250408  0.242258  0.231692  0.226347  0.222177  0.214829  0.216978  0.206706  0.196913  
1.29203  2.9718  3.02115  6.12926  0.171032  2.73623  4.86197  5.41076  5.60673  5.92304  6.37994  6.80318  6.96736  7.28933  7.24591  7.85635  8.18718  8.27105  8.48399  8.76531  8.98855  9.06373  9.21094  8.92321  0.646017  0.742951  0.503526  0.766158  0.0171032  0.228019  0.347284  0.338172  0.311485  0.296152  0.289997  0.283466  0.267975  0.260333  0.24153  0.245511  0.240799  0.229751  0.223263  0.219133  0.214013  0.205994  0.200238  0.1859  
1.4424  3.10408  3.86847  3.78892  0.0104581  3.66771  5.41911  5.36987  5.76271  6.18979  6.40672  6.86755  7.32888  7.59885  7.73377  8.02774  8.54608  8.59922  8.78035  9.1552  9.38241  9.41242  9.73268  9.92356  0.721202  0.77602  0.644744  0.473615  0.00104581  0.305642  0.387079  0.335617  0.320151  0.309489  0.291214  0.286148  0.28188  0.271387  0.257792  0.250867  0.251355  0.238867  0.231062  0.22888  0.223391  0.213919  0.21158  0.206741  
1.9346  2.19979  2.18452  5.52544  0.00632114  5.288  5.74185  5.5059  6.15284  6.63811  6.86855  7.1969  7.71896  7.59858  8.1355  8.61974  8.88005  9.12502  9.5537  9.1725  9.92903  9.94873  10.556  10.6248  0.967301  0.549947  0.364087  0.69068  0.000632114  0.440667  0.410132  0.344118  0.341824  0.331906  0.312207  0.299871  0.296883  0.271378  0.271183  0.269367  0.261178  0.253473  0.251413  0.229313  0.236405  0.226108  0.229477  0.221351  
1.39401  3.26711  2.05632  5.35539  0.0185656  5.58797  4.88045  5.15886  5.79214  6.12322  6.45376  6.76534  7.37363  7.53103  8.26697  7.94145  8.42411  8.64692  8.86285  9.22143  9.31898  9.7183  10.3026  10.3231  0.697003  0.816777  0.34272  0.669423  0.00185656  0.465664  0.348604  0.322429  0.321786  0.306161  0.293353  0.281889  0.283601  0.268965  0.275566  0.24817  0.247768  0.240192  0.233233  0.230536  0.221881  0.220871  0.22397  0.215064  
0.946624  3.57682  3.91543  3.71987  0.0309191  4.31629  4.60737  4.99789  5.34927  5.78085  6.22089  6.54968  6.58642  6.88476  7.25881  7.40218  7.88701  8.09352  8.00131  8.47935  8.73288  8.79193  9.1519  9.05477  0.473312  0.894204  0.652571  0.464984  0.00309191  0.35969  0.329098  0.312368  0.297182  0.289043  0.282768  0.272903  0.253324  0.245884  0.24196  0.231318  0.231971  0.22482  0.210561  0.211984  0.207926  0.199817  0.198954  0.188641  
1.05957  2.89851  1.73468  7.18853  0.57577  4.42057  4.55796  5.08646  5.58716  5.9293  6.087  6.51139  6.82263  7.35705  7.48805  7.49853  7.92059  8.17628  8.27245  8.62132  8.93276  8.97171  9.11231  9.29094  0.529783  0.724628  0.289113  0.898567  0.057577  0.368381  0.325569  0.317904  0.310398  0.296465  0.276682  0.271308  0.262409  0.262752  0.249602  0.234329  0.232959  0.227119  0.217696  0.215533  0.212685  0.203903  0.198094  0.193561  
0.914061  1.15663  4.50474  7.15565  0.910243  4.15374  4.61679  4.99986  5.2054  5.83711  6.005  6.52908  6.72285  6.9718  7.1576  7.62787  7.83052  7.86811  7.86808  8.56499  8.59294  8.72078  8.70857  8.70569  0.457031  0.289158  0.750789  0.894456  0.0910243  0.346145  0.32977  0.312491  0.289189  0.291855  0.272954  0.272045  0.258571  0.248993  0.238587  0.238371  0.230309  0.218559  0.207055  0.214125  0.204594  0.1982  0.189317  0.181368  
0.918624  1.41997  3.91543  6.97144  0.880576  4.08589  4.64473  4.99789  5.32887  5.81294  5.93451  6.53293  6.83971  6.92695  7.19121  7.50013  7.79683  7.76874  7.93556  8.47935  8.70711  8.7078  8.69086  8.78454  0.459312  0.354993  0.652571  0.87143  0.0880576  0.340491  0.331766  0.312368  0.296049  0.290647  0.269751  0.272206  0.263066  0.247391  0.239707  0.234379  0.229318  0.215798  0.208831  0.211984  0.207312  0.197905  0.188932  0.183011  
1.17356  1.50871  3.35182  6.15233  1.92712  4.16121  4.49884  4.87325  5.29411  5.64923  6.11236  6.42472  6.83489  6.84662  7.19227  7.35009  7.69244  7.76874  7.89515  8.47935  8.50877  8.73136  8.61698  8.77034  0.58678  0.377177  0.558636  0.769041  0.192712  0.346767  0.321346  0.304578  0.294117  0.282462  0.277835  0.267697  0.26288  0.244522  0.239742  0.22969  0.226248  0.215798  0.207767  0.211984  0.20259  0.19844  0.187326  0.182715  
1.17356  1.41997  3.18214  6.1697  1.96883  4.25507  4.54068  4.87325  5.29411  5.64407  6.11633  6.42472  6.83971  6.84662  7.1985  7.35009  7.72221  7.76874  7.90438  8.47935  8.53968  8.7078  8.59231  8.78454  0.58678  0.354993  0.530357  0.771213  0.196883  0.354589  0.324334  0.304578  0.294117  0.282204  0.278015  0.267697  0.263066  0.244522  0.23995  0.22969  0.227124  0.215798  0.20801  0.211984  0.203326  0.197905  0.186789  0.183011  
1.08788  1.45324  3.26192  5.89926  2.57148  4.11723  4.74236  5.02243  5.27459  5.711  6.21603  6.4371  6.58642  6.87912  7.25323  7.40218  7.84995  8.06706  7.84977  8.38796  8.5836  8.57564  8.56722  8.72603  0.543942  0.363311  0.543654  0.737408  0.257148  0.343103  0.33874  0.313902  0.293033  0.28555  0.282547  0.268212  0.253324  0.245683  0.241774  0.231318  0.230881  0.224085  0.206573  0.209699  0.204372  0.194901  0.186244  0.181792  
0.788201  1.63163  4.3668  4.82925  3.56975  4.25746  4.53724  4.94132  5.3303  5.89401  6.23959  6.39221  6.98255  7.0758  7.14237  7.44825  7.86827  7.45713  8.08721  8.56431  8.64524  8.77345  8.6665  8.78832  0.3941  0.407908  0.7278  0.603657  0.356975  0.354788  0.324089  0.308832  0.296128  0.2947  0.283618  0.266342  0.26856  0.252707  0.238079  0.232758  0.23142  0.207143  0.212821  0.214108  0.205839  0.199397  0.188402  0.18309  
0.745363  1.6039  4.32185  4.71227  3.89194  4.22078  4.65269  5.00364  5.32507  5.92363  6.10428  6.40383  6.85832  6.98806  7.17564  7.4743  8.00511  7.61952  8.0648  8.61708  8.71702  8.68111  8.64162  8.80089  0.372681  0.400974  0.720309  0.589034  0.389194  0.351732  0.332335  0.312727  0.295837  0.296182  0.277467  0.266826  0.263782  0.249574  0.239188  0.233572  0.235444  0.211653  0.212232  0.215427  0.207548  0.197298  0.187861  0.183352  
0.760609  1.79006  3.2548  5.30069  4.55443  4.14864  4.53724  5.21668  5.36274  5.81345  6.23959  6.57943  6.85111  7.0758  7.56096  7.61422  7.86827  7.91295  8.50524  8.48355  8.64524  8.6907  8.79446  8.86113  0.380305  0.447514  0.542467  0.662586  0.455443  0.34572  0.324089  0.326043  0.29793  0.290672  0.283618  0.274143  0.263504  0.252707  0.252032  0.237944  0.23142  0.219804  0.223822  0.212089  0.205839  0.197516  0.191184  0.184607  
1.41517  1.24197  2.57515  4.33698  3.39038  3.9677  4.54772  4.72409  4.96769  5.30959  5.72382  6.02664  6.22078  6.12419  6.60568  6.78689  6.9437  7.04412  7.2589  7.64036  8.64524  7.83668  7.37737  7.89111  0.707587  0.310493  0.429191  0.542123  0.339038  0.330642  0.324837  0.295256  0.275983  0.26548  0.260174  0.25111  0.239261  0.218721  0.220189  0.21209  0.204226  0.19567  0.191024  0.191009  0.205839  0.178106  0.160378  0.164398  
1.5428  2.54251  0.520684  3.52309  3.41887  3.6287  4.0022  4.78815  4.93431  5.26033  5.30198  5.71522  5.58476  5.91219  6.30241  6.37213  6.36356  6.72703  6.98149  6.94334  7.06039  7.22946  6.68244  7.50407  0.771398  0.635628  0.0867806  0.440386  0.341887  0.302391  0.285871  0.29926  0.274128  0.263017  0.240999  0.238134  0.214798  0.21115  0.21008  0.199129  0.187164  0.186862  0.183723  0.173583  0.168104  0.164306  0.14527  0.156335  
1.21537  2.04733  1.57743  4.00446  3.36707  3.68812  4.02305  4.89721  4.6864  5.34262  5.27141  5.74422  5.74841  5.99541  6.09601  6.2424  6.36946  6.56444  6.48223  6.55098  6.39124  7.21784  7.16014  7.04486  0.607686  0.511833  0.262905  0.500557  0.336707  0.307344  0.287361  0.306076  0.260356  0.267131  0.23961  0.239342  0.221093  0.214122  0.2032  0.195075  0.187337  0.182345  0.170585  0.163774  0.152172  0.164042  0.155655  0.146768  
1.06403  1.6057  2.69504  3.52309  3.44758  3.6287  3.90549  4.68277  4.56633  5.19465  5.17041  5.48621  5.57675  5.66326  6.00774  6.22064  6.33259  6.03227  6.07623  6.26555  6.42907  6.9699  6.66648  6.72224  0.532016  0.401424  0.449173  0.440386  0.344758  0.302391  0.278964  0.292673  0.253685  0.259733  0.235019  0.228592  0.21449  0.202259  0.200258  0.194395  0.186253  0.167563  0.159901  0.156639  0.153073  0.158407  0.144924  0.140047  
0.459547  1.13902  4.01842  4.64019  3.44617  3.66626  3.84819  4.12746  4.42843  4.62604  4.67716  5.28449  5.17842  5.30199  5.57307  5.51539  5.78302  5.38841  5.5272  5.88046  6.61817  6.02532  6.18994  6.14526  0.229773  0.284754  0.669737  0.580023  0.344617  0.305521  0.274871  0.257966  0.246024  0.231302  0.212598  0.220187  0.19917  0.189357  0.185769  0.172356  0.170089  0.149678  0.145453  0.147011  0.157576  0.136939  0.134564  0.128026  
0.716932  1.50206  1.20366  6.19628  2.96061  3.25231  3.58181  3.82232  4.00942  4.45135  4.78585  4.86433  4.70606  4.81265  5.32407  4.81045  5.05601  5.02991  5.01194  4.89494  5.15009  5.45174  5.64801  5.26111  0.358466  0.375515  0.20061  0.774535  0.296061  0.271026  0.255844  0.238895  0.222745  0.222568  0.217538  0.20268  0.181002  0.17188  0.177469  0.150326  0.148706  0.13972  0.131893  0.122374  0.122621  0.123903  0.122783  0.109607  
0.414254  1.01717  3.16978  5.24081  3.12163  3.21682  3.43958  3.66658  3.9101  4.09283  4.04743  4.49731  4.5105  4.48226  4.64071  4.76694  4.76931  4.4478  4.53934  4.7732  5.22574  4.8279  4.9266  4.7752  0.207127  0.254291  0.528297  0.655101  0.312163  0.268068  0.245684  0.229161  0.217228  0.204642  0.183974  0.187388  0.173481  0.160081  0.15469  0.148967  0.140274  0.12355  0.119456  0.11933  0.124422  0.109725  0.1071  0.0994834  
0.547462  1.11667  1.45367  6.34013  2.80364  2.96062  3.23539  3.49015  3.51334  3.67418  3.64003  3.80788  3.78368  4.12038  3.71588  3.75705  4.09263  3.9022  3.6524  3.36758  4.06111  3.98759  3.84549  3.75761  0.273731  0.279167  0.242278  0.792517  0.280364  0.246718  0.231099  0.218135  0.195185  0.183709  0.165456  0.158662  0.145526  0.147156  0.123863  0.117408  0.120371  0.108394  0.0961158  0.0841894  0.0966931  0.090627  0.0835977  0.0782835  
0.186582  1.67699  1.80845  5.70477  2.9741  3.07121  3.21131  3.44235  3.54928  3.53421  3.69165  4.03566  3.91275  3.93176  4.02097  3.96071  4.2465  3.79555  3.83182  3.86134  4.50985  3.89778  3.78786  3.48349  0.0932912  0.419247  0.301408  0.713096  0.29741  0.255934  0.22938  0.215147  0.197182  0.176711  0.167802  0.168152  0.15049  0.14042  0.134032  0.123772  0.124897  0.105432  0.100837  0.0965334  0.107377  0.088586  0.0823448  0.0725727  
0.37862  1.15157  1.45367  5.92432  2.81706  2.71425  3.00831  3.49015  3.33052  3.34021  3.30145  3.80788  3.48328  3.51764  3.71588  3.44803  3.57891  3.47529  3.28097  3.16308  3.47817  3.35396  3.26281  3.254  0.18931  0.287892  0.242278  0.74054  0.281706  0.226187  0.214879  0.218135  0.185029  0.16701  0.150066  0.158662  0.133972  0.12563  0.123863  0.107751  0.105262  0.0965359  0.0863412  0.079077  0.0828135  0.0762263  0.0709307  0.0677916  
0.446712  0.756832  0.941775  6.69854  2.2584  2.57775  2.66132  3.00201  2.87526  3.12541  3.05486  3.0462  2.79735  3.07008  3.02204  2.71865  2.69827  2.51298  2.45668  1.94092  2.49084  2.48279  2.23123  2.10291  0.223356  0.189208  0.156963  0.837318  0.22584  0.214813  0.190094  0.187626  0.159737  0.15627  0.138857  0.126925  0.10759  0.109646  0.100735  0.0849579  0.079361  0.0698051  0.0646496  0.048523  0.0593058  0.056427  0.048505  0.0438106  
0.0744487  0.700016  1.16383  7.53796  2.26933  2.10003  2.44818  2.59045  2.61582  2.54949  2.52607  2.55751  2.70442  2.41837  2.37434  2.55406  2.30089  2.04041  1.8561  1.95524  1.82031  1.73693  1.7768  1.4026  0.0372244  0.175004  0.193971  0.942245  0.226933  0.175003  0.17487  0.161903  0.145323  0.127474  0.114821  0.106563  0.104016  0.0863703  0.0791446  0.0798145  0.0676731  0.0566782  0.0488448  0.0488809  0.0433407  0.0394756  0.038626  0.0292208  
0.109029  0.82663  1.73938  5.86692  2.28524  2.08501  2.20716  2.16731  2.50963  2.45747  2.37769  2.17686  2.19654  1.8646  1.76493  2.10061  1.67084  1.65917  1.71381  1.53193  1.32496  1.21552  1.06587  1.04809  0.0545143  0.206658  0.289897  0.733365  0.228524  0.173751  0.157654  0.135457  0.139424  0.122874  0.108077  0.0907026  0.0844825  0.0665929  0.0588308  0.0656441  0.0491424  0.0460882  0.0451003  0.0382983  0.0315466  0.0276255  0.023171  0.0218352  
0.24927  0.212566  1.08887  6.88898  2.7775  2.08501  2.20716  2.36585  2.73749  2.65914  2.20956  2.17686  2.17182  1.87356  2.0651  1.96591  1.67084  1.65917  1.51569  1.42478  1.3006  1.3048  1.20268  1.09659  0.124635  0.0531415  0.181478  0.861123  0.27775  0.173751  0.157654  0.147865  0.152083  0.132957  0.100435  0.0907026  0.0835314  0.066913  0.0688367  0.0614347  0.0491424  0.0460882  0.0398867  0.0356195  0.0309666  0.0296544  0.0261452  0.0228456  
0.263427  0.250238  1.2718  5.9635  3.52362  2.4354  2.35085  2.3311  2.37237  2.6093  2.23094  2.26856  2.17891  2.20435  1.87237  2.01429  1.77306  1.85985  1.51331  1.19774  1.33977  1.2418  1.30243  1.08414  0.131714  0.0625596  0.211967  0.745437  0.352362  0.20295  0.167918  0.145694  0.131798  0.130465  0.101406  0.0945233  0.0838041  0.0787269  0.0624124  0.0629465  0.0521487  0.0516624  0.0398239  0.0299435  0.0318992  0.0282228  0.0283137  0.0225862  
0.0947567  0.185883  1.25136  6.25912  3.66813  2.09407  2.27257  2.13915  2.30665  2.57023  2.11365  2.2117  2.24873  2.08247  1.78316  1.99706  1.67084  1.66517  1.46343  1.54019  1.29108  1.15772  1.29323  1.09165  0.0473784  0.0464708  0.208559  0.78239  0.366813  0.174506  0.162326  0.133697  0.128147  0.128512  0.0960748  0.0921542  0.0864896  0.0743739  0.0594386  0.0624081  0.0491424  0.0462547  0.0385112  0.0385048  0.0307401  0.0263119  0.0281137  0.0227427  
0.0594105  0.0603408  1.34131  6.00317  3.88444  2.50087  2.35085  2.14981  2.1637  2.52182  2.07837  2.15353  2.17752  2.04967  1.75869  1.99753  1.63914  1.49324  1.51  1.21903  1.22285  1.15489  1.03851  1.03512  0.0297053  0.0150852  0.223551  0.750397  0.388444  0.208406  0.167918  0.134363  0.120206  0.126091  0.0944714  0.0897303  0.0837508  0.0732026  0.0586229  0.0624227  0.04821  0.0414789  0.039737  0.0304758  0.0291154  0.0262474  0.0225764  0.0215649  
0.343514  0.311592  1.71546  3.35523  5.8409  2.42564  2.46732  2.45171  2.45228  2.56607  2.32848  2.37247  2.24194  2.26637  2.1301  2.04483  1.93882  1.97751  1.84688  1.36861  1.59458  1.43462  1.36074  1.18684  0.171757  0.0778981  0.28591  0.419403  0.58409  0.202137  0.176237  0.153232  0.136238  0.128304  0.10584  0.0988527  0.0862286  0.0809419  0.0710033  0.0639009  0.057024  0.054931  0.0486021  0.0342151  0.0379663  0.0326049  0.0295813  0.0247258  
0.0361013  0.0953689  2.99505  2.79913  6.59051  2.25253  2.20885  2.44271  2.5122  2.40937  2.50658  2.54578  2.37949  2.33105  2.0006  2.21848  1.92959  1.8642  1.68876  1.91335  1.57863  1.51064  1.44477  1.2373  0.0180507  0.0238422  0.499174  0.349891  0.659051  0.187711  0.157775  0.152669  0.139567  0.120469  0.113936  0.106074  0.0915188  0.0832518  0.0666867  0.0693276  0.0567526  0.0517834  0.0444412  0.0478337  0.0375865  0.0343327  0.0314081  0.0257771  
0.0269647  0.373898  1.95335  3.117  6.31375  2.12116  2.44921  2.3622  2.23592  2.41207  2.15835  2.16981  2.24194  2.18937  1.75897  1.84736  1.71094  2.05153  1.40558  1.36861  1.20797  1.2752  1.1178  1.10947  0.0134823  0.0934745  0.325559  0.389625  0.631375  0.176763  0.174944  0.147637  0.124218  0.120604  0.098107  0.0904085  0.0862286  0.0781917  0.0586323  0.0577301  0.0503219  0.0569868  0.0369889  0.0342151  0.0287611  0.0289818  0.0243  0.0231139  
0.204902  0.925569  0.170519  3.19267  7.37014  2.21639  2.56576  2.72515  2.57056  2.49374  2.36215  2.40328  2.3771  2.24229  1.94106  2.2424  2.06968  1.92219  1.82409  1.59851  1.48757  1.43438  1.35348  1.23433  0.102451  0.231392  0.0284199  0.399084  0.737014  0.184699  0.183268  0.170322  0.142809  0.124687  0.10737  0.100137  0.0914269  0.0800817  0.0647021  0.0700751  0.0608731  0.0533941  0.0480023  0.0399626  0.0354184  0.0325994  0.0294235  0.0257151  
0.237967  0.37102  2.13867  1.05886  8.15468  2.34507  2.32777  2.43715  2.47959  2.4789  2.33927  2.44167  2.25043  2.20859  2.27442  2.03254  2.00218  1.89145  2.12322  1.60659  1.5389  1.53099  1.31696  1.53841  0.118983  0.092755  0.356445  0.132358  0.815468  0.195422  0.16627  0.152322  0.137755  0.123945  0.106331  0.101736  0.0865548  0.0788783  0.0758141  0.0635168  0.0588876  0.0525401  0.0558742  0.0401648  0.0366404  0.0347952  0.0286295  0.0320503  
0.259526  0.566769  1.02407  1.52053  9.34103  2.28927  2.58543  2.44271  2.559  2.50479  2.47602  2.44808  2.29611  2.21949  2.05113  2.21848  2.27692  1.92934  1.81842  1.58237  1.57645  1.51064  1.33722  1.34283  0.129763  0.141692  0.170678  0.190066  0.934103  0.190773  0.184674  0.152669  0.142167  0.12524  0.112546  0.102004  0.0883118  0.0792673  0.0683709  0.0693276  0.0669682  0.0535929  0.0478533  0.0395592  0.0375346  0.0343327  0.02907  0.0279756  
0.260156  0.655403  1.10866  0.762701  9.46932  2.31001  2.58352  2.72515  2.55724  2.5098  2.47188  2.43905  2.26621  2.23372  2.05515  2.12935  2.00606  1.92219  1.82372  1.59513  1.51903  1.43438  1.32266  1.18576  0.130078  0.163851  0.184777  0.0953376  0.946932  0.192501  0.184537  0.170322  0.142069  0.12549  0.112358  0.101627  0.0871619  0.0797758  0.0685051  0.0665422  0.0590019  0.0533941  0.0479927  0.0398782  0.0361673  0.0325994  0.0287534  0.0247033  
0.0404074  0.0462508  2.78788  0.146809  9.66343  2.13922  2.22123  2.21562  2.73359  2.14266  2.2608  2.24139  2.14498  1.8823  2.05608  2.11823  1.75217  1.43486  1.59053  1.32808  1.30288  1.18804  1.14729  0.980947  0.0202037  0.0115627  0.464647  0.0183512  0.966343  0.178268  0.158659  0.138476  0.151866  0.107133  0.102764  0.0933913  0.0824991  0.0672249  0.0685359  0.0661948  0.0515344  0.0398572  0.0418559  0.0332021  0.031021  0.027001  0.0249412  0.0204364  
0.054321  0.178862  1.93149  0.474863  9.70304  2.59372  2.28015  2.3311  2.21369  2.26881  2.41806  2.26289  2.11243  2.04981  1.86009  1.93662  1.67546  1.61132  1.83397  1.34176  1.29871  1.14982  1.04647  0.979377  0.0271605  0.0447156  0.321916  0.0593579  0.970304  0.216143  0.162868  0.145694  0.122983  0.11344  0.109912  0.0942869  0.0812474  0.0732077  0.0620028  0.0605194  0.0492783  0.0447588  0.0482624  0.033544  0.0309217  0.0261323  0.0227493  0.0204037  
0.0253341  0.142215  1.28826  1.0045  9.90541  3.40857  2.12814  2.16895  2.2039  2.27194  2.27159  2.11699  2.04006  2.08368  1.98116  1.75771  1.54217  1.56393  1.7282  1.31348  1.27082  1.10381  0.997149  1.14582  0.0126671  0.0355539  0.214709  0.125562  0.990541  0.284047  0.15201  0.135559  0.122439  0.113597  0.103254  0.0882079  0.078464  0.074417  0.0660385  0.0549284  0.0453579  0.0434425  0.0454791  0.0328369  0.0302575  0.0250866  0.0216771  0.0238712  
0.0291738  0.0438388  1.18361  0.854734  9.91714  2.24737  2.57478  2.32465  2.44043  2.08933  2.22391  2.21292  1.78475  1.83103  1.53644  1.4558  1.41709  1.39381  1.10357  1.20861  1.02216  1.01896  0.80873  0.864506  0.0145869  0.0109597  0.197268  0.106842  0.991714  0.187281  0.183913  0.14529  0.13558  0.104466  0.101087  0.0922051  0.0686441  0.0653938  0.0512145  0.0454938  0.0416791  0.0387168  0.0290412  0.0302153  0.0243372  0.0231583  0.0175811  0.0180105  
0.0162532  0.160414  1.19524  0.158969  9.86242  4.93858  2.19121  2.23675  2.22913  2.32643  2.1437  2.54125  1.99711  1.9209  2.01609  1.97327  1.664  1.6244  1.82409  1.41349  1.27519  1.31446  1.19965  1.03465  0.00812659  0.0401035  0.199207  0.0198711  0.986242  0.411548  0.156515  0.139797  0.12384  0.116322  0.0974409  0.105885  0.0768119  0.0686037  0.0672029  0.0616646  0.0489412  0.0451221  0.0480023  0.0353373  0.0303618  0.0298741  0.0260794  0.0215551  
0.0664113  0.160414  0.603168  0.226791  9.86242  5.61793  2.26187  2.23675  2.14187  2.18488  2.55329  2.19187  1.96992  1.9613  1.85581  1.75102  1.54635  1.52893  1.47135  1.34738  1.37312  1.2115  1.15686  1.03465  0.0332057  0.0401035  0.100528  0.0283489  0.986242  0.468161  0.161562  0.139797  0.118993  0.109244  0.116059  0.091328  0.0757662  0.0700463  0.0618602  0.0547194  0.0454809  0.0424704  0.0387198  0.0336845  0.0326934  0.027534  0.0251491  0.0215551  
0.023697  0.00788947  0.247235  0.707372  9.86251  5.63004  2.28629  3.03595  2.14489  2.18945  2.54043  2.20292  2.0153  1.94336  1.80624  1.70527  1.62951  1.49928  1.48245  1.31455  1.45476  1.19895  0.998083  1.15241  0.0118485  0.00197237  0.0412059  0.0884215  0.986251  0.46917  0.163306  0.189747  0.119161  0.109472  0.115474  0.0917883  0.0775117  0.0694057  0.060208  0.0532898  0.0479269  0.0416466  0.0390117  0.0328638  0.0346371  0.027249  0.0216974  0.0240085  
0.0339571  0.187048  0.0782103  0.126604  9.85502  7.392  2.52082  2.3311  2.27981  2.5098  2.40381  2.50294  2.2201  2.13439  2.05515  2.16137  1.81765  1.82274  1.68876  1.59513  1.53029  1.43438  1.18934  1.25633  0.0169786  0.0467619  0.0130351  0.0158254  0.985502  0.616  0.180058  0.145694  0.126656  0.12549  0.109264  0.104289  0.0853884  0.0762283  0.0685051  0.0675429  0.0534603  0.0506316  0.0444412  0.0398782  0.0364355  0.0325994  0.0258552  0.0261735  
0.00297584  0.0556382  0.087641  0.0226031  9.87865  7.50867  2.17581  2.40977  2.23816  2.18255  2.32957  2.51036  1.96187  2.12011  1.83892  1.82604  1.67379  1.82303  1.3714  1.55726  1.31932  1.10621  1.189  1.01629  0.00148792  0.0139095  0.0146068  0.00282539  0.987865  0.625722  0.155415  0.15061  0.124342  0.109128  0.105889  0.104599  0.0754564  0.0757181  0.0612972  0.0570637  0.0492292  0.0506396  0.0360895  0.0389316  0.0314124  0.025141  0.0258478  0.0211727  
