1.00689 0.010266
0.0115519 1.02368
1.00635 0.0150566
1.00455 0.0250743
1.00381 0.0356024
1.00373 0.0428188
1.00373 0.0472104
1.00373 0.0479698
0.983541 0.0788613
0.98354 0.0897108
0.983535 0.0913156
0.932801 0.108408
0.932741 0.120611
0.932712 0.132545
0.878749 0.137233
0.862525 0.145698
0.860999 0.150497
0.860401 0.169408
0.859054 0.1798
0.858999 0.194047
0.858987 0.199732
0.85898 0.219905
0.85898 0.223362
0.831078 0.240798
0.821078 0.25098
0.820998 0.265454
0.799223 0.272955
0.784324 0.281981
0.769849 0.287028
0.769848 0.304971
0.769848 0.320409
0.769848 0.336278
0.769848 0.347851
0.769848 0.353307
0.769848 0.374136
0.769848 0.392299
0.769848 0.374136
0.769848 0.375532
0.769848 0.449745
0.762742 0.475916
0.757678 0.490791
0.729599 0.507973
0.62323 0.507973
0.685947 0.507973
0.655985 0.507973
0.623192 0.507973
0.59021 0.507973
0.569944 0.507973
0.560829 0.507973
0.531889 0.507973
0.518431 0.507973
0.50204 0.511546
0.495019 0.524228
0.493968 0.544206
0.493965 0.553639
0.481198 0.580725
0.46587 0.580727
0.460617 0.596603
0.460595 0.607763
0.443398 0.632413
0.430498 0.632417
0.411347 0.632622
0.398054 0.633839
0.393516 0.655022
0.381299 0.661109
0.375033 0.679261
0.359208 0.683471
0.35106 0.692535
0.351033 0.712796
0.331268 0.749181
0.325951 0.749181
0.311936 0.749433
0.300199 0.763408
0.290422 0.763408
0.27976 0.77163
0.279719 0.807026
0.279508 0.853937
0.279482 0.894718
0.279481 0.959947
0.151525 1
0.205445 1
0.199976 1
0.160363 1
0.160754 1
0.160937 1
0.169614 1
0.160946 1
0.153604 1
0.13791 1
0.130084 1
0.1168 1
0.10204 1
0.0934353 1
0.082908 1.02365
0.054826 1.02365
0.0384348 1.02365
0.0402286 1.02365
0.0372394 1.02365
0.0207479 1.02365
0.015485 1.02366
