1.02656 0.0100656
0.000142208 1.03693
0.997657 0.0150775
0.99523 0.0238875
0.995218 0.0358346
0.995218 0.0365291
0.995213 0.0578177
0.99399 0.0676782
0.993854 0.0766137
0.99385 0.0846856
0.99385 0.0846769
0.993836 0.105099
0.993836 0.106974
0.993794 0.138905
0.919941 0.145709
0.903155 0.153724
0.903126 0.163304
0.885827 0.175999
0.885776 0.18535
0.88568 0.193477
0.88568 0.208019
0.850835 0.221045
0.850195 0.230688
0.850065 0.248411
0.850055 0.261179
0.825544 0.270594
0.782066 0.270678
0.779794 0.284168
0.775667 0.296618
0.775471 0.311799
0.775471 0.326197
0.775471 0.343231
0.775471 0.355979
0.775471 0.371156
0.775471 0.393754
0.775471 0.408372
0.775471 0.426096
0.775471 0.447772
0.775471 0.423857
0.775471 0.426037
0.718341 0.507973
0.721876 0.507973
0.696101 0.507973
0.663959 0.507973
0.624551 0.507973
0.615543 0.507973
0.593856 0.507973
0.574198 0.507973
0.544845 0.507973
0.528911 0.507973
0.508571 0.508643
0.498858 0.51882
0.490462 0.531028
0.488638 0.551074
0.488415 0.572289
0.488348 0.596299
0.481943 0.614781
0.461627 0.614818
0.451225 0.623973
0.4421 0.649487
0.423021 0.649487
0.405111 0.649493
0.393553 0.649591
0.379283 0.649631
0.361029 0.649978
0.357535 0.663906
0.35748 0.693307
0.33865 0.709453
0.328908 0.709457
0.31609 0.709473
0.303225 0.71354
0.302457 0.744876
0.300871 0.78411
0.286011 0.784126
0.279281 0.801469
0.278492 0.833597
0.278492 0.888947
0.278434 0.930798
0.270866 1
0.256781 1
0.218545 1
0.217291 1
0.20902 1
0.198281 1
0.176301 1
0.164769 1
0.156113 1
0.13473 1
0.130216 1
0.116584 1
0.105764 1
0.0661954 1.03692
0.0660017 1.03692
0.0584838 1.03692
0.0602109 1.03692
0.0415052 1.03692
0.03663 1.03692
0.0241803 1.03692
0.0132672 1.03692
0.00530558 1.03692
