2.03572  3.14291  2.03572  3.14291  |||| 19968 |||| 19968 
2.06753  2.83884  2.06753  2.83884  |||| 10593.3 |||| 10593.3 
1.73919  3.62579  1.73919  3.62579  |||| 486.019 |||| 486.019 
1.46739  3.88574  1.46739  3.88574  |||| 178.99 |||| 178.99 
1.58575  4.01383  1.58575  4.01383  |||| 112.415 |||| 112.415 
2.31631  2.1213  2.31631  2.1213  |||| 27.3054 |||| 27.3054 
1.29792  4.05428  1.29792  4.05428  |||| 63.3335 |||| 63.3335 
1.91408  3.61592  1.91408  3.61592  |||| 44.0076 |||| 44.0076 
2.12474  3.11309  2.12474  3.11309  |||| 29.6561 |||| 29.6561 
2.01351  3.25542  2.01351  3.25542  |||| 27.5617 |||| 27.5617 
1.79124  3.43026  1.79124  3.43026  |||| 26.3349 |||| 26.3349 
2.22152  2.74296  2.22152  2.74296  |||| 16.4728 |||| 16.4728 
1.45994  4.11534  1.45994  4.11534  |||| 27.7128 |||| 27.7128 
1.88211  3.67224  1.88211  3.67224  |||| 21.527 |||| 21.527 
1.3636  4.26024  1.3636  4.26024  |||| 24.4148 |||| 24.4148 
1.61525  3.87209  1.61525  3.87209  |||| 19.7886 |||| 19.7886 
2.2692  2.49908  2.2692  2.49908  |||| 9.14421 |||| 9.14421 
2.49688  1.99306  2.49688  1.99306  |||| 5.35493 |||| 5.35493 
2.25016  2.42015  2.25016  2.42015  |||| 7.56704 |||| 7.56704 
1.62042  3.81755  1.62042  3.81755  |||| 14.9601 |||| 14.9601 
2.32295  1.72109  2.32295  1.72109  |||| 3.04586 |||| 3.04586 
2.11433  3.19389  2.11433  3.19389  |||| 10.2914 |||| 10.2914 
1.91253  3.0429  1.91253  3.0429  |||| 9.06758 |||| 9.06758 
2.02985  3.23627  2.02985  3.23627  |||| 9.52725 |||| 9.52725 
1.80471  3.52782  1.80471  3.52782  |||| 10.3737 |||| 10.3737 
1.47117  4.11583  1.47117  4.11583  |||| 12.3844 |||| 12.3844 
1.351  4.08089  1.351  4.08089  |||| 11.7391 |||| 11.7391 
1.9229  3.37768  1.9229  3.37768  |||| 8.57624 |||| 8.57624 
2.15842  3.02536  2.15842  3.02536  |||| 6.9497 |||| 6.9497 
1.82212  3.55891  1.82212  3.55891  |||| 8.59836 |||| 8.59836 
1.74589  3.67163  1.74589  3.67163  |||| 8.68427 |||| 8.68427 
1.56538  3.66192  1.56538  3.66192  |||| 8.35762 |||| 8.35762 
2.04163  3.3215  2.04163  3.3215  |||| 6.98979 |||| 6.98979 
2.31283  2.92335  2.31283  2.92335  |||| 5.5292 |||| 5.5292 
2.23981  2.25777  2.23981  2.25777  |||| 3.35208 |||| 3.35208 
1.89159  3.48682  1.89159  3.48682  |||| 6.84747 |||| 6.84747 
2.35295  1.73516  2.35295  1.73516  |||| 2.07537 |||| 2.07537 
1.73085  3.61357  1.73085  3.61357  |||| 6.81158 |||| 6.81158 
1.90288  3.48564  1.90288  3.48564  |||| 6.28148 |||| 6.28148 
1.76306  3.4208  1.76306  3.4208  |||| 5.94453 |||| 5.94453 
1.98726  3.52552  1.98726  3.52552  |||| 6.05669 |||| 6.05669 
1.88472  3.65893  1.88472  3.65893  |||| 6.23435 |||| 6.23435 
2.4551  1.62543  2.4551  1.62543  |||| 2.46602 |||| 2.46602 
1.5827  4.07073  1.5827  4.07073  |||| 6.90634 |||| 6.90634 
1.47168  4.13504  1.47168  4.13504  |||| 6.89213 |||| 6.89213 
2.16619  2.68099  2.16619  2.68099  |||| 3.4579 |||| 3.4579 
2.01903  3.06747  2.01903  3.06747  |||| 4.2313 |||| 4.2313 
1.95071  3.20786  1.95071  3.20786  |||| 4.44069 |||| 4.44069 
2.3166  2.36651  2.3166  2.36651  |||| 2.57202 |||| 2.57202 
1.84691  3.45353  1.84691  3.45353  |||| 4.76057 |||| 4.76057 
2.14575  2.92738  2.14575  2.92738  |||| 3.59926 |||| 3.59926 
2.20683  2.47506  2.20683  2.47506  |||| 2.63106 |||| 2.63106 
2.11801  3.15562  2.11801  3.15562  |||| 3.89965 |||| 3.89965 
1.6207  3.85979  1.6207  3.85979  |||| 5.16391 |||| 5.16391 
1.61469  3.97538  1.61469  3.97538  |||| 5.2813 |||| 5.2813 
2.11098  2.83586  2.11098  2.83586  |||| 3.09525 |||| 3.09525 
1.74339  3.23219  1.74339  3.23219  |||| 3.75113 |||| 3.75113 
2.45786  1.14611  2.45786  1.14611  |||| 3.34276 |||| 3.34276 
1.87201  3.2273  1.87201  3.2273  |||| 3.60986 |||| 3.60986 
1.89821  3.55981  1.89821  3.55981  |||| 4.11378 |||| 4.11378 
1.00819  4.41144  1.00819  4.41144  |||| 5.47012 |||| 5.47012 
2.01843  3.28902  2.01843  3.28902  |||| 3.52951 |||| 3.52951 
1.51814  3.91474  1.51814  3.91474  |||| 4.48473 |||| 4.48473 
1.69359  3.86292  1.69359  3.86292  |||| 4.32923 |||| 4.32923 
1.86669  3.72296  1.86669  3.72296  |||| 4.04051 |||| 4.04051 
2.37226  2.509  2.37226  2.509  |||| 3.87473 |||| 3.87473 
1.97044  3.41833  1.97044  3.41833  |||| 3.45237 |||| 3.45237 
1.74349  3.71894  1.74349  3.71894  |||| 3.84944 |||| 3.84944 
2.19325  2.66888  2.19325  2.66888  |||| 3.68682 |||| 3.68682 
1.62708  3.96759  1.62708  3.96759  |||| 4.09637 |||| 4.09637 
1.69248  3.78526  1.69248  3.78526  |||| 3.77572 |||| 3.77572 
1.95235  3.55992  1.95235  3.55992  |||| 3.40365 |||| 3.40365 
1.81039  3.68473  1.81039  3.68473  |||| 3.52887 |||| 3.52887 
2.18003  2.74137  2.18003  2.74137  |||| 4.33358 |||| 4.33358 
1.5797  4.08706  1.5797  4.08706  |||| 3.97536 |||| 3.97536 
1.98231  3.30774  1.98231  3.30774  |||| 3.89645 |||| 3.89645 
2.32026  2.79759  2.32026  2.79759  |||| 5.47161 |||| 5.47161 
1.01918  4.51088  1.01918  4.51088  |||| 4.36753 |||| 4.36753 
2.08918  2.69567  2.08918  2.69567  |||| 4.92726 |||| 4.92726 
2.18163  2.37773  2.18163  2.37773  |||| 5.60958 |||| 5.60958 
1.44458  3.80419  1.44458  3.80419  |||| 3.31837 |||| 3.31837 
1.91681  3.2004  1.91681  3.2004  |||| 4.81319 |||| 4.81319 
1.74582  3.7309  1.74582  3.7309  |||| 4.13072 |||| 4.13072 
1.60328  3.52552  1.60328  3.52552  |||| 3.53448 |||| 3.53448 
1.92425  3.38255  1.92425  3.38255  |||| 5.79185 |||| 5.79185 
2.30135  2.56554  2.30135  2.56554  |||| 8.73993 |||| 8.73993 
2.57458  1.81322  2.57458  1.81322  |||| 11.3708 |||| 11.3708 
2.30401  2.42346  2.30401  2.42346  |||| 10.1592 |||| 10.1592 
2.1951  2.9692  2.1951  2.9692  |||| 10.1145 |||| 10.1145 
1.85409  3.86273  1.85409  3.86273  |||| 7.895 |||| 7.895 
1.77789  3.57429  1.77789  3.57429  |||| 7.93999 |||| 7.93999 
1.09698  4.33499  1.09698  4.33499  |||| 3.49173 |||| 3.49173 
1.78216  3.56868  1.78216  3.56868  |||| 10.1132 |||| 10.1132 
1.76349  3.47538  1.76349  3.47538  |||| 11.3876 |||| 11.3876 
1.51986  3.826  1.51986  3.826  |||| 9.11692 |||| 9.11692 
2.48702  1.62874  2.48702  1.62874  |||| 32.2056 |||| 32.2056 
2.11792  2.89506  2.11792  2.89506  |||| 31.0724 |||| 31.0724 
1.38167  4.07633  1.38167  4.07633  |||| 14.6404 |||| 14.6404 
2.02809  3.36847  2.02809  3.36847  |||| 66.633 |||| 66.633 
1.82899  4.02602  1.82899  4.02602  |||| 160.875 |||| 160.875 
2.05  0.0513105  2.04802  0.232997  |||| 1.98722 |||| 1816.87 
0.0627834  4.04992  2.04194  0.408764  |||| 3.99861 |||| 19791.6 
2.04999  0.0614245  1.89535  1.63131  |||| 1.9974 |||| 309.681 
2.04994  0.0821446  1.07314  3.48696  |||| 2.01804 |||| 224.463 
2.04982  0.103318  2.04722  0.260754  |||| 2.03906 |||| 8.21018 
2.04965  0.124898  1.55115  2.69314  |||| 2.06045 |||| 73.9712 
2.04941  0.146914  1.86469  1.73154  |||| 2.08224 |||| 36.5917 
2.04911  0.169414  2.05747  0.185193  |||| 2.10443 |||| 2.38555 
2.04873  0.192382  2.05109  0.395179  |||| 2.12703 |||| 5.18448 
2.04828  0.215848  1.97036  1.16756  |||| 2.15004 |||| 14.5856 
2.04775  0.239816  1.31648  3.14583  |||| 2.17348 |||| 35.6779 
2.04713  0.264319  1.68683  2.35577  |||| 2.19735 |||| 23.7723 
2.04642  0.289345  1.92267  1.45445  |||| 2.22167 |||| 13.0959 
2.04561  0.314921  1.99724  1.01611  |||| 2.24644 |||| 8.22173 
2.0447  0.341064  1.92253  1.4552  |||| 2.27167 |||| 11.0065 
2.04368  0.367783  2.04488  0.336108  |||| 2.29737 |||| 2.29876 
2.04254  0.395099  0.980635  3.59196  |||| 2.32355 |||| 23.9299 
2.04128  0.42302  2.03297  0.570893  |||| 2.35022 |||| 3.28511 
2.0399  0.451575  2.01049  0.918517  |||| 2.37739 |||| 5.15069 
2.03837  0.480784  1.91918  1.47875  |||| 2.40506 |||| 7.9937 
2.03669  0.510649  1.70335  2.34163  |||| 2.43325 |||| 12.1325 
2.03486  0.541187  1.72488  2.23613  |||| 2.46196 |||| 10.9801 
2.03287  0.572431  2.02339  0.700313  |||| 2.49121 |||| 3.10254 
2.0307  0.604371  1.99301  0.998113  |||| 2.52099 |||| 4.31565 
2.02834  0.637073  0.382513  3.99709  |||| 2.55132 |||| 17.1861 
2.02579  0.670511  1.48736  2.83137  |||| 2.58221 |||| 11.5934 
2.02303  0.704719  0.75248  3.79514  |||| 2.61366 |||| 14.9753 
2.02004  0.739724  1.73311  2.31038  |||| 2.64567 |||| 8.68191 
2.01683  0.77553  2.05225  0.326568  |||| 2.67827 |||| 2.72682 
2.01336  0.81217  1.10976  3.46654  |||| 2.71144 |||| 12.1707 
2.00963  0.849655  1.51665  2.77312  |||| 2.74519 |||| 9.35922 
2.00562  0.887991  1.68846  2.39286  |||| 2.77953 |||| 7.77871 
2.00131  0.927235  2.01525  0.882897  |||| 2.81445 |||| 2.83469 
1.99669  0.967373  0.58421  3.92105  |||| 2.84997 |||| 12.0392 
1.99174  1.00842  1.32246  3.136  |||| 2.88608 |||| 9.30152 
1.98644  1.05042  1.13537  3.42814  |||| 2.92276 |||| 9.87848 
1.98076  1.09336  2.00609  1.01349  |||| 2.96003 |||| 2.99913 
1.9747  1.13726  1.09113  3.46528  |||| 2.99789 |||| 9.42449 
1.96821  1.18217  0.951998  3.64836  |||| 3.0363 |||| 9.65782 
1.96129  1.22807  1.6606  2.42148  |||| 3.07527 |||| 6.19405 
1.95391  1.27498  1.92995  1.41761  |||| 3.11479 |||| 3.47785 
1.94603  1.32289  1.58363  2.66325  |||| 3.15484 |||| 6.48027 
1.93764  1.37185  1.78021  2.08647  |||| 3.1954 |||| 4.92458 
1.9287  1.42184  1.87086  1.7769  |||| 3.23645 |||| 4.0749 
1.91919  1.47288  1.87445  1.68875  |||| 3.27797 |||| 3.77575 
1.90907  1.52495  1.582  2.65656  |||| 3.31993 |||| 5.8693 
1.89831  1.57806  2.04121  0.48436  |||| 3.36228 |||| 3.62404 
1.88689  1.6322  0.650138  3.87673  |||| 3.405 |||| 8.23936 
1.87476  1.68737  1.8492  1.79771  |||| 3.44804 |||| 3.68058 
1.8619  1.74355  2.05524  0.214982  |||| 3.49135 |||| 3.86655 
1.84826  1.80072  1.70425  2.30227  |||| 3.53489 |||| 4.54832 
1.83382  1.85883  1.90319  1.55426  |||| 3.5786 |||| 3.71875 
1.81853  1.91795  2.06585  0.216798  |||| 3.62238 |||| 4.13264 
1.80236  1.97794  1.9888  1.09183  |||| 3.6662 |||| 4.05912 
1.78527  2.0388  1.81864  1.91754  |||| 3.70998 |||| 3.78183 
1.76723  2.10048  1.03094  3.55274  |||| 3.75362 |||| 6.41383 
1.7482  2.16292  2.05253  0.188072  |||| 3.79704 |||| 4.48264 
1.72814  2.22608  1.84095  1.84208  |||| 3.84013 |||| 4.10025 
1.70703  2.28986  0.575746  3.92543  |||| 3.88281 |||| 6.7197 
1.68483  2.3542  2.02105  0.728162  |||| 3.92495 |||| 4.73852 
1.6615  2.41902  1.26011  3.25184  |||| 3.96644 |||| 5.36156 
1.63702  2.48422  1.93389  1.39306  |||| 4.00716 |||| 4.76282 
1.61137  2.5497  1.93433  1.39057  |||| 4.04698 |||| 4.89099 
1.58452  2.61534  1.01311  3.56108  |||| 4.08577 |||| 5.5928 
1.55646  2.68103  0.369018  4.00362  |||| 4.12339 |||| 6.19722 
1.52717  2.74663  1.78579  2.0674  |||| 4.15972 |||| 4.89433 
1.49665  2.81203  0.2345  4.04099  |||| 4.19459 |||| 6.06184 
1.46489  2.87708  1.58362  2.62446  |||| 4.22788 |||| 4.58589 
1.43189  2.94164  1.65167  2.44555  |||| 4.25943 |||| 4.94318 
1.39766  3.00555  2.04965  0.385985  |||| 4.28912 |||| 6.38403 
1.36222  3.06865  1.65616  2.46042  |||| 4.31679 |||| 5.29325 
1.3256  3.13081  1.87653  1.7298  |||| 4.34232 |||| 6.23676 
1.28782  3.19185  1.21912  3.30433  |||| 4.36558 |||| 4.52192 
1.24891  3.25163  1.89515  1.64765  |||| 4.38645 |||| 6.77631 
1.20893  3.30998  1.44951  2.93859  |||| 4.40483 |||| 5.32937 
1.16793  3.36676  1.86784  1.71788  |||| 4.4206 |||| 7.22023 
1.12597  3.42182  1.14108  3.43431  |||| 4.4337 |||| 4.49672 
1.08309  3.47503  1.9054  1.54761  |||| 4.44404 |||| 8.02559 
1.0394  3.52626  1.83287  1.86491  |||| 4.45157 |||| 8.06827 
0.994954  3.57537  0.916933  3.66031  |||| 4.45623 |||| 4.56363 
0.949838  3.62228  1.07254  3.50342  |||| 4.45802 |||| 5.07466 
0.904142  3.66687  1.85058  1.79117  |||| 4.45692 |||| 9.47046 
0.857948  3.70908  1.1808  3.36983  |||| 4.45294 |||| 6.26092 
0.811361  3.74883  1.09216  3.48039  |||| 4.44611 |||| 6.1139 
0.764455  3.78607  1.36893  3.08399  |||| 4.43644 |||| 8.25823 
0.717353  3.82075  0.423008  3.97982  |||| 4.42401 |||| 4.6107 
0.670127  3.85286  1.03346  3.54087  |||| 4.4089 |||| 7.0464 
0.622863  3.8824  2.05933  0.195375  |||| 4.39119 |||| 15.6529 
0.575698  3.90935  1.60914  2.60239  |||| 4.37096 |||| 13.1776 
0.528673  3.93375  1.54824  2.70851  |||| 4.34833 |||| 13.8642 
0.481879  3.95563  1.47977  2.87  |||| 4.32343 |||| 14.6173 
0.435415  3.97502  1.88514  1.67814  |||| 4.29636 |||| 21.0107 
0.389349  3.992  1.08833  3.4687  |||| 4.26727 |||| 13.4004 
0.34376  4.00662  1.9873  1.18704  |||| 4.23629 |||| 29.0159 
0.298696  4.01895  1.90806  1.52999  |||| 4.20356 |||| 32.8796 
0.254226  4.02909  1.42452  2.95564  |||| 4.16922 |||| 29.6556 
0.210395  4.03712  1.7124  2.27391  |||| 4.13343 |||| 46.1891 
0.16716  4.04313  1.39263  3.02216  |||| 4.09632 |||| 52.1301 
0.12481  4.0472  1.06683  3.52399  |||| 4.058 |||| 65.5978 
0.0663161  4.04987  1.11887  3.44812  |||| 4.01906 |||| 206.993 
