1.7828  2.85484  3.4588  1.7828  2.85484  3.4588  |||| 23164.6 |||| 23164.6 
0.533532  0.553925  6.4729  0.533532  0.553925  6.4729  |||| 50619.4 |||| 50619.4 
0.857337  3.47484  3.8819  0.857337  3.47484  3.8819  |||| 29364.6 |||| 29364.6 
1.65363  2.9466  4.14397  1.65363  2.9466  4.14397  |||| 76.1328 |||| 76.1328 
0.532346  0.538384  6.53056  0.532346  0.538384  6.53056  |||| 164.678 |||| 164.678 
0.772323  0.615632  6.39578  0.772323  0.615632  6.39578  |||| 41.4004 |||| 41.4004 
2.09692  1.61087  3.37949  2.09692  1.61087  3.37949  |||| 82.9056 |||| 82.9056 
1.04612  3.21011  4.19509  1.04612  3.21011  4.19509  |||| 33.078 |||| 33.078 
1.25725  0.741522  6.16068  1.25725  0.741522  6.16068  |||| 53.1914 |||| 53.1914 
1.68846  1.60499  5.07433  1.68846  1.60499  5.07433  |||| 32.9628 |||| 32.9628 
1.87236  2.35524  3.53036  1.87236  2.35524  3.53036  |||| 121.952 |||| 121.952 
0.504375  0.600302  6.48404  0.504375  0.600302  6.48404  |||| 30.4667 |||| 30.4667 
1.28721  2.95839  4.52995  1.28721  2.95839  4.52995  |||| 31.8925 |||| 31.8925 
2.08017  1.20666  4.33297  2.08017  1.20666  4.33297  |||| 10.9308 |||| 10.9308 
1.37578  2.70354  4.50715  1.37578  2.70354  4.50715  |||| 47.9583 |||| 47.9583 
1.71851  2.01862  4.69673  1.71851  2.01862  4.69673  |||| 13.3136 |||| 13.3136 
0.987411  0.812037  6.36604  0.987411  0.812037  6.36604  |||| 30.3592 |||| 30.3592 
0.932632  2.90997  4.72865  0.932632  2.90997  4.72865  |||| 98.1436 |||| 98.1436 
0.860909  2.21749  5.82505  0.860909  2.21749  5.82505  |||| 353.356 |||| 353.356 
0.524736  0.554072  6.51417  0.524736  0.554072  6.51417  |||| 23.2911 |||| 23.2911 
0.503837  2.45111  5.74034  0.503837  2.45111  5.74034  |||| 36.241 |||| 36.241 
1.42487  3.65862  2.94901  1.42487  3.65862  2.94901  |||| 32.6617 |||| 32.6617 
1.57647  1.2772  5.36479  1.57647  1.2772  5.36479  |||| 56.4374 |||| 56.4374 
0.530747  3.09143  5.12025  0.530747  3.09143  5.12025  |||| 16.1557 |||| 16.1557 
1.33638  1.48986  5.64058  1.33638  1.48986  5.64058  |||| 22.1144 |||| 22.1144 
0.70965  1.02873  6.30683  0.70965  1.02873  6.30683  |||| 11.217 |||| 11.217 
1.46676  2.72204  4.60094  1.46676  2.72204  4.60094  |||| 69.1303 |||| 69.1303 
1.95998  1.50281  4.15747  1.95998  1.50281  4.15747  |||| 9.2041 |||| 9.2041 
1.72146  2.80917  4.0272  1.72146  2.80917  4.0272  |||| 14.844 |||| 14.844 
1.9536  2.83667  3.11795  1.9536  2.83667  3.11795  |||| 28.1414 |||| 28.1414 
0.548975  0.622457  6.4926  0.548975  0.622457  6.4926  |||| 43.629 |||| 43.629 
0.710056  0.710177  6.71006  0.710056  0.710177  6.71006  |||| 13.6015 |||| 13.6015 
0.555819  0.992356  6.51998  0.555819  0.992356  6.51998  |||| 19.7639 |||| 19.7639 
1.43343  1.71442  5.57911  1.43343  1.71442  5.57911  |||| 67.1129 |||| 67.1129 
1.04435  1.86066  5.81731  1.04435  1.86066  5.81731  |||| 494.868 |||| 494.868 
1.55653  2.63927  4.37644  1.55653  2.63927  4.37644  |||| 9.93585 |||| 9.93585 
1.53044  3.07935  3.8473  1.53044  3.07935  3.8473  |||| 15.6074 |||| 15.6074 
0.571719  1.9608  6.17439  0.571719  1.9608  6.17439  |||| 10.4323 |||| 10.4323 
0.817592  1.35659  6.19923  0.817592  1.35659  6.19923  |||| 56.2844 |||| 56.2844 
0.711476  1.02807  6.60145  0.711476  1.02807  6.60145  |||| 13.2082 |||| 13.2082 
0.505204  0.59321  6.50374  0.505204  0.59321  6.50374  |||| 20.9684 |||| 20.9684 
0.984546  2.57602  5.33293  0.984546  2.57602  5.33293  |||| 29.5709 |||| 29.5709 
2.14994  2.79124  2.66994  2.14994  2.79124  2.66994  |||| 25.2531 |||| 25.2531 
0.566661  0.572724  6.56595  0.566661  0.572724  6.56595  |||| 13.7995 |||| 13.7995 
0.652409  3.15733  4.98268  0.652409  3.15733  4.98268  |||| 16.6417 |||| 16.6417 
1.8797  2.8732  2.70965  1.8797  2.8732  2.70965  |||| 20.5226 |||| 20.5226 
0.605783  0.605846  6.60578  0.605783  0.605846  6.60578  |||| 38.1899 |||| 38.1899 
0.690279  0.660467  6.54541  0.690279  0.660467  6.54541  |||| 10.7812 |||| 10.7812 
1.12937  0.964522  6.14496  1.12937  0.964522  6.14496  |||| 15.2542 |||| 15.2542 
0.415949  2.85344  5.16565  0.415949  2.85344  5.16565  |||| 71.3311 |||| 71.3311 
1.27308  2.52509  5.17165  1.27308  2.52509  5.17165  |||| 114.648 |||| 114.648 
0.557833  0.885429  6.33881  0.557833  0.885429  6.33881  |||| 12.7434 |||| 12.7434 
1.16478  2.61321  5.16043  1.16478  2.61321  5.16043  |||| 17.6799 |||| 17.6799 
0.748177  1.24937  6.49307  0.748177  1.24937  6.49307  |||| 8.83882 |||| 8.83882 
0.959373  1.5681  6.14606  0.959373  1.5681  6.14606  |||| 37.8094 |||| 37.8094 
1.75092  3.81318  1.87952  1.75092  3.81318  1.87952  |||| 13.5659 |||| 13.5659 
0.661101  0.696881  6.34194  0.661101  0.696881  6.34194  |||| 15.7384 |||| 15.7384 
1.41838  3.96366  1.6164  1.41838  3.96366  1.6164  |||| 58.4916 |||| 58.4916 
1.13779  2.94956  4.83636  1.13779  2.94956  4.83636  |||| 41.4031 |||| 41.4031 
1.35111  1.46699  5.61327  1.35111  1.46699  5.61327  |||| 9.03577 |||| 9.03577 
1.33804  2.67693  4.93696  1.33804  2.67693  4.93696  |||| 12.7434 |||| 12.7434 
1.33735  3.91854  1.41096  1.33735  3.91854  1.41096  |||| 30.9515 |||| 30.9515 
0.502502  2.4734  5.72248  0.502502  2.4734  5.72248  |||| 23.4881 |||| 23.4881 
1.30155  2.58096  5.07847  1.30155  2.58096  5.07847  |||| 9.73684 |||| 9.73684 
1.29425  0.870837  6.01014  1.29425  0.870837  6.01014  |||| 11.9247 |||| 11.9247 
0.516034  0.641485  6.50721  0.516034  0.641485  6.50721  |||| 8.22035 |||| 8.22035 
0.776759  0.767712  6.38169  0.776759  0.767712  6.38169  |||| 786.374 |||| 786.374 
1.16685  0.873035  5.96223  1.16685  0.873035  5.96223  |||| 10.9909 |||| 10.9909 
0.993588  3.40005  4.37553  0.993588  3.40005  4.37553  |||| 13.9934 |||| 13.9934 
1.02366  1.84757  5.92412  1.02366  1.84757  5.92412  |||| 7.19273 |||| 7.19273 
1.24317  1.9565  5.71987  1.24317  1.9565  5.71987  |||| 38.8922 |||| 38.8922 
2.35619  1.82479  2.33157  2.35619  1.82479  2.33157  |||| 12.2325 |||| 12.2325 
0.991273  3.33995  4.23463  0.991273  3.33995  4.23463  |||| 8.71406 |||| 8.71406 
0.84336  2.25278  5.39779  0.84336  2.25278  5.39779  |||| 17.1602 |||| 17.1602 
1.72122  2.15992  4.45575  1.72122  2.15992  4.45575  |||| 50.438 |||| 50.438 
0.577286  2.03711  6.06554  0.577286  2.03711  6.06554  |||| 9.44027 |||| 9.44027 
1.05522  2.06207  5.8394  1.05522  2.06207  5.8394  |||| 15.8825 |||| 15.8825 
0.525542  0.553521  6.51711  0.525542  0.553521  6.51711  |||| 7.10268 |||| 7.10268 
0.72764  1.16343  6.41599  0.72764  1.16343  6.41599  |||| 29.0461 |||| 29.0461 
0.616296  4.09025  3.0393  0.616296  4.09025  3.0393  |||| 13.1268 |||| 13.1268 
0.562789  0.563596  6.56229  0.562789  0.563596  6.56229  |||| 12.9417 |||| 12.9417 
0.511407  0.751003  6.50062  0.511407  0.751003  6.50062  |||| 5.98501 |||| 5.98501 
1.5466  2.18695  4.99593  1.5466  2.18695  4.99593  |||| 101.374 |||| 101.374 
1.95901  2.60409  1.46617  1.95901  2.60409  1.46617  |||| 17.4779 |||| 17.4779 
1.06053  1.90574  6.07216  1.06053  1.90574  6.07216  |||| 17.5919 |||| 17.5919 
0.555876  0.562622  6.55586  0.555876  0.562622  6.55586  |||| 7.07008 |||| 7.07008 
1.51903  2.89878  4.26628  1.51903  2.89878  4.26628  |||| 18.7581 |||| 18.7581 
1.54346  3.53206  3.53357  1.54346  3.53206  3.53357  |||| 17.1063 |||| 17.1063 
1.58003  1.24075  5.4266  1.58003  1.24075  5.4266  |||| 19.2448 |||| 19.2448 
0.623448  2.06469  6.09624  0.623448  2.06469  6.09624  |||| 18.8077 |||| 18.8077 
1.5516  3.44298  2.22636  1.5516  3.44298  2.22636  |||| 22.8615 |||| 22.8615 
0.403252  0.927942  6.34556  0.403252  0.927942  6.34556  |||| 8.58788 |||| 8.58788 
1.02159  1.82538  5.90318  1.02159  1.82538  5.90318  |||| 15.679 |||| 15.679 
0.87924  3.51982  4.09092  0.87924  3.51982  4.09092  |||| 20.7942 |||| 20.7942 
1.24134  2.36998  5.47493  1.24134  2.36998  5.47493  |||| 29.1364 |||| 29.1364 
0.928115  3.12206  4.44156  0.928115  3.12206  4.44156  |||| 22.3619 |||| 22.3619 
1.34519  2.47824  5.2378  1.34519  2.47824  5.2378  |||| 51.7348 |||| 51.7348 
1.40697  2.65643  4.73361  1.40697  2.65643  4.73361  |||| 91.5577 |||| 91.5577 
0.565145  0.566361  6.56473  0.565145  0.566361  6.56473  |||| 221.614 |||| 221.614 
0.545892  0.615105  6.53816  0.545892  0.615105  6.53816  |||| 55.2732 |||| 55.2732 
2  3.21425e-07  3.21425e-07  1.97766  0.595108  0.0554096  |||| 2 |||| 5951.08 
0.000255506  4  3.43094e-07  1.22213  2.95295  1.73104  |||| 4 |||| 17310.4 
0.000587561  0.000593302  6  0.00101948  0.00344918  6.00049  |||| 6 |||| 34.4886 
1.99946  0.0770607  0.077291  0.820528  3.60224  0.925293  |||| 2.15412 |||| 100.347 
1.99704  0.212557  0.0695336  1.95346  3.48827e-07  1.28686  |||| 2.28065 |||| 41.3933 
1.99715  0.0954683  0.286164  1.71336  2.0432  0.465624  |||| 2.37909 |||| 50.9082 
1.98947  0.408204  0.0573089  0.572033  1.60191  5.25659  |||| 2.45599 |||| 221.384 
1.99412  0.205221  0.341703  0.726242  3.07636  3.15582  |||| 2.54153 |||| 38.0878 
1.98904  0.388361  0.233013  0.00194374  4.00179  0.0546915  |||| 2.61069 |||| 26.8892 
1.98924  0.0868064  0.607763  1.81898  0.0270098  2.49403  |||| 2.68404 |||| 11.0109 
1.96813  0.710555  0.0471398  1.9163  1.00254  0.829817  |||| 2.72618 |||| 47.7482 
1.98556  0.363954  0.469062  1.99126  0.133236  0.649084  |||| 2.82048 |||| 3.89812 
1.97379  0.617832  0.280296  1.96728  0.681347  0.351714  |||| 2.87285 |||| 3.59636 
1.98055  0.181832  0.789008  1.99844  0.18055  0.177985  |||| 2.95168 |||| 2.97835 
1.95498  0.834132  0.192313  1.15856  2.17312  3.64666  |||| 2.98161 |||| 56.4847 
1.97632  0.345684  0.76066  0.92556  3.3156  1.88558  |||| 3.08308 |||| 29.5558 
1.96539  0.657836  0.511353  1.65882  2.22582  0.296411  |||| 3.1349 |||| 10.6069 
1.96195  0.0754049  1.15934  1.96144  0.077867  1.20557  |||| 3.19865 |||| 3.326 
1.90341  1.22775  0.0395897  0.690132  3.31181  2.65242  |||| 3.17099 |||| 212.331 
1.95891  0.644077  0.728457  1.92103  1.11924  0.189679  |||| 3.33395 |||| 5.78931 
1.92883  1.02354  0.39904  1.44924  2.72676  0.60668  |||| 3.35303 |||| 8.93175 
1.95383  0.329603  1.18261  1.86729  1.20087  1.18378  |||| 3.46864 |||| 12.5703 
1.89036  1.29638  0.239559  1.47513  0.620263  3.95983  |||| 3.42684 |||| 56.523 
1.94623  0.569235  1.0866  0.990611  2.09999  4.15281  |||| 3.60224 |||| 13.7651 
1.92075  1.01452  0.693347  1.34203  0.899032  4.23941  |||| 3.62951 |||| 22.1656 
1.92393  0.167496  1.61965  0.148399  3.87308  1.43182  |||| 3.71144 |||| 85.7787 
1.83047  1.60788  0.166228  1.9333  0.785693  1.02127  |||| 3.60475 |||| 22.1321 
1.92266  0.788897  1.15331  1.92979  0.0836024  1.57083  |||| 3.86519 |||| 5.26415 
1.87839  1.29705  0.677922  1.63645  1.78974  2.16593  |||| 3.85489 |||| 12.289 
1.90508  0.325513  1.76024  0.396914  3.88636  0.789293  |||| 3.99137 |||| 47.5867 
1.82217  1.62106  0.452343  1.37473  1.35037  3.86157  |||| 3.89729 |||| 33.154 
1.90003  0.631512  1.61608  1.79319  1.20187  1.95198  |||| 4.14896 |||| 7.88365 
1.87032  1.22121  1.07772  1.77903  1.33458  1.87299  |||| 4.16993 |||| 7.24552 
1.84879  0.0706721  2.28618  1.4051  2.50617  2.07866  |||| 4.2089 |||| 143.02 
1.67528  2.1848  0.0345381  1.94615  0.920048  0.146198  |||| 3.89476 |||| 16.4192 
1.85168  1.23278  1.31232  1.92912  1.08914  0.236313  |||| 4.39691 |||| 4.58045 
1.76111  1.84297  0.666357  1.83192  1.52518  0.757486  |||| 4.27117 |||| 4.85254 
1.84747  0.637797  2.08957  0.12802  1.95978  5.23242  |||| 4.57727 |||| 14.0208 
1.66774  2.19485  0.358968  0.989287  1.85715  4.43265  |||| 4.22177 |||| 52.1042 
1.82884  1.04224  1.85846  1.90508  0.416888  1.74875  |||| 4.73088 |||| 4.92808 
1.75643  1.75938  1.12696  1.82321  0.628225  2.34614  |||| 4.6438 |||| 9.6597 
1.77885  0.330188  2.69738  1.3914  1.34133  3.81154  |||| 4.80779 |||| 19.4659 
1.55103  2.5213  0.213646  0.6295  2.95681  3.57442  |||| 4.28621 |||| 71.6973 
1.77324  1.36595  1.8715  1.96991  0.351871  0.892476  |||| 5.01145 |||| 5.56727 
1.66314  2.11255  1.03171  1.62131  2.34874  0.00176779  |||| 4.80801 |||| 5.34452 
1.74052  0.585713  2.82195  1.47516  0.361547  4.01516  |||| 5.14833 |||| 7.32485 
1.54722  2.49883  0.63697  1.04748  2.23011  3.86506  |||| 4.68382 |||| 28.4141 
1.72834  1.07704  2.55062  1.78938  1.75062  0.713008  |||| 5.3563 |||| 8.70613 
1.65474  1.96693  1.62837  0.935131  3.53328  0.201479  |||| 5.25147 |||| 9.43345 
1.62541  0.169945  3.48686  1.56681  2.39671  1.05983  |||| 5.28376 |||| 73.8471 
1.33773  2.97198  0.144617  1.92522  1.06364  0.313252  |||| 4.4559 |||| 9.54976 
1.63688  1.79071  2.16118  1.42265  2.20423  2.62861  |||| 5.58884 |||| 6.87943 
1.47671  2.59675  1.09628  1.58412  2.34506  1.04791  |||| 5.16989 |||| 5.54586 
1.61026  0.845883  3.32472  1.86607  1.43796  0.290469  |||| 5.7827 |||| 9.81121 
1.33045  2.95848  0.613125  1.83074  1.58076  0.461825  |||| 4.90302 |||| 6.74672 
1.58273  1.4452  2.95894  1.77289  0.32213  2.73466  |||| 5.98811 |||| 6.70756 
1.46642  2.446  1.78467  0.239982  3.96939  0.181664  |||| 5.69841 |||| 9.24508 
1.46663  0.342921  4.04678  1.98387  0.179063  0.712564  |||| 5.85644 |||| 7.92186 
1.16935  3.23425  0.397152  1.71646  0.715164  2.90497  |||| 4.80085 |||| 35.1125 
1.48076  1.86383  2.90711  1.90401  0.321356  1.80557  |||| 6.25319 |||| 8.04056 
1.31608  2.82116  1.58233  1.46653  2.41757  1.8774  |||| 5.7202 |||| 6.78515 
1.39629  0.682635  4.17193  0.0560081  0.0546435  5.99878  |||| 6.25119 |||| 8.98852 
1.15624  3.19798  0.978311  1.53897  2.54962  0.24074  |||| 5.3332 |||| 7.09855 
1.38215  1.37871  3.81184  0.826465  2.39247  4.11993  |||| 6.57395 |||| 11.4048 
1.2875  2.59474  2.43569  0.9627  0.660903  5.16489  |||| 6.31985 |||| 13.3914 
1.19884  0.0758619  4.80126  1.8196  0.809854  2.20631  |||| 6.07632 |||| 64.5703 
0.858994  3.61222  0.028416  1.34404  2.95956  0.18503  |||| 4.49966 |||| 29.2719 
1.2079  2.62669  2.71019  1.99925  0.0278571  0.158981  |||| 6.54488 |||| 10.8328 
0.989623  3.38648  1.17571  0.590349  2.8951  3.79113  |||| 5.55264 |||| 17.8949 
1.19132  1.38893  4.34614  1.94179  0.0127167  1.43685  |||| 6.92655 |||| 11.2888 
0.82974  3.6207  0.554497  1.916  1.12729  0.400029  |||| 5.00511 |||| 11.5556 
1.12398  2.17225  3.7439  1.65453  2.14622  1.00142  |||| 7.04028 |||| 10.3634 
0.954504  3.24854  2.01397  0.66743  3.7658  0.288121  |||| 6.21819 |||| 7.20831 
0.998854  0.67661  5.0981  1.35513  0.144497  4.41721  |||| 6.77378 |||| 9.18908 
0.667287  3.76602  0.284508  1.54692  2.44663  0.997492  |||| 4.71823 |||| 16.5238 
0.958856  2.62939  3.49  1.72509  1.97322  0.682653  |||| 7.07831 |||| 12.7347 
0.770309  3.52181  1.65909  0.955855  3.2495  2.01993  |||| 5.95249 |||| 7.37987 
0.879764  1.12133  5.11909  1.59418  1.72929  2.55535  |||| 7.1207 |||| 12.8958 
0.622315  3.75262  0.910829  0.233877  3.84936  1.47541  |||| 5.28591 |||| 8.56238 
0.827367  1.99993  4.56507  1.48224  2.50086  1.52418  |||| 7.39302 |||| 13.242 
0.706481  3.2999  2.64706  1.68297  2.11232  0.705093  |||| 6.65561 |||| 15.8547 
0.665521  0.325555  5.63701  0.892373  0.0996452  5.36761  |||| 6.62864 |||| 8.88809 
0.425223  3.90712  0.158548  1.99365  0.144376  0.425962  |||| 4.49121 |||| 21.0547 
0.634261  2.99139  3.49935  0.20231  0.517609  5.92024  |||| 7.12584 |||| 12.0556 
0.479463  3.7483  1.52289  1.89798  0.646631  1.67758  |||| 5.75187 |||| 22.7651 
0.570298  1.42647  5.33802  1.40377  0.550576  4.19319  |||| 7.33547 |||| 18.0512 
0.362754  3.90041  0.765462  1.79101  1.75876  0.43451  |||| 5.02898 |||| 24.8084 
0.497417  2.34219  4.62938  0.39199  3.88469  0.81405  |||| 7.47001 |||| 12.3896 
0.394403  3.54746  2.50739  1.62528  1.68834  2.41092  |||| 6.45 |||| 26.5795 
0.376278  0.547883  5.83527  1.66986  0.503091  3.26003  |||| 6.76025 |||| 29.9938 
0.232535  3.96169  0.44682  1.20974  2.6156  2.72687  |||| 4.64274 |||| 28.2691 
0.325912  2.78183  4.19991  0.923021  1.99367  4.40661  |||| 7.30945 |||| 20.5945 
0.236024  3.73556  2.02516  1.86211  1.1802  1.288  |||| 5.99738 |||| 47.2167 
0.238413  1.00341  5.76394  0.931836  1.2743  4.95293  |||| 7.00753 |||| 27.3377 
0.149835  3.91487  1.14626  1.46813  2.71463  0.143689  |||| 5.21156 |||| 51.0401 
0.171892  1.95904  5.20567  1.4246  2.77813  0.717839  |||| 7.337 |||| 60.6953 
0.118929  3.41339  3.10763  1.46661  1.92038  2.8888  |||| 6.64205 |||| 80.5519 
0.0805755  0.143619  5.99126  0.394667  3.92432  0.101045  |||| 6.21567 |||| 169.638 
0.0317675  3.99898  0.0959354  0.327971  3.93564  0.6273  |||| 4.127 |||| 42.2529 
0.0123662  3.2273  3.54467  1.80959  1.63158  0.734081  |||| 6.78955 |||| 701.214 
