1.50579  2.65034  5.23124  1.50579  2.65034  5.23124  |||| 38552.5 |||| 38552.5 
1.1235  3.34462  4.2043  1.1235  3.34462  4.2043  |||| 28283.2 |||| 28283.2 
1.04476  2.06512  6.02728  1.04476  2.06512  6.02728  |||| 13155.8 |||| 13155.8 
1.35732  3.02112  4.61135  1.35732  3.02112  4.61135  |||| 90.1268 |||| 90.1268 
2.26769  1.62356  1.38423  2.26769  1.62356  1.38423  |||| 9.37134 |||| 9.37134 
1.37459  3.42174  3.81765  1.37459  3.42174  3.81765  |||| 66.5801 |||| 66.5801 
1.03505  1.04269  6.27548  1.03505  1.04269  6.27548  |||| 206.345 |||| 206.345 
2.35994  1.79534  1.48617  2.35994  1.79534  1.48617  |||| 12.9478 |||| 12.9478 
1.86973  3.06658  3.33611  1.86973  3.06658  3.33611  |||| 21.9511 |||| 21.9511 
1.73942  2.31727  4.48992  1.73942  2.31727  4.48992  |||| 48.4497 |||| 48.4497 
1.38051  2.87037  4.41147  1.38051  2.87037  4.41147  |||| 174.664 |||| 174.664 
1.23589  4.06929  2.57514  1.23589  4.06929  2.57514  |||| 25.6332 |||| 25.6332 
0.769991  2.92192  5.37387  0.769991  2.92192  5.37387  |||| 40.8794 |||| 40.8794 
1.61048  1.72821  4.94739  1.61048  1.72821  4.94739  |||| 15.8645 |||| 15.8645 
1.22399  3.41182  4.26003  1.22399  3.41182  4.26003  |||| 44.6723 |||| 44.6723 
1.04141  4.21719  1.37599  1.04141  4.21719  1.37599  |||| 30.9112 |||| 30.9112 
1.25708  1.61547  5.68944  1.25708  1.61547  5.68944  |||| 26.4281 |||| 26.4281 
1.01576  1.903  5.74632  1.01576  1.903  5.74632  |||| 47.7336 |||| 47.7336 
1.94899  3.13394  2.88734  1.94899  3.13394  2.88734  |||| 120.986 |||| 120.986 
1.10331  3.61965  3.77025  1.10331  3.61965  3.77025  |||| 14.8458 |||| 14.8458 
2.04138  1.99621  2.93274  2.04138  1.99621  2.93274  |||| 13.0315 |||| 13.0315 
1.44057  3.75491  1.93811  1.44057  3.75491  1.93811  |||| 31.4594 |||| 31.4594 
0.98124  1.69426  6.05168  0.98124  1.69426  6.05168  |||| 66.7413 |||| 66.7413 
0.947192  1.83026  5.98363  0.947192  1.83026  5.98363  |||| 15.2728 |||| 15.2728 
1.6712  3.16829  3.28043  1.6712  3.16829  3.28043  |||| 9.95729 |||| 9.95729 
1.62048  3.19394  3.73102  1.62048  3.19394  3.73102  |||| 54.1373 |||| 54.1373 
1.49409  2.521  4.86313  1.49409  2.521  4.86313  |||| 75.5703 |||| 75.5703 
1.66184  1.61112  5.11256  1.66184  1.61112  5.11256  |||| 12.522 |||| 12.522 
1.34409  2.04871  5.64747  1.34409  2.04871  5.64747  |||| 24.2355 |||| 24.2355 
1.63519  1.87628  4.94445  1.63519  1.87628  4.94445  |||| 13.7964 |||| 13.7964 
1.78856  2.2936  3.68395  1.78856  2.2936  3.68395  |||| 19.8153 |||| 19.8153 
1.97786  2.9339  2.58555  1.97786  2.9339  2.58555  |||| 14.3283 |||| 14.3283 
2.2058  1.96189  3.37886  2.2058  1.96189  3.37886  |||| 7.74797 |||| 7.74797 
2.49898  1.34142  2.91723  2.49898  1.34142  2.91723  |||| 33.7767 |||| 33.7767 
0.874984  3.76828  3.69328  0.874984  3.76828  3.69328  |||| 260.25 |||| 260.25 
1.6001  2.59969  4.24925  1.6001  2.59969  4.24925  |||| 9.62687 |||| 9.62687 
1.6535  2.40135  4.95719  1.6535  2.40135  4.95719  |||| 22.9416 |||| 22.9416 
1.73867  2.95896  3.52229  1.73867  2.95896  3.52229  |||| 15.8068 |||| 15.8068 
1.64388  2.36182  4.4297  1.64388  2.36182  4.4297  |||| 35.8953 |||| 35.8953 
2.03378  1.60588  4.22041  2.03378  1.60588  4.22041  |||| 7.23818 |||| 7.23818 
1.80756  1.62601  5.25089  1.80756  1.62601  5.25089  |||| 15.954 |||| 15.954 
1.20826  4.16785  1.62486  1.20826  4.16785  1.62486  |||| 49.6077 |||| 49.6077 
1.8618  2.56605  3.81642  1.8618  2.56605  3.81642  |||| 48.9512 |||| 48.9512 
1.0649  1.42368  6.15883  1.0649  1.42368  6.15883  |||| 12.8033 |||| 12.8033 
1.76367  1.55539  4.98176  1.76367  1.55539  4.98176  |||| 16.8004 |||| 16.8004 
0.841656  2.67301  5.50448  0.841656  2.67301  5.50448  |||| 16.9069 |||| 16.9069 
2.31545  2.10147  2.22436  2.31545  2.10147  2.22436  |||| 6.23685 |||| 6.23685 
1.11051  3.34751  4.24455  1.11051  3.34751  4.24455  |||| 12.9201 |||| 12.9201 
0.966267  3.09062  4.88023  0.966267  3.09062  4.88023  |||| 11.2916 |||| 11.2916 
1.12514  3.05024  4.50083  1.12514  3.05024  4.50083  |||| 70.8889 |||| 70.8889 
0.912068  2.66736  5.45866  0.912068  2.66736  5.45866  |||| 124.464 |||| 124.464 
2.4596  1.58033  1.58911  2.4596  1.58033  1.58911  |||| 6.50315 |||| 6.50315 
0.752678  1.91094  6.15596  0.752678  1.91094  6.15596  |||| 22.5391 |||| 22.5391 
0.9149  1.5407  6.28513  0.9149  1.5407  6.28513  |||| 8.538 |||| 8.538 
1.39735  1.00924  5.68519  1.39735  1.00924  5.68519  |||| 34.4086 |||| 34.4086 
0.906972  3.41839  4.6553  0.906972  3.41839  4.6553  |||| 11.0558 |||| 11.0558 
1.74284  2.05272  4.86053  1.74284  2.05272  4.86053  |||| 11.1217 |||| 11.1217 
1.17908  3.60218  3.80383  1.17908  3.60218  3.80383  |||| 48.713 |||| 48.713 
1.67613  1.55467  4.86081  1.67613  1.55467  4.86081  |||| 42.1214 |||| 42.1214 
0.720773  1.25176  6.28749  0.720773  1.25176  6.28749  |||| 10.5607 |||| 10.5607 
1.25543  4.06006  2.86716  1.25543  4.06006  2.86716  |||| 6.71188 |||| 6.71188 
1.75057  1.39277  5.22334  1.75057  1.39277  5.22334  |||| 5.88994 |||| 5.88994 
1.78371  2.44243  4.38139  1.78371  2.44243  4.38139  |||| 16.3727 |||| 16.3727 
0.976106  1.11474  6.14353  0.976106  1.11474  6.14353  |||| 8.22024 |||| 8.22024 
1.1285  2.52756  5.17234  1.1285  2.52756  5.17234  |||| 9.84312 |||| 9.84312 
2.26501  2.39756  2.26896  2.26501  2.39756  2.26896  |||| 131.398 |||| 131.398 
0.890899  3.9705  3.34131  0.890899  3.9705  3.34131  |||| 310.916 |||| 310.916 
1.03728  0.749539  6.30913  1.03728  0.749539  6.30913  |||| 11.9131 |||| 11.9131 
1.84666  2.66405  2.60191  1.84666  2.66405  2.60191  |||| 7.24669 |||| 7.24669 
1.58029  3.05936  4.22898  1.58029  3.05936  4.22898  |||| 11.5186 |||| 11.5186 
1.8473  1.81794  4.84837  1.8473  1.81794  4.84837  |||| 31.3417 |||| 31.3417 
1.54362  1.00121  5.35792  1.54362  1.00121  5.35792  |||| 7.4879 |||| 7.4879 
1.28979  3.03735  4.82125  1.28979  3.03735  4.82125  |||| 10.6323 |||| 10.6323 
1.99278  1.98561  3.63128  1.99278  1.98561  3.63128  |||| 12.3724 |||| 12.3724 
1.64775  2.86814  3.29224  1.64775  2.86814  3.29224  |||| 31.7433 |||| 31.7433 
1.66574  1.47262  4.65895  1.66574  1.47262  4.65895  |||| 8.20048 |||| 8.20048 
1.57714  3.58995  2.67199  1.57714  3.58995  2.67199  |||| 7.8926 |||| 7.8926 
0.554874  1.13279  6.32148  0.554874  1.13279  6.32148  |||| 6.8792 |||| 6.8792 
1.52754  3.76721  1.66237  1.52754  3.76721  1.66237  |||| 8.25987 |||| 8.25987 
1.61372  3.70112  2.26755  1.61372  3.70112  2.26755  |||| 10.9083 |||| 10.9083 
0.939224  3.08911  5.04576  0.939224  3.08911  5.04576  |||| 9.21954 |||| 9.21954 
0.708164  1.65768  6.21615  0.708164  1.65768  6.21615  |||| 18.4593 |||| 18.4593 
2.09577  0.945435  4.38713  2.09577  0.945435  4.38713  |||| 85.1478 |||| 85.1478 
1.5428  2.22936  4.84772  1.5428  2.22936  4.84772  |||| 11.0987 |||| 11.0987 
1.80917  2.85092  2.83598  1.80917  2.85092  2.83598  |||| 15.0445 |||| 15.0445 
2.10544  1.60058  4.17502  2.10544  1.60058  4.17502  |||| 19.9389 |||| 19.9389 
1.39332  1.73604  5.93276  1.39332  1.73604  5.93276  |||| 29.9358 |||| 29.9358 
1.92976  1.30608  4.95573  1.92976  1.30608  4.95573  |||| 20.6271 |||| 20.6271 
1.96428  2.15692  3.35684  1.96428  2.15692  3.35684  |||| 23.0491 |||| 23.0491 
1.22689  1.29741  6.16439  1.22689  1.29741  6.16439  |||| 12.0707 |||| 12.0707 
1.89723  2.48754  3.81395  1.89723  2.48754  3.81395  |||| 26.7239 |||| 26.7239 
1.26052  1.7175  5.64157  1.26052  1.7175  5.64157  |||| 15.7445 |||| 15.7445 
2.10712  2.20133  2.38371  2.10712  2.20133  2.38371  |||| 39.3596 |||| 39.3596 
1.72127  2.43242  4.15513  1.72127  2.43242  4.15513  |||| 34.219 |||| 34.219 
1.40996  2.7363  4.631  1.40996  2.7363  4.631  |||| 29.7276 |||| 29.7276 
2.35311  1.42386  3.00413  2.35311  1.42386  3.00413  |||| 76.614 |||| 76.614 
0.902578  3.89796  3.41541  0.902578  3.89796  3.41541  |||| 19.0973 |||| 19.0973 
1.9235  2.67862  3.25061  1.9235  2.67862  3.25061  |||| 105.517 |||| 105.517 
1.58576  1.17256  5.30937  1.58576  1.17256  5.30937  |||| 169.137 |||| 169.137 
0.784294  3.27523  4.78921  0.784294  3.27523  4.78921  |||| 88.9 |||| 88.9 
2.05  0.0525363  0.0548241  1.1453  2.27657  3.79817  |||| 40.6063 |||| 37474.1 
0.0695245  4.04979  0.0677764  1.91253  1.56978  0.118116  |||| 186.321 |||| 18616.3 
0.0573087  0.0565575  6.04995  1.8727  1.18752  2.0935  |||| 64.1625 |||| 18218.1 
2.04948  0.126483  0.124542  1.46902  1.65003  3.68843  |||| 2.15318 |||| 101.334 
2.04705  0.262341  0.119098  1.92837  0.260236  2.36745  |||| 2.27964 |||| 74.519 
2.04718  0.143125  0.336234  2.04408  0.416115  0.274112  |||| 2.37807 |||| 9.1179 
2.03948  0.45809  0.104628  1.17143  1.87687  4.31465  |||| 2.45491 |||| 179.576 
2.04434  0.251089  0.3855  1.85524  1.80942  0.395612  |||| 2.54068 |||| 21.7809 
2.03913  0.437131  0.280203  0.778508  3.35275  2.76863  |||| 2.60965 |||| 30.437 
2.03925  0.136586  0.657754  1.9112  1.4269  1.11047  |||| 2.68284 |||| 42.547 
2.01817  0.760399  0.0879578  0.624728  0.38813  5.83401  |||| 2.725 |||| 332.772 
2.03562  0.413232  0.518124  2.00291  0.245709  1.72253  |||| 2.8193 |||| 10.0399 
2.02384  0.667384  0.329365  0.682729  3.8669  0.336715  |||| 2.87163 |||| 17.7395 
2.03055  0.231447  0.83921  2.04879  0.445866  0.513821  |||| 2.95035 |||| 6.41439 
2.00511  0.88331  0.238831  1.67024  0.643093  3.56095  |||| 2.98044 |||| 54.3709 
2.02637  0.394257  0.811004  1.97271  0.404627  1.69093  |||| 3.08176 |||| 6.64578 
2.01548  0.706593  0.561713  1.59386  2.60338  0.597957  |||| 3.13363 |||| 12.167 
2.01202  0.123978  1.20844  1.74689  0.566165  3.19644  |||| 3.19731 |||| 21.3535 
1.95348  1.27741  0.0849135  2.03126  0.856752  0.228417  |||| 3.16962 |||| 14.2215 
2.00898  0.6927  0.779704  2.0315  0.89782  0.172459  |||| 3.33255 |||| 4.38451 
1.979  1.07259  0.447328  1.92706  1.63691  0.248912  |||| 3.35177 |||| 5.19752 
2.00377  0.381369  1.23235  1.63174  1.96167  2.34368  |||| 3.46696 |||| 20.0091 
1.94062  1.345  0.29023  2.06218  0.0886199  0.206055  |||| 3.42569 |||| 3.64605 
1.99623  0.618944  1.13697  1.32238  2.60471  2.78035  |||| 3.6006 |||| 16.1651 
1.97083  1.06421  0.742398  1.51243  2.2424  2.62279  |||| 3.62799 |||| 13.4477 
1.97428  0.215147  1.66654  2.02271  0.411863  1.25899  |||| 3.71038 |||| 8.01062 
1.88076  1.6575  0.194513  0.493758  3.96434  0.205019  |||| 3.60356 |||| 8.77493 
1.97265  0.839015  1.2034  1.97931  0.421229  1.68326  |||| 3.8637 |||| 5.4708 
1.92873  1.34514  0.727972  2.00039  0.945371  0.862685  |||| 3.85375 |||| 4.60667 
1.95519  0.374024  1.80959  2.06038  0.165663  0.303071  |||| 3.98956 |||| 4.20994 
1.87267  1.66898  0.501006  1.68529  1.97933  2.22897  |||| 3.89645 |||| 18.7012 
1.95006  0.681505  1.66607  2.03259  0.695402  0.384594  |||| 4.14709 |||| 4.32729 
1.92073  1.27021  1.12394  1.62557  0.311772  3.81043  |||| 4.16885 |||| 14.544 
1.89896  0.118766  2.33508  1.85768  1.08066  2.23746  |||| 4.20726 |||| 58.8071 
1.72566  2.23374  0.0695382  2.04058  0.3278  0.926409  |||| 3.89356 |||| 98.3419 
1.90257  1.27871  1.35964  1.17039  3.34267  0.958935  |||| 4.39656 |||| 11.7432 
1.81133  1.89249  0.715185  0.969714  3.44686  1.69136  |||| 4.26953 |||| 10.5098 
1.89784  0.688966  2.13585  2.06511  0.236216  0.183376  |||| 4.57597 |||| 4.9904 
1.71832  2.24401  0.39603  1.58535  0.349501  3.93578  |||| 4.22092 |||| 45.667 
1.87958  1.08824  1.90713  1.74593  2.09185  1.20107  |||| 4.73047 |||| 9.26146 
1.80696  1.80817  1.17374  0.301242  3.49962  3.0807  |||| 4.64285 |||| 12.4751 
1.82896  0.379331  2.7473  1.99281  0.421984  1.55176  |||| 4.80582 |||| 5.39593 
1.60139  2.57064  0.257336  2.01682  0.253528  1.27299  |||| 4.28475 |||| 24.5159 
1.82383  1.41558  1.91708  1.33371  2.96497  1.82902  |||| 5.01059 |||| 10.6926 
1.71379  2.16182  1.07551  1.44694  2.85316  0.920158  |||| 4.80733 |||| 6.37816 
1.79088  0.631832  2.87179  1.44614  0.180151  4.39772  |||| 5.14675 |||| 7.93014 
1.59773  2.54861  0.677739  1.56423  2.48342  1.71957  |||| 4.68266 |||| 12.2683 
1.77896  1.12409  2.60117  1.87963  0.590106  2.39258  |||| 5.35535 |||| 5.66734 
1.70536  2.01514  1.67798  1.25926  2.63215  2.99178  |||| 5.2504 |||| 9.47675 
1.67555  0.217184  3.53653  1.49032  1.76177  3.3904  |||| 5.28211 |||| 52.7378 
1.38827  3.02111  0.189636  1.14856  3.39161  0.887936  |||| 4.45465 |||| 25.5219 
1.68737  1.83951  2.21019  1.90795  0.461267  2.21343  |||| 5.5873 |||| 6.34039 
1.52669  2.64698  1.14539  1.53043  2.48811  1.87502  |||| 5.17002 |||| 8.60195 
1.66051  0.895263  3.37396  0.811947  3.70453  0.967488  |||| 5.78041 |||| 24.9337 
1.38072  3.00811  0.661849  1.92688  1.42125  0.754924  |||| 4.90203 |||| 6.91348 
1.63398  1.48926  3.00941  1.39419  2.89849  1.57156  |||| 5.98948 |||| 11.7993 
1.51716  2.4959  1.82962  1.29484  2.73061  2.64436  |||| 5.69782 |||| 8.27804 
1.51668  0.392141  4.09675  2.03419  0.484132  1.05531  |||| 5.85518 |||| 7.91956 
1.21966  3.28415  0.440571  0.614781  2.28277  4.80773  |||| 4.80046 |||| 57.4978 
1.53331  1.91045  2.95007  0.726992  3.25672  3.10007  |||| 6.2602 |||| 10.7557 
1.36646  2.87134  1.62876  1.99046  1.07561  0.457369  |||| 5.71976 |||| 8.4301 
1.44675  0.730163  4.22143  2.01918  0.83954  0.67435  |||| 6.2493 |||| 8.8102 
1.207  3.24834  1.01757  1.21158  3.30655  0.964361  |||| 5.33352 |||| 5.43059 
1.43248  1.42831  3.86112  2.05569  0.343666  0.580455  |||| 6.57127 |||| 9.53549 
1.33786  2.64342  2.48715  1.38176  2.84011  2.00374  |||| 6.31703 |||| 6.79531 
1.24914  0.119896  4.85079  1.88478  1.08517  2.06946  |||| 6.07476 |||| 82.5216 
0.90569  3.66539  0.06723  1.11933  3.45227  0.216858  |||| 4.5034 |||| 26.2763 
1.25904  2.67717  2.75456  1.56018  0.454359  4.01983  |||| 6.54625 |||| 9.58495 
1.04057  3.4377  1.21053  0.901708  3.50035  1.8947  |||| 5.55437 |||| 8.70377 
1.24313  1.43426  4.39471  1.99321  1.0242  0.20888  |||| 6.93123 |||| 11.2919 
0.880939  3.67112  0.581776  2.06522  0.525197  0.294532  |||| 5.00607 |||| 12.1486 
1.17481  2.22346  3.78958  2.02565  0.170197  1.20245  |||| 7.04324 |||| 12.3692 
1.00423  3.29846  2.0654  1.68021  1.53374  2.86047  |||| 6.21773 |||| 10.6117 
1.05047  0.709812  5.1502  0.344183  3.76744  2.17907  |||| 6.77807 |||| 37.2078 
0.715766  3.81711  0.33428  0.764877  3.04647  3.39639  |||| 4.71938 |||| 55.4214 
1.00991  2.67691  3.54009  2.0721  0.350192  0.352402  |||| 7.07953 |||| 14.9206 
0.821849  3.57162  1.70357  1.32495  2.23569  3.41459  |||| 5.95232 |||| 12.0643 
0.931679  1.1662  5.16865  1.10948  0.176618  5.18608  |||| 7.12496 |||| 8.56322 
0.672285  3.80281  0.959335  1.42406  1.58207  3.79059  |||| 5.28593 |||| 21.7037 
0.878882  2.03787  4.62449  2.01407  0.920019  0.793508  |||| 7.40705 |||| 17.5386 
0.757012  3.34907  2.69811  0.941427  3.4832  1.77067  |||| 6.6536 |||| 8.38948 
0.715116  0.349847  5.69059  1.83365  0.629022  2.62776  |||| 6.63196 |||| 17.7564 
0.475297  3.95717  0.209017  1.98854  1.20849  0.263695  |||| 4.49108 |||| 20.4633 
0.684788  3.04078  3.54969  1.42461  1.83717  3.52762  |||| 7.12498 |||| 15.4328 
0.530181  3.79875  1.56854  2.02171  0.542372  1.21843  |||| 5.75232 |||| 23.6388 
0.621481  1.47594  5.38721  1.78287  1.55565  2.05679  |||| 7.33725 |||| 22.2717 
0.411512  3.95085  0.815704  1.39495  2.41395  2.77809  |||| 5.02933 |||| 18.6175 
0.547036  2.39071  4.68136  0.359504  3.99035  0.851619  |||| 7.47111 |||| 12.5665 
0.443662  3.59766  2.55764  1.3966  2.77077  1.91033  |||| 6.44871 |||| 22.0074 
0.427017  0.597761  5.88486  0.459413  0.500135  5.94514  |||| 6.7589 |||| 7.33778 
0.283914  4.0113  0.498031  2.051  0.407797  0.635197  |||| 4.64209 |||| 39.8185 
0.377271  2.83107  4.24927  2.0547  0.326985  0.49211  |||| 7.30702 |||| 44.709 
0.286621  3.78525  2.07582  0.838077  3.72002  0.946534  |||| 5.99663 |||| 19.9603 
0.278843  1.04866  5.81929  1.49695  1.50396  3.69004  |||| 7.0131 |||| 42.4237 
0.194679  3.96567  1.19632  1.54012  2.80947  0.247191  |||| 5.21239 |||| 51.7736 
0.205506  2.00828  5.26094  1.40769  0.730596  4.38298  |||| 7.34335 |||| 57.8067 
0.171541  3.46748  3.14676  0.479266  3.92391  1.02771  |||| 6.64967 |||| 23.528 
0.129906  0.186497  6.04171  1.8039  2.07088  0.226409  |||| 6.21535 |||| 135.151 
0.0695227  4.0493  0.146316  1.34366  2.65337  2.53116  |||| 4.12715 |||| 166.549 
0.065774  3.28137  3.58608  1.14153  2.40828  3.69476  |||| 6.79776 |||| 422.62 
