7.9157  2.63466  7.97864  7.9157  2.63466  7.97864  |||| 64894.4 |||| 64894.4 
3.7367  5.34761  4.51058  3.7367  5.34761  4.51058  |||| 30213.8 |||| 30213.8 
9.609  4.96997  9.18552  9.609  4.96997  9.18552  |||| 80170.1 |||| 80170.1 
6.91926  5.13981  6.17825  6.91926  5.13981  6.17825  |||| 130.622 |||| 130.622 
3.95306  3.20499  3.02406  3.95306  3.20499  3.02406  |||| 49.3707 |||| 49.3707 
5.03878  7.41746  8.42188  5.03878  7.41746  8.42188  |||| 161.997 |||| 161.997 
5.78856  4.9672  4.13129  5.78856  4.9672  4.13129  |||| 111.273 |||| 111.273 
2.59657  2.53212  6.52644  2.59657  2.53212  6.52644  |||| 37.419 |||| 37.419 
4.0869  2.27623  2.71119  4.0869  2.27623  2.71119  |||| 13.6849 |||| 13.6849 
5.39237  5.22055  4.89157  5.39237  5.22055  4.89157  |||| 133.039 |||| 133.039 
3.56977  1.60462  4.24642  3.56977  1.60462  4.24642  |||| 158.652 |||| 158.652 
1.74761  4.49588  3.68008  1.74761  4.49588  3.68008  |||| 27.6441 |||| 27.6441 
2.00232  1.6232  2.27909  2.00232  1.6232  2.27909  |||| 8.07679 |||| 8.07679 
3.61055  1.56814  2.76119  3.61055  1.56814  2.76119  |||| 10.5763 |||| 10.5763 
2.81738  3.9194  4.00737  2.81738  3.9194  4.00737  |||| 39.005 |||| 39.005 
5.81806  6.46395  4.62348  5.81806  6.46395  4.62348  |||| 49.4581 |||| 49.4581 
6.85214  3.02754  4.41661  6.85214  3.02754  4.41661  |||| 17.9359 |||| 17.9359 
8.35026  5.41146  8.67556  8.35026  5.41146  8.67556  |||| 186.048 |||| 186.048 
5.8441  6.9681  4.00505  5.8441  6.9681  4.00505  |||| 201.398 |||| 201.398 
3.68369  4.30662  6.28782  3.68369  4.30662  6.28782  |||| 21.9009 |||| 21.9009 
5.39759  5.99238  6.78273  5.39759  5.99238  6.78273  |||| 44.3117 |||| 44.3117 
3.32623  4.10309  5.40349  3.32623  4.10309  5.40349  |||| 33.3647 |||| 33.3647 
6.2093  7.44033  6.45321  6.2093  7.44033  6.45321  |||| 70.8567 |||| 70.8567 
3.65174  2.03263  4.21146  3.65174  2.03263  4.21146  |||| 9.02335 |||| 9.02335 
6.69263  8.20764  7.06745  6.69263  8.20764  7.06745  |||| 29.1656 |||| 29.1656 
6.12768  5.63067  4.19646  6.12768  5.63067  4.19646  |||| 104.425 |||| 104.425 
3.60446  3.91847  3.31106  3.60446  3.91847  3.31106  |||| 39.4816 |||| 39.4816 
5.66624  5.12481  8.27227  5.66624  5.12481  8.27227  |||| 22.7314 |||| 22.7314 
3.06726  4.06847  2.46828  3.06726  4.06847  2.46828  |||| 9.36998 |||| 9.36998 
2.79097  5.29143  3.50706  2.79097  5.29143  3.50706  |||| 53.5789 |||| 53.5789 
6.58021  3.47646  5.74649  6.58021  3.47646  5.74649  |||| 36.5514 |||| 36.5514 
4.27557  3.25812  3.11084  4.27557  3.25812  3.11084  |||| 15.3651 |||| 15.3651 
3.42537  2.91877  4.2893  3.42537  2.91877  4.2893  |||| 10.832 |||| 10.832 
6.73342  7.44468  5.49491  6.73342  7.44468  5.49491  |||| 372.591 |||| 372.591 
3.17349  3.9869  5.10732  3.17349  3.9869  5.10732  |||| 406.344 |||| 406.344 
3.62089  3.03279  3.64852  3.62089  3.03279  3.64852  |||| 7.55096 |||| 7.55096 
4.38887  5.50553  5.05236  4.38887  5.50553  5.05236  |||| 22.826 |||| 22.826 
2.123  0.915694  3.98363  2.123  0.915694  3.98363  |||| 5.46301 |||| 5.46301 
9.88585  9.99756  4.49016  9.88585  9.99756  4.49016  |||| 35.2752 |||| 35.2752 
2.96372  2.33412  4.1393  2.96372  2.33412  4.1393  |||| 6.74367 |||| 6.74367 
11.1115  8.63862  6.90836  11.1115  8.63862  6.90836  |||| 25.1687 |||| 25.1687 
7.20866  3.36387  3.98857  7.20866  3.36387  3.98857  |||| 35.5287 |||| 35.5287 
6.14535  8.02596  4.95868  6.14535  8.02596  4.95868  |||| 69.5924 |||| 69.5924 
3.69401  1.4541  5.0148  3.69401  1.4541  5.0148  |||| 9.43775 |||| 9.43775 
7.99074  10.0004  3.24851  7.99074  10.0004  3.24851  |||| 20.6721 |||| 20.6721 
10.2867  4.58802  9.56645  10.2867  4.58802  9.56645  |||| 32.2791 |||| 32.2791 
4.29295  3.01772  4.74956  4.29295  3.01772  4.74956  |||| 23.9686 |||| 23.9686 
2.29983  3.01767  5.50399  2.29983  3.01767  5.50399  |||| 10.4535 |||| 10.4535 
1.62518  3.76279  2.58909  1.62518  3.76279  2.58909  |||| 7.60141 |||| 7.60141 
3.24733  2.39908  2.54099  3.24733  2.39908  2.54099  |||| 45.706 |||| 45.706 
3.42782  2.16447  4.1351  3.42782  2.16447  4.1351  |||| 80.6624 |||| 80.6624 
12.1444  1.68356  7.12353  12.1444  1.68356  7.12353  |||| 36.0282 |||| 36.0282 
4.04332  6.29016  5.71297  4.04332  6.29016  5.71297  |||| 19.9164 |||| 19.9164 
3.73231  4.36749  6.12961  3.73231  4.36749  6.12961  |||| 23.5516 |||| 23.5516 
3.29299  2.64419  3.63724  3.29299  2.64419  3.63724  |||| 17.1519 |||| 17.1519 
6.75991  6.41926  3.82483  6.75991  6.41926  3.82483  |||| 22.7987 |||| 22.7987 
4.72339  5.78844  3.83182  4.72339  5.78844  3.83182  |||| 12.1684 |||| 12.1684 
2.56142  3.51974  4.46366  2.56142  3.51974  4.46366  |||| 44.4678 |||| 44.4678 
1.592  3.00165  2.89494  1.592  3.00165  2.89494  |||| 16.9913 |||| 16.9913 
4.7038  3.57408  4.53048  4.7038  3.57408  4.53048  |||| 13.1411 |||| 13.1411 
9.13199  6.26421  7.55743  9.13199  6.26421  7.55743  |||| 32.7717 |||| 32.7717 
3.88849  2.8045  2.48378  3.88849  2.8045  2.48378  |||| 17.2955 |||| 17.2955 
4.77978  4.61005  6.07965  4.77978  4.61005  6.07965  |||| 25.0076 |||| 25.0076 
2.8533  3.16858  4.01864  2.8533  3.16858  4.01864  |||| 10.7394 |||| 10.7394 
2.76617  3.21537  4.06754  2.76617  3.21537  4.06754  |||| 6.68508 |||| 6.68508 
6.16866  5.84745  4.68719  6.16866  5.84745  4.68719  |||| 393.213 |||| 393.213 
7.0415  6.8081  7.28939  7.0415  6.8081  7.28939  |||| 917.594 |||| 917.594 
2.91498  1.21715  3.5254  2.91498  1.21715  3.5254  |||| 7.16848 |||| 7.16848 
3.01169  4.70419  3.18563  3.01169  4.70419  3.18563  |||| 8.00748 |||| 8.00748 
2.18534  3.14586  4.53568  2.18534  3.14586  4.53568  |||| 11.1214 |||| 11.1214 
2.75651  4.55783  3.29137  2.75651  4.55783  3.29137  |||| 16.2664 |||| 16.2664 
2.33098  2.12662  3.25731  2.33098  2.12662  3.25731  |||| 4.62874 |||| 4.62874 
8.10847  4.24476  8.95172  8.10847  4.24476  8.95172  |||| 42.4415 |||| 42.4415 
3.17686  7.34646  3.27765  3.17686  7.34646  3.27765  |||| 64.3684 |||| 64.3684 
6.4575  3.55158  5.5286  6.4575  3.55158  5.5286  |||| 66.914 |||| 66.914 
3.14584  5.1534  3.33938  3.14584  5.1534  3.33938  |||| 11.4706 |||| 11.4706 
2.9563  4.21421  2.97653  2.9563  4.21421  2.97653  |||| 10.5333 |||| 10.5333 
4.0308  2.70722  5.23181  4.0308  2.70722  5.23181  |||| 19.7283 |||| 19.7283 
4.51569  2.67469  3.77684  4.51569  2.67469  3.77684  |||| 24.8279 |||| 24.8279 
2.45937  4.80731  6.05265  2.45937  4.80731  6.05265  |||| 14.3824 |||| 14.3824 
4.51656  3.70384  4.56175  4.51656  3.70384  4.56175  |||| 27.5515 |||| 27.5515 
4.9675  5.53494  4.26851  4.9675  5.53494  4.26851  |||| 93.8932 |||| 93.8932 
3.60085  5.29164  5.40914  3.60085  5.29164  5.40914  |||| 110.846 |||| 110.846 
7.44681  3.67851  8.19042  7.44681  3.67851  8.19042  |||| 65.7746 |||| 65.7746 
3.88206  3.45333  5.35649  3.88206  3.45333  5.35649  |||| 27.4679 |||| 27.4679 
4.64648  4.22135  3.21067  4.64648  4.22135  3.21067  |||| 39.2779 |||| 39.2779 
3.36716  1.85619  3.88717  3.36716  1.85619  3.88717  |||| 24.589 |||| 24.589 
3.29514  3.83954  2.70306  3.29514  3.83954  2.70306  |||| 25.5519 |||| 25.5519 
3.14082  1.85764  2.94176  3.14082  1.85764  2.94176  |||| 25.3291 |||| 25.3291 
7.44265  4.33835  3.43422  7.44265  4.33835  3.43422  |||| 105.089 |||| 105.089 
5.18421  5.23756  1.4892  5.18421  5.23756  1.4892  |||| 71.5144 |||| 71.5144 
3.89837  3.83481  3.46104  3.89837  3.83481  3.46104  |||| 51.4599 |||| 51.4599 
5.01651  3.57242  2.43324  5.01651  3.57242  2.43324  |||| 86.8339 |||| 86.8339 
5.1119  4.56864  5.50449  5.1119  4.56864  5.50449  |||| 103.265 |||| 103.265 
4.39675  3.74912  7.76683  4.39675  3.74912  7.76683  |||| 97.5086 |||| 97.5086 
4.62319  7.04259  4.9927  4.62319  7.04259  4.9927  |||| 129.145 |||| 129.145 
4.46236  3.51925  4.57305  4.46236  3.51925  4.57305  |||| 157.652 |||| 157.652 
2.41185  7.62697  7.08911  2.41185  7.62697  7.08911  |||| 290.111 |||| 290.111 
1.67123  2.64393  2.47751  1.67123  2.64393  2.47751  |||| 42.4978 |||| 42.4978 
4.39713  4.88033  5.28502  4.39713  4.88033  5.28502  |||| 1086.99 |||| 1086.99 
2.30199  0.00109246  0.00147593  2.59821  0.292952  0.273618  |||| 8.67847 |||| 2926.88 
0.00168049  1.54255  0.000916428  4.19629  4.62129  2.83367  |||| 12.7965 |||| 41958.9 
0.000898048  0.000903068  1.91829  0.133454  0.739067  0.83864  |||| 6.39635 |||| 7388.03 
0.960105  0.0259612  0.0373859  2.778  1.94624  1.49587  |||| 1.03394 |||| 54.2086 
0.925469  0.0920419  0.0322087  0.289961  1.86309  1.48435  |||| 1.05644 |||| 47.7264 
0.870481  0.0360253  0.124985  0.846759  0.958004  0.762361  |||| 1.03648 |||| 23.8629 
0.907982  0.167781  0.0265181  2.5075  1.96206  1.91539  |||| 1.12041 |||| 80.642 
0.831437  0.0843078  0.143127  1.46349  0.370162  1.59783  |||| 1.05917 |||| 11.8649 
0.849203  0.135965  0.0988368  0.765966  0.391859  0.680369  |||| 1.11409 |||| 7.61254 
0.764636  0.0286927  0.233832  1.58557  0.71428  0.277694  |||| 1.03117 |||| 22.0662 
0.739395  0.256925  0.0179247  0.333517  0.482992  1.17252  |||| 1.02363 |||| 67.4327 
0.78274  0.140064  0.184253  0.439551  0.376476  2.02573  |||| 1.11131 |||| 12.162 
0.714094  0.225013  0.102156  0.544346  0.115428  1.30727  |||| 1.0446 |||| 13.361 
0.697496  0.061353  0.278626  1.20184  1.9105  0.537644  |||| 1.04002 |||| 30.9654 
0.700334  0.256238  0.068837  4.17527  3.40856  3.59881  |||| 1.06749 |||| 55.7341 
0.704069  0.0644082  0.271796  0.361911  0.698491  2.6371  |||| 1.09883 |||| 10.6828 
0.632193  0.212909  0.163742  0.779407  1.27528  2.30349  |||| 1.01334 |||| 14.1095 
0.631911  0.0255099  0.372807  0.844011  0.141379  0.305904  |||| 1.04478 |||| 5.83981 
0.74118  0.259021  0.0154503  1.15265  0.847552  0.315341  |||| 1.2341 |||| 25.1949 
0.597355  0.196832  0.222977  0.191477  1.0933  3.01862  |||| 1.01676 |||| 13.7742 
0.651368  0.29989  0.135504  0.649213  0.242773  0.417684  |||| 1.13162 |||| 3.49131 
0.611843  0.0734615  0.371692  1.50019  0.176222  0.222519  |||| 1.08763 |||| 2.66258 
0.686794  0.275417  0.0865905  2.46274  1.59178  2.37722  |||| 1.24429 |||| 33.924 
0.562151  0.164532  0.31479  0.688931  0.262468  0.453871  |||| 1.04141 |||| 1.65923 
0.592607  0.263737  0.214621  0.881907  0.470501  0.258743  |||| 1.11905 |||| 1.68221 
0.54251  0.0411106  0.458361  0.790871  0.137504  0.417773  |||| 1.04876 |||| 3.03952 
0.704205  0.304749  0.0642641  2.88593  3.09511  4.1168  |||| 1.38601 |||| 89.2024 
0.519296  0.20764  0.312507  0.795123  0.429302  0.19864  |||| 1.04523 |||| 2.10139 
0.59262  0.25314  0.214813  0.729518  0.300274  0.0555307  |||| 1.21537 |||| 1.49632 
0.509829  0.0763567  0.470306  0.284494  1.33455  1.03365  |||| 1.06727 |||| 16.3377 
0.634625  0.291299  0.15777  0.564058  0.308688  0.793972  |||| 1.35649 |||| 6.81151 
0.468147  0.155007  0.398528  0.621838  0.954188  2.11466  |||| 1.02139 |||| 6.25725 
0.526675  0.217294  0.303299  1.71516  1.0017  1.90037  |||| 1.17334 |||| 7.34907 
0.450357  0.0173682  0.55669  0.955936  0.82804  0.641592  |||| 1.02436 |||| 47.2389 
0.312153  0.744504  0.0120867  1.23784  2.72353  0.692425  |||| 1.32673 |||| 77.6965 
0.492729  0.257811  0.349384  3.897  3.12699  4.4578  |||| 1.16897 |||| 14.9338 
0.339863  0.591814  0.214387  0.295022  0.0410012  0.775321  |||| 1.37069 |||| 4.9629 
0.418284  0.142388  0.474848  0.606143  0.643494  1.03584  |||| 1.03862 |||| 4.60184 
0.279285  0.671043  0.110172  2.57791  1.44602  1.0175  |||| 1.29024 |||| 11.9533 
0.427913  0.235267  0.435177  0.646399  0.390996  0.377108  |||| 1.10589 |||| 1.77244 
0.190347  0.508278  0.326157  0.277577  0.438938  0.569863  |||| 1.34079 |||| 2.34378 
0.387914  0.0680014  0.588338  2.30481  1.44669  2.19207  |||| 1.04746 |||| 20.9911 
0.28601  0.708747  0.0603656  5.08787  4.03029  5.13862  |||| 1.20433 |||| 103.061 
0.419971  0.232608  0.442309  0.159831  0.615409  1.71918  |||| 1.18577 |||| 4.60048 
0.249257  0.551381  0.268462  0.238181  1.62497  1.54282  |||| 1.25406 |||| 7.18566 
0.351311  0.113149  0.5695  0.893041  1.65232  0.596544  |||| 1.03797 |||| 14.5213 
0.263652  0.633243  0.161953  0.227362  1.32249  1.08572  |||| 1.18615 |||| 7.97723 
0.35808  0.222726  0.527995  0.654562  1.766  1.56943  |||| 1.10847 |||| 8.78132 
0.20195  0.464173  0.384735  0.132399  0.395335  0.715735  |||| 1.23858 |||| 2.30433 
0.319719  0.0302449  0.685974  0.975616  0.527403  0.6911  |||| 1.03856 |||| 16.2422 
0.297984  0.72763  0.0358787  0.535171  0.530221  0.62548  |||| 1.09054 |||| 19.0498 
0.18919  0.395927  0.478036  0.828702  0.954362  0.503293  |||| 1.23488 |||| 2.97776 
0.260035  0.57165  0.241724  2.4702  1.62248  2.36284  |||| 1.13758 |||| 11.1387 
0.301421  0.157797  0.62195  0.752562  0.655003  0.607244  |||| 1.08102 |||| 4.46729 
0.265793  0.651211  0.135772  2.90346  0.730612  1.97404  |||| 1.07927 |||| 15.7577 
0.317687  0.171658  0.594936  1.74765  2.4691  0.636448  |||| 1.20238 |||| 10.2272 
0.192851  0.486264  0.355213  2.43428  3.53982  3.24021  |||| 1.13194 |||| 10.3399 
0.259841  0.0611184  0.715228  0.818843  1.19043  1.22317  |||| 1.03919 |||| 20.3238 
0.251076  0.695387  0.084846  0.0775937  1.3271  0.732375  |||| 1.03183 |||| 8.84492 
0.149164  0.347474  0.543176  0.192733  0.622985  0.561573  |||| 1.16663 |||| 2.08879 
0.243091  0.529989  0.297478  0.207137  0.47037  0.418601  |||| 1.07399 |||| 1.51068 
0.238225  0.113704  0.713772  0.169377  0.71474  0.77573  |||| 1.0686 |||| 6.54235 
0.219271  0.616363  0.188337  4.50663  0.44864  3.7274  |||| 1.02745 |||| 20.7852 
0.187055  0.245576  0.680411  1.08361  1.96857  1.88724  |||| 1.17212 |||| 9.38279 
0.209195  0.4417  0.415217  0.771774  0.941054  1.85603  |||| 1.07518 |||| 4.8107 
0.203928  0.0128642  0.821446  0.267492  1.09813  1.26249  |||| 1.03883 |||| 87.5339 
0.201286  0.904334  0.00769122  2.04753  1.33899  1.59348  |||| 1.12618 |||| 251.993 
0.191799  0.426298  0.439985  2.41746  3.42909  0.00315645  |||| 1.0615 |||| 13.0966 
0.186148  0.638413  0.222003  0.348983  0.804869  0.561979  |||| 1.04634 |||| 2.64979 
0.18262  0.224426  0.707794  0.748487  1.59306  0.312689  |||| 1.12706 |||| 7.94297 
0.174587  0.786722  0.12045  1.15381  1.25656  0.586415  |||| 1.08717 |||| 6.95632 
0.137573  0.329593  0.567421  0.47512  0.923031  0.602575  |||| 1.06729 |||| 2.99051 
0.161785  0.552153  0.342144  0.565092  0.385456  1.06691  |||| 1.0564 |||| 3.67781 
0.161286  0.107415  0.824176  5.94151  5.72686  6.29038  |||| 1.09427 |||| 57.3201 
0.141201  0.849927  0.0631534  0.1221  1.43002  0.443588  |||| 1.06449 |||| 7.33812 
0.136473  0.378733  0.501339  1.33784  0.47257  1.17715  |||| 1.01882 |||| 9.87304 
0.0703117  0.648834  0.304812  0.712263  2.07916  0.368354  |||| 1.0962 |||| 5.49607 
0.118629  0.171818  0.782668  0.316818  0.633604  0.355072  |||| 1.08941 |||| 4.02187 
0.12268  0.745976  0.172868  3.20105  5.94633  4.58729  |||| 1.0504 |||| 27.1799 
0.114414  0.279607  0.642196  0.940508  1.95032  0.973101  |||| 1.03904 |||| 8.39869 
0.105025  0.54427  0.438043  0.735051  1.5353  0.65108  |||| 1.09896 |||| 6.92093 
0.105082  0.0447336  0.895328  0.35767  0.213937  0.731279  |||| 1.05211 |||| 4.34324 
0.0920915  0.892982  0.0369007  0.195345  0.892389  0.0390229  |||| 1.02627 |||| 2.05878 
0.0880265  0.456564  0.533364  5.65625  7.46034  5.03116  |||| 1.08667 |||| 63.5395 
0.0843021  0.680917  0.273841  0.484166  0.327635  1.06584  |||| 1.04448 |||| 5.80246 
0.079622  0.200513  0.747879  1.68811  1.29543  2.34691  |||| 1.02938 |||| 21.7024 
0.0728664  0.798343  0.154963  0.763865  0.662936  1.38994  |||| 1.029 |||| 10.5752 
0.0685152  0.329362  0.649922  1.79288  0.952964  0.742309  |||| 1.0496 |||| 26.8921 
0.0653546  0.583178  0.413236  0.19086  1.13628  0.296931  |||| 1.06224 |||| 3.11472 
0.034277  0.0867511  0.918123  1.97928  1.77005  0.822053  |||| 1.06573 |||| 35.5444 
0.0432854  0.887291  0.100547  1.61827  2.27579  1.73849  |||| 1.03952 |||| 32.2088 
0.0447816  0.402803  0.606679  0.194762  0.00439975  2.06291  |||| 1.0577 |||| 4.3366 
0.0391378  0.642158  0.348738  0.509274  0.196607  1.46188  |||| 1.03089 |||| 12.9033 
0.0355623  0.149377  0.856645  0.0156274  0.0199211  1.01471  |||| 1.04073 |||| 1.23289 
0.0208705  0.779919  0.228911  1.34346  1.10743  0.685765  |||| 1.03789 |||| 46.6921 
0.0201027  0.274774  0.731119  0.717821  0.932536  1.49489  |||| 1.0296 |||| 30.5659 
0.0163484  0.527206  0.480109  0.799689  0.905678  0.87664  |||| 1.02537 |||| 43.9 
0.0137495  0.0236102  0.991976  1.29612  1.67818  0.362416  |||| 1.02914 |||| 99.8957 
0.00726966  0.985283  0.0239778  0.523972  0.21088  1.07097  |||| 1.01655 |||| 67.4524 
0.00299573  0.482815  0.532768  0.847962  0.500867  0.877642  |||| 1.01929 |||| 328.429 
