6.11975  7.06882  6.11975  7.06882  |||| 49102.3 |||| 49102.3 
8.96783  7.12189  8.96783  7.12189  |||| 58958.1 |||| 58958.1 
6.98414  8.95334  6.98414  8.95334  |||| 1331.77 |||| 1331.77 
9.29262  6.71055  9.29262  6.71055  |||| 297.395 |||| 297.395 
5.05808  8.64578  5.05808  8.64578  |||| 254.298 |||| 254.298 
7.60509  9.04818  7.60509  9.04818  |||| 192.909 |||| 192.909 
4.97845  10.9877  4.97845  10.9877  |||| 192.278 |||| 192.278 
4.45414  6.10211  4.45414  6.10211  |||| 70.2663 |||| 70.2663 
12.6957  10.5823  12.6957  10.5823  |||| 127.003 |||| 127.003 
5.16927  5.93121  5.16927  5.93121  |||| 49.2956 |||| 49.2956 
8.16729  9.6634  8.16729  9.6634  |||| 86.5261 |||| 86.5261 
10.3622  4.65266  10.3622  4.65266  |||| 25.7283 |||| 25.7283 
6.21603  7.71402  6.21603  7.71402  |||| 51.8507 |||| 51.8507 
7.31328  4.2504  7.31328  4.2504  |||| 17.8259 |||| 17.8259 
7.50732  10.1006  7.50732  10.1006  |||| 62.2655 |||| 62.2655 
8.27484  4.60996  8.27484  4.60996  |||| 17.7951 |||| 17.7951 
9.10716  6.08656  9.10716  6.08656  |||| 26.5477 |||| 26.5477 
9.39687  9.74182  9.39687  9.74182  |||| 47.9457 |||| 47.9457 
7.37406  9.08167  7.37406  9.08167  |||| 41.119 |||| 41.119 
5.83087  5.63949  5.83087  5.63949  |||| 19.4931 |||| 19.4931 
6.72544  9.56157  6.72544  9.56157  |||| 39.2157 |||| 39.2157 
9.50487  6.78962  9.50487  6.78962  |||| 23.2738 |||| 23.2738 
7.60718  7.35957  7.60718  7.35957  |||| 24.8632 |||| 24.8632 
10.6833  8.29634  10.6833  8.29634  |||| 27.9767 |||| 27.9767 
8.47203  7.53361  8.47203  7.53361  |||| 23.4112 |||| 23.4112 
6.52787  6.0615  6.52787  6.0615  |||| 16.2759 |||| 16.2759 
4.95563  6.833  4.95563  6.833  |||| 18.6976 |||| 18.6976 
4.62394  11.3729  4.62394  11.3729  |||| 35.4119 |||| 35.4119 
8.60892  8.67239  8.60892  8.67239  |||| 24.0888 |||| 24.0888 
9.24339  8.88796  9.24339  8.88796  |||| 23.9811 |||| 23.9811 
5.0181  9.76316  5.0181  9.76316  |||| 26.1491 |||| 26.1491 
6.99187  4.59117  6.99187  4.59117  |||| 8.08112 |||| 8.08112 
7.289  7.16891  7.289  7.16891  |||| 16.0988 |||| 16.0988 
6.0646  7.97915  6.0646  7.97915  |||| 18.1084 |||| 18.1084 
7.35269  6.502  7.35269  6.502  |||| 13.0971 |||| 13.0971 
7.67936  8.5415  7.67936  8.5415  |||| 18.6724 |||| 18.6724 
7.67605  9.89141  7.67605  9.89141  |||| 21.9657 |||| 21.9657 
6.619  11.1709  6.619  11.1709  |||| 24.879 |||| 24.879 
9.30318  5.84336  9.30318  5.84336  |||| 9.92932 |||| 9.92932 
4.2959  7.85121  4.2959  7.85121  |||| 14.8767 |||| 14.8767 
12.6668  6.70029  12.6668  6.70029  |||| 15.8031 |||| 15.8031 
7.12316  4.92647  7.12316  4.92647  |||| 6.86714 |||| 6.86714 
4.3029  8.85641  4.3029  8.85641  |||| 16.2071 |||| 16.2071 
7.70685  11.5312  7.70685  11.5312  |||| 22.133 |||| 22.133 
5.80597  6.69285  5.80597  6.69285  |||| 10.4555 |||| 10.4555 
8.19014  7.69796  8.19014  7.69796  |||| 12.4795 |||| 12.4795 
5.4466  11.1205  5.4466  11.1205  |||| 19.7364 |||| 19.7364 
9.19601  7.79595  9.19601  7.79595  |||| 12.142 |||| 12.142 
4.16999  9.71309  4.16999  9.71309  |||| 15.9213 |||| 15.9213 
5.29732  8.12745  5.29732  8.12745  |||| 12.3147 |||| 12.3147 
11.4386  9.60436  11.4386  9.60436  |||| 16.5641 |||| 16.5641 
4.58281  10.6507  4.58281  10.6507  |||| 16.8127 |||| 16.8127 
7.95998  8.073  7.95998  8.073  |||| 11.4775 |||| 11.4775 
5.71591  8.33186  5.71591  8.33186  |||| 11.7472 |||| 11.7472 
6.80569  8.63478  6.80569  8.63478  |||| 12.0889 |||| 12.0889 
5.9052  6.68867  5.9052  6.68867  |||| 8.2981 |||| 8.2981 
6.55993  9.54051  6.55993  9.54051  |||| 13.2739 |||| 13.2739 
10.531  9.72347  10.531  9.72347  |||| 17.1994 |||| 17.1994 
10.0194  8.93177  10.0194  8.93177  |||| 16.4059 |||| 16.4059 
8.53304  7.92595  8.53304  7.92595  |||| 13.2143 |||| 13.2143 
6.53543  4.9104  6.53543  4.9104  |||| 8.59275 |||| 8.59275 
8.15431  8.39215  8.15431  8.39215  |||| 12.9367 |||| 12.9367 
7.86465  7.35107  7.86465  7.35107  |||| 12.5247 |||| 12.5247 
5.78859  9.05929  5.78859  9.05929  |||| 10.9962 |||| 10.9962 
10.117  8.23751  10.117  8.23751  |||| 19.448 |||| 19.448 
5.54483  6.48604  5.54483  6.48604  |||| 7.02419 |||| 7.02419 
5.65968  5.05295  5.65968  5.05295  |||| 7.56985 |||| 7.56985 
9.96102  10.2257  9.96102  10.2257  |||| 20.7729 |||| 20.7729 
9.54247  7.76022  9.54247  7.76022  |||| 20.1303 |||| 20.1303 
9.2231  5.74951  9.2231  5.74951  |||| 19.7641 |||| 19.7641 
10.2405  7.40792  10.2405  7.40792  |||| 23.814 |||| 23.814 
6.43171  8.65666  6.43171  8.65666  |||| 11.5526 |||| 11.5526 
8.3978  3.17341  8.3978  3.17341  |||| 18.9791 |||| 18.9791 
6.61987  7.5389  6.61987  7.5389  |||| 13.1203 |||| 13.1203 
6.42534  9.37486  6.42534  9.37486  |||| 12.8873 |||| 12.8873 
8.20552  5.28206  8.20552  5.28206  |||| 20.534 |||| 20.534 
8.26093  6.0948  8.26093  6.0948  |||| 21.6388 |||| 21.6388 
8.51329  8.48938  8.51329  8.48938  |||| 23.6997 |||| 23.6997 
8.72637  7.55784  8.72637  7.55784  |||| 25.7733 |||| 25.7733 
11.7592  7.68701  11.7592  7.68701  |||| 41.5288 |||| 41.5288 
8.30787  8.28144  8.30787  8.28144  |||| 26.3134 |||| 26.3134 
7.92248  8.19682  7.92248  8.19682  |||| 25.6942 |||| 25.6942 
7.172  5.70211  7.172  5.70211  |||| 22.9599 |||| 22.9599 
7.71714  6.00624  7.71714  6.00624  |||| 27.5892 |||| 27.5892 
5.48982  8.25079  5.48982  8.25079  |||| 15.2867 |||| 15.2867 
10.4722  2.15859  10.4722  2.15859  |||| 50.0153 |||| 50.0153 
5.76736  8.27046  5.76736  8.27046  |||| 19.5661 |||| 19.5661 
5.82178  8.86938  5.82178  8.86938  |||| 21.5581 |||| 21.5581 
5.88452  6.61385  5.88452  6.61385  |||| 23.9673 |||| 23.9673 
7.22203  9.24614  7.22203  9.24614  |||| 38.7333 |||| 38.7333 
13.6531  6.2197  13.6531  6.2197  |||| 109.152 |||| 109.152 
3.07203  9.99534  3.07203  9.99534  |||| 8.58102 |||| 8.58102 
11.8068  5.62441  11.8068  5.62441  |||| 114.134 |||| 114.134 
8.95073  5.20556  8.95073  5.20556  |||| 88.6328 |||| 88.6328 
8.92678  8.90828  8.92678  8.90828  |||| 104.321 |||| 104.321 
7.42124  4.75765  7.42124  4.75765  |||| 94.7161 |||| 94.7161 
6.77714  6.23089  6.77714  6.23089  |||| 103.743 |||| 103.743 
7.2226  7.87562  7.2226  7.87562  |||| 162.702 |||| 162.702 
7.296  7.93089  7.296  7.93089  |||| 275.967 |||| 275.967 
7.12372  6.10418  7.12372  6.10418  |||| 794.131 |||| 794.131 
1.00474  0.00802879  3.49026  1.9972  |||| 1.00472 |||| 19892.3 
8.25641e-05  1.01252  12.0136  13.8235  |||| 1.00455 |||| 120136 
1.00084  0.0115874  11.2293  9.33891  |||| 1.00596 |||| 1828.86 
0.999862  0.0228497  2.53314  1.93301  |||| 1.01539 |||| 125.769 
0.999646  0.032472  17.2758  16.912  |||| 1.0258 |||| 662.637 
0.998655  0.0440351  1.32242  0.272718  |||| 1.03563 |||| 7.41286 
0.997991  0.0470684  6.90249  10.0988  |||| 1.04601 |||| 219.755 
0.998255  0.0573816  12.6566  13.3282  |||| 1.0576 |||| 237.343 
0.997433  0.0687814  1.67548  0.658941  |||| 1.06828 |||| 9.8146 
0.997607  0.0805947  0.189344  1.35084  |||| 1.08027 |||| 17.5468 
0.996746  0.102085  1.67482  0.779486  |||| 1.0914 |||| 8.89509 
0.996794  0.110951  14.9511  12.7645  |||| 1.10378 |||| 131.594 
0.996629  0.118353  0.801173  1.64218  |||| 1.11621 |||| 15.2525 
0.996796  0.123333  4.90422  4.32846  |||| 1.1293 |||| 36.8181 
0.996812  0.098224  9.17303  12.9246  |||| 1.14253 |||| 101.267 
0.996771  0.156942  1.41488  1.31728  |||| 1.156 |||| 9.50462 
0.996683  0.175858  0.162064  1.32462  |||| 1.16975 |||| 8.89874 
0.919859  0.18149  8.91394  6.01728  |||| 1.09708 |||| 37.9944 
0.85314  0.181491  4.75933  3.82132  |||| 1.0306 |||| 22.649 
0.837324  0.188302  17.236  18.0325  |||| 1.01934 |||| 100.938 
0.835672  0.196596  10.1673  6.02502  |||| 1.03012 |||| 31.874 
0.835651  0.204297  3.41009  4.28479  |||| 1.04322 |||| 21.4937 
0.835655  0.213594  16.8211  13.3201  |||| 1.05668 |||| 63.6386 
0.835653  0.235584  5.52882  6.77562  |||| 1.07049 |||| 30.8479 
0.802383  0.248341  2.23962  2.38273  |||| 1.04693 |||| 10.3434 
0.775878  0.252571  2.71864  0.773946  |||| 1.0206 |||| 3.57619 
0.773645  0.264175  5.26852  6.00131  |||| 1.03151 |||| 23.9734 
0.773648  0.277725  8.52332  7.18818  |||| 1.04574 |||| 27.5945 
0.773641  0.288569  0.820422  0.29508  |||| 1.06036 |||| 1.12448 
0.773629  0.298609  18.2417  16.3082  |||| 1.07538 |||| 58.0882 
0.773624  0.317696  13.9416  11.8763  |||| 1.09085 |||| 40.8103 
0.77362  0.333698  4.33088  5.38365  |||| 1.10677 |||| 17.8582 
0.773621  0.347074  16.9418  17.5902  |||| 1.12317 |||| 56.4938 
0.773619  0.371699  8.86563  8.24789  |||| 1.14005 |||| 25.6353 
0.773613  0.378241  7.96981  8.92694  |||| 1.15745 |||| 26.8941 
0.773607  0.408758  9.56333  8.45933  |||| 1.17538 |||| 24.7234 
0.773611  0.415788  0.831053  0.333077  |||| 1.1939 |||| 1.28255 
0.773603  0.437105  11.2517  10.6121  |||| 1.21299 |||| 29.2733 
0.773602  0.453869  1.5556  0.80175  |||| 1.23271 |||| 2.47882 
0.773602  0.476006  6.63508  7.68483  |||| 1.25309 |||| 20.0622 
0.773597  0.492891  16.7448  17.3408  |||| 1.27414 |||| 44.12 
0.697344  0.514821  8.26442  4.67115  |||| 1.2575 |||| 13.8446 
0.714395  0.514821  17.2856  14.1018  |||| 1.22645 |||| 34.1037 
0.662959  0.514821  14.0015  14.2168  |||| 1.1969 |||| 33.5533 
0.632195  0.514821  6.5681  7.08927  |||| 1.16873 |||| 16.3287 
0.629845  0.514821  5.51035  4.35807  |||| 1.14186 |||| 9.90851 
0.603532  0.514821  3.59273  1.90321  |||| 1.1162 |||| 6.58106 
0.583531  0.514821  8.11702  2.52973  |||| 1.09167 |||| 15.1518 
0.555612  0.514821  1.71073  3.59839  |||| 1.0682 |||| 7.5669 
0.52738  0.514822  6.78931  3.04544  |||| 1.04571 |||| 13.1753 
0.514961  0.514833  6.49222  7.93912  |||| 1.02417 |||| 16.0258 
0.502875  0.521593  11.9192  8.03592  |||| 1.01686 |||| 24.0841 
0.50239  0.541292  3.28594  3.64987  |||| 1.03648 |||| 7.06744 
0.50233  0.559886  0.619995  0.55233  |||| 1.05865 |||| 1.30663 
0.490406  0.581666  6.25153  9.31886  |||| 1.07089 |||| 17.3803 
0.476391  0.581666  9.1443  8.84322  |||| 1.05088 |||| 20.138 
0.453255  0.581671  9.09829  6.36999  |||| 1.0316 |||| 20.4972 
0.441314  0.586121  16.7135  15.7432  |||| 1.02087 |||| 38.5393 
0.440335  0.607084  2.01922  2.83787  |||| 1.0398 |||| 4.9085 
0.440313  0.615096  7.1302  7.56268  |||| 1.06542 |||| 17.2533 
0.440321  0.654455  5.91164  4.73521  |||| 1.09241 |||| 14.6668 
0.404322  0.674636  11.5797  12.4502  |||| 1.09803 |||| 29.4755 
0.402876  0.674636  11.8878  9.17481  |||| 1.07988 |||| 31.0667 
0.389871  0.674636  5.6977  9.26238  |||| 1.06232 |||| 15.2979 
0.376407  0.674636  4.25157  5.4038  |||| 1.04533 |||| 11.7367 
0.352799  0.674636  8.71707  9.62393  |||| 1.02887 |||| 24.7615 
0.345877  0.674636  4.52159  5.38241  |||| 1.01291 |||| 13.2273 
0.333906  0.678941  5.18233  5.42748  |||| 1.00682 |||| 15.6267 
0.332707  0.703704  12.8281  15.4943  |||| 1.03505 |||| 39.9097 
0.331389  0.714877  3.3766  2.22814  |||| 1.06475 |||| 10.8494 
0.330014  0.767254  0.509751  0.974503  |||| 1.09628 |||| 1.69337 
0.329897  0.785706  17.9218  15.4946  |||| 1.13434 |||| 61.6259 
0.329914  0.774503  15.5278  11.7036  |||| 1.17565 |||| 55.3356 
0.329965  0.829087  1.38921  1.80559  |||| 1.2202 |||| 5.13742 
0.329756  0.928596  11.6339  11.8512  |||| 1.26725 |||| 44.7106 
0.329731  0.971525  0.603891  0.952758  |||| 1.31887 |||| 2.41552 
0.0321654  1.00797  4.96752  3.96306  |||| 1.31544 |||| 20.7155 
0.0256216  1.00797  2.20467  1.90853  |||| 1.29801 |||| 9.60252 
0.0361667  1.00797  0.0309002  1.12509  |||| 1.28105 |||| 1.43108 
0.233779  1.00797  6.74145  4.08049  |||| 1.26452 |||| 32.2273 
0.0797843  1.00797  11.3738  13.3839  |||| 1.24841 |||| 57.1603 
0.0484248  1.00797  3.64548  5.1328  |||| 1.23271 |||| 19.3111 
0.184395  1.00797  14.6932  17.6992  |||| 1.21739 |||| 82.2823 
0.143693  1.00797  17.7378  17.4299  |||| 1.20245 |||| 105.352 
0.100714  1.00797  2.21147  1.91761  |||| 1.18788 |||| 13.9821 
0.0583138  1.00797  1.29383  0.281379  |||| 1.17365 |||| 8.7444 
0.0382243  1.00797  1.94544  1.99609  |||| 1.15976 |||| 14.1224 
0.127496  1.00797  18.1991  18.2592  |||| 1.1462 |||| 142.681 
0.0952437  1.00797  0.0557898  1.09951  |||| 1.13295 |||| 1.23666 
0.0681464  1.00797  3.66828  3.39466  |||| 1.12 |||| 34.2371 
0.0368853  1.00797  11.2435  11.4945  |||| 1.10734 |||| 115.985 
0.0455591  1.00797  18.341  17.6387  |||| 1.09497 |||| 211.461 
0.0565027  1.00797  0.0585118  1.09393  |||| 1.08287 |||| 1.17595 
0.0215474  1.00797  13.0639  13.6078  |||| 1.07104 |||| 196.964 
0.0473512  1.00797  2.0097  2.48045  |||| 1.05946 |||| 35.8091 
0.0479968  1.00797  0.0831449  1.01698  |||| 1.04813 |||| 1.81044 
0.0300752  1.00797  1.35947  0.288466  |||| 1.03704 |||| 38.0649 
0.0247264  1.00797  0.726105  1.68137  |||| 1.02618 |||| 28.4628 
0.00934904  1.00797  17.849  14.1163  |||| 1.01554 |||| 1166.14 
0.00461735  1.00836  0.130751  1.01471  |||| 1.00552 |||| 25.6249 
