6.83642  6.50797  6.83642  6.50797  |||| 33682.1 |||| 33682.1 
7.29308  7.03911  7.29308  7.03911  |||| 33766.7 |||| 33766.7 
7.04443  7.21328  7.04443  7.21328  |||| 798.41 |||| 798.41 
9.4661  7.25113  9.4661  7.25113  |||| 268.61 |||| 268.61 
7.94773  10.1605  7.94773  10.1605  |||| 275.215 |||| 275.215 
7.82471  9.23668  7.82471  9.23668  |||| 170.714 |||| 170.714 
9.67261  5.68457  9.67261  5.68457  |||| 55.4203 |||| 55.4203 
9.47761  5.34646  9.47761  5.34646  |||| 39.3194 |||| 39.3194 
8.45778  11.9075  8.45778  11.9075  |||| 132.19 |||| 132.19 
11.9827  9.26841  11.9827  9.26841  |||| 80.0811 |||| 80.0811 
5.32353  6.38452  5.32353  6.38452  |||| 37.4102 |||| 37.4102 
6.67382  4.86749  6.67382  4.86749  |||| 17.8229 |||| 17.8229 
9.07152  6.41299  9.07152  6.41299  |||| 30.5502 |||| 30.5502 
7.54279  10.0775  7.54279  10.0775  |||| 59.1219 |||| 59.1219 
8.94411  7.26879  8.94411  7.26879  |||| 32.3716 |||| 32.3716 
7.11123  6.2496  7.11123  6.2496  |||| 22.5751 |||| 22.5751 
6.42712  5.4984  6.42712  5.4984  |||| 15.9412 |||| 15.9412 
7.13516  8.20335  7.13516  8.20335  |||| 32.015 |||| 32.015 
9.80474  9.29309  9.80474  9.29309  |||| 36.5472 |||| 36.5472 
7.03382  8.13704  7.03382  8.13704  |||| 27.9848 |||| 27.9848 
11.4262  6.95638  11.4262  6.95638  |||| 20.2177 |||| 20.2177 
8.21163  7.96732  8.21163  7.96732  |||| 24.2616 |||| 24.2616 
7.46214  10.1957  7.46214  10.1957  |||| 33.731 |||| 33.731 
7.18791  6.9122  7.18791  6.9122  |||| 17.1953 |||| 17.1953 
10.1747  6.53924  10.1747  6.53924  |||| 14.8066 |||| 14.8066 
8.76214  7.86219  8.76214  7.86219  |||| 19.6936 |||| 19.6936 
4.73544  8.28975  4.73544  8.28975  |||| 20.6 |||| 20.6 
5.77342  6.99502  5.77342  6.99502  |||| 14.8163 |||| 14.8163 
7.06847  7.5285  7.06847  7.5285  |||| 16.2301 |||| 16.2301 
4.94961  7.00525  4.94961  7.00525  |||| 13.7752 |||| 13.7752 
10.2736  5.55145  10.2736  5.55145  |||| 8.96405 |||| 8.96405 
8.27014  5.32306  8.27014  5.32306  |||| 7.25302 |||| 7.25302 
9.12157  8.35205  9.12157  8.35205  |||| 16.7477 |||| 16.7477 
7.4125  8.13762  7.4125  8.13762  |||| 15.5489 |||| 15.5489 
8.29563  10.0145  8.29563  10.0145  |||| 20.7299 |||| 20.7299 
6.19856  7.98485  6.19856  7.98485  |||| 14.1737 |||| 14.1737 
8.10226  5.29282  8.10226  5.29282  |||| 6.46007 |||| 6.46007 
7.83033  8.74989  7.83033  8.74989  |||| 15.4871 |||| 15.4871 
7.93419  4.67529  7.93419  4.67529  |||| 6.40232 |||| 6.40232 
5.74052  5.48519  5.74052  5.48519  |||| 6.1294 |||| 6.1294 
6.36384  6.36321  6.36384  6.36321  |||| 8.20517 |||| 8.20517 
9.00768  7.25329  9.00768  7.25329  |||| 10.2057 |||| 10.2057 
8.5087  6.53313  8.5087  6.53313  |||| 8.21113 |||| 8.21113 
8.42069  11.7773  8.42069  11.7773  |||| 20.3971 |||| 20.3971 
7.76468  7.51948  7.76468  7.51948  |||| 10.0991 |||| 10.0991 
9.53309  7.94837  9.53309  7.94837  |||| 10.8332 |||| 10.8332 
6.76127  9.12904  6.76127  9.12904  |||| 13.1899 |||| 13.1899 
7.53871  8.08269  7.53871  8.08269  |||| 10.6463 |||| 10.6463 
9.63783  7.91353  9.63783  7.91353  |||| 10.8874 |||| 10.8874 
6.67275  8.79539  6.67275  8.79539  |||| 11.6685 |||| 11.6685 
6.64642  3.13976  6.64642  3.13976  |||| 5.40488 |||| 5.40488 
8.52284  5.3327  8.52284  5.3327  |||| 9.30784 |||| 9.30784 
11.1153  9.59736  11.1153  9.59736  |||| 14.8525 |||| 14.8525 
4.86605  5.70809  4.86605  5.70809  |||| 4.88732 |||| 4.88732 
8.2449  9.95596  8.2449  9.95596  |||| 12.7236 |||| 12.7236 
7.46685  6.08679  7.46685  6.08679  |||| 7.81897 |||| 7.81897 
7.36944  9.75716  7.36944  9.75716  |||| 11.8992 |||| 11.8992 
10.9059  9.11113  10.9059  9.11113  |||| 16.1171 |||| 16.1171 
4.87807  9.34732  4.87807  9.34732  |||| 10.7671 |||| 10.7671 
10.0442  9.99797  10.0442  9.99797  |||| 14.8277 |||| 14.8277 
8.69503  5.16647  8.69503  5.16647  |||| 11.8559 |||| 11.8559 
7.20163  5.33141  7.20163  5.33141  |||| 8.36241 |||| 8.36241 
5.44759  8.48126  5.44759  8.48126  |||| 8.65235 |||| 8.65235 
8.41476  7.60322  8.41476  7.60322  |||| 12.0778 |||| 12.0778 
10.7086  7.1196  10.7086  7.1196  |||| 18.7503 |||| 18.7503 
8.37129  5.33855  8.37129  5.33855  |||| 12.6544 |||| 12.6544 
11.3426  7.39578  11.3426  7.39578  |||| 21.7245 |||| 21.7245 
6.0583  9.11998  6.0583  9.11998  |||| 8.94752 |||| 8.94752 
7.0129  7.46364  7.0129  7.46364  |||| 9.63353 |||| 9.63353 
5.21567  5.02444  5.21567  5.02444  |||| 4.17471 |||| 4.17471 
6.18457  5.10877  6.18457  5.10877  |||| 7.53494 |||| 7.53494 
7.19734  8.73392  7.19734  8.73392  |||| 11.2818 |||| 11.2818 
8.69531  8.84822  8.69531  8.84822  |||| 17.0303 |||| 17.0303 
10.1233  7.78724  10.1233  7.78724  |||| 22.9538 |||| 22.9538 
11.9425  5.65268  11.9425  5.65268  |||| 30.8453 |||| 30.8453 
6.23953  6.6676  6.23953  6.6676  |||| 9.2925 |||| 9.2925 
9.41936  8.17842  9.41936  8.17842  |||| 22.9485 |||| 22.9485 
9.39639  7.60779  9.39639  7.60779  |||| 23.8684 |||| 23.8684 
7.99613  7.47303  7.99613  7.47303  |||| 18.596 |||| 18.596 
9.47504  7.82681  9.47504  7.82681  |||| 26.573 |||| 26.573 
6.21939  6.63094  6.21939  6.63094  |||| 11.5739 |||| 11.5739 
6.87514  9.39113  6.87514  9.39113  |||| 15.6733 |||| 15.6733 
13.0266  6.86455  13.0266  6.86455  |||| 51.0171 |||| 51.0171 
8.50847  6.6137  8.50847  6.6137  |||| 27.2741 |||| 27.2741 
8.71925  5.44527  8.71925  5.44527  |||| 30.3664 |||| 30.3664 
8.98365  4.53889  8.98365  4.53889  |||| 34.2477 |||| 34.2477 
3.9164  5.7734  3.9164  5.7734  |||| 3.0544 |||| 3.0544 
4.39139  4.96274  4.39139  4.96274  |||| 3.72387 |||| 3.72387 
8.60612  7.51155  8.60612  7.51155  |||| 39.9645 |||| 39.9645 
6.52464  6.9506  6.52464  6.9506  |||| 24.3436 |||| 24.3436 
10.0743  8.34776  10.0743  8.34776  |||| 63.5232 |||| 63.5232 
7.10052  10.0707  7.10052  10.0707  |||| 36.7109 |||| 36.7109 
8.51317  3.61433  8.51317  3.61433  |||| 60.0644 |||| 60.0644 
8.88265  6.2914  8.88265  6.2914  |||| 74.8757 |||| 74.8757 
8.74517  7.41731  8.74517  7.41731  |||| 86.0399 |||| 86.0399 
8.64259  6.06006  8.64259  6.06006  |||| 102.926 |||| 102.926 
4.83264  7.6868  4.83264  7.6868  |||| 25.6547 |||| 25.6547 
12.2331  7.57834  12.2331  7.57834  |||| 326.014 |||| 326.014 
8.50822  7.45044  8.50822  7.45044  |||| 300 |||| 300 
8.99768  9.63791  8.99768  9.63791  |||| 995.93 |||| 995.93 
1.00617  2.32288e-05  12.1515  12.374  |||| 1.00617 |||| 123740 
8.8754e-05  1.01367  11.3688  11.2961  |||| 1.01367 |||| 113688 
1.00068  0.00191059  2.93862  4.37541  |||| 1.00581 |||| 857.58 
0.99992  0.0114432  1.68236  0.743983  |||| 1.01546 |||| 48.6069 
0.999399  0.0221403  12.0359  12.5397  |||| 1.02556 |||| 491.558 
0.999545  0.0337817  15.2792  15.5578  |||| 1.03656 |||| 435.618 
0.998808  0.047641  1.21246  0.218932  |||| 1.04688 |||| 4.76785 
0.998931  0.0486598  6.08145  5.65224  |||| 1.05832 |||| 100.713 
0.998764  0.0668406  1.14715  0.10497  |||| 1.06971 |||| 1.58262 
0.998784  0.0691553  5.88605  6.14286  |||| 1.08155 |||| 80.2667 
0.998382  0.0899331  17.9097  16.7604  |||| 1.0932 |||| 193.237 
0.998399  0.0891638  15.2066  12.3728  |||| 1.10557 |||| 127.635 
0.998401  0.0842918  1.63579  0.621677  |||| 1.11821 |||| 5.80231 
0.998404  0.0852745  4.76106  3.40964  |||| 1.13114 |||| 29.056 
0.998423  0.135593  15.6576  15.6462  |||| 1.14439 |||| 122.666 
0.998381  0.157196  4.12841  3.13258  |||| 1.15788 |||| 22.7402 
0.998258  0.165097  1.17023  0.198576  |||| 1.17161 |||| 1.37345 
0.941906  0.181573  4.72557  4.17671  |||| 1.14801 |||| 26.4077 
0.877312  0.181573  14.1628  16.7466  |||| 1.07844 |||| 99.4646 
0.835225  0.181594  9.19101  7.66371  |||| 1.01693 |||| 42.9169 
0.826635  0.190633  13.6131  16.2204  |||| 1.01899 |||| 85.9241 
0.826379  0.203719  0.975458  0.376985  |||| 1.03166 |||| 1.89459 
0.825222  0.215961  3.77853  3.36405  |||| 1.0435 |||| 16.0818 
0.825025  0.230183  5.22687  8.93587  |||| 1.05689 |||| 40.7309 
0.824959  0.240046  18.2696  15.9584  |||| 1.07081 |||| 69.5077 
0.824335  0.247114  13.1455  12.379  |||| 1.08436 |||| 51.6232 
0.824233  0.271912  16.1231  9.42384  |||| 1.09897 |||| 37.6954 
0.824245  0.280283  18.4138  16.2505  |||| 1.11415 |||| 62.4529 
0.824218  0.297122  0.569332  0.699755  |||| 1.12969 |||| 2.58778 
0.82356  0.310236  18.8192  13.5436  |||| 1.1448 |||| 48.2646 
0.823748  0.328734  3.06033  4.89682  |||| 1.16154 |||| 16.8382 
0.823582  0.344302  16.9258  12.6849  |||| 1.17826 |||| 42.1398 
0.823307  0.36996  12.5505  11.3826  |||| 1.19532 |||| 36.5737 
0.823114  0.384685  4.92762  3.29659  |||| 1.21301 |||| 10.2561 
0.823193  0.37776  10.4293  7.24816  |||| 1.23165 |||| 21.856 
0.823026  0.424314  6.07932  1.75157  |||| 1.25049 |||| 9.2368 
0.823063  0.443113  10.7863  8.62624  |||| 1.27024 |||| 24.5035 
0.822765  0.4644  6.64805  5.14015  |||| 1.29009 |||| 14.1897 
0.822066  0.472435  4.70502  1.39249  |||| 1.30995 |||| 7.49742 
0.821997  0.506243  7.31417  6.9341  |||| 1.3315 |||| 18.1211 
0.783876  0.514905  4.54381  4.87246  |||| 1.31067 |||| 12.4026 
0.743587  0.514905  2.70868  1.90891  |||| 1.27749 |||| 4.73603 
0.705336  0.514905  18.6792  17.1831  |||| 1.24594 |||| 41.579 
0.689001  0.514905  7.36717  5.0849  |||| 1.21592 |||| 12.7784 
0.647728  0.514905  6.86492  2.08211  |||| 1.18731 |||| 12.1218 
0.639931  0.514905  4.09057  3.88862  |||| 1.16001 |||| 8.76056 
0.604375  0.514905  5.32931  5.90738  |||| 1.13395 |||| 13.0095 
0.584847  0.514905  7.82898  6.24207  |||| 1.10902 |||| 14.6141 
0.554794  0.514905  4.60826  6.69944  |||| 1.08517 |||| 14.1193 
0.532315  0.514905  1.18164  1.22398  |||| 1.06233 |||| 2.52526 
0.516938  0.514905  17.7629  16.9068  |||| 1.04043 |||| 35.167 
0.502683  0.514912  18.6653  17.2007  |||| 1.01942 |||| 37.7154 
0.493352  0.522839  0.970251  0.322099  |||| 1.01786 |||| 2.00178 
0.492728  0.541386  0.725921  0.763217  |||| 1.03843 |||| 1.52989 
0.492092  0.557736  9.49504  12.4158  |||| 1.05989 |||| 23.1763 
0.491732  0.585121  5.39202  4.8087  |||| 1.08291 |||| 11.8745 
0.491153  0.593502  4.81555  5.08705  |||| 1.1065 |||| 10.8488 
0.490817  0.630471  5.66169  3.48934  |||| 1.13176 |||| 13.0552 
0.416926  0.666583  6.35926  6.9303  |||| 1.1562 |||| 15.0171 
0.450819  0.666582  18.0473  17.8032  |||| 1.13609 |||| 43.6701 
0.42976  0.666582  18.3364  16.4074  |||| 1.11667 |||| 45.4929 
0.420772  0.666582  18.7342  10.9785  |||| 1.0979 |||| 47.6871 
0.393344  0.666583  5.88721  5.48193  |||| 1.07975 |||| 15.3852 
0.381929  0.666583  0.778081  1.70137  |||| 1.0622 |||| 2.71112 
0.374545  0.666592  3.81777  3.80599  |||| 1.04522 |||| 10.5392 
0.355384  0.666586  11.6464  1.40596  |||| 1.02875 |||| 33.0826 
0.345847  0.666659  6.32951  5.4973  |||| 1.01291 |||| 18.5162 
0.334008  0.670025  2.20082  0.522362  |||| 1.00716 |||| 6.63631 
0.332918  0.696677  15.6787  18.618  |||| 1.03574 |||| 48.778 
0.332542  0.726606  0.18178  1.15512  |||| 1.06849 |||| 1.67707 
0.331617  0.769242  1.1348  1.39501  |||| 1.10164 |||| 3.76984 
0.331555  0.794659  4.30156  3.61706  |||| 1.14008 |||| 14.7913 
0.33121  0.834176  1.29754  0.321124  |||| 1.18031 |||| 4.62396 
0.330974  0.86432  1.30475  1.00663  |||| 1.22397 |||| 4.8251 
0.330737  0.93064  4.85555  1.92489  |||| 1.27106 |||| 18.6606 
0.330281  0.959155  0.815583  1.6756  |||| 1.32111 |||| 3.26232 
0.0550113  1  14.9018  14.2192  |||| 1.31544 |||| 62.1436 
0.0675618  1  1.02882  0.0184758  |||| 1.29801 |||| 4.48108 
0.0557069  1  5.29283  3.64143  |||| 1.28105 |||| 24.1254 
0.101617  1  16.038  15.4649  |||| 1.26452 |||| 76.6692 
0.116783  1  5.2508  4.33487  |||| 1.24841 |||| 26.3886 
0.186935  1  3.3139  4.35429  |||| 1.23271 |||| 17.5547 
0.0885253  1  16.0321  12.0725  |||| 1.21739 |||| 89.7797 
0.0527547  1  16.478  13.6634  |||| 1.20245 |||| 97.8695 
0.180046  1  12.9662  13.8699  |||| 1.18788 |||| 81.9801 
0.0303353  1  0.817343  1.641  |||| 1.17365 |||| 5.5241 
0.114636  1  18.6151  17.8417  |||| 1.15976 |||| 135.132 
0.0745909  1  0.258405  1.1436  |||| 1.1462 |||| 2.02588 
0.0462683  1  0.047508  1.22251  |||| 1.13295 |||| 1.38504 
0.107235  1  18.3588  16.393  |||| 1.12 |||| 171.348 
0.0492357  1  2.69659  5.87289  |||| 1.10734 |||| 27.8175 
0.0410834  1  1.08783  0.26185  |||| 1.09497 |||| 12.542 
0.0786247  1  0.416559  0.678863  |||| 1.08287 |||| 5.44301 
0.014242  1  10.6626  15.4381  |||| 1.07104 |||| 160.76 
0.0303578  1  4.21431  3.16161  |||| 1.05946 |||| 75.0914 
0.0318234  1  6.41221  5.8949  |||| 1.04813 |||| 139.643 
0.0289574  1  18.3282  12.4264  |||| 1.03704 |||| 513.189 
0.0126666  1  18.1949  17.7309  |||| 1.02618 |||| 713.241 
0.0110269  1  7.88174  6.01455  |||| 1.01554 |||| 514.941 
0.00488582  1.00002  8.89142  5.73335  |||| 1.00515 |||| 1742.72 
