1.16316  0.812111  1.16316  0.812111  |||| 2873.44 |||| 2873.44 
0.899426  0.67681  0.899426  0.67681  |||| 5388.7 |||| 5388.7 
1.21449  1.37656  1.21449  1.37656  |||| 166.952 |||| 166.952 
1.22501  0.916771  1.22501  0.916771  |||| 25.611 |||| 25.611 
1.56141  0.9299  1.56141  0.9299  |||| 15.8812 |||| 15.8812 
1.06971  1.05502  1.06971  1.05502  |||| 14.8471 |||| 14.8471 
0.984835  1.24949  0.984835  1.24949  |||| 15.7828 |||| 15.7828 
2.30362  0.781862  2.30362  0.781862  |||| 4.58096 |||| 4.58096 
1.59012  0.841406  1.59012  0.841406  |||| 4.77395 |||| 4.77395 
1.03425  1.1995  1.03425  1.1995  |||| 8.81648 |||| 8.81648 
0.599015  1.19335  0.599015  1.19335  |||| 7.70834 |||| 7.70834 
0.72245  1.30733  0.72245  1.30733  |||| 8.0728 |||| 8.0728 
1.1983  0.993266  1.1983  0.993266  |||| 4.37265 |||| 4.37265 
0.780767  0.906868  0.780767  0.906868  |||| 3.25617 |||| 3.25617 
0.637826  1.40124  0.637826  1.40124  |||| 6.87152 |||| 6.87152 
1.08111  1.30411  1.08111  1.30411  |||| 5.65749 |||| 5.65749 
1.57792  0.609464  1.57792  0.609464  |||| 1.42876 |||| 1.42876 
0.698246  1.46704  0.698246  1.46704  |||| 5.9576 |||| 5.9576 
1.84992  0.524767  1.84992  0.524767  |||| 1.79089 |||| 1.79089 
0.774496  1.18148  0.774496  1.18148  |||| 3.6776 |||| 3.6776 
1.93738  0.896734  1.93738  0.896734  |||| 1.97042 |||| 1.97042 
0.797985  1.43702  0.797985  1.43702  |||| 4.58467 |||| 4.58467 
0.817692  1.10233  0.817692  1.10233  |||| 2.76101 |||| 2.76101 
0.89473  0.832445  0.89473  0.832445  |||| 1.40244 |||| 1.40244 
1.99974  1.27503  1.99974  1.27503  |||| 3.2678 |||| 3.2678 
1.13209  1.31888  1.13209  1.31888  |||| 3.31163 |||| 3.31163 
0.607826  1.5476  0.607826  1.5476  |||| 4.09135 |||| 4.09135 
0.479555  1.38235  0.479555  1.38235  |||| 3.29579 |||| 3.29579 
0.987286  1.17094  0.987286  1.17094  |||| 2.38963 |||| 2.38963 
0.690993  1.23502  0.690993  1.23502  |||| 2.53108 |||| 2.53108 
1.24679  0.91209  1.24679  0.91209  |||| 1.33185 |||| 1.33185 
1.28217  0.702209  1.28217  0.702209  |||| 1.31851 |||| 1.31851 
1.189  0.98451  1.189  0.98451  |||| 1.47721 |||| 1.47721 
2.02447  0.864666  2.02447  0.864666  |||| 2.45209 |||| 2.45209 
0.853384  1.14049  0.853384  1.14049  |||| 1.85664 |||| 1.85664 
0.768054  1.42428  0.768054  1.42428  |||| 2.63142 |||| 2.63142 
1.64764  1.16751  1.64764  1.16751  |||| 1.98637 |||| 1.98637 
0.636955  1.02327  0.636955  1.02327  |||| 1.37614 |||| 1.37614 
1.64555  1.45263  1.64555  1.45263  |||| 2.49125 |||| 2.49125 
1.22823  1.17825  1.22823  1.17825  |||| 1.70777 |||| 1.70777 
2.20855  1.10434  2.20855  1.10434  |||| 3.04376 |||| 3.04376 
1.20454  1.33364  1.20454  1.33364  |||| 2.00681 |||| 2.00681 
2.16448  0.97187  2.16448  0.97187  |||| 3.0745 |||| 3.0745 
1.27105  1.29714  1.27105  1.29714  |||| 1.82392 |||| 1.82392 
1.91345  0.809608  1.91345  0.809608  |||| 2.74205 |||| 2.74205 
0.984264  1.23284  0.984264  1.23284  |||| 1.59521 |||| 1.59521 
1.10947  0.90861  1.10947  0.90861  |||| 1.37184 |||| 1.37184 
0.79051  1.41408  0.79051  1.41408  |||| 1.91543 |||| 1.91543 
1.59075  1.08077  1.59075  1.08077  |||| 2.34096 |||| 2.34096 
1.54363  0.953451  1.54363  0.953451  |||| 2.29587 |||| 2.29587 
1.4529  0.869199  1.4529  0.869199  |||| 2.16262 |||| 2.16262 
0.886774  1.11446  0.886774  1.11446  |||| 1.16747 |||| 1.16747 
1.40779  1.14  1.40779  1.14  |||| 2.1606 |||| 2.1606 
1.8896  1.03438  1.8896  1.03438  |||| 3.22251 |||| 3.22251 
0.812788  1.55881  0.812788  1.55881  |||| 1.93022 |||| 1.93022 
1.5406  0.886564  1.5406  0.886564  |||| 2.59874 |||| 2.59874 
1.25337  1.22329  1.25337  1.22329  |||| 2.01139 |||| 2.01139 
1.43567  0.769007  1.43567  0.769007  |||| 2.47909 |||| 2.47909 
0.598346  1.72966  0.598346  1.72966  |||| 2.08991 |||| 2.08991 
0.841612  1.24833  0.841612  1.24833  |||| 1.23321 |||| 1.23321 
1.58581  1.2061  1.58581  1.2061  |||| 3.03986 |||| 3.03986 
1.68439  1.29984  1.68439  1.29984  |||| 3.36976 |||| 3.36976 
0.921  1.09184  0.921  1.09184  |||| 1.46463 |||| 1.46463 
1.26271  1.54998  1.26271  1.54998  |||| 2.42222 |||| 2.42222 
0.850459  1.30216  0.850459  1.30216  |||| 1.35241 |||| 1.35241 
1.40974  1.00991  1.40974  1.00991  |||| 2.98029 |||| 2.98029 
1.04212  1.16926  1.04212  1.16926  |||| 1.99384 |||| 1.99384 
1.29851  1.86027  1.29851  1.86027  |||| 2.8283 |||| 2.8283 
0.823457  1.68675  0.823457  1.68675  |||| 1.7124 |||| 1.7124 
2.07017  1.14542  2.07017  1.14542  |||| 5.49318 |||| 5.49318 
0.810177  1.22582  0.810177  1.22582  |||| 1.49366 |||| 1.49366 
0.735531  1.18672  0.735531  1.18672  |||| 1.28939 |||| 1.28939 
0.868352  1.03598  0.868352  1.03598  |||| 1.8096 |||| 1.8096 
0.605743  1.08063  0.605743  1.08063  |||| 0.906729 |||| 0.906729 
1.01482  1.10681  1.01482  1.10681  |||| 2.51442 |||| 2.51442 
0.760958  1.04798  0.760958  1.04798  |||| 1.60161 |||| 1.60161 
1.61245  0.767465  1.61245  0.767465  |||| 5.22068 |||| 5.22068 
0.360557  1.09964  0.360557  1.09964  |||| 0.746198 |||| 0.746198 
0.796293  0.890162  0.796293  0.890162  |||| 1.98615 |||| 1.98615 
1.39296  0.740239  1.39296  0.740239  |||| 4.93539 |||| 4.93539 
1.68265  0.812353  1.68265  0.812353  |||| 6.64435 |||| 6.64435 
1.11927  1.2493  1.11927  1.2493  |||| 4.01913 |||| 4.01913 
2.10761  0.817615  2.10761  0.817615  |||| 9.78354 |||| 9.78354 
0.942137  1.14078  0.942137  1.14078  |||| 3.45424 |||| 3.45424 
2.14585  1.05286  2.14585  1.05286  |||| 11.2877 |||| 11.2877 
0.695756  1.26475  0.695756  1.26475  |||| 2.26549 |||| 2.26549 
1.11072  1.12026  1.11072  1.12026  |||| 5.44564 |||| 5.44564 
1.4092  1.07013  1.4092  1.07013  |||| 8.22137 |||| 8.22137 
1.9173  0.966355  1.9173  0.966355  |||| 13.2662 |||| 13.2662 
1.56236  0.548828  1.56236  0.548828  |||| 11.2168 |||| 11.2168 
1.04731  1.21241  1.04731  1.21241  |||| 7.08437 |||| 7.08437 
1.08796  0.892299  1.08796  0.892299  |||| 8.38649 |||| 8.38649 
0.626159  1.28592  0.626159  1.28592  |||| 3.47054 |||| 3.47054 
1.81066  1.28193  1.81066  1.28193  |||| 21.8631 |||| 21.8631 
0.929492  1.01449  0.929492  1.01449  |||| 10.1374 |||| 10.1374 
1.51545  1.12639  1.51545  1.12639  |||| 25.1509 |||| 25.1509 
1.80803  1.17939  1.80803  1.17939  |||| 40.5293 |||| 40.5293 
0.967561  1.37037  0.967561  1.37037  |||| 23.7946 |||| 23.7946 
1.67406  1.50353  1.67406  1.50353  |||| 85.8159 |||| 85.8159 
0.863094  1.22607  0.863094  1.22607  |||| 98.4973 |||| 98.4973 
1.17015  0.00104988  0.938436  0.431448  |||| 1.17002 |||| 4304.2 
0.000161583  1.01936  0.0545788  1.06645  |||| 1.01833 |||| 544.45 
1.00776  0.0055699  0.207957  1.0917  |||| 1.01279 |||| 213.773 
0.990823  0.0157165  1.46615  0.862489  |||| 1.00609 |||| 56.2822 
0.98046  0.0236515  0.232858  1.19053  |||| 1.00599 |||| 46.6284 
0.975455  0.035531  1.67336  1.18652  |||| 1.01144 |||| 33.1939 
0.977172  0.0334806  0.493589  0.607159  |||| 1.02406 |||| 13.2002 
0.975739  0.054458  1.20164  0.31227  |||| 1.03361 |||| 5.54577 
0.976036  0.061405  0.360092  0.540062  |||| 1.04523 |||| 8.12698 
0.976023  0.078469  2.20158  1.24913  |||| 1.05676 |||| 16.3085 
0.884101  0.0872481  1.75675  1.15302  |||| 0.994066 |||| 13.2818 
0.838332  0.0908138  1.01258  0.283939  |||| 0.928175 |||| 2.91845 
0.821429  0.0996202  1.02563  0.334874  |||| 0.920192 |||| 3.1159 
0.815217  0.103185  0.635348  0.531185  |||| 0.923447 |||| 4.51786 
0.793895  0.117516  0.749444  0.382329  |||| 0.913266 |||| 2.9894 
0.779771  0.125098  0.163944  0.711378  |||| 0.904195 |||| 5.15662 
0.770677  0.133654  1.28962  0.664988  |||| 0.90435 |||| 4.48746 
0.754369  0.143292  0.746115  0.767121  |||| 0.899478 |||| 4.84369 
0.740531  0.150592  1.04126  0.466647  |||| 0.890293 |||| 2.7655 
0.730753  0.158752  0.584749  0.551346  |||| 0.88945 |||| 3.08179 
0.708922  0.165902  1.00144  0.545595  |||| 0.873727 |||| 2.88472 
0.697235  0.172341  1.11366  0.729548  |||| 0.870267 |||| 3.66127 
0.682475  0.181225  0.503133  0.497365  |||| 0.862832 |||| 2.37273 
0.668883  0.187981  0.548773  0.390854  |||| 0.856698 |||| 1.77688 
0.654793  0.196005  1.07807  0.47431  |||| 0.849756 |||| 2.0614 
0.640912  0.204019  2.07768  1.0671  |||| 0.846516 |||| 4.44573 
0.635005  0.211023  0.305215  0.46749  |||| 0.846495 |||| 1.86585 
0.619492  0.218487  0.311074  0.522494  |||| 0.837201 |||| 2.00407 
0.606917  0.226104  0.227336  0.690676  |||| 0.832358 |||| 2.5504 
0.599706  0.234853  0.961499  0.461839  |||| 0.833448 |||| 1.64216 
0.587392  0.240896  0.377163  0.470674  |||| 0.828075 |||| 1.61492 
0.573361  0.248224  0.112395  1.13326  |||| 0.821194 |||| 3.76132 
0.562434  0.25509  0.152265  0.629278  |||| 0.816376 |||| 2.01864 
0.552236  0.261925  0.551801  0.349554  |||| 0.813624 |||| 1.0843 
0.540318  0.269428  0.583134  0.692924  |||| 0.809328 |||| 2.08633 
0.531152  0.276565  0.592761  0.327569  |||| 0.806818 |||| 0.955255 
0.520012  0.283829  0.345449  0.606758  |||| 0.803318 |||| 1.72062 
0.510047  0.290312  0.226287  1.1809  |||| 0.799544 |||| 3.2571 
0.499097  0.296067  0.184462  0.656995  |||| 0.795096 |||| 1.76123 
0.488681  0.303066  0.529115  0.337616  |||| 0.791366 |||| 0.879617 
0.47923  0.310545  0.244015  0.632691  |||| 0.7891 |||| 1.60787 
0.469268  0.317678  0.0162202  1.02705  |||| 0.7859 |||| 2.54557 
0.460201  0.325269  0.0414765  0.908816  |||| 0.784582 |||| 2.19662 
0.450403  0.331828  0.917019  0.384903  |||| 0.781167 |||| 1.59035 
0.441497  0.338786  0.774036  0.481831  |||| 0.779343 |||| 1.36653 
0.432582  0.345643  0.0298599  1.02917  |||| 0.777615 |||| 2.31627 
0.42449  0.354053  0.384767  0.602485  |||| 0.777448 |||| 1.32455 
0.414381  0.36027  0.878005  0.248132  |||| 0.773751 |||| 1.63869 
0.405506  0.367183  0.926097  0.645837  |||| 0.771681 |||| 1.76203 
0.395872  0.372959  0.00783629  1.03115  |||| 0.767967 |||| 2.1253 
0.388072  0.380044  0.763133  0.698823  |||| 0.76804 |||| 1.51059 
0.379109  0.386536  0.873994  0.274202  |||| 0.765764 |||| 1.76574 
0.369503  0.394565  0.764103  0.431253  |||| 0.763696 |||| 1.57619 
0.361108  0.402748  0.807097  0.61301  |||| 0.764438 |||| 1.7007 
0.35342  0.408754  0.80577  0.274428  |||| 0.761089 |||| 1.73522 
0.344802  0.415518  0.220937  0.612376  |||| 0.759253 |||| 1.11985 
0.336736  0.423403  0.452201  0.536745  |||| 0.7595 |||| 1.01845 
0.328524  0.428863  0.891632  0.676486  |||| 0.75723 |||| 2.05569 
0.320183  0.436538  0.0820467  0.768979  |||| 0.755779 |||| 1.33202 
0.312229  0.44353  0.371481  0.470586  |||| 0.755195 |||| 0.898569 
0.303748  0.450949  0.383979  0.511161  |||| 0.753713 |||| 0.952325 
0.295851  0.458076  0.757018  0.380839  |||| 0.752784 |||| 1.92661 
0.288204  0.465826  0.525185  0.45455  |||| 0.752896 |||| 1.37213 
0.280451  0.47326  0.335693  0.539077  |||| 0.752633 |||| 0.900953 
0.271097  0.481076  0.364379  0.987828  |||| 0.752715 |||| 1.5473 
0.26479  0.488263  0.295741  0.515356  |||| 0.751954 |||| 0.839695 
0.25653  0.494933  0.381907  0.661146  |||| 0.75043 |||| 1.11683 
0.249062  0.502601  0.162287  0.744159  |||| 0.750615 |||| 1.11186 
0.241598  0.51025  0.629573  0.485956  |||| 0.75122 |||| 1.95825 
0.233634  0.518191  0.187661  1.1144  |||| 0.750844 |||| 1.61645 
0.226316  0.526278  0.220177  0.639781  |||| 0.751453 |||| 0.913836 
0.218569  0.534259  0.233702  0.527331  |||| 0.751894 |||| 0.803147 
0.210868  0.542119  0.359747  0.685312  |||| 0.752154 |||| 1.28153 
0.203629  0.550388  0.0482708  0.807317  |||| 0.752968 |||| 1.10512 
0.196276  0.558708  1.29115  0.822282  |||| 0.75383 |||| 4.96154 
0.188792  0.566671  0.609298  0.353491  |||| 0.754634 |||| 2.43666 
0.181318  0.57563  0.735804  0.539279  |||| 0.755852 |||| 3.0679 
0.173977  0.584391  0.333383  0.573651  |||| 0.757213 |||| 1.45149 
0.166442  0.593113  0.771773  0.796597  |||| 0.758488 |||| 3.51724 
0.159295  0.602711  0.221546  0.663933  |||| 0.760868 |||| 1.05846 
0.151939  0.611779  0.171985  0.688618  |||| 0.762918 |||| 0.863662 
0.144463  0.621262  0.334288  0.768949  |||| 0.764565 |||| 1.77011 
0.136952  0.630802  1.83505  0.870129  |||| 0.766681 |||| 10.2756 
0.129485  0.640894  0.743241  0.25511  |||| 0.769409 |||| 4.41361 
0.122003  0.651374  1.07701  0.325706  |||| 0.772532 |||| 6.80863 
0.114841  0.661974  0.124931  0.687788  |||| 0.77572 |||| 0.843456 
0.107452  0.673407  0.0213385  1.02153  |||| 0.7798 |||| 1.18354 
0.0998156  0.684856  0.837274  0.277004  |||| 0.783802 |||| 6.56318 
0.0926074  0.696736  0.635198  1.46558  |||| 0.788201 |||| 5.41185 
0.0850976  0.709668  0.194578  0.82678  |||| 0.793677 |||| 1.81481 
0.0776011  0.722905  1.07585  0.711152  |||| 0.799366 |||| 11.0969 
0.0699649  0.737089  0.102958  0.761428  |||| 0.805967 |||| 1.1855 
0.0621404  0.752068  0.700361  0.891507  |||| 0.813281 |||| 9.14964 
0.0543229  0.768275  0.374937  0.557388  |||| 0.821751 |||| 5.65088 
0.0465123  0.785279  0.143014  0.868203  |||| 0.830881 |||| 2.54586 
0.0387465  0.805985  1.60915  0.936365  |||| 0.843697 |||| 35.0408 
0.030728  0.826675  1.56473  0.542935  |||| 0.856639 |||| 43.8086 
0.0223594  0.853141  1.0547  0.0546603  |||| 0.87442 |||| 41.3389 
0.0137949  0.887205  0.892874  0.758354  |||| 0.899952 |||| 58.3258 
0.00485293  0.936126  0.0596515  1.04276  |||| 0.939894 |||| 11.6655 
