0.310673  0.876311  1.81374  0.310673  0.876311  1.81374  |||| 18061.1 |||| 18061.1 
0.576409  1.47331  0.883531  0.576409  1.47331  0.883531  |||| 8759.06 |||| 8759.06 
0.621402  1.9025  0.480002  0.621402  1.9025  0.480002  |||| 18844.8 |||| 18844.8 
1.02561  0.515569  0.947509  1.02561  0.515569  0.947509  |||| 26.1822 |||| 26.1822 
1.05433  0.707156  0.768664  1.05433  0.707156  0.768664  |||| 24.4797 |||| 24.4797 
0.613248  0.480979  1.53866  0.613248  0.480979  1.53866  |||| 12.7157 |||| 12.7157 
0.560401  0.583205  1.44103  0.560401  0.583205  1.44103  |||| 60.3688 |||| 60.3688 
0.447224  0.434681  1.88501  0.447224  0.434681  1.88501  |||| 13.9461 |||| 13.9461 
0.723054  1.85492  0.814914  0.723054  1.85492  0.814914  |||| 12.3426 |||| 12.3426 
0.119121  1.45093  1.31738  0.119121  1.45093  1.31738  |||| 44.2828 |||| 44.2828 
0.644991  1.52025  0.085134  0.644991  1.52025  0.085134  |||| 5.76259 |||| 5.76259 
0.17714  0.306945  1.55785  0.17714  0.306945  1.55785  |||| 9.31 |||| 9.31 
0.357678  0.0180272  1.86138  0.357678  0.0180272  1.86138  |||| 18.9551 |||| 18.9551 
1.704  0.0544636  0.300334  1.704  0.0544636  0.300334  |||| 2.53534 |||| 2.53534 
1.22214  1.27654  0.854717  1.22214  1.27654  0.854717  |||| 13.121 |||| 13.121 
0.754162  0.06188  1.36042  0.754162  0.06188  1.36042  |||| 5.48137 |||| 5.48137 
1.0492  0.265897  1.32537  1.0492  0.265897  1.32537  |||| 8.0737 |||| 8.0737 
1.11339  0.793588  0.762422  1.11339  0.793588  0.762422  |||| 32.0951 |||| 32.0951 
0.442515  1.60306  0.875064  0.442515  1.60306  0.875064  |||| 69.4401 |||| 69.4401 
1.02591  0.951121  0.992657  1.02591  0.951121  0.992657  |||| 4.82646 |||| 4.82646 
1.10231  0.290048  1.10836  1.10231  0.290048  1.10836  |||| 9.21417 |||| 9.21417 
0.00411683  0.0312443  2.08347  0.00411683  0.0312443  2.08347  |||| 6.08421 |||| 6.08421 
0.560447  0.853508  1.15287  0.560447  0.853508  1.15287  |||| 16.3473 |||| 16.3473 
0.340122  0.763787  1.18524  0.340122  0.763787  1.18524  |||| 4.71916 |||| 4.71916 
1.28147  1.11839  0.880925  1.28147  1.11839  0.880925  |||| 4.56601 |||| 4.56601 
0.439675  0.331924  1.89261  0.439675  0.331924  1.89261  |||| 6.952 |||| 6.952 
0.563241  0.338539  1.87786  0.563241  0.338539  1.87786  |||| 40.53 |||| 40.53 
1.12328  0.447045  1.6632  1.12328  0.447045  1.6632  |||| 5.54816 |||| 5.54816 
0.237547  1.96355  0.569472  0.237547  1.96355  0.569472  |||| 5.78205 |||| 5.78205 
0.607011  0.345744  1.17725  0.607011  0.345744  1.17725  |||| 4.01274 |||| 4.01274 
0.0413564  0.0209384  1.86791  0.0413564  0.0209384  1.86791  |||| 15.9717 |||| 15.9717 
1.01311  1.22405  0.681938  1.01311  1.22405  0.681938  |||| 7.91089 |||| 7.91089 
0.271859  0.324825  1.30878  0.271859  0.324825  1.30878  |||| 5.03342 |||| 5.03342 
0.631096  0.0918085  1.54346  0.631096  0.0918085  1.54346  |||| 4.21049 |||| 4.21049 
1.90655  0.817081  0.0514082  1.90655  0.817081  0.0514082  |||| 4.91718 |||| 4.91718 
1.10076  0.681403  1.35207  1.10076  0.681403  1.35207  |||| 4.50455 |||| 4.50455 
0.103576  1.51874  1.41009  0.103576  1.51874  1.41009  |||| 8.98435 |||| 8.98435 
0.545452  1.61663  1.30392  0.545452  1.61663  1.30392  |||| 11.4368 |||| 11.4368 
1.43975  0.850176  1.26237  1.43975  0.850176  1.26237  |||| 14.7491 |||| 14.7491 
0.795522  0.868945  1.11322  0.795522  0.868945  1.11322  |||| 3.85993 |||| 3.85993 
0.0939011  1.39897  1.3657  0.0939011  1.39897  1.3657  |||| 5.59157 |||| 5.59157 
1.51369  0.948339  0.988961  1.51369  0.948339  0.988961  |||| 13.501 |||| 13.501 
0.539159  0.536287  1.62578  0.539159  0.536287  1.62578  |||| 32.4577 |||| 32.4577 
0.352599  0.913193  1.53684  0.352599  0.913193  1.53684  |||| 4.09358 |||| 4.09358 
0.93413  1.54289  1.27904  0.93413  1.54289  1.27904  |||| 5.92394 |||| 5.92394 
2.02772  0.821257  0.810032  2.02772  0.821257  0.810032  |||| 7.06024 |||| 7.06024 
0.013401  0.0293496  1.85778  0.013401  0.0293496  1.85778  |||| 13.6015 |||| 13.6015 
0.585145  1.44787  0.107168  0.585145  1.44787  0.107168  |||| 7.11086 |||| 7.11086 
1.75752  0.799882  0.485983  1.75752  0.799882  0.485983  |||| 5.5685 |||| 5.5685 
1.2338  0.717732  0.970169  1.2338  0.717732  0.970169  |||| 21.5592 |||| 21.5592 
0.38095  0.904037  1.52793  0.38095  0.904037  1.52793  |||| 46.3477 |||| 46.3477 
1.78669  0.0892314  1.30111  1.78669  0.0892314  1.30111  |||| 6.09053 |||| 6.09053 
0.381849  0.580487  1.83627  0.381849  0.580487  1.83627  |||| 8.62263 |||| 8.62263 
0.610303  0.970536  1.62177  0.610303  0.970536  1.62177  |||| 6.49897 |||| 6.49897 
0.0692097  0.0745097  1.9957  0.0692097  0.0745097  1.9957  |||| 15.8746 |||| 15.8746 
0.949431  1.161  1.75836  0.949431  1.161  1.75836  |||| 4.73482 |||| 4.73482 
0.00281846  0.11664  1.69777  0.00281846  0.11664  1.69777  |||| 5.39449 |||| 5.39449 
1.23382  1.11386  0.472689  1.23382  1.11386  0.472689  |||| 18.713 |||| 18.713 
1.49939  0.806473  0.0726871  1.49939  0.806473  0.0726871  |||| 6.14395 |||| 6.14395 
0.3729  1.28439  1.14547  0.3729  1.28439  1.14547  |||| 4.24776 |||| 4.24776 
1.67573  0.84867  0.513283  1.67573  0.84867  0.513283  |||| 7.27112 |||| 7.27112 
0.10121  0.102472  1.67789  0.10121  0.102472  1.67789  |||| 2.50271 |||| 2.50271 
1.33054  0.912129  0.924374  1.33054  0.912129  0.924374  |||| 6.1242 |||| 6.1242 
0.892515  1.17141  0.891104  0.892515  1.17141  0.891104  |||| 5.49811 |||| 5.49811 
0.967155  0.797811  1.2953  0.967155  0.797811  1.2953  |||| 4.73304 |||| 4.73304 
1.47965  1.80725  0.136534  1.47965  1.80725  0.136534  |||| 142.656 |||| 142.656 
0.0995585  1.07167  1.057  0.0995585  1.07167  1.057  |||| 166.012 |||| 166.012 
1.31804  0.298482  1.31646  1.31804  0.298482  1.31646  |||| 7.12643 |||| 7.12643 
0.0789664  1.07457  1.14155  0.0789664  1.07457  1.14155  |||| 5.35235 |||| 5.35235 
0.445689  1.3169  1.0811  0.445689  1.3169  1.0811  |||| 6.47722 |||| 6.47722 
0.0440124  1.78025  0.315547  0.0440124  1.78025  0.315547  |||| 2.7793 |||| 2.7793 
0.987876  0.989283  1.03575  0.987876  0.989283  1.03575  |||| 6.17003 |||| 6.17003 
1.55575  0.82539  0.331755  1.55575  0.82539  0.331755  |||| 10.1142 |||| 10.1142 
1.02932  0.423116  1.98886  1.02932  0.423116  1.98886  |||| 6.96065 |||| 6.96065 
1.19978  0.214439  0.987599  1.19978  0.214439  0.987599  |||| 16.2336 |||| 16.2336 
0.359778  0.842097  1.6245  0.359778  0.842097  1.6245  |||| 3.27929 |||| 3.27929 
0.640105  0.951103  1.81412  0.640105  0.951103  1.81412  |||| 6.47894 |||| 6.47894 
0.985045  0.364548  1.19145  0.985045  0.364548  1.19145  |||| 7.94553 |||| 7.94553 
0.409288  0.216829  2.29186  0.409288  0.216829  2.29186  |||| 13.2563 |||| 13.2563 
1.9977  0.557964  0.0406847  1.9977  0.557964  0.0406847  |||| 17.8218 |||| 17.8218 
0.502054  1.64339  0.415216  0.502054  1.64339  0.415216  |||| 4.70316 |||| 4.70316 
1.89119  0.190658  0.165285  1.89119  0.190658  0.165285  |||| 18.8083 |||| 18.8083 
1.0634  0.24955  0.764818  1.0634  0.24955  0.764818  |||| 21.4116 |||| 21.4116 
0.26649  1.27523  0.404846  0.26649  1.27523  0.404846  |||| 2.99399 |||| 2.99399 
1.02473  1.82617  0.219254  1.02473  1.82617  0.219254  |||| 12.2572 |||| 12.2572 
1.35041  0.619114  1.07986  1.35041  0.619114  1.07986  |||| 17.3287 |||| 17.3287 
1.16565  1.27973  1.06359  1.16565  1.27973  1.06359  |||| 16.1071 |||| 16.1071 
0.402472  1.84665  0.00762515  0.402472  1.84665  0.00762515  |||| 5.9959 |||| 5.9959 
1.3157  0.85872  0.411782  1.3157  0.85872  0.411782  |||| 21.4706 |||| 21.4706 
2.09703  0.0256068  0.733117  2.09703  0.0256068  0.733117  |||| 37.616 |||| 37.616 
0.0434392  0.043248  1.72181  0.0434392  0.043248  1.72181  |||| 17.7708 |||| 17.7708 
1.70269  0.100148  0.397131  1.70269  0.100148  0.397131  |||| 37.9277 |||| 37.9277 
1.26743  1.27476  0.446788  1.26743  1.27476  0.446788  |||| 32.0661 |||| 32.0661 
0.256739  1.87263  0.1855  0.256739  1.87263  0.1855  |||| 12.9351 |||| 12.9351 
1.29446  1.13835  0.371993  1.29446  1.13835  0.371993  |||| 44.9045 |||| 44.9045 
1.57404  0.204276  1.00505  1.57404  0.204276  1.00505  |||| 66.9424 |||| 66.9424 
1.48429  0.861965  0.306683  1.48429  0.861965  0.306683  |||| 81.368 |||| 81.368 
0.428434  0.261752  1.79467  0.428434  0.261752  1.79467  |||| 32.8136 |||| 32.8136 
1.34785  0.297915  0.967736  1.34785  0.297915  0.967736  |||| 173.282 |||| 173.282 
0.332632  0.833855  1.31076  0.332632  0.833855  1.31076  |||| 127.803 |||| 127.803 
1  6.88759e-05  9.93833e-05  0.513513  0.822813  0.24348  |||| 1 |||| 8228.13 
9.35869e-05  1  7.86031e-05  0.902751  0.153082  0.402005  |||| 1 |||| 9027.51 
8.92572e-05  8.29398e-05  1  0.490889  0.463193  0.737889  |||| 1 |||| 4908.89 
0.998533  0.0385007  0.0380807  0.811821  0.0313016  0.583123  |||| 1.07577 |||| 16.2439 
0.99377  0.105721  0.0352717  0.275377  0.960689  0.0352717  |||| 1.1349 |||| 10.3006 
0.988766  0.0472248  0.141816  0.996378  0.0475883  0.0736564  |||| 1.17786 |||| 1.18693 
0.979225  0.200735  0.0286995  0.59502  0.691105  0.410353  |||| 1.20885 |||| 17.2822 
0.980573  0.10093  0.168198  0.859128  0.409893  0.306409  |||| 1.24975 |||| 5.0748 
0.975055  0.190385  0.114109  0.751324  0.65847  0.0439241  |||| 1.2798 |||| 4.42446 
0.955515  0.0415268  0.292005  0.368361  0.278695  0.886927  |||| 1.28926 |||| 8.61288 
0.940323  0.339534  0.0225589  0.360872  0.886931  0.288314  |||| 1.3025 |||| 16.5898 
0.957937  0.176152  0.226554  0.843021  0.155021  0.515969  |||| 1.36075 |||| 3.09869 
0.945636  0.296083  0.134562  0.750555  0.235002  0.61761  |||| 1.37637 |||| 6.31522 
0.925639  0.084781  0.368789  0.447152  0.776165  0.444548  |||| 1.37958 |||| 12.5818 
0.916042  0.390808  0.0901952  0.000832206  0.489466  0.872022  |||| 1.39709 |||| 13.5071 
0.92102  0.161181  0.354604  0.873983  0.417077  0.249883  |||| 1.43682 |||| 3.71789 
0.92069  0.308148  0.239529  0.558187  0.199558  0.806199  |||| 1.46855 |||| 4.93949 
0.860436  0.0338339  0.508434  0.962661  0.0378536  0.268051  |||| 1.40281 |||| 1.56947 
0.84019  0.542011  0.0174711  0.388689  0.427206  0.816343  |||| 1.39971 |||| 65.3498 
0.895426  0.294465  0.333919  0.798957  0.310653  0.516429  |||| 1.52401 |||| 2.35698 
0.868849  0.461031  0.180421  0.690307  0.703496  0.169023  |||| 1.51039 |||| 2.30436 
0.84648  0.143523  0.512711  0.160953  0.223576  0.961457  |||| 1.50276 |||| 2.81799 
0.820172  0.562558  0.104149  0.522908  0.662837  0.539559  |||| 1.48704 |||| 7.70171 
0.84598  0.247383  0.472356  0.86192  0.18432  0.472356  |||| 1.56581 |||| 1.59531 
0.842271  0.44491  0.304359  0.601166  0.369053  0.708922  |||| 1.5916 |||| 3.70657 
0.763262  0.0662656  0.642682  0.522103  0.85009  0.0689857  |||| 1.47246 |||| 18.8273 
0.749538  0.658451  0.0680803  0.243321  0.609087  0.761232  |||| 1.47614 |||| 16.4967 
0.808901  0.332021  0.485223  0.402371  0.829865  0.38655  |||| 1.62621 |||| 4.0646 
0.788673  0.544659  0.285204  0.869876  0.412103  0.271528  |||| 1.61872 |||| 1.78519 
0.72876  0.124537  0.67335  0.459228  0.859231  0.225458  |||| 1.52683 |||| 10.5209 
0.734483  0.653495  0.18297  0.484585  0.431152  0.761278  |||| 1.57099 |||| 6.53604 
0.738376  0.245815  0.627993  0.764896  0.614261  0.198652  |||| 1.61242 |||| 4.02924 
0.75412  0.492323  0.43465  0.522337  0.0209804  0.852972  |||| 1.68141 |||| 3.29966 
0.628585  0.023734  0.777379  0.511461  0.366183  0.777379  |||| 1.43106 |||| 20.8971 
0.6084  0.793532  0.0125391  0.018843  0.0245768  0.999932  |||| 1.4146 |||| 112.3 
0.716978  0.477271  0.508089  0.858121  0.0928828  0.509168  |||| 1.70237 |||| 2.0375 
0.668281  0.699554  0.253032  0.131477  0.975185  0.178125  |||| 1.62095 |||| 2.25961 
0.645557  0.223295  0.73034  0.564214  0.385198  0.730426  |||| 1.5995 |||| 2.7558 
0.599948  0.789585  0.128909  0.484035  0.621269  0.616357  |||| 1.51876 |||| 7.24505 
0.651208  0.371063  0.661997  0.857314  0.488504  0.162765  |||| 1.68458 |||| 2.21771 
0.643352  0.644511  0.413163  0.0227774  0.058288  0.998249  |||| 1.70111 |||| 4.11007 
0.547637  0.101849  0.830494  0.705729  0.13125  0.696219  |||| 1.48012 |||| 1.90741 
0.522541  0.84963  0.0712673  0.665026  0.381965  0.641816  |||| 1.44426 |||| 12.8738 
0.607647  0.468182  0.641538  0.676823  0.361074  0.641557  |||| 1.71747 |||| 1.91281 
0.577374  0.733652  0.35832  0.963015  0.0960596  0.256182  |||| 1.66952 |||| 2.78401 
0.516859  0.173901  0.838221  0.291912  0.27794  0.91517  |||| 1.52917 |||| 2.44304 
0.51438  0.831  0.211784  0.907931  0.189633  0.373766  |||| 1.55723 |||| 2.74853 
0.529475  0.329839  0.781577  0.618859  0.0784324  0.781577  |||| 1.64114 |||| 1.91787 
0.543618  0.646305  0.535508  0.627782  0.746367  0.227819  |||| 1.72556 |||| 1.99271 
0.422074  0.0444017  0.905473  0.111932  0.409377  0.905473  |||| 1.3721 |||| 12.6137 
0.410031  0.910974  0.0447307  0.872871  0.0994341  0.477716  |||| 1.36583 |||| 14.5636 
0.50375  0.55113  0.665201  0.554331  0.500225  0.665201  |||| 1.7202 |||| 1.89261 
0.46403  0.816068  0.344542  0.909927  0.27736  0.308391  |||| 1.62472 |||| 3.18556 
0.424834  0.223433  0.877265  0.5431  0.285633  0.791659  |||| 1.52574 |||| 1.95036 
0.402954  0.896124  0.185985  0.304726  0.465353  0.831187  |||| 1.48509 |||| 6.63697 
0.433117  0.395343  0.810009  0.562445  0.0841225  0.822544  |||| 1.63873 |||| 2.12796 
0.435711  0.727058  0.530606  0.480099  0.801128  0.35748  |||| 1.69355 |||| 1.8659 
0.339668  0.0794186  0.937186  0.260182  0.239335  0.949787  |||| 1.35634 |||| 4.08699 
0.337791  0.934203  0.114728  0.33803  0.934864  0.114809  |||| 1.38675 |||| 1.38774 
0.394026  0.495773  0.77392  0.8348  0.173485  0.526539  |||| 1.66408 |||| 3.52534 
0.376815  0.807853  0.453194  0.0262737  0.199178  0.979611  |||| 1.6379 |||| 3.54044 
0.31369  0.153245  0.937078  0.267765  0.224026  0.937078  |||| 1.40411 |||| 2.05137 
0.326653  0.903752  0.27664  0.927527  0.251325  0.27664  |||| 1.50717 |||| 4.27826 
0.32237  0.321868  0.890213  0.0293359  0.0503543  0.998523  |||| 1.53491 |||| 1.72166 
0.34002  0.685464  0.643837  0.697394  0.706263  0.124462  |||| 1.66955 |||| 3.42286 
0.24224  0.0114226  0.970149  0.656339  0.0309492  0.754246  |||| 1.22779 |||| 3.32664 
0.231331  0.972848  0.00727517  0.634321  0.0887623  0.767957  |||| 1.21185 |||| 121.491 
0.304616  0.66286  0.683978  0.674865  0.277005  0.683978  |||| 1.65175 |||| 3.6567 
0.266138  0.910567  0.316289  0.271854  0.930122  0.247027  |||| 1.49301 |||| 1.52508 
0.252266  0.294431  0.921777  0.308488  0.339161  0.88871  |||| 1.46906 |||| 1.79343 
0.220988  0.964062  0.147478  0.59053  0.662903  0.460794  |||| 1.33279 |||| 4.15912 
0.251342  0.485694  0.837215  0.377152  0.00531141  0.926136  |||| 1.57435 |||| 2.36234 
0.242073  0.824508  0.511456  0.165466  0.563583  0.813099  |||| 1.57839 |||| 2.50929 
0.190633  0.128992  0.97315  0.0154537  0.111662  0.994181  |||| 1.29301 |||| 1.32096 
0.173915  0.981963  0.0741804  0.0136395  0.859926  0.515031  |||| 1.23024 |||| 8.53167 
0.214321  0.587767  0.780126  0.249501  0.573718  0.780126  |||| 1.58223 |||| 1.84182 
0.194208  0.887373  0.418153  0.636931  0.647662  0.418153  |||| 1.49982 |||| 4.91755 
0.16543  0.211005  0.963385  0.054382  0.0268986  0.998808  |||| 1.34007 |||| 1.38935 
0.158984  0.959428  0.232854  0.60302  0.780618  0.169065  |||| 1.35144 |||| 5.12084 
0.163584  0.39584  0.903632  0.163642  0.39598  0.903952  |||| 1.46341 |||| 1.46393 
0.164435  0.76918  0.617514  0.536754  0.817754  0.207781  |||| 1.55138 |||| 5.05661 
0.117057  0.0570537  0.991485  0.399762  0.904124  0.15083  |||| 1.1659 |||| 18.3777 
0.107784  0.993356  0.0403351  0.547281  0.481679  0.684448  |||| 1.14186 |||| 19.3545 
0.136435  0.643832  0.752905  0.0578313  0.272905  0.960409  |||| 1.53327 |||| 1.95571 
0.117649  0.919942  0.373987  0.126433  0.988622  0.096256  |||| 1.41168 |||| 1.51707 
0.102253  0.256648  0.961081  0.566152  0.498949  0.656173  |||| 1.32071 |||| 7.28021 
0.0907334  0.977238  0.191762  0.50409  0.846304  0.172228  |||| 1.26 |||| 6.98247 
0.0947916  0.449206  0.888385  0.0253072  0.119928  0.99246  |||| 1.43334 |||| 1.60126 
0.090392  0.813378  0.57467  0.0387472  0.34866  0.93792  |||| 1.47858 |||| 2.4127 
0.063799  0.0932983  0.993592  0.562686  0.82286  0.0930215  |||| 1.15109 |||| 10.1396 
0.0580599  0.991999  0.112104  0.28703  0.899858  0.328434  |||| 1.16253 |||| 5.71425 
0.0633986  0.551074  0.832044  0.572648  0.435008  0.696527  |||| 1.44804 |||| 12.777 
0.0555529  0.877754  0.47588  0.0624571  0.986843  0.151503  |||| 1.40922 |||| 1.58436 
0.0393875  0.171525  0.984392  0.707294  0.279449  0.649675  |||| 1.19678 |||| 20.7502 
0.036682  0.959029  0.280922  0.29127  0.576805  0.763189  |||| 1.27668 |||| 10.1261 
0.029782  0.352054  0.935506  0.941629  0.211444  0.261965  |||| 1.31853 |||| 40.1183 
0.0261155  0.739197  0.672983  0.512937  0.391001  0.764208  |||| 1.43839 |||| 28.1725 
0.0133054  0.0239574  0.999624  0.791078  0.575777  0.21039  |||| 1.03707 |||| 60.9896 
0.00785396  0.999682  0.0239599  0.813138  0.581578  0.0239599  |||| 1.03168 |||| 104.758 
0.00344655  0.673223  0.739431  0.795363  0.171747  0.581446  |||| 1.41632 |||| 308.202 
