1.3138  4.18269  1.3138  4.18269  |||| 23361.3 |||| 23361.3 
2.03309  3.04927  2.03309  3.04927  |||| 10507.8 |||| 10507.8 
1.43731  4.20015  1.43731  4.20015  |||| 461.302 |||| 461.302 
2.00013  2.81407  2.00013  2.81407  |||| 63.21 |||| 63.21 
2.47759  2.33895  2.47759  2.33895  |||| 19.3013 |||| 19.3013 
1.7997  3.55631  1.7997  3.55631  |||| 47.8729 |||| 47.8729 
1.76096  3.95271  1.76096  3.95271  |||| 45.8672 |||| 45.8672 
1.72411  3.50241  1.72411  3.50241  |||| 29.5042 |||| 29.5042 
1.93787  3.50211  1.93787  3.50211  |||| 24.9605 |||| 24.9605 
2.11421  3.15306  2.11421  3.15306  |||| 17.0715 |||| 17.0715 
2.12702  2.55988  2.12702  2.55988  |||| 8.22409 |||| 8.22409 
1.94881  3.39026  1.94881  3.39026  |||| 15.9244 |||| 15.9244 
1.24423  4.16011  1.24423  4.16011  |||| 21.5931 |||| 21.5931 
1.8612  3.5725  1.8612  3.5725  |||| 14.7079 |||| 14.7079 
2.40059  1.90313  2.40059  1.90313  |||| 1.62563 |||| 1.62563 
1.98931  3.49494  1.98931  3.49494  |||| 11.966 |||| 11.966 
2.24542  2.30467  2.24542  2.30467  |||| 3.09618 |||| 3.09618 
2.41533  2.40129  2.41533  2.40129  |||| 3.50728 |||| 3.50728 
1.66874  3.85596  1.66874  3.85596  |||| 11.9346 |||| 11.9346 
2.24141  2.705  2.24141  2.705  |||| 4.80726 |||| 4.80726 
1.88491  3.44809  1.88491  3.44809  |||| 8.48374 |||| 8.48374 
1.60702  3.89487  1.60702  3.89487  |||| 10.294 |||| 10.294 
2.27762  2.62624  2.27762  2.62624  |||| 3.72721 |||| 3.72721 
1.9081  3.81722  1.9081  3.81722  |||| 8.98249 |||| 8.98249 
1.94426  3.39479  1.94426  3.39479  |||| 6.74338 |||| 6.74338 
1.94389  3.39536  1.94389  3.39536  |||| 6.45881 |||| 6.45881 
1.6839  3.79333  1.6839  3.79333  |||| 7.78704 |||| 7.78704 
1.88659  3.07061  1.88659  3.07061  |||| 4.70417 |||| 4.70417 
2.17451  2.77353  2.17451  2.77353  |||| 3.42801 |||| 3.42801 
2.05531  3.29094  2.05531  3.29094  |||| 5.14723 |||| 5.14723 
1.36481  4.27626  1.36481  4.27626  |||| 8.35475 |||| 8.35475 
2.21607  2.54019  2.21607  2.54019  |||| 2.30423 |||| 2.30423 
2.42228  1.96046  2.42228  1.96046  |||| 2.09063 |||| 2.09063 
2.01975  2.90766  2.01975  2.90766  |||| 3.30119 |||| 3.30119 
1.41274  4.22904  1.41274  4.22904  |||| 7.18406 |||| 7.18406 
0.98231  4.29629  0.98231  4.29629  |||| 7.16634 |||| 7.16634 
2.03486  3.23733  2.03486  3.23733  |||| 3.95058 |||| 3.95058 
1.91392  3.45236  1.91392  3.45236  |||| 4.4329 |||| 4.4329 
2.11143  2.69754  2.11143  2.69754  |||| 2.28481 |||| 2.28481 
2.3118  2.06942  2.3118  2.06942  |||| 2.15355 |||| 2.15355 
2.07121  2.95716  2.07121  2.95716  |||| 2.82697 |||| 2.82697 
1.4858  3.87484  1.4858  3.87484  |||| 5.03218 |||| 5.03218 
1.82197  3.70345  1.82197  3.70345  |||| 4.4932 |||| 4.4932 
1.79947  3.66609  1.79947  3.66609  |||| 4.29672 |||| 4.29672 
1.44229  4.18567  1.44229  4.18567  |||| 5.39371 |||| 5.39371 
2.12771  2.61828  2.12771  2.61828  |||| 2.05961 |||| 2.05961 
1.58807  3.72581  1.58807  3.72581  |||| 4.13857 |||| 4.13857 
1.96579  3.41059  1.96579  3.41059  |||| 3.36865 |||| 3.36865 
1.96022  3.30371  1.96022  3.30371  |||| 3.07098 |||| 3.07098 
1.83411  3.89454  1.83411  3.89454  |||| 4.22529 |||| 4.22529 
2.2318  2.35249  2.2318  2.35249  |||| 2.47374 |||| 2.47374 
2.37931  2.18636  2.37931  2.18636  |||| 2.8228 |||| 2.8228 
1.50441  3.97176  1.50441  3.97176  |||| 4.12414 |||| 4.12414 
2.18234  2.77357  2.18234  2.77357  |||| 2.5291 |||| 2.5291 
1.97683  3.55782  1.97683  3.55782  |||| 3.19435 |||| 3.19435 
1.95117  2.85144  1.95117  2.85144  |||| 2.13366 |||| 2.13366 
1.8331  3.64108  1.8331  3.64108  |||| 3.22684 |||| 3.22684 
1.34499  4.04169  1.34499  4.04169  |||| 3.87608 |||| 3.87608 
1.898  3.30865  1.898  3.30865  |||| 2.536 |||| 2.536 
2.46271  2.3667  2.46271  2.3667  |||| 3.58221 |||| 3.58221 
2.32097  2.67705  2.32097  2.67705  |||| 3.32122 |||| 3.32122 
1.80965  3.2961  1.80965  3.2961  |||| 2.38747 |||| 2.38747 
1.44033  3.83494  1.44033  3.83494  |||| 3.22084 |||| 3.22084 
1.92741  3.6121  1.92741  3.6121  |||| 2.81338 |||| 2.81338 
1.88855  3.45401  1.88855  3.45401  |||| 2.52047 |||| 2.52047 
1.9466  3.53515  1.9466  3.53515  |||| 2.73915 |||| 2.73915 
1.57949  3.68987  1.57949  3.68987  |||| 2.80067 |||| 2.80067 
1.75646  3.85063  1.75646  3.85063  |||| 2.99845 |||| 2.99845 
1.0906  4.02721  1.0906  4.02721  |||| 3.21357 |||| 3.21357 
1.97447  3.2101  1.97447  3.2101  |||| 3.18794 |||| 3.18794 
1.71679  3.82763  1.71679  3.82763  |||| 2.83421 |||| 2.83421 
1.68662  3.9293  1.68662  3.9293  |||| 2.93681 |||| 2.93681 
2.17735  2.97309  2.17735  2.97309  |||| 4.2587 |||| 4.2587 
2.13388  2.8817  2.13388  2.8817  |||| 4.25864 |||| 4.25864 
1.59919  4.00761  1.59919  4.00761  |||| 2.92114 |||| 2.92114 
1.88463  3.60234  1.88463  3.60234  |||| 3.60926 |||| 3.60926 
1.88975  3.39767  1.88975  3.39767  |||| 3.7842 |||| 3.7842 
2.13253  2.8854  2.13253  2.8854  |||| 5.00984 |||| 5.00984 
2.10172  3.21289  2.10172  3.21289  |||| 5.1024 |||| 5.1024 
2.24953  2.45183  2.24953  2.45183  |||| 6.05793 |||| 6.05793 
1.83736  3.67744  1.83736  3.67744  |||| 4.29714 |||| 4.29714 
1.86933  3.23509  1.86933  3.23509  |||| 4.69879 |||| 4.69879 
2.16668  2.66372  2.16668  2.66372  |||| 6.63249 |||| 6.63249 
2.12552  2.68008  2.12552  2.68008  |||| 6.78996 |||| 6.78996 
2.16236  3.25468  2.16236  3.25468  |||| 7.46099 |||| 7.46099 
2.20774  2.55919  2.20774  2.55919  |||| 8.28224 |||| 8.28224 
2.4175  2.10233  2.4175  2.10233  |||| 10.4184 |||| 10.4184 
2.02854  2.66245  2.02854  2.66245  |||| 8.20247 |||| 8.20247 
2.02372  3.31575  2.02372  3.31575  |||| 8.87461 |||| 8.87461 
2.10021  3.37897  2.10021  3.37897  |||| 10.4337 |||| 10.4337 
2.20617  2.44215  2.20617  2.44215  |||| 12.6251 |||| 12.6251 
1.76079  3.4583  1.76079  3.4583  |||| 8.97543 |||| 8.97543 
1.67397  3.80106  1.67397  3.80106  |||| 9.03772 |||| 9.03772 
1.87143  3.44084  1.87143  3.44084  |||| 13.4052 |||| 13.4052 
2.42368  1.84657  2.42368  1.84657  |||| 25.6826 |||| 25.6826 
2.22961  2.87873  2.22961  2.87873  |||| 27.1635 |||| 27.1635 
1.82993  3.42594  1.82993  3.42594  |||| 23.7333 |||| 23.7333 
1.28347  4.11921  1.28347  4.11921  |||| 11.8055 |||| 11.8055 
1.88292  3.41626  1.88292  3.41626  |||| 58.8399 |||| 58.8399 
1.93535  3.10616  1.93535  3.10616  |||| 186.796 |||| 186.796 
2.05  0.0554637  1.77132  2.08673  |||| 1.89804 |||| 20312.6 
0.151977  4.0448  1.80122  1.98206  |||| 3.98933 |||| 16492.7 
2.04999  0.0649554  1.99735  0.961751  |||| 1.90776 |||| 177.632 
2.04993  0.0843709  1.89404  1.59857  |||| 1.92747 |||| 100.816 
2.04981  0.104902  1.75251  2.149  |||| 1.94753 |||| 82.0667 
2.04964  0.125721  1.45656  2.89365  |||| 1.96797 |||| 79.4692 
2.04941  0.146775  1.32189  3.13694  |||| 1.98878 |||| 67.1076 
2.04913  0.168227  1.75538  2.14045  |||| 2.00997 |||| 37.1507 
2.04877  0.190158  1.98129  1.08949  |||| 2.03156 |||| 15.5899 
2.04835  0.212606  1.9397  1.37251  |||| 2.05355 |||| 17.2093 
2.04785  0.235504  1.52277  2.75625  |||| 2.07595 |||| 31.1385 
2.04727  0.2589  1.67308  2.38718  |||| 2.09876 |||| 24.0535 
2.04661  0.28281  2.03033  0.628068  |||| 2.12201 |||| 5.3443 
2.04586  0.307237  2.04688  0.273534  |||| 2.14569 |||| 2.14684 
2.04502  0.332222  1.93949  1.36124  |||| 2.16982 |||| 10.2373 
2.04407  0.357737  1.79262  2.02178  |||| 2.1944 |||| 14.274 
2.04302  0.383815  1.91882  1.50901  |||| 2.21945 |||| 9.82397 
2.04186  0.410488  1.29012  3.18822  |||| 2.24497 |||| 19.8071 
2.04058  0.437807  1.78502  2.0443  |||| 2.27098 |||| 11.8125 
2.03917  0.465708  1.88291  1.65056  |||| 2.29747 |||| 8.93256 
2.03763  0.494216  1.84578  1.81171  |||| 2.32448 |||| 9.30334 
2.03594  0.523445  1.9721  1.1672  |||| 2.35198 |||| 5.58718 
2.0341  0.553316  1.7421  2.18617  |||| 2.38 |||| 10.1858 
2.03211  0.583863  1.94744  1.32872  |||| 2.40856 |||| 5.80368 
2.02994  0.61512  1.86381  1.73535  |||| 2.43764 |||| 7.31683 
2.02759  0.647097  1.88878  1.62814  |||| 2.46728 |||| 6.55841 
2.02505  0.679815  1.68241  2.36213  |||| 2.49746 |||| 9.22667 
2.02231  0.713302  1.5941  2.59225  |||| 2.5282 |||| 9.74922 
2.01935  0.747565  1.76167  2.11901  |||| 2.5595 |||| 7.63122 
2.01617  0.782614  1.75243  2.14927  |||| 2.59138 |||| 7.46158 
2.01274  0.818508  1.79942  1.98857  |||| 2.62383 |||| 6.64719 
2.00906  0.85522  1.81819  1.91924  |||| 2.65687 |||| 6.19155 
2.0051  0.892774  1.11626  3.43413  |||| 2.69049 |||| 10.8561 
2.00086  0.931253  1.67409  2.38439  |||| 2.7247 |||| 7.24555 
1.99631  0.970582  1.94965  1.30111  |||| 2.75949 |||| 3.75611 
1.99144  1.01085  1.87523  1.70577  |||| 2.79487 |||| 4.82775 
1.98623  1.05202  2.01916  0.749688  |||| 2.83085 |||| 2.88167 
1.98066  1.09415  1.47134  2.86411  |||| 2.8674 |||| 7.75344 
1.9747  1.13725  1.95962  1.2389  |||| 2.90453 |||| 3.17746 
1.96834  1.18132  1.17647  3.35518  |||| 2.94224 |||| 8.62327 
1.96156  1.22636  1.21412  3.30259  |||| 2.98051 |||| 8.26541 
1.95432  1.27242  1.30124  3.17052  |||| 3.01933 |||| 7.7285 
1.9466  1.3195  0.607752  3.89131  |||| 3.05869 |||| 9.28181 
1.93838  1.36759  1.78634  2.03509  |||| 3.09858 |||| 4.67477 
1.92963  1.41672  0.810665  3.75036  |||| 3.13895 |||| 8.52001 
1.92032  1.46691  1.43388  2.93782  |||| 3.17981 |||| 6.49357 
1.91042  1.5181  1.7965  1.99909  |||| 3.22112 |||| 4.28035 
1.8999  1.57033  1.88046  1.66173  |||| 3.26283 |||| 3.45966 
1.88874  1.6236  1.93758  1.3722  |||| 3.30493 |||| 3.39788 
1.87688  1.6779  1.79282  2.01221  |||| 3.34737 |||| 4.03708 
1.86431  1.73321  1.80481  1.9769  |||| 3.3901 |||| 3.88249 
1.85098  1.78952  2.04135  0.42154  |||| 3.43307 |||| 3.81775 
1.83687  1.84677  1.65484  2.43704  |||| 3.47624 |||| 4.62168 
1.82193  1.905  1.44017  2.92571  |||| 3.51951 |||| 5.46183 
1.80614  1.96413  1.53125  2.73767  |||| 3.56285 |||| 5.00679 
1.78946  2.02413  1.762  2.11791  |||| 3.60617 |||| 3.77794 
1.77184  2.08495  1.87076  1.70509  |||| 3.64939 |||| 3.87224 
1.75326  2.14658  1.3537  3.08495  |||| 3.69242 |||| 5.34936 
1.73369  2.20889  1.79382  2.00867  |||| 3.73517 |||| 3.87717 
1.71308  2.27187  1.79544  2.00407  |||| 3.77753 |||| 3.97681 
1.69141  2.33541  1.30964  3.15696  |||| 3.8194 |||| 5.19567 
1.66865  2.39943  1.86016  1.75097  |||| 3.86068 |||| 4.34815 
1.64477  2.46388  1.83059  1.87687  |||| 3.90124 |||| 4.38682 
1.61976  2.5286  1.21218  3.30536  |||| 3.94094 |||| 5.1787 
1.59357  2.59353  1.77058  2.09051  |||| 3.97968 |||| 4.46831 
1.56621  2.65852  1.48589  2.8344  |||| 4.01732 |||| 4.28875 
1.53768  2.72344  1.13455  3.4108  |||| 4.05374 |||| 5.09803 
1.50791  2.78824  1.90491  1.55638  |||| 4.08873 |||| 5.28583 
1.47697  2.85269  1.62311  2.52009  |||| 4.12224 |||| 4.5769 
1.44482  2.91668  1.48997  2.82596  |||| 4.15413 |||| 4.29919 
1.41149  2.98009  1.73702  2.19846  |||| 4.1842 |||| 5.26563 
1.37697  3.04276  1.82305  1.90072  |||| 4.21232 |||| 5.74622 
1.3413  3.10454  1.91799  1.47915  |||| 4.23844 |||| 6.2935 
1.30453  3.16523  1.53512  2.72911  |||| 4.26233 |||| 5.11511 
1.26666  3.22473  1.92067  1.46507  |||| 4.28398 |||| 6.79739 
1.22776  3.28289  1.78566  2.04535  |||| 4.30323 |||| 6.53481 
1.18788  3.33952  1.48079  2.84488  |||| 4.31999 |||| 5.54152 
1.14703  3.39456  1.97269  1.15138  |||| 4.3342 |||| 7.93029 
1.10533  3.44781  1.59401  2.59368  |||| 4.34575 |||| 6.57307 
1.06286  3.49912  1.53233  2.74419  |||| 4.35456 |||| 6.59886 
1.01961  3.54849  1.76656  2.10272  |||| 4.36072 |||| 8.1144 
0.975785  3.59566  1.73929  2.19132  |||| 4.36404 |||| 8.40853 
0.931319  3.6407  1.91308  1.5127  |||| 4.36463 |||| 9.86227 
0.886402  3.68342  1.80026  1.98555  |||| 4.36245 |||| 9.78993 
0.841149  3.72374  0.800266  3.76238  |||| 4.35747 |||| 4.40337 
0.795552  3.76169  1.92804  1.42546  |||| 4.34982 |||| 12.0039 
0.749753  3.79718  1.19068  3.33564  |||| 4.33954 |||| 7.54032 
0.703833  3.83021  1.2142  3.30247  |||| 4.32669 |||| 8.32797 
0.657871  3.86077  1.31933  3.14114  |||| 4.31125 |||| 9.94806 
0.611928  3.88887  0.644069  3.86947  |||| 4.29342 |||| 4.59302 
0.566145  3.9145  1.83347  1.86024  |||| 4.27329 |||| 17.3461 
0.520652  3.93767  1.68829  2.35138  |||| 4.25091 |||| 17.7129 
0.475368  3.95848  0.963227  3.61236  |||| 4.22648 |||| 10.6006 
0.430297  3.97702  1.49414  2.81729  |||| 4.20014 |||| 20.2359 
0.386081  3.99312  1.93056  1.41597  |||| 4.17179 |||| 31.6915 
0.342134  4.0071  1.78458  2.04123  |||| 4.14182 |||| 35.5547 
0.298683  4.01896  1.20587  3.31433  |||| 4.11029 |||| 29.5096 
0.255802  4.02877  1.81715  1.92316  |||| 4.07732 |||| 65.2755 
0.213487  4.03661  1.97848  1.11012  |||| 4.04303 |||| 119.333 
0.172149  4.04253  1.33136  3.12124  |||| 4.00752 |||| 231.162 
