1.43044  1.13348  6.55391  1.43044  1.13348  6.55391  |||| 54459.3 |||| 54459.3 
1.47588  3.50784  4.81071  1.47588  3.50784  4.81071  |||| 37027.4 |||| 37027.4 
0.576826  0.773304  6.55176  0.576826  0.773304  6.55176  |||| 907.456 |||| 907.456 
1.16344  4.32661  3.6087  1.16344  4.32661  3.6087  |||| 101.512 |||| 101.512 
1.04014  1.26384  6.46871  1.04014  1.26384  6.46871  |||| 172.435 |||| 172.435 
2.09534  2.05413  4.75537  2.09534  2.05413  4.75537  |||| 34.174 |||| 34.174 
1.13809  1.3922  6.52899  1.13809  1.3922  6.52899  |||| 228.309 |||| 228.309 
0.921872  0.950529  6.82646  0.921872  0.950529  6.82646  |||| 42.4797 |||| 42.4797 
1.3701  1.68569  5.56675  1.3701  1.68569  5.56675  |||| 49.9331 |||| 49.9331 
2.08137  3.52483  2.95055  2.08137  3.52483  2.95055  |||| 87.8384 |||| 87.8384 
1.66983  2.56881  3.34688  1.66983  2.56881  3.34688  |||| 128.829 |||| 128.829 
0.822165  0.968188  6.76981  0.822165  0.968188  6.76981  |||| 34.0026 |||| 34.0026 
0.987352  3.6659  5.16552  0.987352  3.6659  5.16552  |||| 41.4895 |||| 41.4895 
0.871912  1.12717  6.82642  0.871912  1.12717  6.82642  |||| 21.3918 |||| 21.3918 
0.688582  0.691569  6.58707  0.688582  0.691569  6.58707  |||| 84.8682 |||| 84.8682 
1.99777  2.55471  4.69693  1.99777  2.55471  4.69693  |||| 16.6886 |||| 16.6886 
1.42881  2.66865  5.26924  1.42881  2.66865  5.26924  |||| 25.4956 |||| 25.4956 
0.92563  4.20824  3.36582  0.92563  4.20824  3.36582  |||| 145.903 |||| 145.903 
1.98846  3.13236  3.46363  1.98846  3.13236  3.46363  |||| 188.575 |||| 188.575 
1.84452  3.98681  2.92179  1.84452  3.98681  2.92179  |||| 17.0913 |||| 17.0913 
1.26241  1.44928  6.37811  1.26241  1.44928  6.37811  |||| 44.116 |||| 44.116 
0.73681  0.997746  6.62347  0.73681  0.997746  6.62347  |||| 16.1657 |||| 16.1657 
0.82457  1.02027  6.80413  0.82457  1.02027  6.80413  |||| 81.3075 |||| 81.3075 
0.741225  0.682558  6.6024  0.741225  0.682558  6.6024  |||| 18.2122 |||| 18.2122 
1.85066  2.47006  5.3386  1.85066  2.47006  5.3386  |||| 22.1197 |||| 22.1197 
0.918376  0.91642  6.79638  0.918376  0.91642  6.79638  |||| 13.0328 |||| 13.0328 
2.30548  2.68073  4.15545  2.30548  2.68073  4.15545  |||| 66.0422 |||| 66.0422 
1.76731  2.58207  5.73139  1.76731  2.58207  5.73139  |||| 15.494 |||| 15.494 
1.35186  3.81043  3.29785  1.35186  3.81043  3.29785  |||| 12.4249 |||| 12.4249 
1.90977  4.11361  2.26169  1.90977  4.11361  2.26169  |||| 42.0117 |||| 42.0117 
1.0253  0.932651  6.37878  1.0253  0.932651  6.37878  |||| 45.2531 |||| 45.2531 
1.70192  1.79185  5.73578  1.70192  1.79185  5.73578  |||| 11.8785 |||| 11.8785 
1.27734  2.90707  4.61297  1.27734  2.90707  4.61297  |||| 13.5588 |||| 13.5588 
1.07001  1.02744  6.6271  1.07001  1.02744  6.6271  |||| 19.6814 |||| 19.6814 
0.721694  3.81266  4.03977  0.721694  3.81266  4.03977  |||| 329.265 |||| 329.265 
1.47955  4.54641  1.57779  1.47955  4.54641  1.57779  |||| 13.7811 |||| 13.7811 
0.75716  1.03738  6.28085  0.75716  1.03738  6.28085  |||| 33.138 |||| 33.138 
1.92344  3.84017  3.28129  1.92344  3.84017  3.28129  |||| 22.5904 |||| 22.5904 
1.52259  3.63615  3.32678  1.52259  3.63615  3.32678  |||| 26.0813 |||| 26.0813 
2.15336  3.12585  3.1545  2.15336  3.12585  3.1545  |||| 11.0833 |||| 11.0833 
2.32914  2.55105  2.739  2.32914  2.55105  2.739  |||| 6.71541 |||| 6.71541 
1.23056  2.96737  4.95306  1.23056  2.96737  4.95306  |||| 33.158 |||| 33.158 
1.32786  2.49682  6.11383  1.32786  2.49682  6.11383  |||| 100.41 |||| 100.41 
1.70361  3.399  4.67284  1.70361  3.399  4.67284  |||| 9.96494 |||| 9.96494 
0.884431  0.735075  6.58425  0.884431  0.735075  6.58425  |||| 25.5157 |||| 25.5157 
0.868934  4.05707  4.22069  0.868934  4.05707  4.22069  |||| 29.6613 |||| 29.6613 
1.36706  2.28633  5.96515  1.36706  2.28633  5.96515  |||| 35.7077 |||| 35.7077 
1.41777  1.63324  6.58949  1.41777  1.63324  6.58949  |||| 11.51 |||| 11.51 
2.58983  1.8134  3.2693  2.58983  1.8134  3.2693  |||| 6.96437 |||| 6.96437 
1.60651  1.75098  6.01186  1.60651  1.75098  6.01186  |||| 32.92 |||| 32.92 
2.65056  1.28408  2.61048  2.65056  1.28408  2.61048  |||| 45.8053 |||| 45.8053 
0.821512  1.00939  6.79474  0.821512  1.00939  6.79474  |||| 14.7059 |||| 14.7059 
0.926856  3.87444  4.35149  0.926856  3.87444  4.35149  |||| 15.2942 |||| 15.2942 
1.30815  1.34589  6.57904  1.30815  1.34589  6.57904  |||| 9.5153 |||| 9.5153 
1.58872  2.08697  5.80862  1.58872  2.08697  5.80862  |||| 37.5343 |||| 37.5343 
1.04682  1.01063  6.82282  1.04682  1.01063  6.82282  |||| 11.5617 |||| 11.5617 
0.869898  2.03008  6.56529  0.869898  2.03008  6.56529  |||| 17.4183 |||| 17.4183 
0.675455  1.19963  6.60406  0.675455  1.19963  6.60406  |||| 8.82983 |||| 8.82983 
1.45718  1.16353  6.47173  1.45718  1.16353  6.47173  |||| 64.8321 |||| 64.8321 
2.70257  2.71973  1.10797  2.70257  2.71973  1.10797  |||| 8.97695 |||| 8.97695 
1.54294  1.55314  6.10047  1.54294  1.55314  6.10047  |||| 18.0435 |||| 18.0435 
2.06324  2.24445  3.98621  2.06324  2.24445  3.98621  |||| 14.302 |||| 14.302 
0.860149  2.48497  5.97775  0.860149  2.48497  5.97775  |||| 26.5293 |||| 26.5293 
0.725319  1.38912  6.6058  0.725319  1.38912  6.6058  |||| 9.4794 |||| 9.4794 
1.53661  3.24316  4.51032  1.53661  3.24316  4.51032  |||| 8.82153 |||| 8.82153 
2.34666  2.85276  2.04772  2.34666  2.85276  2.04772  |||| 173.032 |||| 173.032 
2.35084  1.76366  4.1387  2.35084  1.76366  4.1387  |||| 479.464 |||| 479.464 
1.33001  2.30918  6.04605  1.33001  2.30918  6.04605  |||| 11.925 |||| 11.925 
1.69434  2.03284  5.6118  1.69434  2.03284  5.6118  |||| 21.259 |||| 21.259 
1.46821  1.47324  6.11603  1.46821  1.47324  6.11603  |||| 7.98147 |||| 7.98147 
2.27587  3.45647  1.47282  2.27587  3.45647  1.47282  |||| 10.2471 |||| 10.2471 
0.770542  1.00376  6.75315  0.770542  1.00376  6.75315  |||| 10.6156 |||| 10.6156 
1.7334  2.14824  5.73414  1.7334  2.14824  5.73414  |||| 14.2767 |||| 14.2767 
1.50285  1.43751  5.75608  1.50285  1.43751  5.75608  |||| 7.5566 |||| 7.5566 
1.0748  4.277  3.7321  1.0748  4.277  3.7321  |||| 43.4695 |||| 43.4695 
2.087  3.35244  2.28945  2.087  3.35244  2.28945  |||| 11.1482 |||| 11.1482 
0.683727  0.893029  6.6669  0.683727  0.893029  6.6669  |||| 19.937 |||| 19.937 
1.64457  1.71027  5.66672  1.64457  1.71027  5.66672  |||| 8.63727 |||| 8.63727 
1.23187  0.950052  6.55475  1.23187  0.950052  6.55475  |||| 31.6098 |||| 31.6098 
1.54485  3.92542  4.03038  1.54485  3.92542  4.03038  |||| 11.9847 |||| 11.9847 
0.918538  1.6773  6.78181  0.918538  1.6773  6.78181  |||| 14.2543 |||| 14.2543 
0.972835  1.24516  6.72115  0.972835  1.24516  6.72115  |||| 11.4358 |||| 11.4358 
0.599776  0.830745  6.57887  0.599776  0.830745  6.57887  |||| 154.704 |||| 154.704 
0.910432  2.68717  5.61707  0.910432  2.68717  5.61707  |||| 9.18203 |||| 9.18203 
1.1905  1.3257  6.77025  1.1905  1.3257  6.77025  |||| 21.3701 |||| 21.3701 
1.91837  1.91173  4.50561  1.91837  1.91173  4.50561  |||| 17.251 |||| 17.251 
1.69436  3.3049  1.81768  1.69436  3.3049  1.81768  |||| 15.4796 |||| 15.4796 
1.94239  2.19053  5.48418  1.94239  2.19053  5.48418  |||| 20.4872 |||| 20.4872 
1.93747  3.61263  2.50561  1.93747  3.61263  2.50561  |||| 22.2517 |||| 22.2517 
1.15793  1.32619  6.8007  1.15793  1.32619  6.8007  |||| 10.4377 |||| 10.4377 
1.43975  1.19077  6.57563  1.43975  1.19077  6.57563  |||| 56.6825 |||| 56.6825 
1.38613  1.0077  6.68607  1.38613  1.0077  6.68607  |||| 18.0572 |||| 18.0572 
1.88452  3.84021  3.00069  1.88452  3.84021  3.00069  |||| 33.1587 |||| 33.1587 
0.957178  1.60286  6.65938  0.957178  1.60286  6.65938  |||| 11.1586 |||| 11.1586 
1.47031  3.94218  3.80943  1.47031  3.94218  3.80943  |||| 31.0622 |||| 31.0622 
2.0856  3.67041  2.88924  2.0856  3.67041  2.88924  |||| 64.2815 |||| 64.2815 
2.40374  3.08225  2.14142  2.40374  3.08225  2.14142  |||| 100.341 |||| 100.341 
1.14257  2.11227  6.57009  1.14257  2.11227  6.57009  |||| 61.8027 |||| 61.8027 
1.90448  2.78437  2.8425  1.90448  2.78437  2.8425  |||| 171.043 |||| 171.043 
1.38399  3.10283  5.38651  1.38399  3.10283  5.38651  |||| 312.776 |||| 312.776 
2.0984  0.216163  0.27401  0.789155  1.41753  5.51802  |||| 1178.38 |||| 53618.4 
0.200273  4.08878  0.252909  0.123059  0.382398  6.10273  |||| 995.569 |||| 59465.6 
0.188849  0.188928  6.08702  0.473853  0.656668  6.44355  |||| 881.327 |||| 5558.68 
2.0965  0.205531  0.262375  0.406514  4.25799  0.820845  |||| 2.95847 |||| 115.806 
2.09424  0.214393  0.252963  0.255281  0.381844  6.06076  |||| 3.1134 |||| 189.929 
2.09364  0.200511  0.277024  1.67542  2.69131  2.31325  |||| 2.4844 |||| 64.5447 
2.07351  0.675676  0.252866  1.87719  1.24146  2.24661  |||| 4.07233 |||| 88.04 
2.08886  0.294466  0.47603  0.112949  0.467417  6.07845  |||| 2.53392 |||| 43.9935 
2.08401  0.479083  0.383352  0.347298  2.16404  5.2109  |||| 2.60315 |||| 56.6071 
2.07979  0.200297  0.832355  1.88146  1.50112  3.11007  |||| 3.07491 |||| 43.2761 
2.02718  1.12628  0.252608  0.295386  4.11087  1.08326  |||| 5.54896 |||| 53.3452 
2.07949  0.464316  0.603709  1.63699  1.61482  4.96538  |||| 2.81085 |||| 28.8821 
2.06912  0.699876  0.433436  1.88877  3.10942  1.32619  |||| 2.86502 |||| 13.9836 
2.07369  0.269198  0.934858  1.52629  2.66349  3.32619  |||| 2.94039 |||| 41.542 
2.05053  0.927359  0.300753  0.740924  1.63168  5.50036  |||| 2.97373 |||| 82.7784 
2.06974  0.435364  0.904781  1.34545  3.66502  0.873589  |||| 3.07169 |||| 31.7721 
2.05966  0.752012  0.646596  0.360522  3.16431  3.89784  |||| 3.12462 |||| 22.9248 
2.04311  0.197629  1.44894  1.55436  2.89611  2.1227  |||| 4.00708 |||| 115.678 
1.97277  1.59988  0.156172  0.677351  2.39303  4.73643  |||| 3.87108 |||| 366.658 
2.05245  0.737798  0.867187  0.269002  0.181507  6.07416  |||| 3.32173 |||| 27.0097 
2.02381  1.1163  0.537924  2.05347  1.55769  1.30791  |||| 3.34305 |||| 9.64115 
2.04588  0.42936  1.33238  0.707834  3.0174  4.16729  |||| 3.45327 |||| 30.5302 
1.9852  1.39135  0.374628  1.93689  2.06145  2.38119  |||| 3.41618 |||| 31.7602 
2.03962  0.667932  1.21152  0.127546  0.433888  6.0985  |||| 3.58881 |||| 19.6968 
2.01685  1.10947  0.777523  0.352342  0.235509  6.19042  |||| 3.62079 |||| 31.5498 
2.01462  0.252527  1.76632  0.25081  0.559776  6.21734  |||| 3.6921 |||| 13.8868 
1.92603  1.70164  0.302816  2.04411  0.992188  0.329135  |||| 3.59461 |||| 3.82714 
2.016  0.880171  1.28687  0.620164  0.608953  6.48728  |||| 3.85037 |||| 21.2168 
1.97148  1.39294  0.822265  0.756749  1.20178  5.51141  |||| 3.8402 |||| 30.3845 
1.99583  0.416169  1.90075  1.26518  2.36555  3.87242  |||| 3.97033 |||| 27.7308 
1.91793  1.71049  0.584426  1.18405  3.7179  2.32094  |||| 3.88669 |||| 18.5859 
1.99097  0.726762  1.7579  1.07237  3.46891  1.43987  |||| 4.12761 |||| 22.0931 
1.96366  1.30912  1.22046  0.204831  0.392861  6.17846  |||| 4.15348 |||| 23.2968 
1.86206  0.190185  2.91093  1.80666  2.26873  1.85944  |||| 5.10094 |||| 123.718 
1.66058  2.72484  0.20309  0.498359  1.65602  5.85921  |||| 5.26923 |||| 640.496 
1.94529  1.32805  1.44736  1.86808  2.3048  0.504013  |||| 4.3797 |||| 7.86094 
1.85632  1.93862  0.759905  0.404638  1.9972  5.49642  |||| 4.25843 |||| 34.2102 
1.93901  0.716948  2.22638  2.25679  0.713612  0.622535  |||| 4.55454 |||| 5.34186 
1.76327  2.28941  0.486489  1.52573  0.918724  4.32369  |||| 4.20977 |||| 48.9877 
1.92101  1.12971  1.99903  1.48108  1.04036  4.23451  |||| 4.70875 |||| 10.3781 
1.85081  1.85001  1.25278  0.214738  0.445964  6.14733  |||| 4.62707 |||| 24.6672 
1.86762  0.418709  2.83408  0.115639  0.580585  6.06011  |||| 4.7755 |||| 10.5221 
1.64612  2.61574  0.351032  0.532626  2.7809  4.35319  |||| 4.27506 |||| 84.1857 
1.86586  1.45091  2.00685  1.4087  3.92378  3.02769  |||| 4.98856 |||| 14.0241 
1.75876  2.20017  1.15885  0.81893  1.30137  5.53149  |||| 4.79328 |||| 25.0453 
1.82976  0.679003  2.95512  0.88749  2.78334  4.60232  |||| 5.11438 |||| 23.579 
1.64444  2.58411  0.790605  2.13385  0.554654  2.37354  |||| 4.67323 |||| 16.3011 
1.81767  1.16883  2.68531  0.295918  2.68538  4.76963  |||| 5.32093 |||| 12.8535 
1.74901  2.05115  1.76334  0.306152  0.52716  6.28075  |||| 5.23081 |||| 19.735 
1.71401  0.184829  3.61645  0.469741  1.74402  5.4453  |||| 5.24432 |||| 50.6307 
1.43372  3.06529  0.296282  2.08241  0.670393  3.72516  |||| 4.44467 |||| 108.804 
1.72745  1.87656  2.30537  0.996878  2.28459  4.82676  |||| 5.55781 |||| 12.0781 
1.57117  2.68585  1.23751  0.241131  0.195141  6.12711  |||| 5.1479 |||| 28.1548 
1.69958  0.934739  3.44941  0.823665  3.66627  1.70439  |||| 5.74177 |||| 24.3272 
1.42826  3.04653  0.736718  1.91863  0.396756  3.19204  |||| 4.89232 |||| 24.2411 
1.6707  1.53285  3.09806  1.70775  1.27334  3.7913  |||| 5.95173 |||| 7.35422 
1.55821  2.53538  1.92597  2.01273  0.826841  1.4014  |||| 5.67036 |||| 7.42996 
1.55373  0.42432  4.17156  0.70288  3.83847  1.36529  |||| 5.81089 |||| 63.8262 
1.26746  3.32912  0.464702  2.0206  0.336696  2.29766  |||| 4.79204 |||| 25.8844 
1.57101  1.95209  3.04464  0.592384  3.28281  3.39978  |||| 6.21075 |||| 10.6734 
1.40761  2.90998  1.7308  1.42315  0.923667  5.63405  |||| 5.69544 |||| 19.7977 
1.48519  0.765415  4.29295  0.142011  0.518604  6.06199  |||| 6.19851 |||| 8.84923 
1.25292  3.28755  1.10067  0.921329  1.27206  5.38988  |||| 5.31458 |||| 28.5119 
1.47252  1.46871  3.9362  0.44335  0.581273  5.97366  |||| 6.52473 |||| 10.0306 
1.38036  2.67701  2.57516  0.687975  1.18565  5.61134  |||| 6.28056 |||| 14.1441 
1.28264  0.169378  4.92275  0.744324  3.68738  2.06758  |||| 6.03243 |||| 285.961 
0.275349  4.11352  0.156346  0.237718  3.84528  2.13987  |||| 4.99855 |||| 313.823 
1.30085  2.70624  2.85275  0.314739  3.52671  3.12882  |||| 6.51201 |||| 8.53593 
1.08781  3.47616  1.29338  1.28512  1.12496  4.66692  |||| 5.5374 |||| 21.2917 
1.28115  1.47483  4.46464  0.24217  3.54873  3.31341  |||| 6.86651 |||| 17.1942 
0.928223  3.71232  0.664349  1.62781  1.55262  3.90931  |||| 4.99242 |||| 33.8759 
1.21545  2.25036  3.87238  0.99361  2.4755  4.30964  |||| 6.9882 |||| 7.81045 
1.05124  3.33454  2.1391  0.848603  2.06808  5.09119  |||| 6.19072 |||| 15.2298 
1.09093  0.761985  5.20723  0.333869  0.576066  6.25435  |||| 6.71458 |||| 8.10258 
0.766325  3.8578  0.405032  0.445306  1.40249  5.981  |||| 4.70692 |||| 96.4902 
1.04881  2.7086  3.6246  1.29987  3.10317  1.82314  |||| 7.03455 |||| 8.85217 
0.866788  3.60607  1.80272  0.811562  1.81453  5.35901  |||| 5.92453 |||| 18.6599 
0.972166  1.21069  5.22227  1.20242  2.46106  3.61982  |||| 7.04943 |||| 14.9883 
0.721432  3.84422  1.01745  1.18299  0.777833  5.5361  |||| 5.27295 |||| 31.2219 
0.918455  2.07751  4.68522  1.82513  1.71766  4.31426  |||| 7.33469 |||| 15.4055 
0.800097  3.38018  2.79017  0.274842  0.129994  6.07236  |||| 6.61738 |||| 14.8632 
0.757996  0.421827  5.73571  0.150097  2.13262  5.25898  |||| 6.56105 |||| 41.2999 
0.524288  4.00004  0.31112  0.567043  2.58207  5.01468  |||| 4.48215 |||| 137.387 
0.727943  3.06941  3.63102  0.270796  0.439779  6.23149  |||| 7.07594 |||| 12.3714 
0.573891  3.83605  1.66197  0.323237  0.787174  6.21152  |||| 5.73185 |||| 22.8536 
0.660367  1.51405  5.44471  1.01542  2.57171  3.92367  |||| 7.26747 |||| 12.7017 
0.461021  3.99144  0.895243  0.166967  0.274328  6.09703  |||| 5.01637 |||| 39.0286 
0.594097  2.42229  4.74033  0.358009  0.559346  6.34231  |||| 7.40398 |||| 9.98087 
0.48847  3.62952  2.64878  1.04022  2.81265  3.62142  |||| 6.41458 |||| 15.3644 
0.469869  0.643226  5.93149  1.36316  0.712329  4.71669  |||| 6.69079 |||| 22.6759 
0.328835  4.05362  0.602771  0.397245  0.362443  6.2552  |||| 4.63235 |||| 63.2279 
0.422471  2.86083  4.32325  1.90746  2.34436  2.74253  |||| 7.25218 |||| 40.3122 
0.335008  3.81908  2.16944  0.178069  2.01587  5.41672  |||| 5.96964 |||| 15.5777 
0.336045  1.0935  5.86072  1.34832  2.86831  2.88797  |||| 6.93531 |||| 36.6015 
0.2449  4.00244  1.29933  0.560403  0.53803  6.45451  |||| 5.19508 |||| 28.6228 
0.265663  2.04153  5.3159  0.464976  0.795017  6.13491  |||| 7.27225 |||| 15.5194 
0.217541  3.49232  3.24298  1.22212  1.7457  4.59736  |||| 6.59948 |||| 61.5917 
0.18032  0.239921  6.08588  0.474793  0.447058  6.28146  |||| 6.15181 |||| 28.8401 
0.199749  4.0833  0.436399  1.86028  1.61154  3.19584  |||| 12.7585 |||| 226.687 
0.128506  1.36436  5.78437  0.871314  3.11534  3.95712  |||| 10.7802 |||| 298.606 
