1.40857  0.761413  1.40857  0.761413  |||| 2827.19 |||| 2827.19 
0.810567  1.28218  0.810567  1.28218  |||| 3528.98 |||| 3528.98 
1.23107  0.876409  1.23107  0.876409  |||| 77.9522 |||| 77.9522 
0.969252  1.34357  0.969252  1.34357  |||| 56.505 |||| 56.505 
0.801995  0.987727  0.801995  0.987727  |||| 19.9541 |||| 19.9541 
0.955185  1.32356  0.955185  1.32356  |||| 23.6562 |||| 23.6562 
0.846348  1.4213  0.846348  1.4213  |||| 20.5279 |||| 20.5279 
2.16296  1.41512  2.16296  1.41512  |||| 16.6854 |||| 16.6854 
1.44498  0.819222  1.44498  0.819222  |||| 5.13411 |||| 5.13411 
0.746458  1.36589  0.746458  1.36589  |||| 11.5927 |||| 11.5927 
0.740913  1.45672  0.740913  1.45672  |||| 11.2761 |||| 11.2761 
0.854743  1.28593  0.854743  1.28593  |||| 8.32729 |||| 8.32729 
1.12174  1.07878  1.12174  1.07878  |||| 5.60076 |||| 5.60076 
1.57134  1.06643  1.57134  1.06643  |||| 5.00854 |||| 5.00854 
1.98545  1.0973  1.98545  1.0973  |||| 4.84987 |||| 4.84987 
1.4737  1.16919  1.4737  1.16919  |||| 5.01247 |||| 5.01247 
1.2777  0.985612  1.2777  0.985612  |||| 3.42607 |||| 3.42607 
1.64878  0.792197  1.64878  0.792197  |||| 1.98215 |||| 1.98215 
1.182  0.850561  1.182  0.850561  |||| 2.20867 |||| 2.20867 
0.9185  1.10977  0.9185  1.10977  |||| 3.53403 |||| 3.53403 
0.823644  1.83835  0.823644  1.83835  |||| 7.2025 |||| 7.2025 
1.27257  1.18688  1.27257  1.18688  |||| 3.55906 |||| 3.55906 
1.06222  1.02246  1.06222  1.02246  |||| 2.59944 |||| 2.59944 
1.95176  0.685478  1.95176  0.685478  |||| 1.914 |||| 1.914 
1.9485  1.28062  1.9485  1.28062  |||| 3.49283 |||| 3.49283 
1.72521  1.11604  1.72521  1.11604  |||| 2.65789 |||| 2.65789 
0.500439  1.31954  0.500439  1.31954  |||| 3.36338 |||| 3.36338 
1.60274  1.15016  1.60274  1.15016  |||| 2.58055 |||| 2.58055 
2.09294  1.13795  2.09294  1.13795  |||| 2.438 |||| 2.438 
1.52079  1.29377  1.52079  1.29377  |||| 2.90463 |||| 2.90463 
0.592078  1.30492  0.592078  1.30492  |||| 2.84108 |||| 2.84108 
0.890553  1.30193  0.890553  1.30193  |||| 2.73481 |||| 2.73481 
0.788474  0.72742  0.788474  0.72742  |||| 0.799187 |||| 0.799187 
2.39623  0.915543  2.39623  0.915543  |||| 2.85682 |||| 2.85682 
1.13014  1.44655  1.13014  1.44655  |||| 2.91845 |||| 2.91845 
2.06388  1.04815  2.06388  1.04815  |||| 2.44045 |||| 2.44045 
0.965867  1.347  0.965867  1.347  |||| 2.46649 |||| 2.46649 
1.05666  1.51361  1.05666  1.51361  |||| 2.85696 |||| 2.85696 
0.736826  0.954642  0.736826  0.954642  |||| 1.27789 |||| 1.27789 
1.62108  0.817249  1.62108  0.817249  |||| 1.88454 |||| 1.88454 
1.21701  1.01717  1.21701  1.01717  |||| 1.37068 |||| 1.37068 
1.78057  1.24359  1.78057  1.24359  |||| 2.21614 |||| 2.21614 
1.44035  0.672688  1.44035  0.672688  |||| 1.67482 |||| 1.67482 
1.15622  0.999273  1.15622  0.999273  |||| 1.22932 |||| 1.22932 
0.876734  1.60008  0.876734  1.60008  |||| 2.58579 |||| 2.58579 
1.94981  0.478694  1.94981  0.478694  |||| 2.68312 |||| 2.68312 
2.0243  1.76231  2.0243  1.76231  |||| 2.86972 |||| 2.86972 
1.90115  1.62848  1.90115  1.62848  |||| 2.69449 |||| 2.69449 
0.725163  1.60983  0.725163  1.60983  |||| 2.3839 |||| 2.3839 
1.01716  1.51368  1.01716  1.51368  |||| 2.13533 |||| 2.13533 
2.03463  1.09102  2.03463  1.09102  |||| 3.12207 |||| 3.12207 
0.813143  1.24273  0.813143  1.24273  |||| 1.51263 |||| 1.51263 
1.7856  0.962508  1.7856  0.962508  |||| 2.73972 |||| 2.73972 
1.31289  1.21434  1.31289  1.21434  |||| 1.80241 |||| 1.80241 
1.24037  1.09503  1.24037  1.09503  |||| 1.68582 |||| 1.68582 
2.0514  0.80092  2.0514  0.80092  |||| 3.5098 |||| 3.5098 
2.02549  1.72371  2.02549  1.72371  |||| 3.5321 |||| 3.5321 
1.47436  1.02249  1.47436  1.02249  |||| 2.34438 |||| 2.34438 
0.689267  1.34921  0.689267  1.34921  |||| 1.50992 |||| 1.50992 
1.46272  0.941739  1.46272  0.941739  |||| 2.43198 |||| 2.43198 
1.18497  0.867967  1.18497  0.867967  |||| 1.80445 |||| 1.80445 
0.957227  1.26678  0.957227  1.26678  |||| 1.29802 |||| 1.29802 
1.58549  0.732476  1.58549  0.732476  |||| 2.94737 |||| 2.94737 
0.717514  1.52483  0.717514  1.52483  |||| 1.66701 |||| 1.66701 
1.71592  1.29393  1.71592  1.29393  |||| 3.47349 |||| 3.47349 
1.82978  0.54885  1.82978  0.54885  |||| 3.89758 |||| 3.89758 
0.947293  1.26725  0.947293  1.26725  |||| 1.43233 |||| 1.43233 
1.01129  1.19778  1.01129  1.19778  |||| 1.66939 |||| 1.66939 
1.38528  0.842804  1.38528  0.842804  |||| 2.88589 |||| 2.88589 
1.12103  1.35252  1.12103  1.35252  |||| 2.13144 |||| 2.13144 
1.42451  0.841308  1.42451  0.841308  |||| 3.2119 |||| 3.2119 
0.602461  1.3574  0.602461  1.3574  |||| 1.23904 |||| 1.23904 
0.690099  0.924836  0.690099  0.924836  |||| 0.828299 |||| 0.828299 
1.43328  0.898712  1.43328  0.898712  |||| 3.60791 |||| 3.60791 
1.58202  1.58047  1.58202  1.58047  |||| 4.32105 |||| 4.32105 
0.779438  1.42636  0.779438  1.42636  |||| 1.28708 |||| 1.28708 
1.58514  1.00736  1.58514  1.00736  |||| 4.70179 |||| 4.70179 
1.15102  1.13195  1.15102  1.13195  |||| 3.01991 |||| 3.01991 
0.962028  1.2115  0.962028  1.2115  |||| 2.29894 |||| 2.29894 
1.26134  1.39486  1.26134  1.39486  |||| 3.84192 |||| 3.84192 
1.04663  0.845104  1.04663  0.845104  |||| 2.9599 |||| 2.9599 
1.67544  0.981539  1.67544  0.981539  |||| 6.45089 |||| 6.45089 
1.96006  0.596256  1.96006  0.596256  |||| 8.41344 |||| 8.41344 
1.40101  0.882663  1.40101  0.882663  |||| 5.6029 |||| 5.6029 
0.897849  1.30902  0.897849  1.30902  |||| 2.78308 |||| 2.78308 
1.35972  0.752552  1.35972  0.752552  |||| 6.0966 |||| 6.0966 
0.895131  1.32183  0.895131  1.32183  |||| 3.17566 |||| 3.17566 
1.34576  0.829391  1.34576  0.829391  |||| 6.96265 |||| 6.96265 
2.04501  1.7471  2.04501  1.7471  |||| 13.5269 |||| 13.5269 
1.03332  0.973594  1.03332  0.973594  |||| 5.37274 |||| 5.37274 
0.983407  1.14458  0.983407  1.14458  |||| 5.4234 |||| 5.4234 
1.60729  1.01422  1.60729  1.01422  |||| 13.2544 |||| 13.2544 
1.79471  0.798903  1.79471  0.798903  |||| 17.4707 |||| 17.4707 
1.4221  1.13725  1.4221  1.13725  |||| 14.5406 |||| 14.5406 
1.81934  0.96978  1.81934  0.96978  |||| 24.2626 |||| 24.2626 
0.457669  1.41311  0.457669  1.41311  |||| 0.979388 |||| 0.979388 
2.08294  1.13808  2.08294  1.13808  |||| 45.5075 |||| 45.5075 
2.11058  1.3489  2.11058  1.3489  |||| 64.7941 |||| 64.7941 
1.6687  1.47829  1.6687  1.47829  |||| 79.1207 |||| 79.1207 
1.30292  1.30105  1.30292  1.30105  |||| 165.668 |||| 165.668 
1.22568  0.000867853  0.439536  0.551557  |||| 1.22543 |||| 5507.17 
0.000270656  1.00291  0.231472  0.63374  |||| 1.00207 |||| 2312.28 
1.00214  0.00591034  0.760437  0.70611  |||| 1.00703 |||| 138.233 
0.999689  0.0144424  0.254806  0.537738  |||| 1.01498 |||| 35.0774 
0.971094  0.0261801  0.154021  1.07761  |||| 0.996265 |||| 42.2094 
0.966485  0.0345589  1.91965  1.07845  |||| 1.00203 |||| 30.173 
0.965251  0.043417  0.43805  0.60573  |||| 1.01145 |||| 13.1732 
0.965048  0.0481355  1.37539  0.414542  |||| 1.02217 |||| 7.37143 
0.965259  0.0533152  0.129358  1.10351  |||| 1.03357 |||| 16.6248 
0.872925  0.078129  1.67049  0.697562  |||| 1.00991 |||| 9.10384 
0.86314  0.081507  0.377839  0.598062  |||| 0.944848 |||| 6.88562 
0.837797  0.0895436  0.374705  0.649865  |||| 0.927461 |||| 6.69521 
0.833281  0.0943883  1.47837  0.980497  |||| 0.933002 |||| 9.14346 
0.813297  0.108014  0.615677  0.664639  |||| 0.921147 |||| 5.65672 
0.796497  0.117727  0.811126  0.131938  |||| 0.916394 |||| 1.02781 
0.793304  0.12557  1.14667  0.682062  |||| 0.919762 |||| 4.94517 
0.779241  0.136162  1.65524  0.72877  |||| 0.914589 |||| 4.91981 
0.751632  0.141854  2.42594  1.3322  |||| 0.892558 |||| 8.41764 
0.739584  0.149741  0.956403  0.853984  |||| 0.889022 |||| 5.06717 
0.733727  0.157662  0.79753  0.197538  |||| 0.892936 |||| 1.10151 
0.718433  0.16651  0.354954  0.667079  |||| 0.885316 |||| 3.52926 
0.700231  0.173719  0.692113  0.50995  |||| 0.87387 |||| 2.5586 
0.682897  0.180148  0.112479  0.958628  |||| 0.863226 |||| 4.57869 
0.667063  0.187857  0.574002  0.596902  |||| 0.854226 |||| 2.71693 
0.657967  0.196924  0.263482  0.796375  |||| 0.854052 |||| 3.46499 
0.643178  0.202876  0.628831  0.523773  |||| 0.845739 |||| 2.18074 
0.633172  0.211124  0.334769  0.578497  |||| 0.843904 |||| 2.31063 
0.621873  0.218378  1.7521  0.739984  |||| 0.840271 |||| 2.84063 
0.611047  0.225237  1.34267  0.580957  |||| 0.837185 |||| 2.14534 
0.595904  0.231442  0.242658  0.570177  |||| 0.82801 |||| 2.02891 
0.585247  0.240326  0.165573  0.637698  |||| 0.824896 |||| 2.1899 
0.572852  0.246319  0.690168  0.47959  |||| 0.819206 |||| 1.59043 
0.561631  0.255521  0.695243  0.369631  |||| 0.818319 |||| 1.18497 
0.554737  0.262388  0.0590024  1.04148  |||| 0.817149 |||| 3.23754 
0.545788  0.271665  0.059712  1.02871  |||| 0.81664 |||| 3.09941 
0.532096  0.27721  1.30472  0.406726  |||| 0.808486 |||| 1.982 
0.520181  0.282844  0.526752  0.619127  |||| 0.802423 |||| 1.75629 
0.510439  0.290452  0.0639948  0.880109  |||| 0.799987 |||| 2.42728 
0.499596  0.295686  0.184805  0.589745  |||| 0.795716 |||| 1.58117 
0.489237  0.305279  0.527294  0.36304  |||| 0.795602 |||| 0.94655 
0.478426  0.310979  1.22015  0.309599  |||| 0.789445 |||| 2.00925 
0.471034  0.318225  0.285462  0.628041  |||| 0.788674 |||| 1.5561 
0.459236  0.324812  0.487878  0.35433  |||| 0.783933 |||| 0.85536 
0.450658  0.331996  0.813172  0.509643  |||| 0.782007 |||| 1.41003 
0.441489  0.339809  0.97976  0.798869  |||| 0.781623 |||| 1.84016 
0.432547  0.345797  0.0677043  1.09556  |||| 0.777353 |||| 2.46626 
0.422432  0.352654  0.909697  0.61164  |||| 0.774781 |||| 1.66591 
0.413735  0.359746  0.126828  0.715525  |||| 0.773029 |||| 1.53932 
0.405404  0.366718  0.0647359  1.05494  |||| 0.771098 |||| 2.22155 
0.395697  0.373959  1.684  0.979472  |||| 0.769802 |||| 3.26748 
0.388092  0.381061  0.0463866  1.04251  |||| 0.768282 |||| 2.10481 
0.379105  0.38704  0.468364  0.460369  |||| 0.765534 |||| 0.945892 
0.371235  0.395447  0.40987  0.480782  |||| 0.765771 |||| 0.931372 
0.362039  0.401329  0.0169048  1.00994  |||| 0.762493 |||| 1.92022 
0.353127  0.40841  0.270624  0.997722  |||| 0.760797 |||| 1.86085 
0.345561  0.415977  0.110728  0.791841  |||| 0.760474 |||| 1.44894 
0.336516  0.422633  0.405484  0.50694  |||| 0.758453 |||| 0.912954 
0.328917  0.429272  0.924523  1.19952  |||| 0.757882 |||| 2.13128 
0.319674  0.437058  0.678756  0.3967  |||| 0.756626 |||| 1.60227 
0.312495  0.444119  0.424028  0.40776  |||| 0.755571 |||| 1.02545 
0.30397  0.450638  0.390334  0.536379  |||| 0.75355 |||| 0.967819 
0.295874  0.458842  0.346706  0.492693  |||| 0.754357 |||| 0.881903 
0.288848  0.465372  0.287951  0.477883  |||| 0.754219 |||| 0.772731 
0.280948  0.472723  0.113456  1.10618  |||| 0.753672 |||| 1.76136 
0.272297  0.480724  0.0382164  0.902144  |||| 0.752458 |||| 1.41325 
0.265049  0.488142  0.517071  0.770952  |||| 0.7522 |||| 1.46809 
0.256981  0.495011  0.433303  0.461904  |||| 0.751052 |||| 1.26686 
0.248923  0.502783  0.334274  0.48056  |||| 0.751 |||| 1.00723 
0.241214  0.510777  0.0321542  1.04023  |||| 0.751486 |||| 1.53173 
0.233978  0.518  1.27968  0.0216479  |||| 0.751016 |||| 4.111 
0.226264  0.52626  1.79019  0.93224  |||| 0.751695 |||| 5.94628 
0.218826  0.535171  0.0422274  1.03624  |||| 0.753445 |||| 1.45998 
0.211365  0.542937  0.0552921  0.886067  |||| 0.753553 |||| 1.23053 
0.203828  0.550431  1.28057  0.271088  |||| 0.753285 |||| 4.7348 
0.19605  0.558959  0.251432  0.631373  |||| 0.754422 |||| 0.965352 
0.188285  0.567284  0.39639  0.598864  |||| 0.755258 |||| 1.58458 
0.181423  0.575122  0.235771  0.65806  |||| 0.755556 |||| 0.9822 
0.173928  0.58418  0.90756  0.44639  |||| 0.757184 |||| 3.95186 
0.166477  0.593509  0.269284  0.706217  |||| 0.759236 |||| 1.22632 
0.159309  0.602217  0.537292  0.67233  |||| 0.760451 |||| 2.56735 
0.151879  0.610968  0.349105  0.822903  |||| 0.762063 |||| 1.75325 
0.144587  0.620853  0.333398  0.931985  |||| 0.764628 |||| 1.76481 
0.137232  0.631452  0.0500973  0.835573  |||| 0.767701 |||| 1.0162 
0.129744  0.640964  0.252008  0.76755  |||| 0.769719 |||| 1.49533 
0.122478  0.651743  0.0343522  1.04002  |||| 0.773194 |||| 1.23442 
0.114835  0.66254  0.0522019  1.06168  |||| 0.776606 |||| 1.24506 
0.107587  0.673514  0.0380627  0.814303  |||| 0.780143 |||| 0.943425 
0.100097  0.685393  0.408507  0.594533  |||| 0.784633 |||| 3.20078 
0.092648  0.697386  0.222512  0.85456  |||| 0.78915 |||| 1.89411 
0.0852988  0.710048  0.257241  0.801389  |||| 0.794313 |||| 2.39863 
0.0777968  0.723351  0.458837  0.680027  |||| 0.800069 |||| 4.73075 
0.0699768  0.737312  0.0816137  0.757121  |||| 0.806416 |||| 0.938147 
0.0625234  0.751957  0.310254  1.1341  |||| 0.813787 |||| 4.0508 
0.054523  0.768874  0.0156078  1.02402  |||| 0.822594 |||| 1.09587 
0.0467734  0.786009  0.117417  0.84026  |||| 0.831854 |||| 2.08782 
0.0388181  0.805311  0.865303  0.185379  |||| 0.843188 |||| 18.839 
0.0305113  0.828538  1.30051  0.590261  |||| 0.858354 |||| 36.4075 
0.022485  0.853532  0.198429  0.735746  |||| 0.875013 |||| 7.76887 
0.013582  0.888355  0.183961  1.06212  |||| 0.90131 |||| 12.0029 
0.00471789  0.936579  0.21084  0.75814  |||| 0.940538 |||| 41.2768 
