0.378014  1.12816  0.378014  1.12816  |||| 9187.86 |||| 9187.86 
1.13524  0.249529  1.13524  0.249529  |||| 9572.28 |||| 9572.28 
1.15447  0.243818  1.15447  0.243818  |||| 6.75034 |||| 6.75034 
1.10463  0.270902  1.10463  0.270902  |||| 4.01964 |||| 4.01964 
0.416605  1.07935  0.416605  1.07935  |||| 34.103 |||| 34.103 
0.887703  0.608241  0.887703  0.608241  |||| 11.1682 |||| 11.1682 
0.782756  0.795277  0.782756  0.795277  |||| 12.7596 |||| 12.7596 
0.30067  1.16994  0.30067  1.16994  |||| 17.1156 |||| 17.1156 
0.868415  0.636041  0.868415  0.636041  |||| 6.43278 |||| 6.43278 
1.1152  0.212205  1.1152  0.212205  |||| 1.01486 |||| 1.01486 
0.73684  0.894324  0.73684  0.894324  |||| 7.89703 |||| 7.89703 
0.927592  0.506417  0.927592  0.506417  |||| 3.0642 |||| 3.0642 
0.495406  1.07414  0.495406  1.07414  |||| 8.07114 |||| 8.07114 
0.20511  1.16072  0.20511  1.16072  |||| 8.10712 |||| 8.10712 
0.192233  1.14556  0.192233  1.14556  |||| 7.33966 |||| 7.33966 
0.461117  1.10819  0.461117  1.10819  |||| 6.52469 |||| 6.52469 
0.272168  1.17075  0.272168  1.17075  |||| 6.49758 |||| 6.49758 
0.645261  0.956627  0.645261  0.956627  |||| 4.72455 |||| 4.72455 
0.223687  1.16094  0.223687  1.16094  |||| 5.6517 |||| 5.6517 
0.548882  1.02006  0.548882  1.02006  |||| 4.53984 |||| 4.53984 
1.10249  0.336135  1.10249  0.336135  |||| 1.13962 |||| 1.13962 
0.595498  0.995484  0.595498  0.995484  |||| 3.95068 |||| 3.95068 
0.310818  1.10748  0.310818  1.10748  |||| 4.29335 |||| 4.29335 
0.20708  1.16543  0.20708  1.16543  |||| 4.35783 |||| 4.35783 
0.93437  0.575928  0.93437  0.575928  |||| 1.59653 |||| 1.59653 
0.603664  0.989903  0.603664  0.989903  |||| 3.25496 |||| 3.25496 
0.924415  0.574775  0.924415  0.574775  |||| 1.46159 |||| 1.46159 
0.193181  1.17123  0.193181  1.17123  |||| 3.69653 |||| 3.69653 
0.471552  1.12621  0.471552  1.12621  |||| 3.39055 |||| 3.39055 
0.276997  1.16627  0.276997  1.16627  |||| 3.41002 |||| 3.41002 
0.354303  1.15441  0.354303  1.15441  |||| 3.24958 |||| 3.24958 
0.491079  1.08714  0.491079  1.08714  |||| 2.91597 |||| 2.91597 
0.809967  0.775428  0.809967  0.775428  |||| 1.81879 |||| 1.81879 
0.396389  1.13109  0.396389  1.13109  |||| 2.86756 |||| 2.86756 
0.804943  0.74035  0.804943  0.74035  |||| 1.60108 |||| 1.60108 
0.441724  1.10584  0.441724  1.10584  |||| 2.62249 |||| 2.62249 
0.311528  1.11072  0.311528  1.11072  |||| 2.56034 |||| 2.56034 
0.884168  0.647657  0.884168  0.647657  |||| 1.2099 |||| 1.2099 
0.54646  1.00119  0.54646  1.00119  |||| 2.12597 |||| 2.12597 
0.841414  0.688614  0.841414  0.688614  |||| 1.2524 |||| 1.2524 
0.259378  1.15059  0.259378  1.15059  |||| 2.39581 |||| 2.39581 
1.01574  0.445907  1.01574  0.445907  |||| 1.40338 |||| 1.40338 
0.977764  0.615979  0.977764  0.615979  |||| 1.36306 |||| 1.36306 
1.03913  0.365703  1.03913  0.365703  |||| 1.49363 |||| 1.49363 
0.882221  0.672516  0.882221  0.672516  |||| 1.24348 |||| 1.24348 
1.10079  0.274662  1.10079  0.274662  |||| 1.65932 |||| 1.65932 
0.414901  1.06032  0.414901  1.06032  |||| 1.87398 |||| 1.87398 
0.686663  0.928289  0.686663  0.928289  |||| 1.54843 |||| 1.54843 
0.272982  1.17431  0.272982  1.17431  |||| 2.03362 |||| 2.03362 
0.178008  1.17033  0.178008  1.17033  |||| 1.9826 |||| 1.9826 
1.05214  0.369665  1.05214  0.369665  |||| 1.73061 |||| 1.73061 
0.920568  0.633974  0.920568  0.633974  |||| 1.50043 |||| 1.50043 
0.822717  0.722362  0.822717  0.722362  |||| 1.33014 |||| 1.33014 
0.432807  1.06523  0.432807  1.06523  |||| 1.6286 |||| 1.6286 
0.292362  1.15893  0.292362  1.15893  |||| 1.7725 |||| 1.7725 
1.03109  0.470039  1.03109  0.470039  |||| 1.87869 |||| 1.87869 
1.12108  0.245436  1.12108  0.245436  |||| 2.12461 |||| 2.12461 
0.757372  0.84209  0.757372  0.84209  |||| 1.33595 |||| 1.33595 
1.11155  0.29664  1.11155  0.29664  |||| 2.20451 |||| 2.20451 
0.740224  0.794362  0.740224  0.794362  |||| 1.36043 |||| 1.36043 
0.536018  1.05685  0.536018  1.05685  |||| 1.41969 |||| 1.41969 
1.08351  0.35636  1.08351  0.35636  |||| 2.30491 |||| 2.30491 
0.479457  1.05782  0.479457  1.05782  |||| 1.37434 |||| 1.37434 
0.870485  0.652559  0.870485  0.652559  |||| 1.85926 |||| 1.85926 
0.381813  1.11688  0.381813  1.11688  |||| 1.42297 |||| 1.42297 
0.337484  1.14687  0.337484  1.14687  |||| 1.44683 |||| 1.44683 
0.191949  1.1585  0.191949  1.1585  |||| 1.44208 |||| 1.44208 
0.232218  1.19018  0.232218  1.19018  |||| 1.46747 |||| 1.46747 
0.901878  0.688007  0.901878  0.688007  |||| 2.25204 |||| 2.25204 
0.84448  0.804359  0.84448  0.804359  |||| 2.14145 |||| 2.14145 
0.637741  0.97319  0.637741  0.97319  |||| 1.52725 |||| 1.52725 
0.611311  0.978517  0.611311  0.978517  |||| 1.48996 |||| 1.48996 
0.486468  1.05723  0.486468  1.05723  |||| 1.17857 |||| 1.17857 
1.03145  0.422377  1.03145  0.422377  |||| 3.15614 |||| 3.15614 
0.424573  1.13234  0.424573  1.13234  |||| 1.24759 |||| 1.24759 
1.06623  0.277512  1.06623  0.277512  |||| 3.55289 |||| 3.55289 
1.15245  0.209377  1.15245  0.209377  |||| 4.06362 |||| 4.06362 
0.249501  1.15798  0.249501  1.15798  |||| 1.2313 |||| 1.2313 
0.867158  0.64975  0.867158  0.64975  |||| 3.14124 |||| 3.14124 
1.10198  0.27052  1.10198  0.27052  |||| 4.41705 |||| 4.41705 
1.12636  0.248447  1.12636  0.248447  |||| 4.76606 |||| 4.76606 
1.06544  0.312844  1.06544  0.312844  |||| 4.70101 |||| 4.70101 
1.11918  0.301352  1.11918  0.301352  |||| 5.27058 |||| 5.27058 
1.03811  0.425645  1.03811  0.425645  |||| 5.10852 |||| 5.10852 
0.919565  0.633396  0.919565  0.633396  |||| 4.68857 |||| 4.68857 
1.15524  0.222781  1.15524  0.222781  |||| 6.60478 |||| 6.60478 
0.929915  0.649102  0.929915  0.649102  |||| 5.4583 |||| 5.4583 
0.817313  0.768981  0.817313  0.768981  |||| 5.01215 |||| 5.01215 
0.539364  1.02514  0.539364  1.02514  |||| 3.07938 |||| 3.07938 
0.346093  1.15673  0.346093  1.15673  |||| 1.56879 |||| 1.56879 
0.244816  1.17608  0.244816  1.17608  |||| 1.07048 |||| 1.07048 
1.04903  0.425854  1.04903  0.425854  |||| 10.0424 |||| 10.0424 
0.218881  1.20593  0.218881  1.20593  |||| 1.07915 |||| 1.07915 
0.796568  0.788665  0.796568  0.788665  |||| 9.32599 |||| 9.32599 
0.999467  0.473316  0.999467  0.473316  |||| 14.6369 |||| 14.6369 
0.720128  0.91536  0.720128  0.91536  |||| 11.8062 |||| 11.8062 
0.31139  1.17217  0.31139  1.17217  |||| 3.73469 |||| 3.73469 
0.444091  1.1097  0.444091  1.1097  |||| 10.4305 |||| 10.4305 
0.484508  1.03669  0.484508  1.03669  |||| 20.0247 |||| 20.0247 
0.225227  1.19526  0.225227  1.19526  |||| 9.25487 |||| 9.25487 
1.01918  0.0192638  1.12755  0.126756  |||| 1.00001 |||| 1075.76 
0.0192432  1.01918  0.0733686  1.11495  |||| 1.00001 |||| 541.967 
1.01918  0.0203734  1.13194  0.154331  |||| 1.00513 |||| 26.4897 
1.01918  0.0284434  0.442548  0.952167  |||| 1.01555 |||| 60.9553 
1.01906  0.0452493  1.05962  0.152381  |||| 1.02606 |||| 5.22151 
1.01033  0.0548047  0.231305  1.11428  |||| 1.02787 |||| 30.6627 
1.0044  0.0632551  0.781235  0.70917  |||| 1.03265 |||| 15.0265 
1.00152  0.0765366  0.415244  0.934338  |||| 1.04076 |||| 16.3065 
0.994397  0.0848757  0.908585  0.510981  |||| 1.0445 |||| 7.41486 
0.987811  0.0972675  1.15048  0.158881  |||| 1.04891 |||| 1.82543 
0.983167  0.109577  1.14158  0.171997  |||| 1.05555 |||| 1.76189 
0.978483  0.122062  0.575011  0.999204  |||| 1.06229 |||| 10.1097 
0.967699  0.13278  0.149482  1.15374  |||| 1.06235 |||| 10.5892 
0.966491  0.134703  1.01239  0.162217  |||| 1.07326 |||| 1.21893 
0.955566  0.155963  1.03502  0.151127  |||| 1.07329 |||| 1.16436 
0.95213  0.167311  1.01329  0.098248  |||| 1.08201 |||| 1.15294 
0.948361  0.178952  1.03793  0.248884  |||| 1.09055 |||| 1.55249 
0.945453  0.188521  1.06472  0.0496778  |||| 1.10031 |||| 1.24199 
0.930098  0.203558  0.587094  0.758997  |||| 1.09535 |||| 4.39408 
0.927864  0.216782  0.054266  1.06936  |||| 1.10658 |||| 5.88104 
0.922429  0.227143  1.1737  0.169742  |||| 1.11345 |||| 1.42319 
0.914346  0.240485  0.248968  1.09022  |||| 1.11754 |||| 5.38263 
0.905206  0.252669  0.736068  0.781378  |||| 1.1204 |||| 3.64367 
0.900173  0.266691  1.0814  0.350235  |||| 1.1286 |||| 1.509 
0.892689  0.275528  0.806858  0.547348  |||| 1.13384 |||| 2.30047 
0.886318  0.29087  0.577822  0.80422  |||| 1.14068 |||| 3.27379 
0.876095  0.30453  0.995027  0.392313  |||| 1.14256 |||| 1.49254 
0.867526  0.314535  0.265453  1.08981  |||| 1.14674 |||| 4.11458 
0.859298  0.330486  1.05034  0.382951  |||| 1.1515 |||| 1.41334 
0.853715  0.343431  0.646231  0.738516  |||| 1.16007 |||| 2.56346 
0.844262  0.357305  0.472147  1.07222  |||| 1.16344 |||| 3.62098 
0.834914  0.370292  0.887115  0.323953  |||| 1.16705 |||| 1.24173 
0.830554  0.385491  0.705672  0.763832  |||| 1.17801 |||| 2.39266 
0.819948  0.398284  0.461472  0.925526  |||| 1.18009 |||| 2.81974 
0.811072  0.411029  0.851789  0.58741  |||| 1.18483 |||| 1.71343 
0.804577  0.426586  0.647165  0.801379  |||| 1.19333 |||| 2.28822 
0.793422  0.438212  1.037  0.393125  |||| 1.19491 |||| 1.57083 
0.787649  0.45572  0.809426  0.606928  |||| 1.2051 |||| 1.62252 
0.775484  0.466304  0.714657  0.763447  |||| 1.20518 |||| 1.99831 
0.767597  0.481726  0.0510697  1.05099  |||| 1.21232 |||| 2.69647 
0.755945  0.495186  0.527397  1.0905  |||| 1.21351 |||| 2.727 
0.744841  0.509552  1.02526  0.0310295  |||| 1.21662 |||| 1.68541 
0.740881  0.527343  0.843773  0.609538  |||| 1.23004 |||| 1.42852 
0.724991  0.537902  0.924976  0.629451  |||| 1.22494 |||| 1.57113 
0.71513  0.551932  0.782405  0.62202  |||| 1.2289 |||| 1.39008 
0.707902  0.563579  0.514649  0.891709  |||| 1.23845 |||| 1.9657 
0.687252  0.574927  1.06227  0.492356  |||| 1.22389 |||| 1.91072 
0.683422  0.595028  0.905463  0.395563  |||| 1.24029 |||| 1.65441 
0.67104  0.607744  0.183141  1.09953  |||| 1.24045 |||| 2.27686 
0.661335  0.621462  0.393764  1.10224  |||| 1.24618 |||| 2.23452 
0.650112  0.637119  0.918115  0.627852  |||| 1.24913 |||| 1.77973 
0.636048  0.651667  0.684589  0.720179  |||| 1.2522 |||| 1.38784 
0.623625  0.665796  0.108265  1.09982  |||| 1.25482 |||| 2.09709 
0.615758  0.679302  0.21684  1.05739  |||| 1.25732 |||| 1.97562 
0.60407  0.694569  0.735504  0.859225  |||| 1.26073 |||| 1.56809 
0.592039  0.707228  0.537811  1.04459  |||| 1.26159 |||| 1.87832 
0.580953  0.720325  1.19771  0.181556  |||| 1.26562 |||| 2.6551 
0.568532  0.73722  0.641907  0.811293  |||| 1.26789 |||| 1.43596 
0.555045  0.748759  0.249233  1.1584  |||| 1.26546 |||| 1.976 
0.538  0.76018  0.581414  0.802946  |||| 1.26292 |||| 1.36049 
0.527362  0.771  0.581909  0.817473  |||| 1.26083 |||| 1.39616 
0.515481  0.786328  0.433449  1.11095  |||| 1.26354 |||| 1.7982 
0.502068  0.798504  1.00265  0.430794  |||| 1.26238 |||| 2.57016 
0.489277  0.811266  0.563903  1.02556  |||| 1.2622 |||| 1.60366 
0.477854  0.82312  0.462848  0.984889  |||| 1.26622 |||| 1.51423 
0.462585  0.837408  0.611406  0.989183  |||| 1.26278 |||| 1.68229 
0.450167  0.850166  0.506524  0.969224  |||| 1.26258 |||| 1.44348 
0.436851  0.860672  1.03387  0.361128  |||| 1.25946 |||| 3.0597 
0.422358  0.870528  0.190271  1.09877  |||| 1.25462 |||| 1.59098 
0.409248  0.882095  0.926861  0.42181  |||| 1.25336 |||| 2.91651 
0.394185  0.890992  0.354577  1.15895  |||| 1.24726 |||| 1.63062 
0.381091  0.902087  1.08054  0.102285  |||| 1.24496 |||| 3.64962 
0.365391  0.90807  0.657756  0.766265  |||| 1.23562 |||| 2.27568 
0.352513  0.908103  0.697556  0.735998  |||| 1.23274 |||| 2.50874 
0.336837  0.929441  0.492387  1.07195  |||| 1.23042 |||| 1.81863 
0.325432  0.936437  0.452553  1.01532  |||| 1.22504 |||| 1.73352 
0.310629  0.947269  0.395586  1.0373  |||| 1.22084 |||| 1.56973 
0.295033  0.954323  0.333242  0.997906  |||| 1.21383 |||| 1.36795 
0.283604  0.960203  0.753797  0.618557  |||| 1.20549 |||| 3.34852 
0.263572  0.967855  1.02667  0.483812  |||| 1.19962 |||| 4.81631 
0.254026  0.97574  0.693554  0.822729  |||| 1.19418 |||| 3.38919 
0.24023  0.983493  0.353664  1.08866  |||| 1.18871 |||| 1.7719 
0.228337  0.985824  0.355821  1.13315  |||| 1.17678 |||| 1.88524 
0.207254  0.990359  0.934866  0.703403  |||| 1.1678 |||| 5.43868 
0.200864  0.990501  0.322719  1.11204  |||| 1.15381 |||| 1.9192 
0.186476  1.00086  0.623416  0.946494  |||| 1.15215 |||| 4.08386 
0.170389  1.00495  1.01141  0.168583  |||| 1.14327 |||| 7.20295 
0.162315  1.00895  0.736998  0.650426  |||| 1.13447 |||| 5.62776 
0.149622  1.01213  0.520704  1.06992  |||| 1.12496 |||| 4.27392 
0.137738  1.01345  0.276903  1.15445  |||| 1.11358 |||| 2.40549 
0.124907  1.01846  0.132539  1.12831  |||| 1.10654 |||| 1.22819 
0.0237364  1.01918  0.470695  1.09229  |||| 1.09497 |||| 5.2058 
0.0217733  1.01918  0.461212  1.09665  |||| 1.08287 |||| 5.776 
0.0234267  1.01918  0.170327  1.10845  |||| 1.07104 |||| 2.27895 
0.0236762  1.01918  0.544268  0.904131  |||| 1.05946 |||| 9.35626 
0.0368083  1.01918  0.177419  1.20746  |||| 1.04813 |||| 3.44627 
0.042413  1.01918  1.03816  0.144995  |||| 1.03704 |||| 28.5316 
0.0243802  1.01918  0.205408  1.17307  |||| 1.02618 |||| 7.30044 
0.0276406  1.01918  1.17024  0.163582  |||| 1.01554 |||| 75.203 
0.0236711  1.01918  0.530028  1.08933  |||| 1.00513 |||| 100.128 
