82.7934  847.755  82.7934  847.755  |||| 8.44097e+06 |||| 8.44097e+06 
754.856  854.311  754.856  854.311  |||| 7.3314e+06 |||| 7.3314e+06 
1114.53  291.857  1114.53  291.857  |||| 56487 |||| 56487 
814.178  229.591  814.178  229.591  |||| 14761 |||| 14761 
1077.37  123.444  1077.37  123.444  |||| 4695.64 |||| 4695.64 
625.307  403.693  625.307  403.693  |||| 11201 |||| 11201 
156.612  1106.71  156.612  1106.71  |||| 24021.9 |||| 24021.9 
1194.58  217.178  1194.58  217.178  |||| 3804.55 |||| 3804.55 
594.755  794.689  594.755  794.689  |||| 11926.3 |||| 11926.3 
191.726  754.473  191.726  754.473  |||| 9810.65 |||| 9810.65 
521.176  830.493  521.176  830.493  |||| 9532.93 |||| 9532.93 
376.576  1122.6  376.576  1122.6  |||| 11542.8 |||| 11542.8 
1011.05  383.07  1011.05  383.07  |||| 3541.18 |||| 3541.18 
969.28  224.745  969.28  224.745  |||| 1884.05 |||| 1884.05 
739.599  838.521  739.599  838.521  |||| 6545.33 |||| 6545.33 
443.782  944.557  443.782  944.557  |||| 6830.24 |||| 6830.24 
790.535  425.109  790.535  425.109  |||| 2848.43 |||| 2848.43 
739.901  296.214  739.901  296.214  |||| 1849.71 |||| 1849.71 
673.658  672.974  673.658  672.974  |||| 3975.34 |||| 3975.34 
1068.32  4.49083  1068.32  4.49083  |||| 1274.12 |||| 1274.12 
420.98  657.36  420.98  657.36  |||| 3462.85 |||| 3462.85 
1142.39  212.617  1142.39  212.617  |||| 1399.06 |||| 1399.06 
931.857  447.486  931.857  447.486  |||| 2121.71 |||| 2121.71 
770.647  623.359  770.647  623.359  |||| 2824.68 |||| 2824.68 
163.852  1304.32  163.852  1304.32  |||| 5665.09 |||| 5665.09 
876.421  395.07  876.421  395.07  |||| 1632.27 |||| 1632.27 
894.758  290.726  894.758  290.726  |||| 1164.05 |||| 1164.05 
970.435  260.453  970.435  260.453  |||| 1282.41 |||| 1282.41 
1252.75  372.554  1252.75  372.554  |||| 1687.29 |||| 1687.29 
847.277  781.723  847.277  781.723  |||| 2772.74 |||| 2772.74 
996.942  629.757  996.942  629.757  |||| 2152.91 |||| 2152.91 
1194.37  676.04  1194.37  676.04  |||| 2233.68 |||| 2233.68 
254.839  766.4  254.839  766.4  |||| 2450.78 |||| 2450.78 
875.149  433.42  875.149  433.42  |||| 1337.04 |||| 1337.04 
934.693  181.188  934.693  181.188  |||| 1365.98 |||| 1365.98 
705.09  350.929  705.09  350.929  |||| 1038.3 |||| 1038.3 
1083.44  375.438  1083.44  375.438  |||| 1638.57 |||| 1638.57 
664.133  923.354  664.133  923.354  |||| 2538.88 |||| 2538.88 
1150.09  421.335  1150.09  421.335  |||| 1798.05 |||| 1798.05 
661.566  801.919  661.566  801.919  |||| 2086.12 |||| 2086.12 
78.1743  1019.2  78.1743  1019.2  |||| 2585.01 |||| 2585.01 
283.012  177.621  283.012  177.621  |||| 437.726 |||| 437.726 
917.778  267.508  917.778  267.508  |||| 1527.2 |||| 1527.2 
445.483  870.253  445.483  870.253  |||| 2046.42 |||| 2046.42 
943.909  165.621  943.909  165.621  |||| 1628.37 |||| 1628.37 
1498.64  274.611  1498.64  274.611  |||| 2655.75 |||| 2655.75 
930.385  395.897  930.385  395.897  |||| 1664.48 |||| 1664.48 
1121.22  11.9501  1121.22  11.9501  |||| 2052.4 |||| 2052.4 
253.83  868.375  253.83  868.375  |||| 1822.41 |||| 1822.41 
309.395  100.775  309.395  100.775  |||| 558.266 |||| 558.266 
1235.44  326.484  1235.44  326.484  |||| 2402.93 |||| 2402.93 
761.248  467.938  761.248  467.938  |||| 1494.31 |||| 1494.31 
68.6327  789.528  68.6327  789.528  |||| 1525.06 |||| 1525.06 
21.7168  987.981  21.7168  987.981  |||| 1873.08 |||| 1873.08 
624.705  250.982  624.705  250.982  |||| 1298.74 |||| 1298.74 
225.386  452.311  225.386  452.311  |||| 821.832 |||| 821.832 
748.328  623.821  748.328  623.821  |||| 1636.96 |||| 1636.96 
556.937  419.269  556.937  419.269  |||| 1234.16 |||| 1234.16 
886.896  1022.18  886.896  1022.18  |||| 2043.08 |||| 2043.08 
289.311  717.715  289.311  717.715  |||| 1217 |||| 1217 
836.306  197.233  836.306  197.233  |||| 2021.01 |||| 2021.01 
677.223  882.031  677.223  882.031  |||| 1668.56 |||| 1668.56 
174.501  863.804  174.501  863.804  |||| 1393.29 |||| 1393.29 
136.574  1036.4  136.574  1036.4  |||| 1645.67 |||| 1645.67 
919.876  311.2  919.876  311.2  |||| 2479.42 |||| 2479.42 
263.35  1306.41  263.35  1306.41  |||| 2010.54 |||| 2010.54 
672.603  886.179  672.603  886.179  |||| 1904.08 |||| 1904.08 
792.264  1033.58  792.264  1033.58  |||| 2323.49 |||| 2323.49 
334.15  1392.33  334.15  1392.33  |||| 2046.47 |||| 2046.47 
335.851  855.198  335.851  855.198  |||| 1236.31 |||| 1236.31 
101.72  1191.38  101.72  1191.38  |||| 1699.22 |||| 1699.22 
625.802  962.189  625.802  962.189  |||| 2077.21 |||| 2077.21 
93.9172  738.413  93.9172  738.413  |||| 1021.36 |||| 1021.36 
1439.51  260.989  1439.51  260.989  |||| 5243.16 |||| 5243.16 
841.506  368.717  841.506  368.717  |||| 3150.56 |||| 3150.56 
1055.47  757.329  1055.47  757.329  |||| 4135.02 |||| 4135.02 
705.418  333.989  705.418  333.989  |||| 2851.18 |||| 2851.18 
1032.51  326.973  1032.51  326.973  |||| 4402.54 |||| 4402.54 
1058.69  422.53  1058.69  422.53  |||| 4726.66 |||| 4726.66 
566.144  874.204  566.144  874.204  |||| 2602.62 |||| 2602.62 
669.128  904.455  669.128  904.455  |||| 3253.65 |||| 3253.65 
1013.38  84.8606  1013.38  84.8606  |||| 5253.1 |||| 5253.1 
394.303  836.5  394.303  836.5  |||| 2086.49 |||| 2086.49 
73.9791  670.846  73.9791  670.846  |||| 802.263 |||| 802.263 
673.16  183.533  673.16  183.533  |||| 4118.81 |||| 4118.81 
1294.77  334.858  1294.77  334.858  |||| 8604.11 |||| 8604.11 
162.561  473.278  162.561  473.278  |||| 1022.42 |||| 1022.42 
1204.29  430.019  1204.29  430.019  |||| 9271.39 |||| 9271.39 
1210.34  736.951  1210.34  736.951  |||| 10129.1 |||| 10129.1 
1028.18  572.431  1028.18  572.431  |||| 9393.64 |||| 9393.64 
1096.45  322.865  1096.45  322.865  |||| 11086.7 |||| 11086.7 
1187.07  177.454  1187.07  177.454  |||| 13435.8 |||| 13435.8 
1052.89  3.65768  1052.89  3.65768  |||| 13474 |||| 13474 
1084.95  447.18  1084.95  447.18  |||| 16030.4 |||| 16030.4 
188.129  1257.36  188.129  1257.36  |||| 2965.17 |||| 2965.17 
816.328  1265.46  816.328  1265.46  |||| 17304.8 |||| 17304.8 
1265.96  1292.99  1265.96  1292.99  |||| 34838.7 |||| 34838.7 
923.904  1157.13  923.904  1157.13  |||| 35365.8 |||| 35365.8 
693.131  772.481  693.131  772.481  |||| 43865.8 |||| 43865.8 
986.951  263.261  986.951  263.261  |||| 189186 |||| 189186 
1  9.99226e-05  3.54068  6.85405  |||| 1 |||| 68540.5 
9.98761e-05  1  12.961  0.644353  |||| 1 |||| 129610 
0.999987  0.00512744  24.7137  1.05395  |||| 1.00511 |||| 206.573 
0.999879  0.0155409  0.687929  0.725778  |||| 1.01542 |||| 47.4176 
0.999658  0.0261682  7.88795  12.0832  |||| 1.02583 |||| 473.661 
0.999315  0.0370115  6.12323e-17  1  |||| 1.03633 |||| 28 
0.998844  0.0480724  0.974195  0.976588  |||| 1.04692 |||| 21.2679 
0.998237  0.0593544  0.521616  0.85318  |||| 1.05759 |||| 15.2021 
0.997487  0.0708567  5.74151  139.192  |||| 1.06835 |||| 2098.59 
0.996584  0.0825893  21.3408  27.8303  |||| 1.07917 |||| 363.65 
0.995521  0.0945451  89.3297  88.3063  |||| 1.09007 |||| 1018.12 
0.994288  0.10673  161.942  58.0678  |||| 1.10102 |||| 599.015 
0.992877  0.119145  0.797747  0.602993  |||| 1.11202 |||| 5.62792 
0.991278  0.131788  5.084  7.71659  |||| 1.12307 |||| 65.7587 
0.989481  0.144661  1  0  |||| 1.13414 |||| 1.1462 
0.987477  0.157762  18.7921  22.2327  |||| 1.14524 |||| 161.393 
0.985255  0.171092  10.9378  1.89937  |||| 1.15635 |||| 12.8372 
0.982805  0.184648  44.1875  87.4986  |||| 1.16745 |||| 553.218 
0.980116  0.198428  87.3964  54.7238  |||| 1.17854 |||| 325.027 
0.977177  0.212429  0.556677  0.830729  |||| 1.18961 |||| 4.65209 
0.973977  0.226649  0.973977  0.226649  |||| 1.20063 |||| 1.20063 
0.970505  0.241081  141.323  198.089  |||| 1.21159 |||| 995.522 
0.96675  0.255722  25.6405  6.78235  |||| 1.22247 |||| 32.4229 
0.962702  0.270563  6.12323e-17  1  |||| 1.23327 |||| 4.55813 
0.958349  0.285601  13.858  0  |||| 1.24395 |||| 17.9879 
0.953679  0.300825  31.8703  93.0529  |||| 1.2545 |||| 388.05 
0.948683  0.316228  0.714221  0.69992  |||| 1.26491 |||| 2.79968 
0.94335  0.331798  112.68  60.8084  |||| 1.27515 |||| 233.695 
0.937671  0.347525  1  0  |||| 1.2852 |||| 1.37063 
0.931633  0.363401  0.599862  0.800103  |||| 1.29504 |||| 2.85128 
0.925229  0.37941  133.552  54.766  |||| 1.30464 |||| 188.318 
0.91845  0.395536  6.44084  2.77379  |||| 1.31399 |||| 9.21463 
0.91129  0.411766  1.2272  0.506459  |||| 1.32306 |||| 1.78171 
0.903738  0.428087  5.31842  2.51925  |||| 1.33182 |||| 7.83767 
0.89579  0.444477  0.562327  6.1696  |||| 1.34027 |||| 18.6037 
0.887442  0.460919  17.1174  44.9545  |||| 1.34836 |||| 131.509 
0.878687  0.477398  184.802  0  |||| 1.35608 |||| 285.207 
0.869525  0.49389  0.869525  0.49389  |||| 1.36341 |||| 1.36341 
0.859951  0.510376  26.6119  15.794  |||| 1.37033 |||| 42.406 
0.849966  0.526838  0.19203  0.981389  |||| 1.3768 |||| 2.5647 
0.83957  0.543251  4.93702  7.51006  |||| 1.38282 |||| 19.1165 
0.828767  0.559594  317.351  0  |||| 1.38836 |||| 531.631 
0.817559  0.575845  67.928  77.5838  |||| 1.3934 |||| 187.734 
0.805952  0.591982  102.46  33.1876  |||| 1.39793 |||| 177.718 
0.793952  0.60798  81.0838  62.0911  |||| 1.40193 |||| 143.175 
0.781567  0.623821  242.463  193.526  |||| 1.40539 |||| 435.988 
0.76881  0.639478  0.991792  0.127864  |||| 1.40829 |||| 1.81674 
0.755689  0.654931  313.929  0  |||| 1.41062 |||| 586 
0.742218  0.670159  2.98746  0.115369  |||| 1.41238 |||| 5.68488 
0.728411  0.68514  1  0  |||| 1.41355 |||| 1.94059 
0.714285  0.699855  0.0153745  1.37378  |||| 1.41414 |||| 2.77589 
0.699855  0.714285  5.00466e-16  8.17323  |||| 1.41414 |||| 16.1813 
0.68514  0.728412  113.959  0  |||| 1.41355 |||| 235.116 
0.670158  0.742218  2.93702  2.56978  |||| 1.41238 |||| 6.18985 
0.654931  0.755689  0.315109  0.949056  |||| 1.41062 |||| 1.77157 
0.639478  0.76881  0.553152  0.833081  |||| 1.40829 |||| 1.52602 
0.623822  0.781567  15.4329  2.04199  |||| 1.40539 |||| 34.7683 
0.60798  0.793952  8.51893  11.1247  |||| 1.40193 |||| 19.6437 
0.591982  0.805952  34.0708  53.4713  |||| 1.39793 |||| 92.7466 
0.575845  0.817559  0.62069  0.881227  |||| 1.3934 |||| 1.50192 
0.559594  0.828767  0.755779  18.3504  |||| 1.38836 |||| 30.7408 
0.543251  0.83957  89.8876  16.2479  |||| 1.38282 |||| 228.805 
0.526838  0.849966  93.4187  17.2557  |||| 1.3768 |||| 244.134 
0.510377  0.859951  1  0  |||| 1.37033 |||| 2.68493 
0.49389  0.869524  0.49389  0.869524  |||| 1.36341 |||| 1.36341 
0.477397  0.878687  6.12323e-17  1  |||| 1.35609 |||| 1.54331 
0.46092  0.887442  1  0  |||| 1.34836 |||| 2.92537 
0.444477  0.89579  0.998196  0.0600358  |||| 1.34027 |||| 3.00994 
0.428087  0.903738  13.277  37.664  |||| 1.33182 |||| 55.5049 
0.411765  0.91129  27.5208  61.4011  |||| 1.32306 |||| 89.1452 
0.395536  0.91845  0.395536  0.91845  |||| 1.31399 |||| 1.31399 
0.379409  0.925229  76.9821  6.53767  |||| 1.30464 |||| 264.711 
0.363401  0.931633  0.993794  0.640426  |||| 1.29504 |||| 3.54152 
0.347525  0.937671  0.347525  0.937671  |||| 1.2852 |||| 1.2852 
0.331798  0.94335  0.331798  0.94335  |||| 1.27515 |||| 1.27515 
0.316228  0.948683  0.316228  0.948683  |||| 1.26491 |||| 1.26491 
0.300824  0.95368  0.300824  0.95368  |||| 1.2545 |||| 1.2545 
0.285601  0.958349  19.634  0  |||| 1.24395 |||| 85.5169 
0.270563  0.962702  6.90732  177.839  |||| 1.23327 |||| 227.82 
0.255722  0.96675  0.870748  1.11146  |||| 1.22247 |||| 4.16259 
0.241081  0.970505  27.1876  0  |||| 1.21159 |||| 136.635 
0.226649  0.973976  61.9843  21.2036  |||| 1.20063 |||| 328.348 
0.212429  0.977177  0.212429  0.977177  |||| 1.18961 |||| 1.18961 
0.198428  0.980116  39.5963  73.7936  |||| 1.17854 |||| 235.179 
0.184648  0.982805  0.184648  0.982805  |||| 1.16745 |||| 1.16745 
0.171092  0.985255  21.8416  32.605  |||| 1.15635 |||| 147.619 
0.15776  0.987477  131.296  138.742  |||| 1.14524 |||| 953.11 
0.144661  0.989481  0.974324  0.225149  |||| 1.13414 |||| 7.6387 
0.131788  0.991278  73.7338  104.152  |||| 1.12307 |||| 628.34 
0.119145  0.992877  0.819359  0.573281  |||| 1.11202 |||| 7.64734 
0.106732  0.994288  0.4344  13.808  |||| 1.10102 |||| 15.2902 
0.094545  0.995521  71.9846  180.288  |||| 1.09007 |||| 829.94 
0.0825866  0.996584  1  0  |||| 1.07917 |||| 13.0667 
0.0708591  0.997486  66.0824  37.8564  |||| 1.06835 |||| 996.32 
0.0593533  0.998237  1.18494e-14  193.515  |||| 1.05759 |||| 205.021 
0.0480709  0.998844  156.179  0  |||| 1.04692 |||| 3401.23 
0.0370113  0.999315  7.24379  195.584  |||| 1.03633 |||| 202.828 
0.0261687  0.999658  6.02303e-16  9.83635  |||| 1.02583 |||| 10.0938 
0.0155412  0.999879  1.10859  1.0025  |||| 1.01542 |||| 72.4282 
0.00512787  0.999987  78.3082  55.2221  |||| 1.00511 |||| 15348.4 
