0.69844  13.0918  0.69844  13.0918  |||| 38049.7 |||| 38049.7 
0.582715  11.4523  0.582715  11.4523  |||| 5772.49 |||| 5772.49 
0.158224  10.9128  0.158224  10.9128  |||| 318.698 |||| 318.698 
0.16047  12.3738  0.16047  12.3738  |||| 201.68 |||| 201.68 
0.796588  9.28682  0.796588  9.28682  |||| 0.811832 |||| 0.811832 
0.627553  11.7201  0.627553  11.7201  |||| 68.131 |||| 68.131 
0.590447  13.4033  0.590447  13.4033  |||| 89.6487 |||| 89.6487 
0.487543  12.8489  0.487543  12.8489  |||| 63.4703 |||| 63.4703 
0.286782  12.2446  0.286782  12.2446  |||| 44.5944 |||| 44.5944 
0.0983121  12.3423  0.0983121  12.3423  |||| 39.9244 |||| 39.9244 
0.250746  12.7722  0.250746  12.7722  |||| 40.1849 |||| 40.1849 
0.420077  13.9615  0.420077  13.9615  |||| 48.2227 |||| 48.2227 
0.990371  14.6045  0.990371  14.6045  |||| 49.632 |||| 49.632 
0.463136  13.0856  0.463136  13.0856  |||| 32.3725 |||| 32.3725 
0.448058  12.9436  0.448058  12.9436  |||| 28.6688 |||| 28.6688 
0.82096  11.6809  0.82096  11.6809  |||| 17.3789 |||| 17.3789 
0.17847  14.0453  0.17847  14.0453  |||| 32.1609 |||| 32.1609 
0.532794  12.4892  0.532794  12.4892  |||| 20.2473 |||| 20.2473 
0.23354  13.5859  0.23354  13.5859  |||| 25.5337 |||| 25.5337 
0.588698  11.5455  0.588698  11.5455  |||| 12.6487 |||| 12.6487 
0.513822  14.074  0.513822  14.074  |||| 25.3592 |||| 25.3592 
0.151754  12.0512  0.151754  12.0512  |||| 13.8926 |||| 13.8926 
0.894244  11.6229  0.894244  11.6229  |||| 11.1674 |||| 11.1674 
0.566431  12.7968  0.566431  12.7968  |||| 15.9992 |||| 15.9992 
0.721469  12.6613  0.721469  12.6613  |||| 14.6976 |||| 14.6976 
0.0654025  11.4121  0.0654025  11.4121  |||| 8.86285 |||| 8.86285 
0.0364683  14.4394  0.0364683  14.4394  |||| 20.6103 |||| 20.6103 
0.844138  10.1545  0.844138  10.1545  |||| 3.33477 |||| 3.33477 
0.380039  12.0211  0.380039  12.0211  |||| 10.1118 |||| 10.1118 
0.37202  13.3952  0.37202  13.3952  |||| 14.6409 |||| 14.6409 
0.843909  11.3503  0.843909  11.3503  |||| 7.09542 |||| 7.09542 
0.853063  10.2123  0.853063  10.2123  |||| 3.07453 |||| 3.07453 
0.956319  12.4265  0.956319  12.4265  |||| 10.0881 |||| 10.0881 
0.756392  10.0041  0.756392  10.0041  |||| 2.23164 |||| 2.23164 
0.337687  12.7085  0.337687  12.7085  |||| 10.3177 |||| 10.3177 
0.583865  11.3061  0.583865  11.3061  |||| 5.90716 |||| 5.90716 
0.346419  13.3287  0.346419  13.3287  |||| 11.4812 |||| 11.4812 
0.652626  13.0574  0.652626  13.0574  |||| 10.4088 |||| 10.4088 
0.655094  11.2155  0.655094  11.2155  |||| 5.1784 |||| 5.1784 
0.883202  11.2192  0.883202  11.2192  |||| 5.04987 |||| 5.04987 
0.111647  15.0869  0.111647  15.0869  |||| 14.7638 |||| 14.7638 
0.300247  11.7272  0.300247  11.7272  |||| 6.05455 |||| 6.05455 
0.46998  12.1088  0.46998  12.1088  |||| 6.82852 |||| 6.82852 
0.0760878  13.526  0.0760878  13.526  |||| 10.0106 |||| 10.0106 
0.540019  10.9694  0.540019  10.9694  |||| 3.87977 |||| 3.87977 
0.0899967  12.7971  0.0899967  12.7971  |||| 7.90812 |||| 7.90812 
0.364118  11.5371  0.364118  11.5371  |||| 4.95573 |||| 4.95573 
0.917554  11.8862  0.917554  11.8862  |||| 5.59855 |||| 5.59855 
0.0664149  12.8185  0.0664149  12.8185  |||| 7.44303 |||| 7.44303 
0.789662  10.8544  0.789662  10.8544  |||| 3.23421 |||| 3.23421 
0.675238  11.9933  0.675238  11.9933  |||| 5.46884 |||| 5.46884 
0.742228  12.9736  0.742228  12.9736  |||| 7.29915 |||| 7.29915 
0.145632  11.02  0.145632  11.02  |||| 3.36346 |||| 3.36346 
0.0412843  13.3749  0.0412843  13.3749  |||| 7.77919 |||| 7.77919 
0.43022  12.6144  0.43022  12.6144  |||| 6.21139 |||| 6.21139 
0.812966  12.8529  0.812966  12.8529  |||| 6.5322 |||| 6.5322 
0.389256  12.9708  0.389256  12.9708  |||| 6.62445 |||| 6.62445 
0.264555  13.2556  0.264555  13.2556  |||| 7.00792 |||| 7.00792 
0.646019  11.3058  0.646019  11.3058  |||| 3.50196 |||| 3.50196 
0.944525  10.5463  0.944525  10.5463  |||| 2.27229 |||| 2.27229 
0.0188792  13.5723  0.0188792  13.5723  |||| 7.17915 |||| 7.17915 
0.896657  9.93846  0.896657  9.93846  |||| 2.26849 |||| 2.26849 
0.224455  12.4203  0.224455  12.4203  |||| 5.07574 |||| 5.07574 
0.142221  14.6583  0.142221  14.6583  |||| 8.55948 |||| 8.55948 
0.85414  10.7613  0.85414  10.7613  |||| 2.34282 |||| 2.34282 
0.874531  9.46069  0.874531  9.46069  |||| 2.46865 |||| 2.46865 
0.920642  10.855  0.920642  10.855  |||| 2.67723 |||| 2.67723 
0.347506  11.2359  0.347506  11.2359  |||| 2.91618 |||| 2.91618 
0.713815  11.1874  0.713815  11.1874  |||| 2.8008 |||| 2.8008 
0.531845  13.6044  0.531845  13.6044  |||| 6.26841 |||| 6.26841 
0.0669053  12.8859  0.0669053  12.8859  |||| 5.149 |||| 5.149 
0.186525  10.2955  0.186525  10.2955  |||| 1.4223 |||| 1.4223 
0.00546576  10.7904  0.00546576  10.7904  |||| 2.09006 |||| 2.09006 
0.728517  14.0277  0.728517  14.0277  |||| 6.498 |||| 6.498 
0.817708  12.4313  0.817708  12.4313  |||| 4.25046 |||| 4.25046 
0.400546  12.7906  0.400546  12.7906  |||| 4.67171 |||| 4.67171 
0.528234  13.6132  0.528234  13.6132  |||| 5.69113 |||| 5.69113 
0.405428  11.4049  0.405428  11.4049  |||| 2.74936 |||| 2.74936 
0.204424  12.3899  0.204424  12.3899  |||| 3.97513 |||| 3.97513 
0.180376  13.6716  0.180376  13.6716  |||| 5.54464 |||| 5.54464 
0.6074  14.659  0.6074  14.659  |||| 6.70667 |||| 6.70667 
0.898982  10.6047  0.898982  10.6047  |||| 4.73321 |||| 4.73321 
0.741318  9.34885  0.741318  9.34885  |||| 4.12078 |||| 4.12078 
0.761492  12.94  0.761492  12.94  |||| 4.49034 |||| 4.49034 
0.944851  11.4091  0.944851  11.4091  |||| 5.93935 |||| 5.93935 
0.447215  12.3023  0.447215  12.3023  |||| 3.53911 |||| 3.53911 
0.780389  12.4834  0.780389  12.4834  |||| 5.62537 |||| 5.62537 
0.858144  10.6247  0.858144  10.6247  |||| 6.685 |||| 6.685 
0.970174  12.6131  0.970174  12.6131  |||| 8.22099 |||| 8.22099 
0.494901  13.9199  0.494901  13.9199  |||| 5.18901 |||| 5.18901 
0.0245272  12.9585  0.0245272  12.9585  |||| 4.06581 |||| 4.06581 
0.423839  12.462  0.423839  12.462  |||| 4.82359 |||| 4.82359 
0.4181  12.349  0.4181  12.349  |||| 5.39176 |||| 5.39176 
0.266269  13.0373  0.266269  13.0373  |||| 4.01692 |||| 4.01692 
0.516613  13.1562  0.516613  13.1562  |||| 9.10773 |||| 9.10773 
0.557885  12.0958  0.557885  12.0958  |||| 12.0305 |||| 12.0305 
0.164648  14.9031  0.164648  14.9031  |||| 5.82431 |||| 5.82431 
0.764709  11.6819  0.764709  11.6819  |||| 29.7623 |||| 29.7623 
0.348769  11.7338  0.348769  11.7338  |||| 22.4292 |||| 22.4292 
0.223178  12.7513  0.223178  12.7513  |||| 42.6715 |||| 42.6715 
0.857924  2.30709  0.855442  2.30762  |||| 0.857924 |||| 6.15284 
0.000168696  3.99983  1  3.01681  |||| 1.69283 |||| 10000 
0.848854  2.31136  0.1779  3.65581  |||| 0.853207 |||| 264.365 
0.841082  2.32008  0.250763  3.58529  |||| 0.854156 |||| 83.5146 
0.83566  2.32888  0.360758  3.73145  |||| 0.857538 |||| 55.8384 
0.83119  2.33779  0.843134  2.33348  |||| 0.861975 |||| 0.874361 
0.827267  2.34682  0.524113  3.98652  |||| 0.867081 |||| 36.5762 
0.823704  2.35598  0.307662  3.61862  |||| 0.872681 |||| 23.3707 
0.820402  2.36528  0.741555  2.79096  |||| 0.878682 |||| 7.29661 
0.817293  2.37473  0.817293  2.3918  |||| 0.885025 |||| 1.10802 
0.814337  2.38434  0.73559  2.83178  |||| 0.891676 |||| 6.05031 
0.811502  2.39411  0.811502  2.39411  |||| 0.898612 |||| 0.898612 
0.808765  2.40406  0.787073  2.49948  |||| 0.905817 |||| 1.79647 
0.806108  2.41417  0.71896  2.94087  |||| 0.913279 |||| 5.40166 
0.803519  2.42448  0.803519  2.44362  |||| 0.920992 |||| 1.07103 
0.800984  2.43497  0.800984  2.45157  |||| 0.928952 |||| 1.04944 
0.798496  2.44566  0.631757  3.57237  |||| 0.937156 |||| 8.55215 
0.796045  2.45656  0.809618  2.4009  |||| 0.945605 |||| 0.961728 
0.793626  2.46768  0.220063  3.58716  |||| 0.954299 |||| 7.60335 
0.791232  2.47901  1  3.00592  |||| 0.963239 |||| 3.91394 
0.788859  2.49057  0.779481  2.5738  |||| 0.972431 |||| 1.41329 
0.786501  2.50238  0.1326  3.75859  |||| 0.981874 |||| 7.29513 
0.784155  2.51442  0.474378  3.98986  |||| 0.991576 |||| 8.04484 
0.781816  2.52673  0.091141  3.89833  |||| 1.00154 |||| 7.25348 
0.779481  2.5393  0.594516  3.78546  |||| 1.01178 |||| 6.43949 
0.777147  2.55214  1  3  |||| 1.02229 |||| 2.88994 
0.774812  2.56527  0.540583  3.96094  |||| 1.03308 |||| 6.61573 
0.77247  2.5787  0.738455  2.8028  |||| 1.04417 |||| 1.9054 
0.770121  2.59243  0.770121  2.59243  |||| 1.05555 |||| 1.05555 
0.767761  2.60648  0  4.03687  |||| 1.06724 |||| 6.16461 
0.765389  2.62086  0.72077  2.92744  |||| 1.07925 |||| 2.13345 
0.762999  2.63559  0.766889  2.73628  |||| 1.09159 |||| 1.42607 
0.760591  2.65067  0.8591  2.30701  |||| 1.10426 |||| 1.24729 
0.75816  2.66613  1  3.01329  |||| 1.11729 |||| 2.19735 
0.755707  2.68197  0.849267  2.31102  |||| 1.13068 |||| 1.27066 
0.753227  2.69821  0.767761  2.60648  |||| 1.14444 |||| 1.16652 
0.750717  2.71487  0.750717  2.72583  |||| 1.15859 |||| 1.1897 
0.748174  2.73197  0.187832  3.62806  |||| 1.17314 |||| 3.64686 
0.745597  2.74951  0.745597  2.77658  |||| 1.18811 |||| 1.26077 
0.742981  2.76753  0.675758  3.26641  |||| 1.20351 |||| 2.50726 
0.740324  2.78604  0.740324  2.79365  |||| 1.21936 |||| 1.23873 
0.737622  2.80505  1  3.0053  |||| 1.23567 |||| 1.73247 
0.734872  2.82461  0.0308097  3.96037  |||| 1.25248 |||| 4.00074 
0.73207  2.84472  0.783249  2.51915  |||| 1.26978 |||| 1.35856 
0.729211  2.86541  0.0526367  3.92797  |||| 1.28762 |||| 3.73777 
0.726293  2.8867  0.726293  2.8867  |||| 1.306 |||| 1.306 
0.723311  2.90863  0.939651  2.57498  |||| 1.32494 |||| 1.72123 
0.720258  2.93122  0.753049  2.69939  |||| 1.34448 |||| 1.40569 
0.717131  2.95451  0.0981512  3.83472  |||| 1.36464 |||| 3.21969 
0.713923  2.97852  0.737622  2.84592  |||| 1.38544 |||| 1.43143 
0.71063  3.00328  1  3  |||| 1.4069 |||| 1.9798 
0.707244  3.02883  0.707244  3.02883  |||| 1.42907 |||| 1.42907 
0.703757  3.05521  0.678943  3.27884  |||| 1.45196 |||| 1.88593 
0.700163  3.08245  0.439287  3.94438  |||| 1.47561 |||| 3.11578 
0.696452  3.1106  0  4.01216  |||| 1.50005 |||| 3.18296 
0.692614  3.13969  0.0338459  4.01035  |||| 1.52531 |||| 3.12015 
0.688639  3.16977  1  3.01248  |||| 1.55141 |||| 2.25287 
0.684512  3.2009  0.595473  3.77477  |||| 1.57841 |||| 2.59172 
0.680224  3.23309  0.751741  2.70805  |||| 1.60631 |||| 1.7752 
0.675758  3.26641  0.696837  3.10768  |||| 1.63517 |||| 1.68618 
0.671095  3.3009  0.860151  2.31607  |||| 1.665 |||| 2.13405 
0.666216  3.33661  0.834981  2.34058  |||| 1.69582 |||| 2.12541 
0.661099  3.37358  0.868504  2.31027  |||| 1.72767 |||| 2.26969 
0.655716  3.41184  0.739049  2.79499  |||| 1.76055 |||| 1.9843 
0.650036  3.45143  0.811278  2.39491  |||| 1.79447 |||| 2.23958 
0.644024  3.49237  0.490282  3.99794  |||| 1.8294 |||| 2.60964 
0.637633  3.53468  0.817884  2.40702  |||| 1.86531 |||| 2.39262 
0.251411  3.57319  0.848768  2.33157  |||| 1.89445 |||| 2.55936 
0.251411  3.57319  0  4  |||| 1.86597 |||| 2.49494 
0.251411  3.57319  0.467529  3.98399  |||| 1.83832 |||| 2.43474 
0.251411  3.57319  0.251411  3.57319  |||| 1.81148 |||| 1.81148 
0.251411  3.57319  0.673695  3.28967  |||| 1.78542 |||| 2.31657 
0.251411  3.57319  0.569888  3.91778  |||| 1.76009 |||| 2.23909 
0.251411  3.57319  0.251411  3.57319  |||| 1.73548 |||| 1.73548 
0.251411  3.57319  0.66763  3.32631  |||| 1.71154 |||| 2.56579 
0.251411  3.57319  0.265875  3.57625  |||| 1.68825 |||| 1.69232 
0.251411  3.57319  0.131661  3.74378  |||| 1.66559 |||| 1.88999 
0.251411  3.57319  1  3  |||| 1.64353 |||| 4.35555 
0.251411  3.57319  0.251411  3.57669  |||| 1.62205 |||| 1.62652 
0.251411  3.57319  0.815608  2.43921  |||| 1.60112 |||| 3.899 
0.251411  3.57319  0.251411  3.57319  |||| 1.58072 |||| 1.58072 
0.251411  3.57319  1  3.01864  |||| 1.56084 |||| 5.29728 
0.251411  3.57319  0.434772  3.92194  |||| 1.54145 |||| 2.43473 
0.251411  3.57319  0.814337  2.38434  |||| 1.52253 |||| 4.83668 
0.238352  3.57566  0.680224  3.23309  |||| 1.507 |||| 4.30078 
0.222013  3.5855  0.222013  3.5999  |||| 1.50051 |||| 1.51741 
0.206744  3.60109  0.206744  3.60109  |||| 1.50083 |||| 1.50083 
0.192137  3.62124  0.726651  2.88408  |||| 1.50637 |||| 5.69695 
0.177908  3.64518  0.319283  3.63856  |||| 1.51609 |||| 2.72085 
0.163844  3.67237  0.769054  2.59876  |||| 1.52921 |||| 7.17782 
0.149781  3.70233  0.149781  3.70233  |||| 1.54511 |||| 1.54511 
0.13558  3.73462  0  4  |||| 1.5632 |||| 1.85378 
0.121136  3.76871  0.659258  3.43575  |||| 1.58284 |||| 8.61431 
0.106346  3.80404  1  3.01286  |||| 1.60338 |||| 15.0769 
0.091141  3.83985  0.50206  3.99991  |||| 1.62399 |||| 8.9458 
0.0754765  3.87525  0  4.02711  |||| 1.64372 |||| 1.80289 
0.0593387  3.90918  1  3.0111  |||| 1.66151 |||| 28 
0.0427608  3.94047  0.0427608  3.98708  |||| 1.67622 |||| 1.72405 
0.0258176  3.96796  0.0258176  3.96796  |||| 1.68678 |||| 1.68678 
0.00863367  3.99066  0.651255  3.44828  |||| 1.69229 |||| 127.646 
