2.10902  1.5888  2.10902  1.5888  |||| 11197.7 |||| 11197.7 
2.8848  1.74959  2.8848  1.74959  |||| 14912.5 |||| 14912.5 
2.33058  2.06536  2.33058  2.06536  |||| 312.881 |||| 312.881 
2.94535  1.55903  2.94535  1.55903  |||| 71.2136 |||| 71.2136 
1.61964  2.27806  1.61964  2.27806  |||| 70.9139 |||| 70.9139 
2.26477  2.26779  2.26477  2.26779  |||| 50.3653 |||| 50.3653 
1.78974  2.53696  1.78974  2.53696  |||| 45.035 |||| 45.035 
1.73796  1.51324  1.73796  1.51324  |||| 18.6059 |||| 18.6059 
3.84722  2.58424  3.84722  2.58424  |||| 31.8909 |||| 31.8909 
1.96012  1.4269  1.96012  1.4269  |||| 12.5162 |||| 12.5162 
2.72648  2.34318  2.72648  2.34318  |||| 21.6079 |||| 21.6079 
3.27564  1.09238  3.27564  1.09238  |||| 6.4304 |||| 6.4304 
2.23335  1.86107  2.23335  1.86107  |||| 12.9924 |||| 12.9924 
2.5016  1.00123  2.5016  1.00123  |||| 4.53528 |||| 4.53528 
2.52218  2.43168  2.52218  2.43168  |||| 15.3872 |||| 15.3872 
2.75149  1.08161  2.75149  1.08161  |||| 4.44687 |||| 4.44687 
2.95008  1.46026  2.95008  1.46026  |||| 6.6994 |||| 6.6994 
3.03106  2.36552  3.03106  2.36552  |||| 11.9907 |||| 11.9907 
2.40743  2.21514  2.40743  2.21514  |||| 10.3708 |||| 10.3708 
2.12809  1.35163  2.12809  1.35163  |||| 4.94256 |||| 4.94256 
2.19129  2.14611  2.19129  2.14611  |||| 8.88398 |||| 8.88398 
3.06044  1.62509  3.06044  1.62509  |||| 5.80993 |||| 5.80993 
2.47657  1.66977  2.47657  1.66977  |||| 5.74013 |||| 5.74013 
3.17857  1.82895  3.17857  1.82895  |||| 6.19873 |||| 6.19873 
2.5576  1.75977  2.5576  1.75977  |||| 5.6219 |||| 5.6219 
2.15565  1.28243  2.15565  1.28243  |||| 3.39205 |||| 3.39205 
1.59704  1.80442  1.59704  1.80442  |||| 5.34157 |||| 5.34157 
1.74932  2.81132  1.74932  2.81132  |||| 9.00174 |||| 9.00174 
2.52535  2.06179  2.52535  2.06179  |||| 5.8902 |||| 5.8902 
2.6724  2.28042  2.6724  2.28042  |||| 6.45514 |||| 6.45514 
1.79483  2.22467  1.79483  2.22467  |||| 6.03697 |||| 6.03697 
2.30622  1.0899  2.30622  1.0899  |||| 2.06256 |||| 2.06256 
2.23241  1.66246  2.23241  1.66246  |||| 3.83464 |||| 3.83464 
2.18559  1.9276  2.18559  1.9276  |||| 4.53778 |||| 4.53778 
2.49939  1.57626  2.49939  1.57626  |||| 3.33872 |||| 3.33872 
2.4628  1.92178  2.4628  1.92178  |||| 4.24984 |||| 4.24984 
2.59867  2.4051  2.59867  2.4051  |||| 5.49955 |||| 5.49955 
2.21229  2.60388  2.21229  2.60388  |||| 5.89339 |||| 5.89339 
2.97943  1.41791  2.97943  1.41791  |||| 2.54767 |||| 2.54767 
1.41587  2.1362  1.41587  2.1362  |||| 4.35689 |||| 4.35689 
3.72116  1.48279  3.72116  1.48279  |||| 3.8337 |||| 3.8337 
2.43985  1.184  2.43985  1.184  |||| 1.77387 |||| 1.77387 
1.4107  2.40894  1.4107  2.40894  |||| 4.6941 |||| 4.6941 
2.57725  2.84498  2.57725  2.84498  |||| 5.6107 |||| 5.6107 
1.81336  1.72742  1.81336  1.72742  |||| 2.90172 |||| 2.90172 
2.6793  1.81588  2.6793  1.81588  |||| 3.03429 |||| 3.03429 
1.74353  2.66016  1.74353  2.66016  |||| 4.82542 |||| 4.82542 
2.89349  1.78574  2.89349  1.78574  |||| 2.836 |||| 2.836 
1.62476  2.26644  1.62476  2.26644  |||| 3.7881 |||| 3.7881 
1.688  2.01929  1.688  2.01929  |||| 3.19842 |||| 3.19842 
3.50551  2.36609  3.50551  2.36609  |||| 4.18126 |||| 4.18126 
1.75084  2.63721  1.75084  2.63721  |||| 4.29256 |||| 4.29256 
2.67039  1.95034  2.67039  1.95034  |||| 2.87462 |||| 2.87462 
2.10845  2.01522  2.10845  2.01522  |||| 2.94227 |||| 2.94227 
2.05504  2.28327  2.05504  2.28327  |||| 3.38659 |||| 3.38659 
2.01292  1.45249  2.01292  1.45249  |||| 1.80148 |||| 1.80148 
2.15101  2.14448  2.15101  2.14448  |||| 3.01274 |||| 3.01274 
3.28282  2.39267  3.28282  2.39267  |||| 4.35644 |||| 4.35644 
3.18109  2.16007  3.18109  2.16007  |||| 4.22118 |||| 4.22118 
2.64571  1.7393  2.64571  1.7393  |||| 3.02991 |||| 3.02991 
1.98066  1.3834  1.98066  1.3834  |||| 1.53177 |||| 1.53177 
2.72378  2.02478  2.72378  2.02478  |||| 3.38605 |||| 3.38605 
2.47438  1.593  2.47438  1.593  |||| 2.82456 |||| 2.82456 
1.79286  2.42485  1.79286  2.42485  |||| 3.11659 |||| 3.11659 
3.16396  2.03656  3.16396  2.03656  |||| 4.88732 |||| 4.88732 
2.06866  1.55081  2.06866  1.55081  |||| 1.91769 |||| 1.91769 
2.09796  1.1921  2.09796  1.1921  |||| 2.06067 |||| 2.06067 
2.88276  2.42931  2.88276  2.42931  |||| 4.49054 |||| 4.49054 
2.7802  1.8122  2.7802  1.8122  |||| 4.314 |||| 4.314 
2.83565  1.21825  2.83565  1.21825  |||| 4.63364 |||| 4.63364 
2.92812  1.76344  2.92812  1.76344  |||| 5.0979 |||| 5.0979 
2.28683  2.09718  2.28683  2.09718  |||| 3.07162 |||| 3.07162 
2.78414  0.720727  2.78414  0.720727  |||| 4.95556 |||| 4.95556 
2.00404  2.03139  2.00404  2.03139  |||| 2.25766 |||| 2.25766 
2.10809  2.2501  2.10809  2.2501  |||| 2.74607 |||| 2.74607 
2.6918  1.29199  2.6918  1.29199  |||| 5.193 |||| 5.193 
2.64859  1.3494  2.64859  1.3494  |||| 5.23376 |||| 5.23376 
2.75317  1.98904  2.75317  1.98904  |||| 5.9219 |||| 5.9219 
2.77183  1.73608  2.77183  1.73608  |||| 6.28237 |||| 6.28237 
3.52887  1.7675  3.52887  1.7675  |||| 10.2078 |||| 10.2078 
2.66091  1.91018  2.66091  1.91018  |||| 6.36926 |||| 6.36926 
2.56389  2.00836  2.56389  2.00836  |||| 6.19962 |||| 6.19962 
2.37527  1.25025  2.37527  1.25025  |||| 5.49762 |||| 5.49762 
2.55421  1.48853  2.55421  1.48853  |||| 6.89362 |||| 6.89362 
2.00683  2.04021  2.00683  2.04021  |||| 3.87752 |||| 3.87752 
3.30058  0.469028  3.30058  0.469028  |||| 12.8889 |||| 12.8889 
2.10978  2.01134  2.10978  2.01134  |||| 5.19925 |||| 5.19925 
1.81946  2.17942  1.81946  2.17942  |||| 3.33908 |||| 3.33908 
2.10827  1.63243  2.10827  1.63243  |||| 6.0906 |||| 6.0906 
2.30131  2.21462  2.30131  2.21462  |||| 8.47236 |||| 8.47236 
4.09831  1.48171  4.09831  1.48171  |||| 27.9017 |||| 27.9017 
1.39355  2.48409  1.39355  2.48409  |||| 2.20644 |||| 2.20644 
3.61691  1.35126  3.61691  1.35126  |||| 29.0518 |||| 29.0518 
2.92208  1.22821  2.92208  1.22821  |||| 23.0456 |||| 23.0456 
2.5938  2.27852  2.5938  2.27852  |||| 21.3862 |||| 21.3862 
2.53494  1.12169  2.53494  1.12169  |||| 24.8569 |||| 24.8569 
2.31097  1.54049  2.31097  1.54049  |||| 25.6877 |||| 25.6877 
2.24659  1.84578  2.24659  1.84578  |||| 33.4389 |||| 33.4389 
2.39093  1.80399  2.39093  1.80399  |||| 65.1618 |||| 65.1618 
2.38317  1.38568  2.38317  1.38568  |||| 193.966 |||| 193.966 
0.99998  0.000108845  4.71654  4.31679  |||| 0.999944 |||| 43167.7 
7.66552e-05  1  1.17986  0.859225  |||| 0.999988 |||| 11798.2 
0.998835  0.00417745  4.53916  3.11745  |||| 1.00392 |||| 611.018 
0.987868  0.0139989  3.50826  2.7526  |||| 1.00319 |||| 179.836 
0.98788  0.0225048  1.29423  0.23187  |||| 1.0137 |||| 9.08881 
0.967964  0.0356894  1.07811  1.75455  |||| 1.00378 |||| 49.1271 
0.962382  0.0459055  0.525932  1.54909  |||| 1.00866 |||| 33.7354 
0.94752  0.0554737  3.15441  2.30733  |||| 1.00382 |||| 41.1123 
0.937621  0.0663455  3.3407  2.793  |||| 1.00419 |||| 42.1097 
0.923759  0.076554  0.383823  0.617404  |||| 1.00028 |||| 8.06725 
0.915549  0.0869684  0.567399  0.619105  |||| 1.00255 |||| 7.13777 
0.905086  0.0968959  1.21573  0.924046  |||| 1.0022 |||| 9.53212 
0.899765  0.106139  0.203099  2.02537  |||| 1.0077 |||| 18.9033 
0.887471  0.117924  1.10856  1.19838  |||| 1.00542 |||| 10.2122 
0.876077  0.126977  1.675  1.93507  |||| 1.00412 |||| 15.1708 
0.867846  0.13851  1.14456  0.23339  |||| 1.00645 |||| 1.69414 
0.854395  0.148025  1.02397  1.90315  |||| 1.00272 |||| 12.8626 
0.844819  0.158418  0.674645  0.402726  |||| 1.0035 |||| 2.54619 
0.833176  0.168608  0.568056  0.490999  |||| 1.00181 |||| 2.91617 
0.822459  0.178737  0.490264  0.558389  |||| 1.00121 |||| 3.12691 
0.811748  0.188651  3.56784  2.70402  |||| 1.0006 |||| 14.3239 
0.801382  0.19888  0.759121  0.71433  |||| 1.00041 |||| 3.58989 
0.792498  0.209404  0.125124  1.13196  |||| 1.00208 |||| 5.41124 
0.784097  0.220145  1.69877  2.73593  |||| 1.00442 |||| 12.4707 
0.77199  0.229795  1.82929  1.17358  |||| 1.00201 |||| 5.11153 
0.763921  0.240812  4.40671  3.20215  |||| 1.00484 |||| 13.3536 
0.760766  0.245122  0.467941  1.70609  |||| 1.01431 |||| 6.82432 
0.747625  0.263012  0.508043  2.62668  |||| 1.01074 |||| 10.0946 
0.731994  0.271298  1.44196  1.0343  |||| 1.00325 |||| 3.8249 
0.727129  0.28357  3.41875  2.56059  |||| 1.01071 |||| 9.12496 
0.711669  0.291538  1.59668  1.28611  |||| 1.00345 |||| 4.42237 
0.702497  0.301232  1.22514  0.630162  |||| 1.00498 |||| 2.09338 
0.691267  0.312336  2.23856  1.29001  |||| 1.00357 |||| 4.14492 
0.689878  0.318762  0.514953  1.68063  |||| 1.01661 |||| 5.22858 
0.677115  0.33984  0.762156  0.409984  |||| 1.02471 |||| 1.23622 
0.659413  0.342594  0.992513  0.693711  |||| 1.00218 |||| 2.02932 
0.653258  0.354359  1.28047  0.814833  |||| 1.00812 |||| 2.31456 
0.641572  0.364391  1.01314  1.47935  |||| 1.00593 |||| 4.08381 
0.628687  0.37304  0.0905175  1.61303  |||| 1.00175 |||| 4.33083 
0.618198  0.38399  3.00181  3.12202  |||| 1.00346 |||| 8.15885 
0.609825  0.394489  2.76232  2.04185  |||| 1.00436 |||| 5.1974 
0.600157  0.405158  4.30731  2.34806  |||| 1.00533 |||| 7.2156 
0.588703  0.414346  4.869  4.30963  |||| 1.00329 |||| 10.4282 
0.57815  0.424376  2.68702  2.64655  |||| 1.00275 |||| 6.24967 
0.567758  0.434906  0.609755  0.515188  |||| 1.00281 |||| 1.18793 
0.557432  0.444864  0.477477  1.3801  |||| 1.00229 |||| 3.10916 
0.546854  0.454675  4.65682  4.31637  |||| 1.00165 |||| 9.50568 
0.536714  0.465153  0.871107  0.34835  |||| 1.00184 |||| 1.626 
0.526262  0.475164  1.8684  1.80461  |||| 1.00139 |||| 3.80324 
0.516208  0.485244  0.537344  0.513693  |||| 1.00168 |||| 1.0598 
0.505852  0.495618  4.14764  3.33363  |||| 1.00143 |||| 8.21143 
0.495693  0.506012  5.36272  3.52336  |||| 1.00178 |||| 10.8359 
0.485185  0.516024  1.51595  1.47058  |||| 1.00137 |||| 3.12757 
0.475073  0.52618  0.888261  0.813996  |||| 1.00125 |||| 1.87196 
0.464493  0.536088  0.568533  0.631974  |||| 1.00067 |||| 1.22446 
0.454354  0.546162  0.514061  1.76543  |||| 1.00052 |||| 3.23385 
0.444114  0.556461  0.555354  1.52517  |||| 1.00059 |||| 2.74249 
0.433895  0.566543  1.20499  0.575803  |||| 1.00043 |||| 2.77847 
0.423687  0.576801  5.27388  4.52561  |||| 1.00045 |||| 12.4539 
0.41336  0.586948  1.53034  1.13005  |||| 1.00034 |||| 3.70295 
0.403289  0.59699  0.925933  0.0749517  |||| 1.00048 |||| 2.29717 
0.392993  0.607301  1.83996  2.19525  |||| 1.00026 |||| 4.68343 
0.382713  0.617613  3.64879  3.50972  |||| 1.00041 |||| 9.53542 
0.372628  0.627871  0.558531  0.756602  |||| 1.00049 |||| 1.49952 
0.362289  0.63803  1.05845  0.191138  |||| 1.00041 |||| 2.92182 
0.352097  0.648143  0.760183  0.975445  |||| 1.00026 |||| 2.15926 
0.341943  0.658255  0.372524  0.628427  |||| 1.00021 |||| 1.08967 
0.331667  0.668544  0.338519  0.675317  |||| 1.00025 |||| 1.02065 
0.321529  0.678711  1.48959  1.30094  |||| 1.0002 |||| 4.63415 
0.311306  0.68887  1.79584  1.39022  |||| 1.00015 |||| 5.77014 
0.301071  0.699095  0.600213  0.986403  |||| 1.00015 |||| 1.99381 
0.290856  0.709278  0.0006203  1.00087  |||| 1.00011 |||| 1.41128 
0.280698  0.719428  2.06862  1.0778  |||| 1.00018 |||| 7.37169 
0.270468  0.729681  2.80905  1.70054  |||| 1.0001 |||| 10.3881 
0.260263  0.739882  3.92333  2.72551  |||| 1.0001 |||| 15.0778 
0.250055  0.750141  0.968966  2.62329  |||| 1.00017 |||| 3.87572 
0.239834  0.760308  0.224954  0.775166  |||| 1.00012 |||| 1.01966 
0.229614  0.770497  1.31835  0.34876  |||| 1.0001 |||| 5.74199 
0.219426  0.780667  0.361064  0.918922  |||| 1.00005 |||| 1.64561 
0.20924  0.790915  3.21428  3.59627  |||| 1.00011 |||| 15.3656 
0.199025  0.801088  1.77128  1.75541  |||| 1.00007 |||| 8.90164 
0.188824  0.811267  2.40946  1.40947  |||| 1.00006 |||| 12.7634 
0.178598  0.821515  0.269119  0.883434  |||| 1.00009 |||| 1.50687 
0.168404  0.831687  0.269813  1.34874  |||| 1.00005 |||| 1.62178 
0.158201  0.841903  1.23151  1.15562  |||| 1.00006 |||| 7.78613 
0.147968  0.85215  3.02347  1.29215  |||| 1.00011 |||| 20.4343 
0.137756  0.862332  0.439036  1.3774  |||| 1.00009 |||| 3.18682 
0.127568  0.872533  4.78004  4.04871  |||| 1.00008 |||| 37.4753 
0.117384  0.882714  0.409367  1.22936  |||| 1.00005 |||| 3.48821 
0.10717  0.892948  0.813883  0.678478  |||| 1.00009 |||| 7.5959 
0.0969357  0.903131  0.0013224  1.00171  |||| 1.00006 |||| 1.10922 
0.0867568  0.913417  1.22547  0.312902  |||| 1.00015 |||| 14.1286 
0.0764769  0.923643  0.372915  0.634312  |||| 1.00017 |||| 4.87229 
0.0662739  0.933921  3.18086  1.8022  |||| 1.00025 |||| 47.9571 
0.0560672  0.944118  0.241286  0.79537  |||| 1.00024 |||| 4.29864 
0.0459155  0.95414  5.17238  4.66512  |||| 1.00005 |||| 112.642 
0.0357522  0.964354  0.16402  1.13795  |||| 1.00006 |||| 4.59157 
0.0243441  0.975893  0.229258  1.23407  |||| 1.00143 |||| 8.98553 
0.0114413  0.988623  0.713418  1.55486  |||| 1.00398 |||| 46.6077 
0.0045047  1  0.0287115  1.03787  |||| 1.00512 |||| 5.62047 
