1.00006 9.12376e-05
0.000684758 0.999439
0.999488 0.0048796
0.991634 0.0145021
0.984134 0.023991
0.97085 0.0345363
0.961425 0.0453147
0.944271 0.0561071
0.934837 0.0660159
0.923659 0.0764938
0.916518 0.0865709
0.910533 0.097305
0.899651 0.106482
0.883466 0.117335
0.879913 0.12776
0.866391 0.137495
0.863414 0.148202
0.842674 0.158129
0.834432 0.168753
0.823985 0.178871
0.811647 0.188733
0.801811 0.198877
0.792937 0.209526
0.782921 0.219768
0.779808 0.230752
0.763285 0.240424
0.760762 0.249346
0.760762 0.249346
0.730932 0.270742
0.721293 0.280751
0.720067 0.29327
0.706996 0.305361
0.690446 0.311392
0.681231 0.322156
0.670804 0.332384
0.668815 0.344625
0.648973 0.352865
0.638576 0.36227
0.634285 0.374974
0.617949 0.382666
0.60763 0.392778
0.599156 0.403853
0.588744 0.413624
0.579098 0.425137
0.566918 0.433689
0.557741 0.444396
0.547116 0.454442
0.537925 0.46502
0.527938 0.475432
0.516822 0.486139
0.505548 0.494722
0.496176 0.505855
0.485396 0.515516
0.475496 0.525869
0.464712 0.535563
0.454614 0.545971
0.444439 0.556065
0.434726 0.566923
0.423887 0.576269
0.413686 0.586539
0.403561 0.59687
0.393354 0.606958
0.383078 0.617109
0.373213 0.627956
0.362834 0.637754
0.352609 0.647938
0.342316 0.658015
0.332098 0.668404
0.321908 0.678429
0.311682 0.688655
0.301451 0.698746
0.291268 0.708839
0.281074 0.719071
0.270852 0.729194
0.260675 0.739498
0.250407 0.749728
0.240256 0.759821
0.230066 0.770075
0.219889 0.780322
0.209655 0.790442
0.199472 0.800697
0.189198 0.810924
0.17896 0.821117
0.16889 0.831302
0.158674 0.841523
0.148464 0.851589
0.13822 0.861916
0.128075 0.872082
0.11788 0.88221
0.107676 0.892528
0.0974106 0.902799
0.0872093 0.912912
0.0769912 0.923177
0.0669115 0.9336
0.0566662 0.943994
0.0464054 0.953766
0.0362702 0.964221
0.0260453 0.974269
0.0158403 0.984748
0.00527124 0.995135
