1.99986 0.000276225
0.000508863 3.99898
1.99485 0.0103058
1.98454 0.0309223
1.97412 0.0517521
1.9636 0.0727973
1.95297 0.0940643
1.94222 0.115553
1.93137 0.137269
1.92039 0.159216
1.9093 0.181396
1.89809 0.203815
1.88676 0.226475
1.87531 0.249381
1.86373 0.272536
1.85203 0.295945
1.84019 0.319611
1.82823 0.343541
1.81613 0.367736
1.8039 0.392203
1.79153 0.416947
1.77902 0.44197
1.76636 0.467279
1.75356 0.492877
1.74061 0.51877
1.72752 0.544964
1.71427 0.571463
1.70086 0.598272
1.6873 0.625399
1.67358 0.652846
1.65969 0.680622
1.64563 0.708732
1.63141 0.737181
1.61701 0.765979
1.60244 0.795124
1.58768 0.824632
1.57275 0.854503
1.55763 0.884747
1.54232 0.91537
1.52681 0.946379
1.51111 0.977781
1.49521 1.00959
1.4791 1.0418
1.46279 1.07443
1.44626 1.10749
1.42951 1.14098
1.41255 1.17491
1.39535 1.20929
1.37793 1.24413
1.36028 1.27944
1.34238 1.31523
1.32424 1.35151
1.30586 1.38829
1.28721 1.42558
1.26831 1.46338
1.24914 1.50172
1.2297 1.5406
1.20998 1.58003
1.18998 1.62003
1.1697 1.66061
1.14911 1.70177
1.12823 1.74354
1.10704 1.78592
1.08553 1.82894
1.0637 1.8726
1.04154 1.91692
1.01905 1.96191
0.996205 2.00759
0.973011 2.05398
0.949454 2.10109
0.92553 2.14894
0.901228 2.19754
0.876538 2.24692
0.851452 2.2971
0.825959 2.34808
0.80005 2.3999
0.773715 2.45257
0.746943 2.50611
0.719722 2.56056
0.692042 2.61592
0.663891 2.67222
0.635256 2.72949
0.606123 2.78775
0.576485 2.84703
0.546323 2.90735
0.515626 2.96875
0.484378 3.03124
0.452564 3.09487
0.42017 3.15966
0.387178 3.22564
0.353571 3.29286
0.319332 3.36134
0.284446 3.43111
0.248894 3.50221
0.212653 3.57469
0.175706 3.64859
0.13803 3.72394
0.0996041 3.80079
0.0604059 3.87919
0.0204119 3.95918
