2.0425 0.0427338 0.0429105
0.0571558 4.04238 0.0564766
0.0498917 0.0490597 6.04245
2.04196 0.11978 0.120026
2.03953 0.255142 0.113324
2.03965 0.137818 0.328974
2.03197 0.450524 0.100582
2.03661 0.247693 0.38467
2.03153 0.430874 0.27563
2.03174 0.129239 0.65036
2.01064 0.752901 0.0900796
2.02799 0.407555 0.512156
2.01628 0.660262 0.323549
2.02305 0.224382 0.831436
1.99752 0.876265 0.234705
2.01881 0.388244 0.803223
2.0079 0.700099 0.554156
2.00445 0.1198 1.20149
1.94598 1.26982 0.082186
2.00132 0.686714 0.772855
1.97134 1.06574 0.443106
1.99624 0.373713 1.22538
1.93294 1.33838 0.282551
1.98879 0.611148 1.12887
1.96327 1.05663 0.736501
1.96646 0.209961 1.66184
1.8731 1.64978 0.208818
1.96521 0.831161 1.19546
1.92096 1.33885 0.721756
1.94766 0.368294 1.80158
1.86484 1.66266 0.49615
1.94252 0.674679 1.65809
1.91286 1.26357 1.12008
1.89135 0.116169 2.32799
1.71807 2.22638 0.07733
1.89432 1.27464 1.35443
1.80376 1.88486 0.709179
1.88989 0.681936 2.13157
1.71056 2.23635 0.401689
1.87135 1.08478 1.9009
1.79916 1.80079 1.17004
1.82144 0.373324 2.73917
1.59382 2.56308 0.256053
1.81589 1.40792 1.91359
1.70581 2.15461 1.07368
1.78317 0.627969 2.86371
1.5899 2.54088 0.679428
1.77104 1.11903 2.59238
1.69741 2.00853 1.67175
1.66811 0.213591 3.52828
1.38075 3.01349 0.188769
1.67979 1.8321 2.20294
1.5196 2.6384 1.13866
1.65288 0.889654 3.36593
1.37335 3.00018 0.656323
1.62538 1.48731 3.00118
1.50909 2.48807 1.8272
1.50946 0.385154 4.08824
1.21243 3.27592 0.439563
1.52341 1.90579 2.94948
1.35901 2.86297 1.6244
1.43935 0.724249 4.21306
1.19929 3.2396 1.02141
1.42479 1.42106 3.85398
1.33031 2.63621 2.47921
1.24187 0.116131 4.84264
0.902158 3.65409 0.0702474
1.25097 2.66849 2.75187
1.03292 3.42797 1.21872
1.23438 1.43091 4.38733
0.873054 3.66248 0.59668
1.16697 2.21421 3.78528
0.997744 3.29003 2.05697
1.04199 0.718354 5.13969
0.710467 3.80803 0.327402
1.002 2.67074 3.53135
0.813991 3.56323 1.70177
0.923357 1.16328 5.16017
0.665644 3.79468 0.952345
0.870706 2.04216 4.60646
0.749617 3.34133 2.69104
0.708336 0.368498 5.67906
0.468603 3.94923 0.201521
0.677469 3.03379 3.54089
0.522643 3.79026 1.56643
0.61365 1.46919 5.37957
0.406344 3.94251 0.807887
0.541023 2.38407 4.67139
0.43755 3.58971 2.54935
0.41966 0.590953 5.87713
0.276222 4.00385 0.49052
0.370611 2.82349 4.24129
0.279854 3.7777 2.06773
0.281028 1.04679 5.80606
0.192995 3.95719 1.18938
0.214701 2.00131 5.24827
0.163835 3.45565 3.14991
0.122259 0.186162 6.03385
0.057154 4.04188 0.138652
0.0543248 3.26973 3.58721
