0.0508811  2.62623  0.00280049  5.93063  9.77894  11.2731  7.13211  7.41398  0.562394  4.97473  0.670098  13.2094  18.5695  6.36541  19.9172  27.6372  1.44766  8.01842  34.6948  15.9062  24.6477  38.4728  10.6847  15.6191  0.0254405  0.656558  0.000466749  0.741329  0.977894  0.939429  0.509436  0.463374  0.0312441  0.248737  0.030459  0.550391  0.714211  0.227336  0.663908  0.863662  0.0425782  0.222734  0.913022  0.397654  0.586851  0.874382  0.232277  0.325398  
0.557296  1.74509  4.22668  1.43492  4.15675  4.84658  1.156  11.621  6.46755  7.53763  18.7219  5.79582  23.0081  3.74275  8.01271  19.398  9.27118  15.1404  10.5554  12.9609  28.3991  43.4823  32.911  34.8222  0.278648  0.436273  0.704446  0.179364  0.415675  0.403882  0.0825714  0.726312  0.359308  0.376881  0.850994  0.241492  0.884928  0.133669  0.26709  0.606186  0.272682  0.420567  0.277775  0.324023  0.676169  0.988233  0.715456  0.725463  
0.611969  1.7578  0.263204  1.58043  6.09421  4.93229  13.8479  6.79932  8.21525  19.0746  13.8685  12.0273  2.49774  6.58694  28.9504  27.9188  3.73819  33.5403  4.4564  23.4686  2.71894  12.723  33.8338  7.82779  0.305984  0.43945  0.0438673  0.197554  0.609421  0.411024  0.989135  0.424958  0.456403  0.953729  0.630384  0.501137  0.0960668  0.235248  0.965015  0.872463  0.109947  0.931675  0.117274  0.586716  0.0647366  0.289159  0.735517  0.163079  
1.75922  2.46273  3.27785  7.37196  0.655539  10.9462  13.3635  1.67867  9.48447  12.3581  14.6136  2.34498  15.2674  14.0788  9.96376  31.0016  6.66667  7.7043  2.13559  2.88443  32.0875  21.1253  41.1894  15.662  0.879608  0.615683  0.546308  0.921495  0.0655539  0.912184  0.954539  0.104917  0.526915  0.617903  0.664256  0.0977075  0.587208  0.502816  0.332125  0.968799  0.196078  0.214008  0.0561998  0.0721107  0.763988  0.48012  0.895423  0.326291  
1.60316  3.65635  3.30905  1.07403  3.44608  7.93156  2.46636  3.98605  10.6866  8.86373  0.10624  22.7777  21.3919  5.33265  22.7567  28.1291  8.61554  31.3074  21.1548  30.8122  29.9362  27.5942  1.23288  39.3805  0.801579  0.914088  0.551509  0.134254  0.344608  0.660963  0.176169  0.249128  0.593702  0.443187  0.0048291  0.949071  0.822767  0.190452  0.758558  0.879035  0.253398  0.86965  0.556704  0.770305  0.712766  0.627142  0.0268018  0.820427  
0.00917843  1.12172  3.52822  5.58292  8.01531  5.05293  0.221426  4.14078  1.03789  17.1716  9.18761  18.2219  16.7466  3.91739  27.5435  20.5693  2.11216  13.3467  4.19201  25.7106  41.4585  36.8898  6.8877  28.0035  0.00458922  0.28043  0.588036  0.697865  0.801531  0.421077  0.0158162  0.258799  0.0576608  0.858578  0.417619  0.759247  0.644099  0.139907  0.918116  0.64279  0.0621224  0.370741  0.110316  0.642765  0.987108  0.838405  0.149733  0.583407  
1.48945  0.708261  5.65836  2.20275  9.08635  4.54666  3.60956  1.20618  0.822485  17.9115  15.8373  6.95687  21.6803  4.27633  17.7168  9.99662  22.1618  22.0642  23.024  18.4112  24.3808  41.0356  9.10083  25.2108  0.744725  0.177065  0.943059  0.275344  0.908635  0.378888  0.257826  0.0753865  0.0456936  0.895577  0.719879  0.28987  0.833858  0.152726  0.590561  0.312394  0.651816  0.612895  0.605895  0.46028  0.580495  0.932627  0.197844  0.525225  
1.0621  2.28455  3.05006  3.98399  6.86454  7.04317  7.74144  9.74448  16.2412  19.0889  4.74999  19.8501  24.3211  13.1086  26.3022  12.0626  21.638  7.89072  37.6177  29.1391  16.6168  30.8468  15.7616  34.6855  0.531049  0.571137  0.508343  0.497999  0.686454  0.586931  0.55296  0.60903  0.90229  0.954445  0.215909  0.827087  0.935428  0.468165  0.876742  0.376956  0.636413  0.219187  0.989939  0.728478  0.395638  0.701063  0.342645  0.722615  
0.388496  3.93423  1.04441  5.09916  7.16408  5.29222  10.5247  15.7767  4.31999  13.0246  19.7757  11.8703  25.7855  26.3736  29.103  1.13354  16.4767  12.9312  6.90453  26.8208  13.2977  20.1972  45.9549  37.0149  0.194248  0.983559  0.174069  0.637395  0.716408  0.441018  0.751765  0.986043  0.24  0.651228  0.898896  0.494594  0.991751  0.941913  0.970099  0.0354232  0.48461  0.3592  0.181698  0.670521  0.316611  0.459028  0.999019  0.771144  
0.754981  0.446718  3.46822  5.81521  2.75256  2.93431  7.15661  4.61501  3.37701  6.49717  20.8517  6.38284  23.96  5.00037  19.6698  21.1086  28.4736  12.5307  37.3657  11.5165  13.1209  23.1608  9.39996  1.70342  0.37749  0.11168  0.578036  0.726902  0.275256  0.244526  0.511187  0.288438  0.187612  0.324859  0.947805  0.265952  0.921537  0.178585  0.655662  0.659645  0.837459  0.348074  0.983308  0.287912  0.312402  0.526381  0.204347  0.0354878  
1.93399  3.99098  2.56756  0.553025  1.78849  9.57629  9.41913  7.51636  10.4374  5.61738  15.3839  15.5811  12.1785  2.58919  5.94283  14.997  13.3359  20.5893  34.2938  34.173  36.6778  39.016  12.0441  20.5204  0.966996  0.997744  0.427926  0.0691281  0.178849  0.798024  0.672795  0.469773  0.579856  0.280869  0.699269  0.649211  0.468402  0.0924712  0.198094  0.468658  0.392233  0.571925  0.902467  0.854325  0.87328  0.886726  0.261828  0.427508  
1.33845  0.479495  4.47725  2.14113  8.22035  8.15555  6.93051  7.09894  6.03203  15.053  8.71587  7.76486  24.6111  22.8478  24.7159  28.5552  5.0187  5.51485  7.72037  7.52204  10.6559  13.179  37.6329  24.5459  0.669226  0.119874  0.746208  0.267641  0.822035  0.679629  0.495036  0.443684  0.335113  0.752652  0.396176  0.323536  0.946581  0.815992  0.823862  0.892349  0.147609  0.15319  0.203168  0.188051  0.253712  0.299524  0.818106  0.511374  
0.863998  3.52384  3.27621  4.07367  0.449986  2.73062  7.58367  7.37341  17.1981  14.181  16.5008  7.7922  2.92025  12.2727  26.1197  29.5827  7.50815  18.3401  21.6324  15.1373  33.0534  10.3565  20.7025  22.1225  0.431999  0.880959  0.546035  0.509209  0.0449986  0.227551  0.541691  0.460838  0.955449  0.70905  0.750034  0.324675  0.112317  0.438312  0.870656  0.924459  0.220828  0.509447  0.569273  0.378431  0.786986  0.235375  0.450055  0.460885  
1.38548  1.48704  5.80091  5.43241  1.52566  11.0901  12.1153  1.95098  6.68121  7.77695  3.08128  19.9807  22.3121  1.61098  4.60318  30.2426  20.6111  22.7829  16.7144  26.9662  34.7161  32.2592  41.7442  3.35736  0.69274  0.371761  0.966819  0.679051  0.152566  0.924174  0.865381  0.121936  0.371178  0.388848  0.140058  0.832528  0.858158  0.0575348  0.153439  0.945081  0.60621  0.632858  0.439852  0.674155  0.826575  0.733164  0.907483  0.069945  
0.789561  3.79175  1.82063  5.57766  3.74681  3.17259  2.84513  3.52888  13.4611  9.26619  11.1274  2.9888  4.76337  0.0614855  6.35984  11.6826  2.73781  0.198656  14.7066  18.8729  41.9817  4.74922  8.95736  9.44329  0.394781  0.947938  0.303439  0.697207  0.374681  0.264382  0.203224  0.220555  0.747837  0.46331  0.505793  0.124534  0.183207  0.00219591  0.211995  0.365081  0.0805238  0.00551823  0.387016  0.471824  0.999564  0.107937  0.194725  0.196735  
1.57833  1.36474  4.01907  3.38674  4.54078  4.96444  3.02281  5.82546  16.3203  15.0281  1.06649  2.81809  2.58346  23.0432  20.03  5.47409  28.0071  6.00222  26.9124  4.81117  13.5908  36.1085  12.5011  17.6785  0.789163  0.341184  0.669844  0.423343  0.454078  0.413704  0.215915  0.364091  0.906681  0.751407  0.0484768  0.11742  0.0993639  0.82297  0.667665  0.171065  0.823737  0.166728  0.70822  0.120279  0.323591  0.820648  0.271763  0.368301  
1.14572  2.82572  0.795051  2.47488  1.49016  7.52172  11.174  0.79819  5.19173  13.9162  16.3197  15.3214  0.104333  27.7873  19.0099  11.3218  3.30538  15.6273  23.2891  32.3321  13.699  8.72687  5.90211  32.9565  0.57286  0.706429  0.132509  0.309359  0.149016  0.62681  0.798145  0.0498869  0.288429  0.695809  0.741804  0.638393  0.00401279  0.992404  0.633663  0.353807  0.0972172  0.434093  0.61287  0.808303  0.326166  0.198338  0.128307  0.686595  
0.417583  3.56466  5.19222  0.936121  7.95403  9.36002  1.86446  3.37584  14.5648  4.33824  8.51485  7.92999  10.0172  19.3901  11.1049  24.3235  3.01237  4.18749  33.9467  25.5904  18.2159  11.3119  28.392  28.9356  0.208791  0.891165  0.86537  0.117015  0.795403  0.780001  0.133176  0.21099  0.809157  0.216912  0.387039  0.330416  0.385276  0.692503  0.370163  0.760109  0.0885991  0.116319  0.893334  0.63976  0.433712  0.257089  0.617217  0.602824  
1.44647  3.86664  2.85601  2.85966  9.4599  7.30917  11.2859  7.4679  9.55096  8.98934  18.4496  3.44683  11.8481  19.7737  3.96766  26.3231  25.3191  18.6183  19.0481  16.5442  26.11  28.9388  20.2988  7.4724  0.723234  0.966661  0.476002  0.357457  0.94599  0.609097  0.806137  0.466744  0.530609  0.449467  0.838617  0.143618  0.455694  0.706203  0.132255  0.822597  0.74468  0.517174  0.501267  0.413606  0.621667  0.657701  0.441279  0.155675  
1.53007  1.34019  4.40891  6.01728  1.98791  3.13942  0.837484  10.2191  3.51856  5.13001  10.0442  17.871  6.05257  1.989  16.4386  25.0104  19.7326  7.26166  20.7785  35.2539  2.36932  33.9868  18.9595  41.7836  0.765036  0.335047  0.734819  0.75216  0.198791  0.261619  0.0598203  0.638695  0.195476  0.256501  0.456553  0.744623  0.232791  0.0710356  0.547952  0.781576  0.580371  0.201713  0.546804  0.881348  0.0564124  0.772428  0.412162  0.870492  
1.48324  2.79854  5.69226  5.40124  6.29948  6.90827  10.0069  11.8933  16.9122  8.59759  15.1894  16.9104  16.0218  17.8489  8.05157  11.8252  27.0923  30.5297  0.55108  6.03113  2.89412  34.868  9.89643  13.6164  0.74162  0.699634  0.94871  0.675155  0.629948  0.575689  0.714782  0.743331  0.939568  0.42988  0.690426  0.704602  0.616224  0.637461  0.268386  0.369537  0.796832  0.848047  0.0145021  0.150778  0.0689076  0.792455  0.21514  0.283675  
0.472072  3.10395  0.651252  1.296  5.2934  10.0999  8.17771  9.03006  16.7936  8.50799  16.8783  7.34596  22.1041  12.4147  25.8331  8.65798  1.23956  24.0988  1.53408  36.7956  27.7569  20.9201  30.7437  42.0152  0.236036  0.775989  0.108542  0.162  0.52934  0.841655  0.584122  0.564379  0.932978  0.425399  0.767195  0.306082  0.850159  0.443381  0.861105  0.270562  0.0364577  0.66941  0.0403706  0.919891  0.660879  0.475457  0.668341  0.875316  
1.3531  1.0258  0.0623058  2.04979  1.38921  2.76719  4.62311  7.54948  5.801  19.8409  20.9715  18.1602  13.827  12.0391  9.59987  8.23724  21.1391  25.9524  11.2522  28.0693  37.5615  37.688  45.5627  43.0587  0.676548  0.25645  0.0103843  0.256224  0.138921  0.230599  0.330222  0.471842  0.322278  0.992045  0.953249  0.756674  0.531809  0.429967  0.319996  0.257414  0.621739  0.7209  0.296111  0.701733  0.894322  0.856545  0.990493  0.897056  
1.47998  0.718097  4.09791  0.109118  9.86617  7.21668  2.42512  2.46509  13.7394  13.7335  21.0202  8.97046  22.1467  22.501  15.8505  20.5797  5.48786  8.80651  19.0911  18.1146  19.967  0.407992  40.0214  8.53812  0.739988  0.179524  0.682986  0.0136397  0.986617  0.60139  0.173223  0.154068  0.763298  0.686677  0.955462  0.373769  0.851798  0.803606  0.52835  0.643115  0.161408  0.244625  0.502397  0.452864  0.475405  0.00927255  0.870031  0.177877  
0.833215  3.02254  3.50592  7.59  1.29823  5.0874  2.81774  15.2113  6.36609  10.3499  16.7761  17.1013  13.6196  24.5702  10.332  30.7263  5.71412  23.116  32.9699  35.582  39.7392  16.1834  27.4393  12.5113  0.416607  0.755634  0.58432  0.94875  0.129823  0.42395  0.201267  0.950706  0.353672  0.517495  0.762549  0.712554  0.523832  0.877506  0.344399  0.960198  0.168062  0.642111  0.86763  0.889551  0.94617  0.367804  0.596506  0.260652  
1.60996  2.4967  4.18942  1.63021  1.14986  6.30191  1.24797  15.2237  17.8822  6.49105  6.54487  17.1412  22.1006  8.94313  24.3371  30.3328  19.9852  19.891  2.71021  14.6606  11.2733  23.7694  40.5801  7.79749  0.804978  0.624174  0.698237  0.203777  0.114986  0.525159  0.0891409  0.951479  0.993454  0.324553  0.297494  0.714218  0.850021  0.319398  0.811236  0.947901  0.587799  0.552528  0.0713214  0.366516  0.268413  0.540214  0.882176  0.162448  
0.290635  0.923956  0.529581  4.24448  9.48017  6.8976  4.31278  11.6573  9.68757  9.27972  0.210413  3.65637  18.7763  16.0457  13.1338  10.1395  13.5786  3.15526  34.3002  37.5021  22.6371  15.2548  31.0881  4.83665  0.145318  0.230989  0.0882635  0.53056  0.948017  0.5748  0.308056  0.728583  0.538199  0.463986  0.00956423  0.152349  0.722165  0.573061  0.437794  0.316859  0.399371  0.087646  0.902637  0.937552  0.538977  0.3467  0.675829  0.100764  
1.29714  0.540421  4.5177  1.57354  2.39885  3.55224  9.9093  7.28227  4.04984  2.67231  4.01304  3.03106  24.2661  22.0852  17.1044  29.4813  13.1265  9.24543  28.2585  27.5546  1.51482  2.06508  3.44594  20.5102  0.648572  0.135105  0.75295  0.196692  0.239885  0.29602  0.707807  0.455142  0.224991  0.133615  0.182411  0.126294  0.93331  0.788757  0.570147  0.92129  0.386074  0.256817  0.743643  0.688864  0.0360672  0.0469337  0.0749116  0.427296  
0.833668  3.73997  3.13324  2.08539  8.82696  9.30084  5.51296  15.8034  11.1277  1.09064  20.3642  13.4219  2.31138  8.47994  11.5082  31.8153  4.4934  33.3282  21.6735  33.2953  41.5218  7.23063  20.2525  36.2862  0.416834  0.934993  0.522207  0.260673  0.882696  0.77507  0.393783  0.98771  0.618207  0.0545321  0.925644  0.559247  0.0888992  0.302855  0.383607  0.994228  0.132159  0.925783  0.570355  0.832382  0.988614  0.164333  0.440272  0.755963  
0.999877  0.14394  0.132595  6.52386  6.33401  8.10714  1.00087  5.47624  15.6173  14.1788  5.41389  10.0428  8.2407  6.95294  23.6263  13.6834  31.3302  29.2319  2.52311  4.61685  2.85852  6.55298  19.7508  1.5867  0.499938  0.0359851  0.0220991  0.815482  0.633401  0.675595  0.0714905  0.342265  0.867626  0.708942  0.246086  0.41845  0.31695  0.248319  0.787544  0.427606  0.921476  0.811996  0.0663975  0.115421  0.0680599  0.148931  0.429365  0.0330563  
0.981409  2.56509  1.36987  4.63854  3.13316  1.32582  7.00111  12.0419  17.2552  7.09854  16.2799  2.44061  20.3019  13.5571  21.6703  5.3288  22.5968  7.39739  14.2415  27.9477  33.7053  33.2516  26.0925  22.3113  0.490704  0.641273  0.228312  0.579818  0.313316  0.110485  0.50008  0.752618  0.958623  0.354927  0.739997  0.101692  0.780841  0.484181  0.722343  0.166525  0.664613  0.205483  0.374776  0.698693  0.802506  0.755717  0.567227  0.464818  
1.11831  1.08891  0.69308  6.25178  1.84874  1.52266  3.92734  11.433  16.6513  5.19936  7.65214  21.695  5.84678  26.2489  8.41075  1.48878  13.1818  14.5118  23.7615  5.05398  11.3622  6.03588  27.163  3.21461  0.559153  0.272228  0.115513  0.781472  0.184874  0.126889  0.280524  0.71456  0.92507  0.259968  0.347825  0.903959  0.224876  0.93746  0.280358  0.0465244  0.387699  0.403106  0.625304  0.12635  0.270529  0.137179  0.5905  0.066971  
1.71275  1.75797  3.32203  2.56039  8.00725  5.85545  11.6791  10.9467  4.73923  8.09256  18.6724  22.8581  2.72818  2.19749  7.67504  12.3721  4.0885  2.57136  24.8504  16.7264  4.57524  26.2014  20.8227  8.17981  0.856376  0.439493  0.553672  0.320049  0.800725  0.487954  0.834219  0.68417  0.263291  0.404628  0.848745  0.952422  0.10493  0.0784817  0.255835  0.386628  0.12025  0.0714267  0.653957  0.41816  0.108934  0.595486  0.452667  0.170413  
1.69423  0.304582  3.66093  7.10739  9.05623  6.75161  0.299854  1.61238  4.88761  5.06957  4.01848  11.5304  6.40813  12.5618  20.3882  26.4909  31.2348  30.4993  9.84526  39.8666  17.8483  37.2606  19.3633  16.1845  0.847116  0.0761454  0.610155  0.888424  0.905623  0.562634  0.0214182  0.100774  0.271534  0.253479  0.182658  0.480433  0.246467  0.448637  0.679608  0.827839  0.918671  0.847202  0.259086  0.996665  0.424959  0.846833  0.420942  0.337177  
0.248064  1.86676  5.27894  4.13956  3.79875  8.30278  1.13702  4.3682  11.2011  14.7137  15.0382  23.1111  15.0197  27.1055  12.369  25.9524  30.1603  9.88497  23.4415  35.4346  20.2006  37.4975  42.7379  25.3019  0.124032  0.46669  0.879823  0.517445  0.379875  0.691898  0.0812157  0.273012  0.622285  0.735686  0.683555  0.962963  0.577681  0.968053  0.4123  0.811011  0.887068  0.274583  0.616882  0.885864  0.480967  0.852217  0.929085  0.527122  
0.623732  2.66914  4.02594  6.58318  1.2139  10.209  1.72151  4.32287  16.5445  15.7472  10.4732  12.3767  11.5701  8.65679  13.9599  4.47416  3.68237  20.8651  35.2114  23.6793  17.2126  11.8042  38.9126  40.9356  0.311866  0.667286  0.67099  0.822898  0.12139  0.850753  0.122965  0.270179  0.91914  0.787359  0.476055  0.515694  0.445003  0.309171  0.465329  0.139817  0.108305  0.579586  0.926616  0.591983  0.409824  0.268277  0.845927  0.852826  
1.34717  3.54872  4.31104  5.04566  0.278379  5.95886  7.34449  3.8593  7.34181  4.56085  6.75422  11.1464  23.743  12.2944  1.27456  28.1203  24.6557  34.5779  33.7532  9.9235  13.9266  11.2822  43.4713  3.97319  0.673584  0.887181  0.718507  0.630708  0.0278379  0.496571  0.524606  0.241206  0.407878  0.228042  0.30701  0.464433  0.913192  0.439086  0.0424855  0.87876  0.725167  0.960497  0.888242  0.248088  0.331586  0.256414  0.945029  0.0827748  
1.85977  2.14745  3.77426  3.15995  7.33584  9.43208  6.25778  13.3772  11.7773  5.23216  0.987219  17.9144  11.4337  17.867  1.79073  6.97612  33.3392  14.2388  24.5942  19.84  10.2847  4.85892  42.5451  18.3028  0.929884  0.536862  0.629043  0.394994  0.733584  0.786007  0.446984  0.836072  0.654293  0.261608  0.0448736  0.746433  0.439758  0.638108  0.059691  0.218004  0.980563  0.395522  0.647217  0.495999  0.244873  0.11043  0.924893  0.381309  
1.37385  0.259474  2.16156  4.3187  7.23217  7.46318  6.3784  3.95743  6.29906  11.2243  3.66615  6.3479  9.68375  1.13103  18.2038  1.05807  28.6945  9.02177  30.0836  3.35002  35.4443  1.45731  42.5772  31.5476  0.686925  0.0648685  0.36026  0.539837  0.723217  0.621932  0.4556  0.247339  0.349948  0.561213  0.166643  0.264496  0.372452  0.0403938  0.606792  0.0330648  0.843956  0.250605  0.791673  0.0837506  0.843913  0.0331207  0.925591  0.657242  
1.97242  1.27166  5.30858  4.89263  8.15021  6.74506  10.2238  14.7881  5.96904  17.1944  21.7891  12.1099  3.96396  1.02085  25.4735  12.0944  31.5487  0.377548  27.5563  38.7905  7.11073  40.5817  45.0943  3.82354  0.986208  0.317914  0.884764  0.611579  0.815021  0.562088  0.730268  0.924256  0.331613  0.859719  0.990413  0.504577  0.15246  0.0364589  0.849117  0.377951  0.927903  0.0104875  0.725165  0.969763  0.169303  0.922312  0.980311  0.079657  
0.404498  1.82276  0.450888  3.35927  8.2588  11.0516  13.1491  7.62283  13.1898  5.48818  17.6745  23.0246  22.571  19.923  10.7145  21.2912  13.9307  3.2675  12.9944  35.0932  39.1433  33.7651  1.43528  33.0202  0.202249  0.455689  0.075148  0.419909  0.82588  0.920969  0.93922  0.476427  0.732768  0.274409  0.803385  0.95936  0.868114  0.711535  0.357149  0.665348  0.409726  0.090764  0.341959  0.877329  0.931982  0.767388  0.0312018  0.687922  
1.12312  2.38406  0.966768  0.317786  2.86646  0.291973  2.06705  12.9701  17.3524  18.5019  19.0256  8.16803  25.8759  22.7025  28.3501  8.31887  6.86802  7.4589  10.087  37.5418  4.14041  41.8337  26.2405  11.3947  0.561562  0.596016  0.161128  0.0397232  0.286646  0.0243311  0.147646  0.810631  0.964021  0.925096  0.864798  0.340334  0.995226  0.810803  0.945005  0.259965  0.202001  0.207192  0.265446  0.938545  0.0985812  0.950765  0.570446  0.237389  
0.225061  3.47465  1.34611  6.69042  6.93845  9.05102  2.38724  13.7913  16.8917  1.33311  12.9368  14.7011  15.0417  26.8078  19.5217  0.881425  9.66531  17.3816  34.634  32.9989  26.2279  26.9574  45.935  44.6493  0.112531  0.868663  0.224352  0.836302  0.693845  0.754252  0.170517  0.861956  0.938425  0.0666557  0.588038  0.612546  0.578529  0.957422  0.650724  0.0275445  0.284274  0.482821  0.911421  0.824972  0.624474  0.612668  0.998588  0.930194  
1.29695  1.73549  4.9738  0.714151  7.01354  10.4188  13.2781  1.8364  11.9622  17.0999  11.61  9.57842  9.97927  7.37294  25.4919  15.8766  7.06281  8.58094  9.56381  38.1797  40.3748  17.2342  34.7273  11.4875  0.648475  0.433871  0.828966  0.0892689  0.701354  0.86823  0.948434  0.114775  0.664566  0.854993  0.527726  0.399101  0.383818  0.263319  0.849732  0.496145  0.20773  0.238359  0.251679  0.954494  0.961304  0.391687  0.754941  0.239322  
0.666097  2.17027  2.6298  6.78309  7.47622  6.44127  1.5639  14.3457  17.4517  4.98601  14.8817  7.01819  1.51109  11.1787  25.7716  20.3098  27.4646  34.0124  12.636  3.38108  37.2982  15.4835  41.1617  31.4103  0.333049  0.542568  0.438299  0.847886  0.747622  0.536772  0.111707  0.896608  0.96954  0.2493  0.676441  0.292425  0.058119  0.399241  0.859053  0.634681  0.807781  0.944788  0.332526  0.0845271  0.888052  0.351899  0.894819  0.654381  
0.931176  0.388555  2.12906  1.78719  3.75665  3.3196  4.35477  11.0346  15.2832  6.8529  0.124473  14.806  25.6114  25.6004  17.4305  26.6694  24.3982  24.0893  22.4696  28.9604  38.8903  8.35614  12.76  12.6302  0.465588  0.0971388  0.354844  0.223399  0.375665  0.276633  0.311055  0.689662  0.849064  0.342645  0.00565788  0.616919  0.985056  0.914301  0.581016  0.833419  0.717595  0.669149  0.591304  0.724009  0.92596  0.189912  0.277392  0.26313  
0.717267  0.977737  5.12765  0.406081  9.05399  2.00844  1.59636  12.6236  15.6297  17.0346  1.5897  10.4322  13.8137  20.2662  8.04629  9.09519  26.8675  18.9437  8.17804  34.7768  30.5832  13.0523  14.0123  21.8468  0.358633  0.244434  0.854608  0.0507601  0.905399  0.16737  0.114026  0.788976  0.868317  0.851731  0.0722593  0.434677  0.531295  0.723793  0.26821  0.284225  0.790221  0.526214  0.215212  0.86942  0.728171  0.296644  0.304616  0.455141  
1.18686  2.4446  4.90119  0.351546  6.50722  10.531  12.3902  13.4401  14.1149  7.90685  18.1013  5.28014  6.68933  3.92384  5.90257  23.9715  5.98412  33.1715  19.1926  0.202952  41.5804  2.40497  26.1753  1.12453  0.593428  0.611151  0.816864  0.0439433  0.650722  0.877586  0.885014  0.840007  0.78416  0.395343  0.822785  0.220006  0.257282  0.140137  0.196752  0.74911  0.176004  0.92143  0.505067  0.0050738  0.99001  0.0546585  0.569029  0.0234276  
0.99295  0.500966  1.46948  6.41626  5.47441  9.43571  8.37079  4.13693  0.528174  15.7029  17.7831  18.8355  7.74234  24.5526  24.7995  2.15862  33.4068  9.11672  25.7718  35.5935  4.03986  19.4531  18.3284  38.257  0.496475  0.125241  0.244914  0.802033  0.547441  0.786309  0.597914  0.258558  0.029343  0.785144  0.808323  0.784814  0.297782  0.876878  0.826649  0.0674568  0.982553  0.253242  0.678205  0.889838  0.0961871  0.442116  0.398443  0.797021  
0.132135  1.87865  2.07075  5.54973  8.70493  0.46339  7.62661  6.44456  14.582  8.14134  7.94034  9.44388  10.3471  9.67025  5.93316  23.2363  1.83647  3.68566  29.7804  39.1239  26.481  27.6336  32.4444  47.1983  0.0660673  0.469663  0.345125  0.693716  0.870493  0.0386158  0.544758  0.402785  0.810111  0.407067  0.360925  0.393495  0.397965  0.345366  0.197772  0.726135  0.0540138  0.102379  0.783694  0.978098  0.6305  0.628036  0.705312  0.983298  
1.4247  0.13355  1.39686  1.44357  3.00585  2.43592  8.30237  5.61539  13.7594  1.92112  10.3664  18.4512  1.93405  11.0597  21.4367  12.703  32.2865  29.2298  31.1853  38.3565  23.2995  28.2089  40.2672  12.0234  0.712348  0.0333875  0.23281  0.180447  0.300585  0.202993  0.593026  0.350962  0.764409  0.0960559  0.471199  0.7688  0.0743866  0.39499  0.714556  0.396969  0.949604  0.81194  0.820666  0.958912  0.554749  0.641111  0.875374  0.250487  
0.40189  1.18536  0.106989  4.23849  8.91376  4.03915  0.977601  5.2985  0.0657246  1.82453  18.6907  18.8784  15.7786  18.5363  5.87327  0.377315  1.77705  22.8738  15.2397  10.5958  25.4948  18.2011  30.1745  24.1213  0.200945  0.29634  0.0178314  0.529811  0.891376  0.336596  0.0698286  0.331156  0.00365136  0.0912264  0.849579  0.7866  0.606871  0.662009  0.195776  0.0117911  0.0522662  0.635383  0.401044  0.264896  0.607018  0.413661  0.655968  0.502527  
1.90771  0.0990847  2.4679  6.06116  7.70546  4.61912  0.13987  4.53517  12.1505  8.66672  4.50748  23.4079  12.9256  27.676  21.6861  24.6504  28.6693  1.70173  23.4588  30.71  32.7485  10.19  44.7728  25.8084  0.953857  0.0247712  0.411317  0.757645  0.770546  0.384926  0.00999071  0.283448  0.675026  0.433336  0.204886  0.975331  0.497139  0.988428  0.722872  0.770325  0.843215  0.0472702  0.617338  0.767751  0.779725  0.231591  0.973323  0.537675  
0.651783  3.02701  5.05106  3.56111  0.859378  10.1702  2.53539  12.48  15.7083  11.5907  5.04713  17.1509  19.2388  6.35102  27.6522  9.69577  32.4382  1.11621  10.0951  16.1228  28.7659  20.1673  20.7223  3.40238  0.325891  0.756752  0.841844  0.445138  0.0859378  0.847518  0.181099  0.779999  0.872684  0.579534  0.229415  0.71462  0.739953  0.226822  0.921739  0.302993  0.954064  0.0310059  0.265661  0.40307  0.684902  0.458347  0.450485  0.070883  
0.066089  3.16657  5.32608  4.04197  0.395857  1.87374  7.02016  11.545  10.8882  10.7624  21.8261  5.45391  18.7786  6.31221  4.45551  12.1936  24.6198  27.658  3.66846  31.6062  21.5583  14.4232  33.0072  32.0506  0.0330445  0.791643  0.887681  0.505246  0.0395857  0.156145  0.50144  0.721563  0.604901  0.53812  0.992098  0.227246  0.722253  0.225436  0.148517  0.38105  0.724112  0.768279  0.0965384  0.790156  0.513292  0.3278  0.717548  0.66772  
1.38798  2.85481  0.671361  4.53284  2.3959  2.92858  9.49348  5.2181  1.35791  0.824472  9.27783  5.61903  5.5617  1.45313  13.6084  20.9056  27.5332  4.3687  5.24734  38.5151  3.38761  25.2433  18.3416  4.55973  0.69399  0.713703  0.111894  0.566604  0.23959  0.244048  0.678106  0.326131  0.0754397  0.0412236  0.421719  0.234126  0.213912  0.0518973  0.453615  0.653301  0.8098  0.121353  0.138088  0.962878  0.0806574  0.573712  0.39873  0.0949944  
1.20934  1.9919  2.91418  2.9387  4.83608  0.082058  5.94993  8.1648  1.97823  5.06765  4.58169  10.9953  18.4405  25.3491  12.7339  30.537  8.22985  26.3754  0.793724  17.0787  24.6254  24.0912  5.92097  12.9837  0.604669  0.497976  0.485697  0.367338  0.483608  0.00683816  0.424995  0.5103  0.109902  0.253383  0.208259  0.458137  0.709251  0.905326  0.424463  0.954281  0.242055  0.732651  0.0208875  0.426968  0.58632  0.547528  0.128717  0.270493  
0.310988  0.0498524  5.46078  7.66149  6.32669  6.27072  9.83527  11.9349  6.27121  2.87346  14.6895  5.82079  8.28903  6.15753  1.38229  8.02392  18.5525  17.9184  32.5557  10.4252  16.7861  2.68907  34.0617  43.5669  0.155494  0.0124631  0.91013  0.957686  0.632669  0.52256  0.702519  0.74593  0.348401  0.143673  0.667705  0.242533  0.318809  0.219912  0.0460762  0.250747  0.545663  0.497733  0.85673  0.260631  0.399669  0.0611153  0.740472  0.907643  
0.871152  1.02235  0.983625  4.73064  7.62869  6.13537  2.16172  1.14939  4.91969  0.235096  21.0146  16.5072  5.66289  8.77675  29.5415  19.0822  30.3341  14.4422  1.27142  1.9658  16.9961  16.1119  38.7823  23.5776  0.435576  0.255587  0.163937  0.591329  0.762869  0.511281  0.154409  0.0718369  0.273316  0.0117548  0.95521  0.687799  0.217804  0.313455  0.984718  0.596319  0.89218  0.401171  0.0334584  0.049145  0.404668  0.366178  0.843095  0.4912  
1.21962  0.429142  4.92218  4.15065  9.07797  0.894188  4.7862  11.4994  10.3345  14.2829  3.39682  7.7268  5.38553  19.0828  19.6529  20.284  21.7669  19.5567  37.4528  4.31822  16.6884  35.4575  15.6883  22.3035  0.609808  0.107286  0.820364  0.518832  0.907797  0.0745157  0.341871  0.71871  0.574137  0.714145  0.154401  0.32195  0.207136  0.681528  0.655095  0.633874  0.640203  0.543241  0.985601  0.107955  0.397343  0.805851  0.34105  0.464656  
1.79135  2.44777  3.8543  5.70666  5.92284  9.86707  2.85687  9.08801  10.2534  1.95914  9.57663  3.76682  12.3494  15.2322  24.4264  11.5344  24.8345  0.419105  28.232  29.7764  12.0802  6.92473  32.9461  32.1097  0.895673  0.611944  0.642384  0.713332  0.592284  0.822256  0.204062  0.568  0.569635  0.0979571  0.435302  0.156951  0.474978  0.544006  0.814213  0.360449  0.730426  0.0116418  0.742947  0.744411  0.287624  0.15738  0.716219  0.668952  
1.25074  3.20517  1.28333  4.49984  1.74242  11.6657  10.2296  1.20496  13.6265  9.91951  0.983551  17.2976  24.2573  11.561  7.69664  0.430471  22.5861  34.9005  35.9369  26.9367  15.871  16.0007  16.4791  22.944  0.62537  0.801292  0.213888  0.56248  0.174242  0.972138  0.730683  0.0753103  0.757025  0.495976  0.0447069  0.720733  0.932975  0.412893  0.256555  0.0134522  0.664296  0.969457  0.945707  0.673418  0.37788  0.363653  0.358242  0.478  
1.26365  1.73231  0.592488  7.32301  6.17455  4.14685  2.65599  14.0976  5.44713  16.3346  2.74691  12.2469  22.5346  13.4691  29.0231  6.82532  28.4488  22.5686  24.705  26.2646  27.8021  38.3138  16.6603  10.5305  0.631826  0.433079  0.0987479  0.915376  0.617455  0.345571  0.189714  0.881097  0.302618  0.81673  0.12486  0.510289  0.866714  0.481039  0.967436  0.213291  0.836728  0.626906  0.650132  0.656614  0.661954  0.870769  0.362181  0.219384  
0.745678  3.25818  0.000779062  2.9336  1.18179  7.96669  12.9522  3.95801  10.5973  2.10733  16.0256  18.3336  17.9701  27.6815  20.4535  11.519  24.4533  27.0937  18.9607  17.2774  29.1691  15.2275  39.4313  29.6174  0.372839  0.814546  0.000129844  0.3667  0.118179  0.663891  0.925157  0.247376  0.588736  0.105366  0.728435  0.763901  0.691158  0.988624  0.681782  0.359968  0.719215  0.752603  0.498967  0.431936  0.694502  0.34608  0.857203  0.617028  
0.363309  3.39955  1.78039  2.94087  4.07105  11.0999  10.5451  4.41196  13.2013  9.61249  21.2093  18.4771  22.091  19.9095  21.0777  1.44142  28.7848  32.3977  20.2393  19.2316  16.548  28.1709  42.9371  40.1491  0.181655  0.849886  0.296732  0.367609  0.407105  0.92499  0.753224  0.275747  0.733406  0.480624  0.964059  0.769877  0.849656  0.711052  0.702589  0.0450445  0.846612  0.899936  0.532613  0.48079  0.394001  0.640247  0.933416  0.836439  
0.796239  3.75843  3.33361  5.53885  1.2781  11.619  2.0094  7.63014  12.0598  18.2009  6.7742  17.3366  1.25021  3.18599  9.42553  25.2119  32.0778  32.0513  0.751001  27.8479  19.7321  41.2806  3.40087  45.6892  0.398119  0.939608  0.555602  0.692356  0.12781  0.968251  0.143529  0.476883  0.669988  0.910045  0.307918  0.722358  0.0480851  0.113785  0.314184  0.787871  0.943464  0.890314  0.0197632  0.696196  0.469812  0.938195  0.0739319  0.951858  
0.0903527  1.76267  3.44864  5.82508  8.08908  4.52815  10.8271  7.01706  14.7594  9.7274  4.10181  2.61365  9.44039  21.6142  19.5701  27.2268  13.5275  9.72834  27.9558  29.9483  14.8478  5.06545  0.142916  27.0183  0.0451763  0.440667  0.574773  0.728135  0.808908  0.377346  0.773361  0.438566  0.819966  0.48637  0.186446  0.108902  0.363092  0.771935  0.652337  0.850837  0.397866  0.270232  0.735679  0.748707  0.35352  0.115124  0.00310688  0.562881  
1.31092  3.61156  5.88292  2.16819  8.44925  11.813  10.3835  5.5081  6.12863  13.0932  17.8078  0.0145569  11.9964  16.9062  16.9212  3.90448  13.3103  34.7966  19.3277  20.7611  37.7244  37.3988  10.4786  33.5167  0.655459  0.90289  0.980486  0.271024  0.844925  0.984416  0.741681  0.344256  0.340479  0.654658  0.809447  0.000606538  0.4614  0.603793  0.564039  0.122015  0.391481  0.966573  0.508623  0.519028  0.898199  0.849974  0.227796  0.698264  
1.65115  3.53067  0.035278  6.65167  6.38274  10.4232  3.17134  3.53607  6.48459  13.6484  21.2952  13.7515  23.3393  1.37762  24.0938  2.15211  24.757  12.3021  35.36  16.6451  24.5563  20.2723  45.5344  23.1672  0.825575  0.882669  0.00587966  0.831459  0.638274  0.868596  0.226524  0.221004  0.360255  0.682421  0.967961  0.572981  0.897667  0.0492008  0.803126  0.0672533  0.728148  0.341725  0.930525  0.416127  0.584673  0.460735  0.989878  0.48265  
0.512345  3.61489  2.95426  0.907051  5.16354  6.60458  3.44376  2.93365  0.607873  0.240255  15.2253  15.6586  18.0656  19.6762  1.96791  11.0469  12.8966  10.4883  16.6655  17.7759  34.4766  43.3218  6.35169  42.1153  0.256173  0.903722  0.492376  0.113381  0.516354  0.550381  0.245983  0.183353  0.0337707  0.0120127  0.692058  0.652442  0.694829  0.70272  0.0655971  0.345216  0.379311  0.291342  0.438566  0.444398  0.820871  0.984586  0.13808  0.877402  
1.74529  3.95401  2.5308  1.96696  7.29679  11.7613  4.06037  11.542  9.12076  18.6464  18.8065  13.403  4.75011  6.41115  17.6045  7.2575  27.7533  4.44673  6.24294  6.66282  14.1032  24.5222  2.35737  29.7701  0.872647  0.988504  0.4218  0.24587  0.729679  0.980105  0.290027  0.721374  0.506709  0.932319  0.85484  0.558457  0.182696  0.22897  0.586815  0.226797  0.816273  0.12352  0.164288  0.16657  0.33579  0.557323  0.0512471  0.62021  
1.66846  3.93309  4.78359  5.28528  9.44134  6.31485  2.00809  1.10637  17.074  10.7041  14.1873  7.14396  19.8495  1.41078  5.20211  1.47167  22.7955  13.1681  26.2995  7.18144  33.1815  27.83  9.8752  1.21735  0.834229  0.983273  0.797265  0.66066  0.944134  0.526238  0.143435  0.069148  0.948558  0.535205  0.644875  0.297665  0.763441  0.050385  0.173404  0.0459898  0.670457  0.365779  0.692091  0.179536  0.790035  0.632499  0.214678  0.0253614  
0.675854  3.13273  4.66749  1.26333  7.15604  3.73744  3.90433  14.1043  4.39211  19.1034  1.5241  6.74091  6.74166  22.8904  3.4816  16.8553  5.98351  9.09101  5.73592  21.435  18.4826  3.50482  15.9835  40.5231  0.337927  0.783182  0.777916  0.157917  0.715604  0.311453  0.278881  0.881516  0.244006  0.955172  0.0692771  0.280871  0.259295  0.817513  0.116053  0.526727  0.175986  0.252528  0.150945  0.535876  0.440061  0.079655  0.347467  0.844232  
0.222128  0.132858  0.879771  1.11346  0.942286  9.84233  8.11561  0.954826  6.67717  6.11963  3.67094  23.9848  4.83608  26.0941  18.7449  21.5595  4.61854  0.483852  13.878  36.7603  32.8515  43.8058  4.0496  15.7082  0.111064  0.0332145  0.146629  0.139183  0.0942286  0.820195  0.579686  0.0596766  0.370954  0.305982  0.166861  0.999365  0.186003  0.931932  0.624831  0.673734  0.135839  0.0134403  0.365211  0.919006  0.782179  0.995586  0.0880348  0.327255  
1.20504  1.02819  4.98043  0.268598  2.18359  3.08097  10.7952  11.23  6.4534  9.81258  16.2042  10.6307  16.2458  6.71055  15.4974  26.2276  15.1181  4.20057  16.274  10.5955  20.0157  30.638  7.79488  27.3107  0.602518  0.257049  0.830072  0.0335747  0.218359  0.256748  0.771089  0.701874  0.358522  0.490629  0.736554  0.442946  0.624839  0.239663  0.51658  0.819613  0.444651  0.116683  0.428264  0.264888  0.476565  0.696319  0.169454  0.568972  
0.3775  3.1578  1.4125  7.52177  4.77449  11.3274  11.2246  3.51305  14.3327  15.2582  14.2935  22.0189  10.0017  16.0637  29.678  5.20236  17.6588  34.9642  17.5353  27.3768  16.8176  16.5396  42.0679  6.26947  0.18875  0.789449  0.235417  0.940221  0.477449  0.943947  0.801754  0.219566  0.796261  0.762908  0.649705  0.917453  0.384682  0.573702  0.989265  0.162574  0.519376  0.971227  0.461456  0.684421  0.400419  0.375901  0.914519  0.130614  
0.330126  3.919  4.71926  2.43217  0.655752  2.88025  12.0671  15.7261  4.29054  0.144713  17.5996  9.03985  20.1269  22.2606  14.0929  5.62449  1.9467  30.9716  17.8874  24.4049  16.572  33.2032  7.68124  8.34778  0.165063  0.97975  0.786544  0.304021  0.0655752  0.24002  0.861934  0.982884  0.238363  0.00723566  0.79998  0.37666  0.77411  0.79502  0.469765  0.175765  0.0572558  0.860321  0.470721  0.610123  0.394572  0.754618  0.166983  0.173912  
1.34208  0.441129  4.73424  7.88871  6.95274  11.5825  11.9829  4.66282  3.79493  17.3261  3.0759  2.46966  1.21425  23.5716  8.07504  30.7381  22.1921  28.4826  13.746  33.2309  17.1031  33.3152  17.0826  42.4054  0.671039  0.110282  0.78904  0.986088  0.695274  0.965211  0.85592  0.291426  0.210829  0.866307  0.139814  0.102903  0.0467019  0.841841  0.269168  0.960565  0.652707  0.791185  0.361736  0.830772  0.407217  0.757164  0.371361  0.883445  
0.922313  0.763968  5.92078  3.43371  4.62329  3.40886  7.26263  11.3834  14.3109  19.4285  16.4001  5.64829  16.8302  21.6317  8.18032  9.06085  20.6716  19.2233  37.0374  17.3912  17.8004  28.5511  13.9649  20.454  0.461157  0.190992  0.986797  0.429213  0.462329  0.284071  0.518759  0.711465  0.79505  0.971425  0.74546  0.235346  0.647316  0.77256  0.272677  0.283151  0.607988  0.533981  0.974667  0.43478  0.423819  0.648889  0.303586  0.426126  
0.936614  1.14936  3.24165  7.68584  3.27647  5.8357  3.44569  8.90218  10.5549  13.8844  14.4946  4.38136  6.50582  2.20101  7.1579  14.1313  9.91658  32.0716  36.2989  36.9434  16.5204  17.5321  24.8959  36.6777  0.468307  0.28734  0.540275  0.960731  0.327647  0.486308  0.24612  0.556386  0.586381  0.694219  0.658845  0.182557  0.250224  0.0786073  0.238597  0.441604  0.291664  0.890878  0.955235  0.923586  0.393343  0.398458  0.541216  0.76412  
0.962827  0.779668  3.7398  3.73309  3.00169  3.9626  8.13206  1.97401  16.9984  1.24736  3.91032  8.60281  1.90549  15.2375  15.1715  0.0448414  3.54251  18.5626  23.7566  9.09235  41.1793  10.2826  43.4019  27.0871  0.481414  0.194917  0.6233  0.466637  0.300169  0.330217  0.580862  0.123375  0.944355  0.0623681  0.177742  0.35845  0.0732881  0.544197  0.505716  0.00140129  0.104192  0.515629  0.625173  0.227309  0.98046  0.233694  0.94352  0.564316  
1.12021  2.67406  4.57597  7.9609  9.3671  3.05986  11.0293  8.80482  2.22399  11.1797  15.0999  15.0628  24.4444  10.9367  28.2075  16.6318  32.7166  9.82693  9.52108  13.3121  40.3455  38.5764  23.4018  21.355  0.560104  0.668514  0.762662  0.995112  0.93671  0.254989  0.787807  0.550301  0.123555  0.558984  0.686357  0.627618  0.940171  0.390596  0.940251  0.519744  0.962252  0.27297  0.250555  0.332803  0.960607  0.876735  0.508735  0.444895  
1.26494  2.08904  2.38867  7.02431  7.6215  10.3612  1.8816  7.37847  4.1045  10.5904  11.4942  6.94703  10.6939  19.0711  10.0009  16.7359  31.6675  24.5612  2.13684  6.02751  4.43041  22.4896  35.6163  30.0589  0.632468  0.522259  0.398112  0.878038  0.76215  0.863432  0.1344  0.461154  0.228028  0.529519  0.522462  0.28946  0.411306  0.68111  0.333363  0.522998  0.931397  0.682255  0.0562327  0.150688  0.105486  0.511127  0.774268  0.626226  
1.88036  1.97821  2.33647  6.36329  6.564  2.21799  0.858031  11.1278  2.27354  6.05214  19.9124  22.9938  8.36604  15.3212  28.944  2.68897  30.4304  1.46434  15.4744  9.96478  11.824  27.9688  2.12456  11.9364  0.940178  0.494552  0.389411  0.795411  0.6564  0.184832  0.061288  0.695488  0.126308  0.302607  0.905108  0.958073  0.321771  0.547186  0.964799  0.0840302  0.895012  0.0406762  0.407221  0.24912  0.281524  0.635655  0.046186  0.248674  
1.5462  2.37014  1.72709  6.47595  8.20764  11.1641  6.85419  2.82099  12.3839  18.65  11.1103  3.41974  18.5889  7.51398  15.9026  6.6261  24.1164  1.885  28.6625  26.4175  4.96881  19.1244  32.9861  18.044  0.773102  0.592534  0.287848  0.809494  0.820764  0.930341  0.489585  0.176312  0.687996  0.932499  0.505013  0.142489  0.714958  0.268356  0.530086  0.207066  0.709305  0.0523612  0.754277  0.660437  0.118305  0.434646  0.717088  0.375917  
0.0223783  2.9793  3.19701  0.777214  6.18795  2.40952  4.55359  15.2041  8.28284  5.05693  10.3053  8.35225  9.8742  17.166  15.52  25.0381  0.451869  25.4367  22.4043  15.6043  21.6736  18.8652  7.60392  18.736  0.0111892  0.744825  0.532834  0.0971517  0.618795  0.200793  0.325256  0.950257  0.460158  0.252847  0.468424  0.34801  0.379777  0.613072  0.517333  0.782442  0.0132903  0.706576  0.589587  0.390107  0.516039  0.428755  0.165303  0.390333  
1.55228  1.78779  5.21303  0.98193  2.49634  0.481283  6.24312  12.7166  3.74605  6.12554  16.997  6.83243  17.1568  4.85413  2.92473  11.4766  10.2459  0.749357  1.61031  1.1673  16.6559  43.9156  22.7374  19.0177  0.776138  0.446947  0.868838  0.122741  0.249634  0.0401069  0.445937  0.794788  0.208114  0.306277  0.77259  0.284684  0.659876  0.173362  0.0974909  0.358644  0.301349  0.0208155  0.0423766  0.0291826  0.396569  0.998082  0.494292  0.396202  
0.0559265  1.36242  0.236741  3.51839  7.31091  3.9064  9.55416  1.04426  17.4782  3.71965  5.75631  18.3196  4.12931  25.5847  18.4952  21.5706  33.951  26.6705  32.7243  4.69833  32.8857  5.72207  26.2921  18.4381  0.0279632  0.340604  0.0394568  0.439799  0.731091  0.325533  0.68244  0.065266  0.971012  0.185983  0.261651  0.763316  0.15882  0.913738  0.616505  0.67408  0.998558  0.740846  0.861165  0.117458  0.782994  0.130047  0.571568  0.384126  
0.529315  1.94612  3.92415  6.8445  0.456285  7.49587  1.14335  1.0543  13.4148  7.6776  1.04469  8.60075  0.503123  21.0246  14.3325  13.7506  13.5998  29.5645  3.8479  4.54085  15.2107  22.335  2.48426  20.2595  0.264658  0.48653  0.654025  0.855563  0.0456285  0.624656  0.0816679  0.0658937  0.745265  0.38388  0.047486  0.358364  0.0193509  0.750877  0.47775  0.429707  0.399995  0.821237  0.10126  0.113521  0.362158  0.507613  0.0540057  0.422072  
1.83332  0.14605  0.077133  0.967121  8.78356  3.28184  0.893075  8.48694  14.848  16.3144  16.2005  0.105641  7.77273  25.1316  12.653  19.66  17.9846  33.69  9.59843  16.3661  20.2048  33.8153  30.267  35.7943  0.916659  0.0365126  0.0128555  0.12089  0.878356  0.273487  0.0637911  0.530434  0.824891  0.815719  0.736385  0.00440173  0.298951  0.897556  0.421765  0.614374  0.528959  0.935834  0.25259  0.409152  0.481067  0.76853  0.657978  0.745714  
0.25  0.886665  2.84872  2.61846  3.42606  10.0073  13.5871  3.15209  2.37192  7.47547  9.36846  11.6691  5.27605  0.987498  26.9457  11.2829  14.1641  25.0469  6.82923  24.5835  40.3183  42.6834  21.6125  38.6338  0.125  0.221666  0.474786  0.327307  0.342606  0.833938  0.970505  0.197006  0.131773  0.373774  0.425839  0.486212  0.202925  0.0352678  0.89819  0.352589  0.416592  0.695748  0.179717  0.614587  0.95996  0.970077  0.469836  0.80487  
1.87008  2.41587  4.40869  3.25149  3.49441  1.26069  13.1417  3.70297  6.02255  5.67076  9.7638  7.49459  4.47147  18.9358  21.6049  5.70304  8.47755  17.3434  28.5944  26.4689  19.6105  34.7726  17.8514  45.256  0.935042  0.603968  0.734782  0.406436  0.349441  0.105057  0.938695  0.231435  0.334586  0.283538  0.443809  0.312274  0.171979  0.676277  0.720163  0.17822  0.24934  0.481761  0.752484  0.661724  0.466916  0.790286  0.388074  0.942833  
0.169607  1.63751  1.03921  0.0660481  1.96077  5.19085  10.88  8.23733  0.475017  16.6653  6.37629  11.8269  23.6616  6.52931  12.4345  12.9796  3.54425  9.62319  3.26287  1.03814  19.2726  36.2542  2.54518  18.0662  0.0848036  0.409377  0.173201  0.00825601  0.196077  0.432571  0.777143  0.514833  0.0263898  0.833264  0.289831  0.492789  0.91006  0.23319  0.414483  0.405612  0.104243  0.267311  0.0858651  0.0259534  0.458872  0.823958  0.05533  0.376379  
1.17617  2.31276  5.93362  0.446291  7.05873  9.55161  8.88014  15.2416  13.5336  19.9043  20.3807  2.93651  9.92038  5.45129  19.1247  2.84652  11.1371  15.7565  3.88869  39.3671  21.9485  27.8611  17.9578  2.92231  0.588085  0.57819  0.988937  0.0557863  0.705873  0.795967  0.634296  0.952597  0.751866  0.995213  0.926396  0.122355  0.381553  0.194689  0.637489  0.0889538  0.327562  0.437682  0.102334  0.984179  0.522583  0.633206  0.390387  0.0608814  
1.78852  2.81562  5.49925  4.11641  6.44303  7.4315  9.5951  13.112  12.9266  17.9542  15.1685  16.9137  23.2658  15.7437  11.7269  24.5643  2.82865  24.0146  2.23874  38.5146  25.6066  31.4919  2.79018  17.3974  0.894259  0.703904  0.916541  0.514552  0.644303  0.619292  0.685364  0.819502  0.718143  0.897708  0.68948  0.704739  0.894838  0.562274  0.390895  0.767636  0.0831955  0.667071  0.0589142  0.962864  0.609681  0.715725  0.0606561  0.362446  
1.74403  0.661856  1.23015  5.89397  7.054  2.15619  8.72181  0.139336  9.77965  10.5125  13.1297  7.35194  9.95005  12.68  19.804  17.8005  14.751  5.36255  1.25974  13.3734  0.42761  19.7721  19.9133  7.41619  0.872017  0.165464  0.205026  0.736746  0.7054  0.179682  0.622987  0.00870851  0.543314  0.525624  0.596803  0.306331  0.382694  0.452857  0.660132  0.556265  0.433853  0.14896  0.0331511  0.334336  0.0101812  0.449366  0.432897  0.154504  
0.198834  1.49799  3.17779  0.11906  1.68043  0.0780585  6.79898  1.67149  3.44774  9.6791  13.5164  11.7154  17.2406  22.3782  10.5706  3.88005  21.4556  30.3959  12.4156  39.9037  30.6024  35.1765  31.7759  44.9993  0.0994168  0.374497  0.529632  0.0148825  0.168043  0.00650487  0.485641  0.104468  0.191541  0.483955  0.61438  0.488141  0.6631  0.799221  0.352354  0.121252  0.631046  0.844332  0.326727  0.997593  0.728628  0.799467  0.69078  0.937485  
0.95026  3.22689  2.17891  4.34787  3.75082  3.56598  3.39103  0.238894  15.2605  0.216978  14.9181  1.20337  5.84899  15.1609  29.9843  19.4176  14.7833  25.0966  11.8221  11.8743  6.0188  36.3325  27.2496  10.5031  0.47513  0.806723  0.363152  0.543483  0.375082  0.297165  0.242216  0.0149309  0.847803  0.0108489  0.678096  0.0501403  0.224961  0.54146  0.999476  0.6068  0.434803  0.697127  0.311107  0.296856  0.143305  0.825739  0.592384  0.218814  
1.09754  3.52387  0.0123505  3.03103  0.732682  9.42263  12.407  1.21808  2.57493  10.8829  0.417064  16.1836  17.3262  3.44992  4.67667  18.6062  17.7621  9.98112  23.2092  37.9082  33.6236  25.5618  33.2459  47.1077  0.548769  0.880968  0.00205841  0.378879  0.0732682  0.785219  0.886216  0.0761301  0.143052  0.544143  0.0189575  0.674317  0.666392  0.123211  0.155889  0.581444  0.522414  0.277253  0.610767  0.947705  0.800562  0.58095  0.722738  0.98141  
1.07593  1.89002  2.68877  2.46907  6.18716  10.0952  7.70402  4.25361  0.217678  5.41255  1.11153  13.2295  6.1466  15.1492  17.5999  19.9497  13.1537  33.6442  34.3158  20.301  16.2319  35.3203  17.4035  5.89173  0.537963  0.472504  0.448129  0.308634  0.618716  0.841265  0.550287  0.26585  0.0120932  0.270627  0.0505243  0.551229  0.236408  0.541043  0.586663  0.623428  0.386873  0.93456  0.903047  0.507525  0.386474  0.802733  0.378337  0.122744  
2  4  6  8  3.50184  4.19932  4.89936  5.59872  6.30171  6.98676  7.68773  8.40465  9.10366  9.79822  10.5081  11.1991  11.9131  12.6036  13.298  14.0003  14.6979  15.3993  16.1106  16.795  1  1  1  1  0.350184  0.349943  0.349954  0.34992  0.350095  0.349338  0.349442  0.350194  0.350141  0.349937  0.350269  0.349973  0.350387  0.3501  0.349946  0.350009  0.34995  0.349983  0.35023  0.349897  
2  4  0  0  3.50053  4.19822  4.90052  5.60289  6.30303  6.99947  7.70073  8.40767  9.09985  9.80164  10.4953  11.2443  11.8981  12.6034  13.3061  14.0182  14.6967  15.3992  16.1406  16.8023  1  1  0  0  0.350053  0.349852  0.350037  0.350181  0.350168  0.349974  0.350033  0.350319  0.349994  0.350058  0.349845  0.351385  0.349944  0.350093  0.35016  0.350455  0.349922  0.349982  0.350883  0.350048  
0  0  5.56689  5.28109  3.49987  4.21122  4.90322  5.60064  6.30141  7.00194  7.70213  8.4059  9.10324  9.80252  10.5071  11.2048  11.9057  12.6056  13.312  14.0035  14.6977  15.4068  16.0765  16.8066  0  0  0.927816  0.660136  0.349987  0.350935  0.35023  0.35004  0.350078  0.350097  0.350097  0.350246  0.350125  0.35009  0.350238  0.350151  0.350167  0.350155  0.350316  0.350088  0.349946  0.350154  0.349489  0.350137  
2  3.92089  5.81639  8  3.50493  4.20091  4.9  5.60436  6.30327  7.01872  7.70434  8.41076  9.10706  9.7838  10.4799  11.1992  11.9022  12.5929  13.3102  14.003  14.7  15.3925  16.1155  16.8175  1  0.980222  0.969399  1  0.350493  0.350075  0.35  0.350273  0.350181  0.350936  0.350197  0.350448  0.350271  0.349422  0.349332  0.349976  0.350065  0.349803  0.350268  0.350075  0.349999  0.34983  0.350337  0.350365  
1.99703  3.95171  5.48006  8  3.50074  4.2028  4.90164  5.59796  6.30777  6.99611  7.68625  8.40119  9.10006  9.79968  10.5048  11.216  11.92  12.6174  13.2955  14.0101  14.7102  15.4166  16.098  16.8112  0.998517  0.987927  0.913343  1  0.350074  0.350234  0.350117  0.349873  0.350432  0.349805  0.349375  0.350049  0.350002  0.349988  0.35016  0.350501  0.350587  0.350482  0.349882  0.350252  0.350242  0.350376  0.349956  0.350234  
1.9655  3.78114  5.77115  8  3.49907  4.20087  4.88889  5.59631  6.29987  7.00025  7.70045  8.40964  9.10225  9.81265  10.5146  11.2063  11.9102  12.624  13.3027  14.0329  14.694  15.3894  16.1243  16.7996  0.982752  0.945285  0.961858  1  0.349907  0.350073  0.349206  0.349769  0.349993  0.350012  0.35002  0.350402  0.350087  0.350452  0.350486  0.350197  0.3503  0.350667  0.350072  0.350822  0.349857  0.349758  0.350529  0.349991  
1.99703  3.95171  5.00366  8  3.49759  4.19855  4.89958  5.59839  6.30975  6.9978  7.69426  8.39929  9.09904  9.79537  10.4939  11.2145  11.9001  12.6069  13.3014  14.0069  14.6962  15.3898  16.1035  16.8015  0.998517  0.987927  0.833943  1  0.349759  0.349879  0.34997  0.349899  0.350542  0.34989  0.349739  0.34997  0.349963  0.349835  0.349798  0.350454  0.350002  0.350192  0.350037  0.350172  0.349909  0.349767  0.350076  0.350032  
1.98374  3.6821  6  7.27613  3.5066  4.20398  4.90565  5.60799  6.31512  6.99524  7.69801  8.40421  9.09358  9.79717  10.5246  11.2076  11.9085  12.6124  13.3222  13.9992  14.6933  15.4167  16.1302  16.753  0.991872  0.920526  1  0.909516  0.35066  0.350332  0.350404  0.3505  0.35084  0.349762  0.34991  0.350175  0.349753  0.349899  0.350821  0.350236  0.350249  0.350346  0.350584  0.349979  0.349841  0.35038  0.350658  0.349021  
1.96904  3.82313  6  6.63568  3.50581  4.198  4.90912  5.60123  6.29996  7.00605  7.71349  8.40236  9.11123  9.80679  10.5255  11.1905  11.9058  12.591  13.2967  13.9942  14.7038  15.3841  16.134  16.7635  0.984519  0.955782  1  0.82946  0.350581  0.349833  0.350652  0.350077  0.349998  0.350303  0.350613  0.350098  0.350432  0.350243  0.35085  0.349702  0.35017  0.34975  0.349914  0.349854  0.35009  0.349639  0.35074  0.349241  
1.82828  3.73779  6  7.71386  3.50354  4.19978  4.89944  5.60072  6.29956  6.99757  7.7122  8.40247  9.11141  9.80197  10.4891  11.1829  11.9525  12.6037  13.2794  14.0131  14.6901  15.406  16.1269  16.8093  0.914138  0.934448  1  0.964232  0.350354  0.349981  0.34996  0.350045  0.349976  0.349878  0.350555  0.350103  0.350439  0.35007  0.349635  0.349465  0.351545  0.350104  0.349459  0.350328  0.349763  0.350136  0.350585  0.350193  
2  3.95578  4.28562  8  3.50011  4.19639  4.90008  5.599  6.3008  6.99695  7.6872  8.39558  9.09512  9.79538  10.5039  11.1956  11.9067  12.5756  13.307  13.9886  14.7013  15.4092  16.0972  16.8205  1  0.988946  0.71427  1  0.350011  0.3497  0.350006  0.349938  0.350044  0.349847  0.349418  0.349816  0.349812  0.349835  0.35013  0.349862  0.350196  0.349321  0.350184  0.349716  0.350031  0.350209  0.349939  0.350427  
2  3.51362  5.10975  8  3.50435  4.19716  4.89634  5.60346  6.29963  7.00862  7.74221  8.39969  9.10099  9.77513  10.4926  11.1938  11.9572  12.6144  13.2987  14.0148  14.7  15.4024  16.1454  16.7919  1  0.878404  0.851625  1  0.350435  0.349763  0.349739  0.350217  0.34998  0.350431  0.351919  0.349987  0.350038  0.349112  0.349753  0.349805  0.351682  0.3504  0.349966  0.350369  0.35  0.350055  0.350987  0.349832  
2  3.70754  4.50429  8  3.5054  4.19969  4.9091  5.60325  6.31452  7.06159  7.69032  8.40452  9.09873  9.79086  10.4992  11.2084  11.9204  12.605  13.3033  14.0324  14.7498  15.3991  16.0987  16.817  1  0.926885  0.750715  1  0.35054  0.349974  0.35065  0.350203  0.350807  0.353079  0.34956  0.350188  0.349951  0.349674  0.349974  0.350262  0.3506  0.350139  0.350087  0.350811  0.351187  0.349979  0.349973  0.350353  
1.71205  3.79708  5.5555  8  3.49591  4.19712  4.89509  5.59826  6.30127  6.99571  7.70089  8.39748  9.09322  9.78614  10.5174  11.1979  11.948  12.6536  13.2779  14.0087  14.7345  15.3828  16.1272  16.8078  0.856023  0.949271  0.925917  1  0.349591  0.34976  0.34965  0.349891  0.35007  0.349785  0.35004  0.349895  0.349739  0.349505  0.350581  0.349934  0.351411  0.351489  0.349417  0.350217  0.350822  0.349609  0.350591  0.350162  
2  3.79522  4.7606  6.82184  3.49573  4.19833  4.90166  5.60677  6.29664  6.99513  7.69789  8.39417  9.10457  9.79866  10.5018  11.2037  11.9003  12.6108  13.3059  14.0028  14.7076  15.3784  16.1221  16.8221  1  0.948805  0.793433  0.85273  0.349573  0.349861  0.350119  0.350423  0.349813  0.349756  0.349904  0.349757  0.350176  0.349952  0.350058  0.350116  0.350009  0.3503  0.350156  0.350071  0.350181  0.349509  0.350481  0.35046  
1.92702  3.36641  5.40269  7.61977  3.50152  4.20675  4.89949  5.59891  6.29826  7.00356  7.71578  8.39324  9.08824  9.81461  10.5325  11.1895  11.9262  12.5968  13.2865  13.9892  14.7191  15.3921  16.1255  16.8013  0.963512  0.841602  0.900449  0.952472  0.350152  0.350563  0.349963  0.349932  0.349903  0.350178  0.350717  0.349718  0.349548  0.350522  0.351085  0.349672  0.350771  0.349911  0.349644  0.34973  0.350455  0.349821  0.350555  0.350027  
1.9369  3.5943  4.8715  7.27613  3.49922  4.19806  4.90378  5.59956  6.3098  7.00596  7.68882  8.3923  9.1076  9.81106  10.521  11.2039  11.9423  12.6106  13.2764  14.0271  14.7362  15.3989  16.0889  16.8201  0.96845  0.898574  0.811917  0.909516  0.349922  0.349838  0.35027  0.349973  0.350544  0.350298  0.349492  0.349679  0.350292  0.350395  0.350701  0.350122  0.351243  0.350296  0.34938  0.350678  0.350862  0.349974  0.349759  0.350418  
1.65952  3.52388  6  8  3.50687  4.20313  4.9016  5.61245  6.30636  6.99659  7.71734  8.40035  9.09811  9.77855  10.494  11.199  11.9122  12.6124  13.3192  14.0126  14.6839  15.403  16.1116  16.8036  0.82976  0.88097  1  1  0.350687  0.350261  0.350114  0.350778  0.350353  0.34983  0.350788  0.350015  0.349927  0.349234  0.349801  0.34997  0.350359  0.350345  0.350505  0.350314  0.349616  0.350068  0.350252  0.350076  
2  4  5.0472  5.03877  3.49145  4.20057  4.89063  5.59419  6.30365  6.98745  7.70762  8.39275  9.10162  9.79761  10.4996  11.1961  11.8989  12.5894  13.3097  13.9948  14.6852  15.3912  16.1027  16.7974  1  1  0.8412  0.629847  0.349145  0.350048  0.349331  0.349637  0.350203  0.349373  0.350346  0.349698  0.350062  0.349915  0.349986  0.349879  0.349968  0.349704  0.350256  0.34987  0.349647  0.349799  0.35006  0.349946  
1.93694  3.36641  5.18774  6.85156  3.5022  4.20654  4.89949  5.59891  6.29826  7.00006  7.71578  8.40435  9.08824  9.81292  10.5325  11.1986  11.9203  12.6148  13.3205  13.9766  14.7289  15.3984  16.1255  16.7813  0.96847  0.841602  0.864623  0.856445  0.35022  0.350545  0.349963  0.349932  0.349903  0.350003  0.350717  0.350181  0.349548  0.350461  0.351085  0.349957  0.350597  0.35041  0.350539  0.349415  0.350688  0.349963  0.350555  0.34961  
1.93795  3.70421  4.34645  6.73121  3.49628  4.20776  4.90175  5.6034  6.27914  6.99339  7.69789  8.39558  9.10971  9.80678  10.4966  11.2131  11.8798  12.6092  13.2935  13.9811  14.6859  15.3777  16.1295  16.8203  0.968976  0.926051  0.724409  0.841401  0.349628  0.350647  0.350125  0.350212  0.348841  0.34967  0.349904  0.349816  0.350374  0.350242  0.349888  0.350408  0.349405  0.350254  0.349829  0.349528  0.349664  0.349494  0.350641  0.350422  
1.71729  3.36641  5.57112  7.42208  3.50331  4.20776  4.90451  5.59929  6.29826  7.00335  7.71578  8.40016  9.09402  9.82227  10.5473  11.1913  11.9262  12.5968  13.3103  13.995  14.7191  15.4296  16.1148  16.7859  0.858645  0.841602  0.92852  0.927759  0.350331  0.350646  0.350322  0.349956  0.349903  0.350168  0.350717  0.350007  0.34977  0.350795  0.351575  0.349727  0.350771  0.349911  0.350271  0.349876  0.350455  0.350674  0.350322  0.349707  
1.96643  3.80994  4.56029  5.45425  3.50813  4.21264  4.90236  5.61157  6.32681  7.00152  7.69312  8.4  9.1318  9.79089  10.4733  11.2073  11.903  12.5846  13.2747  14.0255  14.7427  15.4017  16.1321  16.8522  0.983216  0.952485  0.760048  0.681781  0.350813  0.351053  0.350168  0.350723  0.35149  0.350076  0.349687  0.35  0.351223  0.349675  0.349111  0.350227  0.350087  0.349572  0.349333  0.350637  0.351017  0.350039  0.350698  0.351087  
2  2.87874  5.85762  6.18083  3.50009  4.1979  4.90656  5.60044  6.29384  7.00049  7.70723  8.38874  9.10381  9.81356  10.5045  11.1972  11.9374  12.5884  13.2947  13.9874  14.7152  15.5253  16.1744  16.8311  1  0.719685  0.97627  0.772604  0.350009  0.349825  0.350468  0.350027  0.349658  0.350024  0.350329  0.349531  0.350147  0.350484  0.350151  0.349913  0.3511  0.349678  0.34986  0.349686  0.350361  0.352848  0.351617  0.350648  
1.87516  3.52551  3.676  7.81872  3.50425  4.21487  4.91952  5.59918  6.29267  7.00303  7.71366  8.4027  9.08275  9.80353  10.489  11.2192  11.8901  12.5896  13.3561  13.9853  14.7171  15.3845  16.1149  16.8445  0.937582  0.881378  0.612667  0.977341  0.350425  0.351239  0.351394  0.349949  0.349593  0.350152  0.350621  0.350112  0.349336  0.350126  0.349633  0.350599  0.349707  0.349711  0.351476  0.349633  0.350406  0.349648  0.350323  0.350927  
1.65987  3.03664  5.71951  7.78965  3.50311  4.20069  4.92604  5.59812  6.32785  7.00643  7.69751  8.41956  9.12582  9.80437  10.5236  11.1864  11.953  12.6152  13.3002  14.0178  14.6991  15.4589  16.0855  16.8335  0.829935  0.75916  0.953251  0.973706  0.350311  0.350057  0.35186  0.349882  0.351547  0.350322  0.349887  0.350815  0.350993  0.350156  0.350788  0.349575  0.351559  0.350421  0.350004  0.350446  0.349978  0.351338  0.349685  0.350697  
1.95384  3.92024  4.69758  4.21422  3.50975  4.20071  4.90055  5.60951  6.30592  7.01018  7.70048  8.40236  9.12449  9.79701  10.5064  11.2222  11.9037  12.6123  13.3729  14.0355  14.7353  15.4133  16.0889  16.8408  0.976922  0.98006  0.78293  0.526777  0.350975  0.350059  0.350039  0.350594  0.350329  0.350509  0.350022  0.350098  0.350942  0.349893  0.350213  0.350694  0.350109  0.35034  0.351919  0.350888  0.350841  0.350302  0.349759  0.350849  
1.95984  2.87529  5.48006  5.91456  3.50785  4.20283  4.90468  5.5654  6.28503  6.98954  7.70652  8.40561  9.09564  9.80133  10.4708  11.2134  11.9139  12.6256  13.2909  14.0043  14.7164  15.2947  16.0883  16.8214  0.979921  0.718823  0.913343  0.73932  0.350785  0.350236  0.350335  0.347837  0.349168  0.349477  0.350297  0.350234  0.349832  0.350048  0.349026  0.350418  0.350408  0.350711  0.349761  0.350107  0.350392  0.347607  0.349745  0.350446  
1.8539  3.56973  4.2098  5.92245  3.50692  4.20331  4.90029  5.61667  6.30154  6.98633  7.72174  8.40141  9.12866  9.81006  10.5088  11.2456  11.9337  12.6302  13.297  14.0241  14.6814  15.4713  16.0899  16.8585  0.926951  0.892433  0.701634  0.740307  0.350692  0.350275  0.350021  0.351042  0.350085  0.349316  0.350988  0.350059  0.351102  0.350359  0.350292  0.351425  0.35099  0.350838  0.349922  0.350602  0.349557  0.351621  0.349781  0.351218  
1.58051  3.03889  5.28848  7.81689  3.50644  4.19571  4.91567  5.60777  6.3126  7.01749  7.68913  8.40529  9.10388  9.79641  10.5205  11.2107  11.9143  12.6386  13.3294  14.0232  14.698  15.4814  16.0928  16.7648  0.790255  0.759723  0.881414  0.977111  0.350644  0.349643  0.351119  0.350485  0.3507  0.350875  0.349506  0.350221  0.350149  0.349872  0.350682  0.350333  0.350421  0.351072  0.350774  0.35058  0.349951  0.35185  0.349843  0.349266  
1.90199  3.70754  4.10204  4.93036  3.50174  4.19923  4.90426  5.60472  6.33304  6.99503  7.69633  8.40433  9.11493  9.78298  10.5085  11.2104  11.9481  12.5953  13.3193  14.0418  14.7414  15.4167  16.0715  16.806  0.950993  0.926885  0.683673  0.616295  0.350174  0.349936  0.350304  0.350295  0.351836  0.349752  0.349833  0.35018  0.350574  0.349392  0.350283  0.350325  0.351415  0.34987  0.350509  0.351046  0.350987  0.35038  0.349381  0.350124  
1.89347  2.54255  5.20944  6.80789  3.49857  4.19501  4.90319  5.6037  6.29939  7.00143  7.70472  8.4017  9.15528  9.82735  10.516  11.2273  11.9357  12.5851  13.3784  14.0127  14.7022  15.415  16.1519  16.7854  0.946734  0.635638  0.868241  0.850986  0.349857  0.349584  0.350228  0.350231  0.349966  0.350071  0.350215  0.350071  0.352126  0.350977  0.350533  0.350853  0.35105  0.349586  0.352063  0.350317  0.350053  0.35034  0.351127  0.349697  
2  2.85464  4.44159  5.81206  3.50144  4.19782  4.88757  5.59177  6.28392  7.00882  7.7001  8.39155  9.08493  9.82571  10.4856  11.1955  11.9495  12.6002  13.2961  14.0211  14.7473  15.438  16.0958  16.8039  1  0.71366  0.740265  0.726507  0.350144  0.349818  0.349112  0.349486  0.349107  0.350441  0.350005  0.349648  0.34942  0.350918  0.349519  0.349859  0.351454  0.350006  0.349897  0.350528  0.351125  0.350864  0.349908  0.350081  
1.31904  3.05309  6  8  3.50117  4.19623  4.90766  5.59927  6.30611  7.00973  7.70916  8.40458  9.07717  9.80296  10.5026  11.2067  11.9233  12.623  13.342  13.9983  14.6955  15.378  16.1059  16.8115  0.659519  0.763272  1  1  0.350117  0.349686  0.350547  0.349955  0.350339  0.350487  0.350416  0.350191  0.349122  0.350106  0.350087  0.350211  0.350686  0.350638  0.351106  0.349957  0.349893  0.3495  0.350127  0.35024  
2  4  2.72724  4.84885  3.50487  4.19772  4.9123  5.61616  6.30638  7.00636  7.72708  8.40802  9.09631  9.80841  10.5002  11.2039  11.9008  12.6076  13.291  13.9888  14.7265  15.4098  16.0851  16.8005  1  1  0.454541  0.606107  0.350487  0.34981  0.350878  0.35101  0.350355  0.350318  0.351231  0.350334  0.349858  0.3503  0.350006  0.350123  0.350023  0.35021  0.349763  0.349721  0.35063  0.350222  0.349677  0.350011  
1.95673  2.69635  4.44159  5.73971  3.50058  4.19764  4.90682  5.59551  6.29074  6.99895  7.7031  8.41451  9.07265  9.80767  10.5291  11.2221  11.9304  12.6466  13.3445  14.0019  14.7558  15.4113  16.0981  16.78  0.978365  0.674087  0.740265  0.717464  0.350058  0.349803  0.350487  0.349719  0.349486  0.349948  0.350141  0.350605  0.348948  0.350274  0.35097  0.350691  0.350895  0.351294  0.35117  0.350048  0.351329  0.350257  0.349959  0.349584  
1.99601  3.27254  3.52119  4.91982  3.49657  4.19404  4.92289  5.62282  6.32239  6.9951  7.7032  8.43013  9.1051  9.79197  10.5689  11.2168  11.9225  12.5979  13.342  13.9821  14.715  15.4218  16.1082  16.8139  0.998004  0.818135  0.586865  0.614977  0.349657  0.349504  0.351635  0.351426  0.351244  0.349755  0.350145  0.351256  0.350196  0.349713  0.352296  0.350526  0.350663  0.349942  0.351105  0.349551  0.350358  0.350496  0.350177  0.35029  
1.59327  2.63422  5.61043  6.18083  3.50206  4.19897  4.92112  5.59956  6.29384  7.02557  7.70723  8.38874  9.10381  9.80192  10.5045  11.1841  11.9497  12.5903  13.2882  13.9874  14.7222  15.5238  16.2043  16.8355  0.796636  0.658554  0.935072  0.772604  0.350206  0.349914  0.351508  0.349972  0.349658  0.351279  0.350329  0.349531  0.350147  0.350069  0.350151  0.349502  0.351462  0.349732  0.349688  0.349686  0.350528  0.352814  0.352267  0.350739  
1.9575  3.70754  3.27422  4  3.50098  4.19969  4.90148  5.60334  6.32414  7.04709  7.69969  8.39501  9.09495  9.80903  10.5013  11.2036  11.9107  12.5986  13.2989  14.0216  14.7868  15.4  16.1434  16.8204  0.978749  0.926885  0.545703  0.5  0.350098  0.349974  0.350106  0.350209  0.351341  0.352355  0.349986  0.349792  0.349806  0.350323  0.350042  0.350113  0.350314  0.349962  0.34997  0.350541  0.352066  0.350001  0.350942  0.350426  
1.21409  3.68158  3.94863  7.08594  3.49789  4.18598  4.90185  5.59815  6.30801  7.05652  7.7013  8.43082  9.07666  9.81434  10.4693  11.2185  11.9296  12.6002  13.2498  13.9938  14.7055  15.5285  16.1146  16.7832  0.607046  0.920395  0.658105  0.885743  0.349789  0.348831  0.350132  0.349885  0.350445  0.352826  0.350059  0.351284  0.349102  0.350512  0.348975  0.350579  0.350872  0.350005  0.348678  0.349844  0.350131  0.35292  0.350318  0.34965  
1.42459  3.99628  4.20617  4.21657  3.50036  4.20419  4.90116  5.60014  6.32467  7.03644  7.72748  8.40967  9.09943  9.83005  10.557  11.2809  11.9009  12.6201  13.2971  14.0143  14.7396  15.4443  16.1189  16.8152  0.712297  0.99907  0.701029  0.527071  0.350036  0.350349  0.350083  0.350009  0.35137  0.351822  0.351249  0.350403  0.349978  0.351073  0.3519  0.352528  0.350027  0.350558  0.349923  0.350356  0.350943  0.351007  0.350411  0.350316  
1.43495  2.33197  5.10975  8  3.50878  4.19795  4.90794  5.60528  6.30741  7.01643  7.76377  8.41505  9.0902  9.78634  10.5001  11.1925  11.9355  12.6152  13.3227  14.0054  14.7126  15.4262  16.1602  16.8137  0.717473  0.582992  0.851625  1  0.350878  0.349829  0.350567  0.35033  0.350412  0.350822  0.352899  0.350627  0.349623  0.349512  0.350004  0.349765  0.351044  0.350421  0.350598  0.350135  0.3503  0.350596  0.351308  0.350286  
1.88807  4  4.69758  1.36522  3.50624  4.20612  4.90115  5.61985  6.31233  6.9965  7.75394  8.40002  9.10457  9.80088  10.5444  11.2171  11.9354  12.624  13.3742  13.994  14.7144  15.3961  16.1419  16.8173  0.944033  1  0.78293  0.170653  0.350624  0.35051  0.350082  0.351241  0.350685  0.349825  0.352452  0.350001  0.350176  0.350031  0.351481  0.350535  0.351041  0.350667  0.351953  0.34985  0.350342  0.349912  0.350911  0.35036  
1.36567  3.3014  2.73742  7.81872  3.50436  4.22199  4.91502  5.59065  6.28787  7.00299  7.69828  8.44113  9.06039  9.7959  10.5217  11.2413  11.8847  12.6457  13.3188  14.0216  14.7399  15.3964  16.1161  16.8058  0.682833  0.825351  0.456237  0.977341  0.350436  0.351833  0.351073  0.349416  0.349326  0.350149  0.349922  0.351714  0.348477  0.349854  0.350722  0.35129  0.349551  0.35127  0.350494  0.350539  0.350951  0.349919  0.350349  0.35012  
1.62129  3.64342  2.91299  4.72395  3.53014  4.20868  4.91955  5.58132  6.29993  7.01147  7.76361  8.41143  9.08821  9.8066  10.4445  11.2024  11.9236  12.5896  13.3462  14.0172  14.7526  15.3541  16.1245  16.8966  0.810643  0.910856  0.485498  0.590494  0.353014  0.350723  0.351397  0.348832  0.349996  0.350574  0.352891  0.350476  0.349546  0.350236  0.348151  0.350074  0.350693  0.349712  0.351216  0.35043  0.351253  0.348956  0.350533  0.352013  
1.16771  2.71357  4.8715  7.27613  3.49957  4.19979  4.91213  5.59854  6.31714  7.02472  7.70406  8.44248  9.10985  9.79956  10.4808  11.22  11.8901  12.6018  13.3061  13.9909  14.7289  15.4956  16.1361  16.7735  0.583855  0.678394  0.811917  0.909516  0.349957  0.349982  0.350867  0.349908  0.350952  0.351236  0.350185  0.35177  0.350379  0.349984  0.34936  0.350624  0.349709  0.35005  0.350161  0.349773  0.350687  0.352174  0.350785  0.349448  
1.66051  4  2.02734  4.6458  3.50405  4.20469  4.93552  5.60813  6.28844  7.04655  7.71141  8.39996  9.10797  9.76093  10.5197  11.2169  11.933  12.6045  13.282  13.9751  14.7207  15.4367  16.1426  16.7979  0.830253  1  0.337889  0.580725  0.350405  0.350391  0.352537  0.350508  0.349358  0.352328  0.350519  0.349998  0.350307  0.348605  0.350658  0.350527  0.350972  0.350124  0.349525  0.349378  0.350493  0.350833  0.350926  0.349956  
1.28443  2.7169  5.23666  4.93761  3.50768  4.19908  4.9252  5.59246  6.32354  7.00885  7.69884  8.4234  9.1537  9.81687  10.5557  11.2384  11.9267  12.5996  13.2853  14.025  14.7579  15.4063  16.3706  16.8077  0.642216  0.679226  0.872777  0.617201  0.350768  0.349924  0.3518  0.349529  0.351308  0.350443  0.349947  0.350975  0.352065  0.350602  0.351856  0.3512  0.350787  0.349989  0.349612  0.350626  0.351378  0.350143  0.355882  0.350161  
1.19782  3.92024  4.3095  3.2363  3.49501  4.20309  4.89269  5.60254  6.32164  7.00086  7.7008  8.38521  9.14148  9.80559  10.488  11.2181  11.9597  12.6715  13.3825  14.0355  14.7015  15.4353  16.1192  16.7972  0.598912  0.98006  0.718249  0.404537  0.349501  0.350258  0.349478  0.350159  0.351202  0.350043  0.350036  0.349384  0.351595  0.3502  0.349599  0.350564  0.351756  0.351985  0.352172  0.350887  0.350035  0.350802  0.350417  0.349942  
1.00538  2.33393  6  7.26947  3.5109  4.20424  4.91092  5.60254  6.2951  7.00531  7.68472  8.42799  9.10585  9.81465  10.4979  11.1935  11.8947  12.6092  13.2733  14.0201  14.6858  15.4057  16.0973  16.822  0.50269  0.583482  1  0.908683  0.35109  0.350353  0.35078  0.350159  0.349728  0.350266  0.349305  0.351166  0.350225  0.350523  0.349929  0.349797  0.349844  0.350257  0.349298  0.350502  0.349662  0.35013  0.349942  0.350458  
1.98873  3.86012  2.14896  2.56874  3.4945  4.20083  4.90992  5.60213  6.3308  7.00616  7.69792  8.42322  9.1165  9.80641  10.5297  11.2201  11.9776  12.6045  13.3793  14.0169  14.7018  15.3961  16.1439  16.813  0.994367  0.965031  0.358159  0.321092  0.34945  0.35007  0.350709  0.350133  0.351711  0.350308  0.349906  0.350968  0.350635  0.350229  0.35099  0.350627  0.352282  0.350125  0.352088  0.350423  0.350042  0.349911  0.350954  0.35027  
1.25833  3.15144  3.39152  4.87896  3.50568  4.20787  4.93031  5.61575  6.30654  7.02229  7.70766  8.42521  9.0966  9.8995  10.5188  11.4164  11.9145  12.7015  13.4473  13.9637  14.7045  15.4722  16.1381  16.8327  0.629165  0.787859  0.565253  0.60987  0.350568  0.350656  0.352165  0.350985  0.350363  0.351115  0.350348  0.35105  0.349869  0.353554  0.350625  0.356762  0.350426  0.35282  0.353876  0.349093  0.350106  0.351641  0.350829  0.35068  
1.41977  4  3.16906  2.53242  3.50541  4.20133  4.8995  5.59692  6.29976  6.98725  7.70186  8.39308  9.10467  9.78615  10.5475  11.1948  12.0034  12.6094  13.4438  14.0003  14.6799  15.4022  16.0964  16.9346  0.709883  1  0.528177  0.316552  0.350541  0.35011  0.349964  0.349807  0.349987  0.349362  0.350085  0.349712  0.350179  0.349505  0.351583  0.349839  0.353042  0.350261  0.353784  0.350007  0.349521  0.35005  0.349923  0.352805  
1.51458  1.43477  6  4.56893  3.49725  4.19576  4.90177  5.60477  6.31145  7.00118  7.73902  8.40872  9.08358  9.89884  10.5595  11.2171  11.9263  12.5645  13.3394  13.9257  14.7193  15.4906  16.1588  16.8652  0.757289  0.358692  1  0.571116  0.349725  0.349647  0.350126  0.350298  0.350636  0.350059  0.351774  0.350363  0.349368  0.35353  0.351982  0.350533  0.350772  0.349013  0.351037  0.348141  0.350459  0.35206  0.351279  0.351358  
1.68356  3.95742  2.8715  1.67944  3.49882  4.2076  4.91192  5.60097  6.2893  7.00647  7.67272  8.41712  9.10693  9.8013  10.4927  11.2452  11.8938  12.5493  13.3105  14.0191  14.6676  15.3454  16.1341  16.7765  0.841781  0.989356  0.478583  0.20993  0.349882  0.350634  0.350851  0.350061  0.349406  0.350324  0.34876  0.350713  0.350266  0.350046  0.349755  0.351412  0.349817  0.34859  0.350277  0.350479  0.349228  0.34876  0.350741  0.349511  
1.43169  1.91674  2.58615  7.18259  3.51178  4.1964  4.91566  5.60956  6.30696  7.02277  7.76706  8.42325  9.08556  9.78737  10.4913  11.1925  11.9355  12.6176  13.3485  14.0098  14.7053  15.4262  16.1895  16.7902  0.715847  0.479185  0.431025  0.897823  0.351178  0.3497  0.351119  0.350597  0.350387  0.351139  0.353048  0.350969  0.349445  0.349549  0.349709  0.349765  0.351044  0.350488  0.351277  0.350244  0.350125  0.350596  0.351945  0.349796  
1.60053  2.78717  1.87744  4.68286  3.50695  4.20962  4.90054  5.57822  6.27219  6.98566  7.70354  8.40063  9.09619  9.79569  10.4596  11.1788  11.9115  12.6721  13.2907  13.999  14.7062  15.4037  16.1544  16.7379  0.800263  0.696792  0.312907  0.585358  0.350695  0.350802  0.350039  0.348639  0.348455  0.349283  0.350161  0.350026  0.349853  0.349846  0.348654  0.349338  0.350339  0.352004  0.349755  0.349974  0.350148  0.350084  0.351183  0.348707  
0.899375  1.83711  4.8875  8  3.51184  4.19964  4.89987  5.59759  6.28794  6.97926  7.69937  8.3991  9.10021  9.80007  10.6239  11.195  12.0531  12.6202  13.433  13.9578  14.7784  15.3949  16.0541  16.7676  0.449688  0.459278  0.814584  1  0.351184  0.34997  0.34999  0.349849  0.34933  0.348963  0.349971  0.349963  0.350008  0.350002  0.35413  0.349843  0.354504  0.350561  0.353499  0.348944  0.351867  0.349885  0.349003  0.349325  
2  3.52489  1.23575  2.74976  3.5233  4.19606  4.91581  5.6156  6.35675  7.02575  7.69802  8.40122  9.11319  9.82659  10.5347  11.254  11.9102  12.6146  13.2933  14.0035  14.7449  15.3951  16.2381  16.8824  1  0.881222  0.205958  0.34372  0.35233  0.349672  0.35113  0.350975  0.353153  0.351288  0.34991  0.350051  0.350507  0.35095  0.351156  0.351687  0.350301  0.350406  0.349825  0.350086  0.351069  0.349888  0.353003  0.351716  
0.635303  3.74202  2.85784  4.8655  3.49717  4.20362  4.90728  5.61469  6.31955  7.00087  7.82101  8.39203  9.09891  9.8371  10.508  11.2024  11.8976  12.6547  13.2944  14.1178  14.7171  15.4004  16.1049  16.8414  0.317651  0.935505  0.476307  0.608188  0.349717  0.350301  0.35052  0.350918  0.351086  0.350043  0.3555  0.349668  0.349958  0.351325  0.350267  0.350076  0.34993  0.351519  0.349851  0.352944  0.350408  0.350008  0.350107  0.350862  
1.16044  4  2.11701  2.80114  3.51935  4.19095  4.92567  5.57395  6.34142  6.97634  7.71111  8.41041  9.12416  9.77789  10.4579  11.2373  11.8971  12.6216  13.3058  14.0591  14.6993  15.4403  16.1079  16.7402  0.58022  1  0.352835  0.350142  0.351935  0.349246  0.351833  0.348372  0.352301  0.348817  0.350505  0.350434  0.350929  0.34921  0.348597  0.351166  0.349916  0.350601  0.350153  0.351478  0.349982  0.350917  0.350172  0.348754  
0.664668  2.11754  4.21701  7.2272  3.50078  4.20741  4.89755  5.59603  6.38414  7.03599  7.69406  8.44364  9.10145  9.86796  10.4358  11.2184  11.9005  12.5594  13.3265  13.9505  14.7559  15.3824  16.0974  16.8362  0.332334  0.529384  0.702835  0.903399  0.350078  0.350617  0.349825  0.349752  0.354675  0.351799  0.34973  0.351818  0.350056  0.352427  0.34786  0.350575  0.350014  0.348873  0.350697  0.348762  0.35133  0.349601  0.349943  0.350754  
2  2.85874  1.23575  2.74976  3.51308  4.18825  4.94515  5.63796  6.32581  7.05808  7.69548  8.39826  9.10067  9.8118  10.5118  11.284  11.9284  12.6476  13.3409  14.0074  14.7426  15.4307  16.0993  16.8214  1  0.714686  0.205958  0.34372  0.351308  0.349021  0.353225  0.352373  0.351434  0.352904  0.349795  0.349928  0.350026  0.350421  0.350392  0.352626  0.350835  0.351322  0.351076  0.350186  0.351013  0.350698  0.349985  0.350446  
1.10837  1.52134  4.61414  3.72902  3.50509  4.20946  4.91285  5.56145  6.30106  7.05832  7.78341  8.41905  9.09917  9.8421  10.5273  11.1329  11.8559  12.6096  13.3222  14.0023  14.6986  15.4032  16.0505  16.7709  0.554183  0.380334  0.769023  0.466127  0.350509  0.350789  0.350918  0.347591  0.350059  0.352916  0.353791  0.350794  0.349968  0.351503  0.350911  0.347903  0.348703  0.350266  0.350584  0.350057  0.349968  0.350073  0.348925  0.349395  
1.90681  1.52527  4.1918  0.890338  3.49094  4.18981  4.90393  5.60802  6.32387  6.99095  7.72531  8.41591  9.08876  9.89551  10.5118  11.2076  11.9059  12.5391  13.3103  13.9644  14.7419  15.5079  16.1232  16.8127  0.953404  0.381317  0.698633  0.111292  0.349094  0.349151  0.350281  0.350501  0.351326  0.349548  0.35115  0.350663  0.349568  0.353411  0.350393  0.350237  0.350173  0.348309  0.350272  0.34911  0.350997  0.352452  0.350505  0.350264  
0.554938  1.59413  5.96998  7.98605  3.50779  4.19757  4.91376  5.60428  6.30702  6.99753  7.70129  8.42768  9.11038  9.8041  10.5196  11.1951  11.9101  12.6737  13.3388  13.9945  14.6982  15.3833  16.18  16.833  0.277469  0.398532  0.994997  0.998256  0.350779  0.349797  0.350983  0.350268  0.35039  0.349876  0.350059  0.351153  0.350399  0.350146  0.350654  0.349847  0.350297  0.352046  0.35102  0.349863  0.349958  0.349619  0.35174  0.350688  
1.99377  4  2.57124  0  3.49564  4.20549  4.91487  5.60405  6.30206  7.01187  7.70391  8.39059  9.102  9.78895  10.5065  11.2099  11.9008  12.6002  13.3022  13.9949  14.6966  15.376  16.1106  16.8026  0.996886  1  0.428539  0  0.349564  0.350458  0.351062  0.350253  0.350114  0.350593  0.350178  0.349608  0.350077  0.349605  0.350217  0.35031  0.350024  0.350004  0.350058  0.349872  0.349919  0.349456  0.350231  0.350054  
1.57961  1.75058  2.16118  2.65802  3.50744  4.19397  4.91724  5.54109  6.30581  7.03537  7.74484  8.4131  9.11925  9.80435  10.4243  11.1959  11.9056  12.6003  13.2767  14.0123  14.7235  15.3666  16.1402  16.8062  0.789803  0.437646  0.360197  0.332252  0.350744  0.349498  0.351231  0.346318  0.350323  0.351768  0.352038  0.350546  0.35074  0.350155  0.347478  0.349872  0.350165  0.350008  0.349387  0.350309  0.350559  0.349241  0.350873  0.350128  
1.94053  2.73549  2.47259  0.426414  3.50845  4.20279  4.89457  5.64043  6.28482  7.03412  7.77421  8.39331  9.15442  9.82974  10.5771  11.2128  11.9328  12.5961  13.3059  14.0166  14.825  15.411  16.1155  16.7851  0.970266  0.683873  0.412098  0.0533018  0.350845  0.350232  0.349612  0.352527  0.349156  0.351706  0.353373  0.349721  0.352093  0.351062  0.35257  0.350399  0.350964  0.34989  0.350154  0.350415  0.352976  0.35025  0.350337  0.349689  
0.642071  1.76327  4.46642  3.15879  3.50486  4.21032  4.916  5.60183  6.3046  7.00645  7.69737  8.52532  9.11465  9.78884  10.5101  11.2082  11.8998  12.6119  13.3199  13.9582  14.6771  15.4015  16.0944  16.8542  0.321035  0.440818  0.744404  0.394849  0.350486  0.35086  0.351143  0.350114  0.350256  0.350323  0.34988  0.355222  0.350563  0.349601  0.350337  0.350257  0.349993  0.350332  0.350522  0.348955  0.349455  0.350034  0.349879  0.351128  
1.99349  3.34344  0  3.40394  3.49745  4.19747  4.90607  5.60274  6.30276  7.00014  7.7142  8.40915  9.09233  9.79967  10.4819  11.2037  11.8938  12.5942  13.3613  14.0035  14.6705  15.3488  16.1613  16.7504  0.996747  0.83586  0  0.425493  0.349745  0.349789  0.350434  0.350172  0.350153  0.350007  0.350646  0.350381  0.349705  0.349988  0.349396  0.350115  0.349816  0.349839  0.351613  0.350088  0.349298  0.348836  0.351333  0.348967  
1.08604  1.49804  2.47259  2.90849  3.51423  4.20529  4.88556  5.63663  6.29887  7.027  7.72074  8.48113  9.12609  9.81403  10.5827  11.1766  12.1016  12.5775  13.3866  13.9479  14.9079  15.378  16.1065  16.7939  0.54302  0.37451  0.412098  0.363562  0.351423  0.350441  0.348969  0.35229  0.349937  0.35135  0.350943  0.35338  0.351003  0.350501  0.352755  0.349267  0.355928  0.349374  0.352279  0.348697  0.35495  0.3495  0.350141  0.349873  
1.915  1.89133  3.35626  0  3.4991  4.23386  4.88606  5.60352  6.3407  6.98968  7.72229  8.39683  9.10468  9.81231  10.4874  11.193  11.9067  12.5725  13.308  14.0009  14.7908  15.4136  16.1794  16.8245  0.957498  0.472832  0.559376  0  0.34991  0.352822  0.349004  0.35022  0.352261  0.349484  0.351013  0.349868  0.35018  0.35044  0.34958  0.34978  0.350197  0.349235  0.35021  0.350022  0.352161  0.350308  0.351727  0.350511  
0.200872  1.80105  4.20145  6.01763  3.5052  4.20662  4.92775  5.57947  6.30937  7.04104  7.68055  8.39913  9.11105  9.79166  10.454  11.1638  11.9044  12.7147  13.2439  14.0362  14.7697  15.3922  16.0884  16.769  0.100436  0.450262  0.700242  0.752203  0.35052  0.350552  0.351982  0.348717  0.35052  0.352052  0.349116  0.349964  0.350425  0.349702  0.348468  0.348868  0.350131  0.353186  0.348522  0.350906  0.351659  0.349823  0.349747  0.349353  
1.83715  4  1.73356  0  3.5026  4.20834  4.89436  5.58893  6.29674  7.01829  7.70062  8.41057  9.12016  9.80378  10.4412  11.2393  11.918  12.6025  13.2877  14.006  14.6982  15.4078  16.0738  16.8062  0.918577  1  0.288926  0  0.35026  0.350695  0.349597  0.349308  0.349819  0.350914  0.350028  0.35044  0.350776  0.350135  0.34804  0.351229  0.350529  0.350069  0.349675  0.35015  0.349957  0.350176  0.349431  0.350128  
0.837708  2.2623  2.72369  0.937611  3.5018  4.21885  4.89946  5.59108  6.29673  6.98961  7.72539  8.35492  9.12681  9.80398  10.4931  11.2188  11.9108  12.6054  13.3295  14.0392  14.7877  15.4349  16.4767  16.827  0.418854  0.565574  0.453948  0.117201  0.35018  0.351571  0.349962  0.349442  0.349818  0.349481  0.351154  0.348122  0.351031  0.350142  0.349771  0.350588  0.350318  0.350149  0.350776  0.35098  0.352088  0.350794  0.35819  0.350563  
1.85481  2.3386  2.3042  0  3.4962  4.20371  4.90476  5.59889  6.2759  6.99825  7.70986  8.4076  9.16573  9.8237  10.5004  11.1921  11.9144  12.5475  13.3865  14.0175  14.7139  15.4003  16.0366  16.8003  0.927407  0.584649  0.384034  0  0.34962  0.350309  0.35034  0.349931  0.348661  0.349913  0.350448  0.350317  0.352528  0.350847  0.350013  0.349754  0.350423  0.348542  0.352275  0.350437  0.35033  0.350006  0.348621  0.350007  
0.414573  1.08208  3.20722  4.26562  3.49369  4.18812  4.89819  5.58702  6.30154  7.01254  7.70831  8.36378  9.08222  9.80231  10.4288  11.2172  11.8413  12.6844  13.3138  13.9314  14.727  15.3394  16.0881  16.8157  0.207287  0.27052  0.534537  0.533203  0.349369  0.34901  0.349871  0.349189  0.350086  0.350627  0.350378  0.348491  0.349316  0.350082  0.347626  0.350539  0.348272  0.352344  0.350364  0.348286  0.350643  0.348624  0.34974  0.350326  
1.79923  3.29676  0  2.24338  3.52178  4.19595  4.89414  5.59725  6.28153  6.99162  7.69845  8.37393  9.09623  9.80057  10.5019  11.2092  11.9587  12.5889  13.2803  14.0211  14.7392  15.3984  16.1005  16.8093  0.899615  0.82419  0  0.280423  0.352178  0.349663  0.349582  0.349828  0.348974  0.349581  0.34993  0.348914  0.349855  0.35002  0.350062  0.350287  0.351727  0.349693  0.349481  0.350527  0.350933  0.349964  0.35001  0.350195  
0.220951  2.37775  1.45243  3.1185  3.50287  4.19893  4.92274  5.60938  6.35793  7.03951  7.69619  8.41537  9.11719  9.80834  10.4406  11.128  11.9083  12.6622  13.2371  14.0151  14.7407  15.4771  16.0908  16.8187  0.110476  0.594437  0.242072  0.389813  0.350287  0.34991  0.351624  0.350586  0.353218  0.351975  0.349827  0.350641  0.350661  0.350298  0.34802  0.34775  0.350245  0.351728  0.348345  0.350376  0.350968  0.351751  0.349799  0.350389  
1.66426  1.58659  2.13236  0.0215513  3.50034  4.19596  4.9103  5.61723  6.30349  7.02026  7.75135  8.3712  9.09189  9.80325  10.4528  11.1583  11.8965  12.6249  13.3339  14.0378  14.6801  15.4798  16.1071  16.7844  0.832132  0.396647  0.355393  0.00269392  0.350034  0.349663  0.350735  0.351077  0.350194  0.351013  0.352334  0.3488  0.349688  0.350116  0.348426  0.348695  0.349896  0.350692  0.350892  0.350945  0.349526  0.351814  0.350155  0.349675  
0.468271  0.245728  5.15772  5.89171  3.49595  4.22477  4.88708  5.6105  6.31495  6.98575  7.69979  8.44755  9.0991  9.80824  10.4863  11.1975  11.9141  12.6632  13.3069  13.9874  14.7362  15.4146  16.183  16.7026  0.234136  0.0614319  0.859619  0.736464  0.349595  0.352064  0.349077  0.350656  0.350831  0.349288  0.34999  0.351981  0.349965  0.350294  0.349545  0.349922  0.350413  0.351754  0.35018  0.349686  0.350863  0.350332  0.351805  0.347971  
1.97725  3.85567  0.872929  0  3.50198  4.20709  4.89986  5.60576  6.30467  7.01044  7.70665  8.3993  9.15564  9.80026  10.5544  11.222  11.9129  12.5859  13.3547  14.042  14.7331  15.4665  16.1079  16.8166  0.988623  0.963918  0.145488  0  0.350198  0.350591  0.34999  0.35036  0.35026  0.350522  0.350302  0.349971  0.35214  0.350009  0.351814  0.350687  0.35038  0.349608  0.35144  0.35105  0.350788  0.351512  0.350172  0.350347  
1.11674  1.57224  0.361686  1.95525  3.52859  4.19852  4.92204  5.6236  6.38278  7.054  7.70133  8.38362  9.12419  9.82247  10.4801  11.2652  11.904  12.6062  13.3907  14.0522  14.7701  15.3592  16.2053  16.8969  0.558368  0.393059  0.060281  0.244406  0.352859  0.349877  0.351574  0.351475  0.354599  0.3527  0.350061  0.349318  0.35093  0.350803  0.349336  0.352038  0.350119  0.350171  0.352387  0.351306  0.351669  0.349073  0.352289  0.352019  
1.62546  2.89199  1.0974  0  3.49664  4.19963  4.92034  5.60599  6.32476  7.02322  7.69998  8.40321  9.09235  9.82485  10.4988  11.2371  11.8955  12.6046  13.2866  14.007  14.7167  15.4052  16.0981  16.7856  0.81273  0.722996  0.182901  0  0.349664  0.349969  0.351453  0.350374  0.351375  0.351161  0.349999  0.350134  0.349706  0.350887  0.349961  0.35116  0.349867  0.350128  0.349648  0.350174  0.350399  0.350119  0.349958  0.349699  
0.0838485  1.45899  2.54457  1.49118  3.49412  4.18651  4.89485  5.59631  6.28389  7.02163  7.69788  8.39628  9.1374  9.80162  10.5045  11.2759  11.938  12.6288  13.2552  14.0055  14.6888  15.4851  16.1002  16.7143  0.0419242  0.364747  0.424095  0.186398  0.349412  0.348876  0.349632  0.349769  0.349105  0.351082  0.349903  0.349845  0.351438  0.350058  0.350149  0.352372  0.351117  0.350799  0.348822  0.350136  0.349733  0.351933  0.350004  0.348215  
1.98004  3.08983  0  1.01582  3.4933  4.19582  4.90806  5.6178  6.29847  7.02451  7.69965  8.40754  9.10119  9.82732  10.5318  11.2149  11.9248  12.6138  13.3364  14.0172  14.7065  15.379  16.0821  16.8068  0.990019  0.772458  0  0.126977  0.34933  0.349652  0.350575  0.351113  0.349915  0.351226  0.349984  0.350314  0.350046  0.350976  0.35106  0.350465  0.350729  0.350385  0.350957  0.35043  0.350155  0.349523  0.349612  0.350141  
0.483665  1.37976  1.35493  0.516233  3.49255  4.16515  4.90973  5.60567  6.24696  6.99231  7.69571  8.37136  9.06236  9.74605  10.4945  11.1978  11.886  12.6081  13.4304  13.9582  14.742  15.4083  16.1223  16.7538  0.241832  0.344941  0.225821  0.0645292  0.349255  0.347096  0.350695  0.350354  0.347053  0.349616  0.349805  0.348807  0.348552  0.348073  0.349817  0.34993  0.349588  0.350224  0.353431  0.348955  0.351  0.350188  0.350484  0.349037  
1.74205  1.56219  0.897696  0  3.50842  4.20032  4.93193  5.63522  6.31541  7.03434  7.73367  8.39851  9.11337  9.80893  10.4795  11.1948  11.9023  12.6049  13.3121  13.9965  14.7037  15.3652  16.1013  16.8314  0.871027  0.390547  0.149616  0  0.350842  0.350027  0.352281  0.352201  0.350856  0.351717  0.35153  0.349938  0.350514  0.350319  0.349315  0.349838  0.350069  0.350136  0.350317  0.349912  0.350087  0.349209  0.350027  0.350654  
0.352907  0  3.05697  3.6722  3.49302  4.20101  4.88506  5.59656  6.30253  7.0008  7.7136  8.42049  9.07558  9.77156  10.503  11.1866  11.8954  12.6049  13.2638  14.0884  14.7313  15.4118  16.11  16.7851  0.176453  0  0.509494  0.459025  0.349302  0.350084  0.348933  0.349785  0.350141  0.35004  0.350618  0.350854  0.349061  0.348984  0.350099  0.349581  0.349866  0.350135  0.349047  0.352211  0.350745  0.350268  0.350216  0.34969  
1.82635  3.80043  0.354918  0  3.49928  4.20735  4.8996  5.58992  6.30341  6.99958  7.71419  8.40092  9.0945  9.79725  10.519  11.3369  11.9025  12.6057  13.3107  13.9961  14.7627  15.3868  16.1237  16.7514  0.913173  0.950108  0.0591531  0  0.349928  0.350612  0.349972  0.34937  0.350189  0.349979  0.350645  0.350038  0.349788  0.349902  0.350633  0.354277  0.350074  0.350158  0.350281  0.349903  0.351492  0.349699  0.350516  0.348987  
0.419212  2.16413  0.974048  0  3.51793  4.21119  4.89768  5.59045  6.32707  7.01116  7.74028  8.41477  9.15639  9.85407  10.4867  11.2017  11.9465  12.6173  13.5772  14.0676  14.8231  15.4671  16.2045  16.8138  0.209606  0.541032  0.162341  0  0.351793  0.350933  0.349834  0.349403  0.351504  0.350558  0.351831  0.350615  0.352169  0.351931  0.349557  0.350053  0.351367  0.35048  0.357296  0.351689  0.352931  0.351524  0.352273  0.350287  
1.50156  2.50674  0.391693  0  3.5146  4.20344  4.91079  5.60004  6.33004  6.99746  7.70404  8.39258  9.13218  9.78555  10.5041  11.1919  11.8983  12.6145  13.3602  14.0525  14.7149  15.4556  16.1293  16.7882  0.750781  0.626685  0.0652822  0  0.35146  0.350287  0.350771  0.350002  0.351669  0.349873  0.350183  0.349691  0.351238  0.349484  0.350136  0.349746  0.349949  0.350404  0.351585  0.351312  0.350356  0.351263  0.350637  0.349754  
0  0.886656  2.54457  0  3.49935  4.19898  4.895  5.61789  6.3046  7.00284  7.69802  8.39501  9.09587  9.84819  10.4921  11.2984  11.8995  12.6044  13.2855  13.9823  14.7539  15.4122  16.0954  16.7551  0  0.221664  0.424095  0  0.349935  0.349915  0.349643  0.351118  0.350256  0.350142  0.34991  0.349792  0.349841  0.351721  0.349737  0.353076  0.349985  0.350121  0.349618  0.349557  0.351282  0.350276  0.3499  0.349065  
1.85076  2.87054  0.18181  0  3.5019  4.19513  4.91086  5.62134  6.3079  6.99663  7.72628  8.40106  9.10534  9.80257  10.4146  11.1839  11.9009  12.6265  13.3738  13.9783  14.663  15.4175  16.0973  16.8046  0.925382  0.717634  0.0303017  0  0.35019  0.349594  0.350776  0.351334  0.350439  0.349831  0.351195  0.350044  0.350205  0.350092  0.347154  0.349497  0.350027  0.350736  0.351942  0.349458  0.349119  0.350398  0.34994  0.350096  
0.529769  0.422792  0.380886  0.152489  3.49955  4.20102  4.87459  5.66592  6.30798  7.09112  7.64759  8.38101  9.15601  9.90948  10.5496  11.2104  11.9526  12.5873  13.2563  13.9905  14.7231  15.3941  16.2429  16.7776  0.264885  0.105698  0.063481  0.0190611  0.349955  0.350085  0.348185  0.35412  0.350443  0.354556  0.347618  0.349209  0.352154  0.35391  0.351653  0.350327  0.351546  0.349648  0.34885  0.349761  0.35055  0.349867  0.353107  0.349533  
0.825591  2.60068  0.15032  0  3.51357  4.21715  4.91469  5.59798  6.36748  7.01776  7.70884  8.3934  9.11005  9.8107  10.5261  11.2441  11.9687  12.6609  13.31  14.123  14.7903  15.3906  16.0971  16.7802  0.412795  0.650171  0.0250533  0  0.351357  0.351429  0.351049  0.349874  0.353749  0.350888  0.350402  0.349725  0.350387  0.350382  0.350871  0.351379  0.352019  0.351691  0.350262  0.353074  0.35215  0.349786  0.349938  0.349588  
0  0.0946995  2.99039  2.62755  3.50344  4.21596  4.90067  5.60732  6.30935  6.99662  7.70241  8.39817  9.09659  9.79574  10.5054  11.2056  11.892  12.5999  13.3033  14.1307  14.727  15.3775  16.1198  16.8007  0  0.0236749  0.498398  0.328444  0.350344  0.35133  0.350048  0.350458  0.350519  0.349831  0.35011  0.349924  0.349869  0.349848  0.35018  0.350175  0.349766  0.349997  0.350087  0.353266  0.350644  0.34949  0.350431  0.350015  
1.99975  3.91156  0  0.0300894  3.50351  4.19922  4.89994  5.59998  6.30635  7.00197  7.70073  8.40857  9.10084  9.80575  10.5043  11.2488  11.9  12.5957  13.3169  14.0197  14.6955  15.3992  16.1448  16.8023  0.999873  0.977891  0  0.00376118  0.350351  0.349935  0.349996  0.349999  0.350353  0.350099  0.350033  0.350357  0.350032  0.350205  0.350144  0.351526  0.349999  0.349881  0.350445  0.350494  0.349893  0.349982  0.350974  0.350048  
0.840446  1.95622  0  0  3.50057  4.2116  4.9044  5.62934  6.30911  6.99425  7.70403  8.42076  9.10037  9.83897  10.514  11.2045  11.9097  12.6058  13.3108  14.0296  14.6945  15.4588  16.0957  16.9251  0.420223  0.489056  0  0  0.350057  0.350966  0.350314  0.351834  0.350506  0.349712  0.350183  0.350865  0.350014  0.351392  0.350468  0.35014  0.350285  0.350161  0.350283  0.350741  0.34987  0.351337  0.349906  0.352606  
