0.140328  1.69486  4.92141  2.46187  0.617953  8.59185  8.65678  14.0486  11.8556  2.65277  21.0214  22.444  6.9622  14.7881  4.19595  18.7448  24.5836  2.0763  6.02824  35.7905  36.4497  33.7753  16.0423  38.8026  0.0701642  0.423715  0.820235  0.307733  0.0617953  0.715988  0.618341  0.878039  0.658643  0.132638  0.955518  0.935169  0.267777  0.528146  0.139865  0.585776  0.723048  0.057675  0.158638  0.894761  0.86785  0.76762  0.348745  0.808387  
1.44478  2.60952  5.29439  4.93828  7.32335  10.5918  9.96839  5.84795  14.0009  11.4717  6.47969  0.326073  4.19245  10.7151  0.210967  20.9529  4.07021  31.8359  30.1382  10.8246  24.4765  14.0584  43.0231  43.6708  0.722391  0.652379  0.882399  0.617285  0.732335  0.882651  0.712028  0.365497  0.777825  0.573587  0.294531  0.0135864  0.161248  0.382683  0.00703222  0.654778  0.119712  0.88433  0.793111  0.270615  0.582774  0.319509  0.935284  0.909809  
0.484883  1.38738  4.10183  2.60658  2.35079  4.04861  11.2825  6.83087  8.22477  0.746635  15.5482  13.495  8.50067  5.8064  22.825  10.2676  3.10296  18.8875  32.3232  18.7286  39.7439  7.54051  2.87974  28.2302  0.242441  0.346846  0.683638  0.325822  0.235079  0.337384  0.805894  0.42693  0.456932  0.0373317  0.706736  0.562291  0.326949  0.207371  0.760834  0.320861  0.0912635  0.524653  0.85061  0.468215  0.946283  0.171375  0.0626031  0.588128  
0.103227  2.07277  2.65157  7.59589  7.32319  3.82116  3.45369  13.9374  11.5446  6.48068  18.4653  19.5913  13.9519  14.1639  18.6915  1.36736  29.8597  33.7418  14.1951  28.3479  4.31285  30.8971  41.1812  37.3732  0.0516135  0.518192  0.441929  0.949487  0.732319  0.31843  0.246692  0.87109  0.641367  0.324034  0.839334  0.816306  0.53661  0.505855  0.623051  0.0427301  0.878226  0.937272  0.373555  0.708698  0.102687  0.702208  0.895244  0.778608  
0.69195  2.58659  5.44083  3.02283  4.65706  1.40999  2.11536  4.34875  10.0472  17.0093  16.2639  13.2782  4.44186  15.8008  13.8729  18.3088  7.07287  3.05703  28.3635  23.1268  34.0251  35.202  11.2723  8.94492  0.345975  0.646646  0.906805  0.377854  0.465706  0.117499  0.151097  0.271797  0.558178  0.850466  0.739269  0.55326  0.170841  0.564314  0.46243  0.57215  0.208025  0.0849175  0.746408  0.578169  0.810123  0.800045  0.24505  0.186352  
0.740927  0.739004  2.76841  7.35911  9.94052  7.53365  11.5052  14.5451  14.3544  0.919554  2.25296  4.93265  16.5183  13.0436  15.626  20.5513  15.6957  11.1376  7.64191  21.7623  16.8334  43.6313  9.97317  12.9341  0.370463  0.184751  0.461402  0.919889  0.994052  0.627804  0.821798  0.909066  0.797467  0.0459777  0.102407  0.205527  0.63532  0.465844  0.520866  0.642227  0.461639  0.309378  0.201103  0.544058  0.400795  0.99162  0.216808  0.269461  
1.10349  0.707487  1.85045  4.27057  1.99398  9.2866  8.33532  0.885784  4.87114  0.850791  15.5582  22.5842  8.25187  15.0006  9.23465  10.8369  29.8792  27.3546  6.40994  12.6212  24.8224  36.8672  15.1504  42.4967  0.551747  0.176872  0.308408  0.533822  0.199398  0.773883  0.59538  0.0553615  0.270619  0.0425396  0.707193  0.941009  0.31738  0.535736  0.307822  0.338652  0.878801  0.75985  0.168683  0.31553  0.591008  0.837891  0.329356  0.885348  
0.582333  3.35506  1.49347  5.53618  8.2987  3.85377  1.3378  8.47738  11.1428  1.18018  9.83283  23.2037  20.283  14.2748  3.25941  14.4756  16.5675  6.90518  17.6512  6.21402  4.63427  16.4346  2.75523  1.69295  0.291167  0.838766  0.248912  0.692023  0.82987  0.321148  0.0955568  0.529837  0.619045  0.0590091  0.446947  0.966819  0.780116  0.509816  0.108647  0.452361  0.487279  0.19181  0.464505  0.15535  0.11034  0.373513  0.0598963  0.0352697  
1.27263  3.51324  4.19995  2.69945  6.7736  5.22769  8.54979  11.9894  8.74095  18.3109  13.9177  0.444337  16.4155  15.0571  19.8267  29.4703  32.7255  0.276124  16.578  30.3802  39.2313  10.8768  34.8412  40.137  0.636315  0.878311  0.699992  0.337432  0.67736  0.43564  0.610699  0.74934  0.485608  0.915546  0.632624  0.0185141  0.631366  0.537755  0.660891  0.920945  0.962514  0.00767012  0.436263  0.759504  0.934079  0.247201  0.757416  0.836187  
1.4004  1.59493  2.96702  4.53459  0.790221  7.33999  12.3775  10.3682  0.124507  12.8909  7.97801  21.3906  17.8887  20.4448  5.48848  26.6586  3.1153  0.766289  26.9146  27.1558  17.4218  43.6836  4.48879  22.3677  0.700198  0.398732  0.494503  0.566824  0.0790221  0.611665  0.884105  0.648015  0.00691705  0.644543  0.362637  0.891273  0.688027  0.730173  0.182949  0.833081  0.0916265  0.0212858  0.708278  0.678894  0.414805  0.992808  0.0975823  0.465993  
1.70655  1.29208  5.5008  4.31745  1.85441  0.919707  4.42514  7.40076  6.97668  14.6486  19.0811  5.29251  4.46084  18.3102  16.6199  7.10867  29.3666  18.0761  33.8343  39.2221  16.6571  20.4514  0.279234  36.2765  0.853273  0.32302  0.9168  0.539681  0.185441  0.0766423  0.316081  0.462547  0.387594  0.732428  0.867325  0.220521  0.171571  0.653937  0.553998  0.222146  0.863724  0.502115  0.890375  0.980551  0.396597  0.464806  0.0060703  0.75576  
0.112869  3.55589  5.29858  0.28917  4.16604  10.7508  11.1652  11.3936  4.38342  15.4861  15.6907  7.13121  1.48249  8.74286  14.5366  18.2295  27.1528  13.1422  35.8782  1.77179  9.47364  19.0135  17.3778  24.0195  0.0564347  0.888973  0.883097  0.0361463  0.416604  0.895901  0.797513  0.712097  0.243523  0.774305  0.713215  0.297134  0.0570189  0.312245  0.484555  0.569673  0.798613  0.365062  0.944163  0.0442947  0.225563  0.432125  0.377779  0.500407  
0.586626  1.57443  0.706247  2.30139  6.91348  7.19178  3.29077  3.20112  11.9461  6.97609  7.52994  6.91932  18.4558  14.2026  18.9164  28.8116  28.2591  30.9351  9.06132  36.6644  27.6285  38.7242  43.0848  6.3693  0.293313  0.393608  0.117708  0.287674  0.691348  0.599315  0.235055  0.20007  0.663673  0.348805  0.34227  0.288305  0.709837  0.507235  0.630546  0.900364  0.83115  0.859308  0.238456  0.916609  0.657822  0.880095  0.936627  0.132694  
1.26165  1.88181  3.50225  6.08382  1.99929  6.21491  4.59803  10.7534  0.190191  18.408  17.2072  22.8508  9.51304  21.7962  9.45851  1.41217  22.0456  14.3456  37.3351  9.90281  14.1835  23.8279  16.0471  2.18795  0.630825  0.470452  0.583709  0.760477  0.199929  0.517909  0.328431  0.672085  0.0105661  0.920398  0.782144  0.952116  0.365886  0.778434  0.315284  0.0441302  0.648399  0.398489  0.982504  0.24757  0.337703  0.541542  0.34885  0.0455823  
0.495394  0.330671  1.97419  4.85835  6.08055  11.5618  3.49171  4.41132  8.90972  1.32655  17.4967  9.9964  3.39247  7.92801  1.45653  8.39561  31.1335  26.1991  7.95  4.84172  13.8948  6.344  21.824  24.343  0.247697  0.0826679  0.329031  0.607294  0.608055  0.963484  0.249408  0.275707  0.494984  0.0663274  0.795303  0.416517  0.13048  0.283143  0.0485511  0.262363  0.915692  0.727753  0.209211  0.121043  0.330828  0.144182  0.474435  0.507145  
1.0782  2.37311  0.952566  5.66125  8.66343  8.38596  6.89201  1.54512  14.8027  8.96328  17.4115  10.4924  14.6669  9.51593  12.8383  6.41076  6.66199  33.5791  14.7533  24.7572  17.2913  25.2911  21.4075  40.731  0.5391  0.593278  0.158761  0.707656  0.866343  0.69883  0.492287  0.0965703  0.822373  0.448164  0.791432  0.437183  0.564113  0.339855  0.427942  0.200336  0.195941  0.932754  0.388244  0.61893  0.411698  0.574797  0.465381  0.848562  
1.70308  0.187424  3.31509  1.70236  2.48814  3.19433  0.188165  14.2989  17.6897  12.0107  15.0921  4.34604  21.5907  11.7981  21.7149  30.1471  19.8819  17.1178  10.5995  23.7449  12.1745  24.9617  18.316  4.70598  0.851542  0.046856  0.552514  0.212795  0.248814  0.266194  0.0134403  0.89368  0.98276  0.600533  0.686004  0.181085  0.830412  0.421361  0.723831  0.942098  0.58476  0.475495  0.278934  0.593622  0.28987  0.567311  0.398175  0.0980412  
0.31741  0.83351  5.7827  3.77985  4.81835  5.06611  3.09199  1.56523  7.90911  5.10458  6.79642  12.4841  22.3817  25.0764  8.25034  10.2187  2.15971  17.4525  31.4856  29.2199  18.0123  1.98597  33.5434  17.0851  0.158705  0.208377  0.963784  0.472482  0.481835  0.422176  0.220856  0.097827  0.439395  0.255229  0.308928  0.520172  0.860835  0.895586  0.275011  0.319336  0.063521  0.484791  0.828568  0.730498  0.428864  0.0451356  0.729204  0.35594  
1.0683  1.39704  2.45439  6.85875  5.33827  2.39838  2.1642  13.2431  15.8919  17.8275  5.24021  3.30793  1.66362  18.8453  15.4324  3.44613  28.1768  28.1781  36.431  21.8355  16.0108  6.25008  4.43184  20.5911  0.53415  0.349259  0.409064  0.857343  0.533827  0.199865  0.154585  0.827696  0.882884  0.891374  0.238191  0.13783  0.0639854  0.673047  0.514413  0.107692  0.828731  0.782726  0.95871  0.545887  0.38121  0.142047  0.0963443  0.428981  
0.483384  3.07074  3.56183  4.74564  7.46494  3.55528  2.1113  12.6079  1.06154  15.8679  5.67677  8.34326  4.67957  20.8327  19.2724  2.7432  29.7596  12.3929  13.4778  33.5683  10.9588  17.3695  26.983  0.842539  0.241692  0.767686  0.593638  0.593205  0.746494  0.296273  0.150807  0.787994  0.0589742  0.793396  0.258035  0.347636  0.179983  0.744026  0.642413  0.0857251  0.875284  0.344248  0.354678  0.839208  0.260924  0.39476  0.586588  0.0175529  
1.51396  1.19298  3.41356  4.03806  2.81  2.67558  5.42707  7.1253  1.9665  16.0568  4.00925  4.41498  19.8898  10.5708  24.3979  0.693418  22.8104  17.5905  1.61873  2.4863  31.7374  4.09938  23.3014  31.4359  0.756979  0.298246  0.568927  0.504757  0.281  0.222965  0.387648  0.445331  0.10925  0.802838  0.182238  0.183958  0.764991  0.37753  0.813263  0.0216693  0.670895  0.488624  0.0425981  0.0621574  0.755651  0.0931676  0.506552  0.654915  
1.98529  1.72847  0.626369  2.13243  5.6842  0.952151  0.455712  7.53294  1.70597  5.69686  10.1577  9.69681  4.54705  3.31164  6.03119  7.84339  22.7229  29.5844  36.6128  17.1983  16.8423  25.1782  16.4825  7.63583  0.992643  0.432117  0.104395  0.266554  0.56842  0.0793459  0.0325508  0.470809  0.0947761  0.284843  0.461712  0.404034  0.174886  0.118273  0.20104  0.245106  0.668319  0.821789  0.963494  0.429958  0.401008  0.572232  0.358315  0.15908  
1.1014  2.81001  3.04109  6.59045  5.13038  8.20452  10.4215  10.2207  1.71499  2.83532  10.5093  22.3567  20.9432  3.26989  3.80045  6.84125  6.04625  18.5154  23.3881  10.2977  9.53839  15.6971  27.8473  29.2566  0.550699  0.702501  0.506848  0.823806  0.513038  0.68371  0.74439  0.638792  0.0952771  0.141766  0.477696  0.931529  0.805508  0.116782  0.126682  0.213789  0.177831  0.514318  0.615476  0.257443  0.227105  0.356752  0.605375  0.609513  
0.687198  1.81782  4.53181  6.70629  0.776423  4.03399  6.64182  8.84223  1.96528  12.1104  20.8824  23.6188  6.95796  11.1237  15.4616  12.5231  29.4406  21.008  11.2579  25.4859  12.0542  4.4951  37.7606  15.9398  0.343599  0.454456  0.755302  0.838286  0.0776423  0.336166  0.474416  0.55264  0.109182  0.605518  0.949198  0.984116  0.267614  0.397275  0.515388  0.391347  0.8659  0.583555  0.296261  0.637147  0.287004  0.102161  0.820883  0.332078  
0.0675629  1.15219  2.25004  3.65913  3.39094  5.99582  3.15086  14.4225  0.0597479  6.76951  15.8538  6.82494  14.6722  5.84819  25.9681  9.78897  26.4647  1.35809  12.343  28.2681  26.8027  17.3613  15.7516  20.3193  0.0337815  0.288047  0.375007  0.457391  0.339094  0.499652  0.225061  0.901404  0.00331933  0.338476  0.720629  0.284372  0.564316  0.208864  0.865603  0.305905  0.778373  0.0377247  0.324817  0.706702  0.638161  0.394575  0.342425  0.42332  
1.08978  0.125449  3.13139  7.86781  2.40908  8.00618  11.3142  2.93498  9.85456  16.0197  15.5461  17.51  2.79538  14.5675  12.5969  18.528  18.6238  1.94235  3.87227  14.8214  1.68518  19.0655  2.12991  29.8648  0.544888  0.0313621  0.521898  0.983476  0.240908  0.667182  0.808159  0.183436  0.547475  0.800986  0.706641  0.729585  0.107515  0.520269  0.419897  0.579  0.547758  0.0539541  0.101902  0.370534  0.0401233  0.433308  0.0463024  0.622183  
0.18319  0.578724  3.17319  5.00589  4.51338  7.6581  6.94143  4.67302  2.77646  1.82245  6.17916  16.304  20.0877  20.0473  8.24702  17.4768  15.4352  20.057  20.9094  39.0443  28.2137  38.8268  37.7076  39.8527  0.0915952  0.144681  0.528865  0.625736  0.451338  0.638175  0.495816  0.292064  0.154248  0.0911226  0.280871  0.679335  0.772605  0.715974  0.274901  0.546149  0.453976  0.557138  0.550248  0.976108  0.671756  0.882428  0.81973  0.830264  
1.8753  2.23898  5.22259  3.61221  5.77898  6.99006  5.11512  2.14073  14.9079  18.2496  15.499  19.8149  4.82744  13.0066  24.4824  9.06781  28.7427  8.52252  24.9551  31.1905  23.5081  0.0495352  16.2371  46.2208  0.937651  0.559746  0.870432  0.451526  0.577898  0.582505  0.365365  0.133795  0.828218  0.912478  0.704499  0.825621  0.185671  0.46452  0.816081  0.283369  0.845373  0.236737  0.656713  0.779761  0.559717  0.0011258  0.35298  0.962933  
0.239826  3.78893  0.18268  4.03129  3.14929  0.647832  9.85534  11.9056  5.85414  11.8867  9.40363  6.014  16.4318  16.0531  1.03873  22.0521  33.29  31.3701  28.7121  29.6449  18.1627  27.8365  10.9366  23.7878  0.119913  0.947232  0.0304467  0.503912  0.314929  0.053986  0.703953  0.744098  0.32523  0.594334  0.427438  0.250583  0.631993  0.573325  0.0346244  0.689127  0.979119  0.871391  0.755582  0.741122  0.432444  0.632649  0.237753  0.495579  
0.136816  2.01812  4.68698  7.78113  7.85357  3.36512  13.6463  12.4154  16.6137  18.5377  7.79107  5.17838  8.81772  14.4103  14.0701  6.00294  2.07282  33.1235  27.021  3.23253  25.761  28.3445  44.8078  19.4231  0.0684079  0.50453  0.781163  0.972641  0.785357  0.280427  0.974732  0.775961  0.922984  0.926883  0.35414  0.215766  0.339143  0.514654  0.469005  0.187592  0.0609652  0.920096  0.711078  0.0808132  0.613357  0.644193  0.974083  0.404648  
1.85212  1.19804  1.93579  4.76809  2.56795  9.68399  1.87315  9.49655  5.49348  12.591  20.4073  9.24501  21.1232  23.954  21.7787  4.82824  15.2326  5.42913  14.0026  5.42245  27.5071  9.38995  31.7425  26.2455  0.92606  0.299509  0.322632  0.596011  0.256795  0.806999  0.133797  0.593535  0.305193  0.629548  0.927606  0.385209  0.81243  0.855499  0.725955  0.150883  0.448018  0.150809  0.368488  0.135561  0.654931  0.213408  0.690054  0.546782  
0.927286  3.86795  1.40644  0.754529  4.90581  0.184556  12.5357  7.95099  1.68888  12.603  15.8184  13.05  19.9041  16.0971  11.3296  17.6976  23.6432  8.18185  14.4634  18.2407  6.45927  41.1828  30.9805  33.7629  0.463643  0.966987  0.234407  0.0943161  0.490581  0.0153797  0.895411  0.496937  0.0938268  0.63015  0.719017  0.543748  0.76554  0.574895  0.377652  0.55305  0.695387  0.227274  0.380615  0.456017  0.153792  0.935973  0.673488  0.703394  
0.627689  1.70652  4.83346  5.92937  3.08979  1.29242  8.9467  10.0467  7.40599  18.9889  20.8803  6.8288  11.9395  23.9937  10.7364  9.10254  30.157  8.72703  34.0178  10.2589  15.642  1.09775  34.592  0.549716  0.313844  0.42663  0.805577  0.741171  0.308979  0.107701  0.63905  0.627919  0.411444  0.949447  0.949106  0.284533  0.459213  0.856919  0.357881  0.284454  0.88697  0.242417  0.895205  0.256471  0.372428  0.0249489  0.752001  0.0114524  
0.0945341  0.295883  1.96096  0.422949  1.83887  3.43618  12.5806  11.5177  10.7481  2.4282  5.10857  1.51716  9.58014  13.1052  28.5098  26.0851  31.3131  32.1761  33.0079  10.3114  5.21902  36.4093  34.2953  7.77516  0.047267  0.0739708  0.326826  0.0528686  0.183887  0.286349  0.898611  0.719856  0.597119  0.12141  0.232208  0.063215  0.368467  0.468043  0.950326  0.81516  0.920975  0.89378  0.86863  0.257784  0.124262  0.827485  0.74555  0.161983  
1.98208  3.0093  4.08723  2.24396  3.70816  7.81004  10.3077  7.31012  8.32298  18.9195  5.86394  1.40895  5.68944  22.5913  22.9242  12.0397  17.0063  8.56847  22.2014  11.586  12.7963  35.1715  40.937  25.1893  0.991039  0.752326  0.681204  0.280495  0.370816  0.650837  0.736261  0.456883  0.462388  0.945973  0.266543  0.0587064  0.218825  0.806832  0.764141  0.376241  0.500185  0.238013  0.584246  0.289649  0.304675  0.799352  0.889934  0.524778  
0.807739  2.3038  0.35186  0.952472  3.12906  2.96061  2.97323  7.09147  2.08677  11.9704  5.02891  18.4479  1.48654  22.9268  26.2147  12.2397  24.1961  10.8933  25.5644  13.9398  9.93511  39.1693  38.1729  21.1914  0.40387  0.57595  0.0586434  0.119059  0.312906  0.246717  0.212373  0.443217  0.115931  0.59852  0.228587  0.768662  0.0571745  0.818815  0.873823  0.38249  0.71165  0.302592  0.672746  0.348494  0.23655  0.890212  0.829846  0.441487  
0.880494  1.40768  4.57873  3.27197  1.89435  9.4669  12.7043  7.33058  14.1231  3.36975  20.0305  1.1986  2.92292  6.53907  16.0614  25.7143  17.2766  11.8435  31.9628  29.2279  5.75057  23.0442  8.74612  12.0393  0.440247  0.351919  0.763122  0.408996  0.189435  0.788908  0.907453  0.458161  0.784619  0.168488  0.910477  0.0499418  0.11242  0.233538  0.53538  0.803573  0.508136  0.328987  0.841127  0.730698  0.136918  0.523733  0.190133  0.250819  
1.31761  2.55709  1.42393  4.54909  4.75251  8.88334  13.5446  15.3054  15.5034  6.34521  16.8381  18.0486  17.7897  17.0086  25.4518  29.5243  12.6677  21.9073  16.5049  23.0382  31.9061  31.5679  32.6027  23.3076  0.658805  0.639272  0.237321  0.568637  0.475251  0.740278  0.967473  0.956588  0.861301  0.31726  0.76537  0.752027  0.68422  0.607448  0.848394  0.922634  0.372578  0.608535  0.43434  0.575956  0.75967  0.717453  0.708755  0.485576  
1.87614  0.453477  4.12528  4.13791  3.01897  0.138091  2.64089  5.76276  16.7066  0.504824  6.09657  1.43981  21.0231  18.2089  27.2172  9.47973  24.6811  10.9808  4.65585  35.8126  20.6579  25.7313  4.23017  18.5103  0.93807  0.113369  0.687546  0.517238  0.301897  0.0115075  0.188635  0.360172  0.928146  0.0252412  0.277117  0.0599922  0.80858  0.650319  0.90724  0.296242  0.725915  0.305022  0.122522  0.895315  0.491854  0.584802  0.0919601  0.385631  
1.35427  0.358368  1.70957  7.88722  6.94135  11.1657  1.50226  2.75758  4.99818  17.3456  0.0832977  15.1908  20.1776  3.87748  28.9047  16.5644  14.5707  9.37851  0.377493  17.0526  23.9507  40.8452  14.9645  26.4744  0.677134  0.089592  0.284928  0.985902  0.694135  0.930477  0.107304  0.172349  0.277677  0.867281  0.00378626  0.632951  0.776062  0.138481  0.963491  0.517638  0.428551  0.260514  0.00993404  0.426315  0.570255  0.928301  0.325316  0.55155  
1.98081  3.95965  0.191368  4.52074  8.70025  4.10542  13.5034  11.1874  5.80316  10.4809  12.9724  0.413931  21.0857  17.325  27.4159  30.6112  11.7523  11.1458  11.7174  0.321588  0.916411  14.8299  18.0063  5.24766  0.990407  0.989912  0.0318947  0.565093  0.870025  0.342118  0.964529  0.699212  0.322398  0.524047  0.589656  0.0172471  0.810989  0.618751  0.913862  0.9566  0.345655  0.309604  0.308352  0.0080397  0.0218193  0.337042  0.391441  0.109326  
1.07573  1.34491  1.52693  3.03777  0.632752  7.66708  8.96205  10.7139  2.94214  17.795  15.0368  5.50191  20.8602  7.18497  29.2348  25.3155  28.1421  30.0387  0.198276  30.002  13.0371  17.0639  2.55259  1.84733  0.537867  0.336227  0.254488  0.379722  0.0632752  0.638923  0.640147  0.669618  0.163452  0.88975  0.683489  0.229246  0.802317  0.256606  0.974492  0.79111  0.827708  0.834409  0.00521778  0.750051  0.310407  0.387815  0.0554912  0.0384861  
0.422311  1.25883  3.41025  5.89939  2.55433  10.7499  4.29388  9.61545  2.58554  15.6347  6.63266  0.191701  25.8191  1.67072  28.0804  28.8545  14.2493  20.6988  20.0985  10.3025  26.4651  14.2348  34.1949  7.84316  0.211156  0.314707  0.568374  0.737424  0.255433  0.895822  0.306705  0.600966  0.143641  0.781736  0.301485  0.00798753  0.99304  0.0596685  0.936012  0.901702  0.419097  0.574968  0.528908  0.257562  0.630121  0.323519  0.743368  0.163399  
0.236561  0.46566  5.29486  6.10338  0.792901  5.45563  0.171502  7.96156  15.3381  0.619915  14.3599  17.9382  25.8165  27.6202  16.7532  4.06807  13.199  35.6615  6.13863  32.4618  15.2529  15.337  30.1113  17.2619  0.11828  0.116415  0.882476  0.762923  0.0792901  0.454636  0.0122501  0.497597  0.852115  0.0309957  0.652725  0.747426  0.992944  0.986437  0.558441  0.127127  0.388207  0.990598  0.161543  0.811545  0.363165  0.348568  0.654594  0.359622  
1.92276  1.67808  5.57705  5.69249  8.47785  9.08223  0.205145  12.4058  1.47453  7.38836  9.29029  15.0256  17.1111  4.80955  20.319  27.4115  13.0783  5.05884  14.1504  11.9237  39.2627  26.5013  7.56546  2.46731  0.961379  0.419521  0.929509  0.711561  0.847785  0.756853  0.0146532  0.77536  0.0819184  0.369418  0.422286  0.626066  0.658119  0.17177  0.6773  0.856608  0.384656  0.140523  0.372378  0.298093  0.934827  0.602302  0.164467  0.0514023  
0.00975044  2.97634  3.12354  2.76011  7.75507  3.37096  2.62832  4.24016  15.7524  9.76926  14.1601  10.467  13.491  18.7111  18.3524  12.5918  1.28293  22.0738  7.66002  31.6611  21.8534  27.7261  27.6485  42.6277  0.00487522  0.744084  0.520591  0.345014  0.775507  0.280914  0.187737  0.26501  0.875134  0.488463  0.643639  0.436126  0.518885  0.668255  0.611747  0.393493  0.0377334  0.613161  0.201579  0.791527  0.52032  0.63014  0.601054  0.888078  
1.60944  0.720517  0.585709  1.89768  6.81572  1.92039  4.51898  6.16486  16.5188  7.86905  0.635163  6.71314  2.5428  13.7471  8.60573  5.02388  19.3443  14.5529  21.6524  20.2013  34.1601  37.2854  44.8817  0.21712  0.804719  0.180129  0.0976182  0.23721  0.681572  0.160032  0.322785  0.385304  0.917712  0.393453  0.028871  0.279714  0.0977999  0.490966  0.286858  0.156996  0.568949  0.404247  0.5698  0.505031  0.813335  0.847395  0.975689  0.00452334  
0.882636  2.28711  1.3959  3.98807  7.02059  3.71428  6.83041  15.026  8.8813  8.15763  17.2134  2.7254  19.0212  26.81  20.6484  0.281659  25.4127  35.5024  34.865  5.63858  38.6213  28.7287  9.62284  15.1643  0.441318  0.571776  0.232651  0.498509  0.702059  0.309524  0.487886  0.939127  0.493405  0.407882  0.782427  0.113558  0.731585  0.957498  0.68828  0.00880185  0.747433  0.986177  0.9175  0.140964  0.919554  0.652926  0.209192  0.315922  
0.291873  1.88126  0.950491  5.12092  9.38692  2.51507  11.8597  13.9565  7.06365  14.2979  2.41208  14.7693  22.2672  1.68721  24.3511  10.0417  21.8377  14.5164  17.0349  12.799  6.95149  40.4401  0.371556  28.1424  0.145936  0.470316  0.158415  0.640115  0.938692  0.209589  0.847118  0.872283  0.392425  0.714897  0.10964  0.615388  0.85643  0.0602576  0.811702  0.313802  0.642287  0.403233  0.448288  0.319975  0.165512  0.919093  0.00807731  0.586299  
1.30392  1.91658  1.43994  1.86654  6.9051  3.45453  2.41875  15.3396  7.09224  9.47629  9.22252  1.70458  7.73393  22.0073  22.9713  3.12421  12.6527  19.2022  1.22943  14.7125  10.4842  10.3072  31.6531  46.1888  0.651959  0.479146  0.23999  0.233317  0.69051  0.287878  0.172768  0.958727  0.394013  0.473814  0.419205  0.0710241  0.297459  0.785974  0.765709  0.0976317  0.372139  0.533395  0.0323534  0.367812  0.249623  0.234254  0.688112  0.962266  
1.86147  1.31818  1.50897  2.04993  5.51926  6.48764  0.180967  1.612  9.07441  18.9587  20.7218  19.0063  15.099  9.11646  5.32624  26.8752  16.3076  15.4591  26.3002  17.0429  26.8204  9.65796  23.7292  34.6015  0.930733  0.329544  0.251495  0.256241  0.551926  0.540637  0.0129262  0.10075  0.504134  0.947934  0.941899  0.791928  0.580729  0.325588  0.177541  0.839849  0.479635  0.42942  0.69211  0.426072  0.638581  0.219499  0.515852  0.720864  
1.11673  3.50262  4.27286  3.95682  3.38113  9.5773  4.67208  9.57404  0.470955  0.404092  10.6205  20.0933  4.27367  2.64778  27.1266  6.20801  27.5555  31.4176  37.8184  7.1942  28.2269  12.7917  42.7767  30.7084  0.558363  0.875655  0.712144  0.494603  0.338113  0.798108  0.33372  0.598377  0.0261641  0.0202046  0.48275  0.837219  0.164372  0.0945636  0.904219  0.194  0.810456  0.872711  0.99522  0.179855  0.67207  0.29072  0.929928  0.639759  
1.23941  0.142103  1.21241  4.7023  6.99425  6.05102  9.19725  12.9746  4.56797  9.93923  17.7319  22.4472  22.5118  14.286  16.9289  3.18092  20.1438  15.8581  32.5402  36.0095  30.7887  22.6978  35.631  17.3861  0.619707  0.0355258  0.202068  0.587788  0.699425  0.504251  0.656946  0.810911  0.253776  0.496961  0.805995  0.935299  0.865837  0.510216  0.564297  0.0994038  0.592465  0.440503  0.856322  0.900236  0.733065  0.515859  0.774587  0.362211  
1.93333  1.08473  0.716628  7.85388  8.06663  5.34466  5.72708  7.77661  6.45099  9.36198  7.25345  14.8777  12.7476  5.91314  25.2229  13.5947  32.3931  20.5182  9.81055  2.10027  38.107  31.4623  39.3559  27.3171  0.966667  0.271184  0.119438  0.981735  0.806663  0.445388  0.409077  0.486038  0.358388  0.468099  0.329702  0.619903  0.490292  0.211184  0.840765  0.424834  0.952738  0.569949  0.258172  0.0525068  0.907309  0.715053  0.855564  0.569107  
0.100891  3.92679  0.0217289  7.15604  1.65366  2.63287  2.50874  6.99633  1.5698  9.66807  21.7489  14.7766  21.2122  25.5244  24.447  12.8269  11.4164  15.9276  12.2291  22.4416  35.0049  4.10942  40.8775  37.9515  0.0504457  0.981697  0.00362148  0.894505  0.165366  0.219406  0.179195  0.437271  0.0872112  0.483404  0.988585  0.61569  0.815855  0.911587  0.8149  0.40084  0.335777  0.442432  0.321819  0.56104  0.833451  0.0933958  0.88864  0.790656  
0.807536  0.413985  1.18172  2.92056  9.84906  2.44493  12.6502  10.8247  3.97904  14.4796  13.4004  9.06744  20.2892  1.73633  23.35  23.8265  23.1878  6.12021  1.74257  19.4504  17.5048  18.7397  25.8231  11.9971  0.403768  0.103496  0.196954  0.36507  0.984906  0.203744  0.903585  0.676544  0.221058  0.723982  0.609111  0.37781  0.780354  0.0620116  0.778333  0.744577  0.681994  0.170006  0.045857  0.486261  0.41678  0.425902  0.561371  0.24994  
0.665226  1.12287  0.0347171  4.13053  3.06456  5.53537  5.47593  2.67259  1.82706  15.0331  14.8204  12.2143  14.883  1.34631  20.0817  14.061  29.2886  5.46482  25.2633  21.1113  3.05733  13.6432  40.9091  32.1643  0.332613  0.280717  0.00578618  0.516316  0.306456  0.461281  0.391138  0.167037  0.101503  0.751655  0.673655  0.50893  0.572421  0.0480825  0.66939  0.439407  0.86143  0.151801  0.664824  0.527781  0.0727935  0.310073  0.889328  0.67009  
0.528193  3.82389  0.396405  1.98549  9.73377  11.2781  5.49853  10.1274  15.0703  9.80474  21.9049  0.415412  15.7362  17.0286  20.6219  7.46269  11.3306  30.2626  37.8471  25.0701  14.3866  6.82733  12.9228  20.5837  0.264096  0.955972  0.0660674  0.248186  0.973377  0.939845  0.392752  0.632962  0.837238  0.490237  0.995678  0.0173088  0.605237  0.608163  0.687397  0.233209  0.333253  0.840629  0.995976  0.626751  0.342539  0.155167  0.28093  0.428827  
0.630585  2.06751  2.96567  1.31601  6.43525  11.1687  8.13191  8.00508  6.57515  0.6482  3.72876  5.28046  9.24683  13.1412  1.36982  26.3389  8.97539  17.8253  21.2461  25.1952  36.248  41.2668  33.6517  25.8383  0.315292  0.516877  0.494278  0.164501  0.643525  0.930724  0.58085  0.500318  0.365286  0.03241  0.169489  0.220019  0.355647  0.469328  0.0456605  0.823092  0.263982  0.495148  0.559107  0.62988  0.863047  0.937881  0.731558  0.538298  
1.51521  3.59764  0.826739  5.81566  5.91556  9.26881  5.64839  4.00312  4.10759  11.1232  5.05978  0.452849  23.1009  9.48584  11.4665  28.0367  21.8949  15.4446  11.6908  28.1491  38.7966  18.9247  29.8555  25.7812  0.757605  0.899411  0.13779  0.726957  0.591556  0.7724  0.403456  0.250195  0.2282  0.556159  0.22999  0.0188687  0.888497  0.33878  0.382217  0.876148  0.643967  0.429017  0.307653  0.703727  0.923729  0.430106  0.649033  0.537109  
1.5923  2.36782  3.92924  3.56777  3.03656  0.739115  3.20979  0.653692  13.0906  1.60532  15.1365  5.17653  23.0022  19.1032  22.246  23.9002  21.8174  20.2844  2.49849  2.44543  15.7345  15.4294  39.6378  9.56003  0.796149  0.591955  0.654874  0.445972  0.303656  0.0615929  0.229271  0.0408557  0.727258  0.0802658  0.688024  0.215689  0.884702  0.682256  0.741534  0.746882  0.641688  0.563455  0.0657497  0.0611358  0.374631  0.350668  0.861692  0.199167  
0.579655  1.16342  2.5644  2.91366  3.2689  2.19898  5.00179  9.60506  4.05285  5.21753  21.8135  19.1569  12.9346  25.5985  0.953049  23.841  33.2442  14.9131  32.0026  14.6655  31.7556  29.8371  5.66725  1.69821  0.289827  0.290855  0.4274  0.364208  0.32689  0.183248  0.357271  0.600316  0.225158  0.260876  0.991522  0.798203  0.497485  0.914233  0.0317683  0.745031  0.977771  0.414253  0.842174  0.366639  0.756085  0.678116  0.123201  0.0353794  
1.04284  3.51038  4.10393  7.94337  7.64219  9.55919  0.99152  12.007  2.94917  1.01802  5.98916  3.36727  9.49748  27.9616  16.2235  8.06281  1.8703  8.25646  32.2431  21.056  31.3339  18.8667  1.80086  31.5544  0.521422  0.877595  0.683989  0.992921  0.764219  0.796599  0.0708229  0.750435  0.163843  0.0509012  0.272235  0.140303  0.365288  0.998627  0.540782  0.251963  0.0550089  0.229346  0.848502  0.5264  0.746045  0.428789  0.0391492  0.657384  
1.25574  3.81591  0.227426  1.6407  2.52649  11.2822  7.09965  6.65688  14.7047  14.8  9.49161  13.4991  15.8548  22.4179  28.4668  27.5433  14.8521  30.0937  19.2087  16.4026  35.8202  39.5954  42.583  36.5445  0.627871  0.953978  0.0379044  0.205088  0.252649  0.940181  0.507118  0.416055  0.81693  0.740001  0.431437  0.562462  0.609799  0.800638  0.948894  0.860728  0.436826  0.835936  0.505492  0.410065  0.852863  0.899896  0.925718  0.761344  
1.48977  3.54527  4.44482  2.60999  2.71376  9.94419  11.6071  10.6741  17.5092  15.9364  21.2617  3.60388  10.8239  7.1515  25.5073  1.16954  0.00452635  14.7321  33.725  16.7171  6.42452  18.6456  12.4659  45.8714  0.744887  0.886318  0.740803  0.326249  0.271376  0.828682  0.829076  0.667131  0.972734  0.796822  0.966441  0.150162  0.416302  0.255411  0.850242  0.0365483  0.000133128  0.409226  0.8875  0.417928  0.152965  0.423764  0.270998  0.955655  
0.542213  3.40568  5.36993  6.86857  1.40695  8.2189  9.93713  2.70103  15.5295  4.1968  5.62202  20.3822  11.5762  25.0111  19.8546  17.4896  32.5545  33.6382  26.0952  2.31321  10.2237  23.4548  19.0363  3.36478  0.271106  0.85142  0.894989  0.858571  0.140695  0.684908  0.709795  0.168814  0.862751  0.20984  0.255546  0.849259  0.445237  0.893254  0.661821  0.546551  0.957486  0.934395  0.686715  0.0578302  0.243422  0.533064  0.413833  0.0700995  
0.059957  1.55008  4.59427  3.87746  4.83685  3.90747  1.76895  13.2224  9.47512  19.0373  19.9729  5.56095  16.0122  16.138  23.0444  24.9854  25.4187  26.4889  33.0429  3.66331  10.2987  37.0079  32.5775  9.31844  0.0299785  0.38752  0.765712  0.484682  0.483685  0.325622  0.126354  0.826399  0.526395  0.951865  0.907858  0.231706  0.615855  0.576356  0.768146  0.780795  0.747608  0.735803  0.86955  0.0915826  0.245208  0.841089  0.708206  0.194134  
0.445021  3.58953  3.26452  5.46186  6.53463  7.24615  2.47097  11.1379  16.2082  3.99462  16.2032  13.0082  20.1821  11.1631  8.4095  26.8238  9.94758  19.1092  23.8703  30.2498  15.7525  16.756  35.6399  16.7261  0.222511  0.897382  0.544087  0.682732  0.653463  0.603846  0.176498  0.69612  0.900455  0.199731  0.73651  0.54201  0.776233  0.398683  0.280317  0.838245  0.292576  0.53081  0.628165  0.756244  0.37506  0.380818  0.774781  0.34846  
1.25923  1.60169  2.04437  3.99847  7.60488  2.97161  3.71132  6.68038  16.3757  10.5455  9.53793  17.2089  17.0344  3.86462  1.04685  10.3476  26.8543  1.1391  11.44  16.8732  34.4403  33.117  39.8023  36.2686  0.629617  0.400422  0.340729  0.499808  0.760488  0.247634  0.265094  0.417523  0.909759  0.527276  0.433542  0.717038  0.655171  0.138022  0.034895  0.323362  0.789832  0.0316416  0.301052  0.42183  0.820007  0.752659  0.865268  0.755597  
0.868335  1.42825  0.388142  0.880443  0.827804  2.52859  2.03466  12.771  7.24164  16.805  20.7902  18.6028  5.75095  15.1631  14.8025  5.24679  21.431  21.7343  21.1403  21.6798  11.4066  39.9073  8.1063  38.874  0.434168  0.357064  0.0646904  0.110055  0.0827804  0.210716  0.145333  0.798189  0.402313  0.84025  0.945008  0.775115  0.22119  0.541539  0.493416  0.163962  0.630323  0.603729  0.556324  0.541996  0.271586  0.906983  0.176224  0.809875  
0.0281493  3.59501  1.52746  6.26678  3.23995  10.3744  6.37973  7.15398  6.63908  18.8702  19.2289  21.4643  14.8546  22.7752  6.13218  21.9561  33.3342  4.53338  32.3158  19.1263  28.4703  20.2957  14.4771  3.68907  0.0140746  0.898751  0.254577  0.783347  0.323995  0.864535  0.455695  0.447124  0.368838  0.943511  0.874039  0.894348  0.57133  0.813398  0.204406  0.686129  0.980417  0.125927  0.850416  0.478159  0.677864  0.461266  0.314719  0.0768556  
1.65153  3.0873  3.49601  5.25719  8.17248  9.13714  3.01023  3.68261  15.1307  6.00535  12.5507  14.5692  13.6767  2.47864  11.9032  16.2782  3.8928  8.72904  5.03119  35.8147  10.6152  32.6233  42.3547  19.6488  0.825767  0.771826  0.582668  0.657148  0.817248  0.761428  0.215016  0.230163  0.840596  0.300268  0.570489  0.60705  0.526027  0.0885229  0.396773  0.508693  0.114494  0.242473  0.1324  0.895368  0.252742  0.741438  0.920755  0.40935  
0.490206  0.631994  1.352  4.53431  6.12241  2.37934  7.29298  4.80101  11.7856  15.8004  8.05803  22.8719  12.5959  15.9983  29.6171  12.7698  20.6428  18.8369  22.8387  16.7858  5.16682  1.88318  8.49992  33.6343  0.245103  0.157998  0.225333  0.566789  0.612241  0.198278  0.520927  0.300063  0.654758  0.79002  0.366274  0.952997  0.484458  0.571367  0.987237  0.399056  0.607143  0.523248  0.601019  0.419644  0.12302  0.0427995  0.184781  0.700715  
1.26611  2.73567  3.66262  3.81869  4.53835  0.767894  3.73701  1.46995  2.13824  1.71373  6.43136  14.8483  23.4714  11.8609  9.3425  29.3663  14.571  23.8967  8.98031  0.993482  7.91878  17.4061  39.8096  13.5635  0.633054  0.683917  0.610437  0.477337  0.453835  0.0639912  0.26693  0.0918716  0.118791  0.0856867  0.292335  0.618679  0.902747  0.423605  0.311417  0.917697  0.428558  0.663797  0.236324  0.0248371  0.188542  0.395593  0.865426  0.282573  
1.16756  1.43278  4.7423  7.48204  3.95023  4.19224  1.09316  5.84943  12.3889  5.95101  0.199173  22.8062  22.1925  6.29712  12.2063  3.63982  32.8781  0.937301  25.3314  5.84417  22.2589  24.7423  23.8584  22.0003  0.58378  0.358194  0.790384  0.935255  0.395023  0.349353  0.0780832  0.365589  0.68827  0.297551  0.00905331  0.950258  0.853558  0.224897  0.406876  0.113744  0.967003  0.0260361  0.666617  0.146104  0.529975  0.562324  0.518661  0.458339  
1.88637  1.39733  1.14192  3.53884  4.64464  1.60964  3.36689  7.93497  0.0053766  15.2659  4.09085  19.9329  20.1049  20.4237  6.50501  6.07083  32.7397  23.4318  27.1587  38.522  38.9767  10.8429  9.51446  7.08474  0.943185  0.349332  0.190321  0.442355  0.464464  0.134137  0.240492  0.495936  0.0002987  0.763294  0.185948  0.830537  0.773264  0.729419  0.216834  0.189714  0.962932  0.650883  0.714702  0.963051  0.928017  0.246429  0.206836  0.147599  
0.538772  1.12958  5.3649  2.73528  7.12485  9.03614  12.3921  0.378275  1.69286  6.83294  17.1257  20.1636  1.29852  21.1051  27.3319  10.0945  4.16422  34.5763  25.4694  10.3439  0.208082  43.9649  14.9876  15.1929  0.269386  0.282396  0.894151  0.341909  0.712485  0.753011  0.885151  0.0236422  0.0940479  0.341647  0.778442  0.840151  0.0499433  0.753754  0.911064  0.315453  0.122477  0.960454  0.670246  0.258598  0.00495434  0.999203  0.325818  0.316519  
1.45994  1.66332  3.68237  4.19227  4.95306  0.324999  9.83648  4.35521  6.00841  13.6758  6.07445  23.2147  7.9445  18.9375  15.5556  25.4776  26.6412  6.14412  25.4243  2.6345  11.1959  25.6447  15.2898  46.7226  0.729968  0.41583  0.613728  0.524034  0.495306  0.0270832  0.702605  0.2722  0.333801  0.68379  0.276112  0.967278  0.305558  0.676339  0.51852  0.796175  0.783565  0.17067  0.669061  0.0658625  0.26657  0.582835  0.332386  0.973388  
0.390972  1.94318  1.53434  3.9928  0.305106  6.02132  4.77088  2.11648  1.43813  19.006  16.9701  19.1299  25.0142  4.73032  5.52631  18.4553  10.6291  12.6389  8.94226  11.2284  27.187  29.8295  35.9443  43.9015  0.195486  0.485795  0.255724  0.499101  0.0305106  0.501777  0.340777  0.13228  0.0798964  0.950302  0.771368  0.797081  0.962084  0.16894  0.18421  0.576728  0.312621  0.35108  0.235323  0.280711  0.647309  0.677944  0.781397  0.914614  
0.457674  1.91688  1.56025  6.45925  3.68286  9.52684  6.52522  12.9613  17.6729  5.48224  11.6201  15.2979  22.196  1.88912  4.19313  10.3492  19.4293  10.0333  28.1235  10.3442  15.4533  14.6383  7.35328  42.7053  0.228837  0.479221  0.260042  0.807406  0.368286  0.793904  0.466087  0.810079  0.98183  0.274112  0.528188  0.637413  0.853694  0.0674686  0.139771  0.323413  0.57145  0.278703  0.740091  0.258605  0.367937  0.332688  0.159854  0.889694  
1.97546  3.19045  1.35412  6.6998  2.77039  5.52992  5.67805  2.90625  0.85471  9.33706  11.1269  7.22475  18.1328  3.09004  13.5996  27.7497  14.0623  23.1065  2.65834  3.36988  24.4681  10.7561  9.75315  33.9611  0.987728  0.797613  0.225687  0.837475  0.277039  0.460827  0.405575  0.181641  0.0474839  0.466853  0.50577  0.301031  0.697414  0.110358  0.45332  0.867179  0.413598  0.641848  0.0699563  0.0842469  0.582573  0.244456  0.212025  0.707522  
1.14583  1.49544  3.94732  7.17446  5.02998  2.39606  12.0431  9.94337  8.72248  18.8685  4.17677  14.9011  2.98212  3.8383  22.0733  3.77443  2.73893  32.8839  5.90793  7.20786  5.55425  3.63001  32.2423  42.2369  0.572916  0.37386  0.657887  0.896807  0.502998  0.199672  0.860222  0.62146  0.484582  0.943426  0.189853  0.620879  0.114697  0.137082  0.735778  0.117951  0.0805567  0.913441  0.155472  0.180197  0.132244  0.0825003  0.700919  0.879934  
1.94045  3.93772  3.40045  6.87967  1.86385  3.62705  13.5564  15.8268  12.421  16.2596  18.7212  21.93  5.86965  1.35694  20.0028  23.6418  20.824  12.3343  15.3827  37.4993  26.8102  28.6752  16.827  43.6058  0.970225  0.98443  0.566742  0.859959  0.186385  0.302254  0.968313  0.989177  0.690053  0.812979  0.850964  0.913749  0.225756  0.048462  0.666759  0.738806  0.61247  0.342619  0.404809  0.937483  0.638338  0.65171  0.365805  0.908454  
1.50798  1.06939  2.79851  7.27506  0.567961  3.84818  12.0361  0.640119  9.53543  12.9133  6.72711  1.69237  6.09922  17.6763  4.13669  14.1141  5.54899  19.6835  22.3857  15.7881  31.7124  22.1907  36.7981  21.5495  0.753992  0.267349  0.466418  0.909383  0.0567961  0.320682  0.859719  0.0400074  0.529746  0.645663  0.305778  0.0705155  0.234585  0.631297  0.13789  0.441066  0.163206  0.546765  0.589098  0.394702  0.755057  0.504333  0.79996  0.448948  
1.49231  1.22749  3.55864  5.23529  7.04192  0.525573  8.93874  7.95065  16.5679  10.965  17.5058  0.357241  25.2553  1.40967  16.9191  29.0045  30.471  24.1571  32.7237  24.0554  9.4337  19.9822  31.85  22.9211  0.746153  0.306871  0.593107  0.654412  0.704192  0.0437978  0.638482  0.496915  0.920437  0.548248  0.795718  0.0148851  0.971358  0.0503452  0.563968  0.906392  0.896206  0.671031  0.861151  0.601385  0.224612  0.454141  0.692392  0.477524  
1.69008  3.16328  3.41489  5.4802  6.08501  11.3396  5.2354  0.433137  5.68499  5.24857  20.8727  5.00478  5.63458  25.8435  2.6795  9.56257  0.145272  22.6436  28.0149  3.45779  10.7971  9.69087  43.0181  3.62677  0.845038  0.790819  0.569148  0.685025  0.608501  0.944964  0.373957  0.0270711  0.315833  0.262428  0.948761  0.208533  0.216715  0.922984  0.0893168  0.29883  0.00427271  0.628988  0.737233  0.0864446  0.257074  0.220247  0.935177  0.0755576  
0.659187  2.47208  0.527358  7.6092  4.6278  10.058  1.33295  9.13157  1.55881  1.30272  2.3642  7.4676  23.5677  21.3941  16.137  30.0904  32.7239  8.68187  28.5323  8.51081  1.23925  36.604  44.2523  10.1675  0.329594  0.61802  0.087893  0.95115  0.46278  0.838168  0.0952108  0.570723  0.0866004  0.0651359  0.107464  0.31115  0.90645  0.764076  0.5379  0.940325  0.962467  0.241163  0.750849  0.21277  0.0295059  0.831908  0.962007  0.211822  
1.52064  2.30053  3.37076  1.81423  9.51273  1.10929  6.41886  7.57077  13.5043  9.24042  13.6835  23.6031  11.8426  4.57302  5.73784  23.4655  8.83293  6.96645  12.6171  24.4544  1.87446  2.19931  8.53322  7.88891  0.760322  0.575132  0.561794  0.226778  0.951273  0.0924409  0.45849  0.473173  0.750239  0.462021  0.621977  0.983462  0.455484  0.163322  0.191261  0.733298  0.259792  0.193513  0.332029  0.611359  0.0446299  0.0499844  0.185505  0.164352  
0.0902996  3.29113  4.74843  5.78118  0.370471  0.350799  12.3603  0.161122  16.7678  16.8865  7.39975  6.69224  12.8913  12.7675  6.17779  30.4048  22.8258  1.20085  37.0163  1.78295  14.2725  39.0573  4.03393  13.3534  0.0451498  0.822782  0.791405  0.722648  0.0370471  0.0292332  0.882882  0.0100701  0.931544  0.844326  0.336352  0.278843  0.495819  0.45598  0.205926  0.950149  0.671347  0.0333569  0.974113  0.0445736  0.339822  0.887666  0.0876941  0.278196  
1.05762  0.669375  0.880642  6.83197  9.51814  4.66486  5.54679  0.0507435  1.01805  0.111207  15.9228  19.5178  25.2201  20.9592  29.2022  13.661  25.6152  4.20639  27.226  11.5224  8.92078  20.7789  5.68528  28.2577  0.528811  0.167344  0.146774  0.853996  0.951814  0.388738  0.396199  0.00317147  0.0565586  0.00556034  0.723764  0.813243  0.970005  0.748542  0.973405  0.426905  0.75339  0.116844  0.716475  0.288059  0.2124  0.472247  0.123593  0.588702  
1.56299  3.21096  5.63043  1.79589  4.68575  2.61376  1.49079  15.5465  6.05118  3.47161  0.139839  13.9317  22.21  12.9005  23.8591  29.4174  27.5496  32.2694  12.479  12.1815  32.0552  25.9587  33.1454  26.2748  0.781497  0.802739  0.938405  0.224486  0.468575  0.217814  0.106485  0.971657  0.336177  0.173581  0.0063563  0.580489  0.854233  0.460731  0.795302  0.919295  0.810282  0.896373  0.328395  0.304538  0.763219  0.58997  0.720553  0.547391  
0.480298  1.35731  0.491253  5.58502  4.0582  1.83574  4.88968  4.03022  1.55207  5.7379  14.2015  0.977709  7.78073  21.1455  18.9302  7.53179  28.5509  27.7138  6.21314  11.7786  21.2824  30.941  12.6598  5.50448  0.240149  0.339328  0.0818755  0.698127  0.40582  0.152979  0.349263  0.251889  0.0862261  0.286895  0.645524  0.0407379  0.299259  0.755196  0.631007  0.235369  0.839734  0.769827  0.163504  0.294465  0.506725  0.703204  0.275214  0.114677  
1.15639  0.850143  5.42001  5.89425  9.93708  4.39078  6.50644  15.071  9.27748  2.68482  12.0103  3.34601  24.0463  27.9865  6.54254  19.335  12.6154  25.3768  25.6953  38.1774  12.623  33.1781  43.9866  25.4216  0.578193  0.212536  0.903335  0.736781  0.993708  0.365898  0.464746  0.941937  0.515415  0.134241  0.545923  0.139417  0.924858  0.999517  0.218085  0.604219  0.371041  0.704912  0.676192  0.954434  0.300548  0.754047  0.956231  0.529617  
1.62212  1.03109  3.62843  2.50317  9.92921  7.71952  11.6719  10.934  15.9628  10.5661  1.27749  23.8551  3.39018  14.5858  13.7337  5.20721  23.538  5.51051  11.4429  7.66397  39.686  13.1828  5.55195  10.1603  0.811061  0.257773  0.604738  0.312896  0.992921  0.643293  0.833709  0.683373  0.886825  0.528307  0.0580675  0.993965  0.130392  0.520921  0.457789  0.162725  0.692294  0.15307  0.301129  0.191599  0.944904  0.29961  0.120695  0.211674  
1.89304  1.85066  3.52088  6.23581  6.06563  0.595724  4.85277  8.93318  16.0968  12.6422  2.42194  9.97127  5.31064  11.8652  2.56725  0.577548  22.3266  22.8237  10.4966  38.4208  38.3516  10.7504  16.5511  43.0244  0.946522  0.462666  0.586813  0.779476  0.606563  0.0496437  0.346626  0.558324  0.894269  0.632108  0.110088  0.415469  0.204255  0.423756  0.085575  0.0180484  0.656666  0.633991  0.276226  0.960521  0.913132  0.244328  0.359806  0.896342  
1.60431  2.53326  1.90474  5.22044  7.9143  4.75412  1.69739  7.50797  14.7797  4.49309  6.84364  6.75277  19.7861  7.3656  6.54902  20.2066  29.4502  30.5619  24.3341  39.9073  1.17099  20.2736  39.7093  22.8869  0.802153  0.633314  0.317456  0.652555  0.79143  0.396177  0.121242  0.469248  0.821094  0.224654  0.311074  0.281366  0.761005  0.263057  0.218301  0.631457  0.866181  0.848943  0.64037  0.997683  0.0278807  0.460763  0.863245  0.476811  
0.617548  2.7145  4.41983  6.74662  7.48167  8.11289  2.34275  15.8336  15.7716  12.7761  15.0344  9.63834  10.2814  8.01975  21.6172  16.8012  14.2567  21.4657  27.5084  18.0374  25.0255  13.6929  31.969  36.5868  0.308774  0.678624  0.736638  0.843328  0.748167  0.676074  0.167339  0.989598  0.876202  0.638807  0.68338  0.401597  0.395437  0.28642  0.720573  0.525037  0.419313  0.59627  0.723906  0.450936  0.595845  0.311203  0.694978  0.762226  
0.0229421  2.73305  2.27374  5.46851  9.09255  4.26268  4.97016  14.1848  2.47764  10.7807  2.87499  1.58448  11.9559  15.8868  7.72758  13.74  11.0847  21.9042  15.9922  23.4981  18.6668  26.6372  12.5944  36.8847  0.0114711  0.683262  0.378957  0.683564  0.909255  0.355224  0.355011  0.88655  0.137646  0.539033  0.130681  0.0660201  0.459843  0.567386  0.257586  0.429375  0.326019  0.608451  0.420847  0.587453  0.444448  0.605391  0.27379  0.768432  
1.9036  2.51857  1.64499  4.19782  6.71701  6.30294  0.417993  8.62434  5.69348  4.78588  10.5253  9.00426  23.3193  24.0458  26.1027  27.2926  3.7983  17.9069  32.7022  2.26861  11.43  32.1352  17.9371  16.0049  0.951801  0.629642  0.274166  0.524727  0.671701  0.525245  0.0298566  0.539021  0.316305  0.239294  0.478425  0.375178  0.896897  0.858779  0.870091  0.852893  0.111715  0.497413  0.860585  0.0567152  0.272143  0.730345  0.389937  0.333436  
0.743159  1.68153  2.88347  0.744146  9.49559  0.455928  2.95361  0.492045  13.1015  18.2367  18.4583  5.71107  5.22802  22.6818  17.8634  29.12  2.87554  3.03248  13.5919  24.8422  2.29493  5.00369  7.78813  8.08015  0.371579  0.420382  0.480578  0.0930183  0.949559  0.037994  0.210972  0.0307528  0.727859  0.911835  0.839014  0.237961  0.201078  0.810065  0.595448  0.910001  0.0845747  0.0842356  0.357682  0.621056  0.0546411  0.11372  0.169307  0.168336  
0  4  6  0  3.49964  4.19852  4.90704  5.59636  6.299  7.00802  7.7002  8.41541  9.09856  9.81659  10.508  11.2111  11.9146  12.6084  13.3061  14.007  14.6959  15.3872  16.1161  16.8319  0  1  1  0  0.349964  0.349876  0.350503  0.349772  0.349944  0.350401  0.350009  0.350642  0.349945  0.350592  0.350265  0.350347  0.35043  0.350233  0.350159  0.350175  0.349903  0.349709  0.35035  0.350665  
0  4  0  0  3.49666  4.19691  4.90543  5.59469  6.30028  7.00613  7.70238  8.43083  9.11912  9.79564  10.52  11.2194  11.9328  12.6171  13.284  13.988  14.7181  15.4211  16.0825  16.8415  0  1  0  0  0.349666  0.349743  0.350388  0.349668  0.350015  0.350306  0.350108  0.351285  0.350735  0.349844  0.350666  0.350605  0.350966  0.350475  0.349578  0.349701  0.350432  0.350479  0.349619  0.350865  
0  0  2.99817  0.731234  3.53769  4.2449  4.94285  5.57125  6.36797  6.95868  7.76501  8.4823  9.04617  9.74632  10.6096  11.1358  12.0162  12.7342  13.4475  14.1489  14.8675  15.5301  16.0061  16.9861  0  0  0.499695  0.0914042  0.353769  0.353742  0.353061  0.348203  0.353776  0.347934  0.352955  0.353429  0.34793  0.348083  0.353652  0.347993  0.353416  0.353727  0.353881  0.353723  0.353989  0.352956  0.347959  0.353877  
0.047753  4  6  0.260977  3.5053  4.2045  4.90826  5.61369  6.30866  7.01205  7.71502  8.4162  9.10453  9.80435  10.4925  11.2164  11.9166  12.6156  13.3108  14.0349  14.7303  15.3899  16.0905  16.811  0.0238765  1  1  0.0326221  0.35053  0.350375  0.35059  0.350856  0.350481  0.350603  0.350683  0.350675  0.350174  0.350156  0.349751  0.350511  0.350487  0.350435  0.350284  0.350871  0.350722  0.34977  0.349794  0.350229  
0.0288012  4  6  0.801767  3.49921  4.20687  4.89854  5.60152  6.29726  7.00825  7.72089  8.41541  9.09607  9.80686  10.5187  11.1991  11.9043  12.6184  13.3089  14.0159  14.7089  15.3837  16.1392  16.7825  0.0144006  1  1  0.100221  0.349921  0.350572  0.349896  0.350095  0.349848  0.350412  0.350949  0.350642  0.349849  0.350245  0.350625  0.349973  0.350125  0.350511  0.350233  0.350399  0.350211  0.349629  0.350853  0.349635  
0.0234746  3.89763  6  0.348453  3.50309  4.20514  4.9098  5.60404  6.30858  7.00551  7.70786  8.41686  9.0969  9.8271  10.491  11.2226  11.9142  12.6252  13.2714  14.0103  14.6955  15.3816  16.0872  16.8278  0.0117373  0.974408  1  0.0435566  0.350309  0.350428  0.3507  0.350252  0.350477  0.350275  0.350357  0.350702  0.349881  0.350968  0.349702  0.350707  0.350419  0.350699  0.349248  0.350258  0.349894  0.349581  0.349722  0.350578  
0  4  6  1.54863  3.49644  4.20415  4.90769  5.59363  6.29934  6.99333  7.70718  8.41249  9.09734  9.80965  10.5245  11.1933  11.9142  12.5974  13.3265  14.014  14.7418  15.3881  16.1009  16.7868  0  1  1  0.193579  0.349644  0.350346  0.350549  0.349602  0.349963  0.349667  0.350326  0.35052  0.349898  0.350345  0.350816  0.349789  0.350417  0.349927  0.350698  0.35035  0.350995  0.349731  0.35002  0.349725  
0.0346691  3.88001  5.97056  0.664736  3.4963  4.21266  4.89019  5.61306  6.31787  7.01482  7.71187  8.40297  9.11366  9.7871  10.5221  11.2062  11.9348  12.6231  13.2845  14.0199  14.7185  15.3793  16.1554  16.8475  0.0173346  0.970002  0.995094  0.083092  0.34963  0.351055  0.349299  0.350816  0.350993  0.350741  0.35054  0.350124  0.350525  0.349539  0.350736  0.350192  0.351022  0.350642  0.349592  0.350498  0.35044  0.34953  0.351204  0.35099  
0.00895955  3.90808  5.62874  0  3.51225  4.20575  4.90295  5.59769  6.30787  7.0092  7.68949  8.41779  9.07259  9.80694  10.532  11.2239  11.8884  12.6369  13.3386  14.021  14.6942  15.3744  16.1187  16.8392  0.00447978  0.97702  0.938124  0  0.351225  0.350479  0.35021  0.349855  0.350437  0.35046  0.349522  0.350741  0.348946  0.350248  0.351065  0.350748  0.34966  0.351024  0.351015  0.350525  0.349861  0.349418  0.350406  0.350817  
0.0234746  3.75747  6  0.320393  3.50191  4.20701  4.90079  5.60437  6.32116  7.00455  7.71552  8.40886  9.09524  9.80575  10.496  11.2202  11.9037  12.6268  13.2936  14.0077  14.6661  15.3845  16.0779  16.8297  0.0117373  0.939368  1  0.0400491  0.350191  0.350584  0.350056  0.350273  0.351175  0.350227  0.350706  0.350369  0.349817  0.350205  0.349866  0.350631  0.350108  0.350743  0.349831  0.350194  0.349192  0.349648  0.34952  0.350619  
0  4  5.31956  0  3.49389  4.20781  4.90305  5.59687  6.32031  7.01649  7.71119  8.40732  9.08595  9.82549  10.5142  11.2212  11.929  12.624  13.2851  14.0356  14.6973  15.4174  16.1271  16.8453  0  1  0.886594  0  0.349389  0.350651  0.350218  0.349804  0.351128  0.350825  0.350509  0.350305  0.34946  0.35091  0.350472  0.350664  0.350854  0.350666  0.349608  0.35089  0.349937  0.350396  0.35059  0.350943  
0.0358382  3.82517  6  1.39381  3.49628  4.20468  4.90404  5.60631  6.3277  7.00859  7.71308  8.42042  9.10154  9.79724  10.5194  11.2068  11.9208  12.6099  13.3248  14.0255  14.7164  15.4434  16.1902  16.8259  0.0179191  0.956292  1  0.174226  0.349628  0.35039  0.350289  0.350395  0.351539  0.350429  0.350595  0.350851  0.350059  0.349901  0.350648  0.350212  0.350613  0.350274  0.350653  0.350637  0.35039  0.350986  0.351961  0.350539  
0.177641  4  6  2.36227  3.51053  4.2059  4.89647  5.58635  6.32735  7.02213  7.71488  8.43738  9.11905  9.812  10.5452  11.2214  11.8823  12.5772  13.329  14.0899  14.7496  15.4655  16.1794  16.7632  0.0888205  1  1  0.295284  0.351053  0.350492  0.349748  0.349147  0.351519  0.351106  0.350676  0.351557  0.350733  0.350428  0.351508  0.35067  0.349478  0.349365  0.350763  0.352248  0.351181  0.351488  0.351727  0.349233  
0.0298669  3.68501  6  0.678094  3.50775  4.20683  4.9098  5.62543  6.31289  6.99852  7.72597  8.40763  9.11531  9.8236  10.5199  11.1917  11.9299  12.6458  13.3209  14.0075  14.6767  15.3931  16.1031  16.8358  0.0149334  0.921253  1  0.0847618  0.350775  0.350569  0.3507  0.351589  0.350716  0.349926  0.35118  0.350318  0.350589  0.350843  0.350662  0.349742  0.35088  0.351272  0.350551  0.350188  0.349446  0.349843  0.350067  0.350746  
0.115816  4  5.33544  0.543567  3.50673  4.21172  4.89037  5.59063  6.30839  7.0262  7.71766  8.40488  9.11971  9.81728  10.5226  11.2337  11.9305  12.6223  13.3031  14.0327  14.7122  15.3922  16.1312  16.8107  0.0579079  1  0.88924  0.0679459  0.350673  0.350977  0.349312  0.349414  0.350466  0.35131  0.350803  0.350203  0.350758  0.350617  0.350752  0.351053  0.350897  0.35062  0.350082  0.350817  0.350291  0.349822  0.350679  0.350224  
0.00719476  3.6846  5.815  0.579958  3.49186  4.20178  4.92166  5.59587  6.30776  7.01108  7.72398  8.40861  9.08783  9.80851  10.5197  11.1891  11.9227  12.6259  13.342  14.0268  14.7228  15.383  16.0872  16.783  0.00359738  0.92115  0.969167  0.0724948  0.349186  0.350149  0.351547  0.349742  0.350431  0.350554  0.35109  0.350359  0.349532  0.350304  0.350658  0.34966  0.350669  0.350719  0.351104  0.350671  0.350544  0.349613  0.349721  0.349646  
0  3.78398  5.36988  0  3.50472  4.20754  4.89768  5.59357  6.33305  7.01732  7.70899  8.41454  9.11913  9.82702  10.5142  11.239  11.8879  12.6338  13.2863  14.0453  14.7347  15.3748  16.0891  16.8804  0  0.945996  0.894981  0  0.350472  0.350628  0.349834  0.349598  0.351836  0.350866  0.350409  0.350606  0.350736  0.350965  0.350474  0.351217  0.349645  0.350938  0.34964  0.351133  0.350826  0.349427  0.349762  0.351676  
0.207972  3.64414  6  0.247053  3.52124  4.19269  4.88832  5.61105  6.29099  6.97758  7.71222  8.42388  9.09311  9.84134  10.5179  11.1858  11.9242  12.6404  13.319  13.9761  14.6832  15.4368  16.0773  16.7862  0.103986  0.911036  1  0.0308816  0.352124  0.349391  0.349166  0.350691  0.349499  0.348879  0.350556  0.350995  0.349735  0.351476  0.350595  0.349555  0.350711  0.351121  0.350501  0.349403  0.3496  0.350836  0.349507  0.349712  
0  4  4.89669  0.348453  3.49592  4.20683  4.9098  5.61171  6.30109  7.01304  7.71552  8.40763  9.09524  9.81384  10.5101  11.199  11.9167  12.6141  13.3141  14.0136  14.7075  15.3931  16.0894  16.8358  0  1  0.816115  0.0435566  0.349592  0.350569  0.3507  0.350732  0.35006  0.350652  0.350706  0.350318  0.349817  0.350494  0.350337  0.349968  0.35049  0.350392  0.35037  0.35034  0.350178  0.349843  0.349769  0.350746  
0.0449055  3.71968  5.38105  0  3.50801  4.2089  4.91151  5.60486  6.30014  7.00553  7.71008  8.39409  9.09972  9.80572  10.5058  11.2213  11.8981  12.6424  13.3253  14.0477  14.7026  15.4178  16.0907  16.8507  0.0224527  0.929921  0.896842  0  0.350801  0.350741  0.350822  0.350304  0.350008  0.350277  0.350458  0.349754  0.349989  0.350204  0.350192  0.350664  0.349943  0.351176  0.350667  0.351192  0.350063  0.350405  0.349799  0.351057  
0  3.83267  5.13605  0.493171  3.50786  4.19908  4.90627  5.59855  6.30517  6.98885  7.72501  8.41214  9.1167  9.83474  10.4819  11.1943  11.9099  12.6355  13.3281  14.0233  14.7136  15.3642  16.0746  16.8288  0  0.958169  0.856008  0.0616464  0.350786  0.349924  0.350448  0.349909  0.350287  0.349442  0.351137  0.350506  0.350642  0.351241  0.349395  0.349822  0.35029  0.350986  0.350741  0.350582  0.350323  0.349185  0.349448  0.3506  
0  3.49551  5.68151  0  3.51663  4.19364  4.91715  5.58907  6.31697  6.9871  7.70371  8.39358  9.13967  9.82656  10.5266  11.2305  11.8696  12.6678  13.2797  14.039  14.7389  15.3876  16.0654  16.8464  0  0.873878  0.946919  0  0.351663  0.34947  0.351225  0.349317  0.350943  0.349355  0.350169  0.349733  0.351526  0.350949  0.350885  0.350953  0.349106  0.351883  0.349466  0.350975  0.350926  0.349719  0.349248  0.350967  
0.0172961  3.91041  4.74001  0  3.50225  4.19568  4.90516  5.60329  6.30697  7.01603  7.69428  8.3842  9.11801  9.79215  10.4823  11.2056  11.9047  12.6231  13.3267  13.9887  14.7416  15.384  16.1234  16.7837  0.00864807  0.977602  0.790002  0  0.350225  0.34964  0.350368  0.350205  0.350387  0.350802  0.34974  0.349342  0.350693  0.34972  0.349408  0.350174  0.350138  0.350642  0.350703  0.349717  0.350991  0.349636  0.350509  0.349661  
0.0362613  3.56047  5.8496  1.60353  3.50711  4.21633  4.9195  5.60876  6.29315  7.01501  7.70802  8.41795  9.0962  9.7921  10.514  11.2079  11.8971  12.6009  13.2963  13.9949  14.7312  15.4136  16.0914  16.8219  0.0181307  0.890118  0.974933  0.200442  0.350711  0.351361  0.351393  0.350548  0.349619  0.35075  0.350365  0.350748  0.349854  0.349718  0.350467  0.350247  0.349914  0.350024  0.349902  0.349873  0.350743  0.350309  0.349812  0.350455  
0  3.7068  5.05743  0.17301  3.49567  4.20534  4.89645  5.59513  6.29161  7.01496  7.69012  8.41022  9.12921  9.8128  10.5374  11.2176  11.8797  12.6208  13.3015  14.0419  14.7457  15.4263  16.0853  16.8509  0  0.926701  0.842906  0.0216263  0.349567  0.350445  0.349746  0.349696  0.349534  0.350748  0.349551  0.350426  0.351123  0.350457  0.351245  0.35055  0.349403  0.350578  0.350039  0.351047  0.351088  0.350598  0.349681  0.35106  
0.0988432  3.37002  6  0.659282  3.51848  4.21166  4.91242  5.62292  6.33565  6.98909  7.74116  8.42858  9.13244  9.8176  10.5401  11.1768  11.919  12.6478  13.3683  14.0312  14.6685  15.4162  16.1492  16.7896  0.0494216  0.842505  1  0.0824103  0.351848  0.350972  0.350887  0.351433  0.351981  0.349454  0.351871  0.351191  0.351248  0.350629  0.351336  0.349276  0.350559  0.351329  0.351798  0.35078  0.349249  0.350369  0.351069  0.349783  
0.060206  3.9704  4.42245  0  3.50615  4.20854  4.89367  5.59346  6.29536  7.0215  7.69057  8.39857  9.12109  9.7923  10.4827  11.2465  11.9165  12.6227  13.3387  14.0235  14.743  15.4127  16.1115  16.7941  0.030103  0.992601  0.737075  0  0.350615  0.350711  0.349548  0.349592  0.349742  0.351075  0.349572  0.34994  0.350811  0.349725  0.349422  0.351453  0.350486  0.350631  0.351019  0.350588  0.351024  0.350289  0.35025  0.349877  
0.0111476  3.51541  5.22884  0  3.49564  4.18573  4.88308  5.59595  6.28449  6.98133  7.73033  8.43269  9.12656  9.83408  10.5301  11.2476  11.9457  12.58  13.2744  14.0802  14.678  15.3544  16.08  16.8958  0.00557382  0.878852  0.871473  0  0.349564  0.348811  0.348792  0.349747  0.349138  0.349066  0.351379  0.351362  0.351022  0.351217  0.351002  0.351489  0.351345  0.349443  0.349326  0.352004  0.349475  0.348964  0.349565  0.351995  
0.00299799  3.71497  4.98347  1.01134  3.51197  4.19181  4.91852  5.62321  6.31498  7.00222  7.72992  8.40747  9.13417  9.82162  10.5331  11.2784  11.9184  12.6137  13.2835  14.0371  14.8006  15.3846  16.0602  16.8554  0.00149899  0.928742  0.830579  0.126417  0.351197  0.349317  0.351323  0.35145  0.350832  0.350111  0.35136  0.350311  0.351314  0.350772  0.351104  0.35245  0.35054  0.35038  0.349567  0.350929  0.352394  0.349651  0.349135  0.351154  
0  3.24202  5.91091  0.906976  3.49416  4.19357  4.90681  5.61187  6.28844  6.99191  7.68323  8.43177  9.08619  9.82106  10.5314  11.182  11.9239  12.643  13.3452  13.9905  14.7281  15.4029  16.0735  16.8983  0  0.810504  0.985151  0.113372  0.349416  0.349464  0.350486  0.350742  0.349358  0.349595  0.349238  0.351324  0.349469  0.350752  0.351046  0.349439  0.350702  0.351194  0.351188  0.349762  0.35067  0.350067  0.349424  0.352047  
0.286633  4  5.29792  3.58358  3.52257  4.21633  4.89031  5.58579  6.32422  7.02335  7.75149  8.44416  9.14777  9.76672  10.5396  11.1728  11.8802  12.5486  13.2693  14.0772  14.6494  15.5172  16.1945  16.7726  0.143316  1  0.882986  0.447948  0.352257  0.351361  0.349308  0.349112  0.351346  0.351168  0.352341  0.35184  0.351837  0.348812  0.351319  0.34915  0.349418  0.348571  0.349193  0.35193  0.348795  0.352663  0.352054  0.349429  
0.0297414  3.32568  5.99184  2.48192  3.51301  4.19427  4.9224  5.60568  6.29407  7.01808  7.72259  8.43657  9.09349  9.7823  10.5346  11.2053  11.8853  12.5776  13.3247  13.9705  14.6845  15.4365  16.1592  16.8536  0.0148707  0.83142  0.998641  0.31024  0.351301  0.349522  0.3516  0.350355  0.349671  0.350904  0.351027  0.351524  0.34975  0.349368  0.351154  0.350167  0.349569  0.349377  0.350649  0.349263  0.34963  0.35083  0.351288  0.351116  
0.0019935  3.54272  5.14669  1.40176  3.4997  4.19649  4.89444  5.59713  6.29727  6.98987  7.71901  8.41203  9.10697  9.81895  10.5033  11.2231  11.8821  12.6213  13.3294  14.0464  14.6892  15.4132  16.0909  16.7983  0.000996749  0.88568  0.857781  0.17522  0.34997  0.349708  0.349603  0.349821  0.349849  0.349494  0.350864  0.350501  0.350268  0.350677  0.350111  0.350721  0.349474  0.350592  0.350773  0.35116  0.349743  0.3503  0.349802  0.349964  
0.0244467  3.02135  6  0.301129  3.51438  4.21243  4.92048  5.62122  6.31425  7.02655  7.72746  8.3898  9.08581  9.82166  10.5288  11.2565  11.8562  12.6264  13.2754  14.0247  14.7526  15.4459  16.0796  16.8661  0.0122233  0.755338  1  0.0376412  0.351438  0.351036  0.351463  0.351326  0.350792  0.351327  0.351248  0.349575  0.349454  0.350774  0.350961  0.351765  0.348712  0.350733  0.349354  0.350617  0.351252  0.351044  0.349557  0.351377  
0.00724861  4  3.79338  0  3.4977  4.19783  4.92233  5.59549  6.30139  7.01389  7.71478  8.40626  9.0986  9.79363  10.5175  11.1913  11.8853  12.5845  13.365  14.0291  14.7292  15.3861  16.1162  16.839  0.0036243  1  0.63223  0  0.34977  0.349819  0.351595  0.349718  0.350077  0.350694  0.350672  0.350261  0.349946  0.349773  0.350582  0.34973  0.349569  0.349569  0.351711  0.350726  0.350696  0.349685  0.350353  0.350813  
0  3.43937  4.77682  0  3.4928  4.21136  4.88984  5.58958  6.29663  7.01423  7.68553  8.40447  9.11682  9.81982  10.5061  11.2308  11.938  12.6252  13.2872  14.0257  14.6737  15.4421  16.0866  16.8675  0  0.859842  0.796136  0  0.34928  0.350946  0.349274  0.349349  0.349813  0.350711  0.349342  0.350186  0.350647  0.350708  0.350204  0.350962  0.351117  0.350701  0.349663  0.350643  0.349375  0.350958  0.34971  0.351407  
0.159657  3.82517  4.50454  1.38425  3.50815  4.2189  4.90939  5.63488  6.32366  7.01996  7.72979  8.38673  9.09209  9.82576  10.5028  11.2423  11.8832  12.6121  13.2642  14.0303  14.6954  15.4267  16.1947  16.7858  0.0798283  0.956292  0.750757  0.173032  0.350815  0.351575  0.350671  0.35218  0.351315  0.350998  0.351354  0.349447  0.349696  0.35092  0.350094  0.351323  0.349505  0.350337  0.349059  0.350759  0.34989  0.350608  0.35206  0.349704  
0.374133  3.34509  6  2.60868  3.52019  4.23047  4.9247  5.58317  6.28324  6.98098  7.7416  8.44167  9.13929  9.77947  10.562  11.2507  11.9481  12.5649  13.3668  14.1238  14.7776  15.4748  16.0666  16.8609  0.187067  0.836273  1  0.326085  0.352019  0.352539  0.351764  0.348948  0.349069  0.349049  0.351891  0.351736  0.351511  0.349267  0.352068  0.351584  0.351414  0.349024  0.351757  0.353095  0.351848  0.3517  0.349274  0.351269  
0.060143  3.89356  4.08769  1.24422  3.50808  4.19354  4.91963  5.62771  6.31243  7.01342  7.71218  8.40887  9.09743  9.80589  10.4767  11.234  11.9074  12.6267  13.3358  13.9926  14.7198  15.3598  16.0827  16.7666  0.0300715  0.973391  0.681281  0.155527  0.350808  0.349462  0.351402  0.351732  0.350691  0.350671  0.350554  0.35037  0.349901  0.35021  0.349223  0.351061  0.350219  0.350743  0.350942  0.349815  0.35047  0.349085  0.349623  0.349303  
0.124382  3.28107  5.75883  3.27713  3.52492  4.23813  4.87609  5.58057  6.33816  7.03551  7.7465  8.42716  9.06189  9.87474  10.5864  11.1767  12.0023  12.666  13.3968  14.0604  14.669  15.3466  16.035  16.7412  0.0621911  0.820268  0.959804  0.409641  0.352492  0.353178  0.348292  0.348786  0.35212  0.351776  0.352114  0.351131  0.348534  0.352669  0.35288  0.349272  0.353009  0.351834  0.352546  0.35151  0.349261  0.348786  0.348587  0.348776  
0.0179191  3.5313  4.22662  0  3.49672  4.20842  4.90765  5.61339  6.31921  6.99643  7.68799  8.4084  9.13942  9.78329  10.4957  11.1796  11.9363  12.6155  13.3462  13.9962  14.7187  15.4979  16.1303  16.8598  0.00895955  0.882824  0.704436  0  0.349672  0.350702  0.350546  0.350837  0.351067  0.349822  0.349454  0.35035  0.351516  0.349403  0.349858  0.349363  0.351067  0.35043  0.351216  0.349905  0.350446  0.352225  0.350658  0.351246  
0.293228  3.00774  6  1.38949  3.52251  4.22284  4.91682  5.5865  6.29017  6.97985  7.67517  8.4481  9.11283  9.84154  10.5401  11.2422  11.8813  12.6041  13.2614  14.0664  14.7752  15.3678  16.1672  16.8522  0.146614  0.751935  1  0.173686  0.352251  0.351904  0.351201  0.349156  0.349454  0.348992  0.348871  0.352004  0.350494  0.351483  0.351338  0.351318  0.34945  0.350114  0.348983  0.35166  0.35179  0.349268  0.351462  0.351087  
0.132906  4  3.39949  0.0282403  3.50586  4.21156  4.91013  5.59866  6.2935  7.03088  7.69279  8.3971  9.12359  9.78866  10.5283  11.1873  11.8882  12.5864  13.3384  13.9812  14.746  15.4016  16.1823  16.8228  0.066453  1  0.566581  0.00353004  0.350586  0.350963  0.350724  0.349916  0.349639  0.351544  0.349672  0.349879  0.350907  0.349595  0.350944  0.349603  0.349652  0.349622  0.351012  0.349531  0.351096  0.350036  0.35179  0.350474  
0.12549  3.27626  4.98344  1.54998  3.50352  4.22076  4.88518  5.59156  6.32611  7.02589  7.69566  8.4096  9.12824  9.83584  10.5374  11.2371  11.9291  12.66  13.3357  14.0671  14.765  15.4535  16.1766  16.8199  0.0627448  0.819064  0.830574  0.193747  0.350352  0.35173  0.348941  0.349473  0.351451  0.351294  0.349803  0.3504  0.351086  0.35128  0.351246  0.351158  0.350857  0.351667  0.350939  0.351678  0.351547  0.351215  0.351664  0.350415  
0  3.56178  3.83935  0  3.50116  4.21434  4.89347  5.59294  6.31218  6.99837  7.7069  8.42065  9.08931  9.81326  10.5259  11.1843  11.8797  12.581  13.2828  14.0307  14.701  15.3759  16.102  16.9228  0  0.890444  0.639891  0  0.350116  0.351195  0.349534  0.349559  0.350677  0.349918  0.350314  0.350861  0.349589  0.350474  0.350864  0.349509  0.349402  0.349471  0.349547  0.350768  0.350024  0.349452  0.350044  0.352557  
0.0558448  2.79081  5.43877  0.286926  3.51428  4.18235  4.91723  5.62565  6.32244  6.99302  7.73299  8.38286  9.157  9.76273  10.4786  11.1827  11.9256  12.6561  13.3421  13.9784  14.759  15.3626  16.1831  16.8546  0.0279224  0.697702  0.906461  0.0358657  0.351428  0.348529  0.351231  0.351603  0.351247  0.349651  0.351499  0.349286  0.352192  0.348669  0.349286  0.349458  0.350752  0.351557  0.351107  0.34946  0.351405  0.349151  0.351806  0.351137  
0  3.73148  3.40395  0  3.49429  4.18024  4.89369  5.62755  6.27937  6.96878  7.67002  8.37042  9.15011  9.86367  10.561  11.2556  11.9964  12.6662  13.2556  13.9318  14.7822  15.4998  16.0222  16.9053  0  0.93287  0.567325  0  0.349429  0.348353  0.34955  0.351722  0.348854  0.348439  0.348637  0.348767  0.351927  0.352274  0.352035  0.351737  0.352835  0.351838  0.34883  0.348296  0.351957  0.352269  0.348308  0.352193  
0.0724912  2.93026  4.84772  0  3.5157  4.21559  4.89836  5.62562  6.28971  7.04524  7.69144  8.42318  9.07706  9.77323  10.4672  11.2558  11.9341  12.6418  13.2608  14.1007  14.7946  15.4451  16.0556  16.8896  0.0362456  0.732565  0.807954  0  0.35157  0.351299  0.349883  0.351601  0.349429  0.352262  0.349611  0.350966  0.349118  0.349044  0.348905  0.351743  0.351002  0.35116  0.348969  0.352518  0.352253  0.351025  0.349035  0.351867  
0.121405  3.38167  4.06242  0.444117  3.49587  4.19062  4.92356  5.6301  6.31821  6.98727  7.73424  8.47197  9.1222  9.85358  10.5955  11.2358  11.8767  12.6088  13.3446  14.0472  14.8002  15.3644  16.0665  16.8142  0.0607024  0.845417  0.67707  0.0555147  0.349587  0.349218  0.351683  0.351881  0.351011  0.349363  0.351556  0.352999  0.350854  0.351914  0.353185  0.351118  0.349316  0.350243  0.351175  0.35118  0.352386  0.349192  0.349271  0.350295  
0.0328208  2.44223  6  0.756921  3.49664  4.21382  4.8933  5.60995  6.29366  7.00365  7.73071  8.42615  9.10682  9.83875  10.497  11.2108  11.8818  12.6553  13.2863  13.9791  14.7449  15.4333  16.0786  16.8484  0.0164104  0.610558  1  0.0946151  0.349664  0.351152  0.349522  0.350622  0.349648  0.350183  0.351396  0.35109  0.350262  0.351384  0.349901  0.350339  0.349464  0.351535  0.349641  0.349477  0.351068  0.350757  0.349535  0.351009  
0.0877834  4  2.81362  0.0561199  3.50071  4.21629  4.91553  5.62252  6.28516  7.02944  7.72481  8.4211  9.12497  9.83949  10.4885  11.2343  11.9398  12.641  13.2711  14.0594  14.7575  15.3596  16.0826  16.8564  0.0438917  1  0.468937  0.00701498  0.350071  0.351358  0.351109  0.351408  0.349175  0.351472  0.351128  0.350879  0.35096  0.35141  0.349616  0.351072  0.351169  0.351139  0.349239  0.351485  0.35137  0.349082  0.349623  0.351175  
0.0144972  3.07303  4.08798  0  3.50596  4.19788  4.91928  5.60986  6.30006  7.01461  7.6942  8.38661  9.11022  9.82099  10.5097  11.2175  11.8936  12.6211  13.3189  14.0313  14.736  15.4219  16.1404  16.874  0.00724861  0.768258  0.681329  0  0.350596  0.349824  0.351377  0.350617  0.350003  0.35073  0.349736  0.349442  0.350393  0.35075  0.350322  0.350547  0.349813  0.350587  0.350496  0.350783  0.350858  0.350497  0.350877  0.351542  
0  3.53289  3.39025  0.582856  3.50712  4.19503  4.89073  5.6082  6.32536  7.02786  7.72032  8.42425  9.08262  9.77661  10.5094  11.235  11.9613  12.5884  13.2759  13.9793  14.6746  15.4519  16.0578  16.8745  0  0.883222  0.565042  0.072857  0.350712  0.349586  0.349338  0.350513  0.351409  0.351393  0.350924  0.35101  0.349331  0.349165  0.350314  0.351095  0.351804  0.349678  0.349365  0.349483  0.349396  0.351179  0.349082  0.351551  
0.433594  2.79273  5.99352  3.8961  3.49869  4.18513  4.89726  5.62481  6.33219  7.02084  7.68459  8.45197  9.1286  9.83558  10.544  11.2376  11.9116  12.6533  13.281  14.0865  14.75  15.4899  16.1633  16.7307  0.216797  0.698183  0.998921  0.487013  0.349869  0.348761  0.349804  0.351551  0.351788  0.351042  0.3493  0.352165  0.3511  0.351271  0.351467  0.351176  0.350343  0.351481  0.349501  0.352164  0.35119  0.352044  0.351377  0.348556  
0.0229318  3.75675  2.97138  0.697323  3.49904  4.2069  4.88692  5.61527  6.31399  7.00762  7.7003  8.41037  9.10942  9.78551  10.5138  11.1845  11.9604  12.6231  13.2929  14.0355  14.7565  15.4176  16.1502  16.8276  0.0114659  0.939188  0.495231  0.0871653  0.349904  0.350575  0.349066  0.350954  0.350777  0.350381  0.350013  0.350432  0.350362  0.349482  0.350461  0.349516  0.351775  0.350642  0.349814  0.350888  0.351345  0.350401  0.35109  0.350574  
0.128738  2.77143  4.50736  0.570091  3.48621  4.2142  4.93194  5.61052  6.35013  6.98877  7.7605  8.38177  9.07203  9.86197  10.4618  11.1565  11.9708  12.6705  13.2963  14.0925  14.6782  15.5141  16.0213  16.9321  0.0643691  0.692856  0.751226  0.0712614  0.348621  0.351183  0.352281  0.350658  0.352785  0.349438  0.35275  0.34924  0.348924  0.352213  0.348727  0.34864  0.352082  0.351957  0.349904  0.352312  0.349481  0.352594  0.348289  0.352751  
0.13433  3.32133  3.34309  0  3.50741  4.21591  4.91627  5.59766  6.31044  7.00297  7.69282  8.38968  9.13419  9.7874  10.5464  11.1929  11.8948  12.6059  13.3505  13.9833  14.676  15.409  16.1398  16.7936  0.0671651  0.830332  0.557181  0  0.350741  0.351326  0.351162  0.349854  0.35058  0.350149  0.349674  0.34957  0.351315  0.34955  0.351547  0.349778  0.349848  0.350163  0.35133  0.349584  0.349429  0.350204  0.350865  0.349867  
0.00170809  2.1158  6  1.75901  3.51356  4.20717  4.89193  5.60568  6.28007  6.98497  7.68494  8.44462  9.12863  9.84765  10.5351  11.2076  11.9158  12.6413  13.3447  14.0547  14.7396  15.3872  16.1447  16.8336  0.000854043  0.528951  1  0.219876  0.351356  0.350597  0.349423  0.350355  0.348893  0.349249  0.349315  0.351859  0.351101  0.351702  0.351171  0.350239  0.350464  0.351146  0.351176  0.351368  0.350943  0.349709  0.350971  0.3507  
0.0614263  3.87373  2.39006  0  3.51786  4.2106  4.91958  5.60964  6.30885  7.01591  7.68033  8.39055  9.12235  9.82095  10.5252  11.2188  11.9434  12.6402  13.2754  14.047  14.6786  15.3558  16.0969  16.9034  0.0307132  0.968433  0.398343  0  0.351786  0.350884  0.351398  0.350603  0.350491  0.350796  0.349106  0.349606  0.35086  0.350748  0.350841  0.350587  0.351278  0.351116  0.349353  0.351175  0.349491  0.348995  0.349933  0.352154  
0.0256926  2.72855  3.85448  0  3.50978  4.23204  4.89701  5.63007  6.32461  7.0096  7.6836  8.43303  9.08027  9.84086  10.4726  11.2378  11.9479  12.6739  13.2791  13.9624  14.775  15.3681  16.1696  16.9076  0.0128463  0.682137  0.642413  0  0.350978  0.35267  0.349786  0.35188  0.351367  0.35048  0.349255  0.351376  0.349241  0.351459  0.349086  0.351181  0.351408  0.352052  0.349451  0.349059  0.351786  0.349274  0.351514  0.352241  
0.0797707  3.37555  3.11056  0.977086  3.51417  4.25196  4.91623  5.6277  6.33103  7.01931  7.74508  8.376  9.07446  9.82619  10.4669  11.168  11.9757  12.6871  13.2799  14.0796  14.7583  15.4884  16.0718  16.822  0.0398854  0.843887  0.518426  0.122136  0.351417  0.35433  0.351159  0.351732  0.351724  0.350966  0.352049  0.349  0.349018  0.350935  0.348898  0.349002  0.352225  0.352419  0.34947  0.35199  0.351388  0.352009  0.349387  0.350458  
0.00713178  2.04503  5.53517  1.77204  3.5151  4.23674  4.89079  5.61505  6.29449  6.98868  7.73798  8.42737  9.13746  9.87357  10.53  11.2334  11.953  12.633  13.3179  14.0657  14.6694  15.4427  16.0697  16.8344  0.00356589  0.511258  0.922529  0.221505  0.35151  0.353062  0.349342  0.350941  0.349694  0.349434  0.351726  0.35114  0.351441  0.352628  0.351001  0.351042  0.35156  0.350917  0.350472  0.351643  0.349272  0.350971  0.349342  0.350717  
0  3.58299  2.39006  0  3.50786  4.21541  4.91687  5.61338  6.30226  7.02701  7.73843  8.43188  9.14507  9.80924  10.4816  11.2422  11.9173  12.6426  13.2725  14.017  14.6734  15.4179  16.0731  16.842  0  0.895748  0.398343  0  0.350786  0.351284  0.351205  0.350836  0.350126  0.35135  0.351747  0.351328  0.351733  0.35033  0.349386  0.351318  0.350508  0.351183  0.349276  0.350424  0.349366  0.350406  0.349416  0.350876  
0  2.24517  5.64797  5.652  3.51804  4.21938  4.923  5.5832  6.33012  7.0371  7.67877  8.43719  9.14108  9.76886  10.4929  11.2123  11.956  12.6344  13.2615  14.0652  14.8168  15.4321  16.2013  16.9344  0  0.561292  0.941329  0.7065  0.351804  0.351615  0.351643  0.34895  0.351673  0.351855  0.349035  0.35155  0.35158  0.348888  0.349763  0.350385  0.351646  0.350956  0.348987  0.351631  0.352781  0.350729  0.352202  0.352801  
0.307167  3.13955  3.45241  1.87032  3.51878  4.21971  4.93308  5.62458  6.33268  7.04196  7.75386  8.45997  9.05845  9.76947  10.5742  11.2444  11.9527  12.6727  13.373  14.0891  14.7532  15.5803  16.0863  16.9321  0.153584  0.784888  0.575401  0.23379  0.351878  0.351643  0.352363  0.351536  0.351816  0.352098  0.352448  0.352499  0.348402  0.34891  0.352473  0.351386  0.351549  0.352018  0.351921  0.352227  0.351267  0.354099  0.349702  0.352751  
0.0802951  1.69002  5.98528  0  3.51624  4.23425  4.93706  5.58214  6.33457  6.97753  7.73764  8.45391  9.16235  9.75367  10.5504  11.2744  11.8583  12.6955  13.2518  14.1266  14.7859  15.3612  16.0426  16.9011  0.0401476  0.422505  0.997547  0  0.351624  0.352854  0.352647  0.348884  0.351921  0.348876  0.351711  0.352246  0.352398  0.348345  0.35168  0.352324  0.348774  0.352652  0.34873  0.353166  0.352046  0.349117  0.348752  0.352106  
0.00586866  4  1.80411  0.437005  3.49645  4.19633  4.91123  5.5927  6.29606  7.02884  7.69165  8.40838  9.11452  9.80774  10.4914  11.2185  11.953  12.632  13.3118  13.9682  14.7269  15.3668  16.0637  16.8522  0.00293433  1  0.300685  0.0546257  0.349645  0.349694  0.350802  0.349544  0.349781  0.351442  0.349621  0.350349  0.350559  0.350276  0.349713  0.350577  0.351559  0.350889  0.350312  0.349206  0.350641  0.349245  0.34921  0.351088  
0.302126  3.00774  3.5262  2.74977  3.5139  4.21971  4.91454  5.61547  6.31976  7.01641  7.69098  8.43987  9.11596  9.81206  10.5332  11.2349  11.8982  12.6219  13.2945  13.9841  14.6903  15.4884  16.0848  16.8335  0.151063  0.751935  0.587701  0.343721  0.35139  0.351643  0.351039  0.350967  0.351098  0.350821  0.34959  0.351661  0.350614  0.350431  0.351106  0.35109  0.349947  0.350609  0.349855  0.349602  0.349769  0.352008  0.349669  0.350698  
0.019446  3.51096  2.01816  0  3.51057  4.18129  4.9321  5.57902  6.32332  7.03303  7.7351  8.38003  9.13987  9.86493  10.4744  11.1675  11.9443  12.6601  13.3408  14.083  14.7559  15.4611  16.1647  16.8789  0.00972298  0.877741  0.33636  0  0.351057  0.348441  0.352293  0.348689  0.351296  0.351652  0.351596  0.349168  0.351534  0.352319  0.349148  0.348985  0.351304  0.35167  0.351073  0.352076  0.35133  0.351388  0.351407  0.351643  
0.0635898  1.97754  4.02901  0.183674  3.49569  4.21712  4.92535  5.62516  6.32217  6.97581  7.67608  8.38121  9.05672  9.86806  10.5411  11.2388  11.9263  12.629  13.3583  14.026  14.6752  15.4279  16.0622  16.8204  0.0317949  0.494386  0.671501  0.0229593  0.349569  0.351427  0.351811  0.351572  0.351232  0.348791  0.348913  0.349217  0.348335  0.352431  0.351372  0.351213  0.350774  0.350806  0.351534  0.35065  0.349408  0.350634  0.349178  0.350424  
0.208948  3.90483  0.304517  2.32286  3.49283  4.18843  4.91693  5.59242  6.3213  6.99722  7.72096  8.3786  9.07228  9.81944  10.4928  11.214  11.9245  12.5623  13.2955  14.054  14.7526  15.4164  16.0688  16.89  0.104474  0.976208  0.0507528  0.290358  0.349283  0.349036  0.351209  0.349526  0.351183  0.349861  0.350953  0.349108  0.348934  0.350694  0.349761  0.350438  0.350722  0.348953  0.349882  0.351351  0.351252  0.350373  0.349323  0.351875  
0.20238  2.41761  3.06564  0  3.51656  4.18217  4.94953  5.63966  6.33711  7.0314  7.67125  8.46949  9.12506  9.85184  10.5634  11.2974  11.8726  12.6533  13.2421  14.0673  14.8186  15.4802  16.1881  16.9378  0.10119  0.604403  0.510941  0  0.351656  0.348514  0.353538  0.352479  0.352062  0.35157  0.348693  0.352896  0.350964  0.351851  0.352114  0.353042  0.349196  0.351481  0.348476  0.351682  0.352824  0.351824  0.351914  0.35287  
0.168187  3.23999  0  2.70259  3.51614  4.19006  4.921  5.5821  6.3378  7.02573  7.74493  8.37373  9.15938  9.7548  10.5749  11.2583  11.8643  12.6399  13.3726  14.0581  14.7736  15.5079  16.0158  16.9046  0.0840933  0.809997  0  0.337823  0.351614  0.349172  0.3515  0.348881  0.3521  0.351287  0.352042  0.348905  0.352284  0.348386  0.352495  0.351821  0.348949  0.351108  0.351911  0.351451  0.351753  0.352453  0.34817  0.352179  
0.0413325  1.44025  4.8081  0.214021  3.49223  4.18481  4.93738  5.56875  6.35744  6.97356  7.73851  8.36653  9.14201  9.86049  10.5677  11.2196  11.8658  12.5633  13.4025  14.1285  14.8491  15.4329  16.1956  16.906  0.0206662  0.360062  0.80135  0.0267526  0.349223  0.348734  0.35267  0.348047  0.353191  0.348678  0.351751  0.348605  0.351616  0.35216  0.352256  0.350613  0.348993  0.348981  0.352696  0.353212  0.353551  0.350749  0.352078  0.352208  
0.180361  4  1.35448  0.221024  3.49202  4.19411  4.90459  5.62249  6.32466  7.02273  7.70307  8.39142  9.12208  9.83554  10.5375  11.1781  11.8903  12.5829  13.3303  14.0102  14.756  15.4333  16.0766  16.7718  0.0901807  1  0.225747  0.0276279  0.349202  0.349509  0.350328  0.351406  0.35137  0.351136  0.35014  0.349642  0.350849  0.351269  0.351251  0.349314  0.349714  0.349525  0.350797  0.350255  0.351333  0.350756  0.349491  0.349413  
0.195468  2.54898  2.44729  0.176032  3.52496  4.18696  4.91063  5.57686  6.37268  7.05247  7.74081  8.36265  9.07703  9.83313  10.4643  11.2703  11.9895  12.6998  13.3656  14.0727  14.7565  15.3169  16.1909  16.739  0.0977342  0.637245  0.407881  0.022004  0.352496  0.348913  0.35076  0.348554  0.354038  0.352624  0.351855  0.348444  0.349117  0.351183  0.348809  0.352196  0.352633  0.352773  0.351726  0.351816  0.351345  0.34811  0.351976  0.34873  
0.141214  3.38167  1.6914  0.471267  3.4924  4.19626  4.92285  5.64559  6.32378  7.06375  7.73122  8.46404  9.08444  9.84923  10.595  11.2532  11.8575  12.6001  13.3295  14.0838  14.7928  15.3527  16.051  16.8852  0.070607  0.845417  0.281899  0.0589084  0.34924  0.349688  0.351632  0.352849  0.351321  0.353187  0.351419  0.352668  0.349402  0.351758  0.353168  0.351662  0.348751  0.350002  0.350777  0.352095  0.35221  0.348925  0.348935  0.351775  
0.266835  1.57211  3.93847  0.409294  3.48779  4.17218  4.93833  5.63279  6.33527  7.05884  7.76392  8.45525  9.18779  9.8388  10.5669  11.2603  11.8421  12.7198  13.3772  13.9582  14.6424  15.5509  16.1872  16.7381  0.133417  0.393027  0.656412  0.0511618  0.348779  0.347682  0.352738  0.352049  0.351959  0.352942  0.352906  0.352302  0.353376  0.351386  0.352231  0.351884  0.348297  0.353328  0.35203  0.348956  0.348628  0.35343  0.351896  0.348711  
0  3.61293  1.22648  2.17232  3.50438  4.20812  4.90089  5.61786  6.31816  7.03306  7.68447  8.43301  9.1243  9.83681  10.5191  11.2459  11.9327  12.6438  13.3405  14.0014  14.6901  15.4593  16.0772  16.8274  0  0.903232  0.204413  0.27154  0.350438  0.350677  0.350063  0.351116  0.351009  0.351653  0.349294  0.351376  0.350935  0.351315  0.350635  0.351434  0.350963  0.351217  0.351066  0.350036  0.349764  0.351347  0.349505  0.35057  
0.00682782  1.80051  3.10568  1.86407  3.51059  4.23013  4.88682  5.6577  6.28522  6.98694  7.73734  8.45035  9.14973  9.87515  10.4996  11.2292  11.9402  12.6254  13.2572  14.0705  14.6653  15.425  16.176  16.847  0.00341391  0.450128  0.517613  0.233009  0.351059  0.352511  0.349059  0.353606  0.349179  0.349347  0.351697  0.352098  0.351913  0.352684  0.349988  0.350911  0.351183  0.350706  0.348873  0.351763  0.349174  0.350569  0.351651  0.350978  
0.254591  3.00552  1.92117  1.52277  3.52252  4.185  4.92587  5.62868  6.35812  7.05885  7.66943  8.43194  9.17048  9.84661  10.5918  11.239  12.0008  12.6677  13.3558  14.0663  14.6717  15.4948  16.1632  16.934  0.127295  0.751381  0.320195  0.190346  0.352252  0.34875  0.351848  0.351792  0.353229  0.352943  0.34861  0.351331  0.352711  0.351665  0.353059  0.35122  0.352964  0.351879  0.351469  0.351657  0.349326  0.352155  0.351374  0.352791  
0.0028486  0.89004  5.53517  1.80275  3.5025  4.24698  4.91483  5.59599  6.32522  6.98874  7.71444  8.42392  9.13048  9.831  10.4856  11.2121  11.9385  12.6006  13.3184  13.9732  14.746  15.3706  16.0679  16.8542  0.0014243  0.22251  0.922529  0.225343  0.35025  0.353915  0.35106  0.34975  0.351401  0.349437  0.350656  0.350996  0.351172  0.351107  0.349521  0.350379  0.351132  0.350018  0.350485  0.34933  0.351096  0.349331  0.349302  0.351129  
0.00121974  3.94222  0.0147181  1.09463  3.50263  4.19661  4.89649  5.59788  6.29773  7.01165  7.7208  8.41262  9.11522  9.78134  10.5101  11.2291  11.9151  12.6097  13.3199  13.9813  14.7053  15.3887  16.0968  16.7951  0.000609872  0.985556  0.00245302  0.136828  0.350263  0.349718  0.34975  0.349868  0.349874  0.350583  0.350945  0.350526  0.350585  0.349334  0.350338  0.350908  0.350445  0.350271  0.350523  0.349533  0.350125  0.349743  0.349931  0.349898  
0.478964  2.73277  1.52492  0  3.48677  4.18519  4.88677  5.64961  6.3402  6.9772  7.74345  8.4349  9.07997  9.76242  10.5945  11.276  12.1146  12.535  13.242  14.152  14.7759  15.5317  15.9915  16.9195  0.239482  0.683194  0.254154  0  0.348677  0.348766  0.349055  0.353101  0.352233  0.34886  0.351975  0.351454  0.34923  0.348658  0.353151  0.352375  0.356311  0.348195  0.348472  0.353801  0.351808  0.352993  0.347641  0.352489  
0.0845461  3.40283  0.502839  1.49398  3.48985  4.20948  4.89575  5.59101  6.32444  6.98492  7.69253  8.40767  9.07438  9.76672  10.5495  11.2958  11.9448  12.5688  13.283  14.0685  14.7175  15.501  16.1633  16.8884  0.0422731  0.850709  0.0838064  0.186748  0.348985  0.35079  0.349696  0.349438  0.351358  0.349246  0.34966  0.350319  0.349014  0.348811  0.351651  0.352994  0.351316  0.349134  0.349553  0.351713  0.350417  0.352295  0.351376  0.351842  
0.00268334  1.2053  2.92229  1.42536  3.48541  4.24313  4.94392  5.64129  6.29347  6.9786  7.66446  8.4472  9.17929  9.75425  10.4458  11.2414  11.9904  12.5012  13.2335  13.8959  14.5998  15.5969  16.0181  16.6767  0.00134167  0.301326  0.487048  0.17817  0.348541  0.353594  0.353137  0.35258  0.349637  0.34893  0.348385  0.351967  0.35305  0.348366  0.348193  0.351293  0.35266  0.347257  0.348251  0.347397  0.347615  0.354475  0.34822  0.347432  
0.00284754  3.67753  0.881481  0.72851  3.49385  4.1958  4.91991  5.6178  6.28453  6.98176  7.68032  8.38681  9.17234  9.82462  10.5281  11.2003  11.9427  12.546  13.2844  14.0712  14.6823  15.3551  16.0794  16.834  0.00142377  0.919382  0.146913  0.0910637  0.349385  0.34965  0.351422  0.351113  0.349141  0.349088  0.349106  0.349451  0.352782  0.350879  0.350936  0.350009  0.351256  0.348499  0.34959  0.351779  0.349578  0.348979  0.349553  0.350708  
0.516012  2.09756  1.57708  0.201542  3.51675  4.18552  4.87358  5.63731  6.26919  7.06299  7.78375  8.3694  9.16835  9.89944  10.4323  11.3926  11.8181  12.7236  13.4263  13.9021  14.9285  15.5499  16.1439  16.9675  0.258006  0.52439  0.262846  0.0251928  0.351675  0.348793  0.348113  0.352332  0.348288  0.353149  0.353807  0.348725  0.352629  0.353551  0.347742  0.356018  0.347591  0.353434  0.353324  0.347553  0.355441  0.353407  0.350953  0.353489  
0.205745  3.04084  0.275234  1.23281  3.51451  4.21738  4.90931  5.58743  6.33097  6.99987  7.67968  8.43497  9.07891  9.82665  10.4783  11.2362  11.8874  12.6482  13.3573  14.1371  14.7743  15.4612  16.0749  16.7641  0.102872  0.760211  0.0458723  0.154101  0.351451  0.351448  0.350665  0.349214  0.35172  0.349993  0.349076  0.351457  0.349189  0.350952  0.349277  0.351132  0.349631  0.351338  0.351507  0.353427  0.351769  0.35139  0.349454  0.349252  
0.294986  0.791414  4.55835  3.85883  3.50795  4.20778  4.9153  5.59017  6.32117  6.99228  7.75203  8.41546  9.0698  9.8351  10.494  11.1944  11.8706  12.6472  13.3601  13.9883  14.6927  15.3846  16.1647  16.857  0.147493  0.197854  0.759725  0.482353  0.350795  0.350648  0.351093  0.349386  0.351176  0.349614  0.352365  0.350644  0.348839  0.351254  0.3498  0.349824  0.349136  0.35131  0.351582  0.349708  0.349827  0.349649  0.351406  0.351187  
0.00833598  3.81616  0.443236  0  3.49346  4.19392  4.91308  5.60952  6.32547  7.04334  7.71402  8.3843  9.11902  9.83538  10.4814  11.2025  11.9641  12.5915  13.2967  13.9655  14.7575  15.4176  16.1351  16.8471  0.00416799  0.954039  0.0738727  0  0.349346  0.349493  0.350934  0.350595  0.351415  0.352167  0.350637  0.349346  0.350732  0.351263  0.349379  0.350078  0.351886  0.349763  0.349913  0.349137  0.35137  0.350401  0.350763  0.350982  
0.1901  2.15185  1.26568  1.72946  3.5419  4.22853  4.87833  5.62609  6.34872  7.03211  7.74919  8.38527  9.15832  9.7802  10.5286  11.2676  11.9578  12.5457  13.4838  14.101  14.7651  15.3326  16.1936  16.9072  0.09505  0.537962  0.210946  0.216182  0.35419  0.352377  0.348452  0.351631  0.352706  0.351606  0.352236  0.349386  0.352243  0.349293  0.350955  0.352113  0.351701  0.348491  0.354838  0.352526  0.351551  0.348469  0.352036  0.352233  
0.141473  3.21848  0.224816  0.734659  3.52455  4.24037  4.94477  5.65229  6.33197  7.04825  7.74835  8.41263  9.06786  9.8812  10.5538  11.2789  11.8551  12.6725  13.4058  14.1169  14.7822  15.5128  16.219  16.9466  0.0707366  0.804619  0.0374693  0.0918324  0.352455  0.353364  0.353198  0.353268  0.351776  0.352412  0.352198  0.350526  0.348764  0.3529  0.351794  0.352467  0.348678  0.352013  0.352785  0.352922  0.351958  0.352565  0.352588  0.353053  
0.246958  0.878332  1.83881  0.649177  3.47579  4.23785  4.94123  5.57194  6.36147  7.05105  7.80372  8.46226  9.15661  9.90789  10.6052  11.2962  11.9874  12.7165  13.4688  14.1465  14.7917  15.5469  16.0397  16.6739  0.123479  0.219583  0.306469  0.0811471  0.347579  0.353155  0.352945  0.348247  0.353415  0.352553  0.354714  0.352594  0.352177  0.353853  0.353507  0.353006  0.35257  0.353235  0.354441  0.353662  0.352184  0.35334  0.348689  0.347372  
0  3.51096  0.00164039  0.385566  3.50738  4.1955  4.89425  5.60878  6.3134  6.99016  7.69237  8.42366  9.08676  9.80257  10.4795  11.1769  11.9548  12.6531  13.3105  14.0389  14.7421  15.4612  16.0674  16.7898  0  0.877741  0.000273398  0.0481958  0.350738  0.349625  0.349589  0.350549  0.350745  0.349508  0.349653  0.350986  0.349491  0.350092  0.349315  0.349278  0.351613  0.351474  0.350276  0.350973  0.351002  0.35139  0.349292  0.349789  
0.682815  1.77792  0.752249  0.411252  3.56386  4.25989  4.8571  5.68201  6.24343  6.94981  7.77329  8.51739  9.25161  9.93957  10.6399  11.3922  12.0682  12.7883  13.5033  14.2254  14.8542  15.5801  16.2994  16.658  0.341408  0.44448  0.125375  0.0514065  0.356386  0.354991  0.346936  0.355125  0.346857  0.34749  0.353332  0.354891  0.355831  0.354985  0.354663  0.356005  0.354948  0.35523  0.35535  0.355635  0.353672  0.354094  0.354334  0.347043  
0  2.61399  0.0768396  0.385566  3.52559  4.19549  4.90503  5.6302  6.31938  6.97999  7.68016  8.45316  9.14533  9.81965  10.4889  11.1749  11.9602  12.6727  13.253  14.0136  14.7571  15.4789  16.0727  16.7923  0  0.653498  0.0128066  0.0481958  0.352559  0.349624  0.350359  0.351888  0.351077  0.348999  0.349098  0.352215  0.351743  0.350702  0.349629  0.349217  0.351771  0.352021  0.348763  0.35034  0.351359  0.351794  0.349405  0.34984  
0.0148622  0.144939  3.5416  1.21903  3.54342  4.23623  4.94482  5.5698  6.36943  6.97888  7.7703  8.48008  9.06284  9.7479  10.5949  11.1422  12.0024  12.7048  13.416  14.1473  14.8475  15.5725  16.0268  16.9506  0.00743112  0.0362348  0.590267  0.152378  0.354342  0.35302  0.353202  0.348112  0.353857  0.348944  0.353195  0.353336  0.348571  0.348139  0.353164  0.348194  0.353011  0.352911  0.353054  0.353682  0.353512  0.353921  0.348409  0.353138  
0.0453135  4  0.0445464  0.0865051  3.50489  4.19444  4.90878  5.6119  6.30287  6.99328  7.71058  8.41353  9.12481  9.79139  10.5223  11.2152  11.913  12.6306  13.2749  14.0365  14.685  15.398  16.0798  16.7852  0.0226568  1  0.0074244  0.0108131  0.350489  0.349537  0.350627  0.350744  0.35016  0.349664  0.350481  0.350564  0.350954  0.349692  0.350742  0.350475  0.350383  0.350851  0.349339  0.350913  0.349644  0.349956  0.349561  0.349691  
0  2.39076  0.000188063  0  3.51626  4.22107  4.93289  5.6263  6.32497  6.97893  7.73252  8.3688  9.13929  9.85991  10.4749  11.1835  11.9979  12.5666  13.265  13.9635  14.7514  15.4622  16.0443  16.9835  0  0.59769  3.13438e-05  0  0.351626  0.351756  0.352349  0.351644  0.351387  0.348946  0.351478  0.3487  0.351511  0.35214  0.349163  0.349486  0.35288  0.349073  0.349078  0.349088  0.351223  0.351414  0.348789  0.353822  
