0.310722  3.82651  1.30771  3.68255  0.664267  8.40705  7.94611  1.91881  10.0576  12.5458  0.816195  20.4813  8.14704  26.4626  24.6423  2.67799  19.5932  11.9083  6.40239  5.39313  20.1195  12.5246  43.4829  28.6059  0.155361  0.956627  0.217952  0.460318  0.0664267  0.700588  0.567579  0.119925  0.558757  0.627291  0.0370998  0.853389  0.313348  0.945093  0.821411  0.083687  0.57627  0.330785  0.168484  0.134828  0.479035  0.284651  0.94528  0.595955  
0.963634  1.59937  0.471646  2.9392  0.56025  3.67773  2.36364  12.7866  13.1545  19.6537  1.22046  15.6409  11.284  18.942  17.6175  7.85263  33.5178  15.6323  6.37234  7.25554  31.8465  13.1866  44.6686  27.8141  0.481817  0.399844  0.0786076  0.3674  0.056025  0.306478  0.168831  0.799162  0.730806  0.982687  0.0554757  0.651705  0.434  0.676501  0.587251  0.245395  0.985819  0.434232  0.167693  0.181388  0.758251  0.299695  0.971056  0.57946  
0.489813  0.589997  0.289089  1.38244  3.78073  0.40259  6.08481  3.19197  12.3104  18.5221  19.1798  17.9526  11.6809  8.57486  16.7915  3.94182  12.8821  9.43475  16.9063  9.82441  11.5636  42.9572  36.8299  42.7873  0.244907  0.147499  0.0481815  0.172804  0.378073  0.0335492  0.43463  0.199498  0.683912  0.926104  0.87181  0.748025  0.449265  0.306245  0.559716  0.123182  0.378885  0.262076  0.444903  0.24561  0.275324  0.976301  0.800649  0.891402  
0.124089  2.7353  4.99859  3.55607  0.578709  5.03844  11.4148  0.628407  9.84857  6.7351  11.0392  18.1616  1.89188  19.1627  16.6027  23.5865  18.7405  19.1499  21.7424  17.4152  38.9232  33.7366  9.95733  38.7565  0.0620447  0.683825  0.833098  0.444509  0.0578709  0.41987  0.815341  0.0392755  0.547143  0.336755  0.501782  0.756733  0.0727647  0.684382  0.553423  0.737077  0.551191  0.531942  0.572168  0.43538  0.926743  0.766742  0.216464  0.807428  
0.600177  0.748484  1.12007  4.82975  6.45543  11.8526  0.930055  7.36652  14.3999  12.1538  20.5511  15.2099  25.8499  20.1036  28.3915  10.254  5.46919  5.48859  34.348  18.6165  40.4425  29.2415  29.5612  46.9598  0.300089  0.187121  0.186679  0.603719  0.645543  0.987719  0.0664325  0.460408  0.799994  0.60769  0.934143  0.633746  0.994228  0.717985  0.946382  0.320438  0.160859  0.152461  0.903895  0.465412  0.962918  0.664579  0.642634  0.97833  
1.37505  2.14404  2.21442  6.38687  1.65125  3.85773  6.35249  0.342168  11.3304  0.3169  11.0343  5.08631  8.3486  7.41735  8.75809  21.007  32.2156  7.79812  10.2593  13.5689  8.66994  34.7638  32.7  32.4779  0.687526  0.536011  0.36907  0.798359  0.165125  0.321478  0.453749  0.0213855  0.629469  0.015845  0.501561  0.21193  0.3211  0.264905  0.291936  0.65647  0.947517  0.216614  0.269981  0.339223  0.206427  0.790086  0.71087  0.676624  
1.83158  2.82604  5.25931  2.39225  8.53857  8.25094  0.93255  14.6935  4.7772  0.936895  4.56006  5.4379  23.2305  9.47163  29.5561  25.9034  1.24587  31.0315  26.718  37.1665  14.6114  25.578  4.28947  22.7653  0.91579  0.70651  0.876552  0.299031  0.853857  0.687578  0.0666107  0.918346  0.2654  0.0468448  0.207275  0.226579  0.893479  0.338273  0.985202  0.80948  0.0366431  0.861985  0.703106  0.929163  0.347891  0.581318  0.0932493  0.474278  
1.71509  3.07903  3.27459  0.0083504  3.67245  0.485633  6.20489  10.9711  3.27742  2.31143  4.14656  14.262  9.42704  15.9301  3.24193  27.7735  1.0838  19.6269  3.8274  29.8021  1.25154  9.54607  14.5419  19.0802  0.857547  0.769758  0.545765  0.0010438  0.367245  0.0404694  0.443207  0.685696  0.182079  0.115571  0.18848  0.594251  0.362578  0.568933  0.108064  0.867921  0.0318766  0.545191  0.100721  0.745053  0.0297986  0.216956  0.316128  0.397504  
0.497637  3.70908  3.63429  2.28868  8.74347  3.27797  2.93505  1.6064  3.44935  12.6635  16.3391  5.40083  9.58845  25.7001  14.3281  11.0806  33.6321  33.1925  2.91666  35.0009  24.7743  17.484  37.6461  9.7092  0.248818  0.927269  0.605715  0.286086  0.874347  0.273164  0.209646  0.1004  0.19163  0.633175  0.742688  0.225035  0.368787  0.917861  0.477605  0.346269  0.989179  0.922013  0.0767543  0.875023  0.589865  0.397363  0.818394  0.202275  
1.24159  1.84898  0.996953  4.42692  5.48  9.62567  1.42552  2.66374  11.1148  0.787794  12.2987  9.97227  18.2099  8.47231  3.95652  4.10408  14.8894  6.94733  2.06429  7.85376  3.72917  25.2461  29.5689  0.432791  0.620794  0.462246  0.166159  0.553365  0.548  0.802139  0.101823  0.166484  0.617489  0.0393897  0.55903  0.415511  0.70038  0.302582  0.131884  0.128252  0.437924  0.192981  0.0543234  0.196344  0.0887897  0.573774  0.642803  0.00901648  
0.992899  0.782337  5.53933  4.53743  7.69345  6.21174  5.74601  6.41211  1.49236  14.0505  10.35  7.17532  20.3818  15.0324  26.68  30.1801  31.2702  20.0487  1.78141  32.4313  8.05789  6.98399  0.876145  41.8855  0.496449  0.195584  0.923221  0.567179  0.769345  0.517645  0.410429  0.400757  0.0829091  0.702523  0.470456  0.298972  0.783916  0.536873  0.889332  0.943129  0.919711  0.55691  0.0468791  0.810782  0.191854  0.158727  0.0190466  0.872614  
1.46049  2.16265  1.58079  7.52955  0.37582  2.88191  0.565562  4.20985  15.3622  14.3616  5.03209  7.09279  11.7746  27.6167  3.94392  0.271808  27.6283  13.6131  20.953  28.0819  15.0993  31.313  28.4831  34.9697  0.730244  0.540664  0.263466  0.941194  0.037582  0.240159  0.0403973  0.263116  0.853456  0.718081  0.228731  0.295533  0.45287  0.98631  0.131464  0.00849401  0.812596  0.378141  0.551395  0.702046  0.359506  0.71166  0.619197  0.728535  
1.94452  3.79915  0.441881  7.37883  0.127352  9.19613  6.10275  9.41501  17.6289  19.3013  10.63  19.2963  1.63672  1.99228  23.4653  13.4603  2.25438  9.60319  9.54336  36.7196  23.4594  12.0029  45.5597  37.7066  0.972259  0.949788  0.0736469  0.922354  0.0127352  0.766344  0.435911  0.588438  0.979385  0.965064  0.483182  0.804014  0.0629507  0.0711529  0.782175  0.420633  0.0663054  0.266755  0.251141  0.917989  0.558557  0.272792  0.990428  0.785553  
0.76921  3.64648  2.3856  0.547044  3.48132  7.9759  8.81268  11.6233  11.2946  14.4383  15.0157  2.99721  16.9924  17.4378  24.7994  11.658  14.2487  19.7148  12.1516  39.3539  13.8933  33.3168  39.7857  16.559  0.384605  0.91162  0.3976  0.0683805  0.348132  0.664658  0.629477  0.726456  0.627476  0.721913  0.682531  0.124884  0.653554  0.622778  0.826647  0.364314  0.419079  0.547635  0.319779  0.983847  0.330792  0.757199  0.864906  0.344979  
1.9002  3.06685  0.700322  2.20017  4.18763  4.32085  6.04258  15.6937  4.3447  4.23178  4.30089  15.3863  10.6872  2.62282  24.6731  16.6443  27.19  32.1072  19.5398  22.9611  24.4016  9.58643  28.2634  35.7141  0.950098  0.766714  0.11672  0.275021  0.418763  0.360071  0.431613  0.980855  0.241372  0.211589  0.195495  0.641095  0.411048  0.0936721  0.822438  0.520136  0.799706  0.891865  0.514206  0.574027  0.580989  0.217873  0.614422  0.744044  
0.715542  0.323083  0.350527  1.50216  5.92257  8.49178  11.2057  1.18243  11.4127  6.14831  8.28629  15.7839  25.6905  12.6725  29.7192  8.21549  32.7345  9.90645  12.2163  39.5986  11.7633  9.58708  27.3315  1.60347  0.357771  0.0807708  0.0584212  0.18777  0.592257  0.707648  0.80041  0.0739021  0.63404  0.307416  0.37665  0.657664  0.988096  0.45259  0.990641  0.256734  0.962779  0.275179  0.321481  0.989965  0.280079  0.217888  0.594163  0.0334057  
0.665404  2.6882  1.97683  6.1912  2.54653  11.6135  10.0888  11.2345  14.5058  8.26973  0.386083  3.07287  5.12223  4.27162  23.5194  3.27765  15.9258  10.616  3.08562  22.1173  41.527  11.9126  31.6074  17.1006  0.332702  0.67205  0.329471  0.773899  0.254653  0.967793  0.720628  0.702155  0.805877  0.413486  0.0175492  0.128036  0.197009  0.152558  0.783981  0.102427  0.468405  0.294888  0.0812006  0.552933  0.988737  0.270741  0.687117  0.356262  
1.32642  1.38886  3.48919  5.59983  3.55063  1.62901  9.8381  2.94318  5.91617  8.92108  20.7626  5.1754  5.71689  6.63472  8.90837  8.6802  13.323  12.0994  12.1745  38.688  6.37215  19.1829  9.02246  29.0354  0.663208  0.347216  0.581531  0.699979  0.355063  0.135751  0.702721  0.183949  0.328676  0.446054  0.943756  0.215642  0.21988  0.236954  0.296946  0.271256  0.391853  0.336095  0.320383  0.967199  0.151718  0.435975  0.19614  0.604903  
0.852414  1.76966  2.9554  3.07983  1.46529  9.66662  6.49027  14.9815  12.8441  14.2575  13.4184  1.85483  13.6007  11.4413  29.9715  20.6551  21.0677  9.81335  30.4384  32.0427  10.3228  8.1457  12.5055  4.36123  0.426207  0.442416  0.492567  0.384979  0.146529  0.805552  0.463591  0.936344  0.713561  0.712873  0.609927  0.0772846  0.523105  0.408616  0.999052  0.645471  0.619637  0.272593  0.80101  0.801067  0.245782  0.18513  0.271859  0.0908589  
0.0616081  1.51493  3.4058  3.02948  1.97399  4.66257  2.43104  12.9987  11.617  9.82771  14.2706  13.1542  9.03673  21.4966  17.985  12.4269  14.7176  14.2178  30.7921  11.4809  21.9535  15.6943  38.2623  33.4602  0.030804  0.378732  0.567634  0.378685  0.197399  0.388547  0.173646  0.812417  0.645388  0.491386  0.648661  0.548093  0.347566  0.767735  0.599501  0.38834  0.432869  0.39494  0.810319  0.287024  0.522702  0.356688  0.831788  0.697088  
1.37164  2.27326  2.75597  1.72984  3.71879  2.4994  5.19297  4.47091  1.5538  9.76606  16.0067  1.01515  25.4621  7.53309  2.72155  31.0701  6.54232  23.1147  28.3193  28.0991  1.98496  15.8668  40.8101  33.1223  0.685818  0.568314  0.459328  0.21623  0.371879  0.208284  0.370926  0.279432  0.0863223  0.488303  0.727575  0.0422979  0.979312  0.269039  0.0907183  0.97094  0.192421  0.642074  0.745246  0.702477  0.0472608  0.360609  0.887177  0.690049  
1.63784  3.96148  0.478206  1.08635  0.618683  0.709709  7.22709  1.85855  5.69792  19.213  19.1744  5.90024  15.4228  27.9091  3.50791  12.1213  24.7574  15.2217  1.04591  6.28268  31.3996  13.6607  32.0593  35.1339  0.818922  0.990369  0.079701  0.135793  0.0618683  0.0591424  0.516221  0.116159  0.316551  0.960649  0.871565  0.245843  0.593186  0.996754  0.11693  0.378792  0.72816  0.422824  0.027524  0.157067  0.747609  0.310471  0.696942  0.731955  
1.75929  1.30875  3.99632  5.97967  4.06263  1.37835  2.0924  14.9941  6.79745  16.869  21.4277  17.5029  17.9723  14.4983  24.4664  0.429671  15.0718  8.22814  31.4181  5.92192  17.0802  22.7492  44.6885  30.9706  0.879644  0.327186  0.666053  0.747459  0.406263  0.114863  0.149457  0.937133  0.377636  0.843452  0.973988  0.729287  0.691242  0.517797  0.815548  0.0134272  0.443289  0.22856  0.826792  0.148048  0.406672  0.517026  0.971489  0.645221  
0.678267  3.54506  2.48653  7.61684  0.592628  2.05954  4.88304  12.16  13.097  4.123  7.35542  17.3737  15.6513  11.9649  22.7863  13.4035  11.0362  28.9868  29.6582  23.3079  23.1996  34.5982  38.0424  43.1414  0.339134  0.886265  0.414421  0.952105  0.0592628  0.171628  0.348789  0.760003  0.727611  0.20615  0.334337  0.723905  0.601974  0.427316  0.759542  0.418861  0.324595  0.805188  0.78048  0.582698  0.552372  0.786323  0.827009  0.89878  
0.069981  2.46091  5.30414  5.65782  0.585756  5.57015  12.0899  7.86751  4.24176  0.19644  16.2025  13.0831  2.27214  24.5126  7.948  21.6281  28.0751  5.50324  31.896  10.1913  34.2378  37.3701  14.73  19.9454  0.0349905  0.615227  0.884024  0.707228  0.0585756  0.464179  0.863561  0.491719  0.235653  0.00982199  0.736476  0.545128  0.0873901  0.87545  0.264933  0.675878  0.825738  0.152868  0.839369  0.254783  0.815185  0.849321  0.320218  0.415529  
1.00184  0.00790071  2.08554  4.25609  4.71865  7.91138  3.34366  2.97885  5.03895  13.7727  7.26199  23.4961  13.1899  19.453  29.1128  11.8122  8.13829  3.1697  32.3084  38.8506  37.6426  15.5612  38.1985  37.4833  0.500919  0.00197518  0.34759  0.532012  0.471865  0.659282  0.238833  0.186178  0.279942  0.688636  0.33009  0.979004  0.507302  0.694749  0.970428  0.369131  0.239361  0.0880472  0.85022  0.971266  0.896253  0.353665  0.830403  0.780901  
0.27403  0.548906  2.84607  7.06404  9.21105  0.918876  8.59743  10.3973  7.77926  8.94498  7.73809  5.70975  21.499  14.3639  8.79098  17.3485  27.3681  10.3792  21.8152  34.1249  29.6026  41.3202  19.6392  19.8123  0.137015  0.137226  0.474346  0.883005  0.921105  0.076573  0.614102  0.649829  0.432181  0.447249  0.351732  0.237906  0.826884  0.512997  0.293033  0.54214  0.804944  0.28831  0.574085  0.853122  0.704824  0.939095  0.426939  0.412755  
0.717323  3.20718  1.04765  4.76386  6.81559  1.74173  2.79404  6.82625  4.84556  8.44924  10.1141  22.9922  0.948419  27.5326  2.39933  17.5124  2.02622  26.8272  18.0138  15.5139  30.0396  36.5517  27.7922  39.1735  0.358661  0.801794  0.174608  0.595483  0.681559  0.145144  0.199574  0.426641  0.269198  0.422462  0.459731  0.95801  0.0364777  0.983309  0.0799776  0.547263  0.0595946  0.745199  0.474047  0.387846  0.715229  0.83072  0.604178  0.816114  
1.75021  1.4278  1.75993  4.87057  6.97553  5.30627  6.1203  9.07439  10.1703  2.11346  9.73592  21.691  23.9924  10.9842  8.83557  30.8404  23.0932  18.5743  5.01018  15.4512  19.6607  12.3035  10.2514  14.11  0.875106  0.35695  0.293321  0.608821  0.697553  0.442189  0.437165  0.567149  0.565016  0.105673  0.442542  0.903792  0.922786  0.392293  0.294519  0.963763  0.679212  0.515954  0.131847  0.386281  0.468112  0.279624  0.222856  0.293958  
0.481217  1.80983  2.06693  0.901584  3.68184  5.55491  8.80728  11.8558  1.99777  17.1767  14.6758  12.063  17.0275  23.7126  12.8811  19.5759  12.55  29.4262  15.7273  29.0447  38.8755  31.0449  3.17712  16.5187  0.240608  0.452458  0.344489  0.112698  0.368184  0.462909  0.629092  0.740986  0.110987  0.858833  0.667083  0.502624  0.654903  0.846877  0.429371  0.611747  0.369119  0.817396  0.413876  0.726118  0.925608  0.705566  0.0690677  0.34414  
1.64469  1.91438  4.34627  1.92709  6.15848  9.59039  10.4693  0.387604  12.4153  17.8555  14.5392  16.3813  24.1988  21.2789  12.6312  26.8084  17.0412  25.0886  31.3054  21.1763  0.0867646  21.5519  37.902  37.4962  0.822343  0.478594  0.724379  0.240887  0.615848  0.799199  0.747809  0.0242253  0.689737  0.892774  0.660874  0.682554  0.930721  0.759962  0.42104  0.837764  0.501211  0.696905  0.823827  0.529406  0.00206582  0.489815  0.823956  0.781171  
0.0685412  2.50408  2.77307  2.3101  6.38611  7.43716  11.5164  8.4704  16.5081  15.0419  21.0031  16.388  11.9818  3.78707  3.98976  10.8854  9.38309  20.5284  3.00965  17.057  34.0417  12.5955  26.0841  23.2665  0.0342706  0.62602  0.462178  0.288763  0.638611  0.619763  0.822601  0.5294  0.917115  0.752095  0.954688  0.682834  0.460837  0.135252  0.132992  0.34017  0.275973  0.570233  0.0792012  0.426425  0.810517  0.286262  0.567045  0.484719  
1.25313  3.39291  3.57593  1.56938  5.52551  1.70239  8.9889  5.66295  4.89943  1.83571  4.09966  2.58358  2.15503  10.7966  19.2942  16.6967  32.6392  22.2241  9.75566  8.32965  27.608  4.05567  1.27987  9.86403  0.626564  0.848228  0.595989  0.196172  0.552551  0.141866  0.642064  0.353935  0.272191  0.0917857  0.186348  0.107649  0.0828858  0.385591  0.643141  0.521772  0.959978  0.617336  0.256728  0.208241  0.657334  0.0921743  0.0278233  0.205501  
0.265  1.97524  0.172444  4.47791  6.41045  2.29988  4.06875  3.51517  9.0941  19.0843  12.556  3.17785  18.5924  13.281  18.3947  28.2257  27.6906  6.12551  29.8332  23.1991  21.7421  9.19337  28.0305  44.731  0.1325  0.493809  0.0287407  0.559738  0.641045  0.191656  0.290625  0.219698  0.505228  0.954214  0.570726  0.13241  0.71509  0.474321  0.613155  0.882052  0.814429  0.170153  0.785084  0.579978  0.51767  0.20894  0.609358  0.931896  
1.78609  2.5251  4.94467  5.39602  2.49559  9.02022  13.7571  13.6988  8.99332  2.24628  9.62186  14.707  0.625785  13.5554  3.4903  31.6375  5.79643  17.55  28.5508  28.3481  26.8267  3.15671  7.56375  40.6979  0.893043  0.631274  0.824112  0.674502  0.249559  0.751685  0.982653  0.856176  0.499629  0.112314  0.437357  0.612792  0.0240687  0.484121  0.116343  0.988671  0.170483  0.4875  0.751338  0.708703  0.63873  0.0717434  0.164429  0.847873  
1.5875  0.462256  1.56941  1.09418  3.96277  9.00927  6.59332  6.48982  7.64767  4.39455  15.1287  14.0568  12.8505  20.3029  9.55658  5.44408  33.8768  13.985  23.3849  34.8387  21.8398  14.6365  3.89495  39.1985  0.793752  0.115564  0.261568  0.136772  0.396277  0.750773  0.470951  0.405613  0.424871  0.219727  0.687668  0.585699  0.494251  0.725105  0.318553  0.170128  0.996376  0.388473  0.615391  0.870968  0.519996  0.332647  0.0846729  0.816634  
1.24517  3.20721  2.82249  6.86631  2.52959  2.86014  4.82309  9.55289  13.3166  3.03053  3.83895  6.26672  19.6311  14.9043  4.45491  16.4448  18.7315  27.5136  1.94126  28.8095  32.4313  37.3139  7.56585  47.6167  0.622585  0.801803  0.470414  0.858288  0.252959  0.238345  0.344506  0.597056  0.739814  0.151526  0.174498  0.261113  0.755041  0.532297  0.148497  0.5139  0.550925  0.764267  0.0510857  0.720239  0.772175  0.848043  0.164475  0.992015  
0.124472  1.67978  2.62193  1.2308  5.54655  7.78861  11.4011  1.16122  6.08727  14.3642  11.3083  7.89827  15.2086  13.2712  6.78804  6.32407  17.0189  11.1845  18.8839  37.3375  4.37257  8.43506  39.3129  28.098  0.0622359  0.419944  0.436989  0.15385  0.554655  0.649051  0.814364  0.0725764  0.338182  0.718211  0.514012  0.329095  0.584948  0.473972  0.226268  0.197627  0.500554  0.310682  0.496945  0.933439  0.104109  0.191706  0.854628  0.585375  
1.46152  3.39645  0.894564  2.42565  3.47955  8.96784  9.63036  5.65174  9.84121  4.10105  20.8835  4.41162  0.205054  27.2223  19.9473  28.4116  28.6773  34.949  7.94544  12.5719  4.25309  8.88806  39.0881  4.31028  0.730762  0.849114  0.149094  0.303206  0.347955  0.74732  0.687883  0.353234  0.546734  0.205052  0.949249  0.183818  0.00788668  0.972224  0.66491  0.887861  0.84345  0.970804  0.209091  0.314297  0.101264  0.202001  0.849742  0.0897974  
1.31451  1.28781  1.79456  0.267863  3.41986  6.65819  10.1188  14.4578  7.93106  1.56306  14.9879  3.54016  20.98  5.07254  16.1345  6.05622  18.8409  21.8402  7.57565  8.51243  20.4235  1.6096  10.3405  34.004  0.657257  0.321951  0.299093  0.0334829  0.341986  0.554849  0.722772  0.903611  0.440615  0.0781531  0.681268  0.147506  0.806921  0.181162  0.537815  0.189257  0.554143  0.606672  0.199359  0.212811  0.486274  0.0365817  0.224793  0.708417  
1.80909  0.756542  2.24175  6.45797  2.70378  3.81559  8.51273  15.9134  10.741  4.46053  17.5508  10.8241  16.1287  15.0649  21.6827  3.74721  20.9086  22.084  31.9624  15.2172  25.7842  31.4072  40.299  31.3625  0.904543  0.189136  0.373625  0.807246  0.270378  0.317966  0.608052  0.994587  0.59672  0.223026  0.797761  0.451002  0.620333  0.53803  0.722758  0.1171  0.614958  0.613446  0.841117  0.380431  0.61391  0.7138  0.876066  0.653385  
0.0702083  2.19954  5.0854  0.253022  1.49791  7.20366  9.59505  7.47418  8.01982  0.0621438  9.00589  14.3392  4.43673  25.1647  28.8107  1.41563  28.3824  3.65124  12.5177  6.14244  13.4745  25.1398  31.5963  1.88981  0.0351042  0.549885  0.847566  0.0316277  0.149791  0.600305  0.685361  0.467136  0.445546  0.00310719  0.409359  0.597466  0.170644  0.898741  0.960358  0.0442386  0.834776  0.101423  0.329413  0.153561  0.320822  0.571358  0.686876  0.039371  
0.117359  2.89179  5.39297  0.585594  3.43809  6.76656  7.13323  13.7239  12.2107  0.887429  19.5271  8.48019  24.9537  25.7631  21.9234  12.3753  27.3401  9.41294  19.4431  36.6813  31.592  30.7633  45.9404  3.28384  0.0586797  0.722948  0.898828  0.0731992  0.343809  0.56388  0.509516  0.857741  0.67837  0.0443715  0.887595  0.353341  0.959758  0.920112  0.730779  0.386729  0.804122  0.261471  0.51166  0.917032  0.752191  0.699165  0.998704  0.0684134  
1.78977  2.39919  4.84582  5.77823  9.34531  11.1508  5.62721  0.513216  2.34355  4.006  2.74067  11.4663  0.437202  25.9765  9.03765  26.72  10.8978  24.1207  1.69622  4.90327  24.3024  2.22265  15.3692  39.4751  0.894883  0.599797  0.807636  0.722279  0.934531  0.929231  0.401943  0.032076  0.130197  0.2003  0.124576  0.477761  0.0168155  0.927731  0.301255  0.834999  0.320524  0.670019  0.0446374  0.122582  0.57863  0.0505148  0.334114  0.822398  
1.61608  3.91407  2.46424  6.54429  0.632422  4.29166  11.4962  5.49926  13.7546  10.0573  17.7231  8.63367  19.5161  21.4743  5.53485  17.418  0.465782  10.3356  15.904  19.2786  10.9228  14.3001  17.7703  46.2701  0.808042  0.978516  0.410707  0.818036  0.0632422  0.357638  0.821157  0.343703  0.764143  0.502864  0.805597  0.359736  0.750621  0.766939  0.184495  0.544311  0.0136995  0.287101  0.418526  0.481965  0.260066  0.325002  0.38631  0.963961  
0.725072  0.693042  5.19653  2.31769  0.601499  8.83373  3.19303  15.9051  14.232  13.8243  7.83555  7.1824  2.81506  7.62934  5.27674  6.15047  9.09328  22.3622  13.3882  34.1363  34.7793  4.83347  22.6439  17.052  0.362536  0.17326  0.866088  0.289711  0.0601499  0.736144  0.228074  0.994069  0.790668  0.691216  0.356161  0.299267  0.108272  0.272476  0.175891  0.192202  0.26745  0.621173  0.35232  0.853409  0.828078  0.109852  0.492259  0.35525  
1.79558  0.524109  1.6779  2.15481  2.94676  2.41964  9.6631  3.51221  5.40575  11.9478  9.5859  4.73447  21.5468  3.44642  10.3096  7.85608  0.932364  10.6291  14.4502  38.8867  25.663  20.9711  14.8375  17.7718  0.897792  0.131027  0.27965  0.269351  0.294676  0.201637  0.690221  0.219513  0.300319  0.597392  0.435723  0.19727  0.828723  0.123086  0.343654  0.245503  0.0274225  0.295252  0.38027  0.972168  0.611023  0.476615  0.322554  0.370247  
1.81935  3.6364  4.36912  4.32445  2.5341  8.29021  2.70127  9.47964  5.14825  10.433  6.02835  3.60114  20.3305  24.7379  18.8364  27.0638  26.586  17.9578  10.8224  38.6165  38.5896  30.5967  15.3757  34.4415  0.909674  0.9091  0.728186  0.540556  0.25341  0.690851  0.192948  0.592478  0.286014  0.52165  0.274016  0.150048  0.781942  0.883496  0.627881  0.845743  0.78194  0.498829  0.2848  0.965413  0.918801  0.695379  0.334254  0.717531  
1.23537  0.896185  0.647147  5.22  5.65415  4.99843  0.422645  9.29045  15.6714  9.70615  8.58275  22.6737  24.0772  26.5314  3.10899  23.3313  22.8334  24.7379  31.67  31.958  38.0866  12.6122  36.5154  39.0141  0.617686  0.224046  0.107858  0.6525  0.565415  0.416535  0.0301889  0.580653  0.870633  0.485308  0.390125  0.944738  0.926046  0.947549  0.103633  0.729102  0.671572  0.687164  0.833421  0.79895  0.906825  0.286642  0.793812  0.812795  
1.54002  2.07974  3.97838  5.24189  8.8407  2.44354  11.8698  0.293967  9.6688  11.0243  2.02353  13.0987  14.8527  3.79238  25.931  7.2624  20.4962  12.6439  17.2753  39.3896  32.286  39.5789  38.3745  8.86942  0.770012  0.519934  0.663064  0.655236  0.88407  0.203629  0.847846  0.0183729  0.537156  0.551215  0.0919786  0.545779  0.571259  0.135442  0.864367  0.22695  0.602831  0.351219  0.454614  0.98474  0.768714  0.899521  0.834228  0.18478  
0.99419  0.860314  1.068  5.70448  0.621381  9.68779  1.81693  2.63747  4.06409  3.24211  21.0097  1.73916  25.419  21.4149  27.4717  16.1815  15.5266  12.2062  32.7147  32.4981  9.89521  22.6396  27.4259  12.8904  0.497095  0.215079  0.178  0.71306  0.0621381  0.807316  0.129781  0.164842  0.225783  0.162106  0.954986  0.0724649  0.977654  0.764819  0.915724  0.50567  0.456666  0.339062  0.860913  0.812452  0.2356  0.514536  0.596216  0.26855  
0.728194  2.30218  0.671815  2.62658  1.79412  7.87054  2.15902  3.57673  10.1202  8.76379  21.1147  12.1505  17.4324  7.38469  6.25176  3.54035  8.04205  20.7409  32.6034  16.6527  41.8424  20.9877  11.6578  43.1973  0.364097  0.575546  0.111969  0.328323  0.179412  0.655878  0.154216  0.223546  0.562233  0.43819  0.959759  0.50627  0.670477  0.263739  0.208392  0.110636  0.236531  0.576135  0.857984  0.416317  0.996246  0.476994  0.25343  0.899944  
1.79777  2.95584  1.83246  5.14263  2.68116  5.79028  11.6022  9.16356  3.826  16.9478  21.289  16.33  3.2774  26.561  15.2567  5.07671  29.72  16.8686  20.5588  15.7808  36.4709  13.5477  12.7275  17.5643  0.898885  0.738961  0.305411  0.642829  0.268116  0.482523  0.82873  0.572722  0.212556  0.847391  0.96768  0.680417  0.126054  0.948609  0.508557  0.158647  0.874119  0.468573  0.541021  0.394521  0.868355  0.307903  0.276685  0.365924  
0.118203  2.36766  1.66895  2.72408  9.80803  10.1253  1.96815  11.3837  13.6585  0.86089  21.503  17.4088  21.3743  27.7532  9.34958  15.4265  21.7725  1.6354  14.0567  5.69177  20.1496  30.8539  37.9797  3.04937  0.0591014  0.591916  0.278158  0.340511  0.980803  0.843771  0.140582  0.711482  0.758806  0.0430445  0.977408  0.725365  0.822087  0.991187  0.311653  0.482077  0.640367  0.0454277  0.369913  0.142294  0.479753  0.701225  0.825646  0.0635285  
0.849083  0.90083  1.94434  5.91474  2.64487  11.3095  1.17751  10.3496  16.1337  2.55025  2.40929  14.2282  5.30165  21.3187  23.1163  6.76334  18.1088  25.9653  14.2449  2.25239  40.7168  13.1679  9.40345  43.5688  0.424542  0.225207  0.324056  0.739342  0.264487  0.942461  0.0841077  0.646851  0.896316  0.127513  0.109513  0.592843  0.20391  0.761382  0.770542  0.211354  0.532613  0.721259  0.374867  0.0563098  0.969447  0.299269  0.204423  0.907684  
1.76427  3.26384  3.70771  3.32864  8.13177  9.57806  10.5977  8.97746  12.405  9.74138  5.9004  15.8285  6.58872  2.39216  13.3591  27.1292  21.7858  28.446  30.9866  36.908  37.5318  18.4398  42.9602  38.5242  0.882135  0.81596  0.617951  0.416079  0.813177  0.798172  0.756978  0.561091  0.689168  0.487069  0.2682  0.65952  0.253412  0.0854344  0.445304  0.847788  0.640758  0.790167  0.815437  0.922701  0.893615  0.419086  0.933918  0.802588  
1.82331  1.90783  1.64511  2.998  3.25476  3.06355  5.59349  14.4608  14.3689  11.5109  9.27843  1.29308  24.155  12.471  14.9444  18.9667  27.5004  6.40884  1.176  19.1028  8.46572  18.2969  3.14493  11.5928  0.911657  0.476957  0.274185  0.37475  0.325476  0.255296  0.399535  0.903801  0.798271  0.575547  0.421747  0.0538785  0.929037  0.445395  0.498147  0.59271  0.808834  0.178023  0.0309474  0.477569  0.201565  0.415839  0.0683681  0.241516  
1.33179  3.75749  2.21161  2.43676  2.24696  5.95328  12.3982  0.328243  12.5361  18.3089  15.4859  9.57985  5.67386  13.4297  22.2517  15.7998  4.13094  13.6711  34.5636  10.3599  28.4101  18.3971  25.3301  36.239  0.665893  0.939372  0.368601  0.304595  0.224696  0.496107  0.885583  0.0205152  0.696449  0.915446  0.703903  0.39916  0.218225  0.479633  0.741724  0.493745  0.121498  0.379753  0.909568  0.258997  0.676432  0.418116  0.550654  0.75498  
1.99316  2.80066  2.69001  6.79711  2.56045  1.5073  13.4682  3.70082  15.1959  11.677  14.3397  1.03719  14.0302  2.55299  17.9951  31.6909  8.24538  35.9161  31.2742  19.9064  23.1063  24.2368  3.26887  24.5577  0.996578  0.700165  0.448336  0.849639  0.256045  0.125608  0.962014  0.231301  0.844217  0.583849  0.651804  0.0432161  0.539624  0.0911781  0.599836  0.990339  0.242511  0.99767  0.823005  0.49766  0.550151  0.550837  0.0710624  0.511619  
1.28805  3.49951  2.35484  2.71582  6.74587  6.33439  10.2657  7.06364  12.1828  6.61589  10.6162  12.7271  7.97532  26.9749  20.3518  27.6863  18.2253  17.2082  8.29848  31.0702  0.896409  3.84985  24.0643  0.0977155  0.644026  0.874877  0.392474  0.339477  0.674587  0.527866  0.733267  0.441477  0.67682  0.330794  0.482556  0.530297  0.306743  0.963389  0.678392  0.865198  0.536038  0.478005  0.218381  0.776755  0.0213431  0.0874965  0.523136  0.00203574  
0.201996  0.137476  5.2418  2.93199  7.86952  8.98647  12.1535  0.875139  14.3823  3.07517  12.9985  17.8158  12.9898  6.85437  13.3848  8.27568  15.0726  26.0112  10.1052  16.7748  25.2226  29.2526  16.8166  6.57992  0.100998  0.0343689  0.873633  0.366499  0.786952  0.748873  0.868106  0.0546962  0.799014  0.153758  0.59084  0.742325  0.499606  0.244799  0.44616  0.258615  0.443312  0.722533  0.265927  0.41937  0.600538  0.664831  0.365579  0.137082  
1.97429  3.18647  5.62775  7.65186  8.15163  7.64751  0.00878488  14.3375  7.98648  8.19768  12.0646  6.53409  20.6816  6.48852  16.9481  26.952  15.8962  15.1567  27.9118  23.0251  15.7215  11.2001  30.9421  5.77488  0.987144  0.796617  0.937959  0.956482  0.815163  0.637292  0.000627491  0.896096  0.443693  0.409884  0.548393  0.272254  0.795445  0.231733  0.564935  0.842251  0.467537  0.421018  0.734521  0.575628  0.37432  0.254548  0.672655  0.12031  
0.623997  3.63282  5.36331  2.58742  0.0809667  2.24922  2.24299  14.8476  15.9527  2.06996  5.07992  10.9075  0.753807  6.36816  8.34461  2.75858  11.8048  15.0548  32.0772  10.9891  30.118  5.29218  15.3231  29.7007  0.311998  0.908205  0.893885  0.323427  0.00809667  0.187435  0.160213  0.927977  0.886261  0.103498  0.230906  0.454478  0.0289926  0.227434  0.278154  0.0862056  0.347201  0.418188  0.844137  0.274727  0.717095  0.120277  0.33311  0.618764  
0.781447  1.01155  4.29711  3.77345  3.36227  4.2909  4.59931  12.4663  16.3708  11.2978  12.3759  5.57863  6.24568  22.0309  26.107  25.5358  1.92635  15.845  33.0613  7.12646  28.5087  25.3316  37.8395  18.6689  0.390723  0.252887  0.716184  0.471681  0.336227  0.357575  0.328522  0.779141  0.909488  0.564892  0.562539  0.232443  0.240218  0.78682  0.870235  0.797993  0.0566574  0.440139  0.870035  0.178161  0.678779  0.575718  0.822597  0.388936  
1.3712  0.141054  0.955159  3.95265  7.68777  1.49133  13.7196  1.4386  9.69026  18.3484  5.93797  3.56441  21.6144  15.1296  5.75019  3.20061  2.47516  2.40097  9.41484  20.6514  2.20217  31.6673  20.4102  11.1956  0.685602  0.0352635  0.159193  0.494081  0.768777  0.124278  0.979971  0.0899125  0.538348  0.917422  0.269908  0.148517  0.831323  0.540343  0.191673  0.100019  0.072799  0.0666935  0.247759  0.516286  0.0524326  0.719711  0.4437  0.233242  
0.826763  3.68023  0.964964  1.56129  5.69608  7.34399  5.58938  12.1588  15.4321  9.91882  11.7996  6.51504  20.0531  21.7098  9.59084  11.6282  21.1054  28.0841  30.4351  2.45857  32.4233  13.2624  23.4128  2.23904  0.413382  0.920058  0.160827  0.195162  0.569608  0.611999  0.399241  0.759927  0.857339  0.495941  0.536343  0.27146  0.771274  0.775351  0.319695  0.36338  0.620748  0.780115  0.800924  0.0614642  0.771984  0.301418  0.508975  0.0466468  
0.945381  2.15425  3.75729  6.03899  3.23606  1.4135  11.5185  1.83741  0.431787  1.48309  11.6699  22.7515  13.9959  18.331  10.3176  7.7948  5.83376  34.8231  7.58124  35.9894  26.7174  5.8932  19.5828  6.30085  0.472691  0.538563  0.626214  0.754874  0.323606  0.117792  0.82275  0.114838  0.0239882  0.0741547  0.530448  0.947978  0.538304  0.654678  0.343919  0.243587  0.171581  0.967308  0.199506  0.899734  0.63613  0.133936  0.425714  0.131268  
0.757447  0.715952  2.28368  4.92287  0.696284  1.55163  0.36839  14.0492  13.8574  6.95924  13.6841  17.2692  25.1397  24.8684  22.7015  22.4248  26.9983  2.10462  34.7374  33.8915  8.11708  40.5655  30.058  22.3825  0.378724  0.178988  0.380614  0.615359  0.0696284  0.129303  0.0263136  0.878073  0.769857  0.347962  0.622005  0.719548  0.966912  0.888157  0.756718  0.700773  0.794066  0.0584618  0.914142  0.847289  0.193264  0.921943  0.653434  0.466302  
1.34552  3.77552  4.77928  3.09829  3.68252  8.45397  1.71806  5.87475  6.25818  3.22272  1.36508  8.15253  20.2622  20.5068  11.5732  31.4245  3.64305  32.7174  12.0428  26.3709  18.7008  37.6156  15.0745  16.305  0.672761  0.943881  0.796547  0.387286  0.368252  0.704497  0.122719  0.367172  0.347677  0.161136  0.0620491  0.339689  0.779315  0.732387  0.385774  0.982016  0.107148  0.908817  0.316915  0.659273  0.445257  0.854899  0.327706  0.339687  
0.323565  2.1522  4.21919  7.26272  4.31242  4.18373  8.86842  5.41778  13.2684  10.794  13.9893  12.8262  17.9363  4.30903  21.1324  29.4248  12.5496  24.4825  21.6095  27.1385  41.6257  35.1285  9.36768  36.883  0.161783  0.538051  0.703199  0.907839  0.431242  0.348644  0.633459  0.338611  0.737132  0.539701  0.635876  0.534426  0.689857  0.153894  0.704414  0.919527  0.369107  0.68007  0.568672  0.678463  0.991087  0.798376  0.203645  0.768395  
1.38227  3.60915  4.15978  7.12224  5.89308  6.54355  9.42151  9.64942  12.737  9.11029  13.1438  19.3602  8.86561  8.27429  24.9926  0.905511  4.70672  11.56  9.89924  31.1029  39.3201  29.3589  25.1716  24.5445  0.691134  0.902288  0.693297  0.890279  0.589308  0.545295  0.672965  0.603089  0.707609  0.455515  0.597446  0.806677  0.340985  0.29551  0.833088  0.0282972  0.138433  0.321112  0.260506  0.777573  0.936192  0.667247  0.547208  0.511344  
0.476281  3.78287  2.72544  7.44434  2.19424  10.5723  0.405982  8.32944  16.579  1.39499  11.9713  1.59665  4.56559  17.9014  20.8742  25.6294  30.9808  17.032  33.0357  4.53578  23.1551  22.0693  7.64207  5.46803  0.238141  0.945718  0.45424  0.930542  0.219424  0.881027  0.0289987  0.52059  0.921054  0.0697496  0.54415  0.0665272  0.1756  0.639335  0.695805  0.80092  0.9112  0.473111  0.869362  0.113395  0.551311  0.501576  0.166132  0.113917  
1.8847  1.00159  3.95845  4.36674  0.19677  1.93213  4.10915  8.97984  4.35797  9.38381  4.00833  17.1991  25.3154  1.30682  26.7699  23.8792  24.5957  13.2725  35.4603  1.11801  26.5697  10.5285  38.2103  8.52148  0.94235  0.250398  0.659742  0.545843  0.019677  0.161011  0.29351  0.56124  0.242109  0.46919  0.182197  0.716631  0.973668  0.0466721  0.89233  0.746225  0.723404  0.368682  0.933167  0.0279503  0.632612  0.239284  0.83066  0.177531  
1.32077  3.99391  2.49368  5.81674  3.51097  1.53165  5.89549  11.0591  7.21469  18.9619  1.47745  4.85926  4.46131  24.4481  26.2339  11.9688  30.2047  22.6047  21.4354  4.40369  9.06554  9.48749  18.7211  8.95616  0.660384  0.998477  0.415613  0.727093  0.351097  0.127637  0.421107  0.691192  0.400816  0.948096  0.0671568  0.202469  0.171589  0.873146  0.874465  0.374026  0.888372  0.627909  0.564088  0.110092  0.215846  0.215625  0.40698  0.186587  
0.0565962  2.95282  3.3518  7.5866  6.07515  5.66445  7.70801  11.4921  14.1915  16.2076  1.46998  2.78083  9.35715  14.1815  22.0311  24.3252  7.56504  16.4022  23.9125  2.80019  39.9129  28.5926  44.4125  19.1932  0.0282981  0.738206  0.558633  0.948325  0.607515  0.472038  0.550572  0.718254  0.788415  0.810382  0.066817  0.115868  0.35989  0.506481  0.734368  0.760164  0.222501  0.455617  0.629275  0.0700048  0.950307  0.649832  0.96549  0.399858  
0.644164  1.42903  2.90711  5.36196  1.36966  11.8667  12.9639  10.9219  14.5366  18.3423  5.31539  22.5979  11.8931  15.7516  14.0595  9.63922  32.7122  27.4001  25.6049  17.9722  25.2048  36.9492  39.0089  27.4209  0.322082  0.357257  0.484518  0.670245  0.136966  0.988894  0.925993  0.682621  0.807587  0.917115  0.241609  0.941578  0.457425  0.562556  0.468651  0.301226  0.962122  0.761115  0.673814  0.449304  0.600115  0.839754  0.84802  0.571268  
0.0821906  2.29017  4.2384  3.74103  5.37353  8.38547  5.38493  4.13973  14.2178  6.55135  16.7237  15.0479  9.18465  9.08397  24.7171  23.251  6.48928  20.2901  31.0963  4.82408  32.9882  25.0723  11.0493  22.3703  0.0410953  0.572542  0.706399  0.467629  0.537353  0.698789  0.384638  0.258733  0.789877  0.327567  0.760168  0.626997  0.353256  0.324427  0.823905  0.726593  0.190861  0.563614  0.818324  0.120602  0.785434  0.569825  0.240202  0.466049  
1.784  0.42784  1.90135  2.05748  1.80249  1.79953  2.84079  3.57187  1.33676  8.74606  7.69804  3.44023  1.72485  19.5639  14.8161  5.68334  3.11008  0.885785  6.03464  31.2485  3.44989  19.9025  2.00697  22.9337  0.891999  0.10696  0.316892  0.257185  0.180249  0.149961  0.202914  0.223242  0.0742645  0.437303  0.349911  0.143343  0.0663402  0.698711  0.493872  0.177604  0.0914731  0.0246051  0.158806  0.781214  0.0821403  0.452329  0.0436297  0.477786  
0.893228  0.784057  0.876782  5.26458  0.43724  7.56075  3.84532  10.3927  17.2969  5.60597  19.054  8.95057  16.2198  15.0071  14.1053  7.57904  16.5204  31.6757  8.8055  12.0819  36.1631  7.51292  37.1529  21.6103  0.446614  0.196014  0.14613  0.658073  0.043724  0.630062  0.274666  0.649541  0.96094  0.280298  0.866091  0.372941  0.62384  0.535969  0.470176  0.236845  0.485893  0.87988  0.231724  0.302047  0.861025  0.170748  0.807672  0.450214  
0.0697641  3.00495  4.12686  7.14615  0.80919  5.02079  2.86476  13.3028  16.2332  4.72048  8.03724  18.8195  21.7215  22.0565  29.3161  25.0407  18.0828  34.4373  21.3895  6.23773  11.7149  41.9362  45.6712  39.1038  0.034882  0.751238  0.68781  0.893269  0.080919  0.4184  0.204626  0.831424  0.901844  0.236024  0.365329  0.784146  0.835443  0.787731  0.977202  0.782523  0.531848  0.956592  0.562882  0.155943  0.278927  0.953096  0.992853  0.814662  
1.35744  0.874621  1.19694  6.68132  8.8707  10.8811  12.6586  10.2373  7.75176  12.7511  17.446  9.81186  12.9162  5.90733  11.354  27.331  9.80442  18.9023  34.639  12.6236  34.139  16.4249  34.0343  47.5957  0.678718  0.218655  0.19949  0.835164  0.88707  0.906755  0.904189  0.639829  0.430653  0.637557  0.793002  0.408827  0.496776  0.210976  0.378466  0.854093  0.288365  0.525064  0.911553  0.315591  0.812834  0.373294  0.739876  0.991577  
0.516212  0.991101  2.39883  6.43054  0.436574  2.15194  5.37832  4.99052  4.03502  2.14406  13.3817  16.0404  19.2264  8.97617  16.1593  5.84502  26.1125  28.1493  21.4432  2.36796  22.3582  11.8802  25.2829  2.45771  0.258106  0.247775  0.399804  0.803818  0.0436574  0.179328  0.384166  0.311908  0.224168  0.107203  0.60826  0.66835  0.739477  0.320578  0.538643  0.182657  0.768016  0.781925  0.564295  0.0591991  0.532337  0.270004  0.549629  0.0512023  
1.7307  0.943746  4.504  1.6375  5.03542  5.0354  4.8388  8.78442  6.42861  18.1204  7.35983  0.924401  6.27849  1.66753  21.4488  17.8795  26.3096  5.13504  27.4915  5.45745  39.4168  13.6188  35.9575  9.92444  0.865351  0.235937  0.750667  0.204687  0.503542  0.419617  0.345628  0.549026  0.357145  0.906021  0.334538  0.0385167  0.24148  0.0595547  0.71496  0.558735  0.773811  0.14264  0.723461  0.136436  0.938496  0.309518  0.781685  0.206759  
1.4745  2.53248  0.300343  1.87857  6.05703  0.674891  1.54851  1.95497  15.5696  15.4743  19.2676  16.0992  19.9017  16.5479  4.89566  20.05  4.34078  20.3743  31.8527  1.36043  20.2684  32.4078  13.0529  20.2341  0.737249  0.633119  0.0500571  0.234822  0.605703  0.0562409  0.110608  0.122185  0.864979  0.773716  0.875798  0.6708  0.765452  0.590997  0.163189  0.626561  0.12767  0.565953  0.838229  0.0340106  0.482581  0.736541  0.283758  0.421545  
1.9946  3.4207  0.625417  5.81125  7.51779  7.75225  13.7608  6.10341  6.79896  2.54978  20.8656  15.2282  16.0069  6.90777  29.2546  30.3026  23.3917  7.06783  32.2686  31.6495  29.6959  36.6248  30.1771  7.19035  0.997302  0.855176  0.104236  0.726406  0.751779  0.646021  0.982914  0.381463  0.37772  0.127489  0.948436  0.634509  0.615649  0.246706  0.975152  0.946957  0.687991  0.196329  0.849175  0.791238  0.707045  0.832381  0.656025  0.149799  
0.17959  3.54152  2.63653  2.78637  5.27946  3.663  10.429  15.3832  10.1316  15.6556  20.6344  7.51794  5.92891  26.0366  5.08285  8.27219  24.5353  8.09598  10.8398  36.4621  8.81195  19.2535  34.1573  30.3702  0.0897951  0.88538  0.439421  0.348296  0.527946  0.30525  0.74493  0.961451  0.562868  0.782781  0.937926  0.313247  0.228035  0.92988  0.169428  0.258506  0.721626  0.224888  0.285258  0.911552  0.209808  0.437579  0.74255  0.632713  
0.867689  0.579581  5.65304  3.53186  7.88029  11.9592  4.77378  14.2435  13.48  19.7609  6.11949  9.69328  23.2878  3.43848  28.8877  6.34527  20.6837  10.2164  3.44297  14.3166  23.71  30.1788  8.3918  1.76064  0.433844  0.144895  0.942174  0.441483  0.788029  0.996602  0.340985  0.890218  0.748891  0.988046  0.278159  0.403887  0.895686  0.122803  0.962923  0.19829  0.608343  0.283788  0.0906045  0.357914  0.564523  0.685881  0.182431  0.0366799  
1.51277  2.91367  0.412462  7.69016  2.24302  5.96355  6.86023  14.7316  14.0803  3.35025  6.7835  14.5707  17.2783  5.94388  1.60572  9.58047  21.5464  25.3414  10.8515  7.26046  24.2811  31.822  19.4452  29.8403  0.756386  0.728416  0.0687436  0.96127  0.224302  0.496962  0.490016  0.920725  0.782238  0.167513  0.308341  0.607113  0.66455  0.212281  0.053524  0.29939  0.633718  0.703928  0.285565  0.181511  0.578121  0.723228  0.422721  0.621674  
0.58868  0.682419  2.93413  6.38224  7.27561  10.0534  13.4716  6.3124  17.5741  16.9311  14.5767  2.65298  2.98696  5.08188  21.6222  2.90185  28.8069  21.1258  0.294269  1.64529  26.2378  27.0497  44.6741  19.5221  0.29434  0.170605  0.489022  0.79778  0.727561  0.837787  0.962255  0.394525  0.976339  0.846556  0.662577  0.110541  0.114883  0.181496  0.720739  0.0906829  0.84726  0.586828  0.00774391  0.0411324  0.62471  0.614765  0.971175  0.406711  
0.874621  1.19712  1.05772  1.0921  3.711  6.89917  5.74358  6.34851  11.4691  15.5563  8.94588  20.3765  7.24313  26.5414  1.13623  14.6414  24.4322  9.34706  18.6872  36.3227  14.4095  30.1504  35.586  3.08677  0.43731  0.299279  0.176287  0.136513  0.3711  0.574931  0.410256  0.396782  0.637174  0.777816  0.406631  0.849022  0.278582  0.947907  0.0378745  0.457544  0.718593  0.259641  0.491769  0.908067  0.343083  0.685235  0.773608  0.0643077  
0.061179  2.52838  0.315462  4.76938  1.32539  3.32937  13.8905  6.11535  11.167  11.7956  2.72559  3.8982  3.56182  4.61215  8.5288  12.7519  15.8174  19.5839  25.821  27.5321  34.02  22.328  16.1411  10.653  0.0305895  0.632094  0.052577  0.596173  0.132539  0.277448  0.992177  0.382209  0.620387  0.589781  0.12389  0.162425  0.136993  0.16472  0.284293  0.398497  0.465219  0.543998  0.679501  0.688302  0.81  0.507455  0.350894  0.221937  
1.37114  2.29754  4.12419  5.46651  7.89759  4.41178  8.81245  4.92021  14.0282  4.22215  21.5562  6.94998  23.9346  16.6021  24.342  30.1079  8.03386  14.692  27.6551  20.0349  6.52467  25.9453  44.6053  1.46442  0.68557  0.574385  0.687366  0.683313  0.789759  0.367648  0.629461  0.307513  0.779345  0.211108  0.979826  0.289582  0.920561  0.592932  0.8114  0.940871  0.23629  0.408112  0.727766  0.500873  0.155349  0.589667  0.969681  0.0305088  
0.641991  2.07124  4.95881  7.97219  6.25634  11.4801  0.239371  7.48005  0.570548  0.977651  20.0456  6.98912  18.7776  17.2795  1.80978  26.1863  12.5739  15.782  16.818  29.0698  3.47413  32.2977  6.61275  45.2226  0.320995  0.51781  0.826468  0.996524  0.625634  0.956676  0.0170979  0.467503  0.0316971  0.0488826  0.911163  0.291213  0.722214  0.617124  0.0603259  0.818321  0.36982  0.43839  0.442579  0.726744  0.0827173  0.734038  0.143755  0.942138  
0.58292  2.0865  1.9993  7.90932  7.1776  7.25373  2.40643  11.2426  8.7629  16.7773  0.571956  22.4767  10.3634  5.88985  25.7756  14.0535  19.6248  16.0899  35.4349  2.16212  19.7039  18.3492  15.6248  37.9536  0.29146  0.521625  0.333217  0.988665  0.71776  0.604477  0.171888  0.702664  0.486828  0.838865  0.025998  0.936529  0.398593  0.210352  0.859186  0.439173  0.577201  0.446942  0.932497  0.0540529  0.469142  0.417027  0.339669  0.7907  
1.10957  3.50288  2.25352  4.36382  5.19711  2.61806  0.865819  9.86243  0.438174  9.38193  17.3292  7.44367  24.0668  13.2711  17.1476  8.15763  13.1757  2.94493  35.541  38.7612  31.2394  5.89011  37.3227  18.8554  0.554783  0.87572  0.375587  0.545478  0.519711  0.218171  0.0618442  0.616402  0.024343  0.469096  0.787693  0.310153  0.925647  0.473967  0.571586  0.254926  0.38752  0.0818036  0.935289  0.969031  0.743796  0.133866  0.811364  0.392821  
0.878946  0.184068  1.82411  3.283  4.72685  10.0253  11.4443  11.3993  12.2593  18.2436  21.5878  12.6436  1.57913  17.6455  14.8654  8.69956  5.78021  18.2683  29.5098  37.1508  3.99317  25.205  28.5344  32.9406  0.439473  0.046017  0.304018  0.410375  0.472685  0.835438  0.817449  0.712454  0.681075  0.912182  0.981262  0.526815  0.0607357  0.630197  0.495515  0.271861  0.170006  0.507452  0.776572  0.928769  0.0950754  0.572841  0.620313  0.686262  
1.08248  1.11748  2.2255  2.52679  7.91559  0.858498  9.30759  4.74063  15.3589  8.82392  19.679  17.7541  23.6906  12.1263  13.5496  15.061  0.995314  1.25124  18.9686  24.3698  29.0617  20.3994  34.5562  16.3749  0.541238  0.279369  0.370916  0.315848  0.791559  0.0715415  0.664828  0.296289  0.853274  0.441196  0.894501  0.739752  0.911177  0.433083  0.451654  0.470655  0.029274  0.0347566  0.499173  0.609246  0.691946  0.463623  0.751222  0.341144  
1.44663  2.73211  3.83813  5.21825  6.68681  0.778496  9.49675  2.00476  10.0469  5.59586  20.8335  19.4777  12.1705  15.478  17.6301  6.69066  3.98302  0.867066  36.7831  20.9343  21.0135  32.8473  8.90417  6.88162  0.723316  0.683026  0.639689  0.652282  0.668681  0.0648747  0.678339  0.125298  0.558159  0.279793  0.946976  0.811571  0.468096  0.552785  0.58767  0.209083  0.117148  0.0240852  0.967975  0.523357  0.500322  0.74653  0.193569  0.143367  
1.30336  2.20275  2.49944  4.69943  5.64998  7.28838  5.52609  4.84778  13.5516  2.57995  8.65361  8.77073  7.05672  17.3433  11.6129  6.35021  7.36981  4.88178  27.3717  11.2479  21.5233  6.4915  14.7433  1.38192  0.651681  0.550688  0.416573  0.587428  0.564998  0.607365  0.394721  0.302986  0.752867  0.128997  0.393346  0.365447  0.271412  0.619403  0.387098  0.198444  0.216759  0.135605  0.720309  0.281199  0.512459  0.147534  0.320507  0.0287899  
1.49742  1.54835  0.139087  7.3678  7.7793  5.00538  4.73584  12.9758  3.99489  10.9087  9.18901  9.92819  12.385  3.9818  29.6819  18.4981  17.8811  5.9136  24.4497  35.3912  17.0528  6.56651  11.0051  8.27506  0.74871  0.387088  0.0231812  0.920975  0.77793  0.417115  0.338274  0.810989  0.221938  0.545436  0.417682  0.413674  0.476346  0.142207  0.989396  0.578067  0.525916  0.164267  0.643413  0.88478  0.406019  0.149239  0.239242  0.172397  
0.594576  0  1.90063  0  0  0.405733  0.932932  0  0  10.0706  22  4.98899  14.8636  11.6064  11.2493  0  21.8835  7.06419  38  40  42  27.2458  46  48  0.297288  0  0.316771  0  0  0.0338111  0.066638  0  0  0.503528  1  0.207875  0.571676  0.414515  0.374976  0  0.643633  0.196228  1  1  1  0.619223  1  1  
0.621178  0  0  0  0.427974  0  1.07722  5.07553  6.19653  3.0954  4.60865  13.5982  12.3548  16.5259  1.11879  17.0932  34  23.022  38  22.0398  42  32.2546  46  48  0.310589  0  0  0  0.0427974  0  0.0769441  0.317221  0.344252  0.15477  0.209484  0.566591  0.475183  0.590209  0.037293  0.534161  1  0.639501  1  0.550996  1  0.733058  1  1  
0  0  1.15944  0  0  0  0  1.624  0.385092  2.39697  22  0  11.8609  28  2.41465  9.20964  16.8329  22.464  38  9.41957  29.2237  34.9577  46  48  0  0  0.19324  0  0  0  0  0.1015  0.021394  0.119848  1  0  0.456187  1  0.0804885  0.287801  0.495084  0.624  1  0.235489  0.695801  0.794494  1  1  
0  1.28741  1.96327  0  0.0663482  0  0.298317  0.815176  1.36793  8.64447  22  12.5513  12.0416  8.39655  16.5217  20.3348  18.382  17.6698  38  23.7842  29.7389  26.4628  37.6994  47.9968  0  0.321852  0.327212  0  0.00663482  0  0.0213084  0.0509485  0.0759964  0.432223  1  0.52297  0.46314  0.299877  0.550722  0.635462  0.540648  0.490828  1  0.594605  0.708068  0.601428  0.819552  0.999932  
0.627623  1.28011  0.0122268  2.6844  0  0  0.572407  4.23878  7.83251  1.8393  6.22505  0  5.5462  28  19.7642  0  34  36  19.1506  28.5304  22.3475  44  46  47.9837  0.313811  0.320027  0.0020378  0.33555  0  0  0.0408862  0.264923  0.435139  0.0919651  0.282957  0  0.213315  1  0.658807  0  1  1  0.503963  0.71326  0.532082  1  1  0.99966  
0.601639  0.000382032  1.87119  0  0  0.245272  0  0  0.54778  8.35126  22  3.61229  11.5541  0.176556  10.1901  7.55192  24.2106  27.8164  38  40  42  12.4412  46  47.9992  0.30082  9.55079e-05  0.311865  0  0  0.0204393  0  0  0.0304322  0.417563  1  0.150512  0.444389  0.00630558  0.339672  0.235997  0.712077  0.772678  1  1  1  0.282755  1  0.999983  
0.627623  1.28011  0.0122268  2.64548  0  0  0.879711  4.83445  9.27048  2.13202  6.15204  0  6.29698  28  19.8211  0  34  36  19.1506  23.9985  21.5372  44  46  47.9768  0.313811  0.320027  0.0020378  0.330685  0  0  0.0628365  0.302153  0.515027  0.106601  0.279638  0  0.242192  1  0.660703  0  1  1  0.503963  0.599962  0.51279  1  1  0.999517  
0.601639  0.000382032  1.79917  0  0  0.139861  0.681663  0  0  8.23775  22  2.54363  13.1769  9.35434  7.15103  0  20.5637  15.9087  38  40  42  26.2556  46  47.9992  0.30082  9.55079e-05  0.299862  0  0  0.0116551  0.0486902  0  0  0.411887  1  0.105985  0.506806  0.334084  0.238368  0  0.604816  0.441908  1  1  1  0.596717  1  0.999983  
0.00234234  1.27846  0  3.01293  0.0991857  0.114419  0.0344473  0.712023  0.357062  0.390118  12.6022  13.0376  12.1356  28  0  32  23.1019  15.2026  38  19.88  23.2554  44  46  48  0.00117117  0.319615  0  0.376616  0.00991857  0.00953493  0.00246052  0.0445014  0.0198368  0.0195059  0.572828  0.543235  0.466752  1  0  1  0.679466  0.422294  1  0.496999  0.553699  1  1  1  
0.728336  0  2.07784  0  0.0707861  0.3569  1.75251  6.00912  0  10.5692  22  1.03557  8.02182  16.7812  12.2777  3.7758  24.8624  17.4966  38  40  42  26.4933  46  47.9903  0.364168  0  0.346307  0  0.00707861  0.0297417  0.125179  0.37557  0  0.528461  1  0.0431487  0.308532  0.599327  0.409257  0.117994  0.731246  0.486016  1  1  1  0.60212  1  0.999799  
0.627623  1.28011  0.0122268  2.56762  0  0  1.03515  3.6431  10.1146  1.56202  6.29806  1.34066  4.79541  28  19.922  0  34  36  19.1506  27.4051  19.9167  44  46  47.9775  0.313811  0.320027  0.0020378  0.320953  0  0  0.0739393  0.227694  0.561921  0.078101  0.286276  0.055861  0.184439  1  0.664067  0  1  1  0.503963  0.685127  0.474206  1  1  0.99953  
0.596618  0  1.90063  0  0  0.176895  0.335006  1.95466  0.0213948  10.1014  22  4.84383  14.6697  17.4201  8.57462  0  20.5637  17.4792  38  40  42  25.9397  46  48  0.298309  0  0.316771  0  0  0.0147412  0.023929  0.122166  0.0011886  0.505071  1  0.201826  0.564219  0.622145  0.285821  0  0.604816  0.485534  1  1  1  0.589538  1  1  
0.617716  0  1.83573  0  0.38799  0.53031  0.589169  5.30287  6.19436  8.54068  1.25378  13.4444  7.08557  18.6188  1.46664  18.2392  34  36  38  27.0121  42  2.49848  46  48  0.308858  0  0.305955  0  0.038799  0.0441925  0.0420835  0.331429  0.344131  0.427034  0.05699  0.560182  0.272522  0.664956  0.048888  0.569974  1  1  1  0.675302  1  0.0567837  1  1  
0.728336  0  2.07784  0  0.0707861  0.128062  1.41966  5.03062  0  10.1996  22  0  7.6462  16.6811  9.88273  3.7758  23.5426  17.137  38  40  42  29.0443  46  47.9937  0.364168  0  0.346307  0  0.00707861  0.0106718  0.101405  0.314414  0  0.50998  1  0  0.294085  0.595754  0.329424  0.117994  0.692429  0.476028  1  1  1  0.660098  1  0.999868  
0  1.27846  0  2.3585  0  0.105215  0  0  0.286013  2.04257  12.1286  12.6669  10.5633  28  0.266861  32  23.1019  21.1097  38  10.1308  23.2554  44  46  48  0  0.319615  0  0.294813  0  0.00876791  0  0  0.0158896  0.102128  0.551299  0.527788  0.406279  1  0.00889538  1  0.679466  0.586382  1  0.253269  0.553699  1  1  1  
0  1.21178  0  3.01293  0.347078  0  0  0.0139974  3.41366  0  6.48522  13.9693  10.8916  28  0  32  22.2616  14.2276  38  29.5417  27.9774  44  46  48  0  0.302945  0  0.376616  0.0347078  0  0  0.000874837  0.189648  0  0.294783  0.582055  0.418908  1  0  1  0.654753  0.395212  1  0.738544  0.666129  1  1  1  
0.629596  0  2.20499  0  0  0.178862  0  3.51473  3.0373  5.58382  0  13.787  7.48919  11.0284  12.829  16.8219  34  36  38  15.3611  42  0  46  48  0.314798  0  0.367498  0  0  0.0149051  0  0.219671  0.168739  0.279191  0  0.57446  0.288046  0.393871  0.427634  0.525685  1  1  1  0.384028  1  0  1  1  
0  1.65146  0  2.70789  0  0.0771092  0.973992  2.64473  5.07162  0  0  14.3213  11.9603  28  1.32906  32  17.3256  24.3714  38  7.22421  28.0075  44  46  47.9879  0  0.412864  0  0.338487  0  0.00642577  0.0695709  0.165295  0.281757  0  0  0.596719  0.46001  1  0.044302  1  0.509575  0.676983  1  0.180605  0.666845  1  1  0.999748  
0.627623  1.28103  0.142192  2.27452  0.0142636  0  1.6513  7.14741  8.82787  1.50924  11.8916  1.06167  0  28  17.4466  0  34  36  19.1506  23.1294  16.2562  44  46  47.9683  0.313811  0.320257  0.0236986  0.284316  0.00142636  0  0.11795  0.446713  0.490437  0.0754618  0.540526  0.0442363  0  1  0.581553  0  1  1  0.503963  0.578236  0.387052  1  1  0.999339  
0  1.36804  0  3.02495  0  0  0.116184  3.14646  5.39564  0  5.20352  12.1459  7.8787  28  3.19753  32  0  23.5579  38  0  34.6128  44  46  48  0  0.34201  0  0.378119  0  0  0.00829883  0.196654  0.299758  0  0.236524  0.506078  0.303027  1  0.106584  1  0  0.654385  1  0  0.824113  1  1  1  
0.617716  0  1.77075  0.974005  0.380858  0.53031  0.203375  4.14639  6.19436  8.85207  1.25378  12.9135  10.2341  18.6188  1.59296  18.2392  34  36  38  27.0121  42  2.49848  46  48  0.308858  0  0.295124  0.121751  0.0380858  0.0441925  0.0145268  0.259149  0.344131  0.442604  0.05699  0.538064  0.393618  0.664956  0.0530987  0.569974  1  1  1  0.675302  1  0.0567837  1  1  
0.803001  0  2.22206  0.00520694  0  0.118152  1.03746  3.59373  3.22892  8.94364  7.7441  13.3556  10.8344  13.321  8.87218  13.7518  34  36  22.8098  31.038  42  21.6046  46  48  0.4015  0  0.370343  0.000650867  0  0.00984598  0.0741046  0.224608  0.179384  0.447182  0.352005  0.556485  0.416708  0.475749  0.295739  0.429744  1  1  0.600258  0.775951  1  0.491014  1  1  
0.659693  0  1.69822  1.29629  0.136109  0.811466  1.98904  1.22028  3.09184  11.3985  8.21938  14.2158  14.6809  11.8326  0  22.6635  34  25.2308  24.6018  40  20.2723  28.6431  46  48  0.329846  0  0.283037  0.162036  0.0136109  0.0676221  0.142074  0.0762678  0.171769  0.569926  0.373608  0.592324  0.56465  0.422592  0  0.708235  1  0.700854  0.647416  1  0.482674  0.650979  1  1  
0.794962  0  2.01322  1.8755  0  0.118152  1.45369  3.87142  3.5403  8.59903  7.97573  12.9572  12.5569  13.321  11.5303  8.19221  34  36  22.8098  24.8726  42  22.8469  46  47.9912  0.397481  0  0.335536  0.234438  0  0.00984598  0.103835  0.241963  0.196684  0.429951  0.362533  0.539882  0.482957  0.475749  0.384343  0.256006  1  1  0.600258  0.621814  1  0.519248  1  0.999817  
0.601921  0  0.284384  4.46832  0.371299  0  1.42254  7.02236  6.21583  3.35194  5.33754  12.1838  8.85762  15.6832  0  20.5531  34  24.0281  38  15.9641  42  27.5981  46  48  0.30096  0  0.0473973  0.55854  0.0371299  0  0.10161  0.438898  0.345324  0.167597  0.242615  0.50766  0.340678  0.560116  0  0.642284  1  0.667448  1  0.399103  1  0.627229  1  1  
0  1.67598  1.93155  0  0  0.457677  0.743413  3.58098  2.64292  2.85122  3.89718  10.4781  11.8613  28  7.25506  32  19.4724  23.1831  38  4.74185  23.8539  29.0068  46  47.9937  0  0.418995  0.321925  0  0  0.0381397  0.0531009  0.223812  0.146829  0.142561  0.177144  0.436586  0.456204  1  0.241835  1  0.572719  0.643976  1  0.118546  0.56795  0.659246  1  0.999868  
0.620312  0  0  2.04959  0.211863  0.0370337  0.0702421  2.80421  6.13678  2.72612  1.00772  15.9123  14.5933  17.2064  1.11879  22.6052  34  22.8206  38  10.167  42  32.5922  46  48  0.310156  0  0  0.256199  0.0211863  0.00308614  0.00501729  0.175263  0.340932  0.136306  0.0458053  0.663014  0.561279  0.614513  0.037293  0.706411  1  0.633907  1  0.254176  1  0.740733  1  1  
0.750143  0  1.68501  0  0.0233545  0  0  2.30569  5.21735  8.5684  7.97573  10.0087  13.0691  15.7633  10.9709  0.912145  34  36  22.8098  19.1999  42  24.0697  46  47.9921  0.375071  0  0.280835  0  0.00233545  0  0  0.144106  0.289853  0.42842  0.362533  0.417028  0.502657  0.562976  0.365697  0.0285045  1  1  0.600258  0.479998  1  0.547039  1  0.999835  
0.658638  0.14126  1.84564  1.05177  0.262772  0.187262  0.976116  6.00912  0  9.79363  22  3.40775  2.09962  16.3366  3.91133  0  34  21.0703  38  40  33.1442  30.0479  46  47.9958  0.329319  0.0353149  0.307606  0.131471  0.0262772  0.0156052  0.0697225  0.37557  0  0.489681  1  0.141989  0.0807547  0.58345  0.130378  0  1  0.585285  1  1  0.789148  0.682907  1  0.999913  
0.294946  1.27846  0  3.01293  0.0828336  0.0235378  0.454964  0.45568  0.702978  0.736198  12.3447  13.2334  12.3132  28  0.53899  21.8326  24.2574  16.7161  38  27.5073  28.8995  44  46  48  0.147473  0.319615  0  0.376616  0.00828336  0.00196148  0.0324974  0.02848  0.0390543  0.0368099  0.561123  0.551393  0.473586  1  0.0179663  0.682269  0.713454  0.464337  1  0.687682  0.688082  1  1  1  
0.661646  0  0.855225  5.39644  0.197069  0.415686  2.57137  1.14477  4.11754  4.83964  10.3354  16.3736  14.2947  12.3217  0.559394  32  34  12.7303  38  31.1071  33.5424  27.662  46  48  0.330823  0  0.142538  0.674555  0.0197069  0.0346405  0.183669  0.0715483  0.228752  0.241982  0.469792  0.682234  0.549795  0.44006  0.0186465  1  1  0.353619  1  0.777678  0.798629  0.628683  1  1  
0.803001  0  2.22206  0.00520694  0  0.0245209  1.10781  0.58917  4.36301  5.13048  0.233873  13.3556  10.8344  8.52475  6.91652  23.0784  34  36  22.8098  20.0405  42  19.1287  46  48  0.4015  0  0.370343  0.000650867  0  0.00204341  0.0791294  0.0368232  0.24239  0.256524  0.0106306  0.556485  0.416708  0.304455  0.230551  0.721199  1  1  0.600258  0.501011  1  0.434742  1  0.999999  
0.54969  0.000460974  2.7356  0  0  0  0.116184  5.17952  2.97926  5.93853  9.08938  11.2015  5.47085  16.2716  4.3059  18.7192  13.2602  25.3332  38  40  42  44  27.5472  47.9955  0.274845  0.000115243  0.455933  0  0  0  0.00829883  0.32372  0.165514  0.296927  0.413154  0.466728  0.210417  0.58113  0.14353  0.584975  0.390006  0.703699  1  1  1  1  0.598852  0.999907  
0.721945  0.547189  2.07531  3.16016  0.660237  0.0385546  3.11723  5.17778  2.18021  7.18207  8.49304  5.51797  8.45307  28  0.681619  7.45342  22.1744  9.56592  38  37.1291  37.2955  44  46  48  0.360973  0.136797  0.345885  0.39502  0.0660237  0.00321288  0.222659  0.323611  0.121123  0.359103  0.386047  0.229915  0.325118  1  0.0227206  0.232919  0.652189  0.26572  1  0.928228  0.887987  1  1  1  
0.657359  1.3396  1.3991  0.997487  0.133796  0.0411924  5.75037  8.06509  10.3508  0.881276  3.6701  13.7822  7.46645  16.4428  30  19.412  16.0876  0  24.5213  26.0082  42  44  29.8515  47.9592  0.328679  0.3349  0.233184  0.124686  0.0133796  0.0034327  0.41074  0.504068  0.575042  0.0440638  0.166823  0.574258  0.287171  0.587243  1  0.606625  0.473165  0  0.645298  0.650205  1  1  0.648947  0.99915  
0  1.09438  1.54876  0  0  0  0  4.43328  4.64678  3.82784  7.22038  13.0134  0  28  1.46328  32  24.9365  17.7848  38  16.2981  32.5909  44  36.902  48  0  0.273594  0.258127  0  0  0  0  0.27708  0.258154  0.191392  0.328199  0.542226  0  1  0.048776  1  0.733426  0.494022  1  0.407451  0.775975  1  0.802218  1  
0.629257  0.00305625  0  1.70952  0  0  1.11681  0  2.2682  2.1673  6.97954  9.21487  7.98376  6.74413  0  18.6531  34  36  38  18.0049  42  25.096  46  47.9956  0.314628  0.000764063  0  0.213689  0  0  0.0797722  0  0.126011  0.108365  0.317252  0.383953  0.307068  0.240862  0  0.582911  1  1  1  0.450121  1  0.570364  1  0.999908  
0.0722058  1.79279  0  3.30589  0.423294  0  0.0580259  1.83298  0.311387  0  11.4782  11.7349  5.45081  28  0  32  24.73  13.4077  38  32.9491  27.2294  44  46  48  0.0361029  0.448197  0  0.413236  0.0423294  0  0.0041447  0.114561  0.0172993  0  0.521735  0.488955  0.209646  1  0  1  0.727353  0.372435  1  0.823729  0.648318  1  1  1  
0  1.36804  0  4.66031  0  0  0.45917  2.38269  2.98074  1.15544  9.51339  12.9648  15.1387  28  0.279697  32  11.7432  21.0868  38  0  32.6186  44  46  47.9987  0  0.34201  0  0.582539  0  0  0.0327979  0.148918  0.165597  0.0577718  0.432427  0.5402  0.582257  1  0.00932324  1  0.345388  0.585745  1  0  0.776633  1  1  0.999973  
0  1.81677  0.151788  2.38356  0.216366  0  1.63754  1.24518  3.87985  0.0154371  7.17  16.529  9.0318  28  0  32  20.0432  24.6424  38  24.7861  11.5424  44  46  47.987  0  0.454191  0.0252981  0.297945  0.0216366  0  0.116967  0.0778234  0.215547  0.000771854  0.325909  0.688707  0.347377  1  0  1  0.589507  0.684511  1  0.619652  0.274819  1  1  0.999729  
0.797757  0  3.19594  0  0.179226  0.199338  0.219651  5.02127  2.80524  9.17423  9.04355  12.1008  9.17773  13.8027  12.4725  4.60601  34  36  26.7397  27.8412  42  22.8469  46  47.9917  0.398879  0  0.532656  0  0.0179226  0.0166115  0.0156893  0.31383  0.155847  0.458711  0.411071  0.5042  0.352989  0.492953  0.41575  0.143938  1  1  0.703675  0.696031  1  0.519248  1  0.999827  
0.0726977  1.99641  0  3.30589  0.445983  0  0.65356  0  1.4126  0  13.9323  13.7197  9.48753  28  0.0871153  32  25.0182  20.6133  38  27.5778  11.7037  44  46  48  0.0363488  0.499103  0  0.413236  0.0445983  0  0.0466828  0  0.0784777  0  0.633285  0.571654  0.364905  1  0.00290384  1  0.73583  0.57259  1  0.689444  0.27866  1  1  1  
0.594576  0  1.05641  0  0.0327043  0.405733  0.700565  1.42405  0  10.8817  22  4.59743  12.2412  11.6064  7.10183  0  34  7.06419  38  40  42  27.2458  46  48  0.297288  0  0.176069  0  0.00327043  0.0338111  0.0500403  0.0890029  0  0.544083  1  0.191559  0.470815  0.414515  0.236728  0  1  0.196228  1  1  1  0.619223  1  1  
0.957445  0  0.954166  5.77196  0.570127  0.0851143  1.22161  4.27447  3.13017  8.49122  13.5539  14.0522  10.5262  19.7357  0  18.1769  34  13.4436  31.154  40  42  23.1908  46  47.9991  0.478723  0  0.159028  0.721495  0.0570127  0.00709286  0.0872576  0.267154  0.173899  0.424561  0.616085  0.585507  0.404855  0.704848  0  0.568027  1  0.373432  0.819841  1  1  0.527063  1  0.999982  
0.0300278  1.20987  1.32623  0.75585  0.0638302  0.33965  0.39929  2.07693  5.57322  1.78735  10.7895  11.3557  16.9503  28  17.3946  17.3538  34  0  10.6158  40  21.9758  44  46  47.9808  0.0150139  0.302467  0.221038  0.0944813  0.00638302  0.0283042  0.0285207  0.129808  0.309623  0.0893675  0.49043  0.473154  0.651933  1  0.579821  0.542307  1  0  0.279364  1  0.523234  1  1  0.9996  
0.420196  0.0169939  2.37155  0  0.105009  0  0.559155  0.981809  8.03042  4.02516  9.82588  6.74951  0  19.4248  8.95115  20.019  26.2294  21.6383  38  22.5053  42  44  46  47.9859  0.210098  0.00424847  0.395258  0  0.0105009  0  0.0399396  0.0613631  0.446134  0.201258  0.446631  0.281229  0  0.693742  0.298372  0.625593  0.771453  0.601065  1  0.562632  1  1  1  0.999705  
0.646632  0.220794  0.656412  6.37246  0.165154  0.410991  2.81644  2.00968  2.78269  3.63521  11.9976  14.1545  8.47011  12.3217  0  32  34  22.4086  38  21.5123  31.2353  30.1466  46  47.9983  0.323316  0.0551985  0.109402  0.796558  0.0165154  0.0342492  0.201174  0.125605  0.154594  0.181761  0.545344  0.589769  0.325773  0.44006  0  1  1  0.622462  1  0.537808  0.743699  0.685151  1  0.999965  
0  2.03604  0  3.71163  0.0686233  0.0884473  0.279296  0  0.585226  0  13.5435  13.6653  15.4851  28  0  32  16.1141  14.1917  38  30.4433  14.1343  44  46  48  0  0.509011  0  0.463954  0.00686233  0.0073706  0.0199497  0  0.0325126  0  0.615613  0.569389  0.595581  1  0  1  0.473945  0.394215  1  0.761083  0.336531  1  1  1  
0.562476  0.0648667  2.87229  0.683506  0.1863  0  3.32379  2.55686  4.83912  5.62586  9.88498  9.73416  5.06749  12.7189  14.9023  23.046  21.2626  25.4866  38  31.3509  42  44  37.9258  47.9714  0.281238  0.0162167  0.478715  0.0854383  0.01863  0  0.237414  0.159804  0.26884  0.281293  0.449317  0.40559  0.194903  0.454247  0.496743  0.720187  0.625372  0.707961  1  0.783774  1  1  0.824473  0.999403  
0.169457  0.878285  2.03375  0  0  0.723731  0  3.18578  2.77323  7.18908  2.09793  12.5554  6.7026  28  6.18208  32  23.5788  36  38  6.18625  29.3988  19.1435  46  48  0.0847287  0.219571  0.338958  0  0  0.060311  0  0.199111  0.154069  0.359454  0.0953604  0.523142  0.257792  1  0.206069  1  0.693495  1  1  0.154656  0.699972  0.435081  1  1  
0.659693  0  0.0878929  4.18227  0.41228  0.862024  1.57939  1.22028  1.94273  8.21339  9.56094  14.3052  26  14.2154  0  20.2818  34  22.95  24.6018  40  25.2354  21.7714  46  47.9966  0.329846  0  0.0146488  0.522784  0.041228  0.0718354  0.112813  0.0762678  0.107929  0.410669  0.434588  0.596052  1  0.507691  0  0.633805  1  0.637501  0.647416  1  0.600842  0.494804  1  0.999929  
0.918676  0  0.812782  2.23416  0.257723  0.242115  0  5.47801  2.99653  5.2279  5.73853  12.0609  14.9508  3.48605  1.28434  24.5746  34  36  38  20.1055  42  8.17037  46  48  0.459338  0  0.135464  0.27927  0.0257723  0.0201763  0  0.342376  0.166474  0.261395  0.260842  0.502537  0.575031  0.124502  0.0428115  0.767956  1  1  1  0.502638  1  0.18569  1  1  
0  1.51516  0  1.39741  0  0.0725745  0.197204  0.468423  3.45217  0  13.2619  15.0986  11.0736  28  0  32  18.5028  24.2691  38  19.8314  0  44  46  47.999  0  0.378791  0  0.174676  0  0.00604788  0.014086  0.0292764  0.191787  0  0.602811  0.629107  0.425906  1  0  1  0.544199  0.674142  1  0.495785  0  1  1  0.99998  
0.561782  0.969523  0.314137  3.47741  0.0155929  0.0620556  1.84978  5.46355  4.19608  3.12652  12.3751  8.69204  11.5595  13.6991  6.17253  14.6562  27.4023  22.0745  38  17.2514  42  37.0066  46  47.9912  0.280891  0.242381  0.0523561  0.434676  0.00155929  0.0051713  0.132127  0.341472  0.233115  0.156326  0.562506  0.362168  0.444597  0.489255  0.205751  0.458005  0.80595  0.61318  1  0.431286  1  0.841058  1  0.999817  
0.736587  0  1.94636  1.6729  0.282409  0.493396  1.68582  7.49947  0  9.31928  12.4216  14.433  6.55093  28  16.2242  1.98166  18.377  36  38  17.6518  28.8107  26.8463  46  47.9966  0.368293  0  0.324393  0.209112  0.0282409  0.0411163  0.120416  0.468717  0  0.465964  0.564618  0.601374  0.251959  1  0.540807  0.061927  0.540499  1  1  0.441296  0.685969  0.610144  1  0.999928  
0.00234234  2.17548  0  4.15347  0.0696352  0.145149  0.899547  2.19407  2.69034  0  11.7817  10.9044  15.9787  28  3.49506  19.8607  20.0338  27.0023  38  21.7781  16.319  36.5031  46  47.9846  0.00117117  0.54387  0  0.519184  0.00696352  0.0120958  0.0642534  0.137129  0.149463  0  0.535533  0.454352  0.614564  1  0.116502  0.620646  0.589228  0.750064  1  0.544453  0.388548  0.829616  1  0.999679  
0  1.84396  0  3.55593  0.176581  0.0600666  1.04934  0  4.30527  0.0154371  13.9235  15.0164  7.09883  28  0.214687  32  23.6901  27.3111  38  24.7861  10.8933  44  46  47.9826  0  0.46099  0  0.444491  0.0176581  0.00500555  0.0749532  0  0.239182  0.000771854  0.632886  0.625681  0.273032  1  0.00715625  1  0.696769  0.758641  1  0.619652  0.259364  1  1  0.999638  
0.30405  0.00152813  2.08676  0.314684  0  0  0.827938  5.82075  7.11714  5.10015  1.07978  8.3071  2.48815  19.5682  12.5788  20.8635  18.1619  36  38  19.089  27.2846  44  46  47.9741  0.152025  0.000382032  0.347794  0.0393355  0  0  0.0591384  0.363797  0.395397  0.255007  0.0490807  0.346129  0.0956981  0.698864  0.419295  0.651984  0.534173  1  1  0.477225  0.649633  1  1  0.99946  
0.635056  0.00152813  0.916764  0.854758  0.00276841  0.0465098  0.208123  2.80602  4.40987  2.73014  11.5351  10.1928  10.3633  9.64443  3.00596  24.8894  34  36  38  9.23316  42  14.3211  46  47.9978  0.317528  0.000382032  0.152794  0.106845  0.000276841  0.00387582  0.0148659  0.175377  0.244993  0.136507  0.524322  0.424701  0.398587  0.344444  0.100199  0.777794  1  1  1  0.230829  1  0.32548  1  0.999954  
0  2.16711  0  4.62049  0.0289093  0  0.765492  3.25539  1.20553  0  10.7796  11.8499  15.1387  28  0  32  17.1164  25.9674  38  0  28.6435  44  46  48  0  0.541777  0  0.577561  0.00289093  0  0.054678  0.203462  0.0669741  0  0.489982  0.493746  0.582257  1  0  1  0.503422  0.721316  1  0  0.681988  1  1  1  
0.819238  0.0543873  0  5.50489  0.0922988  0.158688  2.47946  2.0258  3.03104  9.99373  22  2.81723  10.7645  7.78103  0.7081  8.71272  34  17.5219  38  23.911  42  22.4717  46  47.9912  0.409619  0.0135968  0  0.688111  0.00922988  0.013224  0.177104  0.126613  0.168391  0.499687  1  0.117384  0.41402  0.277894  0.0236033  0.272273  1  0.486719  1  0.597775  1  0.510722  1  0.999817  
0.293686  0  0  3.54716  0.0826069  0  0  7.00607  0  6.79204  10.8122  6.96883  16.4719  28  3.27712  0  18.786  28.7725  27.6762  40  42  34.7085  36.7736  47.9982  0.146843  0  0  0.443395  0.00826069  0  0  0.437879  0  0.339602  0.491466  0.290368  0.633534  1  0.109237  0  0.55253  0.799235  0.728322  1  1  0.788829  0.799426  0.999963  
0.796829  0  4.47889  0  0.290568  0.398995  0  4.36319  0.106896  10.6409  10.7817  12.3515  12.6043  28  11.8778  5.41902  34  36  15.4793  40  29.0088  13.5549  46  47.9922  0.398414  0  0.746482  0  0.0290568  0.0332496  0  0.272699  0.00593867  0.532044  0.490079  0.514647  0.484782  1  0.395927  0.169344  1  1  0.407351  1  0.690686  0.308066  1  0.999838  
0  2.37999  1.07752  2.9025  0  0  0.142372  0  1.95272  0.161267  22  7.42346  9.2378  17.2195  12.0397  32  7.84616  16.7004  38  8.55724  16.7014  44  35.8864  47.9748  0  0.594998  0.179587  0.362813  0  0  0.0101695  0  0.108485  0.00806337  1  0.309311  0.3553  0.614983  0.401324  1  0.23077  0.463899  1  0.213931  0.397651  1  0.780139  0.999476  
0.442895  0  0.970557  0  0.105906  0.162373  0  0.26145  4.35408  6.74723  11  14.5921  13.1819  17.4304  0  18.9415  25.4164  28.9661  38  22.1015  42  27.623  46  48  0.221448  0  0.16176  0  0.0105906  0.0135311  0  0.0163406  0.241893  0.337361  0.5  0.608004  0.506996  0.622514  0  0.591922  0.747542  0.804613  1  0.552537  1  0.627796  1  1  
0.164417  0.584505  1.93085  0  0  0.679508  0.252119  3.75651  5.82014  7.07902  1.69873  10.6316  4.67834  28  9.57995  32  22.0686  36  38  0  22.3181  19.1435  46  47.998  0.0822086  0.146126  0.321809  0  0  0.0566257  0.0180085  0.234782  0.323341  0.353951  0.0772149  0.442984  0.179936  1  0.319332  1  0.649076  1  1  0  0.531383  0.435081  1  0.999958  
0.627623  1.28103  0.4326  1.14445  0.124184  0  1.37655  6.82591  10.5546  1.80606  12.7801  0.526807  0  28  16.8177  0.44397  34  36  19.1506  23.1013  16.2562  44  46  47.969  0.313811  0.320257  0.0720999  0.143056  0.0124184  0  0.0983251  0.426619  0.586368  0.0903028  0.580916  0.0219503  0  1  0.560589  0.0138741  1  1  0.503963  0.577531  0.387052  1  1  0.999355  
0.164417  0.996637  1.93085  0  0  0.723731  0.278068  2.84515  5.12831  7.07902  2.21374  13.2543  7.18878  28  9.0357  32  21.2793  36  38  0  22.3181  19.1435  46  47.998  0.0822086  0.249159  0.321809  0  0  0.060311  0.019862  0.177822  0.284906  0.353951  0.100625  0.552262  0.276491  1  0.30119  1  0.625861  1  1  0  0.531383  0.435081  1  0.999958  
0.789548  0  0.855225  2.03839  0.197069  0.415686  2.23332  0.394655  3.49751  4.87524  14.2164  13.646  9.93796  1.69373  0.559394  32  34  21.2241  38  30.7464  33.5424  27.662  46  48  0.394774  0  0.142538  0.254799  0.0197069  0.0346405  0.159523  0.0246659  0.194306  0.243762  0.6462  0.568582  0.382229  0.0604904  0.0186465  1  1  0.589558  1  0.768659  0.798629  0.628683  1  1  
0.406964  0.613021  2.20207  3.54955  0  0.0449708  0  0.679393  0  12.7678  22  8.2276  15.0127  9.77742  8.13792  0  34  5.25389  38  40  27.56  44  46  47.9887  0.203482  0.153255  0.367011  0.443694  0  0.00374756  0  0.0424621  0  0.63839  1  0.342817  0.577411  0.349194  0.271264  0  1  0.145941  1  1  0.656191  1  1  0.999764  
0.728336  0  1.57136  3.27073  0.0725906  0.453293  2.27905  3.97363  1.30911  11.4556  22  0.346107  14.7927  15.1747  2.40462  0  34  17.5219  38  40  42  21.94  46  47.9923  0.364168  0  0.261893  0.408841  0.00725906  0.0377744  0.16279  0.248352  0.0727282  0.57278  1  0.0144211  0.56895  0.541953  0.0801539  0  1  0.486719  1  1  1  0.498637  1  0.999839  
0.13235  0.747143  0  5.15236  0  0  0  0  6.76303  2.05163  0  13.9769  12.5061  18.568  0  32  7.77166  19.0124  38  0.210725  42  44  46  48  0.0661751  0.186786  0  0.644045  0  0  0  0  0.375724  0.102581  0  0.582369  0.481002  0.663141  0  1  0.228578  0.528122  1  0.00526812  1  1  1  1  
0.0592648  1.74237  0  6.22566  0  0  0.101786  3.14646  4.82821  0  5.95346  15.0009  14.1443  28  0  32  0  15.064  38  0  42  44  46  48  0.0296324  0.435594  0  0.778207  0  0  0.00727042  0.196654  0.268234  0  0.270612  0.625039  0.544011  1  0  1  0  0.418446  1  0  1  1  1  1  
0.278672  0.529753  0.316094  3.50341  0.0573094  0.290349  0.782537  5.25132  0  6.53209  11.6144  6.89795  13.4302  28  0.36582  6.79029  18.1629  24.153  38  30.3203  32.013  32.3719  46  47.989  0.139336  0.132438  0.0526823  0.437926  0.00573094  0.0241958  0.0558955  0.328207  0  0.326604  0.527927  0.287415  0.516546  1  0.012194  0.212196  0.534203  0.670918  1  0.758008  0.762213  0.735725  1  0.99977  
0  1.20663  0  0.445001  0  0  1.5076  1.15616  4.36266  0  11.7398  12.581  8.21844  28  0  32  10.6532  23.203  38  11.4924  10.6938  44  46  47.9981  0  0.301658  0  0.0556251  0  0  0.107685  0.07226  0.24237  0  0.533627  0.52421  0.316094  1  0  1  0.313329  0.644527  1  0.28731  0.254614  1  1  0.99996  
1.20052  0  2.39204  2.88598  0.455643  0  1.00759  6.43333  3.88853  7.69684  8.91016  11.5119  10.4677  13.7689  11.5611  6.81956  34  24.7218  23.3166  40  42  24.6637  46  47.9916  0.600262  0  0.398674  0.360748  0.0455643  0  0.0719705  0.402083  0.21603  0.384842  0.405007  0.479664  0.402603  0.491748  0.385368  0.213111  1  0.686716  0.613596  1  1  0.56054  1  0.999824  
0.866675  0  0.621684  2.05125  0.757104  0  1.17834  5.6654  5.83717  5.8952  0  12.953  9.33147  17.9487  0  16.2352  34  22.5948  38  26.9958  42  32.5922  46  48  0.433337  0  0.103614  0.256406  0.0757104  0  0.0841669  0.354087  0.324287  0.29476  0  0.53971  0.358903  0.641025  0  0.507349  1  0.627634  1  0.674894  1  0.740733  1  1  
0.278672  0.529753  0  4.62049  0.0573094  0.290349  0.782537  5.7549  0  6.41311  11.4167  6.70661  15.6446  28  0  6.79029  18.1629  24.4486  38  30.2368  32.013  28.2714  46  47.989  0.139336  0.132438  0  0.577561  0.00573094  0.0241958  0.0558955  0.359681  0  0.320656  0.518941  0.279442  0.601715  1  0  0.212196  0.534203  0.679127  1  0.755921  0.762213  0.642532  1  0.99977  
0.753234  0  0.202913  2.34887  0.0702759  0.0416126  1.61935  0.541173  5.65795  5.89465  9.94352  13.8896  9.85879  11.2483  3.11667  18.9573  34  25.6273  38  23.4045  42  29.2793  46  47.9972  0.376617  0  0.0338189  0.293609  0.00702759  0.00346772  0.115668  0.0338233  0.314331  0.294733  0.451978  0.578735  0.379184  0.401725  0.103889  0.592416  1  0.71187  1  0.585113  1  0.665439  1  0.999943  
0.250181  0  0.0627584  5.64473  0  0  2.62079  1.92106  0  2.84296  22  0  15.4077  28  0.787576  15.0179  18.3008  0.148219  38  23.322  42  44  46  48  0.125091  0  0.0104597  0.705591  0  0  0.187199  0.120066  0  0.142148  1  0  0.592604  1  0.0262525  0.469311  0.53826  0.00411719  1  0.58305  1  1  1  1  
0.001731  2.12229  0.073707  6.75352  0.203414  0  0.985609  2.42318  5.5057  0  12.9767  9.46984  12.2612  28  8.28118  20.8808  22.5548  18.2937  38  17.2672  14.1093  44  46  47.9821  0.000865498  0.530571  0.0122845  0.84419  0.0203414  0  0.0704007  0.151449  0.305872  0  0.589851  0.394577  0.471584  1  0.276039  0.652526  0.663377  0.508159  1  0.431679  0.335935  1  1  0.999626  
0.161894  0.612002  3.03817  2.66159  0.39338  0.406768  0.493648  6.87091  3.58686  3.52515  2.47409  13.2738  15.3799  28  11.8954  19.586  34  36  15.4793  40  15.2704  15.6648  46  47.9808  0.080947  0.153  0.506362  0.332698  0.039338  0.0338973  0.0352605  0.429432  0.19927  0.176257  0.112459  0.553074  0.591533  1  0.396513  0.612061  1  1  0.407351  1  0.363581  0.356017  1  0.999601  
0.668799  0  1.18608  3.08148  0.907398  0  3.14887  5.32276  0  7.35082  11.9537  4.73198  17.1823  28  0  0  25.138  11.2629  38  40  42  44  46  47.9986  0.334399  0  0.197681  0.385185  0.0907398  0  0.224919  0.332673  0  0.367541  0.543352  0.197166  0.660856  1  0  0  0.739352  0.312858  1  1  1  1  1  0.99997  
0  0.750199  0  6.7161  0  0  0.676103  0  5.69632  2.32337  1.34814  13.3492  15.0193  28  0  32  7.77166  19.0124  38  0  42  44  46  47.9923  0  0.18755  0  0.839512  0  0  0.0482931  0  0.316462  0.116168  0.0612793  0.556216  0.577666  1  0  1  0.228578  0.528122  1  0  1  1  1  0.99984  
0.538534  0  0  2.68449  0.391487  0  1.273  6.63079  8.74689  0.405555  0.634645  11.5246  10.0934  28  12.0877  15.0097  34  23.022  28.5753  16.6722  42  32.5922  46  47.987  0.269267  0  0  0.335562  0.0391487  0  0.0909289  0.414424  0.485938  0.0202777  0.0288475  0.48019  0.38821  1  0.402925  0.469054  1  0.639501  0.751981  0.416805  1  0.740733  1  0.999729  
0.174973  0.00152813  4.31519  0.314684  0.0133581  0.00963865  0.704899  6.55046  5.19058  6.53269  1.07978  7.63905  2.48815  28  17.8884  17.6068  18.1619  36  26.7397  29.2352  20.789  44  46  47.9741  0.0874864  0.000382032  0.719199  0.0393355  0.00133581  0.000803221  0.0503499  0.409404  0.288365  0.326634  0.0490807  0.318294  0.0956981  1  0.596279  0.550213  0.534173  1  0.703675  0.73088  0.494976  1  1  0.99946  
0.605761  0.00229219  0.202913  2.69822  0.0631708  0.0740673  1.61935  0.313333  5.59907  5.89465  9.94352  14.1056  11.4447  11.2483  2.84718  24.041  34  24.3651  38  24.8726  42  29.2793  46  47.9972  0.302881  0.000573047  0.0338189  0.337278  0.00631708  0.00617228  0.115668  0.0195833  0.31106  0.294733  0.451978  0.587733  0.440182  0.401725  0.0949058  0.751282  1  0.676809  1  0.621814  1  0.665439  1  0.999943  
0.302054  0.750199  0  6.7161  0  0  0.819092  1.50024  4.3444  2.57751  1.34814  15.7443  15.0193  28  0  11.856  8.55124  19.0124  38  20  42  44  46  47.9909  0.151027  0.18755  0  0.839512  0  0  0.0585066  0.0937648  0.241355  0.128876  0.0612793  0.656013  0.577666  1  0  0.370499  0.251507  0.528122  1  0.5  1  1  1  0.999811  
1.03253  0  1.30093  3.16016  0.874224  0.0385546  3.65584  5.17778  2.18021  7.19535  8.49304  5.84246  14.6304  28  0.278725  0  26.7062  12.1845  38  40  42  44  46  48  0.516267  0  0.216821  0.39502  0.0874224  0.00321288  0.261132  0.323611  0.121123  0.359768  0.386047  0.243436  0.562709  1  0.00929083  0  0.785476  0.338459  1  1  1  1  1  1  
0.45684  0.00611251  3.98849  3.12748  0.283732  0.406768  2.19369  7.01066  0.75611  8.57586  13.2409  10.8789  14.9893  28  16.2691  0.145574  34  36  15.4793  40  22.2817  20.5011  46  47.9732  0.22842  0.00152813  0.664748  0.390934  0.0283732  0.0338973  0.156692  0.438166  0.0420061  0.428793  0.601859  0.453288  0.57651  1  0.542304  0.0045492  1  1  0.407351  1  0.530517  0.465933  1  0.999442  
0.621178  0  0  2.0683  0.375134  0  1.07722  3.92597  5.66149  2.59173  6.79273  13.7266  11.4046  17.9487  1.11879  22.0621  34  23.022  38  22.0398  42  32.5922  46  48  0.310589  0  0  0.258537  0.0375134  0  0.0769441  0.245373  0.314527  0.129586  0.308761  0.571943  0.43864  0.641025  0.037293  0.689441  1  0.639501  1  0.550996  1  0.740733  1  1  
0.36993  0.941898  1.19898  1.07624  0.275547  0.15215  1.43842  4.06894  5.13602  5.96531  12.265  11.3089  9.04335  17.0097  5.36333  32  34  19.5645  38  26.0333  27.6813  33.9515  36.902  48  0.184965  0.235474  0.199831  0.13453  0.0275547  0.0126792  0.102745  0.254309  0.285335  0.298265  0.557501  0.471203  0.347821  0.607489  0.178778  1  1  0.543459  1  0.650833  0.659079  0.771626  0.802218  1  
0.952001  0  0  3.01352  0.412792  0.207843  2.45983  4.85252  7.77958  8.24474  8.75923  14.8193  14.775  17.9487  0.829378  10.8707  25.3684  17.81  38  40  42  18.8116  46  47.9917  0.476  0  0  0.37669  0.0412792  0.0173202  0.175702  0.303283  0.432199  0.412237  0.398147  0.617469  0.568268  0.641025  0.0276459  0.339711  0.746128  0.494721  1  1  1  0.427537  1  0.999826  
0.45684  0.00611251  3.40156  3.36032  0  0.614743  1.77372  8.04492  0.133336  7.67147  8.45433  14.3435  17.6207  28  17.4406  2.69802  34  36  15.4793  40  22.2055  18.0165  46  47.9774  0.22842  0.00152813  0.566926  0.420039  0  0.0512286  0.126694  0.502807  0.00740755  0.383573  0.384288  0.597646  0.677718  1  0.581352  0.0843131  1  1  0.407351  1  0.528703  0.409465  1  0.999529  
0.582204  0.0706298  0  1.75774  0.365316  0  0.837156  3.77647  5.66149  3.11776  11.5089  13.394  9.92977  17.9487  0  20.6909  34  15.5572  38  30.1178  42  32.5922  46  47.9996  0.291102  0.0176575  0  0.219717  0.0365316  0  0.0597969  0.236029  0.314527  0.155888  0.523133  0.558085  0.381914  0.641025  0  0.64659  1  0.432143  1  0.752945  1  0.740733  1  0.999992  
0.296045  0.617064  0.250165  7.54955  0.0274746  0  0  0  0  7.9827  22  5.64255  15.6067  0  2.05887  21.0837  34  0  38  40  34.0556  44  46  48  0.148023  0.154266  0.0416941  0.943694  0.00274746  0  0  0  0  0.399135  1  0.235106  0.600256  0  0.0686289  0.658866  1  0  1  1  0.810848  1  1  1  
1.05498  0  0.0189736  0  0.0172929  0.0310278  0.447619  3.84203  3.85312  7.38331  12.4464  12.77  6.29664  11.1364  2.84206  6.81575  34  36  38  19.7076  42  19.2133  46  47.9967  0.527492  0  0.00316226  0  0.00172929  0.00258565  0.0319728  0.240127  0.214062  0.369165  0.565746  0.532084  0.242179  0.397729  0.0947353  0.212992  1  1  1  0.49269  1  0.436665  1  0.999931  
0  0.00184389  0  5.03006  0  0  1.21649  0  0  1.16067  22  0  12.1412  28  0.44517  15.0179  19.5829  10.6284  38  10.4434  42  44  46  48  0  0.000460974  0  0.628757  0  0  0.0868921  0  0  0.0580335  1  0  0.466971  1  0.014839  0.469311  0.575967  0.295234  1  0.261084  1  1  1  1  
0.557858  0.00305625  0  0  0  0  0  0  4.02312  2.53046  6.95518  7.48445  6.30589  6.74413  1.45892  16.8968  34  36  38  19.2785  42  26.8884  46  48  0.278929  0.000764063  0  0  0  0  0  0  0.223507  0.126523  0.316145  0.311852  0.242534  0.240862  0.0486306  0.528025  1  1  1  0.481962  1  0.611099  1  1  
0.574992  1.93905  0.6405  8  0.333933  0.0874827  0.840686  3.15292  8.32665  0  11.221  7.37721  13.571  8.19678  13.5807  32  20.8046  19.4864  38  20.1821  42  44  46  48  0.287496  0.484761  0.10675  1  0.0333933  0.00729023  0.060049  0.197057  0.462591  0  0.510045  0.307384  0.521961  0.292742  0.452689  1  0.611899  0.54129  1  0.504553  1  1  1  1  
