2.05 0.0513411
0.205694 4.03786
2.04999 0.0602463
2.04994 0.0798021
2.04985 0.0994416
2.0497 0.119402
2.0495 0.139827
2.04923 0.160791
2.04891 0.182042
2.04852 0.203886
2.04806 0.226156
2.04753 0.248911
2.04691 0.27212
2.04622 0.295869
2.04543 0.320175
2.04455 0.345004
2.04357 0.370379
2.04249 0.396307
2.04129 0.422859
2.03998 0.449989
2.03853 0.477753
2.03695 0.506142
2.03523 0.535177
2.03336 0.564926
2.03133 0.595321
2.02912 0.626424
2.02674 0.658285
2.02416 0.690894
2.02138 0.724239
2.01839 0.758388
2.01517 0.793299
2.0117 0.829082
2.00797 0.865694
2.00398 0.903158
1.99969 0.941503
1.9951 0.980746
1.99019 1.0209
1.98493 1.06198
1.97932 1.10403
1.97331 1.14703
1.9669 1.19101
1.96007 1.23599
1.95278 1.28198
1.94501 1.32899
1.93673 1.37701
1.92792 1.42609
1.91855 1.47619
1.90859 1.52734
1.89801 1.57952
1.88677 1.63274
1.87485 1.68697
1.86221 1.74222
1.84881 1.79845
1.83463 1.85567
1.81962 1.91382
1.80375 1.97288
1.78699 2.0328
1.7693 2.09355
1.75064 2.15506
1.731 2.21726
1.71032 2.2801
1.68859 2.34349
1.66577 2.40737
1.64184 2.47161
1.61677 2.53614
1.59056 2.60082
1.56318 2.66557
1.53462 2.73023
1.50488 2.79469
1.47395 2.85882
1.44185 2.92246
1.40859 2.98546
1.37417 3.04771
1.33864 3.10902
1.30202 3.16926
1.26435 3.22828
1.22567 3.28592
1.18604 3.34206
1.14552 3.39655
1.10416 3.44926
1.06205 3.50008
1.01924 3.5489
0.975838 3.5956
0.931906 3.64012
0.887528 3.68238
0.842803 3.72231
0.797817 3.75986
0.752649 3.79502
0.707385 3.82775
0.662131 3.85804
0.616949 3.88592
0.571917 3.9114
0.527131 3.93451
0.482641 3.95529
0.438539 3.97379
0.394876 3.99008
0.351717 4.00422
0.309041 4.01631
0.267049 4.02638
0.22564 4.03455
