0.859401 0.708949 3.32296
0.708949 0.859401 3.32296
0.000308411 0.000291745 5.9994
0.859401 0.708949 3.32296
0.859401 0.774811 2.87228
0.859401 0.251412 3.8802
0.859401 0.80416 2.72889
0.859401 0.657088 3.70915
0.859401 0.744947 3.06098
0.859401 0.188555 3.93389
0.859401 0.821614 2.66878
0.859401 0.686079 3.4961
0.859401 0.760288 2.95959
0.859401 0.251412 3.8802
0.859401 0.789154 2.79612
0.859401 0.251412 3.8802
0.859401 0.728123 3.18033
0.859401 0.100697 4.12446
0.859401 0.833063 2.64088
0.859401 0.69809 3.40518
0.859401 0.767613 2.91438
0.859401 0.251412 3.8802
0.859401 0.796502 2.76151
0.859401 0.638861 3.83365
0.859401 0.736768 3.11811
0.859401 0.145364 4.0192
0.859401 0.812376 2.69805
0.859401 0.672574 3.597
0.859401 0.752758 3.00831
0.859401 0.235183 3.88399
0.859401 0.781961 2.83296
0.859401 0.251412 3.8802
0.859401 0.718899 3.24833
0.859401 0.0521374 4.23027
0.838276 0.859401 2.63136
0.859401 0.703647 3.36305
0.780516 0.816975 2.90943
0.859401 0.251412 3.8802
0.791554 0.859401 2.78447
0.859401 0.64838 3.76982
0.775812 0.777138 3.11181
0.859401 0.166915 3.97317
0.805152 0.859401 2.72493
0.859401 0.679539 3.54523
0.742919 0.859401 3.07496
0.819154 0.251412 3.94219
0.765187 0.859401 2.9291
0.857969 0.251412 3.88028
0.711139 0.845272 3.31425
0.794859 0.0837342 4.3188
0.811077 0.859401 2.70263
0.710827 0.777526 3.55183
0.731339 0.859401 3.15699
0.765345 0.251412 4.19432
0.759507 0.859401 2.96454
0.743633 0.679094 4.00456
0.691411 0.859401 3.4558
0.719653 0.168214 4.5993
0.774001 0.859401 2.8769
0.644788 0.81177 3.88039
0.692585 0.859401 3.44692
0.695441 0.251412 4.69146
0.722 0.859401 3.22532
0.679445 0.678048 4.48829
0.640077 0.859401 3.82566
0.665949 0.0422505 5.27992
0.832718 0.859401 2.64158
0.251412 0.859401 3.8802
0.693702 0.859401 3.43845
0.251412 0.686222 4.76122
0.738292 0.859401 3.10733
0.251412 0.803324 3.99846
0.251412 0.859401 3.8802
0.251412 0.251412 5.14639
0.763444 0.859401 2.93983
0.251412 0.859401 3.8802
0.251412 0.859401 3.8802
0.251412 0.251412 5.14639
0.672442 0.859401 3.59798
0.251412 0.746387 4.3173
0.251412 0.859401 3.8802
0.251412 0.1535 5.26737
0.769773 0.859401 2.9015
0.230633 0.859401 3.8864
0.251412 0.859401 3.8802
0.251412 0.648057 5.03822
0.251412 0.859401 3.8802
0.167111 0.786465 4.16834
0.204076 0.859401 3.91141
0.169054 0.246405 5.23549
0.63801 0.859401 3.83922
0.115132 0.859401 4.09006
0.160305 0.859401 3.98668
0.113772 0.251412 5.3595
0.175503 0.859401 3.95661
0.0657935 0.750961 4.60922
0.0621265 0.859401 4.21054
0.0430084 0.0767638 5.81245
0.251412 0.859401 3.8802
0.00832403 0.859401 4.29803
