1.00714 0.00170686
0.00171886 0.99031
0.99662 0.00602073
0.975698 0.0165907
0.957416 0.0245901
0.93885 0.0357509
0.921322 0.0442153
0.905065 0.053861
0.886917 0.063135
0.873089 0.0727228
0.854089 0.0810792
0.836298 0.0907452
0.822738 0.0987656
0.807587 0.105853
0.789535 0.116165
0.775176 0.123437
0.758189 0.13311
0.747471 0.140352
0.731227 0.148971
0.716519 0.157236
0.703381 0.164678
0.6925 0.172767
0.681497 0.181144
0.666663 0.188533
0.655374 0.195849
0.64244 0.204165
0.63048 0.210649
0.616645 0.21873
0.606252 0.225309
0.598004 0.233283
0.585725 0.241045
0.574904 0.246853
0.563405 0.254546
0.553073 0.262121
0.540665 0.268632
0.531995 0.277155
0.521418 0.284183
0.5119 0.29113
0.500875 0.296928
0.491111 0.305059
0.481277 0.311065
0.472025 0.31772
0.459693 0.325166
0.453155 0.333592
0.442291 0.33934
0.431861 0.346455
0.424372 0.352705
0.416149 0.361368
0.406199 0.367779
0.396182 0.373552
0.391131 0.383345
0.380836 0.388527
0.371834 0.395235
0.363302 0.401915
0.355354 0.409352
0.347502 0.417243
0.337192 0.424041
0.330212 0.431576
0.321322 0.43852
0.313235 0.446866
0.305618 0.451404
0.298561 0.459694
0.289681 0.466803
0.281006 0.47372
0.272515 0.482173
0.266208 0.488846
0.259241 0.498179
0.251747 0.505772
0.244318 0.512345
0.2357 0.51899
0.2274 0.528188
0.219833 0.536821
0.212206 0.544608
0.205623 0.552891
0.198951 0.562141
0.190926 0.570146
0.18275 0.577446
0.176311 0.586911
0.168393 0.595453
0.1616 0.606187
0.153823 0.615143
0.146491 0.623053
0.138575 0.63479
0.131799 0.645301
0.124245 0.65323
0.115285 0.668309
0.107118 0.67791
0.10205 0.688014
0.0949273 0.703102
0.0872605 0.714526
0.0788187 0.727895
0.0717405 0.740309
0.0638911 0.755068
0.0554691 0.772106
0.0487098 0.792171
0.0401862 0.807284
0.0322418 0.832474
0.0233103 0.855661
0.0154373 0.889593
0.00589751 0.940987
