1.79699  3.65829  0.144887  7.67413  8.823  9.03334  11.61  11.8388  1.97914  12.5401  13.1975  9.34912  5.73735  10.4539  9.74105  23.3181  2.93771  12.3938  18.6351  17.3534  11.5573  1.2557  13.2907  12.2  0.898494  0.914573  0.0241479  0.959267  0.8823  0.752778  0.829284  0.739923  0.109952  0.627007  0.599885  0.389547  0.220667  0.373355  0.324702  0.728691  0.0864033  0.344272  0.490398  0.433836  0.275173  0.0285387  0.288929  0.254167  
1.44014  3.33522  5.53228  3.62186  7.37319  5.04295  10.3883  0.639705  3.83453  13.9173  0.265507  6.1288  24.957  16.0785  11.5427  0.0616829  26.1008  3.07559  32.0151  25.0702  36.868  38.4066  11.4404  9.19928  0.720069  0.833804  0.922046  0.452732  0.737319  0.420246  0.742023  0.0399816  0.21303  0.695863  0.0120685  0.255367  0.959884  0.574233  0.384757  0.00192759  0.767671  0.0854332  0.842502  0.626755  0.877809  0.872877  0.248705  0.191652  
0.630759  0.683782  3.05086  7.13651  7.83661  0.276149  10.0867  8.27486  14.2906  6.02683  10.3173  20.7974  25.7426  23.5033  10.0694  25.6414  29.2521  17.3075  7.86648  35.495  40.3913  32.2262  44.9983  10.3483  0.315379  0.170945  0.508476  0.892064  0.783661  0.0230124  0.720481  0.517179  0.793925  0.301342  0.46897  0.866557  0.990099  0.839403  0.335645  0.801294  0.860355  0.480765  0.207013  0.887375  0.961697  0.732414  0.978223  0.21559  
0.49211  3.70746  0.498591  0.261778  0.499726  8.71526  9.18772  3.281  7.98995  10.9645  1.61086  0.314463  10.6471  26.6619  23.4303  16.5463  20.8549  24.966  2.64092  4.80997  40.5227  27.7476  28.1888  38.2991  0.246055  0.926866  0.0830984  0.0327223  0.0499726  0.726271  0.656266  0.205063  0.443886  0.548225  0.073221  0.0131026  0.409505  0.952211  0.781011  0.517071  0.61338  0.693499  0.069498  0.120249  0.964826  0.630627  0.612799  0.797897  
1.62334  0.0805704  1.77485  7.74876  3.29243  10.3385  3.4035  0.493357  15.413  14.4015  16.4779  17.8998  8.04886  0.658367  9.85961  30.0926  15.0819  19.4709  4.54207  29.7561  15.7017  15.8602  34.3282  44.4726  0.811669  0.0201426  0.295808  0.968595  0.329243  0.861539  0.243107  0.0308348  0.856277  0.720074  0.748994  0.745826  0.309571  0.0235131  0.328654  0.940394  0.443584  0.540858  0.119528  0.743902  0.37385  0.360459  0.746266  0.926512  
1.48166  0.169355  1.23545  2.37599  1.37798  11.9665  12.6289  2.00144  16.9974  18.5432  21.7564  8.30172  24.7103  3.15645  11.6525  7.3956  16.1777  7.93717  21.6944  10.9403  5.21284  2.97382  2.31001  36.1924  0.740832  0.0423388  0.205908  0.296999  0.137798  0.997209  0.902061  0.12509  0.944298  0.927159  0.988929  0.345905  0.950398  0.11273  0.388416  0.231112  0.475815  0.220477  0.570906  0.273507  0.124115  0.0675869  0.0502176  0.754008  
0.992301  3.50208  0.359021  1.49716  0.507064  7.16336  3.47598  15.5004  4.72231  9.74849  3.52114  9.71675  10.0239  18.057  6.64339  11.5743  3.24878  4.01057  37.6913  17.652  21.7399  1.4083  19.3334  22.4857  0.49615  0.87552  0.0598368  0.187145  0.0507064  0.596946  0.248284  0.968775  0.26235  0.487424  0.160052  0.404864  0.385535  0.644894  0.221446  0.361697  0.0955524  0.111405  0.991877  0.441301  0.517617  0.0320068  0.420292  0.468451  
0.319221  0.750374  0.455653  2.20703  4.12265  8.54445  0.0626506  13.7326  4.89815  18.9096  21.6651  20.7229  20.7687  21.7731  15.2092  9.17973  19.5467  7.69983  28.3243  18.4417  13.2409  37.809  27.6911  25.9483  0.15961  0.187594  0.0759421  0.275879  0.412265  0.712037  0.00447504  0.858289  0.272119  0.945481  0.984778  0.863453  0.798796  0.777609  0.506975  0.286867  0.574904  0.213884  0.745377  0.461042  0.315259  0.859296  0.601979  0.54059  
0.179321  2.96438  5.63639  2.05823  1.24673  8.63974  10.5259  1.9047  16.3542  18.7026  11.9485  12.9466  22.0265  19.1399  26.6493  26.493  2.57013  5.70199  13.5477  36.0821  14.4444  36.2131  3.44906  13.8923  0.0896605  0.741095  0.939398  0.257278  0.124673  0.719979  0.75185  0.119044  0.908567  0.93513  0.543114  0.539443  0.847172  0.683567  0.888308  0.827906  0.0755921  0.158388  0.356517  0.902051  0.343914  0.823025  0.0749795  0.289424  
0.0862087  2.65693  1.89462  0.274115  9.43585  8.62487  8.25478  10.1161  14.5451  5.56863  1.20834  0.944608  20.0135  14.7586  21.4988  25.8179  14.3461  19.9075  9.47007  3.48504  28.4094  21.7702  38.5914  16.9338  0.0431044  0.664232  0.315771  0.0342643  0.943585  0.718739  0.589627  0.632257  0.808064  0.278432  0.0549247  0.0393587  0.769749  0.527092  0.716627  0.80681  0.421945  0.552985  0.249212  0.0871259  0.676415  0.494778  0.838944  0.352788  
0.0540276  1.44723  1.8953  6.5161  6.18333  11.1622  4.08708  12.4672  14.943  16.5095  18.2732  3.48186  0.44339  1.22594  17.0957  6.11102  20.4153  29.8376  16.8951  9.52082  10.9805  26.2601  21.2975  23.277  0.0270138  0.361807  0.315883  0.814513  0.618333  0.930186  0.291934  0.779202  0.830168  0.825474  0.830602  0.145078  0.0170535  0.0437834  0.569855  0.190969  0.600451  0.828823  0.444609  0.23802  0.26144  0.596821  0.462989  0.484937  
0.352258  3.2014  0.0262295  7.13488  5.14241  5.40636  9.36567  9.26675  16.7613  7.32117  14.0168  11.855  17.7241  12.1429  14.2743  25.5753  33.8181  6.95059  9.76086  1.90616  34.5036  31.997  14.4637  15.4568  0.176129  0.800349  0.00437158  0.89186  0.514241  0.45053  0.668976  0.579172  0.931182  0.366058  0.637125  0.493957  0.681696  0.433674  0.475811  0.799229  0.994651  0.193072  0.256865  0.0476541  0.821515  0.727204  0.314428  0.322018  
1.77604  3.93118  1.4259  2.12374  5.46549  3.61439  0.0379247  15.4466  11.3849  4.47296  13.7363  1.59137  18.717  1.40831  24.5058  2.07581  16.0234  7.05034  32.9955  15.795  14.2102  40.5389  0.0862172  26.6429  0.88802  0.982794  0.237651  0.265467  0.546549  0.301199  0.0027089  0.965415  0.632495  0.223648  0.624379  0.0663071  0.719886  0.0502967  0.81686  0.064869  0.471277  0.195843  0.868302  0.394875  0.338339  0.921338  0.00187429  0.555061  
0.417846  1.67808  3.46397  4.7727  8.26428  8.93243  8.67918  14.6962  13.7616  16.7752  13.123  7.52195  11.5069  27.0229  18.9251  24.5641  28.6285  29.8388  14.1964  39.4984  37.3551  31.9265  0.225214  38.6568  0.208923  0.419519  0.577328  0.596588  0.826428  0.744369  0.619941  0.918511  0.764531  0.838762  0.596501  0.313414  0.442574  0.965103  0.630838  0.767628  0.842015  0.828856  0.373589  0.98746  0.889408  0.725601  0.00489596  0.80535  
1.43103  1.18779  1.19174  7.48461  6.25106  11.6383  9.47509  14.3221  10.8079  14.5527  18.7937  18.7833  3.36706  22.2553  22.3542  22.7713  26.3357  26.0362  13.8156  39.8663  12.1955  19.4631  42.074  30.635  0.715515  0.296948  0.198624  0.935576  0.625106  0.969862  0.676792  0.895133  0.60044  0.727633  0.854261  0.782639  0.129502  0.794832  0.745141  0.711602  0.77458  0.723227  0.363568  0.996656  0.290369  0.442344  0.914653  0.63823  
0.0615241  1.41027  3.24137  6.31923  0.0142337  9.52966  5.19924  4.89289  11.2548  19.8205  10.0408  5.49962  3.74492  24.0482  7.9174  24.7502  3.92219  8.6488  23.0713  15.3687  38.1076  39.8455  20.0703  42.6906  0.0307621  0.352567  0.540228  0.789904  0.00142337  0.794138  0.371374  0.305806  0.625267  0.991026  0.456399  0.229151  0.144035  0.858863  0.263913  0.773443  0.115359  0.240245  0.60714  0.384216  0.907325  0.905579  0.436311  0.889387  
0.244106  0.48609  2.30552  7.00692  5.92755  2.74038  6.36493  4.66107  7.62681  7.09257  11.8658  6.12784  20.8641  24.0079  28.9931  5.65777  25.2839  8.36033  11.6676  17.0766  32.97  3.22813  2.78624  12.8336  0.122053  0.121522  0.384253  0.875865  0.592755  0.228365  0.454638  0.291317  0.423712  0.354629  0.539356  0.255327  0.802467  0.857426  0.966438  0.176805  0.743643  0.232231  0.307043  0.426916  0.784999  0.0733666  0.0605704  0.267367  
1.1967  2.64978  2.65745  1.26952  4.28871  5.53923  12.4828  0.404621  8.73556  6.10431  4.35519  12.049  19.8136  0.137992  9.99679  11.2052  1.85098  11.8473  34.8102  38.3681  12.8514  11.7195  44.6329  21.8895  0.598352  0.662445  0.442908  0.15869  0.428871  0.461602  0.891632  0.0252888  0.485309  0.305216  0.197963  0.502042  0.762061  0.00492828  0.333226  0.350163  0.0544406  0.329091  0.916059  0.959203  0.305985  0.266352  0.97028  0.45603  
1.3254  1.97901  3.66193  1.86466  4.06241  1.10087  2.31193  14.0083  12.0152  16.9454  7.15715  21.4303  13.1813  25.841  28.7473  9.37633  27.4508  29.6606  25.6395  17.4356  32.0007  34.9751  13.8031  34.0599  0.662701  0.494753  0.610322  0.233082  0.406241  0.0917389  0.165138  0.875517  0.667509  0.84727  0.325325  0.892931  0.506974  0.922892  0.958243  0.29301  0.807375  0.823905  0.674724  0.435889  0.761923  0.794888  0.300066  0.709582  
1.65183  0.170676  4.76819  1.26167  0.0809387  9.8853  13.6397  13.0914  14.1556  11.5489  4.79332  7.91356  18.6096  27.516  16.1415  19.6062  19.4627  27.3772  32.7295  21.7832  27.5871  25.2018  33.8495  37.4067  0.825913  0.042669  0.794699  0.157709  0.00809387  0.823775  0.974266  0.818211  0.786424  0.577443  0.217878  0.329732  0.715753  0.982714  0.538051  0.612694  0.572433  0.760476  0.861303  0.54458  0.656835  0.572767  0.735859  0.779306  
1.47435  3.76004  4.01257  7.29407  9.55352  2.62031  12.861  4.11749  17.8806  18.066  21.86  17.7519  25.0355  7.62197  15.2933  29.417  27.4602  26.0264  34.4691  1.56116  2.29475  8.3875  36.5026  35.4509  0.737176  0.940011  0.668762  0.911759  0.955352  0.21836  0.918645  0.257343  0.993369  0.903298  0.993635  0.739662  0.962903  0.272213  0.509778  0.91928  0.807652  0.722956  0.907081  0.0390289  0.0546369  0.190625  0.793534  0.73856  
1.1805  1.33283  4.67949  1.67755  9.17904  8.14412  2.29822  15.8593  17.1875  13.9232  19.5961  7.37744  19.5172  25.9532  0.522729  1.33345  11.8396  33.6206  15.209  12.3522  10.9592  2.42508  11.7066  24.2661  0.590251  0.333207  0.779915  0.209694  0.917904  0.678676  0.164159  0.991203  0.954858  0.696161  0.890733  0.307393  0.75066  0.926901  0.0174243  0.0416702  0.348224  0.933904  0.400236  0.308806  0.260933  0.0551155  0.254492  0.505544  
1.62347  3.90917  1.57191  0.199352  5.20155  0.948874  5.37186  8.65195  0.839239  10.9162  3.54742  6.42272  13.0665  7.73607  26.1444  15.8647  7.64721  22.6153  16.8555  9.80353  29.8847  42.0336  6.93325  6.17334  0.811736  0.977293  0.261984  0.024919  0.520155  0.0790729  0.383704  0.540747  0.0466244  0.545809  0.161246  0.267613  0.502558  0.276288  0.871479  0.495773  0.224918  0.628203  0.443566  0.245088  0.711541  0.955308  0.150723  0.128611  
1.81666  0.671137  2.29286  6.5683  2.87531  4.31503  10.5983  1.59146  11.5888  0.0652801  5.77718  17.1997  3.13307  4.68007  18.8225  29.744  28.8266  21.3832  2.46305  27.7746  41.571  13.7516  35.2746  44.5852  0.908329  0.167784  0.382144  0.821038  0.287531  0.359586  0.757019  0.0994663  0.643822  0.00326401  0.262599  0.716655  0.120503  0.167145  0.627415  0.9295  0.84784  0.593977  0.064817  0.694365  0.989785  0.312536  0.76684  0.928859  
1.74912  0.156813  0.442312  1.91431  2.91996  7.2446  11.6872  10.5664  16.2972  7.23641  5.49284  8.53804  0.401692  13.0429  25.6338  24.6255  13.5664  32.6035  7.30717  6.14578  17.438  23.7586  21.4872  32.5275  0.874558  0.0392033  0.0737187  0.239289  0.291996  0.603717  0.834797  0.6604  0.905402  0.361821  0.249675  0.355752  0.0154497  0.465817  0.854458  0.769547  0.399011  0.905652  0.192294  0.153644  0.415191  0.539968  0.467113  0.677657  
1.88378  3.52048  0.362277  0.838379  1.92611  6.05927  8.6446  0.183702  12.7608  18.7666  3.76679  4.93289  13.7893  22.7255  6.74752  12.6627  2.09566  1.10406  2.99337  25  12.0578  26.7083  10.2564  28.7936  0.941888  0.88012  0.0603795  0.104797  0.192611  0.504939  0.617472  0.0114814  0.708931  0.938332  0.171218  0.205537  0.530356  0.811623  0.224917  0.395708  0.0616371  0.0306682  0.0787729  0.624999  0.287091  0.607007  0.222966  0.599866  
0.0181929  0.44344  0.388463  3.46051  1.65045  0.210917  1.00226  14.393  16.6678  12.0385  7.40219  23.569  14.7813  14.2127  27.5125  8.7431  8.67664  35.2856  13.5817  14.8517  14.0255  11.7497  34.2907  24.2391  0.00909643  0.11086  0.0647439  0.432563  0.165045  0.0175764  0.0715898  0.899564  0.92599  0.601925  0.336463  0.98204  0.568511  0.507598  0.917083  0.273222  0.255195  0.980156  0.357414  0.371293  0.33394  0.26704  0.745451  0.504981  
1.5368  1.64742  2.65107  2.46728  2.7545  2.25477  2.3943  12.1179  6.81556  6.56061  14.9485  19.5972  15.6211  24.2348  5.05017  30.3167  5.9717  9.53967  4.62313  19.4116  17.8996  31.6865  32.0224  13.0971  0.768399  0.411855  0.441845  0.308409  0.27545  0.187897  0.171022  0.757372  0.378642  0.32803  0.679477  0.816551  0.600812  0.865529  0.168339  0.947396  0.175638  0.264991  0.121661  0.48529  0.42618  0.720148  0.696139  0.272856  
1.73545  3.79993  0.82918  3.49271  2.67929  7.29783  2.01678  9.8764  15.1776  14.5708  9.50636  15.5091  20.8814  1.29506  0.81273  18.0236  32.8739  27.5002  3.18324  19.2858  16.868  28.392  29.9047  41.5228  0.867725  0.949981  0.138197  0.436589  0.267929  0.608153  0.144056  0.617275  0.843201  0.728542  0.432107  0.646211  0.803132  0.0462521  0.027091  0.563237  0.96688  0.763894  0.0837696  0.482144  0.40162  0.645273  0.650103  0.865058  
0.0147814  2.063  0.160524  7.84592  3.66923  3.84314  10.9796  14.5391  14.7236  16.4174  1.63186  15.5334  9.02037  26.4673  28.2132  13.8167  31.3579  19.3731  22.5549  27  33.7367  17.3115  30.8564  26.0246  0.00739071  0.515749  0.026754  0.98074  0.366923  0.320262  0.784259  0.908696  0.81798  0.820871  0.0741755  0.647226  0.346937  0.945262  0.94044  0.431773  0.922292  0.53814  0.59355  0.675  0.803255  0.393443  0.670792  0.54218  
0.138138  1.55047  5.15871  0.176944  1.71953  11.4002  3.2782  13.1296  12.7125  4.89078  21.2135  17.8176  25.8007  22.3495  10.0037  13.7328  5.52159  14.7755  27.23  35.9115  17.9424  40.6363  6.7247  10.4328  0.0690691  0.387617  0.859785  0.022118  0.171953  0.950019  0.234157  0.820602  0.70625  0.244539  0.96425  0.7424  0.992336  0.798195  0.333457  0.429151  0.1624  0.410431  0.716579  0.897788  0.4272  0.923551  0.146189  0.217349  
0.166915  3.14413  4.11469  2.51295  5.74568  1.83848  0.875937  7.8538  9.80897  0.895188  18.7684  1.36043  15.5468  14.9591  27.6665  28.4505  10.8306  30.8248  22.5298  25.6191  1.55387  40.1336  45.7709  27.2067  0.0834574  0.786033  0.685782  0.314118  0.574568  0.153207  0.0625669  0.490862  0.544943  0.0447594  0.853108  0.0566846  0.597953  0.534253  0.922216  0.889079  0.318547  0.856243  0.592888  0.640478  0.0369969  0.912128  0.99502  0.566806  
0.8365  3.82245  5.83011  4.14951  9.21301  7.20279  9.48493  10.0713  15.8072  8.04533  9.27157  1.87598  24.3832  19.3856  28.7595  9.74872  9.31923  3.11763  6.76527  11.7497  20.0466  2.90772  38.7771  42.1281  0.41825  0.955612  0.971686  0.518689  0.921301  0.600233  0.677495  0.629455  0.878177  0.402267  0.421435  0.0781657  0.937817  0.692344  0.95865  0.304647  0.274095  0.0866007  0.178033  0.293742  0.477301  0.0660845  0.84298  0.877669  
1.54483  0.322005  3.93513  4.94063  5.14853  6.93459  5.02541  12.1279  0.847604  11.8377  21.5449  23.7069  16.3962  12.8006  21.217  20.5522  3.76176  19.9234  7.26389  35.4222  40.3969  40.4455  41.5368  14.706  0.772417  0.0805013  0.655854  0.617578  0.514853  0.577882  0.358958  0.757995  0.0470891  0.591883  0.979316  0.987789  0.630624  0.457165  0.707233  0.642257  0.11064  0.553427  0.191155  0.885554  0.96183  0.919216  0.902974  0.306375  
1.69978  1.63536  5.76667  2.25282  0.807566  6.15487  9.90006  8.44017  9.33844  1.64099  18.7905  17.7076  12.2878  23.3674  25.8823  10.4233  20.3779  2.23756  9.0811  38.8853  7.39536  11.7153  23.0803  46.3423  0.849891  0.408839  0.961111  0.281602  0.0807566  0.512906  0.707147  0.527511  0.518802  0.0820496  0.854114  0.737817  0.472609  0.834551  0.862744  0.325727  0.599351  0.0621545  0.238976  0.972134  0.17608  0.266256  0.501746  0.965464  
0.365913  3.89517  3.8359  3.81338  0.517653  1.24566  8.403  9.25974  1.15229  9.07625  4.76683  10.0978  17.6934  7.28727  26.1639  23.519  0.0198909  26.836  28.0202  11.7104  10.3629  31.5554  39.2887  33.9342  0.182957  0.973793  0.639316  0.476672  0.0517653  0.103805  0.600214  0.578734  0.064016  0.453812  0.216674  0.420744  0.680514  0.26026  0.872131  0.734969  0.000585026  0.745444  0.737374  0.292759  0.246736  0.717167  0.854102  0.706962  
0.0937724  1.93991  1.74376  1.08151  8.42675  4.08367  13.3135  11.8536  12.4571  11.5466  20.5415  20.1619  0.295989  11.6172  5.71521  23.8671  26.9329  0.82563  2.03595  24.1616  38.4227  39.67  32.2208  36.7315  0.0468862  0.484977  0.290627  0.135189  0.842675  0.340306  0.950963  0.740851  0.692059  0.577332  0.933703  0.840079  0.0113842  0.414899  0.190507  0.745848  0.792144  0.0229342  0.0535777  0.604039  0.914825  0.90159  0.700452  0.765239  
0.266314  1.98699  2.1933  1.07232  8.62454  2.56435  9.15571  3.59627  16.0418  19.7966  14.9971  19.9861  24.3271  15.135  22.1137  14.6671  20.0337  13.8669  28.2594  28.6567  26.2792  41.3775  29.1601  20.2505  0.133157  0.496748  0.36555  0.13404  0.862454  0.213696  0.65398  0.224767  0.891209  0.98983  0.681686  0.832755  0.935659  0.540537  0.737125  0.458348  0.589227  0.385193  0.743669  0.716417  0.625696  0.940398  0.633914  0.421886  
0.123717  0.238343  5.71254  6.24239  1.41542  5.11906  11.1835  10.7074  17.4444  8.09812  21.0293  3.01001  7.89182  18.1122  13.9  25.3374  1.01259  11.6126  26.213  19.3682  26.2989  3.75076  37.3039  39.1537  0.0618584  0.0595857  0.95209  0.780298  0.141542  0.426588  0.798819  0.66921  0.969133  0.404906  0.955877  0.125417  0.303531  0.646865  0.463333  0.791793  0.0297821  0.322572  0.689815  0.484204  0.626163  0.0852446  0.810954  0.815702  
0.895461  0.375016  0.493396  0.389342  2.58445  11.2135  0.0301054  15.4525  14.9575  7.73529  0.928156  23.151  18.1034  27.237  18.6551  18.0252  21.7977  11.0035  25.178  28.4619  30.6683  1.68811  6.1553  28.6403  0.447731  0.0937539  0.0822327  0.0486677  0.258445  0.934458  0.00215039  0.965779  0.830974  0.386764  0.0421889  0.964624  0.696283  0.97275  0.621836  0.563287  0.641108  0.305653  0.662578  0.711547  0.730197  0.0383662  0.133811  0.596673  
1.71345  3.87545  3.09358  4.03641  6.91856  9.80344  4.11608  6.54331  2.0589  1.04141  12.3401  17.3104  24.8713  10.0538  15.3926  17.5608  2.84008  6.87828  12.9635  13.2547  12.8334  15.9953  40.6781  2.65282  0.856726  0.968862  0.515596  0.504551  0.691856  0.816953  0.294006  0.408957  0.114384  0.0520707  0.560913  0.721265  0.956588  0.359065  0.513085  0.548776  0.0835318  0.191063  0.341144  0.331368  0.305557  0.363529  0.884306  0.055267  
1.03142  1.07316  4.73255  6.50927  8.87244  10.3553  9.80483  8.63916  17.558  11.9681  17.7951  1.68104  17.0729  9.28661  17.4089  21.2002  6.31771  11.6924  24.5732  32.1049  7.62688  43.8208  12.5069  6.8166  0.515708  0.26829  0.788759  0.813658  0.887244  0.862941  0.700345  0.539947  0.975442  0.598407  0.808866  0.0700435  0.65665  0.331664  0.580297  0.662506  0.185815  0.324789  0.646664  0.802624  0.181592  0.995928  0.271889  0.142013  
1.43948  3.50392  3.81239  4.232  7.41557  2.08517  13.6502  9.10371  11.6354  3.68044  0.397155  22.907  7.52204  15.8621  0.359198  21.5313  3.55271  34.8538  31.1132  24.1162  8.9388  18.4845  4.38064  45.8826  0.719741  0.87598  0.635398  0.529  0.741557  0.173764  0.975018  0.568982  0.646412  0.184022  0.0180525  0.954459  0.289309  0.566504  0.0119733  0.672854  0.104491  0.968162  0.818769  0.602905  0.212828  0.420103  0.0952314  0.955887  
0.682981  1.33402  4.52068  4.47106  3.25283  11.6901  10.6359  1.93484  9.11654  1.40199  16.9725  19.1865  12.326  17.1581  0.437303  22.5184  28.5449  30.3568  30.7456  32.5862  14.1416  29.0257  30.5425  29.7318  0.34149  0.333506  0.753447  0.558883  0.325283  0.974178  0.759707  0.120927  0.506474  0.0700993  0.771476  0.799439  0.474078  0.612791  0.0145768  0.703701  0.839555  0.843244  0.809093  0.814655  0.336705  0.659675  0.663966  0.619413  
1.27941  0.739801  5.04782  6.08871  8.30652  9.32545  5.63462  0.262747  12.9142  7.98165  0.735597  12.6549  9.06236  9.87634  17.5122  12.5179  22.1916  19.4963  15.5047  23.4599  24.5207  17.0641  3.90228  19.5235  0.639705  0.18495  0.841303  0.761089  0.830652  0.777121  0.402473  0.0164217  0.717454  0.399082  0.0334362  0.527288  0.348552  0.352727  0.583739  0.391184  0.652695  0.541565  0.408018  0.586499  0.583826  0.38782  0.0848322  0.40674  
0.398067  1.13892  3.77962  1.7422  7.53464  9.6633  5.2502  8.98367  14.5784  0.96158  8.67176  11.1592  23.7818  15.0427  4.15206  23.8713  29.5631  34.7375  31.9267  24.9771  13.5193  11.4951  44.0931  0.99988  0.199034  0.284731  0.629936  0.217775  0.753464  0.805275  0.375014  0.561479  0.809913  0.048079  0.394171  0.464967  0.914684  0.53724  0.138402  0.745979  0.869502  0.964931  0.840177  0.624428  0.321888  0.261253  0.958545  0.0208308  
0.390491  0.142098  5.5438  2.34504  2.64612  11.3418  7.65747  4.81239  2.0303  12.9369  0.168198  19.5917  8.68779  5.66331  27.7796  28.3158  22.3096  17.5872  25.1489  0.390274  2.91671  32.4648  33.7976  16.4564  0.195245  0.0355246  0.923966  0.29313  0.264612  0.945151  0.546962  0.300775  0.112794  0.646845  0.00764536  0.81632  0.334146  0.202261  0.925987  0.884868  0.656163  0.488534  0.661814  0.00975685  0.0694455  0.737837  0.73473  0.342842  
1.80108  1.44349  4.60595  3.75259  9.62357  2.24273  1.36947  8.06781  11.4498  19.9998  11.3159  15.8018  24.6767  19.1488  24.9016  31.5145  4.83571  10.8453  36.5579  2.98195  21.78  21.1588  11.9016  25.3804  0.900538  0.360873  0.767659  0.469073  0.962357  0.186894  0.0978195  0.504238  0.636098  0.999989  0.514359  0.65841  0.949102  0.683886  0.830052  0.984829  0.142227  0.301258  0.96205  0.0745487  0.518572  0.480882  0.25873  0.528759  
1.53037  3.21249  2.87938  7.59033  2.71972  0.028966  1.09856  3.70488  17.39  16.9691  20.4282  12.5599  2.48983  1.9761  19.9177  13.5901  26.3961  19.4709  14.5482  15.3709  33.9322  43.8842  7.15148  5.7439  0.765185  0.803123  0.479896  0.948791  0.271972  0.00241383  0.0784689  0.231555  0.966111  0.848455  0.928556  0.523328  0.0957627  0.070575  0.663922  0.424689  0.776355  0.540858  0.382849  0.384273  0.807909  0.997367  0.155467  0.119665  
1.57368  2.67617  4.04694  0.777991  7.54992  10.0014  7.04618  0.477271  9.66336  19.0786  10.3808  3.53952  4.92816  22.6425  1.00486  18.8746  6.91304  26.6163  18.4551  37.5371  33.0442  37.7307  43.105  24.0478  0.78684  0.669044  0.67449  0.0972489  0.754992  0.833447  0.503298  0.0298294  0.536853  0.95393  0.471855  0.14748  0.189545  0.80866  0.0334952  0.58983  0.203325  0.739341  0.485662  0.938427  0.786767  0.857516  0.937066  0.500997  
1.14871  0.468778  4.57754  1.59674  2.61573  10.7868  1.77763  0.898403  8.55238  15.4278  16.4164  6.59378  22.4634  7.40301  21.912  19.7632  4.37765  2.15809  23.5697  11.6036  0.99675  38.5176  12.2646  17.3729  0.574354  0.117194  0.762924  0.199592  0.261573  0.898904  0.126973  0.0561502  0.475132  0.77139  0.746198  0.274741  0.863978  0.264393  0.730401  0.617599  0.128754  0.059947  0.620254  0.290091  0.0237322  0.8754  0.266622  0.361934  
1.01665  2.04724  2.17738  2.44321  5.90501  1.96802  1.51456  9.49248  11.7213  10.4959  14.8886  12.3134  16.7986  10.6684  3.01405  1.89735  21.208  8.33708  9.15875  20.0773  1.08564  3.43069  11.1976  40.0271  0.508325  0.51181  0.362897  0.305401  0.590501  0.164001  0.108183  0.59328  0.651186  0.524795  0.676756  0.51306  0.6461  0.381015  0.100468  0.0592921  0.623765  0.231586  0.24102  0.501932  0.0258486  0.0779703  0.243425  0.833899  
0.378937  3.85123  0.205011  0.740335  6.22946  5.6637  1.18248  1.86742  0.789496  13.3509  21.4819  8.62653  8.54208  5.79706  17.7555  9.94072  7.59984  30.8988  6.94776  36.0843  8.04607  22.7515  37.2352  13.3191  0.189469  0.962807  0.0341684  0.0925418  0.622946  0.471975  0.0844628  0.116714  0.0438609  0.667546  0.976452  0.359439  0.328542  0.207038  0.59185  0.310648  0.223525  0.858299  0.182836  0.902107  0.191573  0.517079  0.809462  0.277482  
1.52293  1.33642  2.8429  1.72493  1.58419  1.2205  12.7294  12.746  2.65526  8.65834  10.7263  14.2922  5.45288  26.0543  27.1721  17.7571  20.2011  19.1244  23.5699  36.6903  27.3714  22.4467  8.79549  10.2225  0.761463  0.334106  0.473816  0.215616  0.158419  0.101708  0.909244  0.796626  0.147514  0.432917  0.487559  0.595507  0.209726  0.930511  0.905736  0.554909  0.594151  0.531235  0.620261  0.917257  0.6517  0.510152  0.191206  0.212969  
1.47384  3.48238  0.113553  7.38033  6.79291  0.469064  8.78809  4.91095  6.48929  12.4459  18.4055  2.56754  24.8576  7.66815  3.28265  20.6865  9.91039  11.1237  34.0377  19.8925  27.0812  1.47539  18.9806  30.0179  0.736922  0.870595  0.0189256  0.922542  0.679291  0.0390887  0.627721  0.306934  0.360516  0.622295  0.836613  0.106981  0.956061  0.273862  0.109422  0.646452  0.291482  0.308993  0.895729  0.497313  0.64479  0.0335315  0.412621  0.625372  
0.478595  0.533551  4.41868  6.2381  1.41297  3.60626  7.64048  13.9388  11.1886  2.45464  4.70177  1.7459  6.92524  5.24094  8.67541  9.97455  32.4616  19.991  25.9606  1.91162  18.1067  15.8981  5.47493  13.3949  0.239298  0.133388  0.736447  0.779762  0.141297  0.300522  0.545749  0.871174  0.621587  0.122732  0.213717  0.0727458  0.266355  0.187176  0.28918  0.311705  0.954753  0.555305  0.683173  0.0477905  0.431111  0.361321  0.11902  0.27906  
1.09986  0.938259  0.839962  2.39303  0.570118  0.961732  0.521584  8.35067  11.0223  3.06722  10.9075  22.3048  19.7847  21.6714  24.6973  12.9196  27.6073  13.1119  28.6852  5.19231  26.9807  38.0016  14.9546  23.7765  0.549928  0.234565  0.139994  0.299129  0.0570118  0.0801443  0.037256  0.521917  0.612351  0.153361  0.495797  0.929365  0.760951  0.773977  0.823243  0.403739  0.811979  0.36422  0.754872  0.129808  0.642397  0.863673  0.325101  0.495343  
1.50705  2.68025  0.936802  4.64815  3.58271  11.7715  0.807163  12.1312  12.6326  3.57864  8.57925  2.4198  11.2689  8.89675  24.6037  29.0103  5.21969  1.15696  37.6162  6.72673  25.3378  4.48671  42.8911  12.1597  0.753525  0.670062  0.156134  0.581018  0.358271  0.980957  0.0576545  0.7582  0.701814  0.178932  0.389966  0.100825  0.433418  0.317741  0.820123  0.906571  0.15352  0.0321378  0.989901  0.168168  0.603282  0.101971  0.932416  0.253328  
0.980218  0.574967  1.68348  6.35581  1.53817  8.66305  4.48495  7.23828  12.2534  4.1589  15.7152  17.4194  22.2463  1.37178  16.942  1.01669  14.6055  9.64493  33.7872  23.6604  25.7709  16.5864  11.1544  47.9089  0.490109  0.143742  0.28058  0.794476  0.153817  0.721921  0.320354  0.452393  0.680744  0.207945  0.714329  0.725808  0.855627  0.048992  0.564732  0.0317716  0.429575  0.267915  0.889137  0.591511  0.613592  0.376964  0.242487  0.998102  
1.03558  0.583344  0.856077  2.32856  8.79347  1.65724  2.57762  13.0446  12.6016  15.8011  18.1779  10.5239  6.51217  9.2866  8.90549  7.77329  18.1641  34.3702  3.27401  20.7748  3.9499  0.836745  40.531  9.46878  0.517788  0.145836  0.142679  0.29107  0.879347  0.138103  0.184116  0.81529  0.700087  0.790054  0.826267  0.438498  0.250468  0.331664  0.29685  0.242915  0.534239  0.954728  0.0861582  0.51937  0.0940452  0.0190169  0.881108  0.197266  
1.09659  0.582017  4.32201  2.64872  4.95307  5.38136  1.23575  9.9307  3.41002  5.25246  1.15228  11.1261  11.0868  22.1084  25.5283  1.03538  32.1068  31.5967  30.3536  35.026  34.305  26.6266  45.0494  16.9773  0.548297  0.145504  0.720334  0.33109  0.495307  0.448447  0.0882679  0.620669  0.189445  0.262623  0.0523764  0.463589  0.426417  0.789584  0.850943  0.0323557  0.944319  0.877685  0.798778  0.875651  0.816786  0.605151  0.979335  0.353693  
0.700814  1.49952  0.776652  2.03074  5.15078  5.69942  0.527827  12.0394  14.4886  18.661  10.9786  12.0755  16.2259  14.804  2.08125  1.24773  17.3072  25.2866  29.7416  13.5281  23.4152  21.1669  35.4252  6.60349  0.350407  0.37488  0.129442  0.253843  0.515078  0.474952  0.037702  0.752464  0.80492  0.93305  0.499028  0.503144  0.624074  0.528713  0.0693751  0.0389915  0.509035  0.702406  0.782674  0.338204  0.557505  0.481066  0.770114  0.137573  
0.658206  1.03735  1.38587  7.95891  1.45179  2.85904  9.31169  10.5765  4.46068  5.98125  0.34703  20.2623  0.678581  24.688  15.3458  20.7828  33.9162  27.5459  37.4524  35.1402  35.5535  26.4015  11.5755  37.8781  0.329103  0.259338  0.230978  0.994863  0.145179  0.238254  0.66512  0.661033  0.247816  0.299062  0.0157741  0.844261  0.0260993  0.881714  0.511526  0.649463  0.997536  0.765164  0.985589  0.878504  0.846513  0.600034  0.251642  0.789128  
1.09671  0.32226  3.29627  0.00361385  7.38979  8.50576  7.64126  6.15338  13.4623  17.95  21.7944  14.0791  22.2006  15.128  23.0985  0.0102192  28.4597  26.6224  23.1574  23.7625  8.81269  34.1324  37.209  36.5854  0.548356  0.080565  0.549378  0.000451731  0.738979  0.708813  0.545804  0.384586  0.747907  0.897502  0.990654  0.586628  0.853868  0.540285  0.769951  0.00031935  0.83705  0.739511  0.609406  0.594063  0.209826  0.775736  0.808891  0.762196  
0.886198  2.32143  0.202333  4.49726  6.62795  5.41235  6.76945  9.56323  4.60738  11.1531  20.9852  22.2354  11.0143  4.9924  29.667  1.84414  17.7483  29.9297  30.3887  5.90046  24.7906  14.9681  39.2223  10.3439  0.443099  0.580358  0.0337222  0.562158  0.662795  0.451029  0.483532  0.597702  0.255966  0.557653  0.953874  0.926473  0.423626  0.1783  0.9889  0.0576295  0.52201  0.831381  0.799702  0.147511  0.590253  0.340185  0.852659  0.215498  
0.356575  3.10279  4.31656  0.328507  4.1997  8.13307  8.60685  13.7461  1.29883  3.53079  9.53587  18.5009  8.84417  15.2723  5.70182  14.5259  18.6397  32.8408  0.615212  39.6517  0.75109  31.524  6.66734  42.1531  0.178288  0.775698  0.719427  0.0410634  0.41997  0.677756  0.614775  0.859134  0.0721573  0.17654  0.433448  0.77087  0.34016  0.54544  0.190061  0.453935  0.548225  0.912246  0.0161898  0.991292  0.0178831  0.716454  0.144942  0.87819  
1.65338  0.761487  0.366223  5.56345  1.05065  7.9526  13.0469  4.48442  3.06822  7.44157  11.2351  2.48066  6.10659  24.549  1.73812  27.8311  25.1896  18.0827  11.1098  0.202036  4.02969  27.1463  21.84  24.2421  0.826692  0.190372  0.0610371  0.695431  0.105065  0.662717  0.931924  0.280276  0.170457  0.372078  0.510688  0.103361  0.234869  0.876749  0.0579372  0.869722  0.74087  0.502298  0.292362  0.00505089  0.095945  0.616962  0.474783  0.505043  
0.785235  3.37757  3.16586  5.8328  0.900294  0.152854  3.15986  14.1685  7.68045  10.0445  11.7655  17.7315  22.6316  15.9761  27.2295  28.1593  26.7773  1.47917  34.8972  17.1057  41.9478  17.2346  18.9658  26.0916  0.392617  0.844393  0.527644  0.7291  0.0900294  0.0127378  0.225704  0.885529  0.426691  0.502224  0.534798  0.738814  0.870444  0.570576  0.907651  0.879979  0.787568  0.0410881  0.918347  0.427642  0.998758  0.391696  0.412301  0.543575  
0.918889  0.0155314  5.46536  2.01167  0.835704  0.799455  2.46315  7.23808  12.3119  9.87074  16.2768  9.81353  15.8377  9.78373  5.7298  29.859  10.7146  7.01181  4.63015  24.3082  35.2338  22.5394  4.75233  14.7589  0.459444  0.00388284  0.910893  0.251459  0.0835704  0.0666213  0.175939  0.45238  0.683993  0.493537  0.739855  0.408897  0.609141  0.349419  0.190993  0.933095  0.315136  0.194773  0.121846  0.607705  0.8389  0.512259  0.103311  0.307476  
1.09163  3.03496  4.49254  0.516492  1.50954  10.8337  13.0886  14.5857  0.257316  15.4845  0.72046  9.06488  25.1885  7.80455  13.6491  31.9211  29.5668  34.0865  14.7362  31.9688  26.9387  18.7964  21.2051  3.93506  0.545814  0.758739  0.748756  0.0645615  0.150954  0.902809  0.934901  0.911604  0.0142953  0.774224  0.0327482  0.377703  0.968789  0.278734  0.454969  0.997536  0.86961  0.946848  0.387796  0.79922  0.641398  0.427191  0.460981  0.0819805  
0.662933  3.00288  0.123495  1.70233  1.38617  3.99959  1.1922  1.12604  5.64  4.34713  6.50077  10.262  16.9078  6.7817  20.8351  29.3687  6.80724  3.08157  8.23562  29.2345  7.03804  23.0989  31.9494  39.8314  0.331467  0.750721  0.0205825  0.212791  0.138617  0.3333  0.0851572  0.0703774  0.313334  0.217356  0.295489  0.427583  0.650301  0.242203  0.694504  0.91777  0.200213  0.0855993  0.216727  0.730862  0.167572  0.524975  0.694551  0.829821  
1.26607  3.06747  0.265076  0.943664  5.13172  10.0015  12.5475  12.2011  15.4278  0.900216  2.54743  7.39696  13.5438  3.59129  6.22664  19.603  6.80339  33.7967  17.7883  8.7104  14.772  27.3203  3.59868  5.49725  0.633037  0.766868  0.0441794  0.117958  0.513172  0.833462  0.896251  0.762566  0.857098  0.0450108  0.115792  0.308207  0.520914  0.12826  0.207555  0.612595  0.2001  0.938797  0.468113  0.21776  0.351715  0.620915  0.0782321  0.114526  
1.91179  2.30133  1.01186  1.77957  2.01827  10.72  7.95786  11.0146  6.36967  18.4331  6.5589  15.8926  11.4162  14.8227  11.5148  4.41135  16.1519  27.8926  4.90263  14.3708  36.6517  21.8456  17.6843  39.3819  0.955897  0.575332  0.168643  0.222447  0.201827  0.893337  0.568419  0.688413  0.35387  0.921657  0.298132  0.662193  0.439086  0.529383  0.383826  0.137855  0.475055  0.774795  0.129017  0.359271  0.87266  0.496491  0.384442  0.820456  
0.321411  0.383856  0.565035  3.15509  9.39855  1.30015  1.41666  4.62938  4.23238  3.99292  12.8836  1.95934  22.9987  27.5755  12.9461  18.9455  3.5623  2.80934  1.98336  34.4199  29.8124  36.996  5.75923  26.0953  0.160706  0.0959641  0.0941724  0.394387  0.939855  0.108346  0.10119  0.289337  0.235132  0.199646  0.585619  0.0816391  0.884567  0.984839  0.431536  0.592048  0.104773  0.0780373  0.0521936  0.860498  0.709818  0.840818  0.125201  0.543652  
1.25108  1.58732  4.53969  4.67929  2.62912  0.535507  3.08146  0.640884  3.97756  8.10477  1.30065  3.17367  11.9526  12.0759  1.64701  29.5039  28.4032  28.1233  13.087  33.0517  13.0966  0.273525  45.8525  45.858  0.62554  0.39683  0.756615  0.584912  0.262912  0.0446256  0.220104  0.0400553  0.220976  0.405239  0.0591204  0.132236  0.459714  0.431283  0.0549002  0.921997  0.835388  0.781202  0.344394  0.826292  0.311823  0.00621647  0.996794  0.955374  
1.38796  2.42353  4.55364  7.35238  1.20326  1.08288  13.1679  1.96779  16.4821  10.8734  6.44206  6.16277  13.9531  12.9512  12.1975  1.47771  15.8279  1.31472  13.6305  6.60941  3.63992  43.4868  40.4296  31.5755  0.693982  0.605881  0.758941  0.919048  0.120326  0.0902404  0.940565  0.122987  0.915672  0.543672  0.292821  0.256782  0.536657  0.462544  0.406583  0.0461784  0.465526  0.0365201  0.358698  0.165235  0.0866647  0.988335  0.878904  0.657823  
0.0150896  3.63199  4.28668  0.388225  4.98653  1.11856  13.7196  5.40771  1.49171  4.24891  20.9544  12.3101  10.5151  24.1219  26.4524  12.4007  26.8502  34.2369  36.2484  1.07962  13.4201  12.3244  44.5657  1.67054  0.00754481  0.907997  0.714447  0.0485281  0.498653  0.0932136  0.979972  0.337982  0.0828726  0.212445  0.952475  0.512923  0.404425  0.861496  0.881748  0.387523  0.78971  0.951026  0.953905  0.0269906  0.319527  0.2801  0.968819  0.0348029  
0.74907  1.91752  0.634603  0.945059  7.95077  8.29435  10.3637  11.5323  7.51673  16.6438  14.1649  11.9337  0.00850931  6.17877  29.5243  27.3111  16.8262  32.8124  31.2219  38.8274  27.816  3.99579  39.4264  30.8602  0.374535  0.47938  0.105767  0.118132  0.795077  0.691195  0.740267  0.72077  0.417596  0.832192  0.64386  0.497239  0.000327281  0.22067  0.984143  0.853473  0.494888  0.911454  0.821629  0.970686  0.662285  0.0908134  0.857096  0.642921  
1.96638  1.18917  3.64267  6.04464  1.5821  10.7732  8.44605  9.56551  9.51783  17.1662  5.03911  3.16728  23.0236  8.44326  1.8518  20.4745  19.0852  25.4598  35.0364  36.1353  41.7598  4.12576  40.2584  23.3966  0.983189  0.297292  0.607111  0.75558  0.15821  0.897769  0.60329  0.597844  0.528768  0.858312  0.22905  0.13197  0.885522  0.301545  0.0617267  0.639827  0.56133  0.707216  0.922011  0.903383  0.994281  0.0937673  0.875183  0.487429  
1.41508  0.26477  2.60714  6.48221  4.83899  8.13509  13.1551  2.14009  9.32998  10.265  4.08723  22.6453  13.7  10.3495  12.7169  13.4432  32.5399  8.04498  8.49889  10.8914  40.8598  37.4477  14.4017  1.47109  0.707542  0.0661924  0.434523  0.810277  0.483899  0.677924  0.939647  0.133756  0.518332  0.513249  0.185783  0.943553  0.526924  0.369625  0.423897  0.420099  0.957054  0.223472  0.223655  0.272285  0.972853  0.851085  0.313081  0.0306477  
1.74232  1.44741  4.03528  3.79461  9.68674  4.41567  9.38055  9.66157  3.73965  18.7115  14.8396  1.83392  7.23314  21.2978  8.54535  10.6728  6.00812  10.1986  21.1013  33.6916  41.4091  31.8603  31.5851  41.995  0.871162  0.361852  0.672546  0.474327  0.968674  0.367973  0.67004  0.603848  0.207758  0.935574  0.674526  0.0764134  0.278198  0.760637  0.284845  0.333524  0.176709  0.283295  0.555298  0.842291  0.98593  0.724097  0.686633  0.874896  
1.87976  3.39967  4.19326  4.92777  8.03137  5.78225  11.9176  13.3073  3.47706  3.60898  21.4606  18.8856  7.05466  19.2673  11.0219  26.9576  14.9338  1.53187  32.4034  10.4295  14.4386  38.2158  22.1541  33.5474  0.939882  0.849919  0.698877  0.615971  0.803137  0.481855  0.85126  0.831703  0.19317  0.180449  0.975482  0.786902  0.271333  0.688119  0.367398  0.842426  0.43923  0.0425519  0.85272  0.260737  0.343776  0.868541  0.481612  0.698905  
0.421163  1.64312  4.27618  0.85348  2.64981  2.7362  7.87433  7.10638  5.59666  8.25568  7.44994  23.3765  2.7491  14.3324  0.29617  7.67922  19.3354  35.0832  33.5013  14.5425  36.5476  10.9219  13.4201  16.0263  0.210582  0.410779  0.712697  0.106685  0.264981  0.228016  0.562452  0.444149  0.310926  0.412784  0.338634  0.974022  0.105734  0.511872  0.00987233  0.239976  0.568688  0.974533  0.881612  0.363563  0.87018  0.248225  0.291741  0.333882  
0.05777  2.93729  3.41892  0.637855  7.47955  5.69901  5.89541  13.5764  11.1731  19.0576  21.6972  8.42355  17.0309  20.1689  6.62452  15.8236  9.47298  8.53319  6.6671  23.6052  22.8854  18.771  4.76825  47.0533  0.028885  0.734323  0.569819  0.0797318  0.747955  0.474918  0.421101  0.848527  0.620727  0.95288  0.986236  0.350981  0.655033  0.720318  0.220817  0.494486  0.278617  0.237033  0.17545  0.59013  0.544891  0.426613  0.103658  0.980276  
0.339974  2.07759  1.71446  1.36787  9.41441  2.34587  8.52587  7.7584  6.15345  12.5821  2.17717  17.1116  24.508  4.45274  25.0804  13.3161  9.45556  13.3433  36.461  10.1573  41.8887  37.17  15.1288  5.94412  0.169987  0.519398  0.285743  0.170984  0.941441  0.195489  0.608991  0.4849  0.341858  0.629106  0.0989622  0.712983  0.942615  0.159027  0.836014  0.416129  0.278105  0.370648  0.959499  0.253932  0.997351  0.844772  0.328888  0.123836  
1.45679  1.05769  0.384769  2.41294  0.260769  1.30487  13.5092  12.2552  9.0084  17.1899  8.76092  1.00281  10.0348  20.3723  16.0592  6.26196  7.43276  23.6034  21.8529  14.2628  3.19625  18.528  8.96063  8.43708  0.728394  0.264422  0.0641282  0.301618  0.0260769  0.108739  0.964944  0.765949  0.500467  0.859493  0.398223  0.0417837  0.385954  0.727581  0.535305  0.195686  0.21861  0.655651  0.575075  0.35657  0.0761012  0.42109  0.194796  0.175773  
0.0992758  2.61119  2.31451  3.64612  7.89136  9.05063  8.88071  5.87257  6.23491  17.5321  2.89387  9.93934  21.3847  17.7154  26.1829  0.37236  19.0201  2.30786  13.9156  15.889  17.7205  17.2136  5.28451  30.8724  0.0496379  0.652796  0.385752  0.455765  0.789136  0.754219  0.634337  0.367036  0.346384  0.876605  0.13154  0.414139  0.822489  0.632692  0.872763  0.0116362  0.559414  0.0641073  0.3662  0.397225  0.421917  0.391218  0.114881  0.643175  
0.430877  1.93419  0.221186  2.28909  9.30628  9.79385  0.940256  10.1926  17.2691  6.15038  17.4806  8.54921  16.5354  26.586  24.024  31.6885  15.725  8.76422  26.6435  36.6602  33.7732  13.9238  0.857562  45.2567  0.215438  0.483546  0.0368643  0.286137  0.930628  0.816155  0.0671612  0.637039  0.959392  0.307519  0.794572  0.356217  0.635977  0.949499  0.8008  0.990267  0.462501  0.243451  0.701146  0.916504  0.804125  0.316451  0.0186426  0.942849  
0.953455  2.27695  1.75189  0.310044  5.03867  11.8273  3.56288  2.87057  5.9213  11.3113  21.5809  20.8518  5.69014  15.7823  17.6304  14.5465  32.2125  7.25296  8.18998  36.5584  17.1288  16.4999  34.9176  19.3647  0.476727  0.569239  0.291982  0.0387555  0.503867  0.985607  0.254492  0.179411  0.328961  0.565566  0.980949  0.868826  0.218852  0.563655  0.587679  0.454579  0.947425  0.201471  0.215526  0.913961  0.407828  0.374998  0.759078  0.403432  
0.0322319  1.63001  3.82091  1.32938  8.06704  2.60389  10.0365  8.39065  0.487506  14.631  20.6555  20.9104  11.2726  7.2578  4.11849  22.2296  20.8285  18.1027  17.6288  8.17397  8.85921  1.2911  31.5827  10.701  0.0161159  0.407503  0.636818  0.166173  0.806704  0.216991  0.716893  0.524416  0.0270836  0.731551  0.938888  0.871265  0.43356  0.259207  0.137283  0.694674  0.612602  0.502854  0.463916  0.204349  0.210933  0.0293432  0.686581  0.222937  
0.916375  0.325795  2.48467  7.6483  7.74173  6.24714  10.129  7.42181  17.2125  19.6881  7.38987  13.6962  13.913  12.2392  19.9403  1.47306  21.414  2.13136  26.1083  27.2378  28.9106  27.0278  44.2293  36.6114  0.458188  0.0814487  0.414112  0.956037  0.774173  0.520595  0.723502  0.463863  0.956249  0.984404  0.335903  0.570677  0.535117  0.437114  0.664676  0.0460332  0.629825  0.0592043  0.68706  0.680944  0.688347  0.614267  0.961506  0.762738  
1.86238  3.97284  0.227814  2.36508  0.407978  8.60697  7.94693  1.40267  10.3588  15.4315  15.2537  17.0648  2.73568  24.4356  19.2359  16.6798  1.02629  35.9997  10.4148  1.33252  31.5909  18.9146  21.6191  13.3957  0.931192  0.99321  0.037969  0.295636  0.0407978  0.717247  0.567638  0.0876671  0.575488  0.771575  0.693352  0.711035  0.105218  0.8727  0.641197  0.521244  0.030185  0.999992  0.274074  0.0333131  0.752165  0.429878  0.469981  0.279076  
1.99176  2.08762  2.96541  2.20492  9.13377  7.77834  7.63645  2.0383  15.7329  6.36933  5.34504  22.2657  12.0935  12.7368  13.8597  26.0197  7.95582  21.4984  19.685  19.3103  5.09461  27.9545  43.26  31.5479  0.995881  0.521905  0.494235  0.275614  0.913377  0.648195  0.545461  0.127394  0.874053  0.318467  0.242957  0.927738  0.465136  0.454884  0.46199  0.813117  0.233995  0.597179  0.518027  0.482756  0.1213  0.63533  0.940435  0.657248  
0.201742  1.31484  0.593535  3.74768  9.17572  6.8828  2.91519  13.3879  12.1824  0.766005  4.95862  9.69747  3.67862  6.83339  17.1935  23.9176  10.6567  7.38526  35.8331  19.4747  38.2028  4.06785  22.0624  0.638849  0.100871  0.32871  0.0989225  0.46846  0.917572  0.573566  0.208228  0.836743  0.676799  0.0383003  0.225392  0.404061  0.141485  0.24405  0.573115  0.747426  0.313434  0.205146  0.942977  0.486868  0.90959  0.0924512  0.479617  0.0133093  
1.36426  0.61458  2.84992  0.456526  2.64388  5.38017  9.8901  11.9907  3.66611  18.2217  11.7355  14.3729  19.1058  27.5947  26.191  17.802  12.6801  2.83964  16.8317  7.66834  35.7167  43.626  30.8859  25.7711  0.68213  0.153645  0.474986  0.0570657  0.264388  0.448347  0.706436  0.749419  0.203673  0.911086  0.533434  0.598873  0.734837  0.985526  0.873034  0.556311  0.372944  0.0788788  0.44294  0.191709  0.850398  0.991499  0.671432  0.536897  
0.174727  1.26321  0.274796  5.76116  1.15145  2.46235  3.01026  8.83338  14.5198  7.51676  21.4959  13.237  23.5764  3.53095  2.65199  8.15081  15.3446  19.7725  6.85169  34.4652  35.3245  17.0026  28.943  46.9044  0.0873636  0.315803  0.0457994  0.720145  0.115145  0.205196  0.215019  0.552086  0.806653  0.375838  0.977088  0.551543  0.906786  0.126105  0.0883995  0.254713  0.451311  0.549236  0.180308  0.86163  0.841059  0.386423  0.629197  0.977176  
0.747849  1.69362  2.79822  5.7409  9.63419  0.644597  9.23361  12.7379  6.18868  8.92937  14.6938  12.1198  9.88294  5.7257  11.133  14.2241  5.57999  33.3259  22.6743  29.7621  5.58356  23.1715  34.1758  47.7646  0.373924  0.423406  0.46637  0.717613  0.963419  0.0537164  0.659544  0.796121  0.343815  0.446468  0.6679  0.504991  0.380113  0.204489  0.3711  0.444503  0.164117  0.925719  0.596693  0.744053  0.132942  0.526625  0.742953  0.995095  
1.97638  3.85865  1.23988  6.89516  4.7813  5.94158  4.30331  13.7589  11.584  18.7906  21.015  13.0379  17.1735  12.874  21.0665  11.3809  30.3418  33.3412  0.174142  10.189  35.7221  4.72801  41.2783  37.7673  0.988189  0.964663  0.206646  0.861894  0.47813  0.495132  0.307379  0.859928  0.643557  0.939529  0.955229  0.543244  0.660519  0.459785  0.702216  0.355652  0.892405  0.926145  0.00458268  0.254724  0.850525  0.107455  0.897355  0.786818  
0.0479519  3.54164  5.93646  6.97246  7.97725  0.716795  9.69459  2.1711  12.1277  16.0954  16.9087  6.33296  15.6238  14.8203  3.08748  18.5705  13.2609  10.9737  10.8064  34.1937  10.3124  2.24775  4.84568  47.0386  0.023976  0.88541  0.989411  0.871557  0.797725  0.0597329  0.692471  0.135694  0.673762  0.80477  0.768578  0.263874  0.600916  0.529296  0.102916  0.580327  0.390026  0.304826  0.284379  0.854842  0.245534  0.0510852  0.105341  0.979971  
0.816534  2.70836  1.18392  5.29041  9.43595  1.9647  12.748  11.6039  15.866  3.88679  18.5926  1.17098  16.1978  16.7118  27.6238  22.2695  21.2829  35.6715  24.4502  8.94349  19.4098  31.4139  28.4504  3.33369  0.408267  0.677089  0.19732  0.661301  0.943595  0.163725  0.91057  0.725245  0.881445  0.19434  0.84512  0.0487906  0.622993  0.59685  0.920792  0.695923  0.625967  0.990876  0.643427  0.223587  0.462137  0.713953  0.618488  0.0694519  
2  4  6  8  3.50453  4.20551  4.90225  5.60394  6.3087  6.99685  7.69874  8.40285  9.10647  9.80833  10.5064  11.1919  11.9125  12.5934  13.3053  14.0054  14.7025  15.4096  16.1121  16.8115  1  1  1  1  0.350453  0.350459  0.350161  0.350246  0.350483  0.349842  0.349943  0.350119  0.350249  0.350298  0.350213  0.349746  0.350368  0.349817  0.350141  0.350134  0.350061  0.350218  0.350263  0.35024  
2  4  0  0.0552182  3.49945  4.1991  4.89994  5.60141  6.30478  7.00566  7.69232  8.40973  9.0836  9.80823  10.5107  11.2092  11.8997  12.5993  13.2983  13.9999  14.7156  15.3843  16.0917  16.7897  1  1  0  0.00690228  0.349945  0.349925  0.349996  0.350088  0.350266  0.350283  0.349651  0.350405  0.349369  0.350294  0.350358  0.350289  0.349992  0.349981  0.349954  0.349998  0.350372  0.349644  0.34982  0.349785  
0.0589278  0.0127606  3.63669  5.1922  3.49753  4.20614  4.90078  5.60649  6.30031  7.00637  7.70409  8.38651  9.09409  9.79468  10.5073  11.2028  11.8985  12.5977  13.2933  14.0133  14.7176  15.3898  16.112  16.8029  0.0294639  0.00319014  0.606114  0.649025  0.349753  0.350512  0.350056  0.350405  0.350017  0.350318  0.350186  0.349438  0.349773  0.34981  0.350243  0.350088  0.349956  0.349936  0.349824  0.350333  0.35042  0.349768  0.35026  0.350061  
1.99586  3.97125  5.87736  6.3481  3.50275  4.20362  4.90242  5.60464  6.30744  7.00613  7.69991  8.40071  9.10841  9.80518  10.5009  11.2153  11.9205  12.6105  13.2866  14.0049  14.7114  15.4241  16.105  16.8078  0.99793  0.992812  0.979561  0.793512  0.350275  0.350302  0.350173  0.35029  0.350413  0.350307  0.349996  0.35003  0.350323  0.350185  0.350028  0.35048  0.350604  0.350292  0.349647  0.350122  0.350271  0.350548  0.350109  0.350162  
2  3.96729  5.17034  6.27098  3.50489  4.20739  4.90056  5.60178  6.31386  7.03213  7.70038  8.40015  9.11475  9.81468  10.4986  11.2085  11.9116  12.598  13.2902  14.0013  14.7105  15.421  16.106  16.8065  1  0.991823  0.861724  0.783873  0.350489  0.350616  0.35004  0.350111  0.35077  0.351607  0.350017  0.350006  0.350567  0.350524  0.349954  0.350265  0.350341  0.349943  0.349743  0.350032  0.350251  0.350477  0.350131  0.350135  
1.95827  3.99918  5.34158  6.88707  3.49739  4.19592  4.8948  5.61061  6.28513  6.9829  7.70253  8.41148  9.10948  9.79957  10.4821  11.1596  11.8942  12.6119  13.3819  13.969  14.705  15.3966  16.1139  16.8198  0.979135  0.999796  0.890263  0.860883  0.349739  0.34966  0.349629  0.350663  0.349174  0.349145  0.350115  0.350478  0.350365  0.349985  0.349404  0.348738  0.349829  0.350331  0.352155  0.349224  0.350119  0.349923  0.350303  0.350412  
1.99953  3.97409  3.21275  8  3.51274  4.19979  4.90584  5.60689  6.29893  6.99614  7.68512  8.43005  9.08059  9.83109  10.4924  11.1995  11.9274  12.6024  13.3038  14.0072  14.7214  15.4022  16.1448  16.8456  0.999763  0.993523  0.535459  1  0.351274  0.349982  0.350417  0.350431  0.34994  0.349807  0.349324  0.351252  0.349253  0.351111  0.349746  0.349985  0.350807  0.350066  0.3501  0.350181  0.350508  0.35005  0.350974  0.350949  
1.95575  4  4.74153  6.88707  3.49858  4.20088  4.89197  5.60233  6.30223  6.99004  7.69564  8.39316  9.10995  9.79587  10.5023  11.2064  11.8964  12.5948  13.4001  13.967  14.7153  15.3863  16.127  16.8195  0.977877  1  0.790255  0.860883  0.349858  0.350073  0.349427  0.350145  0.350124  0.349502  0.349802  0.349715  0.350383  0.349853  0.350076  0.350199  0.349893  0.349855  0.352634  0.349175  0.350364  0.349689  0.350587  0.350407  
1.98344  3.96761  5.39078  5.16843  3.50213  4.2158  4.90703  5.61226  6.31386  7.03213  7.70596  8.39551  9.11659  9.82859  10.4873  11.2085  11.8945  12.598  13.2996  14.0013  14.7308  15.4139  16.0972  16.8093  0.991721  0.991902  0.898463  0.646053  0.350213  0.351316  0.350502  0.350766  0.35077  0.351607  0.350271  0.349813  0.350638  0.351021  0.349576  0.350265  0.349839  0.349943  0.34999  0.350032  0.350732  0.350316  0.349939  0.350194  
1.99419  3.8801  6  6.09212  3.503  4.2059  4.90357  5.59772  6.30162  7.0042  7.72559  8.42993  9.11498  9.81983  10.5233  11.248  11.9051  12.6183  13.3215  13.9854  14.6901  15.4903  16.1296  16.831  0.997094  0.970024  1  0.761514  0.3503  0.350492  0.350255  0.349857  0.35009  0.35021  0.351163  0.351247  0.350576  0.350708  0.350778  0.351501  0.35015  0.350508  0.350566  0.349635  0.349765  0.352053  0.350644  0.350647  
1.99075  3.99741  2.53218  8  3.50852  4.19719  4.91273  5.59338  6.33128  6.98616  7.70303  8.41146  9.06762  9.85825  10.5052  11.1966  11.9026  12.6105  13.3098  14.0041  14.6817  15.4421  16.12  16.8219  0.995375  0.999353  0.42203  1  0.350852  0.349766  0.350909  0.349586  0.351738  0.349308  0.350138  0.350478  0.348755  0.35208  0.350174  0.349892  0.350076  0.350292  0.350259  0.350101  0.349565  0.350956  0.350435  0.350457  
1.99828  3.90328  3.3313  8  3.5023  4.20442  4.89777  5.60649  6.31343  7.02419  7.70791  8.40949  9.12903  9.82877  10.5245  11.1913  11.9622  12.5728  13.3288  13.9852  14.6993  15.3991  16.1245  16.8275  0.99914  0.975821  0.555217  1  0.35023  0.350368  0.349841  0.350406  0.350746  0.351209  0.35036  0.350395  0.351117  0.351027  0.350817  0.349727  0.35183  0.349245  0.350757  0.349631  0.349984  0.34998  0.350533  0.350573  
2  3.93079  4.1867  6.0366  3.50297  4.19963  4.93075  5.57895  6.30829  7.01  7.70042  8.40781  9.1085  9.8045  10.5456  11.2455  11.9181  12.5853  13.2415  14.0672  14.6972  15.4028  16.0952  16.8251  1  0.982699  0.697783  0.754574  0.350297  0.349969  0.352197  0.348685  0.35046  0.3505  0.350019  0.350325  0.350327  0.350161  0.351519  0.351423  0.350531  0.349592  0.34846  0.35168  0.349933  0.350063  0.349896  0.350524  
1.98714  3.8807  6  5.34145  3.50315  4.19747  4.89802  5.58798  6.31346  7.01442  7.71487  8.40602  9.08884  9.78765  10.5437  11.1725  11.9601  12.6159  13.3255  14.047  14.7108  15.408  16.1324  16.8359  0.993569  0.970174  1  0.667681  0.350315  0.349789  0.349858  0.349249  0.350748  0.350721  0.350676  0.350251  0.349571  0.349559  0.351455  0.349141  0.351769  0.35044  0.350671  0.351175  0.350257  0.350182  0.350705  0.350748  
1.97379  4  3.55443  6.34649  3.50352  4.20216  4.90489  5.59333  6.30668  7.01219  7.70053  8.40539  9.07111  9.85941  10.5351  11.193  11.9258  12.6165  13.3126  14.0004  14.6804  15.4308  16.1411  16.7863  0.986897  1  0.592405  0.793312  0.350352  0.35018  0.350349  0.349583  0.350371  0.35061  0.350024  0.350225  0.348889  0.352122  0.351171  0.349781  0.350758  0.35046  0.350332  0.350009  0.349534  0.350701  0.350894  0.349714  
1.96439  3.93749  3.38819  8  3.50346  4.20825  4.90145  5.60915  6.28945  6.99984  7.69281  8.42503  9.07341  9.86068  10.5179  11.2313  11.9108  12.5961  13.315  13.9792  14.6842  15.4091  16.1167  16.8198  0.982196  0.984372  0.564698  1  0.350346  0.350688  0.350104  0.350572  0.349414  0.349992  0.349673  0.351043  0.348977  0.352167  0.350596  0.350979  0.350317  0.349892  0.350393  0.349481  0.349625  0.350206  0.350363  0.350412  
1.99679  3.9081  5.74507  3.8459  3.50567  4.20447  4.9031  5.6067  6.29737  7.00371  7.7003  8.40238  9.06926  9.8406  10.4804  11.2158  11.9023  12.5676  13.3385  14.0372  14.663  15.4628  16.1276  16.8321  0.998397  0.977025  0.957512  0.480738  0.350567  0.350372  0.350221  0.350419  0.349854  0.350186  0.350014  0.350099  0.348818  0.35145  0.349346  0.350495  0.350069  0.349099  0.351013  0.350929  0.34912  0.351428  0.350599  0.350668  
1.90615  4  6  6.18452  3.50204  4.20679  4.8864  5.61627  6.31219  6.99331  7.74702  8.45302  9.09713  9.79903  10.4887  11.1923  11.8688  12.6411  13.3271  13.9844  14.7538  15.4719  16.1189  16.8215  0.953073  1  1  0.773065  0.350204  0.350566  0.349029  0.351017  0.350677  0.349666  0.352137  0.352209  0.34989  0.349965  0.349624  0.349759  0.349083  0.351143  0.350714  0.349611  0.35128  0.351633  0.35041  0.350448  
1.99211  3.99927  1.73664  8  3.49844  4.20224  4.90297  5.59715  6.31324  6.99305  7.70685  8.42119  9.10875  9.79119  10.5278  11.2144  11.9634  12.6649  13.2681  13.9702  14.667  15.4595  16.115  16.8224  0.996057  0.999817  0.289439  1  0.349844  0.350187  0.350212  0.349822  0.350736  0.349652  0.350311  0.350883  0.350336  0.349685  0.350926  0.350452  0.351865  0.351803  0.349161  0.349255  0.349215  0.351352  0.350325  0.350467  
1.98284  3.91403  5.76521  3.85037  3.50026  4.19984  4.90221  5.61583  6.3277  6.99173  7.70701  8.4014  9.11756  9.83174  10.4961  11.2308  11.959  12.6606  13.3083  13.9915  14.727  15.3923  16.0947  16.8156  0.991419  0.978507  0.960868  0.481296  0.350026  0.349987  0.350158  0.35099  0.351539  0.349587  0.350319  0.350058  0.350676  0.351134  0.349869  0.350962  0.351736  0.351682  0.350219  0.349788  0.350643  0.349825  0.349886  0.350324  
1.96484  3.99091  2.09793  7.8901  3.50087  4.20132  4.93247  5.62611  6.30624  7.00365  7.7188  8.41562  9.1277  9.82817  10.5267  11.2229  11.8951  12.6029  13.373  14.0735  14.684  15.4459  16.0961  16.8235  0.982419  0.997728  0.349655  0.986262  0.350087  0.35011  0.352319  0.351632  0.350347  0.350182  0.350854  0.350651  0.351065  0.351006  0.350891  0.350714  0.349855  0.350081  0.351922  0.351837  0.349618  0.351044  0.349914  0.35049  
1.91924  3.98853  6  4.56137  3.48938  4.18774  4.90846  5.59873  6.29767  6.99752  7.69068  8.41577  9.10328  9.79423  10.5594  11.169  11.8776  12.6278  13.32  14.0072  14.72  15.3858  16.1947  16.8953  0.959618  0.997133  1  0.570172  0.348938  0.348978  0.350604  0.349921  0.349871  0.349876  0.349576  0.350657  0.350126  0.349794  0.35198  0.349031  0.34934  0.350771  0.350527  0.350181  0.350477  0.349678  0.352059  0.351985  
1.9738  3.99612  1.64849  8  3.50258  4.19913  4.90909  5.61497  6.31396  7.01989  7.68447  8.43581  9.08277  9.8249  10.4778  11.2177  11.8969  12.5986  13.3396  14.0358  14.7002  15.3963  16.1052  16.7972  0.986902  0.99903  0.274748  1  0.350258  0.349927  0.350649  0.350936  0.350775  0.350995  0.349294  0.351492  0.349337  0.350889  0.349261  0.350553  0.349909  0.349961  0.351041  0.350894  0.350004  0.349915  0.350112  0.349942  
1.9227  4  6  3.7321  3.50263  4.19792  4.90381  5.59754  6.31272  7.00738  7.74401  8.44495  9.10022  9.79233  10.4877  11.1921  11.889  12.6117  13.3159  13.9922  14.7529  15.4701  16.0791  16.8353  0.961351  1  1  0.466512  0.350263  0.349827  0.350272  0.349846  0.350707  0.350369  0.352  0.351873  0.350008  0.349726  0.349591  0.349752  0.349677  0.350324  0.350419  0.349806  0.351259  0.351593  0.349546  0.350735  
1.95525  3.97978  5.29065  3.64109  3.49727  4.2115  4.89803  5.61673  6.32766  6.98621  7.73525  8.4148  9.10175  9.80403  10.51  11.2107  11.9255  12.612  13.3255  13.9932  14.7393  15.3549  16.1625  16.7646  0.977625  0.994945  0.881775  0.455136  0.349727  0.350958  0.34986  0.351045  0.351537  0.349311  0.351602  0.350617  0.350067  0.350144  0.350334  0.350335  0.350751  0.350334  0.35067  0.349829  0.350937  0.348974  0.351358  0.349262  
1.86588  2.68861  5.2247  6.94833  3.50079  4.20078  4.90043  5.60051  6.30045  7.0005  7.70068  8.40063  9.10756  9.80837  10.5057  11.2062  11.9057  12.5972  13.2995  14.0001  14.7  15.4027  16.1101  16.8134  0.932941  0.672152  0.870783  0.868541  0.350079  0.350065  0.350031  0.350032  0.350025  0.350025  0.350031  0.350026  0.350291  0.350299  0.350189  0.350194  0.350169  0.349921  0.349987  0.350002  0.35  0.350061  0.35022  0.350279  
2  3.95682  1.2797  8  3.49761  4.20562  4.89235  5.61529  6.30051  7.00308  7.70108  8.40427  9.10792  9.79383  10.502  11.2186  11.9172  12.6182  13.3163  14.0119  14.6977  15.4362  16.1097  16.8054  1  0.989205  0.213283  1  0.349761  0.350468  0.349454  0.350956  0.350029  0.350154  0.350049  0.350178  0.350305  0.34978  0.350067  0.350581  0.350505  0.350506  0.35043  0.350296  0.349945  0.350823  0.350211  0.350113  
1.9307  3.98586  6  3.15312  3.4979  4.19844  4.90351  5.60364  6.33386  7.03761  7.72355  8.44081  9.10995  9.81283  10.4544  11.1542  11.9114  12.6272  13.3051  13.9964  14.6698  15.3689  16.1697  16.863  0.965349  0.996466  1  0.39414  0.34979  0.34987  0.350251  0.350228  0.351881  0.351881  0.35107  0.3517  0.350383  0.350458  0.348481  0.348569  0.350335  0.350757  0.350133  0.34991  0.349282  0.349294  0.351516  0.351312  
2  3.89548  1.63803  8  3.50345  4.19782  4.90843  5.61222  6.30758  6.99798  7.67407  8.46766  9.09809  9.80421  10.5051  11.2227  11.965  12.5694  13.3277  14.0168  14.7631  15.4765  16.1029  16.803  1  0.973869  0.273004  1  0.350345  0.349818  0.350602  0.350764  0.350421  0.349899  0.348821  0.352819  0.349927  0.35015  0.350171  0.350709  0.351912  0.349151  0.35073  0.350421  0.351502  0.351738  0.350064  0.350063  
1.89118  3.99862  6  4.5455  3.50511  4.19872  4.89779  5.59909  6.28688  6.98658  7.68372  8.44097  9.12073  9.83268  10.4962  11.2149  11.9281  12.5842  13.305  14.0049  14.6734  15.4477  16.0729  16.8534  0.945588  0.999656  1  0.568188  0.350511  0.349893  0.349842  0.349943  0.349271  0.349329  0.34926  0.351707  0.350797  0.351167  0.349874  0.350466  0.350826  0.349561  0.350132  0.350122  0.349365  0.351084  0.349411  0.351112  
1.96035  4  1.26296  8  3.49686  4.19398  4.93403  5.62624  6.30285  7.00132  7.7153  8.41287  9.10838  9.82588  10.5211  11.2237  11.9021  12.5996  13.3748  14.0753  14.6774  15.4392  16.1148  16.8174  0.980173  1  0.210493  1  0.349686  0.349498  0.352431  0.35164  0.350158  0.350066  0.350695  0.350536  0.350322  0.350924  0.350703  0.350741  0.350062  0.349989  0.351968  0.351883  0.349461  0.35089  0.350321  0.350363  
1.99187  3.82407  4.29228  5.79283  3.51043  4.1947  4.89669  5.61156  6.30448  6.99439  7.71532  8.39267  9.08673  9.80733  10.4936  11.231  11.8929  12.6029  13.3273  13.9904  14.7223  15.3854  16.1083  16.8102  0.995933  0.956017  0.71538  0.724103  0.351043  0.349558  0.349763  0.350722  0.350249  0.34972  0.350696  0.349695  0.34949  0.350262  0.349788  0.350968  0.349791  0.350082  0.350718  0.34976  0.350531  0.349668  0.350181  0.350212  
2  3.86215  6  2.29251  3.50155  4.19919  4.89686  5.6056  6.28396  7.0357  7.69823  8.40539  9.09711  9.80108  10.5378  11.1956  11.9024  12.6034  13.3131  14.0134  14.711  15.4098  16.2439  16.9546  1  0.965537  1  0.286564  0.350155  0.349933  0.349776  0.35035  0.349109  0.351785  0.34992  0.350225  0.349889  0.350039  0.351259  0.349864  0.350069  0.350095  0.350344  0.350334  0.350263  0.350223  0.353129  0.353221  
1.83692  2.64697  5.34874  7.03775  3.50908  4.21011  4.9004  5.60877  6.32599  7.06282  7.69892  8.40068  9.11763  9.79314  10.5005  11.2059  11.9119  12.618  13.3207  13.974  14.7015  15.4009  16.1159  16.781  0.918462  0.661743  0.891457  0.879718  0.350908  0.350842  0.350028  0.350548  0.351444  0.353141  0.349951  0.350028  0.350678  0.349755  0.350017  0.350184  0.35035  0.3505  0.350544  0.34935  0.350036  0.35002  0.350345  0.349605  
1.99746  3.99204  0.673863  8  3.51748  4.22142  4.90981  5.59489  6.35414  7.05331  7.69737  8.39021  9.11886  9.8255  10.517  11.2148  11.9148  12.6005  13.2916  14.0123  14.7069  15.4343  16.1358  16.8137  0.998731  0.998011  0.11231  1  0.351748  0.351785  0.350701  0.349681  0.353008  0.352666  0.34988  0.349592  0.350725  0.350911  0.350566  0.350464  0.350435  0.350013  0.349779  0.350308  0.350165  0.35078  0.350779  0.350285  
1.99937  3.84798  5.96821  2.29784  3.50457  4.20481  4.89586  5.60999  6.28715  7.02813  7.71579  8.38391  9.12287  9.78901  10.5069  11.2091  11.883  12.5887  13.3081  14.0036  14.7639  15.3677  16.1822  16.8819  0.999683  0.961995  0.994702  0.28723  0.350457  0.350401  0.349705  0.350624  0.349286  0.351407  0.350718  0.349329  0.35088  0.349608  0.35023  0.350283  0.349499  0.349687  0.350212  0.35009  0.351523  0.349267  0.351788  0.351707  
1.9509  4  1.01338  8  3.49461  4.21147  4.89755  5.60656  6.32271  6.98683  7.70533  8.40349  9.09464  9.7947  10.5246  11.1966  11.9106  12.6065  13.31  14.008  14.7087  15.3984  16.2107  16.7402  0.97545  1  0.168897  1  0.349461  0.350956  0.349825  0.35041  0.351262  0.349342  0.350242  0.350146  0.349794  0.349811  0.35082  0.349894  0.350312  0.350181  0.350263  0.3502  0.350206  0.349965  0.352407  0.348753  
1.86452  2.69106  4.81619  5.57946  3.50055  4.20032  4.90085  5.60076  6.30042  7.0003  7.70062  8.39999  9.10783  9.80809  10.5057  11.2061  11.9057  12.5968  13.2996  14.0001  14.7  15.4016  16.1029  16.8088  0.932262  0.672765  0.802698  0.697432  0.350055  0.350026  0.350061  0.350047  0.350024  0.350015  0.350028  0.349999  0.350301  0.350289  0.350189  0.350189  0.350169  0.349911  0.349988  0.350002  0.350001  0.350037  0.350063  0.350184  
1.99457  3.94541  3.98631  3.56368  3.50037  4.20041  4.89757  5.58503  6.28639  6.99068  7.72618  8.38486  9.11032  9.79109  10.4939  11.2152  11.9346  12.6383  13.3029  13.9792  14.8181  15.3349  16.1099  16.796  0.997285  0.986352  0.664386  0.44546  0.350037  0.350034  0.349826  0.349064  0.349244  0.349534  0.35119  0.349369  0.350397  0.349682  0.349797  0.350475  0.351019  0.351063  0.350075  0.349479  0.352811  0.34852  0.350214  0.349917  
1.9499  3.90568  1.91622  8  3.50096  4.20249  4.91756  5.60771  6.29649  6.99583  7.70076  8.41296  9.09734  9.79933  10.5208  11.1911  11.8836  12.5847  13.3437  14.047  14.7058  15.4102  16.1386  16.7545  0.974952  0.976419  0.319369  1  0.350096  0.350207  0.351254  0.350482  0.349805  0.349791  0.350035  0.35054  0.349898  0.349976  0.350693  0.349722  0.349518  0.349576  0.351149  0.351176  0.350138  0.350233  0.35084  0.349053  
2  3.86599  6  1.44167  3.50079  4.20141  4.90765  5.60712  6.31285  7.00699  7.71438  8.40215  9.09543  9.82095  10.4935  11.2139  11.9265  12.6291  13.3019  13.9931  14.7193  15.3923  16.2157  16.9241  1  0.966498  1  0.180208  0.350079  0.350118  0.350546  0.350445  0.350714  0.35035  0.350654  0.350089  0.349824  0.350748  0.349784  0.350434  0.350781  0.350807  0.350049  0.349826  0.350461  0.349826  0.352516  0.352586  
1.84066  2.64631  4.40375  6.55852  3.50314  4.23367  4.89128  5.58833  6.32391  6.98478  7.688  8.38665  9.09902  9.81666  10.5087  11.2118  11.8971  12.5977  13.3324  13.9862  14.6844  15.4435  16.1174  16.8559  0.920329  0.661578  0.733958  0.819815  0.350314  0.352806  0.349377  0.34927  0.351328  0.349239  0.349455  0.349444  0.349962  0.350595  0.350291  0.350369  0.349915  0.349936  0.350852  0.349656  0.349629  0.35099  0.350379  0.351165  
1.99505  3.96238  0.890728  7.24822  3.51548  4.2198  4.90758  5.60514  6.35255  7.0696  7.71076  8.39707  9.11417  9.81612  10.5366  11.2331  11.9018  12.5991  13.3584  13.9782  14.7144  15.3999  16.095  16.8177  0.997525  0.990596  0.148455  0.906028  0.351548  0.35165  0.350542  0.350321  0.352919  0.35348  0.350489  0.349878  0.350545  0.350576  0.351221  0.351035  0.350053  0.349974  0.351536  0.349456  0.350344  0.349998  0.349892  0.35037  
1.99843  3.81647  6  1.97024  3.52957  4.18134  4.90311  5.59801  6.31212  7.01979  7.70847  8.40463  9.10933  9.79478  10.5101  11.1915  11.9167  12.6237  13.3104  14.0112  14.7081  15.4184  16.0587  16.8746  0.999217  0.954119  1  0.24628  0.352957  0.348445  0.350222  0.349876  0.350674  0.35099  0.350385  0.350193  0.350359  0.349814  0.350338  0.349735  0.350492  0.350658  0.350274  0.35028  0.350192  0.350417  0.349103  0.351554  
1.98967  3.89657  4.1494  3.41943  3.50524  4.20081  4.89829  5.59647  6.2897  7.00277  7.70899  8.43512  9.11602  9.81451  10.4879  11.2198  11.9131  12.597  13.2983  14.0026  14.7052  15.409  16.0696  16.8152  0.994837  0.974142  0.691567  0.427428  0.350524  0.350067  0.349878  0.34978  0.349428  0.350139  0.350408  0.351463  0.350616  0.350518  0.349595  0.350618  0.350386  0.349917  0.349955  0.350064  0.350124  0.350204  0.34934  0.350317  
1.83549  2.68618  4.69259  5.2408  3.50472  4.20029  4.90999  5.59582  6.33355  7.03278  7.68751  8.38669  9.10748  9.78801  10.5023  11.2171  11.9055  12.6174  13.3303  13.9918  14.7039  15.3987  16.0858  16.8652  0.917746  0.671544  0.782099  0.6551  0.350472  0.350024  0.350714  0.349739  0.351864  0.351639  0.349432  0.349445  0.350288  0.349572  0.350078  0.350533  0.350161  0.350483  0.350798  0.349794  0.350092  0.349971  0.349691  0.351359  
1.95389  4  2.24549  5.45484  3.49206  4.22164  4.91792  5.62134  6.33578  7.03213  7.71973  8.41049  9.11299  9.8233  10.5017  11.199  11.924  12.5855  13.2898  14.0099  14.7137  15.4431  16.0945  16.829  0.976946  1  0.374249  0.681855  0.349206  0.351804  0.35128  0.351334  0.351988  0.351606  0.350897  0.350437  0.3505  0.350832  0.350055  0.349968  0.350705  0.349597  0.349732  0.350248  0.350326  0.350979  0.349881  0.350604  
1.8644  2.69142  4.40198  5.21412  3.50041  4.20001  4.90102  5.60089  6.30042  7.00056  7.70059  8.40021  9.10786  9.8081  10.5057  11.2059  11.9058  12.5965  13.2999  14.0003  14.7001  15.4016  16.1048  16.8086  0.932198  0.672856  0.733664  0.651765  0.350041  0.350001  0.350073  0.350056  0.350023  0.350028  0.350027  0.350009  0.350302  0.350289  0.35019  0.350186  0.350169  0.349903  0.349997  0.350009  0.350001  0.350037  0.350104  0.35018  
1.98511  3.86599  5.73536  1.44367  3.5016  4.20181  4.91639  5.58994  6.29688  7.00559  7.7047  8.39565  9.11529  9.80654  10.4792  11.18  11.9058  12.5738  13.3391  14.0598  14.7194  15.3758  16.2201  16.915  0.992553  0.966498  0.955894  0.180459  0.35016  0.350151  0.351171  0.349371  0.349827  0.35028  0.350214  0.349819  0.350588  0.350233  0.349307  0.349376  0.350169  0.349271  0.351029  0.351496  0.350463  0.34945  0.352611  0.352396  
1.10037  3.99775  5.99799  5.19321  3.5116  4.20871  4.89272  5.60978  6.29983  6.9997  7.77251  8.41766  9.11203  9.80018  10.4787  11.2219  11.898  12.6058  13.2868  14.016  14.7569  15.4613  16.1436  16.8501  0.550184  0.999437  0.999665  0.649151  0.35116  0.350726  0.34948  0.350611  0.34999  0.349985  0.353296  0.350736  0.350463  0.350006  0.349289  0.350683  0.349941  0.350162  0.349653  0.3504  0.351355  0.351393  0.350949  0.351045  
1.98165  3.99979  1.43585  5.86159  3.49942  4.20137  4.89751  5.60423  6.30284  7.00204  7.68961  8.4096  9.10378  9.80891  10.5282  11.1822  11.929  12.6044  13.3657  14.0317  14.6678  15.3849  16.1374  16.7815  0.990823  0.999946  0.239309  0.732699  0.349942  0.350114  0.349822  0.350264  0.350158  0.350102  0.349528  0.3504  0.350146  0.350318  0.350939  0.349443  0.350853  0.350121  0.35173  0.350793  0.349232  0.349657  0.350814  0.349615  
1.94621  3.91099  0.945807  8  3.51264  4.22064  4.90692  5.61711  6.3238  7.02487  7.71362  8.41645  9.13945  9.86628  10.5075  11.207  11.9061  12.6063  13.3324  14.0425  14.6824  15.4339  16.1534  16.8068  0.973103  0.977747  0.157635  1  0.351264  0.35172  0.350494  0.351069  0.351322  0.351243  0.350619  0.350686  0.351517  0.352367  0.350251  0.35022  0.350178  0.350176  0.350853  0.351063  0.34958  0.350769  0.35116  0.350142  
2  3.8738  6  0.272616  3.50898  4.19326  4.90282  5.60686  6.30638  7.00248  7.71366  8.40203  9.10167  9.80665  10.5072  11.1973  11.9001  12.6015  13.3152  13.9974  14.6951  15.4079  16.1106  16.8167  1  0.968449  1  0.034077  0.350898  0.349438  0.350201  0.350429  0.350355  0.350124  0.350621  0.350085  0.350064  0.350237  0.350241  0.349915  0.350003  0.350041  0.350401  0.349936  0.349883  0.350179  0.35023  0.350349  
1.83293  2.6471  4.89457  4.17693  3.50458  4.20702  4.90659  5.59843  6.33663  7.05367  7.69859  8.39547  9.11504  9.8013  10.5058  11.1985  11.9031  12.6052  13.3139  14.014  14.7322  15.4295  16.0787  16.8406  0.916466  0.661775  0.815762  0.522117  0.350458  0.350585  0.350471  0.349902  0.352035  0.352683  0.349936  0.349811  0.350578  0.350046  0.350194  0.349954  0.350091  0.350145  0.350365  0.350351  0.350767  0.350671  0.349537  0.350845  
1.95527  4  1.74013  5.45484  3.50341  4.20505  4.90266  5.60631  6.29344  7.01589  7.70096  8.40373  9.10618  9.79228  10.5223  11.2023  11.9664  12.6734  13.3783  14.0557  14.6918  15.4015  16.1042  16.8255  0.977634  1  0.290022  0.681855  0.350341  0.350421  0.35019  0.350394  0.349635  0.350795  0.350044  0.350155  0.350238  0.349724  0.350743  0.35007  0.351953  0.352038  0.35206  0.351392  0.349805  0.350034  0.350091  0.350532  
1.86452  2.69142  4.40198  3.85384  3.50055  4.20018  4.90085  5.60083  6.30041  7.00056  7.70057  8.39987  9.10786  9.80805  10.5057  11.206  11.9057  12.5965  13.2999  14.0003  14.7  15.4016  16.1029  16.8086  0.932262  0.672856  0.733664  0.48173  0.350055  0.350015  0.350061  0.350052  0.350023  0.350028  0.350026  0.349995  0.350302  0.350288  0.350189  0.350189  0.350169  0.349903  0.349997  0.350006  0.350001  0.350037  0.350063  0.35018  
1.99215  3.84665  5.96821  0.424316  3.49906  4.19804  4.89789  5.6012  6.30402  7.00902  7.71028  8.39141  9.09987  9.80268  10.5502  11.1811  11.9101  12.574  13.3366  13.9681  14.7131  15.427  16.1549  16.8653  0.996076  0.961663  0.994702  0.0530395  0.349906  0.349837  0.34985  0.350075  0.350223  0.350451  0.350467  0.349642  0.349995  0.350096  0.351673  0.34941  0.350297  0.349278  0.350963  0.349203  0.350311  0.350613  0.351194  0.351361  
1.09589  3.97984  6  4.09296  3.501  4.20588  4.89262  5.58888  6.31581  6.99135  7.68923  8.42312  9.12764  9.79448  10.4941  11.1846  11.8769  12.5702  13.3023  14.0037  14.7442  15.4523  16.1493  16.8594  0.547944  0.994959  1  0.51162  0.3501  0.35049  0.349473  0.349305  0.350879  0.349568  0.34951  0.350963  0.351063  0.349803  0.349803  0.34952  0.349321  0.349173  0.350061  0.350093  0.351053  0.351188  0.351071  0.351237  
1.99983  3.93081  2.50324  3.97752  3.52018  4.22731  4.91177  5.61364  6.30531  6.99676  7.72557  8.38503  9.13921  9.83248  10.4896  11.2167  11.8963  12.5962  13.3415  13.9675  14.7075  15.3898  16.0429  16.7467  0.999914  0.982703  0.417207  0.49719  0.352018  0.352276  0.350841  0.350852  0.350295  0.349838  0.351162  0.349376  0.351508  0.35116  0.349655  0.350521  0.349891  0.349893  0.351091  0.349188  0.350178  0.349769  0.348758  0.348889  
1.86395  2.69228  4.08303  4.2042  3.50033  4.19987  4.90107  5.60097  6.30041  7.0009  7.70058  8.40039  9.10784  9.80792  10.5057  11.2059  11.9058  12.5963  13.2999  14.0005  14.7001  15.4016  16.1036  16.8095  0.931975  0.67307  0.680506  0.525525  0.350033  0.349989  0.350076  0.35006  0.350023  0.350045  0.350026  0.350016  0.350302  0.350283  0.350191  0.350185  0.350169  0.349896  0.349997  0.350014  0.350002  0.350037  0.350077  0.350199  
1.99697  3.84925  4.80596  1.44367  3.50261  4.19979  4.89357  5.59246  6.34469  7.05001  7.71933  8.4055  9.10772  9.81478  10.5138  11.2163  11.9023  12.6061  13.2699  14.0511  14.7597  15.4364  16.1321  16.8123  0.998486  0.962313  0.800994  0.180459  0.350261  0.349983  0.349541  0.349529  0.352483  0.352501  0.350879  0.350229  0.350297  0.350528  0.350458  0.350508  0.350067  0.35017  0.349207  0.351279  0.351422  0.350827  0.350697  0.350256  
1.5507  3.10156  2.58093  7.40004  3.51844  4.19136  4.90327  5.59774  6.33658  7.03357  7.66759  8.43383  9.09888  9.80098  10.4695  11.2683  11.9208  12.6665  13.3545  13.9692  14.7341  15.4873  16.0963  16.814  0.775349  0.775389  0.430155  0.925005  0.351844  0.34928  0.350233  0.349859  0.352032  0.351678  0.348527  0.35141  0.349957  0.350035  0.348984  0.352135  0.350613  0.351846  0.351435  0.34923  0.350813  0.351985  0.349919  0.350292  
1.95975  3.96115  2.95301  3.37628  3.50868  4.19548  4.90674  5.60606  6.29732  6.99227  7.71456  8.39691  9.13678  9.77692  10.5024  11.208  12.0064  12.704  13.3128  14.0335  14.7479  15.4219  16.0945  16.8087  0.979877  0.990287  0.492168  0.422035  0.350868  0.349623  0.350482  0.350379  0.349851  0.349613  0.350662  0.349871  0.351415  0.349176  0.350079  0.350251  0.35313  0.352888  0.350338  0.350837  0.35114  0.350498  0.34988  0.350181  
1.78407  2.72588  5.99413  1.45719  3.51673  4.20218  4.90136  5.59803  6.3121  7.00926  7.68249  8.4144  9.10656  9.79447  10.5521  11.1722  11.877  12.638  13.3766  13.9523  14.7412  15.3775  16.028  16.9173  0.892035  0.681471  0.999022  0.182149  0.351673  0.350182  0.350097  0.349877  0.350672  0.350463  0.349204  0.3506  0.350252  0.349802  0.351738  0.349131  0.349323  0.351054  0.352015  0.348806  0.35098  0.349488  0.348435  0.352443  
1.99882  3.79768  4.13539  2.46838  3.51752  4.19239  4.90348  5.61294  6.29469  6.99474  7.70828  8.40749  9.09649  9.79034  10.5438  11.2229  11.8809  12.6647  13.3341  14.0694  14.6912  15.4125  16.0785  16.7855  0.99941  0.949419  0.689231  0.308548  0.351752  0.349366  0.350249  0.350809  0.349705  0.349737  0.350376  0.350312  0.349865  0.349655  0.35146  0.350717  0.349438  0.351798  0.350896  0.351735  0.34979  0.350284  0.349532  0.349698  
1.38056  1.97229  5.03772  7.02839  3.49221  4.21459  4.91084  5.59146  6.29262  6.9969  7.71181  8.42391  9.09358  9.79003  10.521  11.2185  11.9135  12.6116  13.3015  14.0092  14.7296  15.4287  16.0849  16.8365  0.690278  0.493074  0.839619  0.878549  0.349221  0.351216  0.350774  0.349466  0.34959  0.349845  0.350537  0.350996  0.349753  0.349644  0.3507  0.350577  0.350396  0.350322  0.350039  0.35023  0.350705  0.350652  0.349671  0.350759  
2  3.99053  0  6.44926  3.49836  4.2039  4.90016  5.60503  6.30116  7.00005  7.70116  8.3953  9.12407  9.76985  10.5204  11.2456  11.939  12.5845  13.3243  14.0404  14.7356  15.441  16.1656  16.7915  1  0.997632  0  0.806157  0.349836  0.350325  0.350011  0.350314  0.350064  0.350002  0.350053  0.349804  0.350926  0.348923  0.35068  0.351426  0.351147  0.34957  0.35064  0.351011  0.350846  0.350933  0.351426  0.349822  
1.86519  2.68998  3.94174  2.90362  3.50046  4.19997  4.90099  5.60091  6.3004  7.00042  7.7005  8.39935  9.10799  9.80846  10.5056  11.206  11.9057  12.5963  13.2999  14.0004  14.7  15.4021  16.0982  16.806  0.932595  0.672495  0.656957  0.362952  0.350046  0.349997  0.350071  0.350057  0.350022  0.350021  0.350023  0.349973  0.350307  0.350302  0.350188  0.350186  0.350168  0.349896  0.349998  0.35001  0.349999  0.350048  0.349962  0.350124  
1.99511  3.87477  5.1547  0  3.50345  4.19883  4.9088  5.59177  6.3206  6.9876  7.75792  8.36479  9.10184  9.78953  10.5054  11.1967  11.9104  12.59  13.2916  13.9815  14.7341  15.4212  16.0867  16.8131  0.997557  0.968692  0.859117  0  0.350345  0.349903  0.350629  0.349486  0.351144  0.34938  0.352633  0.348533  0.350071  0.349626  0.350182  0.349896  0.350306  0.349722  0.349778  0.349538  0.350811  0.350481  0.349712  0.350274  
1.80693  2.61905  6  1.13076  3.50135  4.19927  4.95927  5.56503  6.30779  6.9989  7.70793  8.39357  9.11187  9.80656  10.5443  11.177  11.8793  12.5831  13.2839  14.0436  14.6957  15.4219  16.1132  16.8045  0.903463  0.654762  1  0.141345  0.350135  0.349939  0.354233  0.347814  0.350433  0.349945  0.35036  0.349732  0.350456  0.350234  0.351477  0.349283  0.349391  0.34953  0.349576  0.35109  0.349898  0.350497  0.350288  0.350093  
1.95567  4  1.74013  4.05349  3.49964  4.19613  4.89958  5.6046  6.30393  7.00446  7.69143  8.40603  9.09987  9.80186  10.5237  11.1947  11.9686  12.6871  13.3585  14.0321  14.6996  15.4069  16.0655  16.8807  0.977836  1  0.290022  0.506686  0.349964  0.349678  0.34997  0.350287  0.350218  0.350223  0.34961  0.350251  0.349995  0.350066  0.350791  0.349835  0.352018  0.352421  0.351541  0.350803  0.349991  0.350157  0.34925  0.351682  
1.8163  2.69593  2.91928  4.17693  3.50597  4.20879  4.92158  5.58745  6.31162  7.03952  7.70752  8.3912  9.07642  9.84294  10.5447  11.2424  11.9001  12.6063  13.3108  13.996  14.7014  15.4086  16.0749  16.848  0.908149  0.673984  0.486546  0.522117  0.350597  0.350733  0.351541  0.349216  0.350646  0.351976  0.350342  0.349633  0.349093  0.351534  0.351491  0.351324  0.350003  0.350176  0.350285  0.3499  0.350034  0.350195  0.349454  0.350999  
1.99583  3.82144  3.41852  2.3251  3.49853  4.20288  4.91587  5.63195  6.2973  6.99256  7.75427  8.36475  9.10128  9.80592  10.5685  11.1625  11.8556  12.6926  13.2841  14.0226  14.7491  15.3553  16.1216  16.7954  0.997913  0.95536  0.569753  0.290638  0.349853  0.35024  0.351133  0.351997  0.34985  0.349628  0.352467  0.348531  0.350049  0.350211  0.352282  0.348827  0.348693  0.352572  0.349583  0.350565  0.351169  0.348983  0.350469  0.349903  
1.3414  2.14366  4.45898  3.9671  3.50159  4.20192  4.90052  5.60016  6.30043  7.00126  7.70077  8.40092  9.10731  9.80811  10.5054  11.2063  11.9046  12.597  13.2999  14.0005  14.7018  15.4023  16.1138  16.8149  0.670701  0.535914  0.743163  0.495888  0.350159  0.35016  0.350037  0.35001  0.350024  0.350063  0.350035  0.350038  0.350281  0.35029  0.350181  0.350195  0.350135  0.349917  0.349998  0.350013  0.350042  0.350053  0.350299  0.350311  
1.98103  3.9758  0  5.86159  3.50981  4.19368  4.90778  5.60963  6.29322  7.00878  7.70351  8.40389  9.12092  9.83549  10.4986  11.2036  11.9135  12.621  13.3913  14.0384  14.6609  15.3657  16.0701  16.7668  0.990516  0.993951  0  0.732699  0.350981  0.349473  0.350556  0.350602  0.349623  0.350439  0.350159  0.350162  0.350804  0.351268  0.349955  0.350113  0.350396  0.350584  0.352402  0.35096  0.349069  0.349221  0.34935  0.349308  
1.83511  2.69872  3.76337  2.30914  3.49804  4.19846  4.91712  5.59454  6.34317  7.03845  7.68012  8.38455  9.09174  9.82143  10.5147  11.2023  11.8981  12.6129  13.3005  14.0153  14.7214  15.4371  16.069  16.8725  0.917553  0.67468  0.627229  0.288643  0.349804  0.349872  0.351223  0.349659  0.352398  0.351922  0.349096  0.349356  0.349682  0.350765  0.35049  0.350073  0.349943  0.350357  0.350012  0.350384  0.350509  0.350844  0.349327  0.351509  
1.95028  3.92846  0.943602  5.02124  3.50697  4.20916  4.89493  5.59429  6.29258  6.99865  7.69045  8.41595  9.04773  9.90996  10.5249  11.2198  11.8896  12.6112  13.321  13.9745  14.7194  15.4215  16.1085  16.8056  0.97514  0.982115  0.157267  0.627655  0.350697  0.350763  0.349638  0.349643  0.349588  0.349932  0.349566  0.350664  0.34799  0.353927  0.350832  0.350618  0.349695  0.350311  0.350553  0.349361  0.350463  0.350488  0.350185  0.350117  
1.3422  2.14186  4.33552  3.72443  3.50163  4.20197  4.90045  5.60013  6.30043  7.00094  7.70073  8.4003  9.10739  9.80846  10.5054  11.2062  11.9045  12.5971  13.2999  14.0004  14.7017  15.4027  16.1118  16.8133  0.671102  0.535465  0.722587  0.465554  0.350163  0.350164  0.350032  0.350008  0.350024  0.350047  0.350033  0.350013  0.350284  0.350302  0.350179  0.350195  0.350133  0.34992  0.349996  0.35001  0.35004  0.350061  0.350257  0.350276  
1.99867  3.87788  1.38976  3.87925  3.5062  4.20345  4.90239  5.61326  6.31815  6.98874  7.73664  8.42706  9.11807  9.82872  10.5317  11.2213  11.9055  12.6162  13.3031  14.025  14.7092  15.4112  16.1218  16.8093  0.999335  0.969471  0.231627  0.484907  0.35062  0.350287  0.350171  0.350829  0.351008  0.349437  0.351665  0.351127  0.350695  0.351026  0.351056  0.350667  0.350162  0.350449  0.350082  0.350624  0.350219  0.350254  0.350474  0.350195  
1.7752  2.6649  5.69787  0  3.50497  4.1941  4.93537  5.57363  6.30861  6.99574  7.69109  8.4201  9.12094  9.82257  10.502  11.2075  11.8941  12.5705  13.3341  14.0298  14.6951  15.3832  16.0667  16.8632  0.887599  0.666224  0.949645  0  0.350497  0.349509  0.352527  0.348352  0.350479  0.349787  0.349595  0.350837  0.350806  0.350806  0.350068  0.350235  0.349825  0.34918  0.350898  0.350744  0.349884  0.349618  0.349276  0.351317  
1.86502  2.69008  4.28017  0.225924  3.50079  4.20044  4.90084  5.60072  6.3004  7.00067  7.7005  8.39944  9.10798  9.80809  10.5056  11.206  11.9057  12.5966  13.2996  14.0003  14.7  15.403  16.1048  16.8054  0.932508  0.672521  0.713361  0.0282405  0.350079  0.350036  0.35006  0.350045  0.350022  0.350033  0.350023  0.349977  0.350307  0.350289  0.350186  0.350188  0.350169  0.349906  0.34999  0.350009  0.349999  0.350068  0.350103  0.350113  
1.33971  1.88222  3.77669  5.80154  3.50207  4.20765  4.89985  5.59854  6.2895  6.9806  7.70507  8.39893  9.11802  9.78526  10.4937  11.205  11.8994  12.5906  13.3075  14.0188  14.7576  15.409  16.0441  16.7821  0.669856  0.470556  0.629448  0.725192  0.350207  0.350637  0.349989  0.349909  0.349417  0.34903  0.35023  0.349955  0.350693  0.349473  0.34979  0.350155  0.349983  0.349739  0.350196  0.350471  0.351372  0.350204  0.348785  0.349627  
1.97751  3.99853  0.457642  4.33855  3.50311  4.20359  4.90033  5.6003  6.3238  6.98444  7.70816  8.39389  9.10678  9.81179  10.5168  11.2139  11.9035  12.5963  13.2998  14.0021  14.7614  15.4309  16.1405  16.8079  0.988756  0.999633  0.0762737  0.542319  0.350311  0.350299  0.350024  0.350019  0.351322  0.349222  0.350371  0.349745  0.350261  0.350421  0.350558  0.350434  0.350102  0.349897  0.349996  0.350054  0.351461  0.350702  0.35088  0.350165  
1.86874  2.58917  4.11467  0.732611  3.50888  4.19573  4.90552  5.59912  6.3183  7.02184  7.70058  8.40074  9.09301  9.8092  10.4839  11.2284  11.8729  12.5917  13.2893  14.0035  14.7355  15.4258  16.0744  16.8396  0.934369  0.647291  0.685779  0.0915764  0.350888  0.349644  0.350394  0.349945  0.351016  0.351092  0.350026  0.350031  0.349731  0.350329  0.349463  0.350887  0.349202  0.349769  0.349718  0.350088  0.350846  0.350587  0.349444  0.350824  
1.9405  3.94453  2.96668  1.28643  3.49699  4.2067  4.90035  5.60202  6.30751  7.01111  7.73727  8.39975  9.11362  9.81505  10.5682  11.1655  11.8912  12.6174  13.3305  14.0294  14.7266  15.4482  16.1429  16.8659  0.970252  0.986133  0.494446  0.160804  0.349699  0.350558  0.350025  0.350126  0.350417  0.350555  0.351694  0.34999  0.350524  0.350538  0.352275  0.348921  0.349741  0.350485  0.350804  0.350734  0.350633  0.351095  0.350932  0.351373  
1.34182  2.14341  4.49986  2.12647  3.50195  4.20244  4.9004  5.59993  6.30044  7.00175  7.70081  8.40103  9.10691  9.8079  10.5053  11.2063  11.904  12.5974  13.2999  14.0002  14.7017  15.4027  16.1133  16.8136  0.670909  0.535853  0.749976  0.265809  0.350195  0.350203  0.350028  0.349996  0.350024  0.350088  0.350037  0.350043  0.350266  0.350282  0.350178  0.350196  0.350118  0.349929  0.349996  0.350006  0.350041  0.350061  0.35029  0.350283  
1.93885  4  0  4.6688  3.48794  4.22268  4.90536  5.59647  6.31579  7.00074  7.7098  8.42026  9.14278  9.85244  10.5077  11.1934  11.9475  12.6608  13.322  14.0351  14.715  15.3918  16.0873  16.8161  0.969423  1  0  0.583601  0.348794  0.35189  0.350383  0.349779  0.350877  0.350037  0.350445  0.350844  0.351645  0.351873  0.350257  0.349795  0.351397  0.351689  0.350578  0.350878  0.350358  0.349813  0.349724  0.350336  
1.82982  2.51997  4.1028  0.751334  3.49623  4.20993  4.88988  5.58859  6.30946  7.00597  7.71607  8.4152  9.08113  9.83827  10.4797  11.2445  11.8871  12.588  13.3277  13.9806  14.6935  15.3969  16.1721  16.7894  0.914911  0.629993  0.683799  0.0939168  0.349623  0.350828  0.349277  0.349287  0.350525  0.350298  0.350731  0.350634  0.349274  0.351367  0.349323  0.351391  0.349622  0.349666  0.35073  0.349514  0.349846  0.34993  0.351567  0.349778  
1.86409  2.69231  3.43482  0.284481  3.50024  4.19984  4.90103  5.60099  6.30038  7.0013  7.70046  8.39986  9.10795  9.80784  10.5057  11.2059  11.9057  12.5959  13.3007  14.0008  14.7001  15.4016  16.0985  16.8076  0.932044  0.673077  0.572471  0.0355601  0.350024  0.349987  0.350073  0.350062  0.350021  0.350065  0.350021  0.349994  0.350306  0.35028  0.350189  0.350185  0.350169  0.349886  0.350019  0.35002  0.350002  0.350037  0.349968  0.350159  
0.991159  1.25707  2.84766  4.69766  3.50074  4.2003  4.90342  5.60369  6.2999  7.00101  7.70006  8.40513  9.1078  9.80641  10.5003  11.2059  11.9059  12.5982  13.3007  14.0006  14.7076  15.3973  16.1088  16.8078  0.49558  0.314268  0.47461  0.587207  0.350074  0.350025  0.350244  0.350231  0.349995  0.35005  0.350003  0.350214  0.3503  0.350229  0.35001  0.350185  0.350173  0.34995  0.350019  0.350016  0.35018  0.349938  0.35019  0.350163  
1.99933  3.90619  2.84963  0.118112  3.49518  4.20066  4.90047  5.60333  6.29743  6.99358  7.70266  8.39299  9.13771  9.85335  10.563  11.2341  11.8799  12.6204  13.3146  14.0102  14.7634  15.4449  16.0714  16.8462  0.999665  0.976547  0.474938  0.014764  0.349518  0.350055  0.350034  0.350208  0.349857  0.349679  0.350121  0.349708  0.35145  0.351905  0.3521  0.351067  0.349409  0.350566  0.350386  0.350254  0.35151  0.351022  0.349379  0.350964  
1.80805  2.58118  2.80491  1.34937  3.50443  4.20754  4.90102  5.5965  6.31102  7.0071  7.71439  8.41097  9.09108  9.81303  10.4875  11.2268  11.9037  12.6044  13.3448  14.0231  14.7043  15.4122  16.1593  16.7868  0.904024  0.645294  0.467484  0.168671  0.350443  0.350629  0.350073  0.349781  0.350612  0.350355  0.350654  0.350457  0.349657  0.350465  0.349583  0.350839  0.350109  0.350122  0.35118  0.350577  0.350102  0.350278  0.351289  0.349726  
1.86399  2.69246  3.21872  0.284481  3.50024  4.19963  4.90111  5.60109  6.30038  7.0013  7.70046  8.39986  9.10795  9.80798  10.5057  11.2059  11.9057  12.5956  13.3009  14.0009  14.7001  15.4012  16.0953  16.8081  0.931997  0.673115  0.536453  0.0355601  0.350024  0.349969  0.35008  0.350068  0.350021  0.350065  0.350021  0.349994  0.350306  0.350285  0.35019  0.350185  0.350169  0.349879  0.350023  0.350022  0.350002  0.350028  0.349898  0.350168  
1.60286  1.32259  4.00382  1.0969  3.48466  4.23083  4.91573  5.61968  6.30211  7.02383  7.722  8.40651  9.12346  9.80915  10.5695  11.2471  11.9271  12.6042  13.3502  13.9804  14.719  15.3904  16.1491  16.7611  0.80143  0.330648  0.667303  0.137113  0.348466  0.352569  0.351123  0.35123  0.350117  0.351192  0.351  0.350271  0.350902  0.350327  0.352316  0.351472  0.350798  0.350117  0.351322  0.349509  0.350453  0.349782  0.351068  0.34919  
1.99948  3.82919  0.00126016  3.28346  3.49954  4.20121  4.91979  5.61805  6.2882  6.99427  7.76554  8.46816  9.10939  9.83586  10.5421  11.2389  11.9836  12.7099  13.295  14.0087  14.747  15.4589  16.1047  16.8292  0.999738  0.957298  0.000210027  0.410433  0.349954  0.3501  0.351414  0.351128  0.349344  0.349714  0.352979  0.35284  0.350361  0.351281  0.351404  0.351215  0.35246  0.353054  0.349869  0.350218  0.35112  0.35134  0.350102  0.350608  
1.48298  1.79759  3.42995  0  3.50874  4.19449  4.89822  5.60776  6.30905  7.00373  7.70471  8.41591  9.09691  9.80361  10.5013  11.1963  11.9036  12.5975  13.2805  13.9837  14.7375  15.3849  16.0911  16.8301  0.74149  0.449397  0.571658  0  0.350874  0.349541  0.349873  0.350485  0.350503  0.350187  0.350214  0.350663  0.349881  0.350129  0.350042  0.349885  0.350106  0.349932  0.349486  0.349592  0.350893  0.349658  0.349806  0.350628  
1.89347  2.46855  0  3.17616  3.499  4.19942  4.89398  5.60431  6.31434  7.0138  7.6924  8.42163  9.08716  9.82923  10.5517  11.2718  11.925  12.6225  13.3928  14.1426  14.7243  15.4018  16.0807  16.7763  0.946735  0.617137  0  0.39702  0.3499  0.349952  0.34957  0.35027  0.350797  0.35069  0.349654  0.350901  0.349506  0.351044  0.351725  0.352243  0.350735  0.350624  0.352442  0.353566  0.350578  0.35004  0.349581  0.349507  
0.56136  0.553821  0.882087  4.71141  3.50116  4.2001  4.90496  5.60524  6.29962  7.00068  7.69858  8.40435  9.10548  9.80386  10.4961  11.2047  11.8993  12.5997  13.305  14.0118  14.7101  15.3948  16.099  16.802  0.28068  0.138455  0.147014  0.588926  0.350116  0.350008  0.350354  0.350328  0.349979  0.350034  0.349935  0.350181  0.350211  0.350138  0.349871  0.350146  0.349979  0.349991  0.350132  0.350295  0.35024  0.349882  0.349978  0.350041  
1.99741  3.96114  1.13088  0.143518  3.50838  4.21258  4.89833  5.60999  6.30379  6.99682  7.69543  8.39971  9.12987  9.82715  10.5  11.2075  11.9058  12.611  13.267  14.0511  14.7137  15.4326  16.0784  16.8133  0.998703  0.990284  0.18848  0.0179397  0.350838  0.351048  0.349881  0.350624  0.35021  0.349841  0.349792  0.349988  0.351149  0.350969  0.35  0.350233  0.350172  0.350306  0.349131  0.351278  0.350327  0.350741  0.349529  0.350277  
1.34227  2.14224  1.14683  0  3.50262  4.2034  4.90304  5.59996  6.30057  7.00425  7.69783  8.39596  9.10342  9.80289  10.5012  11.2046  11.9013  12.5988  13.3044  14.002  14.6987  15.3972  16.0912  16.8179  0.671133  0.535561  0.191139  0  0.350262  0.350283  0.350217  0.349998  0.350031  0.350212  0.349901  0.349832  0.350132  0.350103  0.350041  0.350143  0.350037  0.349966  0.350116  0.35005  0.349968  0.349935  0.349808  0.350372  
